{
    "steps": [
        {
            "step": 0,
            "train_loss": 0.05361528322100639,
            "actions_pred1": [
                [
                    [
                        -0.29221904277801514,
                        -0.2910773754119873,
                        0.7052385807037354,
                        0.3353455662727356
                    ],
                    [
                        -0.21520566940307617,
                        -0.14562636613845825,
                        0.6986375451087952,
                        0.4619882106781006
                    ],
                    [
                        -0.2033601701259613,
                        -0.09972498565912247,
                        0.6941108703613281,
                        0.5942249894142151
                    ],
                    [
                        -0.15215134620666504,
                        -0.04163032025098801,
                        0.7185236215591431,
                        0.576219379901886
                    ],
                    [
                        -0.2950799763202667,
                        0.05540856719017029,
                        0.7428200840950012,
                        0.46772095561027527
                    ],
                    [
                        -0.24213144183158875,
                        0.11398748308420181,
                        0.7829179763793945,
                        0.41538989543914795
                    ],
                    [
                        -0.2866148352622986,
                        0.08937560021877289,
                        0.8404613733291626,
                        0.396078497171402
                    ],
                    [
                        -0.3008444905281067,
                        0.04367884621024132,
                        0.8349323272705078,
                        0.4760141968727112
                    ],
                    [
                        -0.39338168501853943,
                        0.17555640637874603,
                        0.8083279132843018,
                        0.4996785819530487
                    ],
                    [
                        -0.30272620916366577,
                        0.0057128071784973145,
                        0.8133605122566223,
                        0.6174501180648804
                    ],
                    [
                        -0.21948346495628357,
                        -0.037707358598709106,
                        0.8114789128303528,
                        0.6122422218322754
                    ],
                    [
                        -0.3579215407371521,
                        -0.06502484530210495,
                        0.7864081859588623,
                        0.5216556191444397
                    ],
                    [
                        -0.5103696584701538,
                        0.03666313737630844,
                        0.617479681968689,
                        0.5491732954978943
                    ],
                    [
                        -0.4440535306930542,
                        0.10617958009243011,
                        0.7168638110160828,
                        0.5219739079475403
                    ],
                    [
                        -0.3449910283088684,
                        0.007916338741779327,
                        0.719438374042511,
                        0.5735407471656799
                    ],
                    [
                        -0.31108081340789795,
                        -0.012766532599925995,
                        0.697450578212738,
                        0.5725005865097046
                    ],
                    [
                        -0.27190130949020386,
                        0.0005224086344242096,
                        0.7700906991958618,
                        0.5711983442306519
                    ],
                    [
                        -0.29163408279418945,
                        -0.03334327042102814,
                        0.7163809537887573,
                        0.5322507619857788
                    ],
                    [
                        -0.39611580967903137,
                        -0.061682067811489105,
                        0.791222870349884,
                        0.38633131980895996
                    ],
                    [
                        -0.3511278033256531,
                        0.003575056791305542,
                        0.8105334043502808,
                        0.4007934629917145
                    ]
                ]
            ],
            "actions_pred": [
                [
                    [
                        -0.29221904277801514,
                        -0.21520566940307617,
                        -0.2033601701259613,
                        -0.15215134620666504,
                        -0.2950799763202667,
                        -0.24213144183158875,
                        -0.2866148352622986,
                        -0.3008444905281067,
                        -0.39338168501853943,
                        -0.30272620916366577,
                        -0.21948346495628357,
                        -0.3579215407371521,
                        -0.5103696584701538,
                        -0.4440535306930542,
                        -0.3449910283088684,
                        -0.31108081340789795,
                        -0.27190130949020386,
                        -0.29163408279418945,
                        -0.39611580967903137,
                        -0.3511278033256531
                    ],
                    [
                        -0.2910773754119873,
                        -0.14562636613845825,
                        -0.09972498565912247,
                        -0.04163032025098801,
                        0.05540856719017029,
                        0.11398748308420181,
                        0.08937560021877289,
                        0.04367884621024132,
                        0.17555640637874603,
                        0.0057128071784973145,
                        -0.037707358598709106,
                        -0.06502484530210495,
                        0.03666313737630844,
                        0.10617958009243011,
                        0.007916338741779327,
                        -0.012766532599925995,
                        0.0005224086344242096,
                        -0.03334327042102814,
                        -0.061682067811489105,
                        0.003575056791305542
                    ],
                    [
                        0.7052385807037354,
                        0.6986375451087952,
                        0.6941108703613281,
                        0.7185236215591431,
                        0.7428200840950012,
                        0.7829179763793945,
                        0.8404613733291626,
                        0.8349323272705078,
                        0.8083279132843018,
                        0.8133605122566223,
                        0.8114789128303528,
                        0.7864081859588623,
                        0.617479681968689,
                        0.7168638110160828,
                        0.719438374042511,
                        0.697450578212738,
                        0.7700906991958618,
                        0.7163809537887573,
                        0.791222870349884,
                        0.8105334043502808
                    ],
                    [
                        0.3353455662727356,
                        0.4619882106781006,
                        0.5942249894142151,
                        0.576219379901886,
                        0.46772095561027527,
                        0.41538989543914795,
                        0.396078497171402,
                        0.4760141968727112,
                        0.4996785819530487,
                        0.6174501180648804,
                        0.6122422218322754,
                        0.5216556191444397,
                        0.5491732954978943,
                        0.5219739079475403,
                        0.5735407471656799,
                        0.5725005865097046,
                        0.5711983442306519,
                        0.5322507619857788,
                        0.38633131980895996,
                        0.4007934629917145
                    ]
                ]
            ],
            "states": [
                [
                    [
                        4791432.0,
                        3.087877848884091e-05,
                        0.00023075626813806593,
                        506720.5
                    ],
                    [
                        3692400.0,
                        2.9973596610943787e-05,
                        0.00032322804327122867,
                        492666.6875
                    ],
                    [
                        4952160.0,
                        2.9106702641001903e-05,
                        0.0002578554267529398,
                        491613.3125
                    ],
                    [
                        4808808.0,
                        2.818479697452858e-05,
                        0.00022438736050389707,
                        480345.5
                    ],
                    [
                        4978224.0,
                        2.7317544663674198e-05,
                        0.00038321700412780046,
                        500271.75
                    ],
                    [
                        5354704.0,
                        2.645807217049878e-05,
                        0.0004527103737927973,
                        496069.53125
                    ],
                    [
                        3554840.0,
                        2.5757775802048855e-05,
                        0.00029970589093863964,
                        504121.5
                    ],
                    [
                        5330088.0,
                        2.5097764591919258e-05,
                        0.00026218051789328456,
                        473636.59375
                    ],
                    [
                        7706256.0,
                        2.4188775569200516e-05,
                        0.0002925366861745715,
                        550715.1875
                    ],
                    [
                        7687432.0,
                        2.319453051313758e-05,
                        0.00028024095809087157,
                        523717.84375
                    ],
                    [
                        6233640.0,
                        1.9415590941207483e-05,
                        0.0001758198341121897,
                        575309.5
                    ],
                    [
                        6330656.0,
                        1.8885328245232813e-05,
                        0.00013516498438548297,
                        576038.875
                    ],
                    [
                        2227024.0,
                        1.8539429220254533e-05,
                        0.0001646996388444677,
                        615099.8125
                    ],
                    [
                        3611312.0,
                        1.8311515304958448e-05,
                        0.0001985474955290556,
                        642490.9375
                    ],
                    [
                        5732632.0,
                        1.795835305529181e-05,
                        0.0002949792833533138,
                        564533.125
                    ],
                    [
                        5175152.0,
                        1.7562215361976996e-05,
                        0.0007080274517647922,
                        561933.4375
                    ],
                    [
                        4907272.0,
                        1.721135777188465e-05,
                        0.0013480978086590767,
                        618870.0
                    ],
                    [
                        4346896.0,
                        1.6901381968636997e-05,
                        0.0014468225417658687,
                        555341.1875
                    ],
                    [
                        5007184.0,
                        1.6599440641584806e-05,
                        0.0019480990013107657,
                        605693.8125
                    ],
                    [
                        5735528.0,
                        1.6265725207631476e-05,
                        0.002926501678302884,
                        601773.625
                    ]
                ]
            ],
            "actions": [
                [
                    [
                        0.5
                    ],
                    [
                        0.5
                    ],
                    [
                        0.5
                    ],
                    [
                        0.5
                    ],
                    [
                        0.5
                    ],
                    [
                        0.5
                    ],
                    [
                        0.5
                    ],
                    [
                        0.5
                    ],
                    [
                        0.5
                    ],
                    [
                        0.5
                    ],
                    [
                        0.5
                    ],
                    [
                        0.5
                    ],
                    [
                        0.5
                    ],
                    [
                        0.5
                    ],
                    [
                        0.5
                    ],
                    [
                        0.5
                    ],
                    [
                        0.5
                    ],
                    [
                        0.5
                    ],
                    [
                        0.5
                    ],
                    [
                        0.5
                    ]
                ]
            ],
            "returns": [
                [
                    [
                        0.45074203610420227
                    ],
                    [
                        0.44981828331947327
                    ],
                    [
                        0.44891759753227234
                    ],
                    [
                        0.44799089431762695
                    ],
                    [
                        0.4470668137073517
                    ],
                    [
                        0.4461396336555481
                    ],
                    [
                        0.44520601630210876
                    ],
                    [
                        0.44430869817733765
                    ],
                    [
                        0.44337549805641174
                    ],
                    [
                        0.44240957498550415
                    ],
                    [
                        0.44144389033317566
                    ],
                    [
                        0.4404968023300171
                    ],
                    [
                        0.4395483136177063
                    ],
                    [
                        0.43869248032569885
                    ],
                    [
                        0.4377937614917755
                    ],
                    [
                        0.4368540942668915
                    ],
                    [
                        0.4359234869480133
                    ],
                    [
                        0.4349976181983948
                    ],
                    [
                        0.4340824484825134
                    ],
                    [
                        0.43315479159355164
                    ]
                ]
            ],
            "timesteps": [
                [
                    140,
                    141,
                    142,
                    143,
                    144,
                    145,
                    146,
                    147,
                    148,
                    149,
                    150,
                    151,
                    152,
                    153,
                    154,
                    155,
                    156,
                    157,
                    158,
                    159
                ]
            ],
            "labels": [
                [
                    1,
                    1,
                    1,
                    1,
                    1,
                    1,
                    1,
                    1,
                    1,
                    1,
                    1,
                    1,
                    1,
                    1,
                    1,
                    1,
                    1,
                    1,
                    1,
                    1
                ]
            ],
            "CPU Usage": 45.1,
            "RAM Usage": 56.9,
            "GPU Usage": 0.0,
            "VRAM Usage": 414.0,
            "Disk Read Speed (MB/s)": 190393.46875,
            "Disk Write Speed (MB/s)": 267579.3603515625
        },
        {
            "step": 1,
            "train_loss": 0.052666522562503815,
            "actions_pred1": [
                [
                    [
                        -0.5062718987464905,
                        -0.36575499176979065,
                        0.14301267266273499,
                        0.4917849898338318
                    ],
                    [
                        -0.45594292879104614,
                        -0.3275265395641327,
                        0.38682621717453003,
                        0.5366164445877075
                    ],
                    [
                        -0.37778279185295105,
                        -0.3111669719219208,
                        0.3263375163078308,
                        0.4534060060977936
                    ],
                    [
                        -0.3391147255897522,
                        -0.29405662417411804,
                        0.36353063583374023,
                        0.37535062432289124
                    ],
                    [
                        -0.21756134927272797,
                        -0.28795528411865234,
                        0.11981996893882751,
                        0.21438011527061462
                    ],
                    [
                        -0.10955586284399033,
                        -0.16893136501312256,
                        0.29598408937454224,
                        0.18729916214942932
                    ],
                    [
                        -0.11346402019262314,
                        -0.06441634148359299,
                        0.3932464122772217,
                        0.1860271394252777
                    ],
                    [
                        -0.09601455926895142,
                        -0.04428889602422714,
                        0.4871191680431366,
                        0.3817927837371826
                    ],
                    [
                        -0.2574600577354431,
                        -0.02768205851316452,
                        0.366382896900177,
                        0.33090654015541077
                    ],
                    [
                        -0.22253930568695068,
                        -0.13870564103126526,
                        0.5784847736358643,
                        0.4045060873031616
                    ],
                    [
                        -0.2853618860244751,
                        -0.22862690687179565,
                        0.5262565016746521,
                        0.3606667220592499
                    ],
                    [
                        -0.47344276309013367,
                        -0.22013574838638306,
                        0.5193239450454712,
                        0.34897804260253906
                    ],
                    [
                        -0.48296698927879333,
                        -0.10630714148283005,
                        0.555495023727417,
                        0.3951041102409363
                    ],
                    [
                        -0.4581785202026367,
                        -0.05259297043085098,
                        0.5549992322921753,
                        0.4491910934448242
                    ],
                    [
                        -0.42687469720840454,
                        -0.12558160722255707,
                        0.47162681818008423,
                        0.40950334072113037
                    ],
                    [
                        -0.39312154054641724,
                        -0.05968530476093292,
                        0.45132866501808167,
                        0.33325839042663574
                    ],
                    [
                        -0.2207576334476471,
                        -0.10708485543727875,
                        0.3666241765022278,
                        0.3424302935600281
                    ],
                    [
                        -0.2877735197544098,
                        -0.09429258108139038,
                        0.4290725588798523,
                        0.4647507071495056
                    ],
                    [
                        -0.37318742275238037,
                        -0.04134879261255264,
                        0.6155427694320679,
                        0.394477903842926
                    ],
                    [
                        -0.34425169229507446,
                        -0.13862073421478271,
                        0.7534085512161255,
                        0.37737011909484863
                    ]
                ]
            ],
            "actions_pred": [
                [
                    [
                        -0.5062718987464905,
                        -0.45594292879104614,
                        -0.37778279185295105,
                        -0.3391147255897522,
                        -0.21756134927272797,
                        -0.10955586284399033,
                        -0.11346402019262314,
                        -0.09601455926895142,
                        -0.2574600577354431,
                        -0.22253930568695068,
                        -0.2853618860244751,
                        -0.47344276309013367,
                        -0.48296698927879333,
                        -0.4581785202026367,
                        -0.42687469720840454,
                        -0.39312154054641724,
                        -0.2207576334476471,
                        -0.2877735197544098,
                        -0.37318742275238037,
                        -0.34425169229507446
                    ],
                    [
                        -0.36575499176979065,
                        -0.3275265395641327,
                        -0.3111669719219208,
                        -0.29405662417411804,
                        -0.28795528411865234,
                        -0.16893136501312256,
                        -0.06441634148359299,
                        -0.04428889602422714,
                        -0.02768205851316452,
                        -0.13870564103126526,
                        -0.22862690687179565,
                        -0.22013574838638306,
                        -0.10630714148283005,
                        -0.05259297043085098,
                        -0.12558160722255707,
                        -0.05968530476093292,
                        -0.10708485543727875,
                        -0.09429258108139038,
                        -0.04134879261255264,
                        -0.13862073421478271
                    ],
                    [
                        0.14301267266273499,
                        0.38682621717453003,
                        0.3263375163078308,
                        0.36353063583374023,
                        0.11981996893882751,
                        0.29598408937454224,
                        0.3932464122772217,
                        0.4871191680431366,
                        0.366382896900177,
                        0.5784847736358643,
                        0.5262565016746521,
                        0.5193239450454712,
                        0.555495023727417,
                        0.5549992322921753,
                        0.47162681818008423,
                        0.45132866501808167,
                        0.3666241765022278,
                        0.4290725588798523,
                        0.6155427694320679,
                        0.7534085512161255
                    ],
                    [
                        0.4917849898338318,
                        0.5366164445877075,
                        0.4534060060977936,
                        0.37535062432289124,
                        0.21438011527061462,
                        0.18729916214942932,
                        0.1860271394252777,
                        0.3817927837371826,
                        0.33090654015541077,
                        0.4045060873031616,
                        0.3606667220592499,
                        0.34897804260253906,
                        0.3951041102409363,
                        0.4491910934448242,
                        0.40950334072113037,
                        0.33325839042663574,
                        0.3424302935600281,
                        0.4647507071495056,
                        0.394477903842926,
                        0.37737011909484863
                    ]
                ]
            ],
            "states": [
                [
                    [
                        6630392.0,
                        1.589785097166896e-05,
                        0.0030998915899544954,
                        575874.875
                    ],
                    [
                        6756368.0,
                        1.5517740393988788e-05,
                        0.00046779168769717216,
                        548346.8125
                    ],
                    [
                        6252464.0,
                        1.5165252079896163e-05,
                        0.0003139808541163802,
                        592422.1875
                    ],
                    [
                        6275632.0,
                        1.4840703443042003e-05,
                        0.0002766261750366539,
                        580548.75
                    ],
                    [
                        5845576.0,
                        1.4539574294758495e-05,
                        0.00026207882910966873,
                        570513.0
                    ],
                    [
                        6198888.0,
                        1.4252340406528674e-05,
                        0.00027697221958078444,
                        604356.0
                    ],
                    [
                        4525000.0,
                        1.4005720004206523e-05,
                        0.00037561735371127725,
                        519198.90625
                    ],
                    [
                        4878312.0,
                        1.3796614439343102e-05,
                        0.000348972505889833,
                        533459.0
                    ],
                    [
                        4776952.0,
                        1.3588255569629837e-05,
                        0.000344088242854923,
                        588163.3125
                    ],
                    [
                        4878312.0,
                        1.3386117643676698e-05,
                        0.00030916635296307504,
                        571568.5625
                    ],
                    [
                        4407712.0,
                        1.3197249245422427e-05,
                        0.00029186115716584027,
                        549308.25
                    ],
                    [
                        4623464.0,
                        1.3018668141739909e-05,
                        0.00031188191496767104,
                        567697.8125
                    ],
                    [
                        5241760.0,
                        1.2829074876208324e-05,
                        0.0003927450452465564,
                        616835.375
                    ],
                    [
                        4287528.0,
                        1.2650972166738939e-05,
                        0.00034627493005245924,
                        586416.5625
                    ],
                    [
                        4679936.0,
                        1.248793432750972e-05,
                        0.00028098482289351523,
                        591184.1875
                    ],
                    [
                        4293320.0,
                        1.2328885532042477e-05,
                        0.0002829945588018745,
                        595186.25
                    ],
                    [
                        2884416.0,
                        1.2204491213196889e-05,
                        0.00027779326774179935,
                        581960.9375
                    ],
                    [
                        4042816.0,
                        1.2086934475519229e-05,
                        0.00029917724896222353,
                        651221.5
                    ],
                    [
                        4267256.0,
                        1.1948805877182167e-05,
                        0.00037997434264980257,
                        587955.875
                    ],
                    [
                        4659664.0,
                        1.1803908819274511e-05,
                        0.00029415389872156084,
                        593533.5625
                    ]
                ]
            ],
            "actions": [
                [
                    [
                        0.5
                    ],
                    [
                        0.5
                    ],
                    [
                        0.5
                    ],
                    [
                        0.5
                    ],
                    [
                        0.5
                    ],
                    [
                        0.5
                    ],
                    [
                        0.5
                    ],
                    [
                        0.5
                    ],
                    [
                        0.5
                    ],
                    [
                        0.5
                    ],
                    [
                        0.5
                    ],
                    [
                        0.5
                    ],
                    [
                        0.5
                    ],
                    [
                        0.5
                    ],
                    [
                        0.5
                    ],
                    [
                        0.5
                    ],
                    [
                        0.5
                    ],
                    [
                        0.5
                    ],
                    [
                        0.5
                    ],
                    [
                        0.5
                    ]
                ]
            ],
            "returns": [
                [
                    [
                        0.4322150647640228
                    ],
                    [
                        0.4312624931335449
                    ],
                    [
                        0.4303082525730133
                    ],
                    [
                        0.42936089634895325
                    ],
                    [
                        0.42841318249702454
                    ],
                    [
                        0.427471786737442
                    ],
                    [
                        0.42652517557144165
                    ],
                    [
                        0.42560648918151855
                    ],
                    [
                        0.4246810972690582
                    ],
                    [
                        0.4237576127052307
                    ],
                    [
                        0.4228322505950928
                    ],
                    [
                        0.42191585898399353
                    ],
                    [
                        0.4209952652454376
                    ],
                    [
                        0.4200635254383087
                    ],
                    [
                        0.41914960741996765
                    ],
                    [
                        0.4182279109954834
                    ],
                    [
                        0.4173138737678528
                    ],
                    [
                        0.4164350926876068
                    ],
                    [
                        0.4155263900756836
                    ],
                    [
                        0.41461288928985596
                    ]
                ]
            ],
            "timesteps": [
                [
                    160,
                    161,
                    162,
                    163,
                    164,
                    165,
                    166,
                    167,
                    168,
                    169,
                    170,
                    171,
                    172,
                    173,
                    174,
                    175,
                    176,
                    177,
                    178,
                    179
                ]
            ],
            "labels": [
                [
                    1,
                    1,
                    1,
                    1,
                    1,
                    1,
                    1,
                    1,
                    1,
                    1,
                    1,
                    1,
                    1,
                    1,
                    1,
                    1,
                    1,
                    1,
                    1,
                    1
                ]
            ],
            "CPU Usage": 48.4,
            "RAM Usage": 57.5,
            "GPU Usage": 0.0,
            "VRAM Usage": 413.0,
            "Disk Read Speed (MB/s)": 190393.46875,
            "Disk Write Speed (MB/s)": 267580.8486328125
        },
        {
            "step": 2,
            "train_loss": 0.031558141112327576,
            "actions_pred1": [
                [
                    [
                        -0.19143810868263245,
                        -0.08809129893779755,
                        0.8215197324752808,
                        0.6927659511566162
                    ],
                    [
                        -0.23478339612483978,
                        -0.11405099183320999,
                        0.7824504971504211,
                        0.6774578094482422
                    ],
                    [
                        -0.2068018913269043,
                        -0.12215349078178406,
                        0.6557843089103699,
                        0.660794198513031
                    ],
                    [
                        -0.22998687624931335,
                        -0.2557724416255951,
                        0.5470407009124756,
                        0.47957518696784973
                    ],
                    [
                        -0.09733866900205612,
                        -0.25999197363853455,
                        0.5880353450775146,
                        0.41676604747772217
                    ],
                    [
                        -0.13852527737617493,
                        -0.2804355025291443,
                        0.538338303565979,
                        0.48065128922462463
                    ],
                    [
                        -0.16437795758247375,
                        -0.08670417964458466,
                        0.4045059382915497,
                        0.6282885074615479
                    ],
                    [
                        -0.13495396077632904,
                        -0.0980902835726738,
                        0.5585827827453613,
                        0.6305724382400513
                    ],
                    [
                        -0.09143900126218796,
                        -0.05632098764181137,
                        0.5629869699478149,
                        0.5368950963020325
                    ],
                    [
                        -0.18152382969856262,
                        -0.07293207943439484,
                        0.5731627345085144,
                        0.45778822898864746
                    ],
                    [
                        -0.19142062962055206,
                        -0.09517279267311096,
                        0.6244120597839355,
                        0.48655617237091064
                    ],
                    [
                        -0.24617210030555725,
                        -0.0811385065317154,
                        0.5750250220298767,
                        0.47056031227111816
                    ],
                    [
                        -0.16137591004371643,
                        -0.1228969544172287,
                        0.7661281824111938,
                        0.3780692219734192
                    ],
                    [
                        -0.1914583444595337,
                        -0.09218887239694595,
                        0.7369419932365417,
                        0.4175158143043518
                    ],
                    [
                        -0.2373093068599701,
                        -0.07331305742263794,
                        0.6388384699821472,
                        0.4319117069244385
                    ],
                    [
                        -0.3286131024360657,
                        -0.06276961416006088,
                        0.7354210615158081,
                        0.3592466413974762
                    ],
                    [
                        -0.4207412898540497,
                        -0.03001827746629715,
                        0.76929771900177,
                        0.341433048248291
                    ],
                    [
                        -0.2507815361022949,
                        0.012062720954418182,
                        0.6967970132827759,
                        0.41110557317733765
                    ],
                    [
                        -0.3174494802951813,
                        -0.04464082419872284,
                        0.717067539691925,
                        0.4386516213417053
                    ],
                    [
                        -0.35022395849227905,
                        -0.0756470263004303,
                        0.8043007850646973,
                        0.4463026821613312
                    ]
                ]
            ],
            "actions_pred": [
                [
                    [
                        -0.19143810868263245,
                        -0.23478339612483978,
                        -0.2068018913269043,
                        -0.22998687624931335,
                        -0.09733866900205612,
                        -0.13852527737617493,
