{
    "steps": [
        {
            "step": 0,
            "train_loss": 0.02744697593152523,
            "actions_pred1": [
                [
                    [
                        0.08596789836883545,
                        -0.2350262552499771,
                        0.7612022161483765,
                        0.30464571714401245
                    ],
                    [
                        0.02710728347301483,
                        -0.08877027034759521,
                        0.7235346436500549,
                        0.3219043016433716
                    ],
                    [
                        0.017497263848781586,
                        0.017289236187934875,
                        0.680448055267334,
                        0.37450167536735535
                    ],
                    [
                        0.18503737449645996,
                        0.06216137111186981,
                        0.8790102005004883,
                        0.35662442445755005
                    ],
                    [
                        0.1070467159152031,
                        0.09002463519573212,
                        0.9241873025894165,
                        0.281874418258667
                    ],
                    [
                        -0.20678329467773438,
                        -0.11515399068593979,
                        0.9103391766548157,
                        0.31238090991973877
                    ],
                    [
                        -0.26410603523254395,
                        -0.15047138929367065,
                        0.8292668461799622,
                        0.2424842119216919
                    ],
                    [
                        -0.13214583694934845,
                        -0.09738169610500336,
                        0.7830016016960144,
                        0.3238942325115204
                    ],
                    [
                        -0.13899412751197815,
                        -0.06591766327619553,
                        0.7039369344711304,
                        0.23402461409568787
                    ],
                    [
                        -0.15404851734638214,
                        -0.025782741606235504,
                        0.727952241897583,
                        0.0820276290178299
                    ],
                    [
                        -0.0695372149348259,
                        -0.1135755106806755,
                        0.6210308074951172,
                        0.1250000298023224
                    ],
                    [
                        -0.10966762900352478,
                        -0.026483610272407532,
                        0.7886285185813904,
                        0.06027373671531677
                    ],
                    [
                        -0.07769996672868729,
                        -0.03953825682401657,
                        0.8656126856803894,
                        0.11684343218803406
                    ],
                    [
                        -0.05521107092499733,
                        -0.14087237417697906,
                        0.8947175145149231,
                        0.026269495487213135
                    ],
                    [
                        -0.015040576457977295,
                        -0.15527427196502686,
                        0.8054349422454834,
                        0.10283952951431274
                    ],
                    [
                        -0.1641700714826584,
                        -0.13786756992340088,
                        0.7057764530181885,
                        0.11260484158992767
                    ],
                    [
                        -0.08734235167503357,
                        -0.09078513085842133,
                        0.7652328014373779,
                        0.2224445939064026
                    ],
                    [
                        -0.08681565523147583,
                        -0.03553609549999237,
                        0.8048095107078552,
                        0.1615944802761078
                    ],
                    [
                        -0.09872753173112869,
                        -0.03234854340553284,
                        0.8152652978897095,
                        0.0657120943069458
                    ],
                    [
                        -0.10288502275943756,
                        0.00944296270608902,
                        0.7833249568939209,
                        0.028773248195648193
                    ]
                ]
            ],
            "actions_pred": [
                [
                    [
                        0.08596789836883545,
                        0.02710728347301483,
                        0.017497263848781586,
                        0.18503737449645996,
                        0.1070467159152031,
                        -0.20678329467773438,
                        -0.26410603523254395,
                        -0.13214583694934845,
                        -0.13899412751197815,
                        -0.15404851734638214,
                        -0.0695372149348259,
                        -0.10966762900352478,
                        -0.07769996672868729,
                        -0.05521107092499733,
                        -0.015040576457977295,
                        -0.1641700714826584,
                        -0.08734235167503357,
                        -0.08681565523147583,
                        -0.09872753173112869,
                        -0.10288502275943756
                    ],
                    [
                        -0.2350262552499771,
                        -0.08877027034759521,
                        0.017289236187934875,
                        0.06216137111186981,
                        0.09002463519573212,
                        -0.11515399068593979,
                        -0.15047138929367065,
                        -0.09738169610500336,
                        -0.06591766327619553,
                        -0.025782741606235504,
                        -0.1135755106806755,
                        -0.026483610272407532,
                        -0.03953825682401657,
                        -0.14087237417697906,
                        -0.15527427196502686,
                        -0.13786756992340088,
                        -0.09078513085842133,
                        -0.03553609549999237,
                        -0.03234854340553284,
                        0.00944296270608902
                    ],
                    [
                        0.7612022161483765,
                        0.7235346436500549,
                        0.680448055267334,
                        0.8790102005004883,
                        0.9241873025894165,
                        0.9103391766548157,
                        0.8292668461799622,
                        0.7830016016960144,
                        0.7039369344711304,
                        0.727952241897583,
                        0.6210308074951172,
                        0.7886285185813904,
                        0.8656126856803894,
                        0.8947175145149231,
                        0.8054349422454834,
                        0.7057764530181885,
                        0.7652328014373779,
                        0.8048095107078552,
                        0.8152652978897095,
                        0.7833249568939209
                    ],
                    [
                        0.30464571714401245,
                        0.3219043016433716,
                        0.37450167536735535,
                        0.35662442445755005,
                        0.281874418258667,
                        0.31238090991973877,
                        0.2424842119216919,
                        0.3238942325115204,
                        0.23402461409568787,
                        0.0820276290178299,
                        0.1250000298023224,
                        0.06027373671531677,
                        0.11684343218803406,
                        0.026269495487213135,
                        0.10283952951431274,
                        0.11260484158992767,
                        0.2224445939064026,
                        0.1615944802761078,
                        0.0657120943069458,
                        0.028773248195648193
                    ]
                ]
            ],
            "states": [
                [
                    [
                        5583488.0,
                        1.565206184750423e-05,
                        0.00026454709586687386,
                        777972.9375
                    ],
                    [
                        4978224.0,
                        1.5359531971625984e-05,
                        0.0002797465131152421,
                        855686.3125
                    ],
                    [
                        5334432.0,
                        1.5084374354046304e-05,
                        0.00027696648612618446,
                        816815.875
                    ],
                    [
                        5159224.0,
                        1.4814246242167428e-05,
                        0.0002747685939539224,
                        799861.375
                    ],
                    [
                        5513984.0,
                        1.4549360457749572e-05,
                        0.000255326071055606,
                        807912.1875
                    ],
                    [
                        5082480.0,
                        1.4295442269940395e-05,
                        0.0002729953557718545,
                        779605.9375
                    ],
                    [
                        5376424.0,
                        1.4053456652618479e-05,
                        0.00026464968686923385,
                        853596.25
                    ],
                    [
                        5073792.0,
                        1.3819644664181396e-05,
                        0.000260901142610237,
                        865763.5
                    ],
                    [
                        5425656.0,
                        1.3592515642812941e-05,
                        0.00026091569452546537,
                        896600.0
                    ],
                    [
                        5301128.0,
                        1.3368029613047838e-05,
                        0.00027603365015238523,
                        844597.4375
                    ],
                    [
                        5346016.0,
                        1.3152442988939583e-05,
                        0.0002529293124098331,
                        839011.5
                    ],
                    [
                        5652992.0,
                        1.2936916391481645e-05,
                        0.0002769185812212527,
                        874385.5625
                    ],
                    [
                        5185288.0,
                        1.2731260540022049e-05,
                        0.0002480096882209182,
                        820181.0625
                    ],
                    [
                        5438688.0,
                        1.2536010217445437e-05,
                        0.00027678909827955067,
                        838090.6875
                    ],
                    [
                        5221488.0,
                        1.2345956747594755e-05,
                        0.0002834639744833112,
                        979366.25
                    ],
                    [
                        5306920.0,
                        1.2163849532953463e-05,
                        0.00027035834500566125,
                        858373.0
                    ],
                    [
                        5419864.0,
                        1.1983782314928249e-05,
                        0.0002671718248166144,
                        825702.5
                    ],
                    [
                        5708016.0,
                        1.1802524568338413e-05,
                        0.00027032653451897204,
                        851358.6875
                    ],
                    [
                        5637064.0,
                        1.1623262253124267e-05,
                        0.0002656110445968807,
                        872734.375
                    ],
                    [
                        5471992.0,
                        1.1452919352450408e-05,
                        0.0002651966060511768,
                        865487.25
                    ]
                ]
            ],
            "actions": [
                [
                    [
                        0.75
                    ],
                    [
                        0.75
                    ],
                    [
                        0.75
                    ],
                    [
                        0.75
                    ],
                    [
                        0.75
                    ],
                    [
                        0.75
                    ],
                    [
                        0.75
                    ],
                    [
                        0.75
                    ],
                    [
                        0.75
                    ],
                    [
                        0.75
                    ],
                    [
                        0.75
                    ],
                    [
                        0.75
                    ],
                    [
                        0.75
                    ],
                    [
                        0.75
                    ],
                    [
                        0.75
                    ],
                    [
                        0.75
                    ],
                    [
                        0.75
                    ],
                    [
                        0.75
                    ],
                    [
                        0.75
                    ],
                    [
                        0.75
                    ]
                ]
            ],
            "returns": [
                [
                    [
                        0.5428837537765503
                    ],
                    [
                        0.5419464111328125
                    ],
                    [
                        0.5410192608833313
                    ],
                    [
                        0.5400859713554382
                    ],
                    [
                        0.5391556620597839
                    ],
                    [
                        0.5382193922996521
                    ],
                    [
                        0.5372903943061829
                    ],
                    [
                        0.5363564491271973
                    ],
                    [
                        0.5354275703430176
                    ],
                    [
                        0.5344927906990051
                    ],
                    [
                        0.533560037612915
                    ],
                    [
                        0.5326265692710876
                    ],
                    [
                        0.5316881537437439
                    ],
                    [
                        0.5307573676109314
                    ],
                    [
                        0.5298223495483398
                    ],
                    [
                        0.5288909673690796
                    ],
                    [
                        0.5279580950737
                    ],
                    [
                        0.527023434638977
                    ],
                    [
                        0.5260841250419617
                    ],
                    [
                        0.525145947933197
                    ]
                ]
            ],
            "timesteps": [
                [
                    40,
                    41,
                    42,
                    43,
                    44,
                    45,
                    46,
                    47,
                    48,
                    49,
                    50,
                    51,
                    52,
                    53,
                    54,
                    55,
                    56,
                    57,
                    58,
                    59
                ]
            ],
            "labels": [
                [
                    2,
                    2,
                    2,
                    2,
                    2,
                    2,
                    2,
                    2,
                    2,
                    2,
                    2,
                    2,
                    2,
                    2,
                    2,
                    2,
                    2,
                    2,
                    2,
                    2
                ]
            ],
            "CPU Usage": 48.0,
            "RAM Usage": 61.2,
            "GPU Usage": 13.0,
            "VRAM Usage": 457.0,
            "Disk Read Speed (MB/s)": 191411.09375,
            "Disk Write Speed (MB/s)": 295342.9892578125
        },
        {
            "step": 1,
            "train_loss": 0.02543048933148384,
            "actions_pred1": [
                [
                    [
                        0.07604508101940155,
                        -0.1698906421661377,
                        0.6212767958641052,
                        0.19122549891471863
                    ],
                    [
                        -0.04916874319314957,
                        -0.09059882909059525,
                        0.7019917964935303,
                        0.12580686807632446
                    ],
                    [
                        -0.05204211175441742,
                        -0.14184078574180603,
                        0.776952862739563,
                        0.1839849352836609
                    ],
                    [
                        -0.052416056394577026,
                        -0.1463097631931305,
                        0.9191717505455017,
                        0.10960212349891663
                    ],
                    [
                        -0.028433743864297867,
                        -0.009639792144298553,
                        0.9652976393699646,
                        0.139846533536911
                    ],
                    [
                        0.049511805176734924,
                        -0.09067961573600769,
                        0.8732275366783142,
                        0.22774648666381836
                    ],
                    [
                        -0.046658437699079514,
                        -0.1187002882361412,
                        0.6704373359680176,
                        0.20655637979507446
                    ],
                    [
                        0.03877575695514679,
                        -0.015871718525886536,
                        0.7295472621917725,
                        0.24069616198539734
                    ],
                    [
                        0.020604223012924194,
                        -0.004023216664791107,
                        0.7317972779273987,
                        0.23859161138534546
                    ],
                    [
                        -0.13375937938690186,
                        -0.0731559693813324,
                        0.8541461229324341,
                        0.15716007351875305
                    ],
                    [
                        -0.11102528125047684,
                        0.016573727130889893,
                        1.0625838041305542,
                        0.13682997226715088
                    ],
                    [
                        -0.12325010448694229,
                        -0.01548689603805542,
                        1.019081711769104,
                        0.19404783844947815
                    ],
                    [
                        -0.1957247406244278,
                        -0.13920946419239044,
                        1.0029376745224,
                        0.14784350991249084
                    ],
                    [
                        -0.14406785368919373,
                        -0.06813967227935791,
                        1.0585073232650757,
                        0.1157655417919159
                    ],
                    [
                        -0.12617379426956177,
                        -0.07385551929473877,
                        1.042536735534668,
                        0.120169997215271
                    ],
                    [
                        -0.10874512791633606,
                        -0.05654851719737053,
                        0.9994776248931885,
                        0.16493993997573853
                    ],
                    [
                        -0.19860410690307617,
                        -0.09861814975738525,
                        0.9319857954978943,
                        0.19818076491355896
                    ],
                    [
                        -0.2399739772081375,
                        0.019890159368515015,
                        0.9422234296798706,
                        0.22970050573349
                    ],
                    [
                        -0.167079895734787,
                        0.003736790269613266,
                        0.9610282778739929,
                        0.21994730830192566
                    ],
                    [
                        -0.18278922140598297,
                        0.015511400997638702,
                        0.9989305734634399,
                        0.20012599229812622
                    ]
                ]
            ],
            "actions_pred": [
                [
                    [
                        0.07604508101940155,
                        -0.04916874319314957,
                        -0.05204211175441742,
                        -0.052416056394577026,
                        -0.028433743864297867,
                        0.049511805176734924,
                        -0.046658437699079514,
                        0.03877575695514679,
                        0.020604223012924194,
                        -0.13375937938690186,
                        -0.11102528125047684,
                        -0.12325010448694229,
                        -0.1957247406244278,
                        -0.14406785368919373,
                        -0.12617379426956177,
                        -0.10874512791633606,
                        -0.19860410690307617,
                        -0.2399739772081375,
                        -0.167079895734787,
                        -0.18278922140598297
                    ],
                    [
                        -0.1698906421661377,
                        -0.09059882909059525,
                        -0.14184078574180603,
                        -0.1463097631931305,
                        -0.009639792144298553,
                        -0.09067961573600769,
                        -0.1187002882361412,
                        -0.015871718525886536,
                        -0.004023216664791107,
                        -0.0731559693813324,
                        0.016573727130889893,
                        -0.01548689603805542,
                        -0.13920946419239044,
                        -0.06813967227935791,
                        -0.07385551929473877,
                        -0.05654851719737053,
                        -0.09861814975738525,
                        0.019890159368515015,
                        0.003736790269613266,
                        0.015511400997638702
                    ],
                    [
                        0.6212767958641052,
                        0.7019917964935303,
                        0.776952862739563,
                        0.9191717505455017,
                        0.9652976393699646,
                        0.8732275366783142,
                        0.6704373359680176,
                        0.7295472621917725,
                        0.7317972779273987,
                        0.8541461229324341,
                        1.0625838041305542,
                        1.019081711769104,
                        1.0029376745224,
                        1.0585073232650757,
                        1.042536735534668,
                        0.9994776248931885,
                        0.9319857954978943,
                        0.9422234296798706,
                        0.9610282778739929,
                        0.9989305734634399
                    ],
                    [
                        0.19122549891471863,
                        0.12580686807632446,
                        0.1839849352836609,
                        0.10960212349891663,
                        0.139846533536911,
                        0.22774648666381836,
                        0.20655637979507446,
                        0.24069616198539734,
                        0.23859161138534546,
                        0.15716007351875305,
                        0.13682997226715088,
                        0.19404783844947815,
                        0.14784350991249084,
                        0.1157655417919159,
                        0.120169997215271,
                        0.16493993997573853,
                        0.19818076491355896,
                        0.22970050573349,
                        0.21994730830192566,
                        0.20012599229812622
                    ]
                ]
            ],
            "states": [
                [
                    [
                        3105960.0,
                        0.00044856633758172393,
                        0.0002628508664201945,
                        907599.4375
                    ],
                    [
                        3777832.0,
                        0.00036993034882470965,
                        0.00026417680783197284,
                        946940.1875
                    ],
                    [
                        4115216.0,
                        0.00030784233240410686,
                        0.0002805523981805891,
                        868017.4375
                    ],
                    [
                        4368616.0,
                        0.0002607771893963218,
                        0.00026978878304362297,
                        839353.625
                    ],
                    [
                        5060760.0,
                        0.0002229743986390531,
                        0.00027627943200059235,
                        780951.6875
                    ],
                    [
                        5356152.0,
                        0.00019212921324651688,
                        0.00025924446526914835,
                        788666.125
                    ],
                    [
                        5373528.0,
                        0.00012254947796463966,
                        0.006524195894598961,
                        846197.875
                    ],
                    [
                        5111440.0,
                        0.00011254391574766487,
                        0.002146858023479581,
                        777919.5
                    ],
                    [
                        5496608.0,
                        0.00010397062578704208,
                        0.0023773028515279293,
                        803926.1875
                    ],
                    [
                        5341672.0,
                        9.645324462326244e-05,
                        0.0020079242531210184,
                        853121.5
                    ],
                    [
                        5344568.0,
                        9.003730519907549e-05,
                        0.0019139255164191127,
                        790495.3125
                    ],
                    [
                        5479232.0,
                        8.435636846115813e-05,
                        0.0013429223326966166,
                        807753.3125
                    ],
                    [
                        5356152.0,
                        7.934254972497001e-05,
                        0.0011628043139353395,
                        855534.6875
                    ],
                    [
                        5398144.0,
                        7.492363511119038e-05,
                        0.0009117702720686793,
                        841216.6875
                    ],
                    [
                        5729736.0,
                        7.084311073413119e-05,
                        0.000803604198154062,
                        821157.125
                    ],
                    [
                        5244656.0,
                        6.722798570990562e-05,
                        0.000699773314408958,
                        790182.875
                    ],
                    [
                        5503848.0,
                        6.403109728125855e-05,
                        0.0006680691731162369,
                        817074.375
                    ],
                    [
                        5367736.0,
                        6.109109381213784e-05,
                        0.0005246230284683406,
                        814748.3125
                    ],
                    [
                        5217144.0,
                        5.847758802701719e-05,
                        0.00046889804070815444,
                        836873.125
                    ],
                    [
                        5033248.0,
                        5.6151271564885974e-05,
                        0.00035997320082969964,
                        833663.1875
                    ]
                ]
            ],
            "actions": [
                [
                    [
                        0.75
                    ],
                    [
                        0.75
                    ],
                    [
                        0.75
                    ],
                    [
                        0.75
                    ],
                    [
                        0.75
                    ],
                    [
                        0.75
                    ],
                    [
                        0.75
                    ],
                    [
                        0.75
                    ],
                    [
                        0.75
                    ],
                    [
                        0.75
                    ],
                    [
                        0.75
                    ],
                    [
                        0.75
                    ],
                    [
                        0.75
                    ],
                    [
                        0.75
                    ],
                    [
                        0.75
                    ],
                    [
                        0.75
                    ],
                    [
                        0.75
                    ],
                    [
                        0.75
                    ],
                    [
                        0.75
                    ],
                    [
                        0.75
                    ]
                ]
            ],
            "returns": [
                [
                    [
                        0.37910521030426025
                    ],
                    [
                        0.378219872713089
                    ],
                    [
                        0.3773171603679657
                    ],
                    [
                        0.37640687823295593
                    ],
                    [
                        0.37549129128456116
                    ],
                    [
                        0.37456268072128296
                    ],
                    [
                        0.37362903356552124
                    ],
                    [
                        0.37269508838653564
                    ],
                    [
                        0.3717655837535858
                    ],
                    [
                        0.37082964181900024
                    ],
                    [
                        0.3698962330818176
                    ],
                    [
                        0.36896276473999023
                    ],
                    [
                        0.36802709102630615
                    ],
                    [
                        0.36709344387054443
                    ],
                    [
                        0.3661591112613678
                    ],
                    [
                        0.36521947383880615
                    ],
                    [
                        0.36428767442703247
                    ],
                    [
                        0.36335161328315735
                    ],
                    [
                        0.3624177873134613
                    ],
                    [
                        0.3614864647388458
                    ]
                ]
            ],
            "timesteps": [
                [
                    220,
                    221,
                    222,
                    223,
                    224,
                    225,
                    226,
                    227,
                    228,
                    229,
                    230,
                    231,
                    232,
                    233,
                    234,
                    235,
                    236,
                    237,
                    238,
                    239
                ]
            ],
            "labels": [
                [
                    2,
                    2,
                    2,
                    2,
                    2,
                    2,
                    2,
                    2,
                    2,
                    2,
                    2,
                    2,
                    2,
                    2,
                    2,
                    2,
                    2,
                    2,
                    2,
                    2
                ]
            ],
            "CPU Usage": 48.7,
            "RAM Usage": 61.5,
            "GPU Usage": 13.0,
            "VRAM Usage": 457.0,
            "Disk Read Speed (MB/s)": 191411.09375,
            "Disk Write Speed (MB/s)": 295343.1416015625
        },
        {
            "step": 2,
            "train_loss": 0.04972689598798752,
            "actions_pred1": [
                [
                    [
                        0.39854276180267334,
                        -0.09479281306266785,
                        0.4241563081741333,
                        0.3103283643722534
                    ],
                    [
                        0.5579960942268372,
                        -0.2399602085351944,
                        0.48493480682373047,
                        0.31795886158943176
                    ],
                    [
                        0.3200725317001343,
                        -0.048117682337760925,
                        0.45382678508758545,
                        0.22692039608955383
                    ],
                    [
                        0.10611620545387268,
                        0.0044061243534088135,
                        0.49854397773742676,
                        0.16751426458358765
                    ],
                    [
                        0.1341325044631958,
                        0.02594427764415741,
                        0.5299504399299622,
                        0.1272180676460266
                    ],
                    [
                        0.09642495214939117,
                        -0.00463634729385376,
                        0.5567757487297058,
                        -0.003407418727874756
                    ],
                    [
                        0.09086107462644577,
                        0.03319254517555237,
                        0.5767264366149902,
                        0.0563056617975235
                    ],
                    [
                        0.03638453781604767,
                        -0.06489475071430206,
                        0.3356674313545227,
                        0.11695501208305359
                    ],
                    [
                        0.04237417131662369,
                        -0.0739963948726654,
                        0.3494001626968384,
                        0.11617341637611389
                    ],
                    [
                        0.08117806166410446,
                        0.008235663175582886,
                        0.39560478925704956,
                        0.17781129479408264
                    ],
                    [
                        0.1543387472629547,
                        0.03385832905769348,
                        0.405941367149353,
                        0.24861596524715424
                    ],
                    [
                        0.10704529285430908,
                        0.05394561588764191,
                        0.44182735681533813,
                        0.2879771888256073
                    ],
                    [
                        0.05174458771944046,
                        0.026218175888061523,
                        0.32907164096832275,
                        0.23914304375648499
                    ],
                    [
                        -0.13285839557647705,
                        0.09610190242528915,
                        0.46885350346565247,
                        0.30689680576324463
                    ],
                    [
                        -0.12616097927093506,
                        -0.02178143709897995,
                        0.5395758152008057,
                        0.04363951086997986
                    ],
                    [
                        -0.16148251295089722,
                        -0.015656888484954834,
                        0.5883712768554688,
                        0.09110619127750397
                    ],
                    [
                        -0.12520599365234375,
                        0.03810221701860428,
                        0.6789840459823608,
                        0.047897398471832275
                    ],
                    [
                        -0.0482465997338295,
                        0.08810034394264221,
                        0.7139526605606079,
                        0.11537438631057739
                    ],
                    [
                        -0.06505837291479111,
                        0.08954321593046188,
                        0.4714674651622772,
                        0.191888689994812
                    ],
                    [
                        -0.16799546778202057,
                        0.084790900349617,
                        0.5294787287712097,
                        0.18088538944721222
                    ]
                ]
            ],
            "actions_pred": [
                [
                    [
                        0.39854276180267334,
                        0.5579960942268372,
                        0.3200725317001343,
                        0.10611620545387268,
                        0.1341325044631958,
