{
    "steps": [
        {
            "step": 0,
            "train_loss": 0.04476412385702133,
            "actions_pred1": [
                [
                    [
                        -0.20971590280532837,
                        -0.10951415449380875,
                        0.588934063911438,
                        0.7065435647964478
                    ],
                    [
                        -0.23293635249137878,
                        -0.05055677890777588,
                        0.6056907176971436,
                        0.6360249519348145
                    ],
                    [
                        -0.31166577339172363,
                        -0.010833442211151123,
                        0.6700587868690491,
                        0.5129278898239136
                    ],
                    [
                        -0.41510897874832153,
                        -0.002309270203113556,
                        0.6405384540557861,
                        0.5374773144721985
                    ],
                    [
                        -0.4497789144515991,
                        0.13945749402046204,
                        0.5522226095199585,
                        0.4870492219924927
                    ],
                    [
                        -0.34217333793640137,
                        0.04695875197649002,
                        0.6251344680786133,
                        0.5338999032974243
                    ],
                    [
                        -0.22863854467868805,
                        0.07845821976661682,
                        0.5541709065437317,
                        0.6195430159568787
                    ],
                    [
                        -0.4906061589717865,
                        0.15940773487091064,
                        0.8307592868804932,
                        0.5182116031646729
                    ],
                    [
                        -0.5028939247131348,
                        0.23661695420742035,
                        0.9211485385894775,
                        0.524949312210083
                    ],
                    [
                        -0.6083737015724182,
                        0.18019691109657288,
                        0.9452531337738037,
                        0.4879700839519501
                    ],
                    [
                        -0.6412603259086609,
                        0.17166614532470703,
                        1.0039736032485962,
                        0.40477728843688965
                    ],
                    [
                        -0.44655048847198486,
                        0.04977480322122574,
                        0.8389801383018494,
                        0.5429080128669739
                    ],
                    [
                        -0.4490419924259186,
                        0.01451069861650467,
                        0.8872674107551575,
                        0.46519890427589417
                    ],
                    [
                        -0.49933719635009766,
                        -0.051346540451049805,
                        0.9028018712997437,
                        0.4642767906188965
                    ],
                    [
                        -0.405690461397171,
                        -0.005932919681072235,
                        0.8553873300552368,
                        0.5262824296951294
                    ],
                    [
                        -0.39236581325531006,
                        -0.0487307608127594,
                        0.6641703844070435,
                        0.6406396627426147
                    ],
                    [
                        -0.3362945318222046,
                        0.019933156669139862,
                        0.6366233825683594,
                        0.656697154045105
                    ],
                    [
                        -0.3130325675010681,
                        0.011323601007461548,
                        0.6242079734802246,
                        0.6099826097488403
                    ],
                    [
                        -0.18515487015247345,
                        0.0066425129771232605,
                        0.7130094766616821,
                        0.5548440217971802
                    ],
                    [
                        -0.3450123369693756,
                        0.09146337956190109,
                        0.6971256136894226,
                        0.6027645468711853
                    ]
                ]
            ],
            "actions_pred": [
                [
                    [
                        -0.20971590280532837,
                        -0.23293635249137878,
                        -0.31166577339172363,
                        -0.41510897874832153,
                        -0.4497789144515991,
                        -0.34217333793640137,
                        -0.22863854467868805,
                        -0.4906061589717865,
                        -0.5028939247131348,
                        -0.6083737015724182,
                        -0.6412603259086609,
                        -0.44655048847198486,
                        -0.4490419924259186,
                        -0.49933719635009766,
                        -0.405690461397171,
                        -0.39236581325531006,
                        -0.3362945318222046,
                        -0.3130325675010681,
                        -0.18515487015247345,
                        -0.3450123369693756
                    ],
                    [
                        -0.10951415449380875,
                        -0.05055677890777588,
                        -0.010833442211151123,
                        -0.002309270203113556,
                        0.13945749402046204,
                        0.04695875197649002,
                        0.07845821976661682,
                        0.15940773487091064,
                        0.23661695420742035,
                        0.18019691109657288,
                        0.17166614532470703,
                        0.04977480322122574,
                        0.01451069861650467,
                        -0.051346540451049805,
                        -0.005932919681072235,
                        -0.0487307608127594,
                        0.019933156669139862,
                        0.011323601007461548,
                        0.0066425129771232605,
                        0.09146337956190109
                    ],
                    [
                        0.588934063911438,
                        0.6056907176971436,
                        0.6700587868690491,
                        0.6405384540557861,
                        0.5522226095199585,
                        0.6251344680786133,
                        0.5541709065437317,
                        0.8307592868804932,
                        0.9211485385894775,
                        0.9452531337738037,
                        1.0039736032485962,
                        0.8389801383018494,
                        0.8872674107551575,
                        0.9028018712997437,
                        0.8553873300552368,
                        0.6641703844070435,
                        0.6366233825683594,
                        0.6242079734802246,
                        0.7130094766616821,
                        0.6971256136894226
                    ],
                    [
                        0.7065435647964478,
                        0.6360249519348145,
                        0.5129278898239136,
                        0.5374773144721985,
                        0.4870492219924927,
                        0.5338999032974243,
                        0.6195430159568787,
                        0.5182116031646729,
                        0.524949312210083,
                        0.4879700839519501,
                        0.40477728843688965,
                        0.5429080128669739,
                        0.46519890427589417,
                        0.4642767906188965,
                        0.5262824296951294,
                        0.6406396627426147,
                        0.656697154045105,
                        0.6099826097488403,
                        0.5548440217971802,
                        0.6027645468711853
                    ]
                ]
            ],
            "states": [
                [
                    [
                        5847024.0,
                        7.17427474228316e-06,
                        0.0002797465131152421,
                        862261.25
                    ],
                    [
                        5130264.0,
                        7.109771104296669e-06,
                        0.00027696648612618446,
                        791462.9375
                    ],
                    [
                        5460408.0,
                        7.0486535150848795e-06,
                        0.0002747685939539224,
                        848104.9375
                    ],
                    [
                        5159224.0,
                        6.988396307860967e-06,
                        0.000255326071055606,
                        826896.4375
                    ],
                    [
                        5280856.0,
                        6.9301599978643935e-06,
                        0.0002729953557718545,
                        850071.375
                    ],
                    [
                        5415520.0,
                        6.871501227578847e-06,
                        0.00026464968686923385,
                        894284.875
                    ],
                    [
                        5138952.0,
                        6.81457140672137e-06,
                        0.000260901142610237,
                        824406.5
                    ],
                    [
                        5364840.0,
                        6.758851213817252e-06,
                        0.00026091569452546537,
                        837380.25
                    ],
                    [
                        8605643.0,
                        0.0036125751212239265,
                        0.0002766261750366539,
                        462352.0625
                    ],
                    [
                        10015816.0,
                        0.00033437556703574955,
                        0.00026207882910966873,
                        482968.0625
                    ],
                    [
                        7806168.0,
                        0.00019468956452328712,
                        0.00027697221958078444,
                        473153.5
                    ],
                    [
                        6004856.0,
                        0.00014804340025875717,
                        0.00037561735371127725,
                        563905.9375
                    ],
                    [
                        3835752.0,
                        0.00012653775047510862,
                        0.000348972505889833,
                        546822.625
                    ],
                    [
                        693592.0,
                        0.00011859468213515356,
                        0.000344088242854923,
                        536207.0
                    ],
                    [
                        1136680.0,
                        0.00011570940841920674,
                        0.00030916635296307504,
                        532932.75
                    ],
                    [
                        755856.0,
                        0.0001128598305513151,
                        0.00029186115716584027,
                        668301.125
                    ],
                    [
                        573408.0,
                        0.00011094257206423208,
                        0.00031188191496767104,
                        741689.6875
                    ],
                    [
                        432952.0,
                        0.0001095341140171513,
                        0.0003927450452465564,
                        678985.1875
                    ],
                    [
                        1216320.0,
                        0.00010730996291385964,
                        0.00034627493005245924,
                        618105.1875
                    ],
                    [
                        4131144.0,
                        0.00010072957229567692,
                        0.00028098482289351523,
                        571491.4375
                    ]
                ]
            ],
            "actions": [
                [
                    [
                        0.75
                    ],
                    [
                        0.75
                    ],
                    [
                        0.75
                    ],
                    [
                        0.75
                    ],
                    [
                        0.75
                    ],
                    [
                        0.75
                    ],
                    [
                        0.75
                    ],
                    [
                        0.75
                    ],
                    [
                        0.5
                    ],
                    [
                        0.5
                    ],
                    [
                        0.5
                    ],
                    [
                        0.5
                    ],
                    [
                        0.5
                    ],
                    [
                        0.5
                    ],
                    [
                        0.5
                    ],
                    [
                        0.5
                    ],
                    [
                        0.5
                    ],
                    [
                        0.5
                    ],
                    [
                        0.5
                    ],
                    [
                        0.5
                    ]
                ]
            ],
            "returns": [
                [
                    [
                        0.48685410618782043
                    ],
                    [
                        0.4859126806259155
                    ],
                    [
                        0.48498284816741943
                    ],
                    [
                        0.4840475022792816
                    ],
                    [
                        0.48311716318130493
                    ],
                    [
                        0.4821847677230835
                    ],
                    [
                        0.481250137090683
                    ],
                    [
                        0.48032015562057495
                    ],
                    [
                        0.4793863594532013
                    ],
                    [
                        0.47841066122055054
                    ],
                    [
                        0.47742152214050293
                    ],
                    [
                        0.4764544665813446
                    ],
                    [
                        0.47551068663597107
                    ],
                    [
                        0.47460663318634033
                    ],
                    [
                        0.4738542139530182
                    ],
                    [
                        0.47305798530578613
                    ],
                    [
                        0.4722979664802551
                    ],
                    [
                        0.47156238555908203
                    ],
                    [
                        0.47085174918174744
                    ],
                    [
                        0.47004953026771545
                    ]
                ]
            ],
            "timesteps": [
                [
                    100,
                    101,
                    102,
                    103,
                    104,
                    105,
                    106,
                    107,
                    108,
                    109,
                    110,
                    111,
                    112,
                    113,
                    114,
                    115,
                    116,
                    117,
                    118,
                    119
                ]
            ],
            "labels": [
                [
                    2,
                    2,
                    2,
                    2,
                    2,
                    2,
                    2,
                    2,
                    1,
                    1,
                    1,
                    1,
                    1,
                    1,
                    1,
                    1,
                    1,
                    1,
                    1,
                    1
                ]
            ],
            "CPU Usage": 52.3,
            "RAM Usage": 57.9,
            "GPU Usage": 4.0,
            "VRAM Usage": 452.0,
            "Disk Read Speed (MB/s)": 190473.4326171875,
            "Disk Write Speed (MB/s)": 273279.7080078125
        },
        {
            "step": 1,
            "train_loss": 0.030645450577139854,
            "actions_pred1": [
                [
                    [
                        -0.16913707554340363,
                        -0.26774483919143677,
                        0.549922525882721,
                        0.6252438426017761
                    ],
                    [
                        -0.32813775539398193,
                        -0.24824076890945435,
                        0.6734396815299988,
                        0.5845965147018433
                    ],
                    [
                        -0.2591843903064728,
                        -0.17334511876106262,
                        0.6268157958984375,
                        0.6760826706886292
                    ],
                    [
                        -0.19531366229057312,
                        -0.16341286897659302,
                        0.6841750741004944,
                        0.5800501704216003
                    ],
                    [
                        -0.15366435050964355,
                        -0.15707826614379883,
                        0.6010847091674805,
                        0.46809715032577515
                    ],
                    [
                        -0.33077317476272583,
                        -0.21690797805786133,
                        0.5416295528411865,
                        0.5485454797744751
                    ],
                    [
                        -0.3442181944847107,
                        -0.2678041458129883,
                        0.6236146688461304,
                        0.5654469132423401
                    ],
                    [
                        -0.3479160964488983,
                        -0.17775937914848328,
                        0.6785677671432495,
                        0.506144106388092
                    ],
                    [
                        -0.21357610821723938,
                        -0.1700761914253235,
                        0.7041646838188171,
                        0.6208091378211975
                    ],
                    [
                        -0.2519177794456482,
                        -0.2669554352760315,
                        0.6847116947174072,
                        0.6287624835968018
                    ],
                    [
                        -0.2577604055404663,
                        -0.14622093737125397,
                        0.7216504216194153,
                        0.6151623725891113
                    ],
                    [
                        -0.19660598039627075,
                        -0.2144111692905426,
                        0.6442486643791199,
                        0.587550699710846
                    ],
                    [
                        -0.19399845600128174,
                        -0.23152029514312744,
                        0.6347895860671997,
                        0.6291187405586243
                    ],
                    [
                        -0.20396873354911804,
                        -0.15688149631023407,
                        0.8743314743041992,
                        0.7444401979446411
                    ],
                    [
                        -0.21481044590473175,
                        -0.13005751371383667,
                        0.9320507645606995,
                        0.8184877038002014
                    ],
                    [
                        -0.22123485803604126,
                        -0.15975990891456604,
                        0.98660808801651,
                        0.8376914262771606
                    ],
                    [
                        -0.43132561445236206,
                        -0.18557700514793396,
                        0.9273468255996704,
                        0.7756731510162354
                    ],
                    [
                        -0.5079318284988403,
                        -0.16215842962265015,
                        0.9331505298614502,
                        0.8009015917778015
                    ],
                    [
                        -0.5108088254928589,
                        -0.1415340006351471,
                        0.8755109310150146,
                        0.780645489692688
                    ],
                    [
                        -0.487915575504303,
                        0.01625143736600876,
                        1.0843392610549927,
                        0.6820845007896423
                    ]
                ]
            ],
            "actions_pred": [
                [
                    [
                        -0.16913707554340363,
                        -0.32813775539398193,
                        -0.2591843903064728,
                        -0.19531366229057312,
                        -0.15366435050964355,
                        -0.33077317476272583,
                        -0.3442181944847107,
                        -0.3479160964488983,
                        -0.21357610821723938,
                        -0.2519177794456482,
                        -0.2577604055404663,
                        -0.19660598039627075,
                        -0.19399845600128174,
                        -0.20396873354911804,
                        -0.21481044590473175,
                        -0.22123485803604126,
                        -0.43132561445236206,
                        -0.5079318284988403,
                        -0.5108088254928589,
                        -0.487915575504303
                    ],
                    [
                        -0.26774483919143677,
                        -0.24824076890945435,
                        -0.17334511876106262,
                        -0.16341286897659302,
                        -0.15707826614379883,
                        -0.21690797805786133,
                        -0.2678041458129883,
                        -0.17775937914848328,
                        -0.1700761914253235,
                        -0.2669554352760315,
                        -0.14622093737125397,
                        -0.2144111692905426,
                        -0.23152029514312744,
                        -0.15688149631023407,
                        -0.13005751371383667,
                        -0.15975990891456604,
                        -0.18557700514793396,
                        -0.16215842962265015,
                        -0.1415340006351471,
                        0.01625143736600876
                    ],
                    [
                        0.549922525882721,
                        0.6734396815299988,
                        0.6268157958984375,
                        0.6841750741004944,
                        0.6010847091674805,
                        0.5416295528411865,
                        0.6236146688461304,
                        0.6785677671432495,
                        0.7041646838188171,
                        0.6847116947174072,
                        0.7216504216194153,
                        0.6442486643791199,
                        0.6347895860671997,
                        0.8743314743041992,
                        0.9320507645606995,
                        0.98660808801651,
                        0.9273468255996704,
                        0.9331505298614502,
                        0.8755109310150146,
                        1.0843392610549927
                    ],
                    [
                        0.6252438426017761,
                        0.5845965147018433,
                        0.6760826706886292,
                        0.5800501704216003,
                        0.46809715032577515,
                        0.5485454797744751,
                        0.5654469132423401,
                        0.506144106388092,
                        0.6208091378211975,
                        0.6287624835968018,
                        0.6151623725891113,
                        0.587550699710846,
                        0.6291187405586243,
                        0.7444401979446411,
                        0.8184877038002014,
                        0.8376914262771606,
                        0.7756731510162354,
                        0.8009015917778015,
                        0.780645489692688,
                        0.6820845007896423
                    ]
                ]
            ],
            "states": [
                [
                    [
                        9069003.0,
                        0.0034533278085291386,
                        0.0002651966060511768,
                        441188.5625
                    ],
                    [
                        11320464.0,
                        0.000310528528643772,
                        0.0002789112040773034,
                        436995.21875
                    ],
                    [
                        10438632.0,
                        0.00017193457460962236,
                        0.00025781430304050446,
                        493798.40625
                    ],
                    [
                        10012920.0,
                        0.00012196777242934331,
                        0.0002818313369061798,
                        466062.65625
                    ],
                    [
                        10120072.0,
                        9.498456347500905e-05,
                        0.00027022496215067804,
                        484496.1875
                    ],
                    [
                        9115160.0,
                        7.838496094336733e-05,
                        0.00027221045456826687,
                        480218.375
                    ],
                    [
                        8819768.0,
                        6.74370166962035e-05,
                        0.0002733847650233656,
                        463188.125
                    ],
                    [
                        9522048.0,
                        5.902954944758676e-05,
                        0.00026607781182974577,
                        571538.5
                    ],
                    [
                        9099232.0,
                        5.2383467846084386e-05,
                        0.00028466759249567986,
                        601120.625
                    ],
                    [
                        8877688.0,
                        4.72521896881517e-05,
                        0.0002693114511203021,
                        590414.6875
                    ],
                    [
                        7406288.0,
                        4.339466249803081e-05,
                        0.0002695369767025113,
                        529230.5625
                    ],
                    [
                        7668840.0,
                        4.0354032535105944e-05,
                        0.00026757299201563,
                        612860.8125
                    ],
                    [
                        7531048.0,
                        3.768979149754159e-05,
                        0.0002770914288703352,
                        740788.0625
                    ],
                    [
                        7394936.0,
                        3.539538010954857e-05,
                        0.0002540841815061867,
                        705727.25
                    ],
                    [
                        6951848.0,
                        3.34380820277147e-05,
                        0.0002650599053595215,
                        732259.125
                    ],
                    [
                        6330656.0,
                        3.180928251822479e-05,
                        0.00027801760006695986,
                        722867.4375
                    ],
                    [
                        5884672.0,
                        3.0445722586591728e-05,
                        0.0002704633225221187,
                        677627.4375
                    ],
                    [
                        5363392.0,
                        2.9289631129358895e-05,
                        0.0002756867033895105,
                        805457.5625
                    ],
                    [
                        5311264.0,
                        2.82715027424274e-05,
                        0.00025344316964037716,
                        860605.0
                    ],
                    [
                        5401040.0,
                        2.6375411835033447e-05,
                        0.000413205154472962,
                        833632.5625
                    ]
                ]
            ],
            "actions": [
                [
                    [
                        0.75
                    ],
                    [
                        0.75
                    ],
                    [
                        0.75
                    ],
                    [
                        0.75
                    ],
                    [
                        0.75
                    ],
                    [
                        0.75
                    ],
                    [
                        0.75
                    ],
                    [
                        0.75
                    ],
                    [
                        0.75
                    ],
                    [
                        0.75
                    ],
                    [
                        0.75
                    ],
                    [
                        0.75
                    ],
                    [
                        0.75
                    ],
                    [
                        0.75
                    ],
                    [
                        0.75
                    ],
                    [
                        0.75
                    ],
                    [
                        0.75
                    ],
                    [
                        0.75
                    ],
                    [
                        0.75
                    ],
                    [
                        0.75
                    ]
                ]
            ],
            "returns": [
                [
                    [
                        0.5809153318405151
                    ],
                    [
                        0.5799350142478943
                    ],
                    [
                        0.5789350271224976
                    ],
                    [
                        0.5779421925544739
                    ],
                    [
                        0.5769530534744263
                    ],
                    [
                        0.575963020324707
                    ],
                    [
                        0.574982225894928
                    ],
                    [
                        0.5740043520927429
                    ],
                    [
                        0.5730196833610535
                    ],
                    [
                        0.5720390677452087
                    ],
                    [
                        0.5710605978965759
                    ],
                    [
                        0.5700982213020325
                    ],
                    [
                        0.5691327452659607
                    ],
                    [
                        0.5681688785552979
                    ],
                    [
                        0.567206621170044
                    ],
                    [
                        0.5662498474121094
                    ],
                    [
                        0.5653014183044434
                    ],
                    [
                        0.5643594264984131
                    ],
                    [
                        0.563425600528717
                    ],
                    [
                        0.5624927282333374
                    ]
                ]
            ],
            "timesteps": [
                [
                    0,
                    1,
                    2,
                    3,
                    4,
                    5,
                    6,
                    7,
                    8,
                    9,
                    10,
                    11,
                    12,
                    13,
                    14,
                    15,
                    16,
                    17,
                    18,
                    19
                ]
            ],
            "labels": [
                [
                    2,
                    2,
                    2,
                    2,
                    2,
                    2,
                    2,
                    2,
                    2,
                    2,
                    2,
                    2,
                    2,
                    2,
                    2,
                    2,
                    2,
                    2,
                    2,
                    2
                ]
            ],
            "CPU Usage": 49.6,
            "RAM Usage": 58.1,
            "GPU Usage": 0.0,
            "VRAM Usage": 452.0,
            "Disk Read Speed (MB/s)": 190473.6826171875,
            "Disk Write Speed (MB/s)": 273279.8525390625
        },
        {
            "step": 2,
            "train_loss": 0.030823875218629837,
            "actions_pred1": [
                [
                    [
                        -0.18803848326206207,
                        -0.08927112817764282,
                        0.8435839414596558,
                        0.667514979839325
                    ],
                    [
                        -0.2323256880044937,
                        -0.11443228274583817,
                        0.8039371371269226,
                        0.6518832445144653
                    ],
                    [
                        -0.20461395382881165,
                        -0.1224631518125534,
                        0.6784639954566956,
                        0.6345106363296509
                    ],
                    [
                        -0.22732679545879364,
                        -0.2564316987991333,
                        0.570911705493927,
                        0.4531075954437256
                    ],
                    [
                        -0.09459686279296875,
                        -0.26068776845932007,
                        0.6121069192886353,
                        0.3895711600780487
                    ],
                    [
                        -0.1359958052635193,
                        -0.28114810585975647,
                        0.5628762245178223,
                        0.4536193907260895
                    ],
                    [
                        -0.16283579170703888,
                        -0.08598542213439941,
                        0.4309857487678528,
                        0.598873496055603
                    ],
                    [
                        -0.13352900743484497,
                        -0.09733639657497406,
                        0.5837063789367676,
                        0.6024022698402405
                    ],
                    [
                        -0.08979571610689163,
                        -0.0555417537689209,
                        0.5880494713783264,
                        0.5088105201721191
                    ],
                    [
                        -0.17944225668907166,
                        -0.07239216566085815,
                        0.5984987020492554,
                        0.43026793003082275
                    ],
                    [
                        -0.18921273946762085,
                        -0.0946260541677475,
                        0.6498746275901794,
                        0.45908355712890625
                    ],
                    [
                        -0.2438717782497406,
                        -0.08034581691026688,
                        0.6002163290977478,
                        0.44340085983276367
                    ],
                    [
                        -0.15945228934288025,
                        -0.12275557965040207,
                        0.7913656830787659,
                        0.3507705330848694
                    ],
                    [
                        -0.18935388326644897,
                        -0.09195412695407867,
                        0.7622617483139038,
                        0.38973289728164673
                    ],
                    [
                        -0.23526988923549652,
                        -0.07286953181028366,
                        0.6639868021011353,
                        0.40366625785827637
                    ],
                    [
                        -0.32663002610206604,
                        -0.06211650371551514,
                        0.7608352899551392,
                        0.3313540518283844
                    ],
                    [
                        -0.4186336398124695,
                        -0.029301997274160385,
                        0.7942788600921631,
                        0.3145454525947571
                    ],
                    [
                        -0.24858355522155762,
                        0.012445926666259766,
                        0.722327470779419,
                        0.3826751112937927
                    ],
                    [
                        -0.3147733807563782,
                        -0.045218758285045624,
                        0.7416530251502991,
                        0.41114288568496704
                    ],
                    [
                        -0.347320020198822,
                        -0.07581014931201935,
                        0.8283807635307312,
                        0.41966086626052856
                    ]
                ]
            ],
            "actions_pred": [
                [
                    [
                        -0.18803848326206207,
                        -0.2323256880044937,
                        -0.20461395382881165,
                        -0.22732679545879364,
                        -0.09459686279296875,
                        -0.1359958052635193,
                        -0.16283579170703888,
