{
    "steps": [
        {
            "step": 0,
            "train_loss": 0.03753787279129028,
            "actions_pred1": [
                [
                    [
                        -0.33722490072250366,
                        0.19702571630477905,
                        0.21604004502296448,
                        0.7062203884124756
                    ],
                    [
                        -0.022972695529460907,
                        0.04033645987510681,
                        0.26689305901527405,
                        0.6305289268493652
                    ],
                    [
                        -0.12880977988243103,
                        0.09764566272497177,
                        0.2554883062839508,
                        0.6688445210456848
                    ],
                    [
                        -0.1433679312467575,
                        0.1119108572602272,
                        0.2807714343070984,
                        0.6159072518348694
                    ],
                    [
                        -0.15164853632450104,
                        0.052522942423820496,
                        0.28145599365234375,
                        0.5753281712532043
                    ],
                    [
                        -0.30293798446655273,
                        -0.040529489517211914,
                        0.46946650743484497,
                        0.8017871379852295
                    ],
                    [
                        -0.20478418469429016,
                        -0.13050928711891174,
                        0.5415527820587158,
                        0.8333396911621094
                    ],
                    [
                        -0.1839250922203064,
                        -0.12069222331047058,
                        0.5034187436103821,
                        0.8082647919654846
                    ],
                    [
                        -0.2781936526298523,
                        -0.05544698238372803,
                        0.4951939582824707,
                        0.7050219178199768
                    ],
                    [
                        -0.3207657039165497,
                        0.042110785841941833,
                        0.4342653751373291,
                        0.7240645289421082
                    ],
                    [
                        -0.3138854205608368,
                        0.043429575860500336,
                        0.46584153175354004,
                        0.7286562323570251
                    ],
                    [
                        -0.3441290855407715,
                        0.009695231914520264,
                        0.40574005246162415,
                        0.6013256311416626
                    ],
                    [
                        -0.403227835893631,
                        -0.003957197070121765,
                        0.3360697627067566,
                        0.605073869228363
                    ],
                    [
                        -0.3923317492008209,
                        0.0067103952169418335,
                        0.4652133882045746,
                        0.6109982132911682
                    ],
                    [
                        -0.5502821803092957,
                        -0.27182072401046753,
                        0.6971744894981384,
                        0.6423537135124207
                    ],
                    [
                        -0.49735355377197266,
                        -0.08953830599784851,
                        0.6892233490943909,
                        0.5973449349403381
                    ],
                    [
                        -0.49381107091903687,
                        -0.03928655385971069,
                        0.5938190221786499,
                        0.5405096411705017
                    ],
                    [
                        -0.4260501563549042,
                        0.038508862257003784,
                        0.4929673671722412,
                        0.44360244274139404
                    ],
                    [
                        -0.5491808652877808,
                        0.17800822854042053,
                        0.6048071980476379,
                        0.35643821954727173
                    ],
                    [
                        -0.4324858784675598,
                        0.0985240712761879,
                        0.5459597110748291,
                        0.46873486042022705
                    ]
                ]
            ],
            "actions_pred": [
                [
                    [
                        -0.33722490072250366,
                        -0.022972695529460907,
                        -0.12880977988243103,
                        -0.1433679312467575,
                        -0.15164853632450104,
                        -0.30293798446655273,
                        -0.20478418469429016,
                        -0.1839250922203064,
                        -0.2781936526298523,
                        -0.3207657039165497,
                        -0.3138854205608368,
                        -0.3441290855407715,
                        -0.403227835893631,
                        -0.3923317492008209,
                        -0.5502821803092957,
                        -0.49735355377197266,
                        -0.49381107091903687,
                        -0.4260501563549042,
                        -0.5491808652877808,
                        -0.4324858784675598
                    ],
                    [
                        0.19702571630477905,
                        0.04033645987510681,
                        0.09764566272497177,
                        0.1119108572602272,
                        0.052522942423820496,
                        -0.040529489517211914,
                        -0.13050928711891174,
                        -0.12069222331047058,
                        -0.05544698238372803,
                        0.042110785841941833,
                        0.043429575860500336,
                        0.009695231914520264,
                        -0.003957197070121765,
                        0.0067103952169418335,
                        -0.27182072401046753,
                        -0.08953830599784851,
                        -0.03928655385971069,
                        0.038508862257003784,
                        0.17800822854042053,
                        0.0985240712761879
                    ],
                    [
                        0.21604004502296448,
                        0.26689305901527405,
                        0.2554883062839508,
                        0.2807714343070984,
                        0.28145599365234375,
                        0.46946650743484497,
                        0.5415527820587158,
                        0.5034187436103821,
                        0.4951939582824707,
                        0.4342653751373291,
                        0.46584153175354004,
                        0.40574005246162415,
                        0.3360697627067566,
                        0.4652133882045746,
                        0.6971744894981384,
                        0.6892233490943909,
                        0.5938190221786499,
                        0.4929673671722412,
                        0.6048071980476379,
                        0.5459597110748291
                    ],
                    [
                        0.7062203884124756,
                        0.6305289268493652,
                        0.6688445210456848,
                        0.6159072518348694,
                        0.5753281712532043,
                        0.8017871379852295,
                        0.8333396911621094,
                        0.8082647919654846,
                        0.7050219178199768,
                        0.7240645289421082,
                        0.7286562323570251,
                        0.6013256311416626,
                        0.605073869228363,
                        0.6109982132911682,
                        0.6423537135124207,
                        0.5973449349403381,
                        0.5405096411705017,
                        0.44360244274139404,
                        0.35643821954727173,
                        0.46873486042022705
                    ]
                ]
            ],
            "states": [
                [
                    [
                        5334432.0,
                        2.079466503346339e-05,
                        0.00026978878304362297,
                        822567.125
                    ],
                    [
                        5450272.0,
                        2.0477313228184357e-05,
                        0.00027627943200059235,
                        856531.375
                    ],
                    [
                        5496608.0,
                        2.0164978195680305e-05,
                        0.00025924446526914835,
                        796247.875
                    ],
                    [
                        5340224.0,
                        1.901392352010589e-05,
                        0.006524195894598961,
                        835512.25
                    ],
                    [
                        5366288.0,
                        1.8750137314782478e-05,
                        0.002146858023479581,
                        813363.3125
                    ],
                    [
                        5389456.0,
                        1.8492408344172873e-05,
                        0.0023773028515279293,
                        845072.375
                    ],
                    [
                        5118680.0,
                        1.8247363186674193e-05,
                        0.0020079242531210184,
                        804446.8125
                    ],
                    [
                        5463304.0,
                        1.8007134713116102e-05,
                        0.0019139255164191127,
                        824885.1875
                    ],
                    [
                        5337328.0,
                        1.7768334146239795e-05,
                        0.0013429223326966166,
                        814676.0
                    ],
                    [
                        5398144.0,
                        1.753715696395375e-05,
                        0.0011628043139353395,
                        805373.25
                    ],
                    [
                        5337328.0,
                        1.7311906049144454e-05,
                        0.0009117702720686793,
                        826102.5
                    ],
                    [
                        5053520.0,
                        1.709933530946728e-05,
                        0.000803604198154062,
                        828294.75
                    ],
                    [
                        5891912.0,
                        1.6881092960829847e-05,
                        0.000699773314408958,
                        791778.0625
                    ],
                    [
                        5104200.0,
                        1.6667219824739732e-05,
                        0.0006680691731162369,
                        868015.875
                    ],
                    [
                        5372080.0,
                        1.646851160330698e-05,
                        0.0005246230284683406,
                        748358.1875
                    ],
                    [
                        5262032.0,
                        1.6271596905426122e-05,
                        0.00046889804070815444,
                        796238.875
                    ],
                    [
                        5473440.0,
                        1.6077548934845254e-05,
                        0.00035997320082969964,
                        812237.5625
                    ],
                    [
                        4978224.0,
                        1.589297789905686e-05,
                        0.00037329201586544514,
                        806297.3125
                    ],
                    [
                        5450272.0,
                        1.571305256220512e-05,
                        0.00029995679506100714,
                        802099.3125
                    ],
                    [
                        5424208.0,
                        1.5529669326497242e-05,
                        0.0002722619683481753,
                        836648.625
                    ]
                ]
            ],
            "actions": [
                [
                    [
                        0.75
                    ],
                    [
                        0.75
                    ],
                    [
                        0.75
                    ],
                    [
                        0.75
                    ],
                    [
                        0.75
                    ],
                    [
                        0.75
                    ],
                    [
                        0.75
                    ],
                    [
                        0.75
                    ],
                    [
                        0.75
                    ],
                    [
                        0.75
                    ],
                    [
                        0.75
                    ],
                    [
                        0.75
                    ],
                    [
                        0.75
                    ],
                    [
                        0.75
                    ],
                    [
                        0.75
                    ],
                    [
                        0.75
                    ],
                    [
                        0.75
                    ],
                    [
                        0.75
                    ],
                    [
                        0.75
                    ],
                    [
                        0.75
                    ]
                ]
            ],
            "returns": [
                [
                    [
                        0.3232199251651764
                    ],
                    [
                        0.3222866356372833
                    ],
                    [
                        0.32135143876075745
                    ],
                    [
                        0.3204154968261719
                    ],
                    [
                        0.31948211789131165
                    ],
                    [
                        0.3185482919216156
                    ],
                    [
                        0.3176141083240509
                    ],
                    [
                        0.31668445467948914
                    ],
                    [
                        0.31574904918670654
                    ],
                    [
                        0.3148157298564911
                    ],
                    [
                        0.31388136744499207
                    ],
                    [
                        0.3129480481147766
                    ],
                    [
                        0.3120195269584656
                    ],
                    [
                        0.31107744574546814
                    ],
                    [
                        0.31014806032180786
                    ],
                    [
                        0.30921414494514465
                    ],
                    [
                        0.3082820773124695
                    ],
                    [
                        0.30734649300575256
                    ],
                    [
                        0.306419312953949
                    ],
                    [
                        0.3054841458797455
                    ]
                ]
            ],
            "timesteps": [
                [
                    280,
                    281,
                    282,
                    283,
                    284,
                    285,
                    286,
                    287,
                    288,
                    289,
                    290,
                    291,
                    292,
                    293,
                    294,
                    295,
                    296,
                    297,
                    298,
                    299
                ]
            ],
            "labels": [
                [
                    2,
                    2,
                    2,
                    2,
                    2,
                    2,
                    2,
                    2,
                    2,
                    2,
                    2,
                    2,
                    2,
                    2,
                    2,
                    2,
                    2,
                    2,
                    2,
                    2
                ]
            ],
            "CPU Usage": 47.7,
            "RAM Usage": 58.1,
            "GPU Usage": 4.0,
            "VRAM Usage": 571.0,
            "Disk Read Speed (MB/s)": 190491.59375,
            "Disk Write Speed (MB/s)": 277492.3876953125
        },
        {
            "step": 1,
            "train_loss": 0.0594797357916832,
            "actions_pred1": [
                [
                    [
                        -0.14689898490905762,
                        -0.222296342253685,
                        0.5064842700958252,
                        0.277847558259964
                    ],
                    [
                        -0.07419911026954651,
                        -0.11353753507137299,
                        0.3834664821624756,
                        0.3273642063140869
                    ],
                    [
                        -0.12139546871185303,
                        -0.06406064331531525,
                        0.5445197224617004,
                        0.43827420473098755
                    ],
                    [
                        -0.046613164246082306,
                        -0.21161973476409912,
                        0.5406713485717773,
                        0.4342176616191864
                    ],
                    [
                        -0.06868638843297958,
                        -0.215932697057724,
                        0.6457740068435669,
                        0.45676037669181824
                    ],
                    [
                        -0.3258760869503021,
                        -0.13510167598724365,
                        0.4300122857093811,
                        0.37915539741516113
                    ],
                    [
                        -0.3174855709075928,
                        -0.06078365445137024,
                        0.5731046795845032,
                        0.5685075521469116
                    ],
                    [
                        -0.12949620187282562,
                        -0.05027644336223602,
                        0.5704621076583862,
                        0.6252756118774414
                    ],
                    [
                        -0.10788171738386154,
                        -0.0359116792678833,
                        0.48614659905433655,
                        0.5622966289520264
                    ],
                    [
                        -0.2541646957397461,
                        -0.054064929485321045,
                        0.6801284551620483,
                        0.609738290309906
                    ],
                    [
                        -0.31360429525375366,
                        -0.14570431411266327,
                        0.791730523109436,
                        0.6071432828903198
                    ],
                    [
                        -0.317554235458374,
                        -0.15139803290367126,
                        0.770038366317749,
                        0.6714786291122437
                    ],
                    [
                        -0.35544559359550476,
                        -0.10140085220336914,
                        0.6962401866912842,
                        0.6806691884994507
                    ],
                    [
                        -0.28785252571105957,
                        -0.07818998396396637,
                        0.7436501383781433,
                        0.6286349892616272
                    ],
                    [
                        -0.25185662508010864,
                        -0.1540687084197998,
                        0.7575564980506897,
                        0.5973174571990967
                    ],
                    [
                        -0.2768673896789551,
                        -0.10988380759954453,
                        0.8465691208839417,
                        0.6449527144432068
                    ],
                    [
                        -0.27717381715774536,
                        -0.18118427693843842,
                        0.6553623080253601,
                        0.597825288772583
                    ],
                    [
                        -0.23308175802230835,
                        -0.030819091945886612,
                        0.6488353610038757,
                        0.5613393187522888
                    ],
                    [
                        -0.315177321434021,
                        -0.12197598814964294,
                        0.760523796081543,
                        0.5353230237960815
                    ],
                    [
                        -0.43257537484169006,
                        -0.1473429799079895,
                        0.8350876569747925,
                        0.5557395219802856
                    ]
                ]
            ],
            "actions_pred": [
                [
                    [
                        -0.14689898490905762,
                        -0.07419911026954651,
                        -0.12139546871185303,
                        -0.046613164246082306,
                        -0.06868638843297958,
                        -0.3258760869503021,
                        -0.3174855709075928,
                        -0.12949620187282562,
                        -0.10788171738386154,
                        -0.2541646957397461,
                        -0.31360429525375366,
                        -0.317554235458374,
                        -0.35544559359550476,
                        -0.28785252571105957,
                        -0.25185662508010864,
                        -0.2768673896789551,
                        -0.27717381715774536,
                        -0.23308175802230835,
                        -0.315177321434021,
                        -0.43257537484169006
                    ],
                    [
                        -0.222296342253685,
                        -0.11353753507137299,
                        -0.06406064331531525,
                        -0.21161973476409912,
                        -0.215932697057724,
                        -0.13510167598724365,
                        -0.06078365445137024,
                        -0.05027644336223602,
                        -0.0359116792678833,
                        -0.054064929485321045,
                        -0.14570431411266327,
                        -0.15139803290367126,
                        -0.10140085220336914,
                        -0.07818998396396637,
                        -0.1540687084197998,
                        -0.10988380759954453,
                        -0.18118427693843842,
                        -0.030819091945886612,
                        -0.12197598814964294,
                        -0.1473429799079895
                    ],
                    [
                        0.5064842700958252,
                        0.3834664821624756,
                        0.5445197224617004,
                        0.5406713485717773,
                        0.6457740068435669,
                        0.4300122857093811,
                        0.5731046795845032,
                        0.5704621076583862,
                        0.48614659905433655,
                        0.6801284551620483,
                        0.791730523109436,
                        0.770038366317749,
                        0.6962401866912842,
                        0.7436501383781433,
                        0.7575564980506897,
                        0.8465691208839417,
                        0.6553623080253601,
                        0.6488353610038757,
                        0.760523796081543,
                        0.8350876569747925
                    ],
                    [
                        0.277847558259964,
                        0.3273642063140869,
                        0.43827420473098755,
                        0.4342176616191864,
                        0.45676037669181824,
                        0.37915539741516113,
                        0.5685075521469116,
                        0.6252756118774414,
                        0.5622966289520264,
                        0.609738290309906,
                        0.6071432828903198,
                        0.6714786291122437,
                        0.6806691884994507,
                        0.6286349892616272,
                        0.5973174571990967,
                        0.6449527144432068,
                        0.597825288772583,
                        0.5613393187522888,
                        0.5353230237960815,
                        0.5557395219802856
                    ]
                ]
            ],
            "states": [
                [
                    [
                        10534200.0,
                        2.6509645977057517e-05,
                        0.00013993013999424875,
                        443834.40625
                    ],
                    [
                        10761536.0,
                        2.5514371372992173e-05,
                        0.0001420098269591108,
                        437980.875
                    ],
                    [
                        9713184.0,
                        2.462484007992316e-05,
                        0.00013746164040639997,
                        438923.15625
                    ],
                    [
                        11058376.0,
                        2.37847361859167e-05,
                        0.00013166402641218156,
                        442931.21875
                    ],
                    [
                        10751400.0,
                        2.2961492504691705e-05,
                        0.00014091107004787773,
                        432700.84375
                    ],
                    [
                        10246048.0,
                        2.2220945538720116e-05,
                        0.0001376972795696929,
                        435969.53125
                    ],
                    [
                        9969480.0,
                        2.1551775716943666e-05,
                        0.00013403889897745103,
                        440537.53125
                    ],
                    [
                        10251840.0,
                        2.0921770556014962e-05,
                        0.00014748213288839906,
                        443483.875
                    ],
                    [
                        10121520.0,
                        2.0323142962297425e-05,
                        0.00013067024701740593,
                        443831.96875
                    ],
                    [
                        9543768.0,
                        1.977682586584706e-05,
                        0.00013482528447639197,
                        439055.96875
                    ],
                    [
                        8799496.0,
                        1.9293054720037617e-05,
                        0.00013897643657401204,
                        475444.21875
                    ],
                    [
                        9742144.0,
                        1.8827833628165536e-05,
                        0.00014449551235884428,
                        446623.25
                    ],
                    [
                        9966584.0,
                        1.835721377574373e-05,
                        0.00014116551028564572,
                        435027.78125
                    ],
                    [
                        9815992.0,
                        1.7907843357534148e-05,
                        0.0001414243597537279,
                        434458.03125
                    ],
                    [
                        10637008.0,
                        1.7465919881942682e-05,
                        0.00015197490574792027,
                        447300.9375
                    ],
                    [
                        9175976.0,
                        1.705779868643731e-05,
                        0.00016332330415025353,
                        457786.65625
                    ],
                    [
                        9695808.0,
                        1.6686690287315287e-05,
                        0.00014966299931984395,
                        442052.53125
                    ],
                    [
                        10571848.0,
                        1.6305739336530678e-05,
                        0.0001437981118215248,
                        454590.5
                    ],
                    [
                        9242584.0,
                        1.5949490261846222e-05,
                        0.0001480604405514896,
                        454658.375
                    ],
                    [
                        10438632.0,
                        1.5611025446560234e-05,
                        0.00013623677659779787,
                        451379.625
                    ]
                ]
            ],
            "actions": [
                [
                    [
                        0.25
                    ],
                    [
                        0.25
                    ],
                    [
                        0.25
                    ],
                    [
                        0.25
                    ],
                    [
                        0.25
                    ],
                    [
                        0.25
                    ],
                    [
                        0.25
                    ],
                    [
                        0.25
                    ],
                    [
                        0.25
                    ],
                    [
                        0.25
                    ],
                    [
                        0.25
                    ],
                    [
                        0.25
                    ],
                    [
                        0.25
                    ],
                    [
                        0.25
                    ],
                    [
                        0.25
                    ],
                    [
                        0.25
                    ],
                    [
                        0.25
                    ],
                    [
                        0.25
                    ],
                    [
                        0.25
                    ],
                    [
                        0.25
                    ]
                ]
            ],
            "returns": [
                [
                    [
                        0.2667037844657898
                    ],
                    [
                        0.26571014523506165
                    ],
                    [
                        0.26471462845802307
                    ],
                    [
                        0.26372823119163513
                    ],
                    [
                        0.26273030042648315
                    ],
                    [
                        0.26173487305641174
                    ],
                    [
                        0.2607437074184418
                    ],
                    [
                        0.2597549855709076
                    ],
                    [
                        0.25876376032829285
                    ],
                    [
                        0.2577736973762512
                    ],
                    [
                        0.25678882002830505
                    ],
                    [
                        0.2558111548423767
                    ],
                    [
                        0.2548244595527649
                    ],
                    [
                        0.2538357675075531
                    ],
                    [
                        0.25284841656684875
                    ],
                    [
                        0.25185394287109375
                    ],
                    [
                        0.25087255239486694
                    ],
                    [
                        0.24988628923892975
                    ],
                    [
                        0.24889235198497772
                    ],
                    [
                        0.24791033565998077
                    ]
                ]
            ],
            "timesteps": [
                [
                    340,
                    341,
                    342,
                    343,
                    344,
                    345,
                    346,
                    347,
                    348,
                    349,
                    350,
                    351,
                    352,
                    353,
                    354,
                    355,
                    356,
                    357,
                    358,
                    359
                ]
            ],
            "labels": [
                [
                    0,
                    0,
                    0,
                    0,
                    0,
                    0,
                    0,
                    0,
                    0,
                    0,
                    0,
                    0,
                    0,
                    0,
                    0,
                    0,
                    0,
                    0,
                    0,
                    0
                ]
            ],
            "CPU Usage": 63.4,
            "RAM Usage": 59.0,
            "GPU Usage": 4.0,
            "VRAM Usage": 586.0,
            "Disk Read Speed (MB/s)": 190517.9931640625,
            "Disk Write Speed (MB/s)": 277503.1220703125
        },
        {
            "step": 2,
            "train_loss": 0.05437499284744263,
            "actions_pred1": [
                [
                    [
                        -0.08093948662281036,
                        -0.3168197274208069,
                        0.5176197290420532,
                        0.5899242758750916
                    ],
                    [
                        -0.19823411107063293,
                        -0.08330899477005005,
                        0.6958437561988831,
                        0.6671229600906372
                    ],
                    [
                        -0.3174060881137848,
                        0.01894107460975647,
                        0.6771149039268494,
                        0.6086469292640686
                    ],
                    [
                        -0.32974061369895935,
                        -0.012835368514060974,
                        0.7132943272590637,
                        0.6118814945220947
                    ],
                    [
                        -0.27857422828674316,
                        0.04747778922319412,
                        0.7373722791671753,
                        0.5590290427207947
                    ],
                    [
                        -0.23715895414352417,
                        -0.015851452946662903,
                        0.6366568803787231,
                        0.5261600613594055
                    ],
                    [
                        -0.1641111820936203,
                        0.024359621107578278,
                        0.7014502286911011,
                        0.4473869204521179
                    ],
                    [
                        -0.15748465061187744,
                        -0.015718311071395874,
                        0.6478244662284851,
                        0.47497740387916565
                    ],
                    [
                        -0.2820243835449219,
                        -0.08367633074522018,
                        0.738923192024231,
                        0.4083913266658783
                    ],
                    [
                        -0.27974480390548706,
                        0.007798932492733002,
                        0.8042276501655579,
                        0.3764488101005554
                    ],
                    [
                        -0.4023551642894745,
                        -0.1241530105471611,
                        0.8751872181892395,
                        0.23272094130516052
                    ],
                    [
                        -0.473935067653656,
                        -0.10046029090881348,
                        0.7312580347061157,
                        0.19195899367332458
                    ],
                    [
                        -0.4587089419364929,
                        -0.05294404923915863,
                        0.7132777571678162,
                        0.29229864478111267
                    ],
                    [
                        -0.3969149589538574,
                        0.0014226771891117096,
                        0.7916080951690674,
                        0.36497268080711365
                    ],
                    [
                        -0.5487393140792847,
                        -0.28153231739997864,
                        0.7730565667152405,
                        0.2711191773414612
                    ],
                    [
                        -0.42605581879615784,
                        -0.28750160336494446,
                        0.7379125952720642,
                        0.2869623005390167
                    ],
                    [
                        -0.44612520933151245,
                        -0.16803526878356934,
                        0.7803338766098022,
                        0.2599065899848938
                    ],
                    [
                        -0.4645414352416992,
                        -0.08257503807544708,
                        0.6976844072341919,
                        0.3640957474708557
                    ],
                    [
                        -0.3919174075126648,
                        -0.10028231143951416,
                        0.7908506393432617,
                        0.3430442810058594
                    ],
                    [
                        -0.3881166875362396,
                        -0.09177100658416748,
                        0.7408356666564941,
                        0.34226834774017334
                    ]
                ]
            ],
            "actions_pred": [
                [
                    [
                        -0.08093948662281036,
                        -0.19823411107063293,
                        -0.3174060881137848,
                        -0.32974061369895935,
