{
    "steps": [
        {
            "step": 0,
            "train_loss": 0.04228997975587845,
            "actions_pred1": [
                [
                    [
                        -0.07037174701690674,
                        -0.06388208270072937,
                        0.6594054698944092,
                        0.4552730917930603
                    ],
                    [
                        -0.0919901430606842,
                        -0.0021937936544418335,
                        0.6831305623054504,
                        0.381191223859787
                    ],
                    [
                        -0.17618384957313538,
                        0.04473873972892761,
                        0.7576208114624023,
                        0.2500249445438385
                    ],
                    [
                        -0.2801980674266815,
                        0.054769352078437805,
                        0.7270011305809021,
                        0.2726491093635559
                    ],
                    [
                        -0.31429386138916016,
                        0.20836830139160156,
                        0.6414458751678467,
                        0.21576669812202454
                    ],
                    [
                        -0.20751383900642395,
                        0.112889364361763,
                        0.7053184509277344,
                        0.2709701657295227
                    ],
                    [
                        -0.09279707819223404,
                        0.14425307512283325,
                        0.635385274887085,
                        0.3523312211036682
                    ],
                    [
                        -0.37326332926750183,
                        0.21852678060531616,
                        0.9141959547996521,
                        0.28347262740135193
                    ],
                    [
                        -0.3846607804298401,
                        0.29769715666770935,
                        1.0027025938034058,
                        0.2879943549633026
                    ],
                    [
                        -0.48611611127853394,
                        0.24077743291854858,
                        1.0245840549468994,
                        0.2428637444972992
                    ],
                    [
                        -0.5104550123214722,
                        0.23533251881599426,
                        1.0865914821624756,
                        0.15092772245407104
                    ],
                    [
                        -0.3168881833553314,
                        0.10777173191308975,
                        0.9172745943069458,
                        0.2886495590209961
                    ],
                    [
                        -0.31745216250419617,
                        0.0731746256351471,
                        0.966042160987854,
                        0.20717492699623108
                    ],
                    [
                        -0.37073007225990295,
                        0.0009917616844177246,
                        0.9786676168441772,
                        0.21653605997562408
                    ],
                    [
                        -0.2548350393772125,
                        0.059328287839889526,
                        0.9311617612838745,
                        0.2566949129104614
                    ],
                    [
                        -0.2431766390800476,
                        0.013669602572917938,
                        0.7392558455467224,
                        0.3774714767932892
                    ],
                    [
                        -0.19073531031608582,
                        0.07928214967250824,
                        0.70747971534729,
                        0.40203145146369934
                    ],
                    [
                        -0.16641592979431152,
                        0.06905011832714081,
                        0.6939911842346191,
                        0.3537728786468506
                    ],
                    [
                        -0.040842607617378235,
                        0.06427069753408432,
                        0.7870125770568848,
                        0.2985800504684448
                    ],
                    [
                        -0.1938311755657196,
                        0.1526688039302826,
                        0.7697064876556396,
                        0.33780109882354736
                    ]
                ]
            ],
            "actions_pred": [
                [
                    [
                        -0.07037174701690674,
                        -0.0919901430606842,
                        -0.17618384957313538,
                        -0.2801980674266815,
                        -0.31429386138916016,
                        -0.20751383900642395,
                        -0.09279707819223404,
                        -0.37326332926750183,
                        -0.3846607804298401,
                        -0.48611611127853394,
                        -0.5104550123214722,
                        -0.3168881833553314,
                        -0.31745216250419617,
                        -0.37073007225990295,
                        -0.2548350393772125,
                        -0.2431766390800476,
                        -0.19073531031608582,
                        -0.16641592979431152,
                        -0.040842607617378235,
                        -0.1938311755657196
                    ],
                    [
                        -0.06388208270072937,
                        -0.0021937936544418335,
                        0.04473873972892761,
                        0.054769352078437805,
                        0.20836830139160156,
                        0.112889364361763,
                        0.14425307512283325,
                        0.21852678060531616,
                        0.29769715666770935,
                        0.24077743291854858,
                        0.23533251881599426,
                        0.10777173191308975,
                        0.0731746256351471,
                        0.0009917616844177246,
                        0.059328287839889526,
                        0.013669602572917938,
                        0.07928214967250824,
                        0.06905011832714081,
                        0.06427069753408432,
                        0.1526688039302826
                    ],
                    [
                        0.6594054698944092,
                        0.6831305623054504,
                        0.7576208114624023,
                        0.7270011305809021,
                        0.6414458751678467,
                        0.7053184509277344,
                        0.635385274887085,
                        0.9141959547996521,
                        1.0027025938034058,
                        1.0245840549468994,
                        1.0865914821624756,
                        0.9172745943069458,
                        0.966042160987854,
                        0.9786676168441772,
                        0.9311617612838745,
                        0.7392558455467224,
                        0.70747971534729,
                        0.6939911842346191,
                        0.7870125770568848,
                        0.7697064876556396
                    ],
                    [
                        0.4552730917930603,
                        0.381191223859787,
                        0.2500249445438385,
                        0.2726491093635559,
                        0.21576669812202454,
                        0.2709701657295227,
                        0.3523312211036682,
                        0.28347262740135193,
                        0.2879943549633026,
                        0.2428637444972992,
                        0.15092772245407104,
                        0.2886495590209961,
                        0.20717492699623108,
                        0.21653605997562408,
                        0.2566949129104614,
                        0.3774714767932892,
                        0.40203145146369934,
                        0.3537728786468506,
                        0.2985800504684448,
                        0.33780109882354736
                    ]
                ]
            ],
            "states": [
                [
                    [
                        5847024.0,
                        7.17427474228316e-06,
                        0.0002797465131152421,
                        862261.25
                    ],
                    [
                        5130264.0,
                        7.109771104296669e-06,
                        0.00027696648612618446,
                        791462.9375
                    ],
                    [
                        5460408.0,
                        7.0486535150848795e-06,
                        0.0002747685939539224,
                        848104.9375
                    ],
                    [
                        5159224.0,
                        6.988396307860967e-06,
                        0.000255326071055606,
                        826896.4375
                    ],
                    [
                        5280856.0,
                        6.9301599978643935e-06,
                        0.0002729953557718545,
                        850071.375
                    ],
                    [
                        5415520.0,
                        6.871501227578847e-06,
                        0.00026464968686923385,
                        894284.875
                    ],
                    [
                        5138952.0,
                        6.81457140672137e-06,
                        0.000260901142610237,
                        824406.5
                    ],
                    [
                        5364840.0,
                        6.758851213817252e-06,
                        0.00026091569452546537,
                        837380.25
                    ],
                    [
                        8605643.0,
                        0.0036125751212239265,
                        0.0002766261750366539,
                        462352.0625
                    ],
                    [
                        10015816.0,
                        0.00033437556703574955,
                        0.00026207882910966873,
                        482968.0625
                    ],
                    [
                        7806168.0,
                        0.00019468956452328712,
                        0.00027697221958078444,
                        473153.5
                    ],
                    [
                        6004856.0,
                        0.00014804340025875717,
                        0.00037561735371127725,
                        563905.9375
                    ],
                    [
                        3835752.0,
                        0.00012653775047510862,
                        0.000348972505889833,
                        546822.625
                    ],
                    [
                        693592.0,
                        0.00011859468213515356,
                        0.000344088242854923,
                        536207.0
                    ],
                    [
                        1136680.0,
                        0.00011570940841920674,
                        0.00030916635296307504,
                        532932.75
                    ],
                    [
                        755856.0,
                        0.0001128598305513151,
                        0.00029186115716584027,
                        668301.125
                    ],
                    [
                        573408.0,
                        0.00011094257206423208,
                        0.00031188191496767104,
                        741689.6875
                    ],
                    [
                        432952.0,
                        0.0001095341140171513,
                        0.0003927450452465564,
                        678985.1875
                    ],
                    [
                        1216320.0,
                        0.00010730996291385964,
                        0.00034627493005245924,
                        618105.1875
                    ],
                    [
                        4131144.0,
                        0.00010072957229567692,
                        0.00028098482289351523,
                        571491.4375
                    ]
                ]
            ],
            "actions": [
                [
                    [
                        0.75
                    ],
                    [
                        0.75
                    ],
                    [
                        0.75
                    ],
                    [
                        0.75
                    ],
                    [
                        0.75
                    ],
                    [
                        0.75
                    ],
                    [
                        0.75
                    ],
                    [
                        0.75
                    ],
                    [
                        0.5
                    ],
                    [
                        0.5
                    ],
                    [
                        0.5
                    ],
                    [
                        0.5
                    ],
                    [
                        0.5
                    ],
                    [
                        0.5
                    ],
                    [
                        0.5
                    ],
                    [
                        0.5
                    ],
                    [
                        0.5
                    ],
                    [
                        0.5
                    ],
                    [
                        0.5
                    ],
                    [
                        0.5
                    ]
                ]
            ],
            "returns": [
                [
                    [
                        0.48685410618782043
                    ],
                    [
                        0.4859126806259155
                    ],
                    [
                        0.48498284816741943
                    ],
                    [
                        0.4840475022792816
                    ],
                    [
                        0.48311716318130493
                    ],
                    [
                        0.4821847677230835
                    ],
                    [
                        0.481250137090683
                    ],
                    [
                        0.48032015562057495
                    ],
                    [
                        0.4793863594532013
                    ],
                    [
                        0.47841066122055054
                    ],
                    [
                        0.47742152214050293
                    ],
                    [
                        0.4764544665813446
                    ],
                    [
                        0.47551068663597107
                    ],
                    [
                        0.47460663318634033
                    ],
                    [
                        0.4738542139530182
                    ],
                    [
                        0.47305798530578613
                    ],
                    [
                        0.4722979664802551
                    ],
                    [
                        0.47156238555908203
                    ],
                    [
                        0.47085174918174744
                    ],
                    [
                        0.47004953026771545
                    ]
                ]
            ],
            "timesteps": [
                [
                    100,
                    101,
                    102,
                    103,
                    104,
                    105,
                    106,
                    107,
                    108,
                    109,
                    110,
                    111,
                    112,
                    113,
                    114,
                    115,
                    116,
                    117,
                    118,
                    119
                ]
            ],
            "labels": [
                [
                    2,
                    2,
                    2,
                    2,
                    2,
                    2,
                    2,
                    2,
                    1,
                    1,
                    1,
                    1,
                    1,
                    1,
                    1,
                    1,
                    1,
                    1,
                    1,
                    1
                ]
            ],
            "CPU Usage": 50.4,
            "RAM Usage": 60.7,
            "GPU Usage": 0.0,
            "VRAM Usage": 489.0,
            "Disk Read Speed (MB/s)": 191388.703125,
            "Disk Write Speed (MB/s)": 292625.9150390625
        },
        {
            "step": 1,
            "train_loss": 0.027877148240804672,
            "actions_pred1": [
                [
                    [
                        0.06749457120895386,
                        -0.26228874921798706,
                        0.7510493993759155,
                        0.36214035749435425
                    ],
                    [
                        0.007544085383415222,
                        -0.11682868003845215,
                        0.7131761908531189,
                        0.38126856088638306
                    ],
                    [
                        -0.0015452578663825989,
                        -0.011467546224594116,
                        0.6691862344741821,
                        0.4350263476371765
                    ],
                    [
                        0.166451096534729,
                        0.03261391818523407,
                        0.866645872592926,
                        0.4189132750034332
                    ],
                    [
                        0.08810751140117645,
                        0.06071622669696808,
                        0.9124870896339417,
                        0.3443825840950012
                    ],
                    [
                        -0.22544220089912415,
                        -0.14400696754455566,
                        0.8986111879348755,
                        0.3738166093826294
                    ],
                    [
                        -0.2821146249771118,
                        -0.17939996719360352,
                        0.8173700571060181,
                        0.3033532500267029
                    ],
                    [
                        -0.15107408165931702,
                        -0.12731260061264038,
                        0.7708919048309326,
                        0.3861275911331177
                    ],
                    [
                        -0.1579304039478302,
                        -0.09566448628902435,
                        0.6902228593826294,
                        0.2981221079826355
                    ],
                    [
                        -0.17276610434055328,
                        -0.05494849383831024,
                        0.7149463891983032,
                        0.1455613225698471
                    ],
                    [
                        -0.08827847242355347,
                        -0.14225780963897705,
                        0.6072916984558105,
                        0.1887819916009903
                    ],
                    [
                        -0.12748682498931885,
                        -0.055530816316604614,
                        0.775495707988739,
                        0.12369149923324585
                    ],
                    [
                        -0.09548527002334595,
                        -0.06752798706293106,
                        0.853887140750885,
                        0.17928515374660492
                    ],
                    [
                        -0.07642105221748352,
                        -0.1682279109954834,
                        0.8842718601226807,
                        0.09085899591445923
                    ],
                    [
                        -0.038098208606243134,
                        -0.18335098028182983,
                        0.7933815717697144,
                        0.16827240586280823
                    ],
                    [
                        -0.18889664113521576,
                        -0.16810032725334167,
                        0.691787838935852,
                        0.18100500106811523
                    ],
                    [
                        -0.11050401628017426,
                        -0.12107247114181519,
                        0.7515385150909424,
                        0.28963303565979004
                    ],
                    [
                        -0.10870075225830078,
                        -0.06538425385951996,
                        0.7904844284057617,
                        0.22769209742546082
                    ],
                    [
                        -0.11963978409767151,
                        -0.0628604143857956,
                        0.8005397915840149,
                        0.13148008286952972
                    ],
                    [
                        -0.12269045412540436,
                        -0.019638322293758392,
                        0.7694165706634521,
                        0.0922473818063736
                    ]
                ]
            ],
            "actions_pred": [
                [
                    [
                        0.06749457120895386,
                        0.007544085383415222,
                        -0.0015452578663825989,
                        0.166451096534729,
                        0.08810751140117645,
                        -0.22544220089912415,
                        -0.2821146249771118,
                        -0.15107408165931702,
                        -0.1579304039478302,
                        -0.17276610434055328,
                        -0.08827847242355347,
                        -0.12748682498931885,
                        -0.09548527002334595,
                        -0.07642105221748352,
                        -0.038098208606243134,
                        -0.18889664113521576,
                        -0.11050401628017426,
                        -0.10870075225830078,
                        -0.11963978409767151,
                        -0.12269045412540436
                    ],
                    [
                        -0.26228874921798706,
                        -0.11682868003845215,
                        -0.011467546224594116,
                        0.03261391818523407,
                        0.06071622669696808,
                        -0.14400696754455566,
                        -0.17939996719360352,
                        -0.12731260061264038,
                        -0.09566448628902435,
                        -0.05494849383831024,
                        -0.14225780963897705,
                        -0.055530816316604614,
                        -0.06752798706293106,
                        -0.1682279109954834,
                        -0.18335098028182983,
                        -0.16810032725334167,
                        -0.12107247114181519,
                        -0.06538425385951996,
                        -0.0628604143857956,
                        -0.019638322293758392
                    ],
                    [
                        0.7510493993759155,
                        0.7131761908531189,
                        0.6691862344741821,
                        0.866645872592926,
                        0.9124870896339417,
                        0.8986111879348755,
                        0.8173700571060181,
                        0.7708919048309326,
                        0.6902228593826294,
                        0.7149463891983032,
                        0.6072916984558105,
                        0.775495707988739,
                        0.853887140750885,
                        0.8842718601226807,
                        0.7933815717697144,
                        0.691787838935852,
                        0.7515385150909424,
                        0.7904844284057617,
                        0.8005397915840149,
                        0.7694165706634521
                    ],
                    [
                        0.36214035749435425,
                        0.38126856088638306,
                        0.4350263476371765,
                        0.4189132750034332,
                        0.3443825840950012,
                        0.3738166093826294,
                        0.3033532500267029,
                        0.3861275911331177,
                        0.2981221079826355,
                        0.1455613225698471,
                        0.1887819916009903,
                        0.12369149923324585,
                        0.17928515374660492,
                        0.09085899591445923,
                        0.16827240586280823,
                        0.18100500106811523,
                        0.28963303565979004,
                        0.22769209742546082,
                        0.13148008286952972,
                        0.0922473818063736
                    ]
                ]
            ],
            "states": [
                [
                    [
                        5583488.0,
                        1.565206184750423e-05,
                        0.00026454709586687386,
                        777972.9375
                    ],
                    [
                        4978224.0,
                        1.5359531971625984e-05,
                        0.0002797465131152421,
                        855686.3125
                    ],
                    [
                        5334432.0,
                        1.5084374354046304e-05,
                        0.00027696648612618446,
                        816815.875
                    ],
                    [
                        5159224.0,
                        1.4814246242167428e-05,
                        0.0002747685939539224,
                        799861.375
                    ],
                    [
                        5513984.0,
                        1.4549360457749572e-05,
                        0.000255326071055606,
                        807912.1875
                    ],
                    [
                        5082480.0,
                        1.4295442269940395e-05,
                        0.0002729953557718545,
                        779605.9375
                    ],
                    [
                        5376424.0,
                        1.4053456652618479e-05,
                        0.00026464968686923385,
                        853596.25
                    ],
                    [
                        5073792.0,
                        1.3819644664181396e-05,
                        0.000260901142610237,
                        865763.5
                    ],
                    [
                        5425656.0,
                        1.3592515642812941e-05,
                        0.00026091569452546537,
                        896600.0
                    ],
                    [
                        5301128.0,
                        1.3368029613047838e-05,
                        0.00027603365015238523,
                        844597.4375
                    ],
                    [
                        5346016.0,
                        1.3152442988939583e-05,
                        0.0002529293124098331,
                        839011.5
                    ],
                    [
                        5652992.0,
                        1.2936916391481645e-05,
                        0.0002769185812212527,
                        874385.5625
                    ],
                    [
                        5185288.0,
                        1.2731260540022049e-05,
                        0.0002480096882209182,
                        820181.0625
                    ],
                    [
                        5438688.0,
                        1.2536010217445437e-05,
                        0.00027678909827955067,
                        838090.6875
                    ],
                    [
                        5221488.0,
                        1.2345956747594755e-05,
                        0.0002834639744833112,
                        979366.25
                    ],
                    [
                        5306920.0,
                        1.2163849532953463e-05,
                        0.00027035834500566125,
                        858373.0
                    ],
                    [
                        5419864.0,
                        1.1983782314928249e-05,
                        0.0002671718248166144,
                        825702.5
                    ],
                    [
                        5708016.0,
                        1.1802524568338413e-05,
                        0.00027032653451897204,
                        851358.6875
                    ],
                    [
                        5637064.0,
                        1.1623262253124267e-05,
                        0.0002656110445968807,
                        872734.375
                    ],
                    [
                        5471992.0,
                        1.1452919352450408e-05,
                        0.0002651966060511768,
                        865487.25
                    ]
                ]
            ],
            "actions": [
                [
                    [
                        0.75
                    ],
                    [
                        0.75
                    ],
                    [
                        0.75
                    ],
                    [
                        0.75
                    ],
                    [
                        0.75
                    ],
                    [
                        0.75
                    ],
                    [
                        0.75
                    ],
                    [
                        0.75
                    ],
                    [
                        0.75
                    ],
                    [
                        0.75
                    ],
                    [
                        0.75
                    ],
                    [
                        0.75
                    ],
                    [
                        0.75
                    ],
                    [
                        0.75
                    ],
                    [
                        0.75
                    ],
                    [
                        0.75
                    ],
                    [
                        0.75
                    ],
                    [
                        0.75
                    ],
                    [
                        0.75
                    ],
                    [
                        0.75
                    ]
                ]
            ],
            "returns": [
                [
                    [
                        0.5428837537765503
                    ],
                    [
                        0.5419464111328125
                    ],
                    [
                        0.5410192608833313
                    ],
                    [
                        0.5400859713554382
                    ],
                    [
                        0.5391556620597839
                    ],
                    [
                        0.5382193922996521
                    ],
                    [
                        0.5372903943061829
                    ],
                    [
                        0.5363564491271973
                    ],
                    [
                        0.5354275703430176
                    ],
                    [
                        0.5344927906990051
                    ],
                    [
                        0.533560037612915
                    ],
                    [
                        0.5326265692710876
                    ],
                    [
                        0.5316881537437439
                    ],
                    [
                        0.5307573676109314
                    ],
                    [
                        0.5298223495483398
                    ],
                    [
                        0.5288909673690796
                    ],
                    [
                        0.5279580950737
                    ],
                    [
                        0.527023434638977
                    ],
                    [
                        0.5260841250419617
                    ],
                    [
                        0.525145947933197
                    ]
                ]
            ],
            "timesteps": [
                [
                    40,
                    41,
                    42,
                    43,
                    44,
                    45,
                    46,
                    47,
                    48,
                    49,
                    50,
                    51,
                    52,
                    53,
                    54,
                    55,
                    56,
                    57,
                    58,
                    59
                ]
            ],
            "labels": [
                [
                    2,
                    2,
                    2,
                    2,
                    2,
                    2,
                    2,
                    2,
                    2,
                    2,
                    2,
                    2,
                    2,
                    2,
                    2,
                    2,
                    2,
                    2,
                    2,
                    2
                ]
            ],
            "CPU Usage": 47.7,
            "RAM Usage": 60.9,
            "GPU Usage": 0.0,
            "VRAM Usage": 486.0,
            "Disk Read Speed (MB/s)": 191388.703125,
            "Disk Write Speed (MB/s)": 292626.1845703125
        },
        {
            "step": 2,
            "train_loss": 0.03484669700264931,
            "actions_pred1": [
                [
                    [
                        -0.22106847167015076,
                        0.24675340950489044,
                        0.27677467465400696,
                        0.49228617548942566
                    ],
                    [
                        0.10035800188779831,
                        0.08855198323726654,
                        0.3306897282600403,
                        0.4082166254520416
                    ],
                    [
                        -0.011909864842891693,
                        0.141931414604187,
                        0.31671154499053955,
                        0.4540010094642639
                    ],
                    [
                        -0.028703518211841583,
                        0.15508921444416046,
                        0.3400588631629944,
                        0.4056001305580139
                    ],
                    [
                        -0.040855132043361664,
                        0.09435994178056717,
                        0.33744558691978455,
                        0.3681739568710327
                    ],
                    [
                        -0.18564389646053314,
                        0.00504535436630249,
                        0.541240394115448,
                        0.5816583633422852
                    ],
                    [
                        -0.08744542300701141,
                        -0.08646722137928009,
                        0.6082528233528137,
                        0.6187551021575928
                    ],
                    [
                        -0.06499043107032776,
                        -0.07674939930438995,
                        0.5712722539901733,
                        0.5980362892150879
                    ],
                    [
                        -0.1570945531129837,
                        -0.014403626322746277,
                        0.5620444416999817,
                        0.49979352951049805
                    ],
                    [
                        -0.19822555780410767,
                        0.0809829980134964,
                        0.49866414070129395,
                        0.523535966873169
                    ],
                    [
                        -0.1920841783285141,
                        0.08544788509607315,
                        0.5319095849990845,
                        0.5320560336112976
                    ],
                    [
                        -0.22208784520626068,
                        0.05270905792713165,
                        0.4699174165725708,
                        0.39671748876571655
                    ],
                    [
                        -0.2866992950439453,
                        0.03992597013711929,
                        0.39946243166923523,
                        0.4027619957923889
                    ],
                    [
                        -0.27857059240341187,
                        0.051532380282878876,
                        0.529969334602356,
                        0.41296279430389404
                    ],
                    [
                        -0.428170770406723,
                        -0.22857403755187988,
                        0.7611758708953857,
                        0.4409778118133545
                    ],
                    [
                        -0.3742596209049225,
                        -0.047272227704524994,
                        0.7558773756027222,
                        0.39648550748825073
                    ],
                    [
                        -0.37837302684783936,
                        0.0028698742389678955,
                        0.6606279611587524,
                        0.3540204167366028
                    ],
                    [
                        -0.30968767404556274,
                        0.07970850169658661,
                        0.5626218318939209,
                        0.24597612023353577
                    ],
                    [
                        -0.44023674726486206,
                        0.22014150023460388,
                        0.6772814989089966,
                        0.15568691492080688
                    ],
                    [
                        -0.31688886880874634,
                        0.14487004280090332,
                        0.6145201921463013,
                        0.26500898599624634
                    ]
                ]
            ],
            "actions_pred": [
                [
                    [
                        -0.22106847167015076,
                        0.10035800188779831,
                        -0.011909864842891693,
                        -0.028703518211841583,
                        -0.040855132043361664,
                        -0.18564389646053314,
