{
    "steps": [
        {
            "step": 0,
            "train_loss": 0.030085444450378418,
            "actions_pred1": [
                [
                    [
                        -0.040069811046123505,
                        -0.3118923306465149,
                        0.6970506906509399,
                        0.5694676637649536
                    ],
                    [
                        -0.10400056838989258,
                        -0.16910117864608765,
                        0.6579146385192871,
                        0.5944036841392517
                    ],
                    [
                        -0.11292099207639694,
                        -0.06662657856941223,
                        0.6111917495727539,
                        0.6509677171707153
                    ],
                    [
                        0.05247652530670166,
                        -0.025766491889953613,
                        0.8033673763275146,
                        0.6423813104629517
                    ],
                    [
                        -0.025050081312656403,
                        0.002911701798439026,
                        0.8515180945396423,
                        0.5698542594909668
                    ],
                    [
                        -0.33578503131866455,
                        -0.19763974845409393,
                        0.8381240963935852,
                        0.5929631590843201
                    ],
                    [
                        -0.38977986574172974,
                        -0.23334133625030518,
                        0.7594212293624878,
                        0.5218963623046875
                    ],
                    [
                        -0.26571428775787354,
                        -0.18456977605819702,
                        0.7130534648895264,
                        0.6081264019012451
                    ],
                    [
                        -0.27367767691612244,
                        -0.1509440690279007,
                        0.6277165412902832,
                        0.5279226303100586
                    ],
                    [
                        -0.284313827753067,
                        -0.10979188233613968,
                        0.6531559824943542,
                        0.3760949373245239
                    ],
                    [
                        -0.20388275384902954,
                        -0.19333693385124207,
                        0.5447708368301392,
                        0.4178692102432251
                    ],
                    [
                        -0.23845204710960388,
                        -0.10866083949804306,
                        0.7125239968299866,
                        0.35468173027038574
                    ],
                    [
                        -0.20620179176330566,
                        -0.11820116639137268,
                        0.7950911521911621,
                        0.4051614999771118
                    ],
                    [
                        -0.19959081709384918,
                        -0.21500363945960999,
                        0.830312192440033,
                        0.3268220126628876
                    ],
                    [
                        -0.1679176688194275,
                        -0.23081594705581665,
                        0.7364094257354736,
                        0.40442657470703125
                    ],
                    [
                        -0.3261486887931824,
                        -0.21934586763381958,
                        0.6285443305969238,
                        0.42797064781188965
                    ],
                    [
                        -0.2420957237482071,
                        -0.17634905874729156,
                        0.6883052587509155,
                        0.5314677357673645
                    ],
                    [
                        -0.23514795303344727,
                        -0.12002789974212646,
                        0.7235192060470581,
                        0.46581417322158813
                    ],
                    [
                        -0.2450389862060547,
                        -0.11842174082994461,
                        0.7320939302444458,
                        0.36847299337387085
                    ],
                    [
                        -0.24380463361740112,
                        -0.07360508292913437,
                        0.7067770957946777,
                        0.3204716145992279
                    ]
                ]
            ],
            "actions_pred": [
                [
                    [
                        -0.040069811046123505,
                        -0.10400056838989258,
                        -0.11292099207639694,
                        0.05247652530670166,
                        -0.025050081312656403,
                        -0.33578503131866455,
                        -0.38977986574172974,
                        -0.26571428775787354,
                        -0.27367767691612244,
                        -0.284313827753067,
                        -0.20388275384902954,
                        -0.23845204710960388,
                        -0.20620179176330566,
                        -0.19959081709384918,
                        -0.1679176688194275,
                        -0.3261486887931824,
                        -0.2420957237482071,
                        -0.23514795303344727,
                        -0.2450389862060547,
                        -0.24380463361740112
                    ],
                    [
                        -0.3118923306465149,
                        -0.16910117864608765,
                        -0.06662657856941223,
                        -0.025766491889953613,
                        0.002911701798439026,
                        -0.19763974845409393,
                        -0.23334133625030518,
                        -0.18456977605819702,
                        -0.1509440690279007,
                        -0.10979188233613968,
                        -0.19333693385124207,
                        -0.10866083949804306,
                        -0.11820116639137268,
                        -0.21500363945960999,
                        -0.23081594705581665,
                        -0.21934586763381958,
                        -0.17634905874729156,
                        -0.12002789974212646,
                        -0.11842174082994461,
                        -0.07360508292913437
                    ],
                    [
                        0.6970506906509399,
                        0.6579146385192871,
                        0.6111917495727539,
                        0.8033673763275146,
                        0.8515180945396423,
                        0.8381240963935852,
                        0.7594212293624878,
                        0.7130534648895264,
                        0.6277165412902832,
                        0.6531559824943542,
                        0.5447708368301392,
                        0.7125239968299866,
                        0.7950911521911621,
                        0.830312192440033,
                        0.7364094257354736,
                        0.6285443305969238,
                        0.6883052587509155,
                        0.7235192060470581,
                        0.7320939302444458,
                        0.7067770957946777
                    ],
                    [
                        0.5694676637649536,
                        0.5944036841392517,
                        0.6509677171707153,
                        0.6423813104629517,
                        0.5698542594909668,
                        0.5929631590843201,
                        0.5218963623046875,
                        0.6081264019012451,
                        0.5279226303100586,
                        0.3760949373245239,
                        0.4178692102432251,
                        0.35468173027038574,
                        0.4051614999771118,
                        0.3268220126628876,
                        0.40442657470703125,
                        0.42797064781188965,
                        0.5314677357673645,
                        0.46581417322158813,
                        0.36847299337387085,
                        0.3204716145992279
                    ]
                ]
            ],
            "states": [
                [
                    [
                        5583488.0,
                        1.565206184750423e-05,
                        0.00026454709586687386,
                        777972.9375
                    ],
                    [
                        4978224.0,
                        1.5359531971625984e-05,
                        0.0002797465131152421,
                        855686.3125
                    ],
                    [
                        5334432.0,
                        1.5084374354046304e-05,
                        0.00027696648612618446,
                        816815.875
                    ],
                    [
                        5159224.0,
                        1.4814246242167428e-05,
                        0.0002747685939539224,
                        799861.375
                    ],
                    [
                        5513984.0,
                        1.4549360457749572e-05,
                        0.000255326071055606,
                        807912.1875
                    ],
                    [
                        5082480.0,
                        1.4295442269940395e-05,
                        0.0002729953557718545,
                        779605.9375
                    ],
                    [
                        5376424.0,
                        1.4053456652618479e-05,
                        0.00026464968686923385,
                        853596.25
                    ],
                    [
                        5073792.0,
                        1.3819644664181396e-05,
                        0.000260901142610237,
                        865763.5
                    ],
                    [
                        5425656.0,
                        1.3592515642812941e-05,
                        0.00026091569452546537,
                        896600.0
                    ],
                    [
                        5301128.0,
                        1.3368029613047838e-05,
                        0.00027603365015238523,
                        844597.4375
                    ],
                    [
                        5346016.0,
                        1.3152442988939583e-05,
                        0.0002529293124098331,
                        839011.5
                    ],
                    [
                        5652992.0,
                        1.2936916391481645e-05,
                        0.0002769185812212527,
                        874385.5625
                    ],
                    [
                        5185288.0,
                        1.2731260540022049e-05,
                        0.0002480096882209182,
                        820181.0625
                    ],
                    [
                        5438688.0,
                        1.2536010217445437e-05,
                        0.00027678909827955067,
                        838090.6875
                    ],
                    [
                        5221488.0,
                        1.2345956747594755e-05,
                        0.0002834639744833112,
                        979366.25
                    ],
                    [
                        5306920.0,
                        1.2163849532953463e-05,
                        0.00027035834500566125,
                        858373.0
                    ],
                    [
                        5419864.0,
                        1.1983782314928249e-05,
                        0.0002671718248166144,
                        825702.5
                    ],
                    [
                        5708016.0,
                        1.1802524568338413e-05,
                        0.00027032653451897204,
                        851358.6875
                    ],
                    [
                        5637064.0,
                        1.1623262253124267e-05,
                        0.0002656110445968807,
                        872734.375
                    ],
                    [
                        5471992.0,
                        1.1452919352450408e-05,
                        0.0002651966060511768,
                        865487.25
                    ]
                ]
            ],
            "actions": [
                [
                    [
                        0.75
                    ],
                    [
                        0.75
                    ],
                    [
                        0.75
                    ],
                    [
                        0.75
                    ],
                    [
                        0.75
                    ],
                    [
                        0.75
                    ],
                    [
                        0.75
                    ],
                    [
                        0.75
                    ],
                    [
                        0.75
                    ],
                    [
                        0.75
                    ],
                    [
                        0.75
                    ],
                    [
                        0.75
                    ],
                    [
                        0.75
                    ],
                    [
                        0.75
                    ],
                    [
                        0.75
                    ],
                    [
                        0.75
                    ],
                    [
                        0.75
                    ],
                    [
                        0.75
                    ],
                    [
                        0.75
                    ],
                    [
                        0.75
                    ]
                ]
            ],
            "returns": [
                [
                    [
                        0.5428837537765503
                    ],
                    [
                        0.5419464111328125
                    ],
                    [
                        0.5410192608833313
                    ],
                    [
                        0.5400859713554382
                    ],
                    [
                        0.5391556620597839
                    ],
                    [
                        0.5382193922996521
                    ],
                    [
                        0.5372903943061829
                    ],
                    [
                        0.5363564491271973
                    ],
                    [
                        0.5354275703430176
                    ],
                    [
                        0.5344927906990051
                    ],
                    [
                        0.533560037612915
                    ],
                    [
                        0.5326265692710876
                    ],
                    [
                        0.5316881537437439
                    ],
                    [
                        0.5307573676109314
                    ],
                    [
                        0.5298223495483398
                    ],
                    [
                        0.5288909673690796
                    ],
                    [
                        0.5279580950737
                    ],
                    [
                        0.527023434638977
                    ],
                    [
                        0.5260841250419617
                    ],
                    [
                        0.525145947933197
                    ]
                ]
            ],
            "timesteps": [
                [
                    40,
                    41,
                    42,
                    43,
                    44,
                    45,
                    46,
                    47,
                    48,
                    49,
                    50,
                    51,
                    52,
                    53,
                    54,
                    55,
                    56,
                    57,
                    58,
                    59
                ]
            ],
            "labels": [
                [
                    2,
                    2,
                    2,
                    2,
                    2,
                    2,
                    2,
                    2,
                    2,
                    2,
                    2,
                    2,
                    2,
                    2,
                    2,
                    2,
                    2,
                    2,
                    2,
                    2
                ]
            ],
            "CPU Usage": 46.4,
            "RAM Usage": 58.2,
            "GPU Usage": 0.0,
            "VRAM Usage": 361.0,
            "Disk Read Speed (MB/s)": 190491.0341796875,
            "Disk Write Speed (MB/s)": 275992.2353515625
        },
        {
            "step": 1,
            "train_loss": 0.054251156747341156,
            "actions_pred1": [
                [
                    [
                        -0.06478074193000793,
                        -0.1533876359462738,
                        0.5556182265281677,
                        0.5762425661087036
                    ],
                    [
                        -0.19635240733623505,
                        -0.31189751625061035,
                        0.3782176971435547,
                        0.5858518481254578
                    ],
                    [
                        -0.2684740424156189,
                        -0.26073479652404785,
                        0.49549469351768494,
                        0.5207224488258362
                    ],
                    [
                        -0.48628872632980347,
                        -0.19741806387901306,
                        0.44770708680152893,
                        0.5122575759887695
                    ],
                    [
                        -0.5188964605331421,
                        -0.13395506143569946,
                        0.4896358251571655,
                        0.439983606338501
                    ],
                    [
                        -0.49345603585243225,
                        -0.091851606965065,
                        0.5365114808082581,
                        0.5234481692314148
                    ],
                    [
                        -0.5476001501083374,
                        -0.06368812918663025,
                        0.4464448094367981,
                        0.5734508037567139
                    ],
                    [
                        -0.5428578853607178,
                        -0.14577534794807434,
                        0.5011801719665527,
                        0.49265360832214355
                    ],
                    [
                        -0.5626979470252991,
                        -0.1551455557346344,
                        0.5237506031990051,
                        0.45833712816238403
                    ],
                    [
                        -0.5487792491912842,
                        -0.14420051872730255,
                        0.6590800881385803,
                        0.5418263673782349
                    ],
                    [
                        -0.37708738446235657,
                        -0.14855274558067322,
                        0.5974355936050415,
                        0.4283316731452942
                    ],
                    [
                        -0.28246456384658813,
                        -0.20690158009529114,
                        0.5896962881088257,
                        0.388675332069397
                    ],
                    [
                        -0.41252514719963074,
                        -0.10949204862117767,
                        0.7015295624732971,
                        0.38005393743515015
                    ],
                    [
                        -0.44811001420021057,
                        -0.12316284328699112,
                        0.7099031209945679,
                        0.5005879998207092
                    ],
                    [
                        -0.5161228775978088,
                        -0.055469632148742676,
                        0.6720401048660278,
                        0.5275683403015137
                    ],
                    [
                        -0.4690854251384735,
                        0.008287109434604645,
                        0.6927254796028137,
                        0.5397613048553467
                    ],
                    [
                        -0.4703896641731262,
                        -0.08433458209037781,
                        0.7261104583740234,
                        0.4835337996482849
                    ],
                    [
                        -0.48700037598609924,
                        -0.10197421163320541,
                        0.6666197180747986,
                        0.5297925472259521
                    ],
                    [
                        -0.3975706398487091,
                        -0.06901121139526367,
                        0.6019011735916138,
                        0.6255825757980347
                    ],
                    [
                        -0.33904311060905457,
                        -0.015485472977161407,
                        0.5141672492027283,
                        0.5486364960670471
                    ]
                ]
            ],
            "actions_pred": [
                [
                    [
                        -0.06478074193000793,
                        -0.19635240733623505,
                        -0.2684740424156189,
                        -0.48628872632980347,
                        -0.5188964605331421,
                        -0.49345603585243225,
                        -0.5476001501083374,
                        -0.5428578853607178,
                        -0.5626979470252991,
                        -0.5487792491912842,
                        -0.37708738446235657,
                        -0.28246456384658813,
                        -0.41252514719963074,
                        -0.44811001420021057,
                        -0.5161228775978088,
                        -0.4690854251384735,
                        -0.4703896641731262,
                        -0.48700037598609924,
                        -0.3975706398487091,
                        -0.33904311060905457
                    ],
                    [
                        -0.1533876359462738,
                        -0.31189751625061035,
                        -0.26073479652404785,
                        -0.19741806387901306,
                        -0.13395506143569946,
                        -0.091851606965065,
                        -0.06368812918663025,
                        -0.14577534794807434,
                        -0.1551455557346344,
                        -0.14420051872730255,
                        -0.14855274558067322,
                        -0.20690158009529114,
                        -0.10949204862117767,
                        -0.12316284328699112,
                        -0.055469632148742676,
                        0.008287109434604645,
                        -0.08433458209037781,
                        -0.10197421163320541,
                        -0.06901121139526367,
                        -0.015485472977161407
                    ],
                    [
                        0.5556182265281677,
                        0.3782176971435547,
                        0.49549469351768494,
                        0.44770708680152893,
                        0.4896358251571655,
                        0.5365114808082581,
                        0.4464448094367981,
                        0.5011801719665527,
                        0.5237506031990051,
                        0.6590800881385803,
                        0.5974355936050415,
                        0.5896962881088257,
                        0.7015295624732971,
                        0.7099031209945679,
                        0.6720401048660278,
                        0.6927254796028137,
                        0.7261104583740234,
                        0.6666197180747986,
                        0.6019011735916138,
                        0.5141672492027283
                    ],
                    [
                        0.5762425661087036,
                        0.5858518481254578,
                        0.5207224488258362,
                        0.5122575759887695,
                        0.439983606338501,
                        0.5234481692314148,
                        0.5734508037567139,
                        0.49265360832214355,
                        0.45833712816238403,
                        0.5418263673782349,
                        0.4283316731452942,
                        0.388675332069397,
                        0.38005393743515015,
                        0.5005879998207092,
                        0.5275683403015137,
                        0.5397613048553467,
                        0.4835337996482849,
                        0.5297925472259521,
                        0.6255825757980347,
                        0.5486364960670471
                    ]
                ]
            ],
            "states": [
                [
                    [
                        5603760.0,
                        1.8195280063082464e-05,
                        0.00019109471759293228,
                        502731.65625
                    ],
                    [
                        5502400.0,
                        1.778137630026322e-05,
                        0.00025023153284564614,
                        515799.5
                    ],
                    [
                        3495337.0,
                        2.0890449377475306e-05,
                        0.000305382302030921,
                        476338.21875
                    ],
                    [
                        1255416.0,
                        5.187569695408456e-05,
                        0.00029567780438810587,
                        761957.25
                    ],
                    [
                        2240056.0,
                        5.151751611265354e-05,
                        0.00033060877467505634,
                        603144.3125
                    ],
                    [
                        3857472.0,
                        4.8557489208178595e-05,
                        0.0031183171086013317,
                        533986.8125
                    ],
                    [
                        4274496.0,
                        4.78329966426827e-05,
                        0.0025027666706591845,
                        540291.25
                    ],
                    [
                        4416400.0,
                        4.7082099627004936e-05,
                        0.0014389286516234279,
                        565093.875
                    ],
                    [
                        8094320.0,
                        4.604376954375766e-05,
                        0.0007658242247998714,
                        548988.375
                    ],
                    [
                        6445048.0,
                        4.488962440518662e-05,
                        0.00038344759377650917,
                        548654.4375
                    ],
                    [
                        5370632.0,
                        4.3993775761919096e-05,
                        0.00022289676417130977,
                        576383.875
                    ],
                    [
                        4669800.0,
                        4.3260322854621336e-05,
                        0.00016156068886630237,
                        587927.8125
                    ],
                    [
                        5024560.0,
                        4.257538603269495e-05,
                        0.0001406134688295424,
                        551057.8125
                    ],
                    [
                        5088272.0,
                        4.1883507947204635e-05,
                        0.00015407148748636246,
                        546541.25
                    ],
                    [
                        5479232.0,
                        4.118427023058757e-05,
                        0.00013193934864830226,
                        600107.125
                    ],
                    [
                        4853696.0,
                        4.0522416384192184e-05,
                        0.000135277965455316,
                        557284.125
                    ],
                    [
                        4022544.0,
                        3.997057501692325e-05,
                        0.0001415384467691183,
                        635772.1875
                    ],
                    [
                        3612760.0,
                        3.950786776840687e-05,
                        0.0001762084721121937,
                        576885.25
                    ],
                    [
                        3773488.0,
                        3.907046266249381e-05,
                        0.000310274597723037,
                        547162.9375
                    ],
                    [
                        4445360.0,
                        3.8595113437622786e-05,
                        0.00025462565827183425,
                        623805.0
                    ]
                ]
            ],
            "actions": [
                [
                    [
                        0.5
                    ],
                    [
                        0.5
                    ],
                    [
                        0.5
                    ],
                    [
                        0.5
                    ],
                    [
                        0.5
                    ],
                    [
                        0.5
                    ],
                    [
                        0.5
                    ],
                    [
                        0.5
                    ],
                    [
                        0.5
                    ],
                    [
                        0.5
                    ],
                    [
                        0.5
                    ],
                    [
                        0.5
                    ],
                    [
                        0.5
                    ],
                    [
                        0.5
                    ],
                    [
                        0.5
                    ],
                    [
                        0.5
                    ],
                    [
                        0.5
                    ],
                    [
                        0.5
                    ],
                    [
                        0.5
                    ],
                    [
                        0.5
                    ]
                ]
            ],
            "returns": [
                [
                    [
                        0.1523428112268448
                    ],
                    [
                        0.15140515565872192
                    ],
                    [
                        0.150469109416008
                    ],
                    [
                        0.14957329630851746
                    ],
                    [
                        0.14876827597618103
                    ],
                    [
                        0.1479119062423706
                    ],
                    [
                        0.14700736105442047
                    ],
                    [
                        0.1460937112569809
                    ],
                    [
                        0.14517715573310852
                    ],
                    [
                        0.14420689642429352
                    ],
                    [
                        0.14325684309005737
                    ],
                    [
                        0.14232294261455536
                    ],
                    [
                        0.14140145480632782
                    ],
                    [
                        0.14047347009181976
                    ],
                    [
                        0.13954436779022217
                    ],
                    [
                        0.13860870897769928
                    ],
                    [
                        0.13768377900123596
                    ],
                    [
                        0.13677552342414856
                    ],
                    [
                        0.13587677478790283
                    ],
                    [
                        0.1349741816520691
                    ]
                ]
            ],
            "timesteps": [
                [
                    460,
                    461,
                    462,
                    463,
                    464,
                    465,
                    466,
                    467,
                    468,
                    469,
                    470,
                    471,
                    472,
                    473,
                    474,
                    475,
                    476,
                    477,
                    478,
                    479
                ]
            ],
            "labels": [
                [
                    1,
                    1,
                    1,
                    1,
                    1,
                    1,
                    1,
                    1,
                    1,
                    1,
                    1,
                    1,
                    1,
                    1,
                    1,
                    1,
                    1,
                    1,
                    1,
                    1
                ]
            ],
            "CPU Usage": 53.3,
            "RAM Usage": 58.7,
            "GPU Usage": 0.0,
            "VRAM Usage": 354.0,
            "Disk Read Speed (MB/s)": 190491.0341796875,
            "Disk Write Speed (MB/s)": 275993.8447265625
        },
        {
            "step": 2,
            "train_loss": 0.05256729573011398,
            "actions_pred1": [
                [
                    [
                        -0.4924715757369995,
                        -0.3629254102706909,
                        0.18011638522148132,
                        0.4383515417575836
                    ],
                    [
                        -0.4427751898765564,
                        -0.32425791025161743,
                        0.42957714200019836,
                        0.48280325531959534
                    ],
                    [
                        -0.36485540866851807,
                        -0.30640214681625366,
                        0.36975958943367004,
                        0.3981720209121704
                    ],
                    [
                        -0.32655972242355347,
                        -0.28902482986450195,
                        0.4078404903411865,
                        0.3196413815021515
                    ],
                    [
                        -0.2064075469970703,
                        -0.28381192684173584,
                        0.1665077656507492,
                        0.15884721279144287
                    ],
                    [
                        -0.10039475560188293,
                        -0.16448932886123657,
                        0.34493488073349,
                        0.12925970554351807
                    ],
                    [
                        -0.10434669256210327,
                        -0.05963415652513504,
                        0.4419044852256775,
                        0.12676209211349487
                    ],
                    [
                        -0.08582858741283417,
                        -0.040728963911533356,
                        0.5338823795318604,
                        0.32410097122192383
                    ],
                    [
                        -0.24814829230308533,
                        -0.02409283071756363,
                        0.414031982421875,
                        0.27378830313682556
                    ],
                    [
                        -0.21496418118476868,
                        -0.1354692280292511,
                        0.6273267269134521,
                        0.3478783965110779
                    ],
                    [
                        -0.2770674526691437,
                        -0.2245529443025589,
                        0.5745344161987305,
                        0.3049370050430298
                    ],
                    [
                        -0.4635735750198364,
                        -0.21463726460933685,
                        0.5671213269233704,
                        0.29351407289505005
                    ],
                    [
                        -0.47343936562538147,
                        -0.10002496093511581,
                        0.6033465266227722,
                        0.3393148183822632
                    ],
                    [
                        -0.44919341802597046,
                        -0.04661567509174347,
                        0.6032954454421997,
                        0.3935014009475708
                    ],
                    [
                        -0.41972583532333374,
                        -0.11927731335163116,
                        0.5193721652030945,
                        0.35156434774398804
                    ],
                    [
                        -0.38616055250167847,
                        -0.054286353290081024,
                        0.4993356764316559,
                        0.27619168162345886
                    ],
                    [
                        -0.21364669501781464,
                        -0.10264737159013748,
                        0.4153934717178345,
                        0.2859891355037689
                    ],
                    [
                        -0.27995502948760986,
                        -0.08852148056030273,
                        0.4786771237850189,
                        0.40712565183639526
                    ],
                    [
                        -0.3624285161495209,
                        -0.038107730448246,
                        0.6635069847106934,
                        0.33955830335617065
                    ],
                    [
                        -0.333919882774353,
                        -0.13494643568992615,
                        0.7998175621032715,
                        0.32432207465171814
                    ]
                ]
            ],
            "actions_pred": [
                [
                    [
                        -0.4924715757369995,
                        -0.4427751898765564,
                        -0.36485540866851807,
                        -0.32655972242355347,
                        -0.2064075469970703,
                        -0.10039475560188293,
