{
    "steps": [
        {
            "step": 0,
            "train_loss": 0.06296658515930176,
            "actions_pred1": [
                [
                    [
                        -0.35388463735580444,
                        -0.3799755871295929,
                        0.6564686298370361,
                        0.6294201612472534
                    ],
                    [
                        -0.4556233584880829,
                        -0.2372482419013977,
                        0.7408999800682068,
                        0.5319936275482178
                    ],
                    [
                        -0.5482603907585144,
                        -0.17642071843147278,
                        0.6467577219009399,
                        0.521090030670166
                    ],
                    [
                        -0.31361421942710876,
                        -0.1885676085948944,
                        0.5758233070373535,
                        0.6125470399856567
                    ],
                    [
                        -0.3042217195034027,
                        -0.15176638960838318,
                        0.60553377866745,
                        0.4770034849643707
                    ],
                    [
                        -0.1889481544494629,
                        -0.0511794313788414,
                        0.6507676839828491,
                        0.3853854537010193
                    ],
                    [
                        -0.23043721914291382,
                        0.05093642324209213,
                        0.7205474376678467,
                        0.42345958948135376
                    ],
                    [
                        -0.3713625371456146,
                        0.2152126431465149,
                        0.7290933728218079,
                        0.42499884963035583
                    ],
                    [
                        -0.38922223448753357,
                        0.06905166059732437,
                        0.7637916803359985,
                        0.5516964197158813
                    ],
                    [
                        -0.4360313415527344,
                        0.14544165134429932,
                        0.6050133109092712,
                        0.5838983058929443
                    ],
                    [
                        -0.4314737319946289,
                        0.1632547378540039,
                        0.5294724702835083,
                        0.4991944432258606
                    ],
                    [
                        -0.302714079618454,
                        0.06232462078332901,
                        0.5270398855209351,
                        0.44408559799194336
                    ],
                    [
                        -0.35741084814071655,
                        0.0551876500248909,
                        0.6484829187393188,
                        0.47981345653533936
                    ],
                    [
                        -0.2133941352367401,
                        0.14479732513427734,
                        0.6523010730743408,
                        0.5397157669067383
                    ],
                    [
                        -0.2442263662815094,
                        0.1252305805683136,
                        0.5936592817306519,
                        0.5740771889686584
                    ],
                    [
                        -0.24421533942222595,
                        0.1044517308473587,
                        0.6201860308647156,
                        0.5292971134185791
                    ],
                    [
                        -0.3102770149707794,
                        0.0632271096110344,
                        0.5933593511581421,
                        0.5610150098800659
                    ],
                    [
                        -0.5296638607978821,
                        0.02516254037618637,
                        0.4675627648830414,
                        0.560413122177124
                    ],
                    [
                        -0.42410725355148315,
                        -0.01033838465809822,
                        0.5357632637023926,
                        0.645285427570343
                    ],
                    [
                        -0.32293736934661865,
                        0.14298883080482483,
                        0.5612975358963013,
                        0.5969685316085815
                    ]
                ]
            ],
            "actions_pred": [
                [
                    [
                        -0.35388463735580444,
                        -0.4556233584880829,
                        -0.5482603907585144,
                        -0.31361421942710876,
                        -0.3042217195034027,
                        -0.1889481544494629,
                        -0.23043721914291382,
                        -0.3713625371456146,
                        -0.38922223448753357,
                        -0.4360313415527344,
                        -0.4314737319946289,
                        -0.302714079618454,
                        -0.35741084814071655,
                        -0.2133941352367401,
                        -0.2442263662815094,
                        -0.24421533942222595,
                        -0.3102770149707794,
                        -0.5296638607978821,
                        -0.42410725355148315,
                        -0.32293736934661865
                    ],
                    [
                        -0.3799755871295929,
                        -0.2372482419013977,
                        -0.17642071843147278,
                        -0.1885676085948944,
                        -0.15176638960838318,
                        -0.0511794313788414,
                        0.05093642324209213,
                        0.2152126431465149,
                        0.06905166059732437,
                        0.14544165134429932,
                        0.1632547378540039,
                        0.06232462078332901,
                        0.0551876500248909,
                        0.14479732513427734,
                        0.1252305805683136,
                        0.1044517308473587,
                        0.0632271096110344,
                        0.02516254037618637,
                        -0.01033838465809822,
                        0.14298883080482483
                    ],
                    [
                        0.6564686298370361,
                        0.7408999800682068,
                        0.6467577219009399,
                        0.5758233070373535,
                        0.60553377866745,
                        0.6507676839828491,
                        0.7205474376678467,
                        0.7290933728218079,
                        0.7637916803359985,
                        0.6050133109092712,
                        0.5294724702835083,
                        0.5270398855209351,
                        0.6484829187393188,
                        0.6523010730743408,
                        0.5936592817306519,
                        0.6201860308647156,
                        0.5933593511581421,
                        0.4675627648830414,
                        0.5357632637023926,
                        0.5612975358963013
                    ],
                    [
                        0.6294201612472534,
                        0.5319936275482178,
                        0.521090030670166,
                        0.6125470399856567,
                        0.4770034849643707,
                        0.3853854537010193,
                        0.42345958948135376,
                        0.42499884963035583,
                        0.5516964197158813,
                        0.5838983058929443,
                        0.4991944432258606,
                        0.44408559799194336,
                        0.47981345653533936,
                        0.5397157669067383,
                        0.5740771889686584,
                        0.5292971134185791,
                        0.5610150098800659,
                        0.560413122177124,
                        0.645285427570343,
                        0.5969685316085815
                    ]
                ]
            ],
            "states": [
                [
                    [
                        9174528.0,
                        1.5287421774701215e-05,
                        0.00015401413838844746,
                        462799.78125
                    ],
                    [
                        9721872.0,
                        1.4988291695772205e-05,
                        0.00014908269804436713,
                        471413.40625
                    ],
                    [
                        8650352.0,
                        1.4708337403135374e-05,
                        0.00013771618250757456,
                        476596.0
                    ],
                    [
                        9385704.0,
                        1.4443650798057206e-05,
                        0.000157010683324188,
                        448618.75
                    ],
                    [
                        9197696.0,
                        1.4180617654346861e-05,
                        0.00013674897491000593,
                        456343.53125
                    ],
                    [
                        9271544.0,
                        1.392852846038295e-05,
                        0.000155533998622559,
                        449987.3125
                    ],
                    [
                        8570712.0,
                        1.3693322216568049e-05,
                        0.00014997956168372184,
                        453578.0625
                    ],
                    [
                        9304848.0,
                        1.346561111859046e-05,
                        0.0001673756050877273,
                        435181.0625
                    ],
                    [
                        8921128.0,
                        1.3241030501376372e-05,
                        0.00015327449364122003,
                        460544.8125
                    ],
                    [
                        8646008.0,
                        1.303156568610575e-05,
                        0.00015547996736131608,
                        463163.09375
                    ],
                    [
                        8767640.0,
                        1.2830393643525895e-05,
                        0.00015675314352847636,
                        458172.0625
                    ],
                    [
                        8076944.0,
                        1.2641571629501414e-05,
                        0.00016837925068102777,
                        477030.90625
                    ],
                    [
                        8123280.0,
                        1.2465176951081958e-05,
                        0.00015461879957001656,
                        493767.40625
                    ],
                    [
                        8650352.0,
                        1.228769360750448e-05,
                        0.00016164440603461117,
                        451473.28125
                    ],
                    [
                        7982824.0,
                        1.211656035593478e-05,
                        0.00016790036170277745,
                        481186.15625
                    ],
                    [
                        7248688.0,
                        1.1963955330429599e-05,
                        0.00016397373110521585,
                        490311.46875
                    ],
                    [
                        7208144.0,
                        1.1822661690530367e-05,
                        0.00017705760546959937,
                        472943.71875
                    ],
                    [
                        7193664.0,
                        1.1685199751809705e-05,
                        0.000179134716745466,
                        469996.125
                    ],
                    [
                        6442152.0,
                        1.1557923244254198e-05,
                        0.00016420705651398748,
                        470480.40625
                    ],
                    [
                        6989496.0,
                        1.1435274245741311e-05,
                        0.00018320638628210872,
                        451753.78125
                    ]
                ]
            ],
            "actions": [
                [
                    [
                        0.25
                    ],
                    [
                        0.25
                    ],
                    [
                        0.25
                    ],
                    [
                        0.25
                    ],
                    [
                        0.25
                    ],
                    [
                        0.25
                    ],
                    [
                        0.25
                    ],
                    [
                        0.25
                    ],
                    [
                        0.25
                    ],
                    [
                        0.25
                    ],
                    [
                        0.25
                    ],
                    [
                        0.25
                    ],
                    [
                        0.25
                    ],
                    [
                        0.25
                    ],
                    [
                        0.25
                    ],
                    [
                        0.25
                    ],
                    [
                        0.25
                    ],
                    [
                        0.25
                    ],
                    [
                        0.25
                    ],
                    [
                        0.25
                    ]
                ]
            ],
            "returns": [
                [
                    [
                        0.2469175159931183
                    ],
                    [
                        0.24593615531921387
                    ],
                    [
                        0.24494965374469757
                    ],
                    [
                        0.2439734935760498
                    ],
                    [
                        0.24299012124538422
                    ],
                    [
                        0.2420085221529007
                    ],
                    [
                        0.24102622270584106
                    ],
                    [
                        0.24005089700222015
                    ],
                    [
                        0.23906828463077545
                    ],
                    [
                        0.2380893975496292
                    ],
                    [
                        0.23711329698562622
                    ],
                    [
                        0.23613594472408295
                    ],
                    [
                        0.23516587913036346
                    ],
                    [
                        0.2341953068971634
                    ],
                    [
                        0.23321916162967682
                    ],
                    [
                        0.2322501242160797
                    ],
                    [
                        0.23128965497016907
                    ],
                    [
                        0.23032966256141663
                    ],
                    [
                        0.2293698638677597
                    ],
                    [
                        0.22841985523700714
                    ]
                ]
            ],
            "timesteps": [
                [
                    360,
                    361,
                    362,
                    363,
                    364,
                    365,
                    366,
                    367,
                    368,
                    369,
                    370,
                    371,
                    372,
                    373,
                    374,
                    375,
                    376,
                    377,
                    378,
                    379
                ]
            ],
            "labels": [
                [
                    0,
                    0,
                    0,
                    0,
                    0,
                    0,
                    0,
                    0,
                    0,
                    0,
                    0,
                    0,
                    0,
                    0,
                    0,
                    0,
                    0,
                    0,
                    0,
                    0
                ]
            ],
            "CPU Usage": 46.2,
            "RAM Usage": 57.9,
            "GPU Usage": 0.0,
            "VRAM Usage": 362.0,
            "Disk Read Speed (MB/s)": 190490.8818359375,
            "Disk Write Speed (MB/s)": 274179.6572265625
        },
        {
            "step": 1,
            "train_loss": 0.06503647565841675,
            "actions_pred1": [
                [
                    [
                        0.16837412118911743,
                        -0.48533427715301514,
                        0.7920023798942566,
                        0.9683722257614136
                    ],
                    [
                        0.0746474415063858,
                        -0.34979990124702454,
                        0.8258762955665588,
                        0.8292863368988037
                    ],
                    [
                        -0.23710137605667114,
                        -0.25728580355644226,
                        0.7294437289237976,
                        0.6364802122116089
                    ],
                    [
                        -0.42008301615715027,
                        -0.26248621940612793,
                        0.7136503458023071,
                        0.6239707469940186
                    ],
                    [
                        -0.4745734632015228,
                        -0.22704032063484192,
                        0.6930561661720276,
                        0.6087908744812012
                    ],
                    [
                        -0.5325234532356262,
                        -0.28807511925697327,
                        0.7281761765480042,
                        0.5930261611938477
                    ],
                    [
                        -0.579979419708252,
                        -0.3195679187774658,
                        0.7602112293243408,
                        0.5799521207809448
                    ],
                    [
                        -0.6659571528434753,
                        -0.23055626451969147,
                        0.8139998316764832,
                        0.5668225288391113
                    ],
                    [
                        -0.4397626221179962,
                        -0.2184670865535736,
                        0.805471658706665,
                        0.567540168762207
                    ],
                    [
                        -0.3709276616573334,
                        -0.29052871465682983,
                        0.8556954264640808,
                        0.47261571884155273
                    ],
                    [
                        -0.3487451672554016,
                        -0.2794981300830841,
                        0.5915511250495911,
                        0.6263371109962463
                    ],
                    [
                        -0.3229302763938904,
                        -0.2598308026790619,
                        0.6775851845741272,
                        0.6075974702835083
                    ],
                    [
                        -0.34876370429992676,
                        -0.21363064646720886,
                        0.6304237246513367,
                        0.6976189017295837
                    ],
                    [
                        -0.4229593873023987,
                        -0.14055666327476501,
                        0.7688980102539062,
                        0.6580003499984741
                    ],
                    [
                        -0.435281902551651,
                        -0.11132098734378815,
                        0.8508588075637817,
                        0.5499644875526428
                    ],
                    [
                        -0.4600362479686737,
                        -0.1359691023826599,
                        0.8515028357505798,
                        0.5539601445198059
                    ],
                    [
                        -0.45543307065963745,
                        -0.22346532344818115,
                        0.7350507974624634,
                        0.590208888053894
                    ],
                    [
                        -0.49171772599220276,
                        -0.1776275932788849,
                        0.7695678472518921,
                        0.5587809085845947
                    ],
                    [
                        -0.4391506314277649,
                        -0.04636480659246445,
                        0.7845301628112793,
                        0.5342517495155334
                    ],
                    [
                        -0.34921926259994507,
                        -0.027254030108451843,
                        0.7044307589530945,
                        0.6077976226806641
                    ]
                ]
            ],
            "actions_pred": [
                [
                    [
                        0.16837412118911743,
                        0.0746474415063858,
                        -0.23710137605667114,
                        -0.42008301615715027,
                        -0.4745734632015228,
                        -0.5325234532356262,
                        -0.579979419708252,
                        -0.6659571528434753,
                        -0.4397626221179962,
                        -0.3709276616573334,
                        -0.3487451672554016,
                        -0.3229302763938904,
                        -0.34876370429992676,
                        -0.4229593873023987,
                        -0.435281902551651,
                        -0.4600362479686737,
                        -0.45543307065963745,
                        -0.49171772599220276,
                        -0.4391506314277649,
                        -0.34921926259994507
                    ],
                    [
                        -0.48533427715301514,
                        -0.34979990124702454,
                        -0.25728580355644226,
                        -0.26248621940612793,
                        -0.22704032063484192,
                        -0.28807511925697327,
                        -0.3195679187774658,
                        -0.23055626451969147,
                        -0.2184670865535736,
                        -0.29052871465682983,
                        -0.2794981300830841,
                        -0.2598308026790619,
                        -0.21363064646720886,
                        -0.14055666327476501,
                        -0.11132098734378815,
                        -0.1359691023826599,
                        -0.22346532344818115,
                        -0.1776275932788849,
                        -0.04636480659246445,
                        -0.027254030108451843
                    ],
                    [
                        0.7920023798942566,
                        0.8258762955665588,
                        0.7294437289237976,
                        0.7136503458023071,
                        0.6930561661720276,
                        0.7281761765480042,
                        0.7602112293243408,
                        0.8139998316764832,
                        0.805471658706665,
                        0.8556954264640808,
                        0.5915511250495911,
                        0.6775851845741272,
                        0.6304237246513367,
                        0.7688980102539062,
                        0.8508588075637817,
                        0.8515028357505798,
                        0.7350507974624634,
                        0.7695678472518921,
                        0.7845301628112793,
                        0.7044307589530945
                    ],
                    [
                        0.9683722257614136,
                        0.8292863368988037,
                        0.6364802122116089,
                        0.6239707469940186,
                        0.6087908744812012,
                        0.5930261611938477,
                        0.5799521207809448,
                        0.5668225288391113,
                        0.567540168762207,
                        0.47261571884155273,
                        0.6263371109962463,
                        0.6075974702835083,
                        0.6976189017295837,
                        0.6580003499984741,
                        0.5499644875526428,
                        0.5539601445198059,
                        0.590208888053894,
                        0.5587809085845947,
                        0.5342517495155334,
                        0.6077976226806641
                    ]
                ]
            ],
            "states": [
                [
                    [
                        10490760.0,
                        0.00010820227180374786,
                        0.00015429843915626407,
                        444121.375
                    ],
                    [
                        10112832.0,
                        9.372556087328121e-05,
                        0.00014512072084471583,
                        443784.5
                    ],
                    [
                        10076632.0,
                        8.28753545647487e-05,
                        0.00015239186177495867,
                        427008.3125
                    ],
                    [
                        10218536.0,
                        7.424143404932693e-05,
                        0.00013630501052830368,
                        433225.1875
                    ],
                    [
                        10903440.0,
                        6.698495417367667e-05,
                        0.0001300903531955555,
                        434838.78125
                    ],
                    [
                        10177992.0,
                        6.102009865571745e-05,
                        0.0001368058001389727,
                        431759.375
                    ],
                    [
                        10500896.0,
                        5.612600944004953e-05,
                        0.00014432381431106478,
                        435333.53125
                    ],
                    [
                        10752848.0,
                        5.185119152883999e-05,
                        0.00014270890096668154,
                        438961.46875
                    ],
                    [
                        10833936.0,
                        4.812757106265053e-05,
                        0.00014136718527879566,
                        432069.78125
                    ],
                    [
                        10654384.0,
                        4.491618892643601e-05,
                        0.00013239651161711663,
                        433675.4375
                    ],
                    [
                        10524064.0,
                        4.214471118757501e-05,
                        0.00014063461276236922,
                        436827.0
                    ],
                    [
                        8511344.0,
                        3.9926697354530916e-05,
                        0.00013637621304951608,
                        473364.125
                    ],
                    [
                        10828144.0,
                        3.790804112213664e-05,
                        0.00013436605513561517,
                        430273.59375
                    ],
                    [
                        10288040.0,
                        3.5919863876188174e-05,
                        0.00013586058048531413,
                        455927.09375
                    ],
                    [
                        9009456.0,
                        3.427618867135607e-05,
                        0.00013340605073608458,
                        453153.21875
                    ],
                    [
                        10348856.0,
                        3.2774834835436195e-05,
                        0.0001376099098706618,
                        434225.03125
                    ],
                    [
                        10166408.0,
                        3.131924677290954e-05,
                        0.00017068465240299702,
                        438236.6875
                    ],
                    [
                        10539992.0,
                        2.9976108635310084e-05,
                        0.0001329061051364988,
                        436937.3125
                    ],
                    [
                        10836832.0,
                        2.8705166187137365e-05,
                        0.00013878877507522702,
                        435041.5
                    ],
                    [
                        10188128.0,
                        2.755545938271098e-05,
                        0.00015914233517833054,
                        427912.71875
                    ]
                ]
            ],
            "actions": [
                [
                    [
                        0.25
                    ],
                    [
                        0.25
                    ],
                    [
                        0.25
                    ],
                    [
                        0.25
                    ],
                    [
                        0.25
                    ],
                    [
                        0.25
                    ],
                    [
                        0.25
                    ],
                    [
                        0.25
                    ],
                    [
                        0.25
                    ],
                    [
                        0.25
                    ],
                    [
                        0.25
                    ],
                    [
                        0.25
                    ],
                    [
                        0.25
                    ],
                    [
                        0.25
                    ],
                    [
                        0.25
                    ],
                    [
                        0.25
                    ],
                    [
                        0.25
                    ],
                    [
                        0.25
                    ],
                    [
                        0.25
                    ],
                    [
                        0.25
                    ]
                ]
            ],
            "returns": [
                [
                    [
                        0.2865329086780548
                    ],
                    [
                        0.2855396568775177
                    ],
                    [
                        0.28454965353012085
                    ],
                    [
                        0.28355997800827026
                    ],
                    [
                        0.2825690507888794
                    ],
                    [
                        0.2815724015235901
                    ],
                    [
                        0.28058183193206787
                    ],
                    [
                        0.2795884907245636
                    ],
                    [
                        0.2785930335521698
                    ],
                    [
                        0.27759695053100586
                    ],
                    [
                        0.2766023278236389
                    ],
                    [
                        0.27560877799987793
                    ],
                    [
                        0.27463406324386597
                    ],
                    [
                        0.2736380100250244
                    ],
                    [
                        0.2726464867591858
                    ],
                    [
                        0.2716667354106903
                    ],
                    [
                        0.2706746757030487
                    ],
                    [
                        0.26968422532081604
                    ],
                    [
                        0.2686905562877655
                    ],
                    [
                        0.2676944136619568
                    ]
                ]
            ],
            "timesteps": [
                [
                    320,
                    321,
                    322,
                    323,
                    324,
                    325,
                    326,
                    327,
                    328,
                    329,
                    330,
                    331,
                    332,
                    333,
                    334,
                    335,
                    336,
                    337,
                    338,
                    339
                ]
            ],
            "labels": [
                [
                    0,
                    0,
                    0,
                    0,
                    0,
                    0,
                    0,
                    0,
                    0,
                    0,
                    0,
                    0,
                    0,
                    0,
                    0,
                    0,
                    0,
                    0,
                    0,
                    0
                ]
            ],
            "CPU Usage": 53.2,
            "RAM Usage": 58.7,
            "GPU Usage": 0.0,
            "VRAM Usage": 356.0,
            "Disk Read Speed (MB/s)": 190490.8818359375,
            "Disk Write Speed (MB/s)": 274181.2470703125
        },
        {
            "step": 2,
            "train_loss": 0.054314322769641876,
            "actions_pred1": [
                [
                    [
                        -0.06719429790973663,
                        -0.1551663875579834,
                        0.5461398363113403,
                        0.5901455879211426
                    ],
                    [
                        -0.1989789605140686,
                        -0.3136133551597595,
                        0.3683397173881531,
                        0.5996633172035217
                    ],
                    [
                        -0.2711840569972992,
                        -0.26220929622650146,
                        0.48581767082214355,
                        0.5345730781555176
                    ],
                    [
                        -0.48940378427505493,
                        -0.19903235137462616,
                        0.43741777539253235,
                        0.526266872882843
                    ],
                    [
                        -0.5216642618179321,
                        -0.13573235273361206,
                        0.47893208265304565,
                        0.4538336992263794
                    ],
                    [
                        -0.4963311553001404,
                        -0.09360819309949875,
                        0.525982141494751,
                        0.5372018814086914
                    ],
                    [
                        -0.5508042573928833,
                        -0.0655531957745552,
                        0.43594664335250854,
                        0.5879116058349609
                    ],
                    [
                        -0.5464240908622742,
                        -0.14725416898727417,
                        0.4913285970687866,
                        0.5069568157196045
                    ],
                    [
                        -0.5663968920707703,
                        -0.15667124092578888,
                        0.5138551592826843,
                        0.4724825620651245
                    ],
                    [
                        -0.5522857308387756,
                        -0.14597386121749878,
                        0.6486914753913879,
                        0.5562459230422974
                    ],
                    [
                        -0.3805720806121826,
                        -0.1502811163663864,
                        0.5872665047645569,
                        0.4429977536201477
                    ],
                    [
                        -0.28579291701316833,
                        -0.20834055542945862,
                        0.578987717628479,
                        0.4038882851600647
                    ],
                    [
                        -0.41611817479133606,
                        -0.11096499115228653,
                        0.6907145380973816,
                        0.3949143886566162
                    ],
                    [
                        -0.451448917388916,
                        -0.12464465945959091,
                        0.6992493271827698,
                        0.5153207182884216
                    ],
                    [
                        -0.5192478895187378,
                        -0.057064488530159,
                        0.6611219644546509,
                        0.542323887348175
                    ],
                    [
                        -0.4722403883934021,
                        0.0067254528403282166,
                        0.6820549368858337,
                        0.5543878078460693
                    ],
                    [
                        -0.47352564334869385,
                        -0.08575154840946198,
                        0.7155959606170654,
                        0.4979391396045685
                    ],
                    [
                        -0.49006494879722595,
                        -0.10328026115894318,
                        0.6562631130218506,
                        0.5440798401832581
                    ],
                    [
                        -0.4007446765899658,
                        -0.07015994936227798,
                        0.5917025804519653,
                        0.6403946280479431
                    ],
                    [
                        -0.34238457679748535,
                        -0.01653551682829857,
                        0.5037805438041687,
                        0.5636930465698242
                    ]
                ]
            ],
            "actions_pred": [
                [
                    [
                        -0.06719429790973663,
                        -0.1989789605140686,
                        -0.2711840569972992,
                        -0.48940378427505493,
                        -0.5216642618179321,
                        -0.4963311553001404,
