{
    "steps": [
        {
            "step": 0,
            "train_loss": 0.048560403287410736,
            "actions_pred1": [
                [
                    [
                        -0.2588837146759033,
                        -0.2506360709667206,
                        0.24689732491970062,
                        0.039316385984420776
                    ],
                    [
                        -0.20197655260562897,
                        -0.21455222368240356,
                        0.5261081457138062,
                        0.07393446564674377
                    ],
                    [
                        -0.12271873652935028,
                        -0.19660012423992157,
                        0.4443782567977905,
                        -0.033572375774383545
                    ],
                    [
                        -0.0776887834072113,
                        -0.17620736360549927,
                        0.4836465120315552,
                        -0.11506387591362
                    ],
                    [
                        0.03932438790798187,
                        -0.1624789535999298,
                        0.23701022565364838,
                        -0.30474746227264404
                    ],
                    [
                        0.14839108288288116,
                        -0.03929711878299713,
                        0.4170873165130615,
                        -0.3402502238750458
                    ],
                    [
                        0.1484428346157074,
                        0.07120047509670258,
                        0.5111970901489258,
                        -0.3439529836177826
                    ],
                    [
                        0.1704438179731369,
                        0.08235704153776169,
                        0.6069566607475281,
                        -0.1359780728816986
                    ],
                    [
                        -0.002319321036338806,
                        0.09740663319826126,
                        0.4826014041900635,
                        -0.18419191241264343
                    ],
                    [
                        0.02749590575695038,
                        -0.018351219594478607,
                        0.7008770108222961,
                        -0.10646161437034607
                    ],
                    [
                        -0.032453328371047974,
                        -0.10740886628627777,
                        0.647091269493103,
                        -0.1421150267124176
                    ],
                    [
                        -0.22642570734024048,
                        -0.09989694505929947,
                        0.6389070153236389,
                        -0.13699108362197876
                    ],
                    [
                        -0.23851536214351654,
                        0.01428716629743576,
                        0.6803423762321472,
                        -0.09058845043182373
                    ],
                    [
                        -0.21716377139091492,
                        0.06873679161071777,
                        0.68221515417099,
                        -0.03656792640686035
                    ],
                    [
                        -0.18671506643295288,
                        -0.007127724587917328,
                        0.5926781892776489,
                        -0.07455667853355408
                    ],
                    [
                        -0.15160202980041504,
                        0.05693378672003746,
                        0.5726272463798523,
                        -0.15148180723190308
                    ],
                    [
                        0.02576349675655365,
                        0.016846701502799988,
                        0.4984225332736969,
                        -0.15046483278274536
                    ],
                    [
                        -0.032213881611824036,
                        0.037151411175727844,
                        0.5625356435775757,
                        -0.02874898910522461
                    ],
                    [
                        -0.12896893918514252,
                        0.08241526782512665,
                        0.7396536469459534,
                        -0.079865962266922
                    ],
                    [
                        -0.09959281980991364,
                        -0.023795656859874725,
                        0.8764634132385254,
                        -0.08947643637657166
                    ]
                ]
            ],
            "actions_pred": [
                [
                    [
                        -0.2588837146759033,
                        -0.20197655260562897,
                        -0.12271873652935028,
                        -0.0776887834072113,
                        0.03932438790798187,
                        0.14839108288288116,
                        0.1484428346157074,
                        0.1704438179731369,
                        -0.002319321036338806,
                        0.02749590575695038,
                        -0.032453328371047974,
                        -0.22642570734024048,
                        -0.23851536214351654,
                        -0.21716377139091492,
                        -0.18671506643295288,
                        -0.15160202980041504,
                        0.02576349675655365,
                        -0.032213881611824036,
                        -0.12896893918514252,
                        -0.09959281980991364
                    ],
                    [
                        -0.2506360709667206,
                        -0.21455222368240356,
                        -0.19660012423992157,
                        -0.17620736360549927,
                        -0.1624789535999298,
                        -0.03929711878299713,
                        0.07120047509670258,
                        0.08235704153776169,
                        0.09740663319826126,
                        -0.018351219594478607,
                        -0.10740886628627777,
                        -0.09989694505929947,
                        0.01428716629743576,
                        0.06873679161071777,
                        -0.007127724587917328,
                        0.05693378672003746,
                        0.016846701502799988,
                        0.037151411175727844,
                        0.08241526782512665,
                        -0.023795656859874725
                    ],
                    [
                        0.24689732491970062,
                        0.5261081457138062,
                        0.4443782567977905,
                        0.4836465120315552,
                        0.23701022565364838,
                        0.4170873165130615,
                        0.5111970901489258,
                        0.6069566607475281,
                        0.4826014041900635,
                        0.7008770108222961,
                        0.647091269493103,
                        0.6389070153236389,
                        0.6803423762321472,
                        0.68221515417099,
                        0.5926781892776489,
                        0.5726272463798523,
                        0.4984225332736969,
                        0.5625356435775757,
                        0.7396536469459534,
                        0.8764634132385254
                    ],
                    [
                        0.039316385984420776,
                        0.07393446564674377,
                        -0.033572375774383545,
                        -0.11506387591362,
                        -0.30474746227264404,
                        -0.3402502238750458,
                        -0.3439529836177826,
                        -0.1359780728816986,
                        -0.18419191241264343,
                        -0.10646161437034607,
                        -0.1421150267124176,
                        -0.13699108362197876,
                        -0.09058845043182373,
                        -0.03656792640686035,
                        -0.07455667853355408,
                        -0.15148180723190308,
                        -0.15046483278274536,
                        -0.02874898910522461,
                        -0.079865962266922,
                        -0.08947643637657166
                    ]
                ]
            ],
            "states": [
                [
                    [
                        6630392.0,
                        1.589785097166896e-05,
                        0.0030998915899544954,
                        575874.875
                    ],
                    [
                        6756368.0,
                        1.5517740393988788e-05,
                        0.00046779168769717216,
                        548346.8125
                    ],
                    [
                        6252464.0,
                        1.5165252079896163e-05,
                        0.0003139808541163802,
                        592422.1875
                    ],
                    [
                        6275632.0,
                        1.4840703443042003e-05,
                        0.0002766261750366539,
                        580548.75
                    ],
                    [
                        5845576.0,
                        1.4539574294758495e-05,
                        0.00026207882910966873,
                        570513.0
                    ],
                    [
                        6198888.0,
                        1.4252340406528674e-05,
                        0.00027697221958078444,
                        604356.0
                    ],
                    [
                        4525000.0,
                        1.4005720004206523e-05,
                        0.00037561735371127725,
                        519198.90625
                    ],
                    [
                        4878312.0,
                        1.3796614439343102e-05,
                        0.000348972505889833,
                        533459.0
                    ],
                    [
                        4776952.0,
                        1.3588255569629837e-05,
                        0.000344088242854923,
                        588163.3125
                    ],
                    [
                        4878312.0,
                        1.3386117643676698e-05,
                        0.00030916635296307504,
                        571568.5625
                    ],
                    [
                        4407712.0,
                        1.3197249245422427e-05,
                        0.00029186115716584027,
                        549308.25
                    ],
                    [
                        4623464.0,
                        1.3018668141739909e-05,
                        0.00031188191496767104,
                        567697.8125
                    ],
                    [
                        5241760.0,
                        1.2829074876208324e-05,
                        0.0003927450452465564,
                        616835.375
                    ],
                    [
                        4287528.0,
                        1.2650972166738939e-05,
                        0.00034627493005245924,
                        586416.5625
                    ],
                    [
                        4679936.0,
                        1.248793432750972e-05,
                        0.00028098482289351523,
                        591184.1875
                    ],
                    [
                        4293320.0,
                        1.2328885532042477e-05,
                        0.0002829945588018745,
                        595186.25
                    ],
                    [
                        2884416.0,
                        1.2204491213196889e-05,
                        0.00027779326774179935,
                        581960.9375
                    ],
                    [
                        4042816.0,
                        1.2086934475519229e-05,
                        0.00029917724896222353,
                        651221.5
                    ],
                    [
                        4267256.0,
                        1.1948805877182167e-05,
                        0.00037997434264980257,
                        587955.875
                    ],
                    [
                        4659664.0,
                        1.1803908819274511e-05,
                        0.00029415389872156084,
                        593533.5625
                    ]
                ]
            ],
            "actions": [
                [
                    [
                        0.5
                    ],
                    [
                        0.5
                    ],
                    [
                        0.5
                    ],
                    [
                        0.5
                    ],
                    [
                        0.5
                    ],
                    [
                        0.5
                    ],
                    [
                        0.5
                    ],
                    [
                        0.5
                    ],
                    [
                        0.5
                    ],
                    [
                        0.5
                    ],
                    [
                        0.5
                    ],
                    [
                        0.5
                    ],
                    [
                        0.5
                    ],
                    [
                        0.5
                    ],
                    [
                        0.5
                    ],
                    [
                        0.5
                    ],
                    [
                        0.5
                    ],
                    [
                        0.5
                    ],
                    [
                        0.5
                    ],
                    [
                        0.5
                    ]
                ]
            ],
            "returns": [
                [
                    [
                        0.4322150647640228
                    ],
                    [
                        0.4312624931335449
                    ],
                    [
                        0.4303082525730133
                    ],
                    [
                        0.42936089634895325
                    ],
                    [
                        0.42841318249702454
                    ],
                    [
                        0.427471786737442
                    ],
                    [
                        0.42652517557144165
                    ],
                    [
                        0.42560648918151855
                    ],
                    [
                        0.4246810972690582
                    ],
                    [
                        0.4237576127052307
                    ],
                    [
                        0.4228322505950928
                    ],
                    [
                        0.42191585898399353
                    ],
                    [
                        0.4209952652454376
                    ],
                    [
                        0.4200635254383087
                    ],
                    [
                        0.41914960741996765
                    ],
                    [
                        0.4182279109954834
                    ],
                    [
                        0.4173138737678528
                    ],
                    [
                        0.4164350926876068
                    ],
                    [
                        0.4155263900756836
                    ],
                    [
                        0.41461288928985596
                    ]
                ]
            ],
            "timesteps": [
                [
                    160,
                    161,
                    162,
                    163,
                    164,
                    165,
                    166,
                    167,
                    168,
                    169,
                    170,
                    171,
                    172,
                    173,
                    174,
                    175,
                    176,
                    177,
                    178,
                    179
                ]
            ],
            "labels": [
                [
                    1,
                    1,
                    1,
                    1,
                    1,
                    1,
                    1,
                    1,
                    1,
                    1,
                    1,
                    1,
                    1,
                    1,
                    1,
                    1,
                    1,
                    1,
                    1,
                    1
                ]
            ],
            "CPU Usage": 47.0,
            "RAM Usage": 61.2,
            "GPU Usage": 0.0,
            "VRAM Usage": 452.0,
            "Disk Read Speed (MB/s)": 191411.2265625,
            "Disk Write Speed (MB/s)": 299573.8642578125
        },
        {
            "step": 1,
            "train_loss": 0.0509103462100029,
            "actions_pred1": [
                [
                    [
                        -0.009279489517211914,
                        0.10851094126701355,
                        0.5061110258102417,
                        1.1298797130584717
                    ],
                    [
                        0.1277489811182022,
                        0.17633163928985596,
                        0.25446879863739014,
                        1.1273510456085205
                    ],
                    [
                        -0.030177414417266846,
                        0.22917890548706055,
                        0.3414205014705658,
                        0.839580774307251
                    ],
                    [
                        -0.11854687333106995,
                        0.2381710708141327,
                        0.3844832181930542,
                        0.797463595867157
                    ],
                    [
                        -0.12787015736103058,
                        0.3186171054840088,
                        0.43155330419540405,
                        0.7783061265945435
                    ],
                    [
                        -0.10695640742778778,
                        0.32288941740989685,
                        0.5343838930130005,
                        0.6635288000106812
                    ],
                    [
                        -0.12850822508335114,
                        0.3458617925643921,
                        0.5444122552871704,
                        0.6822996139526367
                    ],
                    [
                        -0.07618676126003265,
                        -0.031329333782196045,
                        0.5547802448272705,
                        0.6442304849624634
                    ],
                    [
                        -0.0016299262642860413,
                        -0.012003839015960693,
                        0.5757123827934265,
                        0.656475841999054
                    ],
                    [
                        -0.10953371226787567,
                        0.0626378208398819,
                        0.6827491521835327,
                        0.5676430463790894
                    ],
                    [
                        -0.1982661783695221,
                        0.10186047852039337,
                        0.6175838112831116,
                        0.5717268586158752
                    ],
                    [
                        -0.21282416582107544,
                        0.1638949066400528,
                        0.5296378135681152,
                        0.6919825077056885
                    ],
                    [
                        -0.27564483880996704,
                        0.09029166400432587,
                        0.509925365447998,
                        0.6395593881607056
                    ],
                    [
                        -0.21738113462924957,
                        0.06363782286643982,
                        0.5749541521072388,
                        0.7139735817909241
                    ],
                    [
                        -0.27790552377700806,
                        -0.04155547916889191,
                        0.5493898391723633,
                        0.6386100053787231
                    ],
                    [
                        -0.1625809371471405,
                        0.10787582397460938,
                        0.5442730188369751,
                        0.651659369468689
                    ],
                    [
                        -0.32377859950065613,
                        0.016516655683517456,
                        0.5871354341506958,
                        0.6481204032897949
                    ],
                    [
                        -0.37422290444374084,
                        -0.021063178777694702,
                        0.5821644067764282,
                        0.6520516872406006
                    ],
                    [
                        -0.33328795433044434,
                        0.049036234617233276,
                        0.6379016637802124,
                        0.38657501339912415
                    ],
                    [
                        -0.14413753151893616,
                        0.10149507969617844,
                        0.7283949255943298,
                        0.546968936920166
                    ]
                ]
            ],
            "actions_pred": [
                [
                    [
                        -0.009279489517211914,
                        0.1277489811182022,
                        -0.030177414417266846,
                        -0.11854687333106995,
                        -0.12787015736103058,
                        -0.10695640742778778,
                        -0.12850822508335114,
                        -0.07618676126003265,
                        -0.0016299262642860413,
                        -0.10953371226787567,
                        -0.1982661783695221,
                        -0.21282416582107544,
                        -0.27564483880996704,
                        -0.21738113462924957,
                        -0.27790552377700806,
                        -0.1625809371471405,
                        -0.32377859950065613,
                        -0.37422290444374084,
                        -0.33328795433044434,
                        -0.14413753151893616
                    ],
                    [
                        0.10851094126701355,
                        0.17633163928985596,
                        0.22917890548706055,
                        0.2381710708141327,
                        0.3186171054840088,
                        0.32288941740989685,
                        0.3458617925643921,
                        -0.031329333782196045,
                        -0.012003839015960693,
                        0.0626378208398819,
                        0.10186047852039337,
                        0.1638949066400528,
                        0.09029166400432587,
                        0.06363782286643982,
                        -0.04155547916889191,
                        0.10787582397460938,
                        0.016516655683517456,
                        -0.021063178777694702,
                        0.049036234617233276,
                        0.10149507969617844
                    ],
                    [
                        0.5061110258102417,
                        0.25446879863739014,
                        0.3414205014705658,
                        0.3844832181930542,
                        0.43155330419540405,
                        0.5343838930130005,
                        0.5444122552871704,
                        0.5547802448272705,
                        0.5757123827934265,
                        0.6827491521835327,
                        0.6175838112831116,
                        0.5296378135681152,
                        0.509925365447998,
                        0.5749541521072388,
                        0.5493898391723633,
                        0.5442730188369751,
                        0.5871354341506958,
                        0.5821644067764282,
                        0.6379016637802124,
                        0.7283949255943298
                    ],
                    [
                        1.1298797130584717,
                        1.1273510456085205,
                        0.839580774307251,
                        0.797463595867157,
                        0.7783061265945435,
                        0.6635288000106812,
                        0.6822996139526367,
                        0.6442304849624634,
                        0.656475841999054,
                        0.5676430463790894,
                        0.5717268586158752,
                        0.6919825077056885,
                        0.6395593881607056,
                        0.7139735817909241,
                        0.6386100053787231,
                        0.651659369468689,
                        0.6481204032897949,
                        0.6520516872406006,
                        0.38657501339912415,
                        0.546968936920166
                    ]
                ]
            ],
            "states": [
                [
                    [
                        5059312.0,
                        9.1049492766615e-05,
                        0.0002829945588018745,
                        570940.9375
                    ],
                    [
                        5117232.0,
                        8.226631325669587e-05,
                        0.00027779326774179935,
                        553102.75
                    ],
                    [
                        5535704.0,
                        7.472792640328407e-05,
                        0.00029917724896222353,
                        546738.9375
                    ],
                    [
                        4970984.0,
                        6.851889338577166e-05,
                        0.00037997434264980257,
                        615590.1875
                    ],
                    [
                        2654184.0,
                        6.460718577727675e-05,
                        0.00029415389872156084,
                        481818.0625
                    ],
                    [
                        4494592.0,
                        6.135837611509487e-05,
                        0.00029440681100822985,
                        522992.78125
                    ],
                    [
                        4348344.0,
                        5.774946475867182e-05,
                        0.00028164629475213587,
                        491780.875
                    ],
                    [
                        4933336.0,
                        5.439664164441638e-05,
                        0.00027785348356701434,
                        520398.875
                    ],
                    [
                        4701656.0,
                        5.129960845806636e-05,
                        0.00038381022750400007,
                        575110.6875
                    ],
                    [
                        4578576.0,
                        4.8633406549924985e-05,
                        0.0002961547579616308,
                        495802.21875
                    ],
                    [
                        3149400.0,
                        4.661144339479506e-05,
                        0.00029962105327285826,
                        505119.28125
                    ],
                    [
                        4999944.0,
                        4.466465179575607e-05,
                        0.00029777659801766276,
                        484590.125
                    ],
                    [
                        5011528.0,
                        4.247795732226223e-05,
                        0.0002728095860220492,
                        482498.96875
                    ],
                    [
                        5127368.0,
                        4.047168113174848e-05,
                        0.0002930021146312356,
                        492467.5625
                    ],
                    [
                        5149088.0,
                        3.862225275952369e-05,
                        0.0005929499748162925,
                        510973.59375
                    ],
                    [
                        3434656.0,
                        3.7198835343588144e-05,
                        0.00017766767996363342,
                        518040.0625
                    ],
                    [
                        4734960.0,
                        3.594371446524747e-05,
                        0.00018339134112466127,
                        483570.8125
                    ],
                    [
                        4713240.0,
                        3.459137587924488e-05,
                        0.00019205290300305933,
                        485131.46875
                    ],
                    [
                        5099856.0,
                        3.3291154977632686e-05,
                        0.0002024973655352369,
                        498759.9375
                    ],
                    [
                        5243208.0,
                        3.2021918741520494e-05,
                        0.0002613598189782351,
                        496721.28125
                    ]
                ]
            ],
            "actions": [
                [
                    [
                        0.5
                    ],
                    [
                        0.5
                    ],
                    [
                        0.5
                    ],
                    [
                        0.5
                    ],
                    [
                        0.5
                    ],
                    [
                        0.5
                    ],
                    [
                        0.5
                    ],
                    [
                        0.5
                    ],
                    [
                        0.5
                    ],
                    [
                        0.5
                    ],
                    [
                        0.5
                    ],
                    [
                        0.5
                    ],
                    [
                        0.5
                    ],
                    [
                        0.5
                    ],
                    [
                        0.5
                    ],
                    [
                        0.5
                    ],
                    [
                        0.5
                    ],
                    [
                        0.5
                    ],
                    [
                        0.5
                    ],
                    [
                        0.5
                    ]
                ]
            ],
            "returns": [
                [
                    [
                        0.4691389203071594
                    ],
                    [
                        0.4682103097438812
                    ],
                    [
                        0.46728071570396423
                    ],
                    [
                        0.46634411811828613
                    ],
                    [
                        0.4654170870780945
                    ],
                    [
                        0.46454569697380066
                    ],
                    [
                        0.46362757682800293
                    ],
                    [
                        0.4627124071121216
                    ],
                    [
                        0.46178606152534485
                    ],
                    [
                        0.46086394786834717
                    ],
                    [
                        0.4599442183971405
                    ],
                    [
                        0.45905765891075134
                    ],
                    [
                        0.4581300914287567
                    ],
                    [
                        0.45720234513282776
                    ],
                    [
                        0.45627257227897644
                    ],
                    [
                        0.4553424119949341
                    ],
                    [
                        0.4544481337070465
                    ],
                    [
                        0.4535254240036011
                    ],
                    [
                        0.4526031017303467
                    ],
                    [
                        0.45167380571365356
                    ]
                ]
            ],
            "timesteps": [
                [
                    120,
                    121,
                    122,
                    123,
                    124,
                    125,
                    126,
                    127,
                    128,
                    129,
                    130,
                    131,
                    132,
                    133,
                    134,
                    135,
                    136,
                    137,
                    138,
                    139
                ]
            ],
            "labels": [
                [
                    1,
                    1,
                    1,
                    1,
                    1,
                    1,
                    1,
                    1,
                    1,
                    1,
                    1,
                    1,
                    1,
                    1,
                    1,
                    1,
                    1,
                    1,
                    1,
                    1
                ]
            ],
            "CPU Usage": 47.6,
            "RAM Usage": 62.1,
            "GPU Usage": 0.0,
            "VRAM Usage": 452.0,
            "Disk Read Speed (MB/s)": 191411.2265625,
            "Disk Write Speed (MB/s)": 299574.0869140625
        },
        {
            "step": 2,
            "train_loss": 0.040799304842948914,
            "actions_pred1": [
                [
                    [
                        0.016210466623306274,
                        -0.012491278350353241,
                        0.6931660771369934,
                        0.28413820266723633
                    ],
                    [
                        -0.004054903984069824,
                        0.04800916463136673,
                        0.7171833515167236,
                        0.21077919006347656
                    ],
                    [
                        -0.08591537922620773,
                        0.09487003087997437,
                        0.7932214140892029,
                        0.07636797428131104
                    ],
                    [
                        -0.189009428024292,
                        0.10587864369153976,
                        0.7612528204917908,
                        0.09588617086410522
                    ],
                    [
                        -0.22060686349868774,
                        0.2631703019142151,
                        0.6754879355430603,
                        0.037566035985946655
                    ],
                    [
                        -0.11560879647731781,
                        0.16588173806667328,
                        0.7347501516342163,
                        0.0988931655883789
                    ],
                    [
                        4.3451786041259766e-05,
                        0.19729621708393097,
                        0.6641891002655029,
                        0.17845919728279114
                    ],
                    [
                        -0.2818661630153656,
                        0.2688038945198059,
                        0.9374499320983887,
                        0.12326177954673767
                    ],
                    [
                        -0.29525309801101685,
                        0.3472433090209961,
                        1.0241872072219849,
                        0.12772342562675476
                    ],
                    [
                        -0.39539092779159546,
                        0.29069745540618896,
                        1.0457231998443604,
                        0.0796111524105072
                    ],
                    [
                        -0.4169033467769623,
                        0.2908681333065033,
                        1.1119582653045654,
                        -0.019853919744491577
                    ],
                    [
                        -0.22461077570915222,
                        0.16240635514259338,
                        0.9429742097854614,
                        0.11955481767654419
                    ],
                    [
                        -0.22325477004051208,
                        0.1273042857646942,
                        0.9919083118438721,
                        0.036868274211883545
                    ],
                    [
                        -0.27716347575187683,
                        0.050225965678691864,
                        1.0008107423782349,
                        0.0546552836894989
                    ],
                    [
                        -0.14979344606399536,
                        0.1216302141547203,
                        0.9541329741477966,
                        0.0786181390285492
                    ],
                    [
                        -0.14044849574565887,
                        0.073553167283535,
                        0.7624833583831787,
                        0.20550499856472015
                    ],
                    [
                        -0.08966710418462753,
                        0.13629430532455444,
                        0.728744626045227,
                        0.2348202019929886
                    ],
                    [
                        -0.06545014679431915,
                        0.12535157799720764,
                        0.7155455946922302,
                        0.18664973974227905
                    ],
                    [
                        0.060277849435806274,
                        0.11926901340484619,
                        0.8088603019714355,
                        0.13127729296684265
                    ],
                    [
                        -0.08982542157173157,
                        0.21020124852657318,
                        0.7927671670913696,
                        0.1642453968524933
                    ]
                ]
            ],
            "actions_pred": [
                [
                    [
                        0.016210466623306274,
                        -0.004054903984069824,
                        -0.08591537922620773,
                        -0.189009428024292,
                        -0.22060686349868774,
