{
    "steps": [
        {
            "step": 0,
            "train_loss": 0.06518338620662689,
            "actions_pred1": [
                [
                    [
                        0.16558937728405,
                        -0.48735311627388,
                        0.7799216508865356,
                        0.98723304271698
                    ],
                    [
                        0.07189097255468369,
                        -0.3518221080303192,
                        0.8134783506393433,
                        0.8478859663009644
                    ],
                    [
                        -0.24037739634513855,
                        -0.25938576459884644,
                        0.7171663045883179,
                        0.6546525359153748
                    ],
                    [
                        -0.42388173937797546,
                        -0.2644858956336975,
                        0.7011012434959412,
                        0.6428375244140625
                    ],
                    [
                        -0.47840559482574463,
                        -0.2287401556968689,
                        0.6807893514633179,
                        0.6273579597473145
                    ],
                    [
                        -0.5364947319030762,
                        -0.28976380825042725,
                        0.7154108881950378,
                        0.6118746399879456
                    ],
                    [
                        -0.5839796662330627,
                        -0.3212927281856537,
                        0.7468805909156799,
                        0.5993887186050415
                    ],
                    [
                        -0.6702365279197693,
                        -0.23259206116199493,
                        0.799454927444458,
                        0.5862140655517578
                    ],
                    [
                        -0.4436517357826233,
                        -0.22020946443080902,
                        0.7918580174446106,
                        0.5867444276809692
                    ],
                    [
                        -0.3761860728263855,
                        -0.2926040291786194,
                        0.8424572944641113,
                        0.4921427369117737
                    ],
                    [
                        -0.35354331135749817,
                        -0.2817174792289734,
                        0.5770890712738037,
                        0.6467492580413818
                    ],
                    [
                        -0.32727399468421936,
                        -0.2619359791278839,
                        0.6636799573898315,
                        0.6275489330291748
                    ],
                    [
                        -0.35350272059440613,
                        -0.21582624316215515,
                        0.6162114143371582,
                        0.7175335884094238
                    ],
                    [
                        -0.4275663495063782,
                        -0.14260993897914886,
                        0.7548183798789978,
                        0.6776981353759766
                    ],
                    [
                        -0.4399234354496002,
                        -0.11347467452287674,
                        0.8367043733596802,
                        0.5697946548461914
                    ],
                    [
                        -0.46466976404190063,
                        -0.1377759575843811,
                        0.8373382091522217,
                        0.5736727714538574
                    ],
                    [
                        -0.45921456813812256,
                        -0.22575022280216217,
                        0.7204639315605164,
                        0.6100890040397644
                    ],
                    [
                        -0.49561166763305664,
                        -0.1794600635766983,
                        0.7546917200088501,
                        0.579146146774292
                    ],
                    [
                        -0.4431169033050537,
                        -0.04785318672657013,
                        0.7705850601196289,
                        0.5538175106048584
                    ],
                    [
                        -0.35341691970825195,
                        -0.028557851910591125,
                        0.6905593872070312,
                        0.6268417239189148
                    ]
                ]
            ],
            "actions_pred": [
                [
                    [
                        0.16558937728405,
                        0.07189097255468369,
                        -0.24037739634513855,
                        -0.42388173937797546,
                        -0.47840559482574463,
                        -0.5364947319030762,
                        -0.5839796662330627,
                        -0.6702365279197693,
                        -0.4436517357826233,
                        -0.3761860728263855,
                        -0.35354331135749817,
                        -0.32727399468421936,
                        -0.35350272059440613,
                        -0.4275663495063782,
                        -0.4399234354496002,
                        -0.46466976404190063,
                        -0.45921456813812256,
                        -0.49561166763305664,
                        -0.4431169033050537,
                        -0.35341691970825195
                    ],
                    [
                        -0.48735311627388,
                        -0.3518221080303192,
                        -0.25938576459884644,
                        -0.2644858956336975,
                        -0.2287401556968689,
                        -0.28976380825042725,
                        -0.3212927281856537,
                        -0.23259206116199493,
                        -0.22020946443080902,
                        -0.2926040291786194,
                        -0.2817174792289734,
                        -0.2619359791278839,
                        -0.21582624316215515,
                        -0.14260993897914886,
                        -0.11347467452287674,
                        -0.1377759575843811,
                        -0.22575022280216217,
                        -0.1794600635766983,
                        -0.04785318672657013,
                        -0.028557851910591125
                    ],
                    [
                        0.7799216508865356,
                        0.8134783506393433,
                        0.7171663045883179,
                        0.7011012434959412,
                        0.6807893514633179,
                        0.7154108881950378,
                        0.7468805909156799,
                        0.799454927444458,
                        0.7918580174446106,
                        0.8424572944641113,
                        0.5770890712738037,
                        0.6636799573898315,
                        0.6162114143371582,
                        0.7548183798789978,
                        0.8367043733596802,
                        0.8373382091522217,
                        0.7204639315605164,
                        0.7546917200088501,
                        0.7705850601196289,
                        0.6905593872070312
                    ],
                    [
                        0.98723304271698,
                        0.8478859663009644,
                        0.6546525359153748,
                        0.6428375244140625,
                        0.6273579597473145,
                        0.6118746399879456,
                        0.5993887186050415,
                        0.5862140655517578,
                        0.5867444276809692,
                        0.4921427369117737,
                        0.6467492580413818,
                        0.6275489330291748,
                        0.7175335884094238,
                        0.6776981353759766,
                        0.5697946548461914,
                        0.5736727714538574,
                        0.6100890040397644,
                        0.579146146774292,
                        0.5538175106048584,
                        0.6268417239189148
                    ]
                ]
            ],
            "states": [
                [
                    [
                        10490760.0,
                        0.00010820227180374786,
                        0.00015429843915626407,
                        444121.375
                    ],
                    [
                        10112832.0,
                        9.372556087328121e-05,
                        0.00014512072084471583,
                        443784.5
                    ],
                    [
                        10076632.0,
                        8.28753545647487e-05,
                        0.00015239186177495867,
                        427008.3125
                    ],
                    [
                        10218536.0,
                        7.424143404932693e-05,
                        0.00013630501052830368,
                        433225.1875
                    ],
                    [
                        10903440.0,
                        6.698495417367667e-05,
                        0.0001300903531955555,
                        434838.78125
                    ],
                    [
                        10177992.0,
                        6.102009865571745e-05,
                        0.0001368058001389727,
                        431759.375
                    ],
                    [
                        10500896.0,
                        5.612600944004953e-05,
                        0.00014432381431106478,
                        435333.53125
                    ],
                    [
                        10752848.0,
                        5.185119152883999e-05,
                        0.00014270890096668154,
                        438961.46875
                    ],
                    [
                        10833936.0,
                        4.812757106265053e-05,
                        0.00014136718527879566,
                        432069.78125
                    ],
                    [
                        10654384.0,
                        4.491618892643601e-05,
                        0.00013239651161711663,
                        433675.4375
                    ],
                    [
                        10524064.0,
                        4.214471118757501e-05,
                        0.00014063461276236922,
                        436827.0
                    ],
                    [
                        8511344.0,
                        3.9926697354530916e-05,
                        0.00013637621304951608,
                        473364.125
                    ],
                    [
                        10828144.0,
                        3.790804112213664e-05,
                        0.00013436605513561517,
                        430273.59375
                    ],
                    [
                        10288040.0,
                        3.5919863876188174e-05,
                        0.00013586058048531413,
                        455927.09375
                    ],
                    [
                        9009456.0,
                        3.427618867135607e-05,
                        0.00013340605073608458,
                        453153.21875
                    ],
                    [
                        10348856.0,
                        3.2774834835436195e-05,
                        0.0001376099098706618,
                        434225.03125
                    ],
                    [
                        10166408.0,
                        3.131924677290954e-05,
                        0.00017068465240299702,
                        438236.6875
                    ],
                    [
                        10539992.0,
                        2.9976108635310084e-05,
                        0.0001329061051364988,
                        436937.3125
                    ],
                    [
                        10836832.0,
                        2.8705166187137365e-05,
                        0.00013878877507522702,
                        435041.5
                    ],
                    [
                        10188128.0,
                        2.755545938271098e-05,
                        0.00015914233517833054,
                        427912.71875
                    ]
                ]
            ],
            "actions": [
                [
                    [
                        0.25
                    ],
                    [
                        0.25
                    ],
                    [
                        0.25
                    ],
                    [
                        0.25
                    ],
                    [
                        0.25
                    ],
                    [
                        0.25
                    ],
                    [
                        0.25
                    ],
                    [
                        0.25
                    ],
                    [
                        0.25
                    ],
                    [
                        0.25
                    ],
                    [
                        0.25
                    ],
                    [
                        0.25
                    ],
                    [
                        0.25
                    ],
                    [
                        0.25
                    ],
                    [
                        0.25
                    ],
                    [
                        0.25
                    ],
                    [
                        0.25
                    ],
                    [
                        0.25
                    ],
                    [
                        0.25
                    ],
                    [
                        0.25
                    ]
                ]
            ],
            "returns": [
                [
                    [
                        0.2865329086780548
                    ],
                    [
                        0.2855396568775177
                    ],
                    [
                        0.28454965353012085
                    ],
                    [
                        0.28355997800827026
                    ],
                    [
                        0.2825690507888794
                    ],
                    [
                        0.2815724015235901
                    ],
                    [
                        0.28058183193206787
                    ],
                    [
                        0.2795884907245636
                    ],
                    [
                        0.2785930335521698
                    ],
                    [
                        0.27759695053100586
                    ],
                    [
                        0.2766023278236389
                    ],
                    [
                        0.27560877799987793
                    ],
                    [
                        0.27463406324386597
                    ],
                    [
                        0.2736380100250244
                    ],
                    [
                        0.2726464867591858
                    ],
                    [
                        0.2716667354106903
                    ],
                    [
                        0.2706746757030487
                    ],
                    [
                        0.26968422532081604
                    ],
                    [
                        0.2686905562877655
                    ],
                    [
                        0.2676944136619568
                    ]
                ]
            ],
            "timesteps": [
                [
                    320,
                    321,
                    322,
                    323,
                    324,
                    325,
                    326,
                    327,
                    328,
                    329,
                    330,
                    331,
                    332,
                    333,
                    334,
                    335,
                    336,
                    337,
                    338,
                    339
                ]
            ],
            "labels": [
                [
                    0,
                    0,
                    0,
                    0,
                    0,
                    0,
                    0,
                    0,
                    0,
                    0,
                    0,
                    0,
                    0,
                    0,
                    0,
                    0,
                    0,
                    0,
                    0,
                    0
                ]
            ],
            "CPU Usage": 46.6,
            "RAM Usage": 57.9,
            "GPU Usage": 0.0,
            "VRAM Usage": 397.0,
            "Disk Read Speed (MB/s)": 190414.6240234375,
            "Disk Write Speed (MB/s)": 271465.7236328125
        },
        {
            "step": 1,
            "train_loss": 0.03201556205749512,
            "actions_pred1": [
                [
                    [
                        0.16261622309684753,
                        -0.23293402791023254,
                        0.4363556504249573,
                        0.5277826189994812
                    ],
                    [
                        -0.11569108068943024,
                        -0.1456235647201538,
                        0.41791072487831116,
                        0.6585301756858826
                    ],
                    [
                        -0.3017079830169678,
                        0.13628196716308594,
                        0.5472086668014526,
                        0.5851694345474243
                    ],
                    [
                        -0.3202207088470459,
                        0.044663019478321075,
                        0.6177648901939392,
                        0.6465659141540527
                    ],
                    [
                        -0.3400617837905884,
                        -0.030049413442611694,
                        0.5473635792732239,
                        0.5369479060173035
                    ],
                    [
                        -0.2810094356536865,
                        -0.004960663616657257,
                        0.5879764556884766,
                        0.44922176003456116
                    ],
                    [
                        -0.3582943081855774,
                        -0.07023003697395325,
                        0.6706274747848511,
                        0.4427197277545929
                    ],
                    [
                        -0.5360217690467834,
                        -0.189142644405365,
                        0.624164342880249,
                        0.3559343218803406
                    ],
                    [
                        -0.42964041233062744,
                        -0.24688753485679626,
                        0.5546637773513794,
                        0.38842999935150146
                    ],
                    [
                        -0.39350178837776184,
                        -0.038548193871974945,
                        0.7534687519073486,
                        0.3840251863002777
                    ],
                    [
                        -0.41599053144454956,
                        0.04095564782619476,
                        0.9034225940704346,
                        0.44468531012535095
                    ],
                    [
                        -0.2500894069671631,
                        0.07249758392572403,
                        0.7036594748497009,
                        0.3793103098869324
                    ],
                    [
                        -0.1164558157324791,
                        0.013006184250116348,
                        0.7988203167915344,
                        0.29242265224456787
                    ],
                    [
                        -0.22801178693771362,
                        -0.07689940184354782,
                        0.5102742314338684,
                        0.26932665705680847
                    ],
                    [
                        -0.3146175146102905,
                        -0.027965974062681198,
                        0.6229737997055054,
                        0.33805638551712036
                    ],
                    [
                        -0.18760371208190918,
                        -0.23126503825187683,
                        0.6201456189155579,
                        0.3817136287689209
                    ],
                    [
                        -0.2018681764602661,
                        -0.08399020880460739,
                        0.5901970267295837,
                        0.5125328302383423
                    ],
                    [
                        -0.22463396191596985,
                        0.09255285561084747,
                        0.6922411918640137,
                        0.5988799333572388
                    ],
                    [
                        -0.2520999312400818,
                        0.15915518999099731,
                        0.7217577695846558,
                        0.6419914960861206
                    ],
                    [
                        -0.27629348635673523,
                        0.13336652517318726,
                        0.7099820375442505,
                        0.566615104675293
                    ]
                ]
            ],
            "actions_pred": [
                [
                    [
                        0.16261622309684753,
                        -0.11569108068943024,
                        -0.3017079830169678,
                        -0.3202207088470459,
                        -0.3400617837905884,
                        -0.2810094356536865,
                        -0.3582943081855774,
                        -0.5360217690467834,
                        -0.42964041233062744,
                        -0.39350178837776184,
                        -0.41599053144454956,
                        -0.2500894069671631,
                        -0.1164558157324791,
                        -0.22801178693771362,
                        -0.3146175146102905,
                        -0.18760371208190918,
                        -0.2018681764602661,
                        -0.22463396191596985,
                        -0.2520999312400818,
                        -0.27629348635673523
                    ],
                    [
                        -0.23293402791023254,
                        -0.1456235647201538,
                        0.13628196716308594,
                        0.044663019478321075,
                        -0.030049413442611694,
                        -0.004960663616657257,
                        -0.07023003697395325,
                        -0.189142644405365,
                        -0.24688753485679626,
                        -0.038548193871974945,
                        0.04095564782619476,
                        0.07249758392572403,
                        0.013006184250116348,
                        -0.07689940184354782,
                        -0.027965974062681198,
                        -0.23126503825187683,
                        -0.08399020880460739,
                        0.09255285561084747,
                        0.15915518999099731,
                        0.13336652517318726
                    ],
                    [
                        0.4363556504249573,
                        0.41791072487831116,
                        0.5472086668014526,
                        0.6177648901939392,
                        0.5473635792732239,
                        0.5879764556884766,
                        0.6706274747848511,
                        0.624164342880249,
                        0.5546637773513794,
                        0.7534687519073486,
                        0.9034225940704346,
                        0.7036594748497009,
                        0.7988203167915344,
                        0.5102742314338684,
                        0.6229737997055054,
                        0.6201456189155579,
                        0.5901970267295837,
                        0.6922411918640137,
                        0.7217577695846558,
                        0.7099820375442505
                    ],
                    [
                        0.5277826189994812,
                        0.6585301756858826,
                        0.5851694345474243,
                        0.6465659141540527,
                        0.5369479060173035,
                        0.44922176003456116,
                        0.4427197277545929,
                        0.3559343218803406,
                        0.38842999935150146,
                        0.3840251863002777,
                        0.44468531012535095,
                        0.3793103098869324,
                        0.29242265224456787,
                        0.26932665705680847,
                        0.33805638551712036,
                        0.3817136287689209,
                        0.5125328302383423,
                        0.5988799333572388,
                        0.6419914960861206,
                        0.566615104675293
                    ]
                ]
            ],
            "states": [
                [
                    [
                        5305472.0,
                        8.719099241716322e-06,
                        0.00013201982073951513,
                        847637.0625
                    ],
                    [
                        5427104.0,
                        8.626127055322286e-06,
                        0.00013791865785606205,
                        798609.0
                    ],
                    [
                        5450272.0,
                        8.533900654583704e-06,
                        0.00014453318726737052,
                        879716.5
                    ],
                    [
                        5114336.0,
                        8.446181709587108e-06,
                        0.00014699026360176504,
                        849232.5625
                    ],
                    [
                        5466200.0,
                        8.360139872820582e-06,
                        0.00016071676509454846,
                        823946.3125
                    ],
                    [
                        5315608.0,
                        8.27424355520634e-06,
                        0.00016249381587840617,
                        854104.0625
                    ],
                    [
                        5602312.0,
                        8.189044820028357e-06,
                        0.0001488575799157843,
                        832423.8125
                    ],
                    [
                        5063656.0,
                        8.107467692752834e-06,
                        0.00016087492986116558,
                        837260.4375
                    ],
                    [
                        5243208.0,
                        8.030191565921996e-06,
                        0.00016716374375391752,
                        847603.1875
                    ],
                    [
                        5813720.0,
                        7.948916390887462e-06,
                        0.00019032474665436894,
                        855439.25
                    ],
                    [
                        5408280.0,
                        7.868069587857462e-06,
                        0.00018542619363870472,
                        819410.4375
                    ],
                    [
                        5082480.0,
                        7.7939621405676e-06,
                        0.000198170033399947,
                        886572.3125
                    ],
                    [
                        5553080.0,
                        7.720262146904133e-06,
                        0.0001916241308208555,
                        834980.5
                    ],
                    [
                        5222936.0,
                        7.646989615750499e-06,
                        0.0002063407882815227,
                        810099.0
                    ],
                    [
                        5267824.0,
                        7.57698762754444e-06,
                        0.00023895764024928212,
                        771615.4375
                    ],
                    [
                        5292440.0,
                        7.507794634875609e-06,
                        0.00025051896227523685,
                        873322.6875
                    ],
                    [
                        5603760.0,
                        7.437720341840759e-06,
                        0.0002676467993296683,
                        855312.0625
                    ],
                    [
                        5289312.0,
                        7.368956630671164e-06,
                        0.0002700872428249568,
                        823382.9375
                    ],
                    [
                        5275296.0,
                        7.303467100427952e-06,
                        0.0002660537720657885,
                        780031.4375
                    ],
                    [
                        5143296.0,
                        7.240012109832605e-06,
                        0.00026454709586687386,
                        808306.8125
                    ]
                ]
            ],
            "actions": [
                [
                    [
                        0.75
                    ],
                    [
                        0.75
                    ],
                    [
                        0.75
                    ],
                    [
                        0.75
                    ],
                    [
                        0.75
                    ],
                    [
                        0.75
                    ],
                    [
                        0.75
                    ],
                    [
                        0.75
                    ],
                    [
                        0.75
                    ],
                    [
                        0.75
                    ],
                    [
                        0.75
                    ],
                    [
                        0.75
                    ],
                    [
                        0.75
                    ],
                    [
                        0.75
                    ],
                    [
                        0.75
                    ],
                    [
                        0.75
                    ],
                    [
                        0.75
                    ],
                    [
                        0.75
                    ],
                    [
                        0.75
                    ],
                    [
                        0.75
                    ]
                ]
            ],
            "returns": [
                [
                    [
                        0.5055230259895325
                    ],
                    [
                        0.5045902132987976
                    ],
                    [
                        0.5036553740501404
                    ],
                    [
                        0.5027201771736145
                    ],
                    [
                        0.5017906427383423
                    ],
                    [
                        0.5008551478385925
                    ],
                    [
                        0.4999221861362457
                    ],
                    [
                        0.49898457527160645
                    ],
                    [
                        0.49805590510368347
                    ],
                    [
                        0.4971241354942322
                    ],
                    [
                        0.49618321657180786
                    ],
                    [
                        0.4952487051486969
                    ],
                    [
                        0.49431970715522766
                    ],
                    [
                        0.49338284134864807
                    ],
                    [
                        0.49245142936706543
                    ],
                    [
                        0.4915192425251007
                    ],
                    [
                        0.49058666825294495
                    ],
                    [
                        0.4896489977836609
                    ],
                    [
                        0.4887164533138275
                    ],
                    [
                        0.48778414726257324
                    ]
                ]
            ],
            "timesteps": [
                [
                    80,
                    81,
                    82,
                    83,
                    84,
                    85,
                    86,
                    87,
                    88,
                    89,
                    90,
                    91,
                    92,
                    93,
                    94,
                    95,
                    96,
                    97,
                    98,
                    99
                ]
            ],
            "labels": [
                [
                    2,
                    2,
                    2,
                    2,
                    2,
                    2,
                    2,
                    2,
                    2,
                    2,
                    2,
                    2,
                    2,
                    2,
                    2,
                    2,
                    2,
                    2,
                    2,
                    2
                ]
            ],
            "CPU Usage": 47.6,
            "RAM Usage": 58.1,
            "GPU Usage": 0.0,
            "VRAM Usage": 397.0,
            "Disk Read Speed (MB/s)": 190414.6240234375,
            "Disk Write Speed (MB/s)": 271465.7744140625
        },
        {
            "step": 2,
            "train_loss": 0.042981602251529694,
            "actions_pred1": [
                [
                    [
                        -0.5310206413269043,
                        -0.5147687792778015,
                        0.5966533422470093,
                        0.4909980893135071
                    ],
                    [
                        -0.4685484766960144,
                        -0.44558125734329224,
                        0.5593507885932922,
                        0.41281023621559143
                    ],
                    [
                        -0.4243803322315216,
                        -0.2113824486732483,
                        0.5774160623550415,
                        0.37288007140159607
                    ],
                    [
                        -0.4014054536819458,
                        -0.22071221470832825,
                        0.5092766284942627,
                        0.4578855037689209
                    ],
                    [
                        -0.5455571413040161,
                        -0.03532347083091736,
                        0.6404610872268677,
                        0.4680924117565155
                    ],
                    [
                        -0.622969388961792,
                        -0.038079552352428436,
                        0.6329559683799744,
                        0.4635125696659088
                    ],
                    [
                        -0.4349305033683777,
                        -0.16480140388011932,
                        0.5357661247253418,
                        0.5747383832931519
                    ],
                    [
                        -0.3454306721687317,
                        -0.07760892808437347,
                        0.5764382481575012,
                        0.6632007360458374
                    ],
                    [
                        -0.39428257942199707,
                        -0.10133644938468933,
                        0.5606042146682739,
                        0.6130521893501282
                    ],
                    [
                        -0.41726866364479065,
                        -0.01760116219520569,
                        0.6355521082878113,
                        0.4195874035358429
                    ],
                    [
                        -0.39879992604255676,
                        -0.011391200125217438,
                        0.6300562620162964,
                        0.57590651512146
                    ],
                    [
                        -0.41820329427719116,
                        -0.03303373605012894,
                        0.6250551342964172,
                        0.5092250108718872
                    ],
                    [
                        -0.2124190628528595,
                        -0.11027723550796509,
                        0.6640619039535522,
                        0.462779700756073
                    ],
                    [
                        -0.2191215455532074,
                        -0.15173451602458954,
                        0.5653051137924194,
                        0.5978817343711853
                    ],
                    [
                        -0.11550040543079376,
                        -0.16022440791130066,
                        0.5356049537658691,
                        0.5765037536621094
                    ],
                    [
                        -0.23855182528495789,
                        -0.18001270294189453,
                        0.5309352874755859,
                        0.524332582950592
                    ],
                    [
                        -0.43144816160202026,
                        -0.1538756638765335,
                        0.5373009443283081,
                        0.5033711791038513
                    ],
                    [
                        -0.4108376204967499,
                        -0.11531610041856766,
                        0.612223207950592,
                        0.39534348249435425
                    ],
                    [
                        -0.37946629524230957,
                        -0.07269902527332306,
                        0.6873382329940796,
                        0.4889912009239197
                    ],
                    [
                        -0.37829500436782837,
                        -0.1377822756767273,
                        0.49268555641174316,
                        0.5024484395980835
                    ]
                ]
            ],
            "actions_pred": [
                [
                    [
                        -0.5310206413269043,
                        -0.4685484766960144,
                        -0.4243803322315216,
                        -0.4014054536819458,
                        -0.5455571413040161,
                        -0.622969388961792,
