{
    "steps": [
        {
            "step": 0,
            "train_loss": 0.04075933247804642,
            "actions_pred1": [
                [
                    [
                        0.03850048780441284,
                        -0.01289106160402298,
                        0.6947171688079834,
                        0.2615545690059662
                    ],
                    [
                        0.018340110778808594,
                        0.04798777401447296,
                        0.7188074588775635,
                        0.1879982352256775
                    ],
                    [
                        -0.06309255212545395,
                        0.09466569125652313,
                        0.7950612306594849,
                        0.05287986993789673
                    ],
                    [
                        -0.1656767725944519,
                        0.10554242134094238,
                        0.7627389430999756,
                        0.0722288191318512
                    ],
                    [
                        -0.19706769287586212,
                        0.26339173316955566,
                        0.676964282989502,
                        0.013731658458709717
                    ],
                    [
                        -0.09226129949092865,
                        0.16573718190193176,
                        0.7356759309768677,
                        0.07566675543785095
                    ],
                    [
                        0.02367725968360901,
                        0.19720588624477386,
                        0.6651760935783386,
                        0.15491729974746704
                    ],
                    [
                        -0.2592509686946869,
                        0.26838839054107666,
                        0.9377796649932861,
                        0.101663738489151
                    ],
                    [
                        -0.27303779125213623,
                        0.34689199924468994,
                        1.0243819952011108,
                        0.10579094290733337
                    ],
                    [
                        -0.3729507327079773,
                        0.29034656286239624,
                        1.0457730293273926,
                        0.057327792048454285
                    ],
                    [
                        -0.39347347617149353,
                        0.29104897379875183,
                        1.1121331453323364,
                        -0.04284808039665222
                    ],
                    [
                        -0.2012198269367218,
                        0.16260269284248352,
                        0.9433754682540894,
                        0.09662404656410217
                    ],
                    [
                        -0.19983036816120148,
                        0.12752600014209747,
                        0.9923203587532043,
                        0.013953059911727905
                    ],
                    [
                        -0.2544395625591278,
                        0.050007909536361694,
                        1.000925898551941,
                        0.0330127477645874
                    ],
                    [
                        -0.12441125512123108,
                        0.12206912785768509,
                        0.9545125365257263,
                        0.05421476066112518
                    ],
                    [
                        -0.11551877856254578,
                        0.07382633537054062,
                        0.7629008293151855,
                        0.18206429481506348
                    ],
                    [
                        -0.0653885155916214,
                        0.13655024766921997,
                        0.7289466261863708,
                        0.21200209856033325
                    ],
                    [
                        -0.041243888437747955,
                        0.12571200728416443,
                        0.7157453298568726,
                        0.1639113426208496
                    ],
                    [
                        0.0845179408788681,
                        0.1194121241569519,
                        0.8089796900749207,
                        0.1088036596775055
                    ],
                    [
                        -0.06491224467754364,
                        0.2105388343334198,
                        0.792934238910675,
                        0.14095374941825867
                    ]
                ]
            ],
            "actions_pred": [
                [
                    [
                        0.03850048780441284,
                        0.018340110778808594,
                        -0.06309255212545395,
                        -0.1656767725944519,
                        -0.19706769287586212,
                        -0.09226129949092865,
                        0.02367725968360901,
                        -0.2592509686946869,
                        -0.27303779125213623,
                        -0.3729507327079773,
                        -0.39347347617149353,
                        -0.2012198269367218,
                        -0.19983036816120148,
                        -0.2544395625591278,
                        -0.12441125512123108,
                        -0.11551877856254578,
                        -0.0653885155916214,
                        -0.041243888437747955,
                        0.0845179408788681,
                        -0.06491224467754364
                    ],
                    [
                        -0.01289106160402298,
                        0.04798777401447296,
                        0.09466569125652313,
                        0.10554242134094238,
                        0.26339173316955566,
                        0.16573718190193176,
                        0.19720588624477386,
                        0.26838839054107666,
                        0.34689199924468994,
                        0.29034656286239624,
                        0.29104897379875183,
                        0.16260269284248352,
                        0.12752600014209747,
                        0.050007909536361694,
                        0.12206912785768509,
                        0.07382633537054062,
                        0.13655024766921997,
                        0.12571200728416443,
                        0.1194121241569519,
                        0.2105388343334198
                    ],
                    [
                        0.6947171688079834,
                        0.7188074588775635,
                        0.7950612306594849,
                        0.7627389430999756,
                        0.676964282989502,
                        0.7356759309768677,
                        0.6651760935783386,
                        0.9377796649932861,
                        1.0243819952011108,
                        1.0457730293273926,
                        1.1121331453323364,
                        0.9433754682540894,
                        0.9923203587532043,
                        1.000925898551941,
                        0.9545125365257263,
                        0.7629008293151855,
                        0.7289466261863708,
                        0.7157453298568726,
                        0.8089796900749207,
                        0.792934238910675
                    ],
                    [
                        0.2615545690059662,
                        0.1879982352256775,
                        0.05287986993789673,
                        0.0722288191318512,
                        0.013731658458709717,
                        0.07566675543785095,
                        0.15491729974746704,
                        0.101663738489151,
                        0.10579094290733337,
                        0.057327792048454285,
                        -0.04284808039665222,
                        0.09662404656410217,
                        0.013953059911727905,
                        0.0330127477645874,
                        0.05421476066112518,
                        0.18206429481506348,
                        0.21200209856033325,
                        0.1639113426208496,
                        0.1088036596775055,
                        0.14095374941825867
                    ]
                ]
            ],
            "states": [
                [
                    [
                        5847024.0,
                        7.17427474228316e-06,
                        0.0002797465131152421,
                        862261.25
                    ],
                    [
                        5130264.0,
                        7.109771104296669e-06,
                        0.00027696648612618446,
                        791462.9375
                    ],
                    [
                        5460408.0,
                        7.0486535150848795e-06,
                        0.0002747685939539224,
                        848104.9375
                    ],
                    [
                        5159224.0,
                        6.988396307860967e-06,
                        0.000255326071055606,
                        826896.4375
                    ],
                    [
                        5280856.0,
                        6.9301599978643935e-06,
                        0.0002729953557718545,
                        850071.375
                    ],
                    [
                        5415520.0,
                        6.871501227578847e-06,
                        0.00026464968686923385,
                        894284.875
                    ],
                    [
                        5138952.0,
                        6.81457140672137e-06,
                        0.000260901142610237,
                        824406.5
                    ],
                    [
                        5364840.0,
                        6.758851213817252e-06,
                        0.00026091569452546537,
                        837380.25
                    ],
                    [
                        8605643.0,
                        0.0036125751212239265,
                        0.0002766261750366539,
                        462352.0625
                    ],
                    [
                        10015816.0,
                        0.00033437556703574955,
                        0.00026207882910966873,
                        482968.0625
                    ],
                    [
                        7806168.0,
                        0.00019468956452328712,
                        0.00027697221958078444,
                        473153.5
                    ],
                    [
                        6004856.0,
                        0.00014804340025875717,
                        0.00037561735371127725,
                        563905.9375
                    ],
                    [
                        3835752.0,
                        0.00012653775047510862,
                        0.000348972505889833,
                        546822.625
                    ],
                    [
                        693592.0,
                        0.00011859468213515356,
                        0.000344088242854923,
                        536207.0
                    ],
                    [
                        1136680.0,
                        0.00011570940841920674,
                        0.00030916635296307504,
                        532932.75
                    ],
                    [
                        755856.0,
                        0.0001128598305513151,
                        0.00029186115716584027,
                        668301.125
                    ],
                    [
                        573408.0,
                        0.00011094257206423208,
                        0.00031188191496767104,
                        741689.6875
                    ],
                    [
                        432952.0,
                        0.0001095341140171513,
                        0.0003927450452465564,
                        678985.1875
                    ],
                    [
                        1216320.0,
                        0.00010730996291385964,
                        0.00034627493005245924,
                        618105.1875
                    ],
                    [
                        4131144.0,
                        0.00010072957229567692,
                        0.00028098482289351523,
                        571491.4375
                    ]
                ]
            ],
            "actions": [
                [
                    [
                        0.75
                    ],
                    [
                        0.75
                    ],
                    [
                        0.75
                    ],
                    [
                        0.75
                    ],
                    [
                        0.75
                    ],
                    [
                        0.75
                    ],
                    [
                        0.75
                    ],
                    [
                        0.75
                    ],
                    [
                        0.5
                    ],
                    [
                        0.5
                    ],
                    [
                        0.5
                    ],
                    [
                        0.5
                    ],
                    [
                        0.5
                    ],
                    [
                        0.5
                    ],
                    [
                        0.5
                    ],
                    [
                        0.5
                    ],
                    [
                        0.5
                    ],
                    [
                        0.5
                    ],
                    [
                        0.5
                    ],
                    [
                        0.5
                    ]
                ]
            ],
            "returns": [
                [
                    [
                        0.48685410618782043
                    ],
                    [
                        0.4859126806259155
                    ],
                    [
                        0.48498284816741943
                    ],
                    [
                        0.4840475022792816
                    ],
                    [
                        0.48311716318130493
                    ],
                    [
                        0.4821847677230835
                    ],
                    [
                        0.481250137090683
                    ],
                    [
                        0.48032015562057495
                    ],
                    [
                        0.4793863594532013
                    ],
                    [
                        0.47841066122055054
                    ],
                    [
                        0.47742152214050293
                    ],
                    [
                        0.4764544665813446
                    ],
                    [
                        0.47551068663597107
                    ],
                    [
                        0.47460663318634033
                    ],
                    [
                        0.4738542139530182
                    ],
                    [
                        0.47305798530578613
                    ],
                    [
                        0.4722979664802551
                    ],
                    [
                        0.47156238555908203
                    ],
                    [
                        0.47085174918174744
                    ],
                    [
                        0.47004953026771545
                    ]
                ]
            ],
            "timesteps": [
                [
                    100,
                    101,
                    102,
                    103,
                    104,
                    105,
                    106,
                    107,
                    108,
                    109,
                    110,
                    111,
                    112,
                    113,
                    114,
                    115,
                    116,
                    117,
                    118,
                    119
                ]
            ],
            "labels": [
                [
                    2,
                    2,
                    2,
                    2,
                    2,
                    2,
                    2,
                    2,
                    1,
                    1,
                    1,
                    1,
                    1,
                    1,
                    1,
                    1,
                    1,
                    1,
                    1,
                    1
                ]
            ],
            "CPU Usage": 45.0,
            "RAM Usage": 62.6,
            "GPU Usage": 0.0,
            "VRAM Usage": 452.0,
            "Disk Read Speed (MB/s)": 191411.2421875,
            "Disk Write Speed (MB/s)": 300460.5947265625
        },
        {
            "step": 1,
            "train_loss": 0.05580378323793411,
            "actions_pred1": [
                [
                    [
                        -0.09070289134979248,
                        -0.20664355158805847,
                        0.6496574878692627,
                        -0.08583849668502808
                    ],
                    [
                        -0.12379732728004456,
                        -0.09083627164363861,
                        0.8509981632232666,
                        -0.2178034484386444
                    ],
                    [
                        0.010670498013496399,
                        0.058362312614917755,
                        0.6355007886886597,
                        -0.31028226017951965
                    ],
                    [
                        -0.036726951599121094,
                        0.15691600739955902,
                        0.4521026313304901,
                        -0.28496408462524414
                    ],
                    [
                        -0.14387457072734833,
                        0.0755654126405716,
                        0.40580663084983826,
                        -0.1250496208667755
                    ],
                    [
                        -0.25993454456329346,
                        0.08528465032577515,
                        0.61089026927948,
                        -0.147732675075531
                    ],
                    [
                        -0.23155562579631805,
                        0.18714749813079834,
                        0.6247926354408264,
                        -0.08431199193000793
                    ],
                    [
                        -0.344254732131958,
                        0.19758284091949463,
                        0.6454675793647766,
                        -0.078987717628479
                    ],
                    [
                        -0.33723098039627075,
                        0.042043671011924744,
                        0.664909839630127,
                        -0.2944531738758087
                    ],
                    [
                        -0.2518857717514038,
                        -0.041894614696502686,
                        0.5648818612098694,
                        -0.28560784459114075
                    ],
                    [
                        -0.35156095027923584,
                        0.030852891504764557,
                        0.7020581364631653,
                        -0.257757306098938
                    ],
                    [
                        -0.440741628408432,
                        0.09020940959453583,
                        0.6692097187042236,
                        -0.24374166131019592
                    ],
                    [
                        -0.26832500100135803,
                        0.03739745914936066,
                        0.6246004104614258,
                        -0.15530061721801758
                    ],
                    [
                        -0.2243167906999588,
                        0.03743930160999298,
                        0.6134613156318665,
                        -0.21477344632148743
                    ],
                    [
                        -0.28890037536621094,
                        0.1088504046201706,
                        0.6550036668777466,
                        -0.2800322473049164
                    ],
                    [
                        -0.2910318374633789,
                        0.19050559401512146,
                        0.8005717396736145,
                        -0.21304428577423096
                    ],
                    [
                        -0.3763173818588257,
                        0.12112849950790405,
                        0.7441956400871277,
                        -0.14608889818191528
                    ],
                    [
                        -0.32501935958862305,
                        0.15604129433631897,
                        0.7115752696990967,
                        -0.16510283946990967
                    ],
                    [
                        -0.3139353394508362,
                        0.26407507061958313,
                        0.7014246582984924,
                        -0.14380893111228943
                    ],
                    [
                        -0.31519705057144165,
                        0.22011306881904602,
                        0.8450700640678406,
                        -0.13891178369522095
                    ]
                ]
            ],
            "actions_pred": [
                [
                    [
                        -0.09070289134979248,
                        -0.12379732728004456,
                        0.010670498013496399,
                        -0.036726951599121094,
                        -0.14387457072734833,
                        -0.25993454456329346,
                        -0.23155562579631805,
                        -0.344254732131958,
                        -0.33723098039627075,
                        -0.2518857717514038,
                        -0.35156095027923584,
                        -0.440741628408432,
                        -0.26832500100135803,
                        -0.2243167906999588,
                        -0.28890037536621094,
                        -0.2910318374633789,
                        -0.3763173818588257,
                        -0.32501935958862305,
                        -0.3139353394508362,
                        -0.31519705057144165
                    ],
                    [
                        -0.20664355158805847,
                        -0.09083627164363861,
                        0.058362312614917755,
                        0.15691600739955902,
                        0.0755654126405716,
                        0.08528465032577515,
                        0.18714749813079834,
                        0.19758284091949463,
                        0.042043671011924744,
                        -0.041894614696502686,
                        0.030852891504764557,
                        0.09020940959453583,
                        0.03739745914936066,
                        0.03743930160999298,
                        0.1088504046201706,
                        0.19050559401512146,
                        0.12112849950790405,
                        0.15604129433631897,
                        0.26407507061958313,
                        0.22011306881904602
                    ],
                    [
                        0.6496574878692627,
                        0.8509981632232666,
                        0.6355007886886597,
                        0.4521026313304901,
                        0.40580663084983826,
                        0.61089026927948,
                        0.6247926354408264,
                        0.6454675793647766,
                        0.664909839630127,
                        0.5648818612098694,
                        0.7020581364631653,
                        0.6692097187042236,
                        0.6246004104614258,
                        0.6134613156318665,
                        0.6550036668777466,
                        0.8005717396736145,
                        0.7441956400871277,
                        0.7115752696990967,
                        0.7014246582984924,
                        0.8450700640678406
                    ],
                    [
                        -0.08583849668502808,
                        -0.2178034484386444,
                        -0.31028226017951965,
                        -0.28496408462524414,
                        -0.1250496208667755,
                        -0.147732675075531,
                        -0.08431199193000793,
                        -0.078987717628479,
                        -0.2944531738758087,
                        -0.28560784459114075,
                        -0.257757306098938,
                        -0.24374166131019592,
                        -0.15530061721801758,
                        -0.21477344632148743,
                        -0.2800322473049164,
                        -0.21304428577423096,
                        -0.14608889818191528,
                        -0.16510283946990967,
                        -0.14380893111228943,
                        -0.13891178369522095
                    ]
                ]
            ],
            "states": [
                [
                    [
                        5346016.0,
                        3.834013477899134e-05,
                        0.0014523763675242662,
                        508420.875
                    ],
                    [
                        5408280.0,
                        3.6602417821995914e-05,
                        0.0012122188927605748,
                        493151.53125
                    ],
                    [
                        5290992.0,
                        3.502258914522827e-05,
                        0.0010567386634647846,
                        527754.375
                    ],
                    [
                        4871072.0,
                        3.364306758157909e-05,
                        0.0010331012308597565,
                        499436.125
                    ],
                    [
                        5112888.0,
                        3.239049328840338e-05,
                        0.0008577806875109673,
                        510007.28125
                    ],
                    [
                        5560320.0,
                        3.1150953873293474e-05,
                        0.009355437941849232,
                        487248.6875
                    ],
                    [
                        5574800.0,
                        1.764485568855889e-05,
                        0.005326922982931137,
                        503265.46875
                    ],
                    [
                        5363392.0,
                        1.8441511201672256e-05,
                        0.00705355079844594,
                        500775.59375
                    ],
                    [
                        5134608.0,
                        2.999954449478537e-05,
                        0.003215600736439228,
                        494512.125
                    ],
                    [
                        5509640.0,
                        1.6405823771492578e-05,
                        0.005743528250604868,
                        466303.4375
                    ],
                    [
                        5509640.0,
                        1.6405823771492578e-05,
                        0.005743528250604868,
                        466303.4375
                    ],
                    [
                        5069448.0,
                        2.8978191039641388e-05,
                        0.0006789364852011204,
                        506032.28125
                    ],
                    [
                        5574800.0,
                        1.764485568855889e-05,
                        0.005326922982931137,
                        503265.46875
                    ],
                    [
                        1811448.0,
                        2.832559766829945e-05,
                        0.006547329016029835,
                        511753.5625
                    ],
                    [
                        5228728.0,
                        2.7692145522451028e-05,
                        0.00019177634385414422,
                        489897.5625
                    ],
                    [
                        5105648.0,
                        2.680875695659779e-05,
                        0.0001491233124397695,
                        484135.40625
                    ],
                    [
                        5137504.0,
                        2.59872085734969e-05,
                        0.0002625611668918282,
                        463221.75
                    ],
                    [
                        5053520.0,
                        2.521825081203133e-05,
                        0.0004885925445705652,
                        468607.3125
                    ],
                    [
                        4761024.0,
                        2.4519293219782412e-05,
                        0.0010367168579250574,
                        491127.34375
                    ],
                    [
                        4991256.0,
                        2.386243431828916e-05,
                        0.0028569940477609634,
                        492679.28125
                    ]
                ]
            ],
            "actions": [
                [
                    [
                        0.25
                    ],
                    [
                        0.25
                    ],
                    [
                        0.25
                    ],
                    [
                        0.25
                    ],
                    [
                        0.25
                    ],
                    [
                        0.25
                    ],
                    [
                        0.25
                    ],
                    [
                        0.25
                    ],
                    [
                        0.25
                    ],
                    [
                        0.25
                    ],
                    [
                        0.25
                    ],
                    [
                        0.25
                    ],
                    [
                        0.25
                    ],
                    [
                        0.25
                    ],
                    [
                        0.25
                    ],
                    [
                        0.25
                    ],
                    [
                        0.25
                    ],
                    [
                        0.25
                    ],
                    [
                        0.25
                    ],
                    [
                        0.25
                    ]
                ]
            ],
            "returns": [
                [
                    [
                        0.03608226776123047
                    ],
                    [
                        0.03514878451824188
                    ],
                    [
                        0.03421427682042122
                    ],
                    [
                        0.033281709998846054
                    ],
                    [
                        0.03235647454857826
                    ],
                    [
                        0.031426943838596344
                    ],
                    [
                        0.030489977449178696
                    ],
                    [
                        0.029552778229117393
                    ],
                    [
                        0.028619008138775826
                    ],
                    [
                        0.027689101174473763
                    ],
                    [
                        0.02675294503569603
                    ],
                    [
                        0.025816788896918297
                    ],
                    [
                        0.024888014420866966
                    ],
                    [
                        0.023950817063450813
                    ],
                    [
                        0.023113280534744263
                    ],
                    [
                        0.022181764245033264
                    ],
                    [
                        0.021252360194921494
                    ],
                    [
                        0.02032240480184555
                    ],
                    [
                        0.019393909722566605
                    ],
                    [
                        0.018470700830221176
                    ]
                ]
            ],
            "timesteps": [
                [
                    600,
                    601,
                    602,
                    603,
                    604,
                    605,
                    606,
                    607,
                    608,
                    609,
                    610,
                    611,
                    612,
                    613,
                    614,
                    615,
                    616,
                    617,
                    618,
                    619
                ]
            ],
            "labels": [
                [
                    0,
                    0,
                    0,
                    0,
                    0,
                    0,
                    0,
                    0,
                    0,
                    0,
                    0,
                    0,
                    0,
                    0,
                    0,
                    0,
                    0,
                    0,
                    0,
                    0
                ]
            ],
            "CPU Usage": 48.1,
            "RAM Usage": 63.0,
            "GPU Usage": 0.0,
            "VRAM Usage": 452.0,
            "Disk Read Speed (MB/s)": 191411.2421875,
            "Disk Write Speed (MB/s)": 300460.8369140625
        },
        {
            "step": 2,
            "train_loss": 0.03824014961719513,
            "actions_pred1": [
                [
                    [
                        0.13771100342273712,
                        -0.3214817941188812,
                        0.291809618473053,
                        0.36002081632614136
                    ],
                    [
                        -0.08273008465766907,
                        -0.18204040825366974,
                        0.3429623246192932,
                        0.2733168303966522
                    ],
                    [
                        -0.12415754795074463,
                        -0.19842371344566345,
                        0.443975567817688,
                        0.27131253480911255
                    ],
                    [
                        -0.14741671085357666,
                        -0.16830426454544067,
                        0.5567340850830078,
                        0.2755368649959564
                    ],
                    [
                        -0.028650715947151184,
                        -0.0836358293890953,
                        0.5690035820007324,
                        0.24714523553848267
                    ],
                    [
                        -0.20913827419281006,
                        -0.08053126931190491,
                        0.5140905976295471,
                        0.16970983147621155
                    ],
                    [
                        -0.4098793864250183,
                        -0.0767240971326828,
                        0.5584620237350464,
                        0.09950771927833557
                    ],
                    [
                        -0.3795953392982483,
                        -0.09762084484100342,
                        0.5722224116325378,
                        0.03261539340019226
                    ],
                    [
                        -0.3161044120788574,
                        -0.13025513291358948,
                        0.39182302355766296,
                        -0.048140108585357666
                    ],
                    [
                        -0.2580863833427429,
                        -0.12348397076129913,
                        0.39252856373786926,
                        -0.07585474848747253
                    ],
                    [
                        -0.25116240978240967,
                        -0.11683168262243271,
                        0.5384653210639954,
                        0.007042139768600464
                    ],
                    [
                        -0.21392680704593658,
                        -0.13097704946994781,
                        0.46977299451828003,
                        -0.0057153403759002686
                    ],
                    [
                        -0.26065027713775635,
                        -0.07981604337692261,
                        0.5803855657577515,
                        0.0707274079322815
                    ],
                    [
                        -0.2784839868545532,
                        0.021428048610687256,
                        0.6754347681999207,
                        -0.01225823163986206
                    ],
                    [
                        -0.24051101505756378,
                        0.03439127653837204,
                        0.6379522085189819,
                        0.0008123219013214111
                    ],
                    [
                        -0.2928558886051178,
                        -0.02834933251142502,
                        0.6436390280723572,
                        -0.09025681018829346
                    ],
                    [
                        -0.5084677934646606,
                        -0.05188906937837601,
                        0.7097917199134827,
                        -0.26645153760910034
                    ],
                    [
                        -0.3418840765953064,
                        0.035424716770648956,
                        0.6651853322982788,
                        -0.12989655137062073
                    ],
                    [
                        -0.35219326615333557,
                        -0.03630447760224342,
                        0.48273617029190063,
                        -0.051315873861312866
                    ],
                    [
                        -0.38205987215042114,
                        -0.03650513291358948,
                        0.49843499064445496,
                        -0.061275094747543335
                    ]
                ]
            ],
            "actions_pred": [
                [
                    [
                        0.13771100342273712,
                        -0.08273008465766907,
                        -0.12415754795074463,
                        -0.14741671085357666,
