{
    "steps": [
        {
            "step": 0,
            "train_loss": 0.030878182500600815,
            "actions_pred1": [
                [
                    [
                        0.1741994321346283,
                        -0.2262703776359558,
                        0.4717964231967926,
                        0.4771823287010193
                    ],
                    [
                        -0.10482828319072723,
                        -0.13894633948802948,
                        0.4542251527309418,
                        0.6076415181159973
                    ],
                    [
                        -0.29129111766815186,
                        0.14285999536514282,
                        0.5829223394393921,
                        0.5331295132637024
                    ],
                    [
                        -0.3107200264930725,
                        0.05171231925487518,
                        0.6555123329162598,
                        0.5931951999664307
                    ],
                    [
                        -0.33001038432121277,
                        -0.022983334958553314,
                        0.5853145122528076,
                        0.48319780826568604
                    ],
                    [
                        -0.27175432443618774,
                        0.0027441643178462982,
                        0.6264196634292603,
                        0.396084725856781
                    ],
                    [
                        -0.3478831350803375,
                        -0.0628395825624466,
                        0.7076107263565063,
                        0.3903625011444092
                    ],
                    [
                        -0.5258174538612366,
                        -0.18185752630233765,
                        0.6615327596664429,
                        0.3031449317932129
                    ],
                    [
                        -0.4181916415691376,
                        -0.23972517251968384,
                        0.5922799110412598,
                        0.335493266582489
                    ],
                    [
                        -0.38122349977493286,
                        -0.03250362351536751,
                        0.7889418005943298,
                        0.33313319087028503
                    ],
                    [
                        -0.40416598320007324,
                        0.04809385538101196,
                        0.938750684261322,
                        0.39464932680130005
                    ],
                    [
                        -0.23808041214942932,
                        0.0784299373626709,
                        0.7392749190330505,
                        0.32595914602279663
                    ],
                    [
                        -0.10403625667095184,
                        0.01798848807811737,
                        0.8350015878677368,
                        0.24009831249713898
                    ],
                    [
                        -0.2174876630306244,
                        -0.0708223357796669,
                        0.5473845601081848,
                        0.21642328798770905
                    ],
                    [
                        -0.30297422409057617,
                        -0.020273253321647644,
                        0.66077721118927,
                        0.2850889563560486
                    ],
                    [
                        -0.17609341442584991,
                        -0.2234121561050415,
                        0.657492458820343,
                        0.3271361291408539
                    ],
                    [
                        -0.18952909111976624,
                        -0.0773182287812233,
                        0.6296519637107849,
                        0.45853716135025024
                    ],
                    [
                        -0.21245749294757843,
                        0.0986853688955307,
                        0.7316049337387085,
                        0.544041633605957
                    ],
                    [
                        -0.2393089383840561,
                        0.16544276475906372,
                        0.7609967589378357,
                        0.5874257683753967
                    ],
                    [
                        -0.26397424936294556,
                        0.1391248255968094,
                        0.7469174861907959,
                        0.5123634338378906
                    ]
                ]
            ],
            "actions_pred": [
                [
                    [
                        0.1741994321346283,
                        -0.10482828319072723,
                        -0.29129111766815186,
                        -0.3107200264930725,
                        -0.33001038432121277,
                        -0.27175432443618774,
                        -0.3478831350803375,
                        -0.5258174538612366,
                        -0.4181916415691376,
                        -0.38122349977493286,
                        -0.40416598320007324,
                        -0.23808041214942932,
                        -0.10403625667095184,
                        -0.2174876630306244,
                        -0.30297422409057617,
                        -0.17609341442584991,
                        -0.18952909111976624,
                        -0.21245749294757843,
                        -0.2393089383840561,
                        -0.26397424936294556
                    ],
                    [
                        -0.2262703776359558,
                        -0.13894633948802948,
                        0.14285999536514282,
                        0.05171231925487518,
                        -0.022983334958553314,
                        0.0027441643178462982,
                        -0.0628395825624466,
                        -0.18185752630233765,
                        -0.23972517251968384,
                        -0.03250362351536751,
                        0.04809385538101196,
                        0.0784299373626709,
                        0.01798848807811737,
                        -0.0708223357796669,
                        -0.020273253321647644,
                        -0.2234121561050415,
                        -0.0773182287812233,
                        0.0986853688955307,
                        0.16544276475906372,
                        0.1391248255968094
                    ],
                    [
                        0.4717964231967926,
                        0.4542251527309418,
                        0.5829223394393921,
                        0.6555123329162598,
                        0.5853145122528076,
                        0.6264196634292603,
                        0.7076107263565063,
                        0.6615327596664429,
                        0.5922799110412598,
                        0.7889418005943298,
                        0.938750684261322,
                        0.7392749190330505,
                        0.8350015878677368,
                        0.5473845601081848,
                        0.66077721118927,
                        0.657492458820343,
                        0.6296519637107849,
                        0.7316049337387085,
                        0.7609967589378357,
                        0.7469174861907959
                    ],
                    [
                        0.4771823287010193,
                        0.6076415181159973,
                        0.5331295132637024,
                        0.5931951999664307,
                        0.48319780826568604,
                        0.396084725856781,
                        0.3903625011444092,
                        0.3031449317932129,
                        0.335493266582489,
                        0.33313319087028503,
                        0.39464932680130005,
                        0.32595914602279663,
                        0.24009831249713898,
                        0.21642328798770905,
                        0.2850889563560486,
                        0.3271361291408539,
                        0.45853716135025024,
                        0.544041633605957,
                        0.5874257683753967,
                        0.5123634338378906
                    ]
                ]
            ],
            "states": [
                [
                    [
                        5305472.0,
                        8.719099241716322e-06,
                        0.00013201982073951513,
                        847637.0625
                    ],
                    [
                        5427104.0,
                        8.626127055322286e-06,
                        0.00013791865785606205,
                        798609.0
                    ],
                    [
                        5450272.0,
                        8.533900654583704e-06,
                        0.00014453318726737052,
                        879716.5
                    ],
                    [
                        5114336.0,
                        8.446181709587108e-06,
                        0.00014699026360176504,
                        849232.5625
                    ],
                    [
                        5466200.0,
                        8.360139872820582e-06,
                        0.00016071676509454846,
                        823946.3125
                    ],
                    [
                        5315608.0,
                        8.27424355520634e-06,
                        0.00016249381587840617,
                        854104.0625
                    ],
                    [
                        5602312.0,
                        8.189044820028357e-06,
                        0.0001488575799157843,
                        832423.8125
                    ],
                    [
                        5063656.0,
                        8.107467692752834e-06,
                        0.00016087492986116558,
                        837260.4375
                    ],
                    [
                        5243208.0,
                        8.030191565921996e-06,
                        0.00016716374375391752,
                        847603.1875
                    ],
                    [
                        5813720.0,
                        7.948916390887462e-06,
                        0.00019032474665436894,
                        855439.25
                    ],
                    [
                        5408280.0,
                        7.868069587857462e-06,
                        0.00018542619363870472,
                        819410.4375
                    ],
                    [
                        5082480.0,
                        7.7939621405676e-06,
                        0.000198170033399947,
                        886572.3125
                    ],
                    [
                        5553080.0,
                        7.720262146904133e-06,
                        0.0001916241308208555,
                        834980.5
                    ],
                    [
                        5222936.0,
                        7.646989615750499e-06,
                        0.0002063407882815227,
                        810099.0
                    ],
                    [
                        5267824.0,
                        7.57698762754444e-06,
                        0.00023895764024928212,
                        771615.4375
                    ],
                    [
                        5292440.0,
                        7.507794634875609e-06,
                        0.00025051896227523685,
                        873322.6875
                    ],
                    [
                        5603760.0,
                        7.437720341840759e-06,
                        0.0002676467993296683,
                        855312.0625
                    ],
                    [
                        5289312.0,
                        7.368956630671164e-06,
                        0.0002700872428249568,
                        823382.9375
                    ],
                    [
                        5275296.0,
                        7.303467100427952e-06,
                        0.0002660537720657885,
                        780031.4375
                    ],
                    [
                        5143296.0,
                        7.240012109832605e-06,
                        0.00026454709586687386,
                        808306.8125
                    ]
                ]
            ],
            "actions": [
                [
                    [
                        0.75
                    ],
                    [
                        0.75
                    ],
                    [
                        0.75
                    ],
                    [
                        0.75
                    ],
                    [
                        0.75
                    ],
                    [
                        0.75
                    ],
                    [
                        0.75
                    ],
                    [
                        0.75
                    ],
                    [
                        0.75
                    ],
                    [
                        0.75
                    ],
                    [
                        0.75
                    ],
                    [
                        0.75
                    ],
                    [
                        0.75
                    ],
                    [
                        0.75
                    ],
                    [
                        0.75
                    ],
                    [
                        0.75
                    ],
                    [
                        0.75
                    ],
                    [
                        0.75
                    ],
                    [
                        0.75
                    ],
                    [
                        0.75
                    ]
                ]
            ],
            "returns": [
                [
                    [
                        0.5055230259895325
                    ],
                    [
                        0.5045902132987976
                    ],
                    [
                        0.5036553740501404
                    ],
                    [
                        0.5027201771736145
                    ],
                    [
                        0.5017906427383423
                    ],
                    [
                        0.5008551478385925
                    ],
                    [
                        0.4999221861362457
                    ],
                    [
                        0.49898457527160645
                    ],
                    [
                        0.49805590510368347
                    ],
                    [
                        0.4971241354942322
                    ],
                    [
                        0.49618321657180786
                    ],
                    [
                        0.4952487051486969
                    ],
                    [
                        0.49431970715522766
                    ],
                    [
                        0.49338284134864807
                    ],
                    [
                        0.49245142936706543
                    ],
                    [
                        0.4915192425251007
                    ],
                    [
                        0.49058666825294495
                    ],
                    [
                        0.4896489977836609
                    ],
                    [
                        0.4887164533138275
                    ],
                    [
                        0.48778414726257324
                    ]
                ]
            ],
            "timesteps": [
                [
                    80,
                    81,
                    82,
                    83,
                    84,
                    85,
                    86,
                    87,
                    88,
                    89,
                    90,
                    91,
                    92,
                    93,
                    94,
                    95,
                    96,
                    97,
                    98,
                    99
                ]
            ],
            "labels": [
                [
                    2,
                    2,
                    2,
                    2,
                    2,
                    2,
                    2,
                    2,
                    2,
                    2,
                    2,
                    2,
                    2,
                    2,
                    2,
                    2,
                    2,
                    2,
                    2,
                    2
                ]
            ],
            "CPU Usage": 46.1,
            "RAM Usage": 57.7,
            "GPU Usage": 0.0,
            "VRAM Usage": 596.0,
            "Disk Read Speed (MB/s)": 190564.9443359375,
            "Disk Write Speed (MB/s)": 277912.1220703125
        },
        {
            "step": 1,
            "train_loss": 0.06283222138881683,
            "actions_pred1": [
                [
                    [
                        -0.5654627084732056,
                        0.07479842007160187,
                        0.8675930500030518,
                        0.519875168800354
                    ],
                    [
                        -0.5380813479423523,
                        -0.05986587703227997,
                        0.8442262411117554,
                        0.47989875078201294
                    ],
                    [
                        -0.4566764533519745,
                        -0.10816042870283127,
                        0.8850961923599243,
                        0.3682602047920227
                    ],
                    [
                        -0.4062262773513794,
                        -0.08849380165338516,
                        0.9522522687911987,
                        0.5935629606246948
                    ],
                    [
                        -0.263298898935318,
                        -0.10248257219791412,
                        1.0052807331085205,
                        0.6151742935180664
                    ],
                    [
                        -0.25509321689605713,
                        -0.03592008352279663,
                        0.9352136850357056,
                        0.6251343488693237
                    ],
                    [
                        -0.42134755849838257,
                        0.025224097073078156,
                        0.8998752236366272,
                        0.5444751381874084
                    ],
                    [
                        -0.3963034152984619,
                        -0.08297567069530487,
                        0.7263402938842773,
                        0.42837977409362793
                    ],
                    [
                        -0.3016107380390167,
                        -0.2132152020931244,
                        0.7907652258872986,
                        0.5379629135131836
                    ],
                    [
                        -0.22457265853881836,
                        -0.02373456209897995,
                        0.8104644417762756,
                        0.46014633774757385
                    ],
                    [
                        -0.07066202163696289,
                        0.11103276908397675,
                        0.9346379041671753,
                        0.5830474495887756
                    ],
                    [
                        -0.0824967473745346,
                        0.05836324393749237,
                        0.795143723487854,
                        0.5713647603988647
                    ],
                    [
                        -0.15241685509681702,
                        0.10620561987161636,
                        0.8108919262886047,
                        0.5626895427703857
                    ],
                    [
                        -0.22804942727088928,
                        0.03528827428817749,
                        0.8908824324607849,
                        0.537011981010437
                    ],
                    [
                        -0.22146549820899963,
                        -0.05890148878097534,
                        0.746793806552887,
                        0.46919721364974976
                    ],
                    [
                        -0.1735798418521881,
                        -0.08044670522212982,
                        0.6837614178657532,
                        0.4911222457885742
                    ],
                    [
                        -0.2623610198497772,
                        -0.0038608387112617493,
                        0.8130348324775696,
                        0.5003708004951477
                    ],
                    [
                        -0.08324646949768066,
                        -0.08292859047651291,
                        0.6646023988723755,
                        0.607282280921936
                    ],
                    [
                        -0.07307880371809006,
                        -0.1682722419500351,
                        0.4762251377105713,
                        0.7679464817047119
                    ],
                    [
                        -0.09113813191652298,
                        -0.1296543926000595,
                        0.7009443044662476,
                        0.7265008687973022
                    ]
                ]
            ],
            "actions_pred": [
                [
                    [
                        -0.5654627084732056,
                        -0.5380813479423523,
                        -0.4566764533519745,
                        -0.4062262773513794,
                        -0.263298898935318,
                        -0.25509321689605713,
                        -0.42134755849838257,
                        -0.3963034152984619,
                        -0.3016107380390167,
                        -0.22457265853881836,
                        -0.07066202163696289,
                        -0.0824967473745346,
                        -0.15241685509681702,
                        -0.22804942727088928,
                        -0.22146549820899963,
                        -0.1735798418521881,
                        -0.2623610198497772,
                        -0.08324646949768066,
                        -0.07307880371809006,
                        -0.09113813191652298
                    ],
                    [
                        0.07479842007160187,
                        -0.05986587703227997,
                        -0.10816042870283127,
                        -0.08849380165338516,
                        -0.10248257219791412,
                        -0.03592008352279663,
                        0.025224097073078156,
                        -0.08297567069530487,
                        -0.2132152020931244,
                        -0.02373456209897995,
                        0.11103276908397675,
                        0.05836324393749237,
                        0.10620561987161636,
                        0.03528827428817749,
                        -0.05890148878097534,
                        -0.08044670522212982,
                        -0.0038608387112617493,
                        -0.08292859047651291,
                        -0.1682722419500351,
                        -0.1296543926000595
                    ],
                    [
                        0.8675930500030518,
                        0.8442262411117554,
                        0.8850961923599243,
                        0.9522522687911987,
                        1.0052807331085205,
                        0.9352136850357056,
                        0.8998752236366272,
                        0.7263402938842773,
                        0.7907652258872986,
                        0.8104644417762756,
                        0.9346379041671753,
                        0.795143723487854,
                        0.8108919262886047,
                        0.8908824324607849,
                        0.746793806552887,
                        0.6837614178657532,
                        0.8130348324775696,
                        0.6646023988723755,
                        0.4762251377105713,
                        0.7009443044662476
                    ],
                    [
                        0.519875168800354,
                        0.47989875078201294,
                        0.3682602047920227,
                        0.5935629606246948,
                        0.6151742935180664,
                        0.6251343488693237,
                        0.5444751381874084,
                        0.42837977409362793,
                        0.5379629135131836,
                        0.46014633774757385,
                        0.5830474495887756,
                        0.5713647603988647,
                        0.5626895427703857,
                        0.537011981010437,
                        0.46919721364974976,
                        0.4911222457885742,
                        0.5003708004951477,
                        0.607282280921936,
                        0.7679464817047119,
                        0.7265008687973022
                    ]
                ]
            ],
            "states": [
                [
                    [
                        1715880.0,
                        9.430604404769838e-05,
                        0.0053657107055187225,
                        470709.75
                    ],
                    [
                        1967832.0,
                        9.068279905477539e-05,
                        0.004402399994432926,
                        434480.75
                    ],
                    [
                        2130008.0,
                        8.69646537466906e-05,
                        0.004303366411477327,
                        508551.15625
                    ],
                    [
                        2267568.0,
                        8.329902630066499e-05,
                        0.003460775362327695,
                        467240.71875
                    ],
                    [
                        2448568.0,
                        7.969679427333176e-05,
                        0.003044134471565485,
                        537034.5
                    ],
                    [
                        2646944.0,
                        7.613936031702906e-05,
                        0.00288664479739964,
                        500456.03125
                    ],
                    [
                        1710088.0,
                        7.333141547860578e-05,
                        0.0027106136549264193,
                        490357.90625
                    ],
                    [
                        2580336.0,
                        7.077431655488908e-05,
                        0.0027518118731677532,
                        546850.6875
                    ],
                    [
                        2927856.0,
                        6.773720087949187e-05,
                        0.0026009255088865757,
                        496203.71875
                    ],
                    [
                        3168224.0,
                        6.466506602009758e-05,
                        0.002423960482701659,
                        507070.15625
                    ],
                    [
                        3505608.0,
                        6.160674092825502e-05,
                        0.002274049213156104,
                        516057.96875
                    ],
                    [
                        3553392.0,
                        5.866973879165016e-05,
                        0.0023237415589392185,
                        471484.09375
                    ],
                    [
                        4039920.0,
                        5.581038931268267e-05,
                        0.0021793735213577747,
                        501229.875
                    ],
                    [
                        4028336.0,
                        5.305969170876779e-05,
                        0.002523052040487528,
                        561908.75
                    ],
                    [
                        4312144.0,
                        5.04888485011179e-05,
                        0.002231767401099205,
                        502897.96875
                    ],
                    [
                        4776952.0,
                        4.795741187990643e-05,
                        0.0032643231097608805,
                        459673.25
                    ],
                    [
                        4743648.0,
                        4.5562293962575495e-05,
                        0.0020812072325497866,
                        515212.4375
                    ],
                    [
                        2971296.0,
                        4.3785152229247615e-05,
                        0.0015903349267318845,
                        502955.46875
                    ],
                    [
                        4981120.0,
                        4.21030999859795e-05,
                        0.0016534600872546434,
                        511202.4375
                    ],
                    [
                        4962296.0,
                        4.016688762931153e-05,
                        0.0014106292510405183,
                        493895.1875
                    ]
                ]
            ],
            "actions": [
                [
                    [
                        0.25
                    ],
                    [
                        0.25
                    ],
                    [
                        0.25
                    ],
                    [
                        0.25
                    ],
                    [
                        0.25
                    ],
                    [
                        0.25
                    ],
                    [
                        0.25
                    ],
                    [
                        0.25
                    ],
                    [
                        0.25
                    ],
                    [
                        0.25
                    ],
                    [
                        0.25
                    ],
                    [
                        0.25
                    ],
                    [
                        0.25
                    ],
                    [
                        0.25
                    ],
                    [
                        0.25
                    ],
                    [
                        0.25
                    ],
                    [
                        0.25
                    ],
                    [
                        0.25
                    ],
                    [
                        0.25
                    ],
                    [
                        0.25
                    ]
                ]
            ],
            "returns": [
                [
                    [
                        0.053779877722263336
                    ],
                    [
                        0.05294714868068695
                    ],
                    [
                        0.05210227146744728
                    ],
                    [
                        0.05125037208199501
                    ],
                    [
                        0.05039292573928833
                    ],
                    [
                        0.04952867329120636
                    ],
                    [
                        0.04865751042962074
                    ],
                    [
                        0.047825079411268234
                    ],
                    [
                        0.046956177800893784
                    ],
                    [
                        0.04607607424259186
                    ],
                    [
                        0.04518897458910942
                    ],
                    [
                        0.04429290443658829
                    ],
                    [
                        0.04339563474059105
                    ],
                    [
                        0.04248698428273201
                    ],
                    [
                        0.04157859459519386
                    ],
                    [
                        0.04066416248679161
                    ],
                    [
                        0.039740659296512604
                    ],
                    [
                        0.03881777450442314
                    ],
                    [
                        0.037936363369226456
                    ],
                    [
                        0.03700914978981018
                    ]
                ]
            ],
            "timesteps": [
                [
                    580,
                    581,
                    582,
                    583,
                    584,
                    585,
                    586,
                    587,
                    588,
                    589,
                    590,
                    591,
                    592,
                    593,
                    594,
                    595,
                    596,
                    597,
                    598,
                    599
                ]
            ],
            "labels": [
                [
                    0,
                    0,
                    0,
                    0,
                    0,
                    0,
                    0,
                    0,
                    0,
                    0,
                    0,
                    0,
                    0,
                    0,
                    0,
                    0,
                    0,
                    0,
                    0,
                    0
                ]
            ],
            "CPU Usage": 47.5,
            "RAM Usage": 59.1,
            "GPU Usage": 0.0,
            "VRAM Usage": 596.0,
            "Disk Read Speed (MB/s)": 190564.9482421875,
            "Disk Write Speed (MB/s)": 277914.2197265625
        },
        {
            "step": 2,
            "train_loss": 0.029765788465738297,
            "actions_pred1": [
                [
                    [
                        -0.03566870093345642,
                        -0.3086669445037842,
                        0.7056940197944641,
                        0.5529344081878662
                    ],
                    [
                        -0.0996449813246727,
                        -0.16560781002044678,
                        0.6671156883239746,
                        0.5773489475250244
                    ],
                    [
                        -0.108835369348526,
                        -0.06278982758522034,
                        0.6207637786865234,
                        0.6336729526519775
                    ],
                    [
                        0.056779779493808746,
                        -0.021768510341644287,
                        0.812984824180603,
                        0.6246126294136047
                    ],
                    [
                        -0.020709171891212463,
                        0.006787121295928955,
                        0.8607898354530334,
                        0.5519624948501587
                    ],
                    [
                        -0.33152124285697937,
                        -0.19368496537208557,
                        0.8476430773735046,
                        0.5751436948776245
                    ],
                    [
                        -0.38549378514289856,
                        -0.22938452661037445,
                        0.7688438892364502,
                        0.5042814016342163
                    ],
                    [
                        -0.26120826601982117,
                        -0.18053749203681946,
                        0.7226008772850037,
                        0.5901017785072327
                    ],
                    [
                        -0.2692941427230835,
                        -0.14686433970928192,
                        0.6375849843025208,
                        0.5093902945518494
                    ],
                    [
                        -0.27978789806365967,
                        -0.10606682300567627,
                        0.6628153920173645,
                        0.3579142689704895
                    ],
                    [
                        -0.19938641786575317,
                        -0.189406618475914,
                        0.5549989938735962,
                        0.3996753692626953
                    ],
                    [
                        -0.23419852554798126,
                        -0.10461175441741943,
                        0.7224056124687195,
                        0.33642885088920593
                    ],
                    [
                        -0.2019517868757248,
                        -0.11437828838825226,
                        0.8048283457756042,
                        0.38734596967697144
                    ],
                    [
                        -0.1948821246623993,
                        -0.21141093969345093,
                        0.8402060866355896,
                        0.3084282875061035
                    ],
                    [
                        -0.162729412317276,
                        -0.22721610963344574,
                        0.7460905313491821,
                        0.3858761787414551
                    ],
                    [
                        -0.32072895765304565,
                        -0.21519748866558075,
                        0.6396476626396179,
                        0.4086013436317444
                    ],
                    [
                        -0.2373335212469101,
                        -0.1721622347831726,
                        0.6992006301879883,
                        0.5120417475700378
                    ],
                    [
                        -0.23056037724018097,
                        -0.11576526612043381,
                        0.7345072031021118,
                        0.44670653343200684
                    ],
                    [
                        -0.2403828203678131,
                        -0.11408675462007523,
                        0.743050754070282,
                        0.3494121730327606
                    ],
                    [
                        -0.2392360270023346,
                        -0.06962436437606812,
                        0.7170119881629944,
                        0.302070677280426
                    ]
                ]
            ],
            "actions_pred": [
                [
                    [
                        -0.03566870093345642,
                        -0.0996449813246727,
                        -0.108835369348526,
                        0.056779779493808746,
                        -0.020709171891212463,
                        -0.33152124285697937,
                        -0.38549378514289856,
