{
    "steps": [
        {
            "step": 0,
            "train_loss": 0.029452377930283546,
            "actions_pred1": [
                [
                    [
                        -0.16205017268657684,
                        -0.07999953627586365,
                        0.8848434686660767,
                        0.5954030752182007
                    ],
                    [
                        -0.20999246835708618,
                        -0.1023753359913826,
                        0.8431937098503113,
                        0.5789406299591064
                    ],
                    [
                        -0.1817994862794876,
                        -0.10952993482351303,
                        0.7192028760910034,
                        0.5600342154502869
                    ],
                    [
                        -0.20284855365753174,
                        -0.24461700022220612,
                        0.6133331060409546,
                        0.37684279680252075
                    ],
                    [
                        -0.06929241120815277,
                        -0.2493673413991928,
                        0.6555469036102295,
                        0.3108328878879547
                    ],
                    [
                        -0.11150230467319489,
                        -0.2702173590660095,
                        0.6068184971809387,
                        0.3759843409061432
                    ],
                    [
                        -0.13986535370349884,
                        -0.07033739984035492,
                        0.4783000946044922,
                        0.5160427689552307
                    ],
                    [
                        -0.111079141497612,
                        -0.08191799372434616,
                        0.6288712620735168,
                        0.5225818157196045
                    ],
                    [
                        -0.06576602905988693,
                        -0.040010690689086914,
                        0.6328651905059814,
                        0.4287228584289551
                    ],
                    [
                        -0.15508931875228882,
                        -0.057598404586315155,
                        0.6440809369087219,
                        0.35071027278900146
                    ],
                    [
                        -0.1649237871170044,
                        -0.07992417365312576,
                        0.6952975988388062,
                        0.3798339366912842
                    ],
                    [
                        -0.21944883465766907,
                        -0.06513472646474838,
                        0.6444622278213501,
                        0.3651886582374573
                    ],
                    [
                        -0.13575419783592224,
                        -0.1088663786649704,
                        0.8368495106697083,
                        0.27192795276641846
                    ],
                    [
                        -0.16482779383659363,
                        -0.07775674760341644,
                        0.8074718117713928,
                        0.3102317452430725
                    ],
                    [
                        -0.21074503660202026,
                        -0.05826261639595032,
                        0.7082847356796265,
                        0.3229738771915436
                    ],
                    [
                        -0.30308428406715393,
                        -0.04678654670715332,
                        0.8061505556106567,
                        0.25060606002807617
                    ],
                    [
                        -0.39611098170280457,
                        -0.014007523655891418,
                        0.8390689492225647,
                        0.23621097207069397
                    ],
                    [
                        -0.22421938180923462,
                        0.027594003826379776,
                        0.7675380706787109,
                        0.30128705501556396
                    ],
                    [
                        -0.290010929107666,
                        -0.03210961073637009,
                        0.7855704426765442,
                        0.3313506841659546
                    ],
                    [
                        -0.3230685889720917,
                        -0.061697326600551605,
                        0.8718388080596924,
                        0.3414648175239563
                    ]
                ]
            ],
            "actions_pred": [
                [
                    [
                        -0.16205017268657684,
                        -0.20999246835708618,
                        -0.1817994862794876,
                        -0.20284855365753174,
                        -0.06929241120815277,
                        -0.11150230467319489,
                        -0.13986535370349884,
                        -0.111079141497612,
                        -0.06576602905988693,
                        -0.15508931875228882,
                        -0.1649237871170044,
                        -0.21944883465766907,
                        -0.13575419783592224,
                        -0.16482779383659363,
                        -0.21074503660202026,
                        -0.30308428406715393,
                        -0.39611098170280457,
                        -0.22421938180923462,
                        -0.290010929107666,
                        -0.3230685889720917
                    ],
                    [
                        -0.07999953627586365,
                        -0.1023753359913826,
                        -0.10952993482351303,
                        -0.24461700022220612,
                        -0.2493673413991928,
                        -0.2702173590660095,
                        -0.07033739984035492,
                        -0.08191799372434616,
                        -0.040010690689086914,
                        -0.057598404586315155,
                        -0.07992417365312576,
                        -0.06513472646474838,
                        -0.1088663786649704,
                        -0.07775674760341644,
                        -0.05826261639595032,
                        -0.04678654670715332,
                        -0.014007523655891418,
                        0.027594003826379776,
                        -0.03210961073637009,
                        -0.061697326600551605
                    ],
                    [
                        0.8848434686660767,
                        0.8431937098503113,
                        0.7192028760910034,
                        0.6133331060409546,
                        0.6555469036102295,
                        0.6068184971809387,
                        0.4783000946044922,
                        0.6288712620735168,
                        0.6328651905059814,
                        0.6440809369087219,
                        0.6952975988388062,
                        0.6444622278213501,
                        0.8368495106697083,
                        0.8074718117713928,
                        0.7082847356796265,
                        0.8061505556106567,
                        0.8390689492225647,
                        0.7675380706787109,
                        0.7855704426765442,
                        0.8718388080596924
                    ],
                    [
                        0.5954030752182007,
                        0.5789406299591064,
                        0.5600342154502869,
                        0.37684279680252075,
                        0.3108328878879547,
                        0.3759843409061432,
                        0.5160427689552307,
                        0.5225818157196045,
                        0.4287228584289551,
                        0.35071027278900146,
                        0.3798339366912842,
                        0.3651886582374573,
                        0.27192795276641846,
                        0.3102317452430725,
                        0.3229738771915436,
                        0.25060606002807617,
                        0.23621097207069397,
                        0.30128705501556396,
                        0.3313506841659546,
                        0.3414648175239563
                    ]
                ]
            ],
            "states": [
                [
                    [
                        5451720.0,
                        5.395679545472376e-05,
                        0.00037329201586544514,
                        787492.0625
                    ],
                    [
                        5280856.0,
                        5.18798733537551e-05,
                        0.00029995679506100714,
                        814349.6875
                    ],
                    [
                        5398144.0,
                        4.996706411475316e-05,
                        0.0002722619683481753,
                        830635.1875
                    ],
                    [
                        5419864.0,
                        4.8167821660172194e-05,
                        0.0002737951872404665,
                        823458.5625
                    ],
                    [
                        5285200.0,
                        4.651026029023342e-05,
                        0.0002537628752179444,
                        847604.5625
                    ],
                    [
                        5632720.0,
                        4.493406231631525e-05,
                        0.0002845273702405393,
                        778198.5625
                    ],
                    [
                        4926096.0,
                        4.350659582996741e-05,
                        0.00027429292094893754,
                        769937.4375
                    ],
                    [
                        5379320.0,
                        4.219951370032504e-05,
                        0.0002784566895570606,
                        775819.3125
                    ],
                    [
                        5141848.0,
                        4.0942868508864194e-05,
                        0.00027366288122721016,
                        804782.8125
                    ],
                    [
                        5422760.0,
                        3.9754886529408395e-05,
                        0.0002617421268951148,
                        784755.125
                    ],
                    [
                        5163568.0,
                        3.8631129427812994e-05,
                        0.000270931632257998,
                        777998.8125
                    ],
                    [
                        5172256.0,
                        3.7593843444483355e-05,
                        0.00027350522577762604,
                        827638.0
                    ],
                    [
                        5228728.0,
                        3.6604818888008595e-05,
                        0.0002609447401482612,
                        836480.3125
                    ],
                    [
                        5215696.0,
                        3.566250597941689e-05,
                        0.0002695223083719611,
                        842399.5625
                    ],
                    [
                        5496608.0,
                        3.474534969427623e-05,
                        0.00026009109569713473,
                        814649.5
                    ],
                    [
                        5165016.0,
                        3.3877906389534473e-05,
                        0.0002577552804723382,
                        820590.75
                    ],
                    [
                        5712360.0,
                        3.3036900276783854e-05,
                        0.0002756010799203068,
                        835693.0625
                    ],
                    [
                        5086824.0,
                        3.224165993742645e-05,
                        0.0002540297864470631,
                        845564.6875
                    ],
                    [
                        5490816.0,
                        3.14996468659956e-05,
                        0.00027847016463056207,
                        824773.25
                    ],
                    [
                        5183840.0,
                        3.078411828028038e-05,
                        0.0002814441977534443,
                        810358.5625
                    ]
                ]
            ],
            "actions": [
                [
                    [
                        0.75
                    ],
                    [
                        0.75
                    ],
                    [
                        0.75
                    ],
                    [
                        0.75
                    ],
                    [
                        0.75
                    ],
                    [
                        0.75
                    ],
                    [
                        0.75
                    ],
                    [
                        0.75
                    ],
                    [
                        0.75
                    ],
                    [
                        0.75
                    ],
                    [
                        0.75
                    ],
                    [
                        0.75
                    ],
                    [
                        0.75
                    ],
                    [
                        0.75
                    ],
                    [
                        0.75
                    ],
                    [
                        0.75
                    ],
                    [
                        0.75
                    ],
                    [
                        0.75
                    ],
                    [
                        0.75
                    ],
                    [
                        0.75
                    ]
                ]
            ],
            "returns": [
                [
                    [
                        0.36055833101272583
                    ],
                    [
                        0.35962310433387756
                    ],
                    [
                        0.35869070887565613
                    ],
                    [
                        0.3577563464641571
                    ],
                    [
                        0.3568216562271118
                    ],
                    [
                        0.3558892011642456
                    ],
                    [
                        0.35495108366012573
                    ],
                    [
                        0.35402485728263855
                    ],
                    [
                        0.3530908226966858
                    ],
                    [
                        0.352160781621933
                    ],
                    [
                        0.3512260317802429
                    ],
                    [
                        0.35029563307762146
                    ],
                    [
                        0.34936508536338806
                    ],
                    [
                        0.34843355417251587
                    ],
                    [
                        0.3475022614002228
                    ],
                    [
                        0.3465663194656372
                    ],
                    [
                        0.34563589096069336
                    ],
                    [
                        0.3446965217590332
                    ],
                    [
                        0.3437674641609192
                    ],
                    [
                        0.3428316116333008
                    ]
                ]
            ],
            "timesteps": [
                [
                    240,
                    241,
                    242,
                    243,
                    244,
                    245,
                    246,
                    247,
                    248,
                    249,
                    250,
                    251,
                    252,
                    253,
                    254,
                    255,
                    256,
                    257,
                    258,
                    259
                ]
            ],
            "labels": [
                [
                    2,
                    2,
                    2,
                    2,
                    2,
                    2,
                    2,
                    2,
                    2,
                    2,
                    2,
                    2,
                    2,
                    2,
                    2,
                    2,
                    2,
                    2,
                    2,
                    2
                ]
            ],
            "CPU Usage": 52.4,
            "RAM Usage": 57.4,
            "GPU Usage": 0.0,
            "VRAM Usage": 499.0,
            "Disk Read Speed (MB/s)": 190606.0107421875,
            "Disk Write Speed (MB/s)": 281543.9267578125
        },
        {
            "step": 1,
            "train_loss": 0.06342867016792297,
            "actions_pred1": [
                [
                    [
                        -0.3212399482727051,
                        -0.30251821875572205,
                        0.5988661050796509,
                        0.26244884729385376
                    ],
                    [
                        -0.3629090487957001,
                        -0.1779433935880661,
                        0.7954992055892944,
                        0.15034884214401245
                    ],
                    [
                        -0.23800209164619446,
                        -0.026196882128715515,
                        0.5816012620925903,
                        0.07087069749832153
                    ],
                    [
                        -0.2858266532421112,
                        0.06735602021217346,
                        0.4016079008579254,
                        0.09321114420890808
                    ],
                    [
                        -0.3842589855194092,
                        -0.011440441012382507,
                        0.3532339334487915,
                        0.2390989363193512
                    ],
                    [
                        -0.49782881140708923,
                        -0.001789867877960205,
                        0.5561318397521973,
                        0.22026997804641724
                    ],
                    [
                        -0.47638410329818726,
                        0.09894423931837082,
                        0.5695641040802002,
                        0.29995131492614746
                    ],
                    [
                        -0.588029146194458,
                        0.10723181813955307,
                        0.5935469269752502,
                        0.29590722918510437
                    ],
                    [
                        -0.5733159184455872,
                        -0.049277253448963165,
                        0.6127014756202698,
                        0.07199409604072571
                    ],
                    [
                        -0.49497872591018677,
                        -0.1308768391609192,
                        0.5099480748176575,
                        0.08877459168434143
                    ],
                    [
                        -0.5896881818771362,
                        -0.05346134305000305,
                        0.654123067855835,
                        0.10548824071884155
                    ],
                    [
                        -0.6781863570213318,
                        0.006144538521766663,
                        0.6185051798820496,
                        0.13072776794433594
                    ],
                    [
                        -0.5124814510345459,
                        -0.04550275206565857,
                        0.5747233033180237,
                        0.21577608585357666
                    ],
                    [
                        -0.46592360734939575,
                        -0.047317251563072205,
                        0.5658599734306335,
                        0.1504485309123993
                    ],
                    [
                        -0.5396106243133545,
                        0.02301184833049774,
                        0.5982608199119568,
                        0.09277456998825073
                    ],
                    [
                        -0.5361842513084412,
                        0.10963581502437592,
                        0.7519737482070923,
                        0.14907875657081604
                    ],
                    [
                        -0.6187803745269775,
                        0.036110758781433105,
                        0.693729043006897,
                        0.21566951274871826
                    ],
                    [
                        -0.5670411586761475,
                        0.06900213658809662,
                        0.6660423278808594,
                        0.19096314907073975
                    ],
                    [
                        -0.5603369474411011,
                        0.17356809973716736,
                        0.6539863348007202,
                        0.21547207236289978
                    ],
                    [
                        -0.5546337962150574,
                        0.13224880397319794,
                        0.7973105311393738,
                        0.20437180995941162
                    ]
                ]
            ],
            "actions_pred": [
                [
                    [
                        -0.3212399482727051,
                        -0.3629090487957001,
                        -0.23800209164619446,
                        -0.2858266532421112,
                        -0.3842589855194092,
                        -0.49782881140708923,
                        -0.47638410329818726,
                        -0.588029146194458,
                        -0.5733159184455872,
                        -0.49497872591018677,
                        -0.5896881818771362,
                        -0.6781863570213318,
                        -0.5124814510345459,
                        -0.46592360734939575,
                        -0.5396106243133545,
                        -0.5361842513084412,
                        -0.6187803745269775,
                        -0.5670411586761475,
                        -0.5603369474411011,
                        -0.5546337962150574
                    ],
                    [
                        -0.30251821875572205,
                        -0.1779433935880661,
                        -0.026196882128715515,
                        0.06735602021217346,
                        -0.011440441012382507,
                        -0.001789867877960205,
                        0.09894423931837082,
                        0.10723181813955307,
                        -0.049277253448963165,
                        -0.1308768391609192,
                        -0.05346134305000305,
                        0.006144538521766663,
                        -0.04550275206565857,
                        -0.047317251563072205,
                        0.02301184833049774,
                        0.10963581502437592,
                        0.036110758781433105,
                        0.06900213658809662,
                        0.17356809973716736,
                        0.13224880397319794
                    ],
                    [
                        0.5988661050796509,
                        0.7954992055892944,
                        0.5816012620925903,
                        0.4016079008579254,
                        0.3532339334487915,
                        0.5561318397521973,
                        0.5695641040802002,
                        0.5935469269752502,
                        0.6127014756202698,
                        0.5099480748176575,
                        0.654123067855835,
                        0.6185051798820496,
                        0.5747233033180237,
                        0.5658599734306335,
                        0.5982608199119568,
                        0.7519737482070923,
                        0.693729043006897,
                        0.6660423278808594,
                        0.6539863348007202,
                        0.7973105311393738
                    ],
                    [
                        0.26244884729385376,
                        0.15034884214401245,
                        0.07087069749832153,
                        0.09321114420890808,
                        0.2390989363193512,
                        0.22026997804641724,
                        0.29995131492614746,
                        0.29590722918510437,
                        0.07199409604072571,
                        0.08877459168434143,
                        0.10548824071884155,
                        0.13072776794433594,
                        0.21577608585357666,
                        0.1504485309123993,
                        0.09277456998825073,
                        0.14907875657081604,
                        0.21566951274871826,
                        0.19096314907073975,
                        0.21547207236289978,
                        0.20437180995941162
                    ]
                ]
            ],
            "states": [
                [
                    [
                        5346016.0,
                        3.834013477899134e-05,
                        0.0014523763675242662,
                        508420.875
                    ],
                    [
                        5408280.0,
                        3.6602417821995914e-05,
                        0.0012122188927605748,
                        493151.53125
                    ],
                    [
                        5290992.0,
                        3.502258914522827e-05,
                        0.0010567386634647846,
                        527754.375
                    ],
                    [
                        4871072.0,
                        3.364306758157909e-05,
                        0.0010331012308597565,
                        499436.125
                    ],
                    [
                        5112888.0,
                        3.239049328840338e-05,
                        0.0008577806875109673,
                        510007.28125
                    ],
                    [
                        5560320.0,
                        3.1150953873293474e-05,
                        0.009355437941849232,
                        487248.6875
                    ],
                    [
                        5574800.0,
                        1.764485568855889e-05,
                        0.005326922982931137,
                        503265.46875
                    ],
                    [
                        5363392.0,
                        1.8441511201672256e-05,
                        0.00705355079844594,
                        500775.59375
                    ],
                    [
                        5134608.0,
                        2.999954449478537e-05,
                        0.003215600736439228,
                        494512.125
                    ],
                    [
                        5509640.0,
                        1.6405823771492578e-05,
                        0.005743528250604868,
                        466303.4375
                    ],
                    [
                        5509640.0,
                        1.6405823771492578e-05,
                        0.005743528250604868,
                        466303.4375
                    ],
                    [
                        5069448.0,
                        2.8978191039641388e-05,
                        0.0006789364852011204,
                        506032.28125
                    ],
                    [
                        5574800.0,
                        1.764485568855889e-05,
                        0.005326922982931137,
                        503265.46875
                    ],
                    [
                        1811448.0,
                        2.832559766829945e-05,
                        0.006547329016029835,
                        511753.5625
                    ],
                    [
                        5228728.0,
                        2.7692145522451028e-05,
                        0.00019177634385414422,
                        489897.5625
                    ],
                    [
                        5105648.0,
                        2.680875695659779e-05,
                        0.0001491233124397695,
                        484135.40625
                    ],
                    [
                        5137504.0,
                        2.59872085734969e-05,
                        0.0002625611668918282,
                        463221.75
                    ],
                    [
                        5053520.0,
                        2.521825081203133e-05,
                        0.0004885925445705652,
                        468607.3125
                    ],
                    [
                        4761024.0,
                        2.4519293219782412e-05,
                        0.0010367168579250574,
                        491127.34375
                    ],
                    [
                        4991256.0,
                        2.386243431828916e-05,
                        0.0028569940477609634,
                        492679.28125
                    ]
                ]
            ],
            "actions": [
                [
                    [
                        0.25
                    ],
                    [
                        0.25
                    ],
                    [
                        0.25
                    ],
                    [
                        0.25
                    ],
                    [
                        0.25
                    ],
                    [
                        0.25
                    ],
                    [
                        0.25
                    ],
                    [
                        0.25
                    ],
                    [
                        0.25
                    ],
                    [
                        0.25
                    ],
                    [
                        0.25
                    ],
                    [
                        0.25
                    ],
                    [
                        0.25
                    ],
                    [
                        0.25
                    ],
                    [
                        0.25
                    ],
                    [
                        0.25
                    ],
                    [
                        0.25
                    ],
                    [
                        0.25
                    ],
                    [
                        0.25
                    ],
                    [
                        0.25
                    ]
                ]
            ],
            "returns": [
                [
                    [
                        0.03608226776123047
                    ],
                    [
                        0.03514878451824188
                    ],
                    [
                        0.03421427682042122
                    ],
                    [
                        0.033281709998846054
                    ],
                    [
                        0.03235647454857826
                    ],
                    [
                        0.031426943838596344
                    ],
                    [
                        0.030489977449178696
                    ],
                    [
                        0.029552778229117393
                    ],
                    [
                        0.028619008138775826
                    ],
                    [
                        0.027689101174473763
                    ],
                    [
                        0.02675294503569603
                    ],
                    [
                        0.025816788896918297
                    ],
                    [
                        0.024888014420866966
                    ],
                    [
                        0.023950817063450813
                    ],
                    [
                        0.023113280534744263
                    ],
                    [
                        0.022181764245033264
                    ],
                    [
                        0.021252360194921494
                    ],
                    [
                        0.02032240480184555
                    ],
                    [
                        0.019393909722566605
                    ],
                    [
                        0.018470700830221176
                    ]
                ]
            ],
            "timesteps": [
                [
                    600,
                    601,
                    602,
                    603,
                    604,
                    605,
                    606,
                    607,
                    608,
                    609,
                    610,
                    611,
                    612,
                    613,
                    614,
                    615,
                    616,
                    617,
                    618,
                    619
                ]
            ],
            "labels": [
                [
                    0,
                    0,
                    0,
                    0,
                    0,
                    0,
                    0,
                    0,
                    0,
                    0,
                    0,
                    0,
                    0,
                    0,
                    0,
                    0,
                    0,
                    0,
                    0,
                    0
                ]
            ],
            "CPU Usage": 48.1,
            "RAM Usage": 58.7,
            "GPU Usage": 0.0,
            "VRAM Usage": 497.0,
            "Disk Read Speed (MB/s)": 190606.0107421875,
            "Disk Write Speed (MB/s)": 281544.1416015625
        },
        {
            "step": 2,
            "train_loss": 0.030151745304465294,
            "actions_pred1": [
                [
                    [
                        0.1893376111984253,
                        -0.21970470249652863,
                        0.4946621358394623,
                        0.43413448333740234
                    ],
                    [
                        -0.08992800116539001,
                        -0.13225410878658295,
                        0.4767460823059082,
                        0.5648328065872192
                    ],
                    [
                        -0.2768665552139282,
                        0.1508353054523468,
                        0.6052587032318115,
                        0.4892016649246216
                    ],
                    [
                        -0.29592788219451904,
                        0.05982154607772827,
                        0.6790077686309814,
                        0.5491939783096313
                    ],
                    [
                        -0.31439685821533203,
                        -0.014891564846038818,
                        0.6093066930770874,
                        0.43854373693466187
                    ],
                    [
                        -0.2564023733139038,
                        0.01131504774093628,
                        0.6510877013206482,
                        0.352104514837265
                    ],
                    [
                        -0.3321486711502075,
                        -0.05469988286495209,
                        0.731157660484314,
                        0.3470882177352905
                    ],
                    [
                        -0.5104354619979858,
                        -0.17336663603782654,
                        0.6860693097114563,
                        0.2586573660373688
                    ],
                    [
                        -0.40112432837486267,
                        -0.23183853924274445,
                        0.6166288256645203,
                        0.2903231978416443
                    ],
                    [
                        -0.36362433433532715,
                        -0.024900376796722412,
                        0.8125199675559998,
                        0.29006677865982056
                    ],
                    [
                        -0.3877584934234619,
                        0.05661621689796448,
                        0.9616286754608154,
                        0.35316967964172363
                    ],
                    [
                        -0.22078543901443481,
                        0.08597147464752197,
                        0.761711597442627,
                        0.2816704511642456
                    ],
                    [
                        -0.08585411310195923,
                        0.02456573396921158,
                        0.8579137325286865,
                        0.19587434828281403
                    ],
                    [
                        -0.20046675205230713,
                        -0.06338293850421906,
                        0.5705018639564514,
                        0.17144843935966492
                    ],
                    [
                        -0.2861095368862152,
                        -0.011560123413801193,
                        0.6842319369316101,
                        0.24044004082679749
                    ],
                    [
                        -0.16092373430728912,
                        -0.2156953662633896,
                        0.6800838708877563,
                        0.28122809529304504
                    ],
                    [
                        -0.17345620691776276,
                        -0.07018215209245682,
                        0.6528754234313965,
                        0.4134290814399719
                    ],
                    [
                        -0.1969141960144043,
                        0.10616695880889893,
                        0.7550549507141113,
                        0.49902966618537903
                    ],
                    [
                        -0.22375725209712982,
                        0.17313897609710693,
                        0.7846855521202087,
                        0.5423117280006409
                    ],
                    [
                        -0.24843452870845795,
                        0.1466066539287567,
                        0.7699227333068848,
                        0.46640318632125854
                    ]
                ]
            ],
            "actions_pred": [
                [
                    [
                        0.1893376111984253,
                        -0.08992800116539001,
                        -0.2768665552139282,
                        -0.29592788219451904,
