{
    "steps": [
        {
            "step": 0,
            "train_loss": 0.044961560517549515,
            "actions_pred1": [
                [
                    [
                        -0.21264219284057617,
                        -0.10818292200565338,
                        0.5719307065010071,
                        0.7259400486946106
                    ],
                    [
                        -0.23581352829933167,
                        -0.04990038275718689,
                        0.5882173776626587,
                        0.6555250287055969
                    ],
                    [
                        -0.3136367201805115,
                        -0.010835632681846619,
                        0.6513434648513794,
                        0.5331071019172668
                    ],
                    [
                        -0.41724681854248047,
                        -0.0025473833084106445,
                        0.621439516544342,
                        0.5578936338424683
                    ],
                    [
                        -0.4520808458328247,
                        0.1388302892446518,
                        0.5326938629150391,
                        0.5076271295547485
                    ],
                    [
                        -0.34443551301956177,
                        0.04628936946392059,
                        0.6064974665641785,
                        0.5540846586227417
                    ],
                    [
                        -0.23079055547714233,
                        0.07777613401412964,
                        0.5349353551864624,
                        0.6403850317001343
                    ],
                    [
                        -0.4916093349456787,
                        0.15984351933002472,
                        0.8126537799835205,
                        0.5359510183334351
                    ],
                    [
                        -0.504183292388916,
                        0.23690907657146454,
                        0.9033141732215881,
                        0.5434311032295227
                    ],
                    [
                        -0.6102850437164307,
                        0.18043050169944763,
                        0.9274909496307373,
                        0.5070856809616089
                    ],
                    [
                        -0.6439543962478638,
                        0.17170724272727966,
                        0.9850912094116211,
                        0.4243074953556061
                    ],
                    [
                        -0.4489288628101349,
                        0.05026774853467941,
                        0.8204909563064575,
                        0.5627700090408325
                    ],
                    [
                        -0.4516213536262512,
                        0.014774084091186523,
                        0.8687885999679565,
                        0.48524245619773865
                    ],
                    [
                        -0.5024566650390625,
                        -0.050686065107584,
                        0.8858267664909363,
                        0.48357969522476196
                    ],
                    [
                        -0.41016989946365356,
                        -0.005134880542755127,
                        0.8368990421295166,
                        0.5471477508544922
                    ],
                    [
                        -0.3963090479373932,
                        -0.048168741166591644,
                        0.6456460952758789,
                        0.6615789532661438
                    ],
                    [
                        -0.3398868441581726,
                        0.020684190094470978,
                        0.6188977360725403,
                        0.6769176125526428
                    ],
                    [
                        -0.3165852129459381,
                        0.012157980352640152,
                        0.606101393699646,
                        0.6305260062217712
                    ],
                    [
                        -0.1876235455274582,
                        0.007320575416088104,
                        0.695447564125061,
                        0.5750781297683716
                    ],
                    [
                        -0.34837615489959717,
                        0.09178251028060913,
                        0.6791143417358398,
                        0.6238722801208496
                    ]
                ]
            ],
            "actions_pred": [
                [
                    [
                        -0.21264219284057617,
                        -0.23581352829933167,
                        -0.3136367201805115,
                        -0.41724681854248047,
                        -0.4520808458328247,
                        -0.34443551301956177,
                        -0.23079055547714233,
                        -0.4916093349456787,
                        -0.504183292388916,
                        -0.6102850437164307,
                        -0.6439543962478638,
                        -0.4489288628101349,
                        -0.4516213536262512,
                        -0.5024566650390625,
                        -0.41016989946365356,
                        -0.3963090479373932,
                        -0.3398868441581726,
                        -0.3165852129459381,
                        -0.1876235455274582,
                        -0.34837615489959717
                    ],
                    [
                        -0.10818292200565338,
                        -0.04990038275718689,
                        -0.010835632681846619,
                        -0.0025473833084106445,
                        0.1388302892446518,
                        0.04628936946392059,
                        0.07777613401412964,
                        0.15984351933002472,
                        0.23690907657146454,
                        0.18043050169944763,
                        0.17170724272727966,
                        0.05026774853467941,
                        0.014774084091186523,
                        -0.050686065107584,
                        -0.005134880542755127,
                        -0.048168741166591644,
                        0.020684190094470978,
                        0.012157980352640152,
                        0.007320575416088104,
                        0.09178251028060913
                    ],
                    [
                        0.5719307065010071,
                        0.5882173776626587,
                        0.6513434648513794,
                        0.621439516544342,
                        0.5326938629150391,
                        0.6064974665641785,
                        0.5349353551864624,
                        0.8126537799835205,
                        0.9033141732215881,
                        0.9274909496307373,
                        0.9850912094116211,
                        0.8204909563064575,
                        0.8687885999679565,
                        0.8858267664909363,
                        0.8368990421295166,
                        0.6456460952758789,
                        0.6188977360725403,
                        0.606101393699646,
                        0.695447564125061,
                        0.6791143417358398
                    ],
                    [
                        0.7259400486946106,
                        0.6555250287055969,
                        0.5331071019172668,
                        0.5578936338424683,
                        0.5076271295547485,
                        0.5540846586227417,
                        0.6403850317001343,
                        0.5359510183334351,
                        0.5434311032295227,
                        0.5070856809616089,
                        0.4243074953556061,
                        0.5627700090408325,
                        0.48524245619773865,
                        0.48357969522476196,
                        0.5471477508544922,
                        0.6615789532661438,
                        0.6769176125526428,
                        0.6305260062217712,
                        0.5750781297683716,
                        0.6238722801208496
                    ]
                ]
            ],
            "states": [
                [
                    [
                        5847024.0,
                        7.17427474228316e-06,
                        0.0002797465131152421,
                        862261.25
                    ],
                    [
                        5130264.0,
                        7.109771104296669e-06,
                        0.00027696648612618446,
                        791462.9375
                    ],
                    [
                        5460408.0,
                        7.0486535150848795e-06,
                        0.0002747685939539224,
                        848104.9375
                    ],
                    [
                        5159224.0,
                        6.988396307860967e-06,
                        0.000255326071055606,
                        826896.4375
                    ],
                    [
                        5280856.0,
                        6.9301599978643935e-06,
                        0.0002729953557718545,
                        850071.375
                    ],
                    [
                        5415520.0,
                        6.871501227578847e-06,
                        0.00026464968686923385,
                        894284.875
                    ],
                    [
                        5138952.0,
                        6.81457140672137e-06,
                        0.000260901142610237,
                        824406.5
                    ],
                    [
                        5364840.0,
                        6.758851213817252e-06,
                        0.00026091569452546537,
                        837380.25
                    ],
                    [
                        8605643.0,
                        0.0036125751212239265,
                        0.0002766261750366539,
                        462352.0625
                    ],
                    [
                        10015816.0,
                        0.00033437556703574955,
                        0.00026207882910966873,
                        482968.0625
                    ],
                    [
                        7806168.0,
                        0.00019468956452328712,
                        0.00027697221958078444,
                        473153.5
                    ],
                    [
                        6004856.0,
                        0.00014804340025875717,
                        0.00037561735371127725,
                        563905.9375
                    ],
                    [
                        3835752.0,
                        0.00012653775047510862,
                        0.000348972505889833,
                        546822.625
                    ],
                    [
                        693592.0,
                        0.00011859468213515356,
                        0.000344088242854923,
                        536207.0
                    ],
                    [
                        1136680.0,
                        0.00011570940841920674,
                        0.00030916635296307504,
                        532932.75
                    ],
                    [
                        755856.0,
                        0.0001128598305513151,
                        0.00029186115716584027,
                        668301.125
                    ],
                    [
                        573408.0,
                        0.00011094257206423208,
                        0.00031188191496767104,
                        741689.6875
                    ],
                    [
                        432952.0,
                        0.0001095341140171513,
                        0.0003927450452465564,
                        678985.1875
                    ],
                    [
                        1216320.0,
                        0.00010730996291385964,
                        0.00034627493005245924,
                        618105.1875
                    ],
                    [
                        4131144.0,
                        0.00010072957229567692,
                        0.00028098482289351523,
                        571491.4375
                    ]
                ]
            ],
            "actions": [
                [
                    [
                        0.75
                    ],
                    [
                        0.75
                    ],
                    [
                        0.75
                    ],
                    [
                        0.75
                    ],
                    [
                        0.75
                    ],
                    [
                        0.75
                    ],
                    [
                        0.75
                    ],
                    [
                        0.75
                    ],
                    [
                        0.5
                    ],
                    [
                        0.5
                    ],
                    [
                        0.5
                    ],
                    [
                        0.5
                    ],
                    [
                        0.5
                    ],
                    [
                        0.5
                    ],
                    [
                        0.5
                    ],
                    [
                        0.5
                    ],
                    [
                        0.5
                    ],
                    [
                        0.5
                    ],
                    [
                        0.5
                    ],
                    [
                        0.5
                    ]
                ]
            ],
            "returns": [
                [
                    [
                        0.48685410618782043
                    ],
                    [
                        0.4859126806259155
                    ],
                    [
                        0.48498284816741943
                    ],
                    [
                        0.4840475022792816
                    ],
                    [
                        0.48311716318130493
                    ],
                    [
                        0.4821847677230835
                    ],
                    [
                        0.481250137090683
                    ],
                    [
                        0.48032015562057495
                    ],
                    [
                        0.4793863594532013
                    ],
                    [
                        0.47841066122055054
                    ],
                    [
                        0.47742152214050293
                    ],
                    [
                        0.4764544665813446
                    ],
                    [
                        0.47551068663597107
                    ],
                    [
                        0.47460663318634033
                    ],
                    [
                        0.4738542139530182
                    ],
                    [
                        0.47305798530578613
                    ],
                    [
                        0.4722979664802551
                    ],
                    [
                        0.47156238555908203
                    ],
                    [
                        0.47085174918174744
                    ],
                    [
                        0.47004953026771545
                    ]
                ]
            ],
            "timesteps": [
                [
                    100,
                    101,
                    102,
                    103,
                    104,
                    105,
                    106,
                    107,
                    108,
                    109,
                    110,
                    111,
                    112,
                    113,
                    114,
                    115,
                    116,
                    117,
                    118,
                    119
                ]
            ],
            "labels": [
                [
                    2,
                    2,
                    2,
                    2,
                    2,
                    2,
                    2,
                    2,
                    1,
                    1,
                    1,
                    1,
                    1,
                    1,
                    1,
                    1,
                    1,
                    1,
                    1,
                    1
                ]
            ],
            "CPU Usage": 51.0,
            "RAM Usage": 57.1,
            "GPU Usage": 0.0,
            "VRAM Usage": 418.0,
            "Disk Read Speed (MB/s)": 190394.1005859375,
            "Disk Write Speed (MB/s)": 270254.6181640625
        },
        {
            "step": 1,
            "train_loss": 0.043632421642541885,
            "actions_pred1": [
                [
                    [
                        -0.0907430350780487,
                        -0.4515887498855591,
                        0.1659305989742279,
                        0.820542573928833
                    ],
                    [
                        -0.31958645582199097,
                        -0.3099583089351654,
                        0.21573099493980408,
                        0.7273569107055664
                    ],
                    [
                        -0.3706059455871582,
                        -0.3306417167186737,
                        0.3193594217300415,
                        0.7304508090019226
                    ],
                    [
                        -0.40023675560951233,
                        -0.3066101670265198,
                        0.4289671778678894,
                        0.73550945520401
                    ],
                    [
                        -0.27903759479522705,
                        -0.2139972299337387,
                        0.44780951738357544,
                        0.7088298797607422
                    ],
                    [
                        -0.4587916433811188,
                        -0.21230049431324005,
                        0.38518026471138,
                        0.6313118934631348
                    ],
                    [
                        -0.6669334769248962,
                        -0.21484647691249847,
                        0.41282737255096436,
                        0.577790379524231
                    ],
                    [
                        -0.6363551020622253,
                        -0.23504917323589325,
                        0.42428261041641235,
                        0.49616846442222595
                    ],
                    [
                        -0.5774829983711243,
                        -0.2709372937679291,
                        0.2345941960811615,
                        0.4385475516319275
                    ],
                    [
                        -0.5130592584609985,
                        -0.2662353515625,
                        0.23851829767227173,
                        0.4041508436203003
                    ],
                    [
                        -0.5083164572715759,
                        -0.2540864944458008,
                        0.390418142080307,
                        0.4850715398788452
                    ],
                    [
                        -0.469167560338974,
                        -0.26017314195632935,
                        0.3272937536239624,
                        0.4759972095489502
                    ],
                    [
                        -0.5138348937034607,
                        -0.21485178172588348,
                        0.4319184422492981,
                        0.5458000898361206
                    ],
                    [
                        -0.519423246383667,
                        -0.11121004819869995,
                        0.5315871834754944,
                        0.44695255160331726
                    ],
                    [
                        -0.47931885719299316,
                        -0.09863103926181793,
                        0.49312669038772583,
                        0.4768076539039612
                    ],
                    [
                        -0.541628360748291,
                        -0.1627419888973236,
                        0.49356788396835327,
                        0.39445003867149353
                    ],
                    [
                        -0.7654738426208496,
                        -0.18399251997470856,
                        0.557140588760376,
                        0.21899428963661194
                    ],
                    [
                        -0.5965679883956909,
                        -0.08963214606046677,
                        0.5068804025650024,
                        0.352383553981781
                    ],
                    [
                        -0.6001986265182495,
                        -0.17200340330600739,
                        0.31409478187561035,
                        0.44266432523727417
                    ],
                    [
                        -0.6422317028045654,
                        -0.1761925220489502,
                        0.32681742310523987,
                        0.4345276355743408
                    ]
                ]
            ],
            "actions_pred": [
                [
                    [
                        -0.0907430350780487,
                        -0.31958645582199097,
                        -0.3706059455871582,
                        -0.40023675560951233,
                        -0.27903759479522705,
                        -0.4587916433811188,
                        -0.6669334769248962,
                        -0.6363551020622253,
                        -0.5774829983711243,
                        -0.5130592584609985,
                        -0.5083164572715759,
                        -0.469167560338974,
                        -0.5138348937034607,
                        -0.519423246383667,
                        -0.47931885719299316,
                        -0.541628360748291,
                        -0.7654738426208496,
                        -0.5965679883956909,
                        -0.6001986265182495,
                        -0.6422317028045654
                    ],
                    [
                        -0.4515887498855591,
                        -0.3099583089351654,
                        -0.3306417167186737,
                        -0.3066101670265198,
                        -0.2139972299337387,
                        -0.21230049431324005,
                        -0.21484647691249847,
                        -0.23504917323589325,
                        -0.2709372937679291,
                        -0.2662353515625,
                        -0.2540864944458008,
                        -0.26017314195632935,
                        -0.21485178172588348,
                        -0.11121004819869995,
                        -0.09863103926181793,
                        -0.1627419888973236,
                        -0.18399251997470856,
                        -0.08963214606046677,
                        -0.17200340330600739,
                        -0.1761925220489502
                    ],
                    [
                        0.1659305989742279,
                        0.21573099493980408,
                        0.3193594217300415,
                        0.4289671778678894,
                        0.44780951738357544,
                        0.38518026471138,
                        0.41282737255096436,
                        0.42428261041641235,
                        0.2345941960811615,
                        0.23851829767227173,
                        0.390418142080307,
                        0.3272937536239624,
                        0.4319184422492981,
                        0.5315871834754944,
                        0.49312669038772583,
                        0.49356788396835327,
                        0.557140588760376,
                        0.5068804025650024,
                        0.31409478187561035,
                        0.32681742310523987
                    ],
                    [
                        0.820542573928833,
                        0.7273569107055664,
                        0.7304508090019226,
                        0.73550945520401,
                        0.7088298797607422,
                        0.6313118934631348,
                        0.577790379524231,
                        0.49616846442222595,
                        0.4385475516319275,
                        0.4041508436203003,
                        0.4850715398788452,
                        0.4759972095489502,
                        0.5458000898361206,
                        0.44695255160331726,
                        0.4768076539039612,
                        0.39445003867149353,
                        0.21899428963661194,
                        0.352383553981781,
                        0.44266432523727417,
                        0.4345276355743408
                    ]
                ]
            ],
            "states": [
                [
                    [
                        5457512.0,
                        9.714517545944545e-06,
                        0.0004527103737927973,
                        552968.1875
                    ],
                    [
                        4474320.0,
                        9.607780157239176e-06,
                        0.00029970589093863964,
                        640429.75
                    ],
                    [
                        3226144.0,
                        9.52661685005296e-06,
                        0.00026218051789328456,
                        614909.3125
                    ],
                    [
                        4174584.0,
                        9.44995554164052e-06,
                        0.0002925366861745715,
                        607098.5
                    ],
                    [
                        4522104.0,
                        9.361412594444118e-06,
                        0.00028024095809087157,
                        568885.75
                    ],
                    [
                        2825048.0,
                        8.919517313188408e-06,
                        0.0001758198341121897,
                        690901.5625
                    ],
                    [
                        5196872.0,
                        8.846717719279695e-06,
                        0.00013516498438548297,
                        601105.3125
                    ],
                    [
                        7633856.0,
                        8.732715286896564e-06,
                        0.0001646996388444677,
                        547900.5625
                    ],
                    [
                        47963.0,
                        0.2136354148387909,
                        0.00027816780493594706,
                        871190.125
                    ],
                    [
                        608160.0,
                        0.027683094143867493,
                        0.00026209698989987373,
                        1030414.6875
                    ],
                    [
                        537208.0,
                        0.007899114862084389,
                        0.0002851165772881359,
                        949322.9375
                    ],
                    [
                        671872.0,
                        0.004755145870149136,
                        0.000267517170868814,
                        888587.6875
                    ],
                    [
                        858664.0,
                        0.003167606657370925,
                        0.00027258697082288563,
                        909664.5625
                    ],
                    [
                        877488.0,
                        0.0022909550461918116,
                        0.00027191461413167417,
                        989545.25
                    ],
                    [
                        1255416.0,
                        0.0017173178493976593,
                        0.00027577357832342386,
                        1043241.4375
                    ],
                    [
                        1436416.0,
                        0.0013016851153224707,
                        0.00027702987426891923,
                        939221.25
                    ],
                    [
                        1715880.0,
                        0.0010147599969059229,
                        0.0002779100905172527,
                        989890.625
                    ],
                    [
                        1867920.0,
                        0.0008108949987217784,
                        0.00026160795823670924,
                        1001348.25
                    ],
                    [
                        2189376.0,
                        0.0006609969423152506,
                        0.0002753763983491808,
                        969961.0625
                    ],
                    [
                        2552824.0,
                        0.000543545582331717,
                        0.0002731475979089737,
                        970656.1875
                    ]
                ]
            ],
            "actions": [
                [
                    [
                        0.5
                    ],
                    [
                        0.5
                    ],
                    [
                        0.5
                    ],
                    [
                        0.5
                    ],
                    [
                        0.5
                    ],
                    [
                        0.5
                    ],
                    [
                        0.5
                    ],
                    [
                        0.5
                    ],
                    [
                        0.75
                    ],
                    [
                        0.75
                    ],
                    [
                        0.75
                    ],
                    [
                        0.75
                    ],
                    [
                        0.75
                    ],
                    [
                        0.75
                    ],
                    [
                        0.75
                    ],
                    [
                        0.75
                    ],
                    [
                        0.75
                    ],
                    [
                        0.75
                    ],
                    [
                        0.75
                    ],
                    [
                        0.75
                    ]
                ]
            ],
            "returns": [
                [
                    [
                        0.39574772119522095
                    ],
                    [
                        0.3948124051094055
                    ],
                    [
                        0.3938947021961212
                    ],
                    [
                        0.39300599694252014
                    ],
                    [
                        0.3920944333076477
                    ],
                    [
                        0.3911758065223694
                    ],
                    [
                        0.39029887318611145
                    ],
                    [
                        0.38936787843704224
                    ],
                    [
                        0.3884028196334839
                    ],
                    [
                        0.38788723945617676
                    ],
                    [
                        0.3871464729309082
                    ],
                    [
                        0.3864167034626007
                    ],
                    [
                        0.385667085647583
                    ],
                    [
                        0.3848957419395447
                    ],
                    [
                        0.38412246108055115
                    ],
                    [
                        0.3833174407482147
                    ],
                    [
                        0.38250046968460083
                    ],
                    [
                        0.38166773319244385
                    ],
                    [
                        0.38082748651504517
                    ],
                    [
                        0.3799731433391571
                    ]
                ]
            ],
            "timesteps": [
                [
                    200,
                    201,
                    202,
                    203,
                    204,
                    205,
                    206,
                    207,
                    208,
                    209,
                    210,
                    211,
                    212,
                    213,
                    214,
                    215,
                    216,
                    217,
                    218,
                    219
                ]
            ],
            "labels": [
                [
                    1,
                    1,
                    1,
                    1,
                    1,
                    1,
                    1,
                    1,
                    2,
                    2,
                    2,
                    2,
                    2,
                    2,
                    2,
                    2,
                    2,
                    2,
                    2,
                    2
                ]
            ],
            "CPU Usage": 47.8,
            "RAM Usage": 57.7,
            "GPU Usage": 0.0,
            "VRAM Usage": 418.0,
            "Disk Read Speed (MB/s)": 190394.1005859375,
            "Disk Write Speed (MB/s)": 270254.7548828125
        },
        {
            "step": 2,
            "train_loss": 0.054363496601581573,
            "actions_pred1": [
                [
                    [
                        -0.0695791244506836,
                        -0.15679897367954254,
                        0.5276297330856323,
                        0.6139300465583801
                    ],
                    [
                        -0.2014959752559662,
                        -0.3153368830680847,
                        0.3488616943359375,
                        0.6232218146324158
                    ],
                    [
                        -0.27392256259918213,
                        -0.26339852809906006,
                        0.4665263295173645,
                        0.5581346154212952
                    ],
                    [
                        -0.4929507374763489,
                        -0.20045000314712524,
                        0.41683968901634216,
                        0.5500645637512207
                    ],
                    [
                        -0.5247070789337158,
                        -0.1375141441822052,
                        0.45754703879356384,
                        0.477386474609375
                    ],
                    [
                        -0.4995039999485016,
                        -0.09533759951591492,
                        0.5048205852508545,
                        0.5605103969573975
                    ],
                    [
                        -0.554295539855957,
                        -0.06736792623996735,
                        0.414806067943573,
                        0.6124659776687622
                    ],
                    [
                        -0.5508681535720825,
                        -0.14826953411102295,
                        0.47166067361831665,
                        0.5312401652336121
                    ],
                    [
                        -0.5711736083030701,
                        -0.15766552090644836,
                        0.49416667222976685,
                        0.49642106890678406
                    ],
                    [
                        -0.5567452907562256,
                        -0.1473885476589203,
                        0.6278941631317139,
                        0.5808972716331482
                    ],
                    [
                        -0.3850186765193939,
                        -0.1517459601163864,
                        0.5668470859527588,
                        0.46798792481422424
                    ],
                    [
                        -0.2898920178413391,
                        -0.20935949683189392,
                        0.5573522448539734,
                        0.4299412965774536
                    ],
                    [
                        -0.4207000136375427,
                        -0.1118914783000946,
                        0.6689098477363586,
                        0.42027702927589417
                    ],
                    [
                        -0.4555181562900543,
                        -0.12549391388893127,
                        0.6779040694236755,
                        0.5403503179550171
                    ],
                    [
                        -0.5228819847106934,
                        -0.05807402729988098,
                        0.6392452716827393,
                        0.5675153732299805
                    ],
                    [
                        -0.4760304391384125,
                        0.0058284178376197815,
                        0.6605861186981201,
                        0.579434335231781
                    ],
                    [
                        -0.47735440731048584,
                        -0.08628647029399872,
                        0.6946131587028503,
                        0.5224901437759399
                    ],
                    [
                        -0.49390020966529846,
                        -0.1036296859383583,
                        0.6355516314506531,
                        0.5685058832168579
                    ],
                    [
                        -0.40447723865509033,
                        -0.07028823345899582,
                        0.5711482763290405,
                        0.6656713485717773
                    ],
                    [
                        -0.34646737575531006,
                        -0.016552500426769257,
                        0.482735276222229,
                        0.5893803238868713
                    ]
                ]
            ],
            "actions_pred": [
                [
                    [
                        -0.0695791244506836,
                        -0.2014959752559662,
                        -0.27392256259918213,
                        -0.4929507374763489,
                        -0.5247070789337158,
                        -0.4995039999485016,
                        -0.554295539855957,
                        -0.5508681535720825,
