{
    "steps": [
        {
            "step": 0,
            "train_loss": 0.03791690617799759,
            "actions_pred1": [
                [
                    [
                        -0.3715101182460785,
                        -0.4253799319267273,
                        0.7075402736663818,
                        0.14072449505329132
                    ],
                    [
                        -0.30651092529296875,
                        -0.35816657543182373,
                        0.673119306564331,
                        0.05662471055984497
                    ],
                    [
                        -0.25955143570899963,
                        -0.12515416741371155,
                        0.6849673390388489,
                        0.015721261501312256
                    ],
                    [
                        -0.23428864777088165,
                        -0.13241593539714813,
                        0.6181640625,
                        0.09993022680282593
                    ],
                    [
                        -0.38163769245147705,
                        0.05479680746793747,
                        0.7527984380722046,
                        0.10837572813034058
                    ],
                    [
                        -0.45365992188453674,
                        0.048873692750930786,
                        0.7421181201934814,
                        0.1034645140171051
                    ],
                    [
                        -0.24505072832107544,
                        -0.06676310300827026,
                        0.6593574285507202,
                        0.1955500990152359
                    ],
                    [
                        -0.1442657858133316,
                        0.016695700585842133,
                        0.6971442699432373,
                        0.2899661064147949
                    ],
                    [
                        -0.1927272230386734,
                        -0.007631927728652954,
                        0.6913158893585205,
                        0.2342798411846161
                    ],
                    [
                        -0.2223646640777588,
                        0.06596419215202332,
                        0.7572721242904663,
                        0.056373655796051025
                    ],
                    [
                        -0.20773473381996155,
                        0.07337820529937744,
                        0.7499747276306152,
                        0.21431349217891693
                    ],
                    [
                        -0.22699910402297974,
                        0.05489490181207657,
                        0.7443156242370605,
                        0.13599756360054016
                    ],
                    [
                        -0.010854072868824005,
                        -0.009687371551990509,
                        0.7871370911598206,
                        0.0916191041469574
                    ],
                    [
                        -0.017948120832443237,
                        -0.04826568067073822,
                        0.6855719685554504,
                        0.2333471179008484
                    ],
                    [
                        0.08768702298402786,
                        -0.06288464367389679,
                        0.6575680375099182,
                        0.21444515883922577
                    ],
                    [
                        -0.03526212275028229,
                        -0.08037561178207397,
                        0.6547749638557434,
                        0.15336641669273376
                    ],
                    [
                        -0.22965553402900696,
                        -0.060412779450416565,
                        0.6568793058395386,
                        0.13745936751365662
                    ],
                    [
                        -0.20684485137462616,
                        -0.02352016419172287,
                        0.730008602142334,
                        0.030611783266067505
                    ],
                    [
                        -0.17604543268680573,
                        0.017426446080207825,
                        0.8111972212791443,
                        0.12884435057640076
                    ],
                    [
                        -0.17681121826171875,
                        -0.04791983962059021,
                        0.6207377910614014,
                        0.12588652968406677
                    ]
                ]
            ],
            "actions_pred": [
                [
                    [
                        -0.3715101182460785,
                        -0.30651092529296875,
                        -0.25955143570899963,
                        -0.23428864777088165,
                        -0.38163769245147705,
                        -0.45365992188453674,
                        -0.24505072832107544,
                        -0.1442657858133316,
                        -0.1927272230386734,
                        -0.2223646640777588,
                        -0.20773473381996155,
                        -0.22699910402297974,
                        -0.010854072868824005,
                        -0.017948120832443237,
                        0.08768702298402786,
                        -0.03526212275028229,
                        -0.22965553402900696,
                        -0.20684485137462616,
                        -0.17604543268680573,
                        -0.17681121826171875
                    ],
                    [
                        -0.4253799319267273,
                        -0.35816657543182373,
                        -0.12515416741371155,
                        -0.13241593539714813,
                        0.05479680746793747,
                        0.048873692750930786,
                        -0.06676310300827026,
                        0.016695700585842133,
                        -0.007631927728652954,
                        0.06596419215202332,
                        0.07337820529937744,
                        0.05489490181207657,
                        -0.009687371551990509,
                        -0.04826568067073822,
                        -0.06288464367389679,
                        -0.08037561178207397,
                        -0.060412779450416565,
                        -0.02352016419172287,
                        0.017426446080207825,
                        -0.04791983962059021
                    ],
                    [
                        0.7075402736663818,
                        0.673119306564331,
                        0.6849673390388489,
                        0.6181640625,
                        0.7527984380722046,
                        0.7421181201934814,
                        0.6593574285507202,
                        0.6971442699432373,
                        0.6913158893585205,
                        0.7572721242904663,
                        0.7499747276306152,
                        0.7443156242370605,
                        0.7871370911598206,
                        0.6855719685554504,
                        0.6575680375099182,
                        0.6547749638557434,
                        0.6568793058395386,
                        0.730008602142334,
                        0.8111972212791443,
                        0.6207377910614014
                    ],
                    [
                        0.14072449505329132,
                        0.05662471055984497,
                        0.015721261501312256,
                        0.09993022680282593,
                        0.10837572813034058,
                        0.1034645140171051,
                        0.1955500990152359,
                        0.2899661064147949,
                        0.2342798411846161,
                        0.056373655796051025,
                        0.21431349217891693,
                        0.13599756360054016,
                        0.0916191041469574,
                        0.2333471179008484,
                        0.21444515883922577,
                        0.15336641669273376,
                        0.13745936751365662,
                        0.030611783266067505,
                        0.12884435057640076,
                        0.12588652968406677
                    ]
                ]
            ],
            "states": [
                [
                    [
                        5527016.0,
                        1.5349276509368792e-05,
                        0.0002737951872404665,
                        805844.5
                    ],
                    [
                        5095512.0,
                        1.517824421171099e-05,
                        0.0002537628752179444,
                        822709.0625
                    ],
                    [
                        5057864.0,
                        1.501830956840422e-05,
                        0.0002845273702405393,
                        817377.8125
                    ],
                    [
                        5703672.0,
                        1.4852455933578312e-05,
                        0.00027429292094893754,
                        848477.75
                    ],
                    [
                        5414072.0,
                        1.4684866982861422e-05,
                        0.0002784566895570606,
                        829260.1875
                    ],
                    [
                        5337328.0,
                        1.452638753107749e-05,
                        0.00027366288122721016,
                        838067.9375
                    ],
                    [
                        5141848.0,
                        1.4375169484992512e-05,
                        0.0002617421268951148,
                        823064.0
                    ],
                    [
                        5211352.0,
                        1.422882269253023e-05,
                        0.000270931632257998,
                        844933.9375
                    ],
                    [
                        5386560.0,
                        1.4082077541388571e-05,
                        0.00027350522577762604,
                        861893.1875
                    ],
                    [
                        5118680.0,
                        1.3939571545051876e-05,
                        0.0002609447401482612,
                        831639.4375
                    ],
                    [
                        5401040.0,
                        1.3799754015053622e-05,
                        0.0002695223083719611,
                        814358.625
                    ],
                    [
                        5211352.0,
                        1.3661498996953014e-05,
                        0.00026009109569713473,
                        868776.75
                    ],
                    [
                        142.0,
                        0.21944443881511688,
                        0.00015429843915626407,
                        853.0870361328125
                    ],
                    [
                        4879797.0,
                        0.008871808648109436,
                        0.0001451207062928006,
                        568995.3125
                    ],
                    [
                        6620256.0,
                        0.0009351735934615135,
                        0.00015239168715197593,
                        450753.09375
                    ],
                    [
                        9419240.0,
                        0.00045934959780424833,
                        0.0001363051705993712,
                        480722.0
                    ],
                    [
                        9852192.0,
                        0.0002833923790603876,
                        0.0001300903531955555,
                        459858.53125
                    ],
                    [
                        9448200.0,
                        0.0002050806797342375,
                        0.026162419468164444,
                        444324.5625
                    ],
                    [
                        10519720.0,
                        0.00015983681078068912,
                        0.00028762174770236015,
                        442793.625
                    ],
                    [
                        11032312.0,
                        0.00012905527546536177,
                        0.00021737493807449937,
                        442420.15625
                    ]
                ]
            ],
            "actions": [
                [
                    [
                        0.75
                    ],
                    [
                        0.75
                    ],
                    [
                        0.75
                    ],
                    [
                        0.75
                    ],
                    [
                        0.75
                    ],
                    [
                        0.75
                    ],
                    [
                        0.75
                    ],
                    [
                        0.75
                    ],
                    [
                        0.75
                    ],
                    [
                        0.75
                    ],
                    [
                        0.75
                    ],
                    [
                        0.75
                    ],
                    [
                        0.25
                    ],
                    [
                        0.25
                    ],
                    [
                        0.25
                    ],
                    [
                        0.25
                    ],
                    [
                        0.25
                    ],
                    [
                        0.25
                    ],
                    [
                        0.25
                    ],
                    [
                        0.25
                    ]
                ]
            ],
            "returns": [
                [
                    [
                        0.30454936623573303
                    ],
                    [
                        0.30361291766166687
                    ],
                    [
                        0.3026837110519409
                    ],
                    [
                        0.3017551302909851
                    ],
                    [
                        0.3008159101009369
                    ],
                    [
                        0.29988130927085876
                    ],
                    [
                        0.2989479601383209
                    ],
                    [
                        0.2980179190635681
                    ],
                    [
                        0.2970867156982422
                    ],
                    [
                        0.2961525619029999
                    ],
                    [
                        0.2952229082584381
                    ],
                    [
                        0.2942885160446167
                    ],
                    [
                        0.29335731267929077
                    ],
                    [
                        0.29335731267929077
                    ],
                    [
                        0.29243192076683044
                    ],
                    [
                        0.2914794683456421
                    ],
                    [
                        0.29049578309059143
                    ],
                    [
                        0.2895081043243408
                    ],
                    [
                        0.2885241210460663
                    ],
                    [
                        0.2875306308269501
                    ]
                ]
            ],
            "timesteps": [
                [
                    300,
                    301,
                    302,
                    303,
                    304,
                    305,
                    306,
                    307,
                    308,
                    309,
                    310,
                    311,
                    312,
                    313,
                    314,
                    315,
                    316,
                    317,
                    318,
                    319
                ]
            ],
            "labels": [
                [
                    2,
                    2,
                    2,
                    2,
                    2,
                    2,
                    2,
                    2,
                    2,
                    2,
                    2,
                    2,
                    0,
                    0,
                    0,
                    0,
                    0,
                    0,
                    0,
                    0
                ]
            ],
            "CPU Usage": 50.8,
            "RAM Usage": 60.9,
            "GPU Usage": 0.0,
            "VRAM Usage": 468.0,
            "Disk Read Speed (MB/s)": 191411.18359375,
            "Disk Write Speed (MB/s)": 297767.8642578125
        },
        {
            "step": 1,
            "train_loss": 0.05285525321960449,
            "actions_pred1": [
                [
                    [
                        0.02008216828107834,
                        -0.13686507940292358,
                        0.5672757029533386,
                        -0.02416999638080597
                    ],
                    [
                        0.103070467710495,
                        -0.02882342040538788,
                        0.45283618569374084,
                        0.0124453604221344
                    ],
                    [
                        0.05646737664937973,
                        0.021715566515922546,
                        0.6152448654174805,
                        0.1263526827096939
                    ],
                    [
                        0.14011940360069275,
                        -0.12387736141681671,
                        0.6121577620506287,
                        0.11223369836807251
                    ],
                    [
                        0.11431579291820526,
                        -0.13221397995948792,
                        0.7248311638832092,
                        0.1349015235900879
                    ],
                    [
                        -0.1212565004825592,
                        -0.04647190868854523,
                        0.4921123683452606,
                        0.03578725457191467
                    ],
                    [
                        -0.11475791782140732,
                        0.022439807653427124,
                        0.6245340704917908,
                        0.23641321063041687
                    ],
                    [
                        0.07066069543361664,
                        0.031104788184165955,
                        0.6197686195373535,
                        0.2987073063850403
                    ],
                    [
                        0.08977305144071579,
                        0.05025261640548706,
                        0.5414124727249146,
                        0.22889471054077148
                    ],
                    [
                        -0.059925295412540436,
                        0.029135294258594513,
                        0.7387634515762329,
                        0.28414613008499146
                    ],
                    [
                        -0.1227271631360054,
                        -0.061627015471458435,
                        0.8500548601150513,
                        0.28723016381263733
                    ],
                    [
                        -0.12446985393762589,
                        -0.07299195230007172,
                        0.8306809663772583,
                        0.351052463054657
                    ],
                    [
                        -0.15919716656208038,
                        -0.018604472279548645,
                        0.7562381029129028,
                        0.35433998703956604
                    ],
                    [
                        -0.1007547676563263,
                        -0.0008334480226039886,
                        0.7987537980079651,
                        0.31220313906669617
                    ],
                    [
                        -0.049208864569664,
                        -0.07184597104787827,
                        0.8169727325439453,
                        0.26292234659194946
                    ],
                    [
                        -0.07353273779153824,
                        -0.028767019510269165,
                        0.9136432409286499,
                        0.31335458159446716
                    ],
                    [
                        -0.0771934762597084,
                        -0.10351210087537766,
                        0.7177240252494812,
                        0.26409217715263367
                    ],
                    [
                        -0.03763982653617859,
                        0.056069016456604004,
                        0.7123448848724365,
                        0.22638124227523804
                    ],
                    [
                        -0.12799014151096344,
                        -0.04005136340856552,
                        0.8235574960708618,
                        0.21373870968818665
                    ],
                    [
                        -0.2473442703485489,
                        -0.06418423354625702,
                        0.9024020433425903,
                        0.2353990375995636
                    ]
                ]
            ],
            "actions_pred": [
                [
                    [
                        0.02008216828107834,
                        0.103070467710495,
                        0.05646737664937973,
                        0.14011940360069275,
                        0.11431579291820526,
                        -0.1212565004825592,
                        -0.11475791782140732,
                        0.07066069543361664,
                        0.08977305144071579,
                        -0.059925295412540436,
                        -0.1227271631360054,
                        -0.12446985393762589,
                        -0.15919716656208038,
                        -0.1007547676563263,
                        -0.049208864569664,
                        -0.07353273779153824,
                        -0.0771934762597084,
                        -0.03763982653617859,
                        -0.12799014151096344,
                        -0.2473442703485489
                    ],
                    [
                        -0.13686507940292358,
                        -0.02882342040538788,
                        0.021715566515922546,
                        -0.12387736141681671,
                        -0.13221397995948792,
                        -0.04647190868854523,
                        0.022439807653427124,
                        0.031104788184165955,
                        0.05025261640548706,
                        0.029135294258594513,
                        -0.061627015471458435,
                        -0.07299195230007172,
                        -0.018604472279548645,
                        -0.0008334480226039886,
                        -0.07184597104787827,
                        -0.028767019510269165,
                        -0.10351210087537766,
                        0.056069016456604004,
                        -0.04005136340856552,
                        -0.06418423354625702
                    ],
                    [
                        0.5672757029533386,
                        0.45283618569374084,
                        0.6152448654174805,
                        0.6121577620506287,
                        0.7248311638832092,
                        0.4921123683452606,
                        0.6245340704917908,
                        0.6197686195373535,
                        0.5414124727249146,
                        0.7387634515762329,
                        0.8500548601150513,
                        0.8306809663772583,
                        0.7562381029129028,
                        0.7987537980079651,
                        0.8169727325439453,
                        0.9136432409286499,
                        0.7177240252494812,
                        0.7123448848724365,
                        0.8235574960708618,
                        0.9024020433425903
                    ],
                    [
                        -0.02416999638080597,
                        0.0124453604221344,
                        0.1263526827096939,
                        0.11223369836807251,
                        0.1349015235900879,
                        0.03578725457191467,
                        0.23641321063041687,
                        0.2987073063850403,
                        0.22889471054077148,
                        0.28414613008499146,
                        0.28723016381263733,
                        0.351052463054657,
                        0.35433998703956604,
                        0.31220313906669617,
                        0.26292234659194946,
                        0.31335458159446716,
                        0.26409217715263367,
                        0.22638124227523804,
                        0.21373870968818665,
                        0.2353990375995636
                    ]
                ]
            ],
            "states": [
                [
                    [
                        10534200.0,
                        2.6509645977057517e-05,
                        0.00013993013999424875,
                        443834.40625
                    ],
                    [
                        10761536.0,
                        2.5514371372992173e-05,
                        0.0001420098269591108,
                        437980.875
                    ],
                    [
                        9713184.0,
                        2.462484007992316e-05,
                        0.00013746164040639997,
                        438923.15625
                    ],
                    [
                        11058376.0,
                        2.37847361859167e-05,
                        0.00013166402641218156,
                        442931.21875
                    ],
                    [
                        10751400.0,
                        2.2961492504691705e-05,
                        0.00014091107004787773,
                        432700.84375
                    ],
                    [
                        10246048.0,
                        2.2220945538720116e-05,
                        0.0001376972795696929,
                        435969.53125
                    ],
                    [
                        9969480.0,
                        2.1551775716943666e-05,
                        0.00013403889897745103,
                        440537.53125
                    ],
                    [
                        10251840.0,
                        2.0921770556014962e-05,
                        0.00014748213288839906,
                        443483.875
                    ],
                    [
                        10121520.0,
                        2.0323142962297425e-05,
                        0.00013067024701740593,
                        443831.96875
                    ],
                    [
                        9543768.0,
                        1.977682586584706e-05,
                        0.00013482528447639197,
                        439055.96875
                    ],
                    [
                        8799496.0,
                        1.9293054720037617e-05,
                        0.00013897643657401204,
                        475444.21875
                    ],
                    [
                        9742144.0,
                        1.8827833628165536e-05,
                        0.00014449551235884428,
                        446623.25
                    ],
                    [
                        9966584.0,
                        1.835721377574373e-05,
                        0.00014116551028564572,
                        435027.78125
                    ],
                    [
                        9815992.0,
                        1.7907843357534148e-05,
                        0.0001414243597537279,
                        434458.03125
                    ],
                    [
                        10637008.0,
                        1.7465919881942682e-05,
                        0.00015197490574792027,
                        447300.9375
                    ],
                    [
                        9175976.0,
                        1.705779868643731e-05,
                        0.00016332330415025353,
                        457786.65625
                    ],
                    [
                        9695808.0,
                        1.6686690287315287e-05,
                        0.00014966299931984395,
                        442052.53125
                    ],
                    [
                        10571848.0,
                        1.6305739336530678e-05,
                        0.0001437981118215248,
                        454590.5
                    ],
                    [
                        9242584.0,
                        1.5949490261846222e-05,
                        0.0001480604405514896,
                        454658.375
                    ],
                    [
                        10438632.0,
                        1.5611025446560234e-05,
                        0.00013623677659779787,
                        451379.625
                    ]
                ]
            ],
            "actions": [
                [
                    [
                        0.25
                    ],
                    [
                        0.25
                    ],
                    [
                        0.25
                    ],
                    [
                        0.25
                    ],
                    [
                        0.25
                    ],
                    [
                        0.25
                    ],
                    [
                        0.25
                    ],
                    [
                        0.25
                    ],
                    [
                        0.25
                    ],
                    [
                        0.25
                    ],
                    [
                        0.25
                    ],
                    [
                        0.25
                    ],
                    [
                        0.25
                    ],
                    [
                        0.25
                    ],
                    [
                        0.25
                    ],
                    [
                        0.25
                    ],
                    [
                        0.25
                    ],
                    [
                        0.25
                    ],
                    [
                        0.25
                    ],
                    [
                        0.25
                    ]
                ]
            ],
            "returns": [
                [
                    [
                        0.2667037844657898
                    ],
                    [
                        0.26571014523506165
                    ],
                    [
                        0.26471462845802307
                    ],
                    [
                        0.26372823119163513
                    ],
                    [
                        0.26273030042648315
                    ],
                    [
                        0.26173487305641174
                    ],
                    [
                        0.2607437074184418
                    ],
                    [
                        0.2597549855709076
                    ],
                    [
                        0.25876376032829285
                    ],
                    [
                        0.2577736973762512
                    ],
                    [
                        0.25678882002830505
                    ],
                    [
                        0.2558111548423767
                    ],
                    [
                        0.2548244595527649
                    ],
                    [
                        0.2538357675075531
                    ],
                    [
                        0.25284841656684875
                    ],
                    [
                        0.25185394287109375
                    ],
                    [
                        0.25087255239486694
                    ],
                    [
                        0.24988628923892975
                    ],
                    [
                        0.24889235198497772
                    ],
                    [
                        0.24791033565998077
                    ]
                ]
            ],
            "timesteps": [
                [
                    340,
                    341,
                    342,
                    343,
                    344,
                    345,
                    346,
                    347,
                    348,
                    349,
                    350,
                    351,
                    352,
                    353,
                    354,
                    355,
                    356,
                    357,
                    358,
                    359
                ]
            ],
            "labels": [
                [
                    0,
                    0,
                    0,
                    0,
                    0,
                    0,
                    0,
                    0,
                    0,
                    0,
                    0,
                    0,
                    0,
                    0,
                    0,
                    0,
                    0,
                    0,
                    0,
                    0
                ]
            ],
            "CPU Usage": 48.4,
            "RAM Usage": 61.6,
            "GPU Usage": 0.0,
            "VRAM Usage": 468.0,
            "Disk Read Speed (MB/s)": 191411.18359375,
            "Disk Write Speed (MB/s)": 297768.1376953125
        },
        {
            "step": 2,
            "train_loss": 0.057937026023864746,
            "actions_pred1": [
                [
                    [
                        0.3476923704147339,
                        -0.39981454610824585,
                        0.881083607673645,
                        0.6274963617324829
                    ],
                    [
                        0.25838810205459595,
                        -0.2652665376663208,
                        0.9099273681640625,
                        0.4926993250846863
                    ],
                    [
                        -0.05913141369819641,
                        -0.1729549616575241,
                        0.809102475643158,
                        0.30337652564048767
                    ],
                    [
                        -0.2363872081041336,
                        -0.17662903666496277,
                        0.7955223321914673,
                        0.2789335250854492
                    ],
                    [
                        -0.29023128747940063,
                        -0.14254230260849,
                        0.7717292308807373,
                        0.2645550072193146
                    ],
                    [
                        -0.3456375002861023,
                        -0.20546387135982513,
                        0.8097299933433533,
                        0.24231573939323425
                    ],
                    [
                        -0.3934846818447113,
                        -0.2383536398410797,
                        0.8466566205024719,
                        0.21991322934627533
                    ],
                    [
                        -0.47481197118759155,
                        -0.1443837285041809,
                        0.9047572612762451,
                        0.19997917115688324
                    ],
                    [
                        -0.24638423323631287,
                        -0.13044089078903198,
                        0.8907362818717957,
                        0.2034553587436676
                    ],
                    [
                        -0.15672311186790466,
                        -0.20080600678920746,
                        0.9316710829734802,
                        0.10139748454093933
                    ],
                    [
                        -0.13466116786003113,
                        -0.1838270127773285,
                        0.6777145862579346,
                        0.2437896877527237
                    ],
                    [
                        -0.11261633038520813,
                        -0.1646338701248169,
                        0.7624710202217102,
                        0.22625692188739777
                    ],
                    [
                        -0.1338546872138977,
                        -0.11660614609718323,
                        0.7094472050666809,
                        0.31906628608703613
                    ],
                    [
                        -0.20992296934127808,
                        -0.04658351093530655,
                        0.8471845984458923,
                        0.282259076833725
                    ],
                    [
                        -0.2217746376991272,
                        -0.015661880373954773,
                        0.9324213266372681,
                        0.17144723236560822
                    ],
                    [
                        -0.24600327014923096,
                        -0.0430741161108017,
                        0.9302434325218201,
                        0.1768125295639038
                    ],
                    [
                        -0.24482008814811707,
                        -0.1329260766506195,
                        0.8169761896133423,
                        0.2098155915737152
                    ],
                    [
                        -0.29431334137916565,
                        -0.0783226266503334,
                        0.858531653881073,
                        0.1708683967590332
                    ],
                    [
                        -0.24478855729103088,
                        0.048718348145484924,
                        0.8658254146575928,
                        0.16376271843910217
                    ],
                    [
                        -0.15428821742534637,
                        0.065322145819664,
                        0.7826480865478516,
                        0.24638855457305908
                    ]
                ]
            ],
            "actions_pred": [
                [
                    [
                        0.3476923704147339,
                        0.25838810205459595,
                        -0.05913141369819641,
