{
    "steps": [
        {
            "step": 0,
            "train_loss": 0.03861945495009422,
            "actions_pred1": [
                [
                    [
                        0.5285675525665283,
                        0.1307961493730545,
                        0.681658923625946,
                        -0.013992786407470703
                    ],
                    [
                        0.3933165967464447,
                        0.10533672571182251,
                        0.5479753613471985,
                        -0.024224385619163513
                    ],
                    [
                        0.31362998485565186,
                        -0.17023524641990662,
                        0.37174490094184875,
                        -0.20402002334594727
                    ],
                    [
                        0.3749774992465973,
                        -0.10921797156333923,
                        0.31973618268966675,
                        -0.2763322591781616
                    ],
                    [
                        0.33872586488723755,
                        -0.08182662725448608,
                        0.42441046237945557,
                        -0.3148767948150635
                    ],
                    [
                        0.235916405916214,
                        0.06270203739404678,
                        0.5134520530700684,
                        -0.3332957923412323
                    ],
                    [
                        0.4327620267868042,
                        -0.04146920144557953,
                        0.46349814534187317,
                        -0.38509616255760193
                    ],
                    [
                        0.3769058287143707,
                        0.0012083202600479126,
                        0.44874894618988037,
                        -0.39132434129714966
                    ],
                    [
                        0.336108922958374,
                        0.10567106306552887,
                        0.6861764788627625,
                        -0.45639097690582275
                    ],
                    [
                        0.4251578748226166,
                        0.16022628545761108,
                        0.6678423285484314,
                        -0.39334234595298767
                    ],
                    [
                        0.3522815406322479,
                        0.05767059326171875,
                        0.6679691076278687,
                        -0.3492145240306854
                    ],
                    [
                        0.3637351393699646,
                        0.08508562296628952,
                        0.5792649984359741,
                        -0.32683566212654114
                    ],
                    [
                        0.38794952630996704,
                        0.11040806025266647,
                        0.5930159687995911,
                        -0.2902529239654541
                    ],
                    [
                        0.3713129460811615,
                        0.14054526388645172,
                        0.6812167167663574,
                        -0.14912357926368713
                    ],
                    [
                        0.392031729221344,
                        0.08729620277881622,
                        0.6792914867401123,
                        -0.16028404235839844
                    ],
                    [
                        0.40850216150283813,
                        -0.07322646677494049,
                        0.4379478096961975,
                        -0.19502979516983032
                    ],
                    [
                        0.420448899269104,
                        0.04242510348558426,
                        0.47767478227615356,
                        -0.2974115014076233
                    ],
                    [
                        0.3566003739833832,
                        0.05089149624109268,
                        0.4680425226688385,
                        -0.23968592286109924
                    ],
                    [
                        0.32303720712661743,
                        0.06395123153924942,
                        0.5545187592506409,
                        -0.22061467170715332
                    ],
                    [
                        0.3244701325893402,
                        0.08216029405593872,
                        0.6392492651939392,
                        -0.28997793793678284
                    ]
                ]
            ],
            "actions_pred": [
                [
                    [
                        0.5285675525665283,
                        0.3933165967464447,
                        0.31362998485565186,
                        0.3749774992465973,
                        0.33872586488723755,
                        0.235916405916214,
                        0.4327620267868042,
                        0.3769058287143707,
                        0.336108922958374,
                        0.4251578748226166,
                        0.3522815406322479,
                        0.3637351393699646,
                        0.38794952630996704,
                        0.3713129460811615,
                        0.392031729221344,
                        0.40850216150283813,
                        0.420448899269104,
                        0.3566003739833832,
                        0.32303720712661743,
                        0.3244701325893402
                    ],
                    [
                        0.1307961493730545,
                        0.10533672571182251,
                        -0.17023524641990662,
                        -0.10921797156333923,
                        -0.08182662725448608,
                        0.06270203739404678,
                        -0.04146920144557953,
                        0.0012083202600479126,
                        0.10567106306552887,
                        0.16022628545761108,
                        0.05767059326171875,
                        0.08508562296628952,
                        0.11040806025266647,
                        0.14054526388645172,
                        0.08729620277881622,
                        -0.07322646677494049,
                        0.04242510348558426,
                        0.05089149624109268,
                        0.06395123153924942,
                        0.08216029405593872
                    ],
                    [
                        0.681658923625946,
                        0.5479753613471985,
                        0.37174490094184875,
                        0.31973618268966675,
                        0.42441046237945557,
                        0.5134520530700684,
                        0.46349814534187317,
                        0.44874894618988037,
                        0.6861764788627625,
                        0.6678423285484314,
                        0.6679691076278687,
                        0.5792649984359741,
                        0.5930159687995911,
                        0.6812167167663574,
                        0.6792914867401123,
                        0.4379478096961975,
                        0.47767478227615356,
                        0.4680425226688385,
                        0.5545187592506409,
                        0.6392492651939392
                    ],
                    [
                        -0.013992786407470703,
                        -0.024224385619163513,
                        -0.20402002334594727,
                        -0.2763322591781616,
                        -0.3148767948150635,
                        -0.3332957923412323,
                        -0.38509616255760193,
                        -0.39132434129714966,
                        -0.45639097690582275,
                        -0.39334234595298767,
                        -0.3492145240306854,
                        -0.32683566212654114,
                        -0.2902529239654541,
                        -0.14912357926368713,
                        -0.16028404235839844,
                        -0.19502979516983032,
                        -0.2974115014076233,
                        -0.23968592286109924,
                        -0.22061467170715332,
                        -0.28997793793678284
                    ]
                ]
            ],
            "states": [
                [
                    [
                        5130264.0,
                        9.53052585828118e-06,
                        0.00017112551722675562,
                        484343.53125
                    ],
                    [
                        5473440.0,
                        9.464440154260956e-06,
                        0.00025726869353093207,
                        530369.25
                    ],
                    [
                        5615344.0,
                        9.396303539688233e-06,
                        0.000244751397985965,
                        507658.4375
                    ],
                    [
                        5705120.0,
                        9.327747648057994e-06,
                        0.0002547030453570187,
                        475297.125
                    ],
                    [
                        5661680.0,
                        9.25990843825275e-06,
                        0.0002602769818622619,
                        509474.46875
                    ],
                    [
                        5626928.0,
                        9.193505320581608e-06,
                        0.00028401854797266424,
                        512406.875
                    ],
                    [
                        7240000.0,
                        9.118992238654755e-06,
                        0.00026182830333709717,
                        473767.34375
                    ],
                    [
                        6098976.0,
                        9.042967576533556e-06,
                        0.00025427230866625905,
                        486137.84375
                    ],
                    [
                        5957072.0,
                        8.975355740403756e-06,
                        0.00025071317213587463,
                        481721.90625
                    ],
                    [
                        6045400.0,
                        8.909044481697492e-06,
                        0.000257556646829471,
                        512695.15625
                    ],
                    [
                        5554528.0,
                        8.845872798701748e-06,
                        0.0002534309751354158,
                        490408.03125
                    ],
                    [
                        5395248.0,
                        8.787061233306304e-06,
                        0.00019772094674408436,
                        502051.125
                    ],
                    [
                        6014992.0,
                        8.726612577447668e-06,
                        0.00023689404770266265,
                        496127.90625
                    ],
                    [
                        5615344.0,
                        8.665836503496394e-06,
                        0.00024040597782004625,
                        497831.1875
                    ],
                    [
                        5961416.0,
                        8.60618456499651e-06,
                        0.00023798528127372265,
                        498399.9375
                    ],
                    [
                        5690640.0,
                        8.546960089006461e-06,
                        0.0002599294239189476,
                        501903.53125
                    ],
                    [
                        6043952.0,
                        8.48813488119049e-06,
                        0.0002636733988765627,
                        501576.46875
                    ],
                    [
                        7975584.0,
                        8.418936886300799e-06,
                        0.00023683813924435526,
                        444337.65625
                    ],
                    [
                        5891912.0,
                        8.351544238394126e-06,
                        0.0002558637352194637,
                        498428.25
                    ],
                    [
                        6125040.0,
                        8.294033250422217e-06,
                        0.00024174025747925043,
                        501703.09375
                    ]
                ]
            ],
            "actions": [
                [
                    [
                        0.25
                    ],
                    [
                        0.25
                    ],
                    [
                        0.25
                    ],
                    [
                        0.25
                    ],
                    [
                        0.25
                    ],
                    [
                        0.25
                    ],
                    [
                        0.25
                    ],
                    [
                        0.25
                    ],
                    [
                        0.25
                    ],
                    [
                        0.25
                    ],
                    [
                        0.25
                    ],
                    [
                        0.25
                    ],
                    [
                        0.25
                    ],
                    [
                        0.25
                    ],
                    [
                        0.25
                    ],
                    [
                        0.25
                    ],
                    [
                        0.25
                    ],
                    [
                        0.25
                    ],
                    [
                        0.25
                    ],
                    [
                        0.25
                    ]
                ]
            ],
            "returns": [
                [
                    [
                        0.20859551429748535
                    ],
                    [
                        0.20766568183898926
                    ],
                    [
                        0.20673011243343353
                    ],
                    [
                        0.20579227805137634
                    ],
                    [
                        0.20485302805900574
                    ],
                    [
                        0.20391446352005005
                    ],
                    [
                        0.20297643542289734
                    ],
                    [
                        0.20201605558395386
                    ],
                    [
                        0.2010708898305893
                    ],
                    [
                        0.20012782514095306
                    ],
                    [
                        0.19918343424797058
                    ],
                    [
                        0.1982465535402298
                    ],
                    [
                        0.19731226563453674
                    ],
                    [
                        0.19636832177639008
                    ],
                    [
                        0.19543048739433289
                    ],
                    [
                        0.19448734819889069
                    ],
                    [
                        0.193548321723938
                    ],
                    [
                        0.1926039606332779
                    ],
                    [
                        0.19163501262664795
                    ],
                    [
                        0.19069290161132812
                    ]
                ]
            ],
            "timesteps": [
                [
                    400,
                    401,
                    402,
                    403,
                    404,
                    405,
                    406,
                    407,
                    408,
                    409,
                    410,
                    411,
                    412,
                    413,
                    414,
                    415,
                    416,
                    417,
                    418,
                    419
                ]
            ],
            "labels": [
                [
                    0,
                    0,
                    0,
                    0,
                    0,
                    0,
                    0,
                    0,
                    0,
                    0,
                    0,
                    0,
                    0,
                    0,
                    0,
                    0,
                    0,
                    0,
                    0,
                    0
                ]
            ],
            "CPU Usage": 45.3,
            "RAM Usage": 55.2,
            "GPU Usage": 0.0,
            "VRAM Usage": 355.0,
            "Disk Read Speed (MB/s)": 206042.9072265625,
            "Disk Write Speed (MB/s)": 356951.0830078125
        },
        {
            "step": 1,
            "train_loss": 0.04664867743849754,
            "actions_pred1": [
                [
                    [
                        0.1680299937725067,
                        -0.08608794212341309,
                        0.7350741624832153,
                        -0.34905487298965454
                    ],
                    [
                        0.29938966035842896,
                        0.07302682101726532,
                        0.7178325057029724,
                        -0.22388288378715515
                    ],
                    [
                        0.31769222021102905,
                        0.12178786098957062,
                        0.7100898623466492,
                        -0.09625270962715149
                    ],
                    [
                        0.3744823932647705,
                        0.18053115904331207,
                        0.7347288727760315,
                        -0.12614834308624268
                    ],
                    [
                        0.2536977529525757,
                        0.28150737285614014,
                        0.7547929883003235,
                        -0.2682686448097229
                    ],
                    [
                        0.321674108505249,
                        0.34299975633621216,
                        0.7969102263450623,
                        -0.34971973299980164
                    ],
                    [
                        0.2669402062892914,
                        0.32242679595947266,
                        0.8689730763435364,
                        -0.35568779706954956
                    ],
                    [
                        0.25724726915359497,
                        0.278687059879303,
                        0.861939013004303,
                        -0.2641357481479645
                    ],
                    [
                        0.1658410280942917,
                        0.40010350942611694,
                        0.831582248210907,
                        -0.2521889805793762
                    ],
                    [
                        0.2551649808883667,
                        0.22527994215488434,
                        0.8321658968925476,
                        -0.13071787357330322
                    ],
                    [
                        0.34636586904525757,
                        0.1807657778263092,
                        0.8344899415969849,
                        -0.14299693703651428
                    ],
                    [
                        0.20548343658447266,
                        0.14656570553779602,
                        0.8076441884040833,
                        -0.2361540049314499
                    ],
                    [
                        0.06748761981725693,
                        0.2626892626285553,
                        0.6436280608177185,
                        -0.22011208534240723
                    ],
                    [
                        0.11853066831827164,
                        0.31850892305374146,
                        0.7356739044189453,
                        -0.21000955998897552
                    ],
                    [
                        0.20626351237297058,
                        0.21432235836982727,
                        0.736506998538971,
                        -0.15583676099777222
                    ],
                    [
                        0.2512921094894409,
                        0.19365930557250977,
                        0.7199560403823853,
                        -0.16668695211410522
                    ],
                    [
                        0.2996973991394043,
                        0.20288649201393127,
                        0.7868561744689941,
                        -0.17627647519111633
                    ],
                    [
                        0.2801489233970642,
                        0.16880157589912415,
                        0.730606198310852,
                        -0.22160208225250244
                    ],
                    [
                        0.1682581603527069,
                        0.14438535273075104,
                        0.8347339630126953,
                        -0.37952694296836853
                    ],
                    [
                        0.21967175602912903,
                        0.20419365167617798,
                        0.8496858477592468,
                        -0.3562181890010834
                    ]
                ]
            ],
            "actions_pred": [
                [
                    [
                        0.1680299937725067,
                        0.29938966035842896,
                        0.31769222021102905,
                        0.3744823932647705,
                        0.2536977529525757,
                        0.321674108505249,
                        0.2669402062892914,
                        0.25724726915359497,
                        0.1658410280942917,
                        0.2551649808883667,
                        0.34636586904525757,
                        0.20548343658447266,
                        0.06748761981725693,
                        0.11853066831827164,
                        0.20626351237297058,
                        0.2512921094894409,
                        0.2996973991394043,
                        0.2801489233970642,
                        0.1682581603527069,
                        0.21967175602912903
                    ],
                    [
                        -0.08608794212341309,
                        0.07302682101726532,
                        0.12178786098957062,
                        0.18053115904331207,
                        0.28150737285614014,
                        0.34299975633621216,
                        0.32242679595947266,
                        0.278687059879303,
                        0.40010350942611694,
                        0.22527994215488434,
                        0.1807657778263092,
                        0.14656570553779602,
                        0.2626892626285553,
                        0.31850892305374146,
                        0.21432235836982727,
                        0.19365930557250977,
                        0.20288649201393127,
                        0.16880157589912415,
                        0.14438535273075104,
                        0.20419365167617798
                    ],
                    [
                        0.7350741624832153,
                        0.7178325057029724,
                        0.7100898623466492,
                        0.7347288727760315,
                        0.7547929883003235,
                        0.7969102263450623,
                        0.8689730763435364,
                        0.861939013004303,
                        0.831582248210907,
                        0.8321658968925476,
                        0.8344899415969849,
                        0.8076441884040833,
                        0.6436280608177185,
                        0.7356739044189453,
                        0.736506998538971,
                        0.7199560403823853,
                        0.7868561744689941,
                        0.730606198310852,
                        0.8347339630126953,
                        0.8496858477592468
                    ],
                    [
                        -0.34905487298965454,
                        -0.22388288378715515,
                        -0.09625270962715149,
                        -0.12614834308624268,
                        -0.2682686448097229,
                        -0.34971973299980164,
                        -0.35568779706954956,
                        -0.2641357481479645,
                        -0.2521889805793762,
                        -0.13071787357330322,
                        -0.14299693703651428,
                        -0.2361540049314499,
                        -0.22011208534240723,
                        -0.21000955998897552,
                        -0.15583676099777222,
                        -0.16668695211410522,
                        -0.17627647519111633,
                        -0.22160208225250244,
                        -0.37952694296836853,
                        -0.3562181890010834
                    ]
                ]
            ],
            "states": [
                [
                    [
                        4791432.0,
                        3.087877848884091e-05,
                        0.00023075626813806593,
                        506720.5
                    ],
                    [
                        3692400.0,
                        2.9973596610943787e-05,
                        0.00032322804327122867,
                        492666.6875
                    ],
                    [
                        4952160.0,
                        2.9106702641001903e-05,
                        0.0002578554267529398,
                        491613.3125
                    ],
                    [
                        4808808.0,
                        2.818479697452858e-05,
                        0.00022438736050389707,
                        480345.5
                    ],
                    [
                        4978224.0,
                        2.7317544663674198e-05,
                        0.00038321700412780046,
                        500271.75
                    ],
                    [
                        5354704.0,
                        2.645807217049878e-05,
                        0.0004527103737927973,
                        496069.53125
                    ],
                    [
                        3554840.0,
                        2.5757775802048855e-05,
                        0.00029970589093863964,
                        504121.5
                    ],
                    [
                        5330088.0,
                        2.5097764591919258e-05,
                        0.00026218051789328456,
                        473636.59375
                    ],
                    [
                        7706256.0,
                        2.4188775569200516e-05,
                        0.0002925366861745715,
                        550715.1875
                    ],
                    [
                        7687432.0,
                        2.319453051313758e-05,
                        0.00028024095809087157,
                        523717.84375
                    ],
                    [
                        6233640.0,
                        1.9415590941207483e-05,
                        0.0001758198341121897,
                        575309.5
                    ],
                    [
                        6330656.0,
                        1.8885328245232813e-05,
                        0.00013516498438548297,
                        576038.875
                    ],
                    [
                        2227024.0,
                        1.8539429220254533e-05,
                        0.0001646996388444677,
                        615099.8125
                    ],
                    [
                        3611312.0,
                        1.8311515304958448e-05,
                        0.0001985474955290556,
                        642490.9375
                    ],
                    [
                        5732632.0,
                        1.795835305529181e-05,
                        0.0002949792833533138,
                        564533.125
                    ],
                    [
                        5175152.0,
                        1.7562215361976996e-05,
                        0.0007080274517647922,
                        561933.4375
                    ],
                    [
                        4907272.0,
                        1.721135777188465e-05,
                        0.0013480978086590767,
                        618870.0
                    ],
                    [
                        4346896.0,
                        1.6901381968636997e-05,
                        0.0014468225417658687,
                        555341.1875
                    ],
                    [
                        5007184.0,
                        1.6599440641584806e-05,
                        0.0019480990013107657,
                        605693.8125
                    ],
                    [
                        5735528.0,
                        1.6265725207631476e-05,
                        0.002926501678302884,
                        601773.625
                    ]
                ]
            ],
            "actions": [
                [
                    [
                        0.5
                    ],
                    [
                        0.5
                    ],
                    [
                        0.5
                    ],
                    [
                        0.5
                    ],
                    [
                        0.5
                    ],
                    [
                        0.5
                    ],
                    [
                        0.5
                    ],
                    [
                        0.5
                    ],
                    [
                        0.5
                    ],
                    [
                        0.5
                    ],
                    [
                        0.5
                    ],
                    [
                        0.5
                    ],
                    [
                        0.5
                    ],
                    [
                        0.5
                    ],
                    [
                        0.5
                    ],
                    [
                        0.5
                    ],
                    [
                        0.5
                    ],
                    [
                        0.5
                    ],
                    [
                        0.5
                    ],
                    [
                        0.5
                    ]
                ]
            ],
            "returns": [
                [
                    [
                        0.45074203610420227
                    ],
                    [
                        0.44981828331947327
                    ],
                    [
                        0.44891759753227234
                    ],
                    [
                        0.44799089431762695
                    ],
                    [
                        0.4470668137073517
                    ],
                    [
                        0.4461396336555481
                    ],
                    [
                        0.44520601630210876
                    ],
                    [
                        0.44430869817733765
                    ],
                    [
                        0.44337549805641174
                    ],
                    [
                        0.44240957498550415
                    ],
                    [
                        0.44144389033317566
                    ],
                    [
                        0.4404968023300171
                    ],
                    [
                        0.4395483136177063
                    ],
                    [
                        0.43869248032569885
                    ],
                    [
                        0.4377937614917755
                    ],
                    [
                        0.4368540942668915
                    ],
                    [
                        0.4359234869480133
                    ],
                    [
                        0.4349976181983948
                    ],
                    [
                        0.4340824484825134
                    ],
                    [
                        0.43315479159355164
                    ]
                ]
            ],
            "timesteps": [
                [
                    140,
                    141,
                    142,
                    143,
                    144,
                    145,
                    146,
                    147,
                    148,
                    149,
                    150,
                    151,
                    152,
                    153,
                    154,
                    155,
                    156,
                    157,
                    158,
                    159
                ]
            ],
            "labels": [
                [
                    1,
                    1,
                    1,
                    1,
                    1,
                    1,
                    1,
                    1,
                    1,
                    1,
                    1,
                    1,
                    1,
                    1,
                    1,
                    1,
                    1,
                    1,
                    1,
                    1
                ]
            ],
            "CPU Usage": 47.1,
            "RAM Usage": 55.3,
            "GPU Usage": 0.0,
            "VRAM Usage": 355.0,
            "Disk Read Speed (MB/s)": 206042.9072265625,
            "Disk Write Speed (MB/s)": 356951.2080078125
        },
        {
            "step": 2,
            "train_loss": 0.04869825392961502,
            "actions_pred1": [
                [
                    [
                        0.41297534108161926,
                        -0.15041355788707733,
                        0.8959036469459534,
                        -0.10200542211532593
                    ],
                    [
                        0.3485735058784485,
                        -0.11167796701192856,
                        1.0164391994476318,
                        -0.15575820207595825
                    ],
                    [
                        0.2867865562438965,
                        0.013695485889911652,
                        0.8956835269927979,
                        -0.20649392902851105
                    ],
                    [
                        0.056427665054798126,
                        0.11842217296361923,
                        1.0195930004119873,
                        -0.31705740094184875
                    ],
                    [
                        0.17351999878883362,
                        0.18559134006500244,
                        0.8902295231819153,
                        -0.13467293977737427
                    ],
                    [
                        0.23268701136112213,
                        0.05273069441318512,
                        0.6964297294616699,
                        -0.2069077491760254
                    ],
                    [
                        0.22389498353004456,
                        0.04745623096823692,
                        0.7210633158683777,
                        -0.24364003539085388
                    ],
                    [
                        0.20860296487808228,
                        0.26685476303100586,
                        0.8221913576126099,
                        -0.19138723611831665
                    ],
                    [
                        0.22569888830184937,
                        0.15741392970085144,
                        0.8448996543884277,
                        -0.15969544649124146
                    ],
                    [
                        0.2637636065483093,
                        0.12689368426799774,
                        0.8184757232666016,
                        -0.22607386112213135
                    ],
                    [
                        0.2716822028160095,
                        0.1456942856311798,
                        0.785896360874176,
                        -0.14987629652023315
                    ],
                    [
                        0.2800212502479553,
                        0.1899769902229309,
                        0.7538655996322632,
                        -0.18697303533554077
                    ],
                    [
                        0.21529807150363922,
                        0.23808881640434265,
                        0.8393901586532593,
                        -0.28167206048965454
                    ],
                    [
                        0.4682468771934509,
                        0.28285980224609375,
                        0.84665846824646,
                        -0.2675338685512543
                    ],
                    [
                        0.3936418890953064,
                        0.305385947227478,
                        0.8519774675369263,
                        -0.20975574851036072
                    ],
                    [
                        0.31000688672065735,
                        0.20261473953723907,
                        0.8576516509056091,
                        -0.226949542760849
                    ],
                    [
                        0.26528772711753845,
                        0.08416900038719177,
                        0.9558363556861877,
                        -0.21291068196296692
                    ],
                    [
                        0.3098386228084564,
                        0.09266918152570724,
                        0.862424373626709,
                        -0.1909465193748474
                    ],
                    [
                        0.36930134892463684,
                        0.16041192412376404,
                        0.9623724222183228,
                        -0.2597902715206146
                    ],
                    [
                        0.37108179926872253,
                        0.1450197398662567,
                        1.0639448165893555,
                        -0.25878074765205383
                    ]
                ]
            ],
            "actions_pred": [
                [
                    [
                        0.41297534108161926,
                        0.3485735058784485,
                        0.2867865562438965,
                        0.056427665054798126,
                        0.17351999878883362,
                        0.23268701136112213,
