{
    "steps": [
        {
            "step": 0,
            "train_loss": 0.03057008609175682,
            "actions_pred1": [
                [
                    [
                        0.6671615242958069,
                        -0.030277356505393982,
                        0.5312737226486206,
                        -0.26716113090515137
                    ],
                    [
                        0.40012937784194946,
                        0.0534316748380661,
                        0.49513566493988037,
                        -0.12204717099666595
                    ],
                    [
                        0.2189001441001892,
                        0.3438825011253357,
                        0.6039429903030396,
                        -0.1942327916622162
                    ],
                    [
                        0.2281293272972107,
                        0.2592623829841614,
                        0.6774779558181763,
                        -0.13421455025672913
                    ],
                    [
                        0.2193344533443451,
                        0.20288056135177612,
                        0.6209597587585449,
                        -0.24802705645561218
                    ],
                    [
                        0.2871748208999634,
                        0.2253924459218979,
                        0.6698674559593201,
                        -0.32267630100250244
                    ],
                    [
                        0.19542407989501953,
                        0.1567164808511734,
                        0.7399029731750488,
                        -0.31276848912239075
                    ],
                    [
                        0.02064584195613861,
                        0.04265099763870239,
                        0.701462984085083,
                        -0.423200786113739
                    ],
                    [
                        0.14425840973854065,
                        -0.022875584661960602,
                        0.6346263885498047,
                        -0.3932707607746124
                    ],
                    [
                        0.1695753037929535,
                        0.1733936369419098,
                        0.8179603219032288,
                        -0.3712775707244873
                    ],
                    [
                        0.14892899990081787,
                        0.2529912292957306,
                        0.946577250957489,
                        -0.2967960238456726
                    ],
                    [
                        0.34319522976875305,
                        0.2834968566894531,
                        0.7544353604316711,
                        -0.39570242166519165
                    ],
                    [
                        0.48774757981300354,
                        0.21742121875286102,
                        0.8445913195610046,
                        -0.48109087347984314
                    ],
                    [
                        0.37594839930534363,
                        0.1433316469192505,
                        0.5639021396636963,
                        -0.5149168372154236
                    ],
                    [
                        0.2729278802871704,
                        0.19875384867191315,
                        0.673392117023468,
                        -0.44393500685691833
                    ],
                    [
                        0.3791182041168213,
                        -0.015753112733364105,
                        0.6596137881278992,
                        -0.4348355829715729
                    ],
                    [
                        0.38428813219070435,
                        0.1303301751613617,
                        0.6206152439117432,
                        -0.2865070402622223
                    ],
                    [
                        0.3627343475818634,
                        0.3076396584510803,
                        0.7175326347351074,
                        -0.19944550096988678
                    ],
                    [
                        0.3322422206401825,
                        0.3774048089981079,
                        0.7571038007736206,
                        -0.16084609925746918
                    ],
                    [
                        0.29231077432632446,
                        0.350779265165329,
                        0.7479832768440247,
                        -0.2362733781337738
                    ]
                ]
            ],
            "actions_pred": [
                [
                    [
                        0.6671615242958069,
                        0.40012937784194946,
                        0.2189001441001892,
                        0.2281293272972107,
                        0.2193344533443451,
                        0.2871748208999634,
                        0.19542407989501953,
                        0.02064584195613861,
                        0.14425840973854065,
                        0.1695753037929535,
                        0.14892899990081787,
                        0.34319522976875305,
                        0.48774757981300354,
                        0.37594839930534363,
                        0.2729278802871704,
                        0.3791182041168213,
                        0.38428813219070435,
                        0.3627343475818634,
                        0.3322422206401825,
                        0.29231077432632446
                    ],
                    [
                        -0.030277356505393982,
                        0.0534316748380661,
                        0.3438825011253357,
                        0.2592623829841614,
                        0.20288056135177612,
                        0.2253924459218979,
                        0.1567164808511734,
                        0.04265099763870239,
                        -0.022875584661960602,
                        0.1733936369419098,
                        0.2529912292957306,
                        0.2834968566894531,
                        0.21742121875286102,
                        0.1433316469192505,
                        0.19875384867191315,
                        -0.015753112733364105,
                        0.1303301751613617,
                        0.3076396584510803,
                        0.3774048089981079,
                        0.350779265165329
                    ],
                    [
                        0.5312737226486206,
                        0.49513566493988037,
                        0.6039429903030396,
                        0.6774779558181763,
                        0.6209597587585449,
                        0.6698674559593201,
                        0.7399029731750488,
                        0.701462984085083,
                        0.6346263885498047,
                        0.8179603219032288,
                        0.946577250957489,
                        0.7544353604316711,
                        0.8445913195610046,
                        0.5639021396636963,
                        0.673392117023468,
                        0.6596137881278992,
                        0.6206152439117432,
                        0.7175326347351074,
                        0.7571038007736206,
                        0.7479832768440247
                    ],
                    [
                        -0.26716113090515137,
                        -0.12204717099666595,
                        -0.1942327916622162,
                        -0.13421455025672913,
                        -0.24802705645561218,
                        -0.32267630100250244,
                        -0.31276848912239075,
                        -0.423200786113739,
                        -0.3932707607746124,
                        -0.3712775707244873,
                        -0.2967960238456726,
                        -0.39570242166519165,
                        -0.48109087347984314,
                        -0.5149168372154236,
                        -0.44393500685691833,
                        -0.4348355829715729,
                        -0.2865070402622223,
                        -0.19944550096988678,
                        -0.16084609925746918,
                        -0.2362733781337738
                    ]
                ]
            ],
            "states": [
                [
                    [
                        5305472.0,
                        8.719099241716322e-06,
                        0.00013201982073951513,
                        847637.0625
                    ],
                    [
                        5427104.0,
                        8.626127055322286e-06,
                        0.00013791865785606205,
                        798609.0
                    ],
                    [
                        5450272.0,
                        8.533900654583704e-06,
                        0.00014453318726737052,
                        879716.5
                    ],
                    [
                        5114336.0,
                        8.446181709587108e-06,
                        0.00014699026360176504,
                        849232.5625
                    ],
                    [
                        5466200.0,
                        8.360139872820582e-06,
                        0.00016071676509454846,
                        823946.3125
                    ],
                    [
                        5315608.0,
                        8.27424355520634e-06,
                        0.00016249381587840617,
                        854104.0625
                    ],
                    [
                        5602312.0,
                        8.189044820028357e-06,
                        0.0001488575799157843,
                        832423.8125
                    ],
                    [
                        5063656.0,
                        8.107467692752834e-06,
                        0.00016087492986116558,
                        837260.4375
                    ],
                    [
                        5243208.0,
                        8.030191565921996e-06,
                        0.00016716374375391752,
                        847603.1875
                    ],
                    [
                        5813720.0,
                        7.948916390887462e-06,
                        0.00019032474665436894,
                        855439.25
                    ],
                    [
                        5408280.0,
                        7.868069587857462e-06,
                        0.00018542619363870472,
                        819410.4375
                    ],
                    [
                        5082480.0,
                        7.7939621405676e-06,
                        0.000198170033399947,
                        886572.3125
                    ],
                    [
                        5553080.0,
                        7.720262146904133e-06,
                        0.0001916241308208555,
                        834980.5
                    ],
                    [
                        5222936.0,
                        7.646989615750499e-06,
                        0.0002063407882815227,
                        810099.0
                    ],
                    [
                        5267824.0,
                        7.57698762754444e-06,
                        0.00023895764024928212,
                        771615.4375
                    ],
                    [
                        5292440.0,
                        7.507794634875609e-06,
                        0.00025051896227523685,
                        873322.6875
                    ],
                    [
                        5603760.0,
                        7.437720341840759e-06,
                        0.0002676467993296683,
                        855312.0625
                    ],
                    [
                        5289312.0,
                        7.368956630671164e-06,
                        0.0002700872428249568,
                        823382.9375
                    ],
                    [
                        5275296.0,
                        7.303467100427952e-06,
                        0.0002660537720657885,
                        780031.4375
                    ],
                    [
                        5143296.0,
                        7.240012109832605e-06,
                        0.00026454709586687386,
                        808306.8125
                    ]
                ]
            ],
            "actions": [
                [
                    [
                        0.75
                    ],
                    [
                        0.75
                    ],
                    [
                        0.75
                    ],
                    [
                        0.75
                    ],
                    [
                        0.75
                    ],
                    [
                        0.75
                    ],
                    [
                        0.75
                    ],
                    [
                        0.75
                    ],
                    [
                        0.75
                    ],
                    [
                        0.75
                    ],
                    [
                        0.75
                    ],
                    [
                        0.75
                    ],
                    [
                        0.75
                    ],
                    [
                        0.75
                    ],
                    [
                        0.75
                    ],
                    [
                        0.75
                    ],
                    [
                        0.75
                    ],
                    [
                        0.75
                    ],
                    [
                        0.75
                    ],
                    [
                        0.75
                    ]
                ]
            ],
            "returns": [
                [
                    [
                        0.5055230259895325
                    ],
                    [
                        0.5045902132987976
                    ],
                    [
                        0.5036553740501404
                    ],
                    [
                        0.5027201771736145
                    ],
                    [
                        0.5017906427383423
                    ],
                    [
                        0.5008551478385925
                    ],
                    [
                        0.4999221861362457
                    ],
                    [
                        0.49898457527160645
                    ],
                    [
                        0.49805590510368347
                    ],
                    [
                        0.4971241354942322
                    ],
                    [
                        0.49618321657180786
                    ],
                    [
                        0.4952487051486969
                    ],
                    [
                        0.49431970715522766
                    ],
                    [
                        0.49338284134864807
                    ],
                    [
                        0.49245142936706543
                    ],
                    [
                        0.4915192425251007
                    ],
                    [
                        0.49058666825294495
                    ],
                    [
                        0.4896489977836609
                    ],
                    [
                        0.4887164533138275
                    ],
                    [
                        0.48778414726257324
                    ]
                ]
            ],
            "timesteps": [
                [
                    80,
                    81,
                    82,
                    83,
                    84,
                    85,
                    86,
                    87,
                    88,
                    89,
                    90,
                    91,
                    92,
                    93,
                    94,
                    95,
                    96,
                    97,
                    98,
                    99
                ]
            ],
            "labels": [
                [
                    2,
                    2,
                    2,
                    2,
                    2,
                    2,
                    2,
                    2,
                    2,
                    2,
                    2,
                    2,
                    2,
                    2,
                    2,
                    2,
                    2,
                    2,
                    2,
                    2
                ]
            ],
            "CPU Usage": 45.1,
            "RAM Usage": 55.2,
            "GPU Usage": 0.0,
            "VRAM Usage": 356.0,
            "Disk Read Speed (MB/s)": 206043.6220703125,
            "Disk Write Speed (MB/s)": 357812.3955078125
        },
        {
            "step": 1,
            "train_loss": 0.04681011289358139,
            "actions_pred1": [
                [
                    [
                        0.40283292531967163,
                        0.04231583699584007,
                        0.5609331130981445,
                        -0.08015571534633636
                    ],
                    [
                        0.3038857579231262,
                        -0.12592516839504242,
                        0.37917667627334595,
                        -0.0691252052783966
                    ],
                    [
                        0.2238948792219162,
                        -0.08140161633491516,
                        0.4869708716869354,
                        -0.13642564415931702
                    ],
                    [
                        0.019283726811408997,
                        -0.017177365720272064,
                        0.43664827942848206,
                        -0.16012108325958252
                    ],
                    [
                        -0.017996490001678467,
                        0.050634197890758514,
                        0.4792203903198242,
                        -0.224336177110672
                    ],
                    [
                        0.012209020555019379,
                        0.09153225272893906,
                        0.5252593159675598,
                        -0.13975802063941956
                    ],
                    [
                        -0.019504860043525696,
                        0.13638553023338318,
                        0.43129763007164,
                        -0.1197856068611145
                    ],
                    [
                        -0.030605070292949677,
                        0.0492841899394989,
                        0.49043816328048706,
                        -0.179365336894989
                    ],
                    [
                        -0.04908667504787445,
                        0.03446848690509796,
                        0.5163816213607788,
                        -0.21835631132125854
                    ],
                    [
                        -0.029076717793941498,
                        0.054181501269340515,
                        0.6578339338302612,
                        -0.14482447504997253
                    ],
                    [
                        0.1456805020570755,
                        0.05678097903728485,
                        0.5901206135749817,
                        -0.258215069770813
                    ],
                    [
                        0.263515830039978,
                        0.006062701344490051,
                        0.5809551477432251,
                        -0.3228929936885834
                    ],
                    [
                        0.13104376196861267,
                        0.1027364730834961,
                        0.6961541175842285,
                        -0.33333641290664673
                    ],
                    [
                        0.09145139902830124,
                        0.08733494579792023,
                        0.7073472142219543,
                        -0.20600003004074097
                    ],
                    [
                        0.015545248985290527,
                        0.1499689519405365,
                        0.6757739782333374,
                        -0.17550912499427795
                    ],
                    [
                        0.05524458736181259,
                        0.2133934050798416,
                        0.6987950801849365,
                        -0.15384873747825623
                    ],
                    [
                        0.048841871321201324,
                        0.1189459040760994,
                        0.7335001826286316,
                        -0.20479831099510193
                    ],
                    [
                        0.03277283161878586,
                        0.09446225315332413,
                        0.6672049164772034,
                        -0.16017138957977295
                    ],
                    [
                        0.13393259048461914,
                        0.13710050284862518,
                        0.5772174596786499,
                        -0.08010357618331909
                    ],
                    [
                        0.1827400177717209,
                        0.19646114110946655,
                        0.5002954006195068,
                        -0.16107416152954102
                    ]
                ]
            ],
            "actions_pred": [
                [
                    [
                        0.40283292531967163,
                        0.3038857579231262,
                        0.2238948792219162,
                        0.019283726811408997,
                        -0.017996490001678467,
                        0.012209020555019379,
                        -0.019504860043525696,
                        -0.030605070292949677,
                        -0.04908667504787445,
                        -0.029076717793941498,
                        0.1456805020570755,
                        0.263515830039978,
                        0.13104376196861267,
                        0.09145139902830124,
                        0.015545248985290527,
                        0.05524458736181259,
                        0.048841871321201324,
                        0.03277283161878586,
                        0.13393259048461914,
                        0.1827400177717209
                    ],
                    [
                        0.04231583699584007,
                        -0.12592516839504242,
                        -0.08140161633491516,
                        -0.017177365720272064,
                        0.050634197890758514,
                        0.09153225272893906,
                        0.13638553023338318,
                        0.0492841899394989,
                        0.03446848690509796,
                        0.054181501269340515,
                        0.05678097903728485,
                        0.006062701344490051,
                        0.1027364730834961,
                        0.08733494579792023,
                        0.1499689519405365,
                        0.2133934050798416,
                        0.1189459040760994,
                        0.09446225315332413,
                        0.13710050284862518,
                        0.19646114110946655
                    ],
                    [
                        0.5609331130981445,
                        0.37917667627334595,
                        0.4869708716869354,
                        0.43664827942848206,
                        0.4792203903198242,
                        0.5252593159675598,
                        0.43129763007164,
                        0.49043816328048706,
                        0.5163816213607788,
                        0.6578339338302612,
                        0.5901206135749817,
                        0.5809551477432251,
                        0.6961541175842285,
                        0.7073472142219543,
                        0.6757739782333374,
                        0.6987950801849365,
                        0.7335001826286316,
                        0.6672049164772034,
                        0.5772174596786499,
                        0.5002954006195068
                    ],
                    [
                        -0.08015571534633636,
                        -0.0691252052783966,
                        -0.13642564415931702,
                        -0.16012108325958252,
                        -0.224336177110672,
                        -0.13975802063941956,
                        -0.1197856068611145,
                        -0.179365336894989,
                        -0.21835631132125854,
                        -0.14482447504997253,
                        -0.258215069770813,
                        -0.3228929936885834,
                        -0.33333641290664673,
                        -0.20600003004074097,
                        -0.17550912499427795,
                        -0.15384873747825623,
                        -0.20479831099510193,
                        -0.16017138957977295,
                        -0.08010357618331909,
                        -0.16107416152954102
                    ]
                ]
            ],
            "states": [
                [
                    [
                        5603760.0,
                        1.8195280063082464e-05,
                        0.00019109471759293228,
                        502731.65625
                    ],
                    [
                        5502400.0,
                        1.778137630026322e-05,
                        0.00025023153284564614,
                        515799.5
                    ],
                    [
                        3495337.0,
                        2.0890449377475306e-05,
                        0.000305382302030921,
                        476338.21875
                    ],
                    [
                        1255416.0,
                        5.187569695408456e-05,
                        0.00029567780438810587,
                        761957.25
                    ],
                    [
                        2240056.0,
                        5.151751611265354e-05,
                        0.00033060877467505634,
                        603144.3125
                    ],
                    [
                        3857472.0,
                        4.8557489208178595e-05,
                        0.0031183171086013317,
                        533986.8125
                    ],
                    [
                        4274496.0,
                        4.78329966426827e-05,
                        0.0025027666706591845,
                        540291.25
                    ],
                    [
                        4416400.0,
                        4.7082099627004936e-05,
                        0.0014389286516234279,
                        565093.875
                    ],
                    [
                        8094320.0,
                        4.604376954375766e-05,
                        0.0007658242247998714,
                        548988.375
                    ],
                    [
                        6445048.0,
                        4.488962440518662e-05,
                        0.00038344759377650917,
                        548654.4375
                    ],
                    [
                        5370632.0,
                        4.3993775761919096e-05,
                        0.00022289676417130977,
                        576383.875
                    ],
                    [
                        4669800.0,
                        4.3260322854621336e-05,
                        0.00016156068886630237,
                        587927.8125
                    ],
                    [
                        5024560.0,
                        4.257538603269495e-05,
                        0.0001406134688295424,
                        551057.8125
                    ],
                    [
                        5088272.0,
                        4.1883507947204635e-05,
                        0.00015407148748636246,
                        546541.25
                    ],
                    [
                        5479232.0,
                        4.118427023058757e-05,
                        0.00013193934864830226,
                        600107.125
                    ],
                    [
                        4853696.0,
                        4.0522416384192184e-05,
                        0.000135277965455316,
                        557284.125
                    ],
                    [
                        4022544.0,
                        3.997057501692325e-05,
                        0.0001415384467691183,
                        635772.1875
                    ],
                    [
                        3612760.0,
                        3.950786776840687e-05,
                        0.0001762084721121937,
                        576885.25
                    ],
                    [
                        3773488.0,
                        3.907046266249381e-05,
                        0.000310274597723037,
                        547162.9375
                    ],
                    [
                        4445360.0,
                        3.8595113437622786e-05,
                        0.00025462565827183425,
                        623805.0
                    ]
                ]
            ],
            "actions": [
                [
                    [
                        0.5
                    ],
                    [
                        0.5
                    ],
                    [
                        0.5
                    ],
                    [
                        0.5
                    ],
                    [
                        0.5
                    ],
                    [
                        0.5
                    ],
                    [
                        0.5
                    ],
                    [
                        0.5
                    ],
                    [
                        0.5
                    ],
                    [
                        0.5
                    ],
                    [
                        0.5
                    ],
                    [
                        0.5
                    ],
                    [
                        0.5
                    ],
                    [
                        0.5
                    ],
                    [
                        0.5
                    ],
                    [
                        0.5
                    ],
                    [
                        0.5
                    ],
                    [
                        0.5
                    ],
                    [
                        0.5
                    ],
                    [
                        0.5
                    ]
                ]
            ],
            "returns": [
                [
                    [
                        0.1523428112268448
                    ],
                    [
                        0.15140515565872192
                    ],
                    [
                        0.150469109416008
                    ],
                    [
                        0.14957329630851746
                    ],
                    [
                        0.14876827597618103
                    ],
                    [
                        0.1479119062423706
                    ],
                    [
                        0.14700736105442047
                    ],
                    [
                        0.1460937112569809
                    ],
                    [
                        0.14517715573310852
                    ],
                    [
                        0.14420689642429352
                    ],
                    [
                        0.14325684309005737
                    ],
                    [
                        0.14232294261455536
                    ],
                    [
                        0.14140145480632782
                    ],
                    [
                        0.14047347009181976
                    ],
                    [
                        0.13954436779022217
                    ],
                    [
                        0.13860870897769928
                    ],
                    [
                        0.13768377900123596
                    ],
                    [
                        0.13677552342414856
                    ],
                    [
                        0.13587677478790283
                    ],
                    [
                        0.1349741816520691
                    ]
                ]
            ],
            "timesteps": [
                [
                    460,
                    461,
                    462,
                    463,
                    464,
                    465,
                    466,
                    467,
                    468,
                    469,
                    470,
                    471,
                    472,
                    473,
                    474,
                    475,
                    476,
                    477,
                    478,
                    479
                ]
            ],
            "labels": [
                [
                    1,
                    1,
                    1,
                    1,
                    1,
                    1,
                    1,
                    1,
                    1,
                    1,
                    1,
                    1,
                    1,
                    1,
                    1,
                    1,
                    1,
                    1,
                    1,
                    1
                ]
            ],
            "CPU Usage": 46.8,
            "RAM Usage": 55.5,
            "GPU Usage": 0.0,
            "VRAM Usage": 356.0,
            "Disk Read Speed (MB/s)": 206043.6220703125,
            "Disk Write Speed (MB/s)": 357813.4345703125
        },
        {
            "step": 2,
            "train_loss": 0.029338885098695755,
            "actions_pred1": [
                [
                    [
                        0.40891769528388977,
                        -0.11389900743961334,
                        0.7199804782867432,
                        -0.10165508836507797
                    ],
                    [
                        0.37054792046546936,
                        0.035767823457717896,
                        0.6725635528564453,
                        -0.0981011614203453
                    ],
                    [
                        0.3742278218269348,
                        0.14742407202720642,
                        0.6256253719329834,
                        -0.049214355647563934
                    ],
                    [
                        0.5458576679229736,
                        0.20008884370326996,
                        0.8351969718933105,
                        -0.07865039259195328
                    ],
                    [
                        0.4700697958469391,
                        0.22828401625156403,
                        0.8768104314804077,
                        -0.1597786247730255
                    ],
                    [
                        0.16054311394691467,
                        0.017610520124435425,
                        0.8582389950752258,
                        -0.11575928330421448
                    ],
                    [
                        0.09784667938947678,
                        -0.01673797518014908,
                        0.7754274010658264,
                        -0.18263089656829834
                    ],
                    [
                        0.24510785937309265,
                        0.04490017145872116,
                        0.7270619869232178,
                        -0.10836517810821533
                    ],
                    [
                        0.24790531396865845,
                        0.06983789056539536,
                        0.6552603244781494,
                        -0.21259520947933197
                    ],
                    [
                        0.223949134349823,
                        0.1048557460308075,
                        0.6751501560211182,
                        -0.3663347661495209
                    ],
                    [
                        0.31923988461494446,
                        0.005110517144203186,
                        0.5638223886489868,
                        -0.3192625045776367
                    ],
                    [
                        0.2751542329788208,
                        0.09700804203748703,
                        0.7285987138748169,
                        -0.38035017251968384
                    ],
                    [
                        0.3036230206489563,
                        0.07898004353046417,
                        0.8024891018867493,
                        -0.3151022791862488
                    ],
                    [
                        0.3534626066684723,
                        -0.025543026626110077,
                        0.8166375756263733,
                        -0.43225032091140747
                    ],
                    [
                        0.4023929238319397,
                        -0.037784650921821594,
                        0.741961658000946,
                        -0.3562837243080139
                    ],
                    [
                        0.28394615650177,
                        -0.008390828967094421,
                        0.6376686096191406,
                        -0.37193915247917175
                    ],
                    [
                        0.3570895791053772,
                        0.03628996014595032,
                        0.6969035267829895,
                        -0.24388176202774048
                    ],
                    [
                        0.3508495092391968,
                        0.08551131933927536,
                        0.7362802624702454,
                        -0.29858723282814026
                    ],
                    [
                        0.33249643445014954,
                        0.09586126357316971,
                        0.750830352306366,
                        -0.38937076926231384
                    ],
                    [
                        0.30847394466400146,
                        0.13787095248699188,
                        0.7185651063919067,
                        -0.4077623188495636
                    ]
                ]
            ],
            "actions_pred": [
                [
                    [
                        0.40891769528388977,
                        0.37054792046546936,
                        0.3742278218269348,
                        0.5458576679229736,
                        0.4700697958469391,
                        0.16054311394691467,
                        0.09784667938947678,
