{
    "steps": [
        {
            "step": 0,
            "train_loss": 0.04756101965904236,
            "actions_pred1": [
                [
                    [
                        0.29931390285491943,
                        0.4136601984500885,
                        0.7282529473304749,
                        -0.6941540241241455
                    ],
                    [
                        0.28430184721946716,
                        0.5839199423789978,
                        0.6660776734352112,
                        -0.4767732620239258
                    ],
                    [
                        0.18961802124977112,
                        0.5078296661376953,
                        0.3914838135242462,
                        -0.3376491963863373
                    ],
                    [
                        0.16205845773220062,
                        0.4926336109638214,
                        0.38230621814727783,
                        -0.4198039770126343
                    ],
                    [
                        0.2739706039428711,
                        0.44054675102233887,
                        0.5699303150177002,
                        -0.5943875312805176
                    ],
                    [
                        0.20478695631027222,
                        0.48967885971069336,
                        0.7302066087722778,
                        -0.5725848078727722
                    ],
                    [
                        0.1362125277519226,
                        0.44198718667030334,
                        0.8302751779556274,
                        -0.6593523621559143
                    ],
                    [
                        -0.05967976152896881,
                        0.46902698278427124,
                        0.8119768500328064,
                        -0.6936063766479492
                    ],
                    [
                        0.08679687976837158,
                        0.5085647702217102,
                        0.8864519596099854,
                        -0.6729421615600586
                    ],
                    [
                        0.04299687594175339,
                        0.4917803108692169,
                        0.9890627861022949,
                        -0.6711476445198059
                    ],
                    [
                        0.012190863490104675,
                        0.4747747778892517,
                        0.9067282676696777,
                        -0.6977088451385498
                    ],
                    [
                        0.3101392686367035,
                        0.27867385745048523,
                        0.9047866463661194,
                        -0.716111421585083
                    ],
                    [
                        0.1700412780046463,
                        0.2978912889957428,
                        0.8981038331985474,
                        -0.6227771043777466
                    ],
                    [
                        0.18043459951877594,
                        0.26741451025009155,
                        0.8222372531890869,
                        -0.7440441846847534
                    ],
                    [
                        0.2582874894142151,
                        0.39036858081817627,
                        0.8017772436141968,
                        -0.679572582244873
                    ],
                    [
                        0.2241223007440567,
                        0.41390544176101685,
                        0.8555972576141357,
                        -0.7747243642807007
                    ],
                    [
                        0.18743330240249634,
                        0.5162302255630493,
                        0.8808303475379944,
                        -0.7623029947280884
                    ],
                    [
                        0.2080378532409668,
                        0.49507591128349304,
                        0.8098112940788269,
                        -0.6448847651481628
                    ],
                    [
                        0.20477858185768127,
                        0.4423254728317261,
                        0.8671941757202148,
                        -0.7176891565322876
                    ],
                    [
                        0.21388277411460876,
                        0.2993694543838501,
                        0.8280882239341736,
                        -0.6573443412780762
                    ]
                ]
            ],
            "actions_pred": [
                [
                    [
                        0.29931390285491943,
                        0.28430184721946716,
                        0.18961802124977112,
                        0.16205845773220062,
                        0.2739706039428711,
                        0.20478695631027222,
                        0.1362125277519226,
                        -0.05967976152896881,
                        0.08679687976837158,
                        0.04299687594175339,
                        0.012190863490104675,
                        0.3101392686367035,
                        0.1700412780046463,
                        0.18043459951877594,
                        0.2582874894142151,
                        0.2241223007440567,
                        0.18743330240249634,
                        0.2080378532409668,
                        0.20477858185768127,
                        0.21388277411460876
                    ],
                    [
                        0.4136601984500885,
                        0.5839199423789978,
                        0.5078296661376953,
                        0.4926336109638214,
                        0.44054675102233887,
                        0.48967885971069336,
                        0.44198718667030334,
                        0.46902698278427124,
                        0.5085647702217102,
                        0.4917803108692169,
                        0.4747747778892517,
                        0.27867385745048523,
                        0.2978912889957428,
                        0.26741451025009155,
                        0.39036858081817627,
                        0.41390544176101685,
                        0.5162302255630493,
                        0.49507591128349304,
                        0.4423254728317261,
                        0.2993694543838501
                    ],
                    [
                        0.7282529473304749,
                        0.6660776734352112,
                        0.3914838135242462,
                        0.38230621814727783,
                        0.5699303150177002,
                        0.7302066087722778,
                        0.8302751779556274,
                        0.8119768500328064,
                        0.8864519596099854,
                        0.9890627861022949,
                        0.9067282676696777,
                        0.9047866463661194,
                        0.8981038331985474,
                        0.8222372531890869,
                        0.8017772436141968,
                        0.8555972576141357,
                        0.8808303475379944,
                        0.8098112940788269,
                        0.8671941757202148,
                        0.8280882239341736
                    ],
                    [
                        -0.6941540241241455,
                        -0.4767732620239258,
                        -0.3376491963863373,
                        -0.4198039770126343,
                        -0.5943875312805176,
                        -0.5725848078727722,
                        -0.6593523621559143,
                        -0.6936063766479492,
                        -0.6729421615600586,
                        -0.6711476445198059,
                        -0.6977088451385498,
                        -0.716111421585083,
                        -0.6227771043777466,
                        -0.7440441846847534,
                        -0.679572582244873,
                        -0.7747243642807007,
                        -0.7623029947280884,
                        -0.6448847651481628,
                        -0.7176891565322876,
                        -0.6573443412780762
                    ]
                ]
            ],
            "states": [
                [
                    [
                        6621704.0,
                        1.1313585673633497e-05,
                        0.0001999229716602713,
                        484312.6875
                    ],
                    [
                        5593624.0,
                        1.1206535418750718e-05,
                        0.0002002958208322525,
                        482520.40625
                    ],
                    [
                        5813720.0,
                        1.1108420039818157e-05,
                        0.0002003357367357239,
                        504661.125
                    ],
                    [
                        6207576.0,
                        1.1006884960806929e-05,
                        0.00022690219338983297,
                        474948.0
                    ],
                    [
                        8008888.0,
                        1.0889214536291547e-05,
                        0.00020534798386506736,
                        464277.84375
                    ],
                    [
                        6072912.0,
                        1.0774994734674692e-05,
                        0.00021573639241978526,
                        487907.71875
                    ],
                    [
                        5771728.0,
                        1.0680801096896175e-05,
                        0.00024723794194869697,
                        495985.625
                    ],
                    [
                        6184408.0,
                        1.058739326253999e-05,
                        0.00024693002342246473,
                        490380.28125
                    ],
                    [
                        5453168.0,
                        1.0498003575776238e-05,
                        0.00023204070748761296,
                        479010.4375
                    ],
                    [
                        5473440.0,
                        1.0415451470180415e-05,
                        0.00018021401774603873,
                        503120.46875
                    ],
                    [
                        5495160.0,
                        1.0333877071388997e-05,
                        0.0002400711819063872,
                        501130.78125
                    ],
                    [
                        5522672.0,
                        1.0253213076794054e-05,
                        0.000246424344368279,
                        482833.53125
                    ],
                    [
                        5845344.0,
                        1.0171300345973577e-05,
                        0.0002318411279702559,
                        521404.9375
                    ],
                    [
                        5531592.0,
                        1.0090602700074669e-05,
                        0.00026174713275395334,
                        512859.59375
                    ],
                    [
                        5728288.0,
                        1.0011996891989838e-05,
                        0.0002589555806480348,
                        492848.15625
                    ],
                    [
                        8446184.0,
                        9.914833754010033e-06,
                        0.0002588448696769774,
                        439526.84375
                    ],
                    [
                        5611000.0,
                        9.82020083029056e-06,
                        0.0002629015070851892,
                        482211.375
                    ],
                    [
                        5854264.0,
                        9.744398084876593e-06,
                        0.00024613598361611366,
                        493941.5
                    ],
                    [
                        5595072.0,
                        9.669850442151073e-06,
                        0.00026028408319689333,
                        487503.5625
                    ],
                    [
                        5576248.0,
                        9.598206816008314e-06,
                        0.000249440228799358,
                        493113.71875
                    ]
                ]
            ],
            "actions": [
                [
                    [
                        0.25
                    ],
                    [
                        0.25
                    ],
                    [
                        0.25
                    ],
                    [
                        0.25
                    ],
                    [
                        0.25
                    ],
                    [
                        0.25
                    ],
                    [
                        0.25
                    ],
                    [
                        0.25
                    ],
                    [
                        0.25
                    ],
                    [
                        0.25
                    ],
                    [
                        0.25
                    ],
                    [
                        0.25
                    ],
                    [
                        0.25
                    ],
                    [
                        0.25
                    ],
                    [
                        0.25
                    ],
                    [
                        0.25
                    ],
                    [
                        0.25
                    ],
                    [
                        0.25
                    ],
                    [
                        0.25
                    ],
                    [
                        0.25
                    ]
                ]
            ],
            "returns": [
                [
                    [
                        0.22746260464191437
                    ],
                    [
                        0.22651013731956482
                    ],
                    [
                        0.2255726456642151
                    ],
                    [
                        0.22463172674179077
                    ],
                    [
                        0.22368499636650085
                    ],
                    [
                        0.22271567583084106
                    ],
                    [
                        0.22177089750766754
                    ],
                    [
                        0.22083061933517456
                    ],
                    [
                        0.2198842167854309
                    ],
                    [
                        0.21894897520542145
                    ],
                    [
                        0.21801340579986572
                    ],
                    [
                        0.21707747876644135
                    ],
                    [
                        0.21614111959934235
                    ],
                    [
                        0.21519970893859863
                    ],
                    [
                        0.2142632007598877
                    ],
                    [
                        0.21332359313964844
                    ],
                    [
                        0.2123495638370514
                    ],
                    [
                        0.21141178905963898
                    ],
                    [
                        0.2104702591896057
                    ],
                    [
                        0.2095327377319336
                    ]
                ]
            ],
            "timesteps": [
                [
                    380,
                    381,
                    382,
                    383,
                    384,
                    385,
                    386,
                    387,
                    388,
                    389,
                    390,
                    391,
                    392,
                    393,
                    394,
                    395,
                    396,
                    397,
                    398,
                    399
                ]
            ],
            "labels": [
                [
                    0,
                    0,
                    0,
                    0,
                    0,
                    0,
                    0,
                    0,
                    0,
                    0,
                    0,
                    0,
                    0,
                    0,
                    0,
                    0,
                    0,
                    0,
                    0,
                    0
                ]
            ],
            "CPU Usage": 45.4,
            "RAM Usage": 55.2,
            "GPU Usage": 0.0,
            "VRAM Usage": 355.0,
            "Disk Read Speed (MB/s)": 206066.6064453125,
            "Disk Write Speed (MB/s)": 370749.1181640625
        },
        {
            "step": 1,
            "train_loss": 0.03850860893726349,
            "actions_pred1": [
                [
                    [
                        0.42245835065841675,
                        0.405315637588501,
                        0.6017955541610718,
                        -0.6199010610580444
                    ],
                    [
                        0.3727249205112457,
                        0.5270594358444214,
                        0.6720257997512817,
                        -0.4214131534099579
                    ],
                    [
                        0.44894230365753174,
                        0.5125404596328735,
                        0.7538676261901855,
                        -0.5655268430709839
                    ],
                    [
                        0.45355209708213806,
                        0.43706458806991577,
                        0.796819269657135,
                        -0.6513041257858276
                    ],
                    [
                        0.41236019134521484,
                        0.506517767906189,
                        0.8841100931167603,
                        -0.6876432299613953
                    ],
                    [
                        0.287585973739624,
                        0.5313901901245117,
                        0.6829381585121155,
                        -0.8686778545379639
                    ],
                    [
                        0.3970335125923157,
                        0.4792030155658722,
                        0.7052567005157471,
                        -0.8365487456321716
                    ],
                    [
                        0.3943752646446228,
                        0.45922279357910156,
                        0.6763792634010315,
                        -0.7616328001022339
                    ],
                    [
                        0.4411569833755493,
                        0.4568556249141693,
                        0.5954088568687439,
                        -0.782351016998291
                    ],
                    [
                        0.3383117914199829,
                        0.40009140968322754,
                        0.6581734418869019,
                        -0.7200891971588135
                    ],
                    [
                        0.41406768560409546,
                        0.512222409248352,
                        0.6716814637184143,
                        -0.7676495313644409
                    ],
                    [
                        0.4367351830005646,
                        0.5099455714225769,
                        0.6512545347213745,
                        -0.8288483619689941
                    ],
                    [
                        0.38171711564064026,
                        0.4920559525489807,
                        0.6357161402702332,
                        -0.8262858390808105
                    ],
                    [
                        0.3632117509841919,
                        0.5747561454772949,
                        0.6918492317199707,
                        -0.8470069766044617
                    ],
                    [
                        0.4651804566383362,
                        0.4650067985057831,
                        0.8091991543769836,
                        -0.7780302166938782
                    ],
                    [
                        0.38195985555648804,
                        0.521826446056366,
                        0.747466504573822,
                        -0.796660840511322
                    ],
                    [
                        0.30288761854171753,
                        0.6013824939727783,
                        0.7645537257194519,
                        -0.818095326423645
                    ],
                    [
                        0.3758833110332489,
                        0.561005711555481,
                        0.8555558919906616,
                        -0.7905373573303223
                    ],
                    [
                        0.4300990700721741,
                        0.5678507089614868,
                        0.8436101078987122,
                        -0.8103737831115723
                    ],
                    [
                        0.31256088614463806,
                        0.5748014450073242,
                        0.7998445630073547,
                        -0.9110872149467468
                    ]
                ]
            ],
            "actions_pred": [
                [
                    [
                        0.42245835065841675,
                        0.3727249205112457,
                        0.44894230365753174,
                        0.45355209708213806,
                        0.41236019134521484,
                        0.287585973739624,
                        0.3970335125923157,
                        0.3943752646446228,
                        0.4411569833755493,
                        0.3383117914199829,
                        0.41406768560409546,
                        0.4367351830005646,
                        0.38171711564064026,
                        0.3632117509841919,
                        0.4651804566383362,
                        0.38195985555648804,
                        0.30288761854171753,
                        0.3758833110332489,
                        0.4300990700721741,
                        0.31256088614463806
                    ],
                    [
                        0.405315637588501,
                        0.5270594358444214,
                        0.5125404596328735,
                        0.43706458806991577,
                        0.506517767906189,
                        0.5313901901245117,
                        0.4792030155658722,
                        0.45922279357910156,
                        0.4568556249141693,
                        0.40009140968322754,
                        0.512222409248352,
                        0.5099455714225769,
                        0.4920559525489807,
                        0.5747561454772949,
                        0.4650067985057831,
                        0.521826446056366,
                        0.6013824939727783,
                        0.561005711555481,
                        0.5678507089614868,
                        0.5748014450073242
                    ],
                    [
                        0.6017955541610718,
                        0.6720257997512817,
                        0.7538676261901855,
                        0.796819269657135,
                        0.8841100931167603,
                        0.6829381585121155,
                        0.7052567005157471,
                        0.6763792634010315,
                        0.5954088568687439,
                        0.6581734418869019,
                        0.6716814637184143,
                        0.6512545347213745,
                        0.6357161402702332,
                        0.6918492317199707,
                        0.8091991543769836,
                        0.747466504573822,
                        0.7645537257194519,
                        0.8555558919906616,
                        0.8436101078987122,
                        0.7998445630073547
                    ],
                    [
                        -0.6199010610580444,
                        -0.4214131534099579,
                        -0.5655268430709839,
                        -0.6513041257858276,
                        -0.6876432299613953,
                        -0.8686778545379639,
                        -0.8365487456321716,
                        -0.7616328001022339,
                        -0.782351016998291,
                        -0.7200891971588135,
                        -0.7676495313644409,
                        -0.8288483619689941,
                        -0.8262858390808105,
                        -0.8470069766044617,
                        -0.7780302166938782,
                        -0.796660840511322,
                        -0.818095326423645,
                        -0.7905373573303223,
                        -0.8103737831115723,
                        -0.9110872149467468
                    ]
                ]
            ],
            "states": [
                [
                    [
                        3453480.0,
                        1.1675143468892202e-05,
                        0.00029440681100822985,
                        672821.0625
                    ],
                    [
                        4107976.0,
                        1.1557735888345633e-05,
                        0.00028164629475213587,
                        683579.125
                    ],
                    [
                        4089152.0,
                        1.1433058716647793e-05,
                        0.00027785348356701434,
                        696568.625
                    ],
                    [
                        3556288.0,
                        1.131914814322954e-05,
                        0.00038381022750400007,
                        634586.1875
                    ],
                    [
                        2583232.0,
                        1.1229288247704972e-05,
                        0.0002961547579616308,
                        661987.4375
                    ],
                    [
                        1912808.0,
                        1.1164392162754666e-05,
                        0.00029962105327285826,
                        693806.25
                    ],
                    [
                        2088016.0,
                        1.1107291356893256e-05,
                        0.00029777659801766276,
                        580816.75
                    ],
                    [
                        2896000.0,
                        1.103698832594091e-05,
                        0.0002728095860220492,
                        525629.9375
                    ],
                    [
                        2564408.0,
                        1.0960944564430974e-05,
                        0.0002930021146312356,
                        619511.5625
                    ],
                    [
                        3921184.0,
                        1.087203600036446e-05,
                        0.0005929499748162925,
                        538834.625
                    ],
                    [
                        2794640.0,
                        1.0781384844449349e-05,
                        0.00017766767996363342,
                        677916.4375
                    ],
                    [
                        4726272.0,
                        1.0681769708753563e-05,
                        0.00018339134112466127,
                        599563.375
                    ],
                    [
                        4927544.0,
                        1.0556481356616132e-05,
                        0.00019205290300305933,
                        583179.3125
                    ],
                    [
                        5944040.0,
                        1.0418904821563046e-05,
                        0.0002024973655352369,
                        603427.0
                    ],
                    [
                        5063656.0,
                        1.0283110896125436e-05,
                        0.0002613598189782351,
                        607061.125
                    ],
                    [
                        5221488.0,
                        1.015944144455716e-05,
                        0.00023075626813806593,
                        620602.0625
                    ],
                    [
                        3421624.0,
                        1.0057716281153262e-05,
                        0.00032322804327122867,
                        608652.25
                    ],
                    [
                        3476648.0,
                        9.978034540836234e-06,
                        0.0002578554267529398,
                        617310.8125
                    ],
                    [
                        3407144.0,
                        9.899765245791059e-06,
                        0.00022438736050389707,
                        706043.875
                    ],
                    [
                        3938560.0,
                        9.817606041906402e-06,
                        0.00038321700412780046,
                        631372.625
                    ]
                ]
            ],
            "actions": [
                [
                    [
                        0.5
                    ],
                    [
                        0.5
                    ],
                    [
                        0.5
                    ],
                    [
                        0.5
                    ],
                    [
                        0.5
                    ],
                    [
                        0.5
                    ],
                    [
                        0.5
                    ],
                    [
                        0.5
                    ],
                    [
                        0.5
                    ],
                    [
                        0.5
                    ],
                    [
                        0.5
                    ],
                    [
                        0.5
                    ],
                    [
                        0.5
                    ],
                    [
                        0.5
                    ],
                    [
                        0.5
                    ],
                    [
                        0.5
                    ],
                    [
                        0.5
                    ],
                    [
                        0.5
                    ],
                    [
                        0.5
                    ],
                    [
                        0.5
                    ]
                ]
            ],
            "returns": [
                [
                    [
                        0.41369158029556274
                    ],
                    [
                        0.41279682517051697
                    ],
                    [
                        0.41188669204711914
                    ],
                    [
                        0.41097697615623474
                    ],
                    [
                        0.41007962822914124
                    ],
                    [
                        0.4092106521129608
                    ],
                    [
                        0.4083682894706726
                    ],
                    [
                        0.4075181484222412
                    ],
                    [
                        0.4066390097141266
                    ],
                    [
                        0.4057706594467163
                    ],
                    [
                        0.40486466884613037
                    ],
                    [
                        0.40398868918418884
                    ],
                    [
                        0.40306612849235535
                    ],
                    [
                        0.4021398723125458
                    ],
                    [
                        0.40119698643684387
                    ],
                    [
                        0.4002683162689209
                    ],
                    [
                        0.39933690428733826
                    ],
                    [
                        0.39844298362731934
                    ],
                    [
                        0.3975476622581482
                    ],
                    [
                        0.3966540992259979
                    ]
                ]
            ],
            "timesteps": [
                [
                    180,
                    181,
                    182,
                    183,
                    184,
                    185,
                    186,
                    187,
                    188,
                    189,
                    190,
                    191,
                    192,
                    193,
                    194,
                    195,
                    196,
                    197,
                    198,
                    199
                ]
            ],
            "labels": [
                [
                    1,
                    1,
                    1,
                    1,
                    1,
                    1,
                    1,
                    1,
                    1,
                    1,
                    1,
                    1,
                    1,
                    1,
                    1,
                    1,
                    1,
                    1,
                    1,
                    1
                ]
            ],
            "CPU Usage": 46.7,
            "RAM Usage": 55.3,
            "GPU Usage": 0.0,
            "VRAM Usage": 355.0,
            "Disk Read Speed (MB/s)": 206066.6064453125,
            "Disk Write Speed (MB/s)": 370751.1962890625
        },
        {
            "step": 2,
            "train_loss": 0.03610647842288017,
            "actions_pred1": [
                [
                    [
                        -0.06173058599233627,
                        -0.32296445965766907,
                        -0.048761993646621704,
                        -1.520404577255249
                    ],
                    [
                        -0.19492866098880768,
                        0.17238746583461761,
                        -0.047298580408096313,
                        -0.8532806634902954
                    ],
                    [
                        -0.11440614610910416,
                        0.20151382684707642,
                        0.05673763155937195,
                        -0.8261744976043701
                    ],
                    [
                        -0.07670409977436066,
                        0.3068622946739197,
                        0.20036855340003967,
                        -0.8940863609313965
                    ],
                    [
                        -0.07028248906135559,
                        0.17253553867340088,
                        0.2238709032535553,
                        -0.959591269493103
                    ],
                    [
                        -0.08916724473237991,
                        0.2533068060874939,
                        0.3949420154094696,
                        -1.0442157983779907
                    ],
                    [
                        -0.07200879603624344,
                        0.14642249047756195,
                        0.38177958130836487,
                        -0.9279866218566895
                    ],
                    [
                        -0.04171927273273468,
                        0.13257689774036407,
                        0.3054535388946533,
                        -0.7872657775878906
                    ],
                    [
                        -0.14338095486164093,
                        0.06816506385803223,
                        0.31044748425483704,
                        -0.897783637046814
                    ],
                    [
                        -0.22040718793869019,
                        0.08707528561353683,
                        0.26295220851898193,
                        -0.9171884059906006
                    ],
                    [
                        -0.1269358992576599,
                        0.3092142343521118,
                        0.4271746277809143,
                        -0.8667842149734497
                    ],
                    [
                        -0.21149501204490662,
                        0.26738667488098145,
                        0.4168442189693451,
                        -0.6909397840499878
                    ],
                    [
                        -0.21608366072177887,
                        0.25551676750183105,
                        0.4629291594028473,
                        -0.7443214654922485
                    ],
                    [
                        -0.202397882938385,
                        0.3007439970970154,
                        0.523792564868927,
                        -0.7501723766326904
                    ],
                    [
                        -0.20985397696495056,
                        0.2677513360977173,
                        0.4761602282524109,
                        -0.8608019948005676
                    ],
                    [
                        -0.2429567128419876,
                        0.25660446286201477,
                        0.3973260521888733,
                        -0.784996747970581
                    ],
                    [
                        -0.19144751131534576,
                        0.22790877521038055,
                        0.44267940521240234,
                        -0.898664116859436
                    ],
                    [
                        -0.22582383453845978,
                        0.2162984013557434,
                        0.4027227759361267,
                        -0.9120630025863647
                    ],
                    [
                        -0.1443231701850891,
                        0.46970134973526,
                        0.3513420820236206,
                        -0.744308352470398
                    ],
                    [
                        -0.0871775895357132,
                        0.32030194997787476,
                        0.4403122067451477,
                        -0.7903071641921997
                    ]
                ]
            ],
            "actions_pred": [
                [
                    [
                        -0.06173058599233627,
                        -0.19492866098880768,
                        -0.11440614610910416,
                        -0.07670409977436066,
                        -0.07028248906135559,
                        -0.08916724473237991,
                        -0.07200879603624344,
                        -0.04171927273273468,
