{
    "steps": [
        {
            "step": 0,
            "train_loss": 0.016898561269044876,
            "actions_pred1": [
                [
                    [
                        1.449733853340149,
                        2.5462419986724854,
                        1.9871760606765747,
                        -4.781886100769043
                    ],
                    [
                        1.6725256443023682,
                        3.2366890907287598,
                        1.7024027109146118,
                        -4.722840785980225
                    ],
                    [
                        1.7791715860366821,
                        3.350551128387451,
                        1.7652467489242554,
                        -5.381417751312256
                    ],
                    [
                        1.7878271341323853,
                        2.889091968536377,
                        1.9459919929504395,
                        -5.681216239929199
                    ],
                    [
                        1.635575532913208,
                        2.831423282623291,
                        2.207751989364624,
                        -5.865774154663086
                    ],
                    [
                        1.2649316787719727,
                        2.955687999725342,
                        1.9744439125061035,
                        -5.899497985839844
                    ],
                    [
                        1.264814019203186,
                        3.115565299987793,
                        1.8734649419784546,
                        -6.025396823883057
                    ],
                    [
                        1.4969614744186401,
                        2.8661601543426514,
                        1.7021948099136353,
                        -6.034557819366455
                    ],
                    [
                        1.7326281070709229,
                        2.7326064109802246,
                        1.7114893198013306,
                        -6.211940765380859
                    ],
                    [
                        1.5591001510620117,
                        2.649728536605835,
                        1.542222023010254,
                        -6.338127136230469
                    ],
                    [
                        1.7664740085601807,
                        2.7610459327697754,
                        1.619815468788147,
                        -6.414407730102539
                    ],
                    [
                        2.007985830307007,
                        2.7332029342651367,
                        1.665906548500061,
                        -6.451448917388916
                    ],
                    [
                        2.0960092544555664,
                        2.7999987602233887,
                        1.8142770528793335,
                        -6.721060276031494
                    ],
                    [
                        1.9875664710998535,
                        3.141122817993164,
                        1.9225713014602661,
                        -6.923861026763916
                    ],
                    [
                        2.094954013824463,
                        3.025784730911255,
                        2.09525990486145,
                        -6.763432025909424
                    ],
                    [
                        1.9123954772949219,
                        2.988304615020752,
                        2.102083206176758,
                        -6.809421062469482
                    ],
                    [
                        1.9101015329360962,
                        2.968325614929199,
                        2.144596815109253,
                        -6.829419136047363
                    ],
                    [
                        1.9462926387786865,
                        2.9399399757385254,
                        2.2180418968200684,
                        -6.752406597137451
                    ],
                    [
                        2.1077218055725098,
                        2.908435344696045,
                        2.277200937271118,
                        -6.643935680389404
                    ],
                    [
                        2.087996244430542,
                        2.744647264480591,
                        2.2063498497009277,
                        -6.749888896942139
                    ]
                ]
            ],
            "actions_pred": [
                [
                    [
                        1.449733853340149,
                        1.6725256443023682,
                        1.7791715860366821,
                        1.7878271341323853,
                        1.635575532913208,
                        1.2649316787719727,
                        1.264814019203186,
                        1.4969614744186401,
                        1.7326281070709229,
                        1.5591001510620117,
                        1.7664740085601807,
                        2.007985830307007,
                        2.0960092544555664,
                        1.9875664710998535,
                        2.094954013824463,
                        1.9123954772949219,
                        1.9101015329360962,
                        1.9462926387786865,
                        2.1077218055725098,
                        2.087996244430542
                    ],
                    [
                        2.5462419986724854,
                        3.2366890907287598,
                        3.350551128387451,
                        2.889091968536377,
                        2.831423282623291,
                        2.955687999725342,
                        3.115565299987793,
                        2.8661601543426514,
                        2.7326064109802246,
                        2.649728536605835,
                        2.7610459327697754,
                        2.7332029342651367,
                        2.7999987602233887,
                        3.141122817993164,
                        3.025784730911255,
                        2.988304615020752,
                        2.968325614929199,
                        2.9399399757385254,
                        2.908435344696045,
                        2.744647264480591
                    ],
                    [
                        1.9871760606765747,
                        1.7024027109146118,
                        1.7652467489242554,
                        1.9459919929504395,
                        2.207751989364624,
                        1.9744439125061035,
                        1.8734649419784546,
                        1.7021948099136353,
                        1.7114893198013306,
                        1.542222023010254,
                        1.619815468788147,
                        1.665906548500061,
                        1.8142770528793335,
                        1.9225713014602661,
                        2.09525990486145,
                        2.102083206176758,
                        2.144596815109253,
                        2.2180418968200684,
                        2.277200937271118,
                        2.2063498497009277
                    ],
                    [
                        -4.781886100769043,
                        -4.722840785980225,
                        -5.381417751312256,
                        -5.681216239929199,
                        -5.865774154663086,
                        -5.899497985839844,
                        -6.025396823883057,
                        -6.034557819366455,
                        -6.211940765380859,
                        -6.338127136230469,
                        -6.414407730102539,
                        -6.451448917388916,
                        -6.721060276031494,
                        -6.923861026763916,
                        -6.763432025909424,
                        -6.809421062469482,
                        -6.829419136047363,
                        -6.752406597137451,
                        -6.643935680389404,
                        -6.749888896942139
                    ]
                ]
            ],
            "states": [
                [
                    [
                        3453480.0,
                        1.1675143468892202e-05,
                        0.00029440681100822985,
                        672821.0625
                    ],
                    [
                        4107976.0,
                        1.1557735888345633e-05,
                        0.00028164629475213587,
                        683579.125
                    ],
                    [
                        4089152.0,
                        1.1433058716647793e-05,
                        0.00027785348356701434,
                        696568.625
                    ],
                    [
                        3556288.0,
                        1.131914814322954e-05,
                        0.00038381022750400007,
                        634586.1875
                    ],
                    [
                        2583232.0,
                        1.1229288247704972e-05,
                        0.0002961547579616308,
                        661987.4375
                    ],
                    [
                        1912808.0,
                        1.1164392162754666e-05,
                        0.00029962105327285826,
                        693806.25
                    ],
                    [
                        2088016.0,
                        1.1107291356893256e-05,
                        0.00029777659801766276,
                        580816.75
                    ],
                    [
                        2896000.0,
                        1.103698832594091e-05,
                        0.0002728095860220492,
                        525629.9375
                    ],
                    [
                        2564408.0,
                        1.0960944564430974e-05,
                        0.0002930021146312356,
                        619511.5625
                    ],
                    [
                        3921184.0,
                        1.087203600036446e-05,
                        0.0005929499748162925,
                        538834.625
                    ],
                    [
                        2794640.0,
                        1.0781384844449349e-05,
                        0.00017766767996363342,
                        677916.4375
                    ],
                    [
                        4726272.0,
                        1.0681769708753563e-05,
                        0.00018339134112466127,
                        599563.375
                    ],
                    [
                        4927544.0,
                        1.0556481356616132e-05,
                        0.00019205290300305933,
                        583179.3125
                    ],
                    [
                        5944040.0,
                        1.0418904821563046e-05,
                        0.0002024973655352369,
                        603427.0
                    ],
                    [
                        5063656.0,
                        1.0283110896125436e-05,
                        0.0002613598189782351,
                        607061.125
                    ],
                    [
                        5221488.0,
                        1.015944144455716e-05,
                        0.00023075626813806593,
                        620602.0625
                    ],
                    [
                        3421624.0,
                        1.0057716281153262e-05,
                        0.00032322804327122867,
                        608652.25
                    ],
                    [
                        3476648.0,
                        9.978034540836234e-06,
                        0.0002578554267529398,
                        617310.8125
                    ],
                    [
                        3407144.0,
                        9.899765245791059e-06,
                        0.00022438736050389707,
                        706043.875
                    ],
                    [
                        3938560.0,
                        9.817606041906402e-06,
                        0.00038321700412780046,
                        631372.625
                    ]
                ]
            ],
            "actions": [
                [
                    [
                        0.5
                    ],
                    [
                        0.5
                    ],
                    [
                        0.5
                    ],
                    [
                        0.5
                    ],
                    [
                        0.5
                    ],
                    [
                        0.5
                    ],
                    [
                        0.5
                    ],
                    [
                        0.5
                    ],
                    [
                        0.5
                    ],
                    [
                        0.5
                    ],
                    [
                        0.5
                    ],
                    [
                        0.5
                    ],
                    [
                        0.5
                    ],
                    [
                        0.5
                    ],
                    [
                        0.5
                    ],
                    [
                        0.5
                    ],
                    [
                        0.5
                    ],
                    [
                        0.5
                    ],
                    [
                        0.5
                    ],
                    [
                        0.5
                    ]
                ]
            ],
            "returns": [
                [
                    [
                        0.41369158029556274
                    ],
                    [
                        0.41279682517051697
                    ],
                    [
                        0.41188669204711914
                    ],
                    [
                        0.41097697615623474
                    ],
                    [
                        0.41007962822914124
                    ],
                    [
                        0.4092106521129608
                    ],
                    [
                        0.4083682894706726
                    ],
                    [
                        0.4075181484222412
                    ],
                    [
                        0.4066390097141266
                    ],
                    [
                        0.4057706594467163
                    ],
                    [
                        0.40486466884613037
                    ],
                    [
                        0.40398868918418884
                    ],
                    [
                        0.40306612849235535
                    ],
                    [
                        0.4021398723125458
                    ],
                    [
                        0.40119698643684387
                    ],
                    [
                        0.4002683162689209
                    ],
                    [
                        0.39933690428733826
                    ],
                    [
                        0.39844298362731934
                    ],
                    [
                        0.3975476622581482
                    ],
                    [
                        0.3966540992259979
                    ]
                ]
            ],
            "timesteps": [
                [
                    180,
                    181,
                    182,
                    183,
                    184,
                    185,
                    186,
                    187,
                    188,
                    189,
                    190,
                    191,
                    192,
                    193,
                    194,
                    195,
                    196,
                    197,
                    198,
                    199
                ]
            ],
            "labels": [
                [
                    1,
                    1,
                    1,
                    1,
                    1,
                    1,
                    1,
                    1,
                    1,
                    1,
                    1,
                    1,
                    1,
                    1,
                    1,
                    1,
                    1,
                    1,
                    1,
                    1
                ]
            ],
            "CPU Usage": 45.4,
            "RAM Usage": 54.9,
            "GPU Usage": 0.0,
            "VRAM Usage": 355.0,
            "Disk Read Speed (MB/s)": 206647.1396484375,
            "Disk Write Speed (MB/s)": 423745.9775390625
        },
        {
            "step": 1,
            "train_loss": 0.016308851540088654,
            "actions_pred1": [
                [
                    [
                        1.073556661605835,
                        1.8378164768218994,
                        1.6084799766540527,
                        -3.9775993824005127
                    ],
                    [
                        0.8941079378128052,
                        2.374579429626465,
                        1.5546584129333496,
                        -4.443353652954102
                    ],
                    [
                        0.898836612701416,
                        2.2632975578308105,
                        1.5442644357681274,
                        -4.993622303009033
                    ],
                    [
                        0.49370789527893066,
                        2.108565330505371,
                        2.1920158863067627,
                        -5.523571491241455
                    ],
                    [
                        0.45857805013656616,
                        2.153848886489868,
                        2.547013282775879,
                        -5.856541633605957
                    ],
                    [
                        0.8164064884185791,
                        2.014055013656616,
                        2.5105109214782715,
                        -6.096607208251953
                    ],
                    [
                        1.063205361366272,
                        1.6897504329681396,
                        2.6638102531433105,
                        -6.2040839195251465
                    ],
                    [
                        1.2400144338607788,
                        1.5052742958068848,
                        3.137565851211548,
                        -6.57485294342041
                    ],
                    [
                        1.5395939350128174,
                        1.3989405632019043,
                        3.208434581756592,
                        -6.597928524017334
                    ],
                    [
                        1.5430395603179932,
                        1.325745701789856,
                        3.4797604084014893,
                        -6.866774082183838
                    ],
                    [
                        1.552057147026062,
                        1.062672734260559,
                        3.5198938846588135,
                        -6.832367420196533
                    ],
                    [
                        1.7933471202850342,
                        0.9818567037582397,
                        3.698307514190674,
                        -6.9821858406066895
                    ],
                    [
                        1.9811700582504272,
                        1.0200161933898926,
                        3.812406063079834,
                        -6.995556831359863
                    ],
                    [
                        1.831873893737793,
                        1.1988000869750977,
                        4.041608810424805,
                        -7.112837314605713
                    ],
                    [
                        1.6889636516571045,
                        1.1073405742645264,
                        4.002772331237793,
                        -7.084403038024902
                    ],
                    [
                        1.8334637880325317,
                        0.972680389881134,
                        4.010015964508057,
                        -7.400448322296143
                    ],
                    [
                        1.6079480648040771,
                        1.0416232347488403,
                        3.9329516887664795,
                        -7.520292282104492
                    ],
                    [
                        1.8998384475708008,
                        1.121259093284607,
                        3.868381977081299,
                        -7.540889263153076
                    ],
                    [
                        1.9520657062530518,
                        1.1764544248580933,
                        3.910769462585449,
                        -7.425207138061523
                    ],
                    [
                        2.102940082550049,
                        1.2180554866790771,
                        3.9029178619384766,
                        -7.569131374359131
                    ]
                ]
            ],
            "actions_pred": [
                [
                    [
                        1.073556661605835,
                        0.8941079378128052,
                        0.898836612701416,
                        0.49370789527893066,
                        0.45857805013656616,
                        0.8164064884185791,
                        1.063205361366272,
                        1.2400144338607788,
                        1.5395939350128174,
                        1.5430395603179932,
                        1.552057147026062,
                        1.7933471202850342,
                        1.9811700582504272,
                        1.831873893737793,
                        1.6889636516571045,
                        1.8334637880325317,
                        1.6079480648040771,
                        1.8998384475708008,
                        1.9520657062530518,
                        2.102940082550049
                    ],
                    [
                        1.8378164768218994,
                        2.374579429626465,
                        2.2632975578308105,
                        2.108565330505371,
                        2.153848886489868,
                        2.014055013656616,
                        1.6897504329681396,
                        1.5052742958068848,
                        1.3989405632019043,
                        1.325745701789856,
                        1.062672734260559,
                        0.9818567037582397,
                        1.0200161933898926,
                        1.1988000869750977,
                        1.1073405742645264,
                        0.972680389881134,
                        1.0416232347488403,
                        1.121259093284607,
                        1.1764544248580933,
                        1.2180554866790771
                    ],
                    [
                        1.6084799766540527,
                        1.5546584129333496,
                        1.5442644357681274,
                        2.1920158863067627,
                        2.547013282775879,
                        2.5105109214782715,
                        2.6638102531433105,
                        3.137565851211548,
                        3.208434581756592,
                        3.4797604084014893,
                        3.5198938846588135,
                        3.698307514190674,
                        3.812406063079834,
                        4.041608810424805,
                        4.002772331237793,
                        4.010015964508057,
                        3.9329516887664795,
                        3.868381977081299,
                        3.910769462585449,
                        3.9029178619384766
                    ],
                    [
                        -3.9775993824005127,
                        -4.443353652954102,
                        -4.993622303009033,
                        -5.523571491241455,
                        -5.856541633605957,
                        -6.096607208251953,
                        -6.2040839195251465,
                        -6.57485294342041,
                        -6.597928524017334,
                        -6.866774082183838,
                        -6.832367420196533,
                        -6.9821858406066895,
                        -6.995556831359863,
                        -7.112837314605713,
                        -7.084403038024902,
                        -7.400448322296143,
                        -7.520292282104492,
                        -7.540889263153076,
                        -7.425207138061523,
                        -7.569131374359131
                    ]
                ]
            ],
            "states": [
                [
                    [
                        5457512.0,
                        9.714517545944545e-06,
                        0.0004527103737927973,
                        552968.1875
                    ],
                    [
                        4474320.0,
                        9.607780157239176e-06,
                        0.00029970589093863964,
                        640429.75
                    ],
                    [
                        3226144.0,
                        9.52661685005296e-06,
                        0.00026218051789328456,
                        614909.3125
                    ],
                    [
                        4174584.0,
                        9.44995554164052e-06,
                        0.0002925366861745715,
                        607098.5
                    ],
                    [
                        4522104.0,
                        9.361412594444118e-06,
                        0.00028024095809087157,
                        568885.75
                    ],
                    [
                        2825048.0,
                        8.919517313188408e-06,
                        0.0001758198341121897,
                        690901.5625
                    ],
                    [
                        5196872.0,
                        8.846717719279695e-06,
                        0.00013516498438548297,
                        601105.3125
                    ],
                    [
                        7633856.0,
                        8.732715286896564e-06,
                        0.0001646996388444677,
                        547900.5625
                    ],
                    [
                        47963.0,
                        0.2136354148387909,
                        0.00027816780493594706,
                        871190.125
                    ],
                    [
                        608160.0,
                        0.027683094143867493,
                        0.00026209698989987373,
                        1030414.6875
                    ],
                    [
                        537208.0,
                        0.007899114862084389,
                        0.0002851165772881359,
                        949322.9375
                    ],
                    [
                        671872.0,
                        0.004755145870149136,
                        0.000267517170868814,
                        888587.6875
                    ],
                    [
                        858664.0,
                        0.003167606657370925,
                        0.00027258697082288563,
                        909664.5625
                    ],
                    [
                        877488.0,
                        0.0022909550461918116,
                        0.00027191461413167417,
                        989545.25
                    ],
                    [
                        1255416.0,
                        0.0017173178493976593,
                        0.00027577357832342386,
                        1043241.4375
                    ],
                    [
                        1436416.0,
                        0.0013016851153224707,
                        0.00027702987426891923,
                        939221.25
                    ],
                    [
                        1715880.0,
                        0.0010147599969059229,
                        0.0002779100905172527,
                        989890.625
                    ],
                    [
                        1867920.0,
                        0.0008108949987217784,
                        0.00026160795823670924,
                        1001348.25
                    ],
                    [
                        2189376.0,
                        0.0006609969423152506,
                        0.0002753763983491808,
                        969961.0625
                    ],
                    [
                        2552824.0,
                        0.000543545582331717,
                        0.0002731475979089737,
                        970656.1875
                    ]
                ]
            ],
            "actions": [
                [
                    [
                        0.5
                    ],
                    [
                        0.5
                    ],
                    [
                        0.5
                    ],
                    [
                        0.5
                    ],
                    [
                        0.5
                    ],
                    [
                        0.5
                    ],
                    [
                        0.5
                    ],
                    [
                        0.5
                    ],
                    [
                        0.75
                    ],
                    [
                        0.75
                    ],
                    [
                        0.75
                    ],
                    [
                        0.75
                    ],
                    [
                        0.75
                    ],
                    [
                        0.75
                    ],
                    [
                        0.75
                    ],
                    [
                        0.75
                    ],
                    [
                        0.75
                    ],
                    [
                        0.75
                    ],
                    [
                        0.75
                    ],
                    [
                        0.75
                    ]
                ]
            ],
            "returns": [
                [
                    [
                        0.39574772119522095
                    ],
                    [
                        0.3948124051094055
                    ],
                    [
                        0.3938947021961212
                    ],
                    [
                        0.39300599694252014
                    ],
                    [
                        0.3920944333076477
                    ],
                    [
                        0.3911758065223694
                    ],
                    [
                        0.39029887318611145
                    ],
                    [
                        0.38936787843704224
                    ],
                    [
                        0.3884028196334839
                    ],
                    [
                        0.38788723945617676
                    ],
                    [
                        0.3871464729309082
                    ],
                    [
                        0.3864167034626007
                    ],
                    [
                        0.385667085647583
                    ],
                    [
                        0.3848957419395447
                    ],
                    [
                        0.38412246108055115
                    ],
                    [
                        0.3833174407482147
                    ],
                    [
                        0.38250046968460083
                    ],
                    [
                        0.38166773319244385
                    ],
                    [
                        0.38082748651504517
                    ],
                    [
                        0.3799731433391571
                    ]
                ]
            ],
            "timesteps": [
                [
                    200,
                    201,
                    202,
                    203,
                    204,
                    205,
                    206,
                    207,
                    208,
                    209,
                    210,
                    211,
                    212,
                    213,
                    214,
                    215,
                    216,
                    217,
                    218,
                    219
                ]
            ],
            "labels": [
                [
                    1,
                    1,
                    1,
                    1,
                    1,
                    1,
                    1,
                    1,
                    2,
                    2,
                    2,
                    2,
                    2,
                    2,
                    2,
                    2,
                    2,
                    2,
                    2,
                    2
                ]
            ],
            "CPU Usage": 46.7,
            "RAM Usage": 55.1,
            "GPU Usage": 0.0,
            "VRAM Usage": 356.0,
            "Disk Read Speed (MB/s)": 206647.1396484375,
            "Disk Write Speed (MB/s)": 423746.0595703125
        },
        {
            "step": 2,
            "train_loss": 0.0237327441573143,
            "actions_pred1": [
                [
                    [
                        2.427854299545288,
                        1.2875137329101562,
                        3.0599913597106934,
                        -4.287960052490234
                    ],
                    [
                        3.559988498687744,
                        1.7810217142105103,
                        2.7648119926452637,
                        -5.099618911743164
                    ],
                    [
                        3.7670164108276367,
                        1.9251155853271484,
                        2.3243513107299805,
                        -5.999929428100586
                    ],
                    [
                        3.9292032718658447,
                        1.7007100582122803,
                        2.1148462295532227,
                        -5.944102764129639
                    ],
                    [
                        3.8412418365478516,
                        1.5901727676391602,
                        1.957028865814209,
                        -5.434514045715332
                    ],
                    [
                        3.6086435317993164,
                        1.493612289428711,
                        2.0614757537841797,
                        -5.136099338531494
                    ],
                    [
                        3.740346908569336,
                        1.2987942695617676,
                        2.326381206512451,
                        -5.578448295593262
                    ],
                    [
                        3.7175655364990234,
                        1.2552224397659302,
                        2.6033802032470703,
                        -5.465508460998535
                    ],
                    [
                        3.673827886581421,
                        1.1347055435180664,
                        2.620270013809204,
                        -5.357235908508301
                    ],
                    [
                        3.7034668922424316,
                        1.0224604606628418,
                        2.4504446983337402,
                        -4.8376946449279785
                    ],
                    [
                        3.6696157455444336,
                        1.0708390474319458,
                        2.3946216106414795,
                        -5.104623794555664
                    ],
                    [
                        3.735849380493164,
                        1.1330934762954712,
                        2.9013800621032715,
                        -4.5029296875
                    ],
                    [
                        3.668473958969116,
                        1.1510610580444336,
                        2.6002635955810547,
                        -4.747477054595947
                    ],
                    [
                        3.4217779636383057,
                        1.1473389863967896,
                        2.6052916049957275,
                        -4.744655609130859
                    ],
                    [
                        3.497253656387329,
                        1.107704520225525,
                        2.7695200443267822,
                        -4.811068534851074
                    ],
                    [
                        3.6305458545684814,
                        1.3132069110870361,
                        2.755821943283081,
                        -4.6800971031188965
                    ],
                    [
                        3.7538599967956543,
                        1.112339735031128,
                        3.054157257080078,
                        -4.985164642333984
                    ],
                    [
                        4.057897567749023,
                        1.0285933017730713,
                        3.125993490219116,
                        -5.602911472320557
                    ],
                    [
                        3.8200907707214355,
                        1.1824195384979248,
                        3.2034571170806885,
                        -5.474531173706055
                    ],
                    [
                        3.6152026653289795,
                        1.046475887298584,
                        3.074061393737793,
                        -5.431382656097412
                    ]
                ]
            ],
            "actions_pred": [
                [
                    [
                        2.427854299545288,
                        3.559988498687744,
                        3.7670164108276367,
                        3.9292032718658447,
                        3.8412418365478516,
                        3.6086435317993164,
                        3.740346908569336,
                        3.7175655364990234,
                        3.673827886581421,
                        3.7034668922424316,
                        3.6696157455444336,
                        3.735849380493164,
                        3.668473958969116,
                        3.4217779636383057,
                        3.497253656387329,
                        3.6305458545684814,
                        3.7538599967956543,
