{
    "steps": [
        {
            "step": 0,
            "train_loss": 0.030123362317681313,
            "actions_pred1": [
                [
                    [
                        0.3568027913570404,
                        1.0037758350372314,
                        0.5022050142288208,
                        -0.045439913868904114
                    ],
                    [
                        0.5021569728851318,
                        1.0724624395370483,
                        0.229974627494812,
                        -0.14840424060821533
                    ],
                    [
                        0.32508814334869385,
                        1.025325059890747,
                        0.283192902803421,
                        -0.3586132824420929
                    ],
                    [
                        0.2728715240955353,
                        1.0010654926300049,
                        0.3019484281539917,
                        -0.3495903015136719
                    ],
                    [
                        0.2772350609302521,
                        1.053293228149414,
                        0.3739190697669983,
                        -0.3529386818408966
                    ],
                    [
                        0.2698897123336792,
                        1.0472111701965332,
                        0.46718764305114746,
                        -0.44408437609672546
                    ],
                    [
                        0.24212199449539185,
                        1.0138614177703857,
                        0.4705585837364197,
                        -0.3847646415233612
                    ],
                    [
                        0.30367863178253174,
                        0.6414862871170044,
                        0.5043743848800659,
                        -0.4127888083457947
                    ],
                    [
                        0.4094754159450531,
                        0.640623927116394,
                        0.5142444968223572,
                        -0.3731737732887268
                    ],
                    [
                        0.3028862476348877,
                        0.6908411979675293,
                        0.6137710809707642,
                        -0.43581533432006836
                    ],
                    [
                        0.2151375561952591,
                        0.7322647571563721,
                        0.53937828540802,
                        -0.4534241557121277
                    ],
                    [
                        0.2787450850009918,
                        0.8656958937644958,
                        0.4928756654262543,
                        -0.3549917936325073
                    ],
                    [
                        0.21211376786231995,
                        0.7765045166015625,
                        0.49319469928741455,
                        -0.392536461353302
                    ],
                    [
                        0.23512743413448334,
                        0.7263741493225098,
                        0.5252059698104858,
                        -0.31842219829559326
                    ],
                    [
                        0.1819167286157608,
                        0.6255528926849365,
                        0.5045108795166016,
                        -0.40861621499061584
                    ],
                    [
                        0.2613353729248047,
                        0.7580313682556152,
                        0.5460439920425415,
                        -0.41029757261276245
                    ],
                    [
                        0.12943623960018158,
                        0.6722384691238403,
                        0.5984312295913696,
                        -0.419033020734787
                    ],
                    [
                        0.0755227655172348,
                        0.6036013960838318,
                        0.5952324271202087,
                        -0.4098738133907318
                    ],
                    [
                        0.06611259281635284,
                        0.6455175876617432,
                        0.6298946142196655,
                        -0.6109321713447571
                    ],
                    [
                        0.19891221821308136,
                        0.692542552947998,
                        0.7411041855812073,
                        -0.4676896631717682
                    ]
                ]
            ],
            "actions_pred": [
                [
                    [
                        0.3568027913570404,
                        0.5021569728851318,
                        0.32508814334869385,
                        0.2728715240955353,
                        0.2772350609302521,
                        0.2698897123336792,
                        0.24212199449539185,
                        0.30367863178253174,
                        0.4094754159450531,
                        0.3028862476348877,
                        0.2151375561952591,
                        0.2787450850009918,
                        0.21211376786231995,
                        0.23512743413448334,
                        0.1819167286157608,
                        0.2613353729248047,
                        0.12943623960018158,
                        0.0755227655172348,
                        0.06611259281635284,
                        0.19891221821308136
                    ],
                    [
                        1.0037758350372314,
                        1.0724624395370483,
                        1.025325059890747,
                        1.0010654926300049,
                        1.053293228149414,
                        1.0472111701965332,
                        1.0138614177703857,
                        0.6414862871170044,
                        0.640623927116394,
                        0.6908411979675293,
                        0.7322647571563721,
                        0.8656958937644958,
                        0.7765045166015625,
                        0.7263741493225098,
                        0.6255528926849365,
                        0.7580313682556152,
                        0.6722384691238403,
                        0.6036013960838318,
                        0.6455175876617432,
                        0.692542552947998
                    ],
                    [
                        0.5022050142288208,
                        0.229974627494812,
                        0.283192902803421,
                        0.3019484281539917,
                        0.3739190697669983,
                        0.46718764305114746,
                        0.4705585837364197,
                        0.5043743848800659,
                        0.5142444968223572,
                        0.6137710809707642,
                        0.53937828540802,
                        0.4928756654262543,
                        0.49319469928741455,
                        0.5252059698104858,
                        0.5045108795166016,
                        0.5460439920425415,
                        0.5984312295913696,
                        0.5952324271202087,
                        0.6298946142196655,
                        0.7411041855812073
                    ],
                    [
                        -0.045439913868904114,
                        -0.14840424060821533,
                        -0.3586132824420929,
                        -0.3495903015136719,
                        -0.3529386818408966,
                        -0.44408437609672546,
                        -0.3847646415233612,
                        -0.4127888083457947,
                        -0.3731737732887268,
                        -0.43581533432006836,
                        -0.4534241557121277,
                        -0.3549917936325073,
                        -0.392536461353302,
                        -0.31842219829559326,
                        -0.40861621499061584,
                        -0.41029757261276245,
                        -0.419033020734787,
                        -0.4098738133907318,
                        -0.6109321713447571,
                        -0.4676896631717682
                    ]
                ]
            ],
            "states": [
                [
                    [
                        5059312.0,
                        9.1049492766615e-05,
                        0.0002829945588018745,
                        570940.9375
                    ],
                    [
                        5117232.0,
                        8.226631325669587e-05,
                        0.00027779326774179935,
                        553102.75
                    ],
                    [
                        5535704.0,
                        7.472792640328407e-05,
                        0.00029917724896222353,
                        546738.9375
                    ],
                    [
                        4970984.0,
                        6.851889338577166e-05,
                        0.00037997434264980257,
                        615590.1875
                    ],
                    [
                        2654184.0,
                        6.460718577727675e-05,
                        0.00029415389872156084,
                        481818.0625
                    ],
                    [
                        4494592.0,
                        6.135837611509487e-05,
                        0.00029440681100822985,
                        522992.78125
                    ],
                    [
                        4348344.0,
                        5.774946475867182e-05,
                        0.00028164629475213587,
                        491780.875
                    ],
                    [
                        4933336.0,
                        5.439664164441638e-05,
                        0.00027785348356701434,
                        520398.875
                    ],
                    [
                        4701656.0,
                        5.129960845806636e-05,
                        0.00038381022750400007,
                        575110.6875
                    ],
                    [
                        4578576.0,
                        4.8633406549924985e-05,
                        0.0002961547579616308,
                        495802.21875
                    ],
                    [
                        3149400.0,
                        4.661144339479506e-05,
                        0.00029962105327285826,
                        505119.28125
                    ],
                    [
                        4999944.0,
                        4.466465179575607e-05,
                        0.00029777659801766276,
                        484590.125
                    ],
                    [
                        5011528.0,
                        4.247795732226223e-05,
                        0.0002728095860220492,
                        482498.96875
                    ],
                    [
                        5127368.0,
                        4.047168113174848e-05,
                        0.0002930021146312356,
                        492467.5625
                    ],
                    [
                        5149088.0,
                        3.862225275952369e-05,
                        0.0005929499748162925,
                        510973.59375
                    ],
                    [
                        3434656.0,
                        3.7198835343588144e-05,
                        0.00017766767996363342,
                        518040.0625
                    ],
                    [
                        4734960.0,
                        3.594371446524747e-05,
                        0.00018339134112466127,
                        483570.8125
                    ],
                    [
                        4713240.0,
                        3.459137587924488e-05,
                        0.00019205290300305933,
                        485131.46875
                    ],
                    [
                        5099856.0,
                        3.3291154977632686e-05,
                        0.0002024973655352369,
                        498759.9375
                    ],
                    [
                        5243208.0,
                        3.2021918741520494e-05,
                        0.0002613598189782351,
                        496721.28125
                    ]
                ]
            ],
            "actions": [
                [
                    [
                        0.5
                    ],
                    [
                        0.5
                    ],
                    [
                        0.5
                    ],
                    [
                        0.5
                    ],
                    [
                        0.5
                    ],
                    [
                        0.5
                    ],
                    [
                        0.5
                    ],
                    [
                        0.5
                    ],
                    [
                        0.5
                    ],
                    [
                        0.5
                    ],
                    [
                        0.5
                    ],
                    [
                        0.5
                    ],
                    [
                        0.5
                    ],
                    [
                        0.5
                    ],
                    [
                        0.5
                    ],
                    [
                        0.5
                    ],
                    [
                        0.5
                    ],
                    [
                        0.5
                    ],
                    [
                        0.5
                    ],
                    [
                        0.5
                    ]
                ]
            ],
            "returns": [
                [
                    [
                        0.4691389203071594
                    ],
                    [
                        0.4682103097438812
                    ],
                    [
                        0.46728071570396423
                    ],
                    [
                        0.46634411811828613
                    ],
                    [
                        0.4654170870780945
                    ],
                    [
                        0.46454569697380066
                    ],
                    [
                        0.46362757682800293
                    ],
                    [
                        0.4627124071121216
                    ],
                    [
                        0.46178606152534485
                    ],
                    [
                        0.46086394786834717
                    ],
                    [
                        0.4599442183971405
                    ],
                    [
                        0.45905765891075134
                    ],
                    [
                        0.4581300914287567
                    ],
                    [
                        0.45720234513282776
                    ],
                    [
                        0.45627257227897644
                    ],
                    [
                        0.4553424119949341
                    ],
                    [
                        0.4544481337070465
                    ],
                    [
                        0.4535254240036011
                    ],
                    [
                        0.4526031017303467
                    ],
                    [
                        0.45167380571365356
                    ]
                ]
            ],
            "timesteps": [
                [
                    120,
                    121,
                    122,
                    123,
                    124,
                    125,
                    126,
                    127,
                    128,
                    129,
                    130,
                    131,
                    132,
                    133,
                    134,
                    135,
                    136,
                    137,
                    138,
                    139
                ]
            ],
            "labels": [
                [
                    1,
                    1,
                    1,
                    1,
                    1,
                    1,
                    1,
                    1,
                    1,
                    1,
                    1,
                    1,
                    1,
                    1,
                    1,
                    1,
                    1,
                    1,
                    1,
                    1
                ]
            ],
            "CPU Usage": 45.3,
            "RAM Usage": 55.1,
            "GPU Usage": 0.0,
            "VRAM Usage": 356.0,
            "Disk Read Speed (MB/s)": 206066.8486328125,
            "Disk Write Speed (MB/s)": 372478.0126953125
        },
        {
            "step": 1,
            "train_loss": 0.03486532345414162,
            "actions_pred1": [
                [
                    [
                        -0.046150192618370056,
                        -0.27117037773132324,
                        -0.05260509252548218,
                        -1.6502172946929932
                    ],
                    [
                        -0.18546253442764282,
                        0.23281227052211761,
                        -0.053176283836364746,
                        -0.9374727010726929
                    ],
                    [
                        -0.09500735998153687,
                        0.25384894013404846,
                        0.05365782976150513,
                        -0.9144903421401978
                    ],
                    [
                        -0.05404900014400482,
                        0.35904639959335327,
                        0.19628870487213135,
                        -0.980891227722168
                    ],
                    [
                        -0.043971315026283264,
                        0.22396661341190338,
                        0.22098645567893982,
                        -1.047295331954956
                    ],
                    [
                        -0.06401823461055756,
                        0.30322083830833435,
                        0.3893112242221832,
                        -1.1314321756362915
                    ],
                    [
                        -0.0473906546831131,
                        0.19607067108154297,
                        0.3767526149749756,
                        -1.0144909620285034
                    ],
                    [
                        -0.01494317501783371,
                        0.18329380452632904,
                        0.30051296949386597,
                        -0.8724701404571533
                    ],
                    [
                        -0.11680527031421661,
                        0.11750819534063339,
                        0.30646637082099915,
                        -0.982275128364563
                    ],
                    [
                        -0.19396647810935974,
                        0.13694769144058228,
                        0.2580759525299072,
                        -1.002425193786621
                    ],
                    [
                        -0.10153775662183762,
                        0.3586224317550659,
                        0.42233821749687195,
                        -0.95018470287323
                    ],
                    [
                        -0.18476906418800354,
                        0.31821006536483765,
                        0.412280797958374,
                        -0.7734500765800476
                    ],
                    [
                        -0.1900346279144287,
                        0.30730172991752625,
                        0.458115816116333,
                        -0.8277285099029541
                    ],
                    [
                        -0.1770441234111786,
                        0.3510706424713135,
                        0.5179075598716736,
                        -0.8342053890228271
                    ],
                    [
                        -0.18442456424236298,
                        0.3166899085044861,
                        0.4700559377670288,
                        -0.9458456635475159
                    ],
                    [
                        -0.21668632328510284,
                        0.30428433418273926,
                        0.3923135995864868,
                        -0.8707665205001831
                    ],
                    [
                        -0.16868703067302704,
                        0.2766149044036865,
                        0.4386804699897766,
                        -0.9832512140274048
                    ],
                    [
                        -0.20136141777038574,
                        0.26458874344825745,
                        0.39800798892974854,
                        -0.9952654838562012
                    ],
                    [
                        -0.11912553012371063,
                        0.5218483805656433,
                        0.348855197429657,
                        -0.8278759717941284
                    ],
                    [
                        -0.06107671558856964,
                        0.37612730264663696,
                        0.4362536370754242,
                        -0.8760486841201782
                    ]
                ]
            ],
            "actions_pred": [
                [
                    [
                        -0.046150192618370056,
                        -0.18546253442764282,
                        -0.09500735998153687,
                        -0.05404900014400482,
                        -0.043971315026283264,
                        -0.06401823461055756,
                        -0.0473906546831131,
                        -0.01494317501783371,
                        -0.11680527031421661,
                        -0.19396647810935974,
                        -0.10153775662183762,
                        -0.18476906418800354,
                        -0.1900346279144287,
                        -0.1770441234111786,
                        -0.18442456424236298,
                        -0.21668632328510284,
                        -0.16868703067302704,
                        -0.20136141777038574,
                        -0.11912553012371063,
                        -0.06107671558856964
                    ],
                    [
                        -0.27117037773132324,
                        0.23281227052211761,
                        0.25384894013404846,
                        0.35904639959335327,
                        0.22396661341190338,
                        0.30322083830833435,
                        0.19607067108154297,
                        0.18329380452632904,
                        0.11750819534063339,
                        0.13694769144058228,
                        0.3586224317550659,
                        0.31821006536483765,
                        0.30730172991752625,
                        0.3510706424713135,
                        0.3166899085044861,
                        0.30428433418273926,
                        0.2766149044036865,
                        0.26458874344825745,
                        0.5218483805656433,
                        0.37612730264663696
                    ],
                    [
                        -0.05260509252548218,
                        -0.053176283836364746,
                        0.05365782976150513,
                        0.19628870487213135,
                        0.22098645567893982,
                        0.3893112242221832,
                        0.3767526149749756,
                        0.30051296949386597,
                        0.30646637082099915,
                        0.2580759525299072,
                        0.42233821749687195,
                        0.412280797958374,
                        0.458115816116333,
                        0.5179075598716736,
                        0.4700559377670288,
                        0.3923135995864868,
                        0.4386804699897766,
                        0.39800798892974854,
                        0.348855197429657,
                        0.4362536370754242
                    ],
                    [
                        -1.6502172946929932,
                        -0.9374727010726929,
                        -0.9144903421401978,
                        -0.980891227722168,
                        -1.047295331954956,
                        -1.1314321756362915,
                        -1.0144909620285034,
                        -0.8724701404571533,
                        -0.982275128364563,
                        -1.002425193786621,
                        -0.95018470287323,
                        -0.7734500765800476,
                        -0.8277285099029541,
                        -0.8342053890228271,
                        -0.9458456635475159,
                        -0.8707665205001831,
                        -0.9832512140274048,
                        -0.9952654838562012,
                        -0.8278759717941284,
                        -0.8760486841201782
                    ]
                ]
            ],
            "states": [
                [
                    [
                        3840096.0,
                        2.92694730887888e-05,
                        0.00022606240236200392,
                        669392.5
                    ],
                    [
                        5186736.0,
                        2.8975890018045902e-05,
                        0.0002532026555854827,
                        623919.4375
                    ],
                    [
                        4765368.0,
                        2.86587583104847e-05,
                        0.0002667571825440973,
                        632646.8125
                    ],
                    [
                        6161240.0,
                        2.8318694603512995e-05,
                        0.00026687141507864,
                        545136.5625
                    ],
                    [
                        6174272.0,
                        2.7944166504312307e-05,
                        0.0002529114135541022,
                        614846.3125
                    ],
                    [
                        5751456.0,
                        2.7591326215770096e-05,
                        0.0002583715249784291,
                        530205.9375
                    ],
                    [
                        7742456.0,
                        2.720300471992232e-05,
                        0.001365873496979475,
                        538990.625
                    ],
                    [
                        6206128.0,
                        2.6812451324076392e-05,
                        0.0008239395683631301,
                        520321.9375
                    ],
                    [
                        5211352.0,
                        2.6501078536966816e-05,
                        0.0005388445570133626,
                        565831.875
                    ],
                    [
                        4737856.0,
                        2.623563341330737e-05,
                        0.0005018769879825413,
                        557744.25
                    ],
                    [
                        3256552.0,
                        2.6026094928965904e-05,
                        0.0005396626074798405,
                        583406.625
                    ],
                    [
                        2370376.0,
                        2.588063398434315e-05,
                        0.00039070475031621754,
                        599303.875
                    ],
                    [
                        3150848.0,
                        2.573955680418294e-05,
                        0.00037147922557778656,
                        638024.3125
                    ],
                    [
                        4121008.0,
                        2.5556088075973094e-05,
                        0.00035373689024709165,
                        613075.625
                    ],
                    [
                        3627240.0,
                        2.5363364329678006e-05,
                        0.0003472233365755528,
                        713559.4375
                    ],
                    [
                        4171688.0,
                        2.5172355890390463e-05,
                        0.00021890846255701035,
                        610763.0
                    ],
                    [
                        2390648.0,
                        2.501373273844365e-05,
                        0.00019109471759293228,
                        629310.5
                    ],
                    [
                        3237728.0,
                        2.487938036210835e-05,
                        0.00025023153284564614,
                        525239.375
                    ],
                    [
                        5175152.0,
                        2.4681297873030417e-05,
                        0.000305382302030921,
                        610625.375
                    ],
                    [
                        4510520.0,
                        2.445693280606065e-05,
                        0.00029567780438810587,
                        582702.6875
                    ]
                ]
            ],
            "actions": [
                [
                    [
                        0.5
                    ],
                    [
                        0.5
                    ],
                    [
                        0.5
                    ],
                    [
                        0.5
                    ],
                    [
                        0.5
                    ],
                    [
                        0.5
                    ],
                    [
                        0.5
                    ],
                    [
                        0.5
                    ],
                    [
                        0.5
                    ],
                    [
                        0.5
                    ],
                    [
                        0.5
                    ],
                    [
                        0.5
                    ],
                    [
                        0.5
                    ],
                    [
                        0.5
                    ],
                    [
                        0.5
                    ],
                    [
                        0.5
                    ],
                    [
                        0.5
                    ],
                    [
                        0.5
                    ],
                    [
                        0.5
                    ],
                    [
                        0.5
                    ]
                ]
            ],
            "returns": [
                [
                    [
                        0.11548818647861481
                    ],
                    [
                        0.11458403617143631
                    ],
                    [
                        0.11365323513746262
                    ],
                    [
                        0.11272994428873062
                    ],
                    [
                        0.11178387701511383
                    ],
                    [
                        0.11083762347698212
                    ],
                    [
                        0.1098976582288742
                    ],
                    [
                        0.10893134027719498
                    ],
                    [
                        0.10798463225364685
                    ],
                    [
                        0.10705341398715973
                    ],
                    [
                        0.10613063722848892
                    ],
                    [
                        0.10524109750986099
                    ],
                    [
                        0.10437972098588943
                    ],
                    [
                        0.1034931093454361
                    ],
                    [
                        0.10258270055055618
                    ],
                    [
                        0.1016836017370224
                    ],
                    [
                        0.10077211260795593
                    ],
                    [
                        0.09990997612476349
                    ],
                    [
                        0.09902095794677734
                    ],
                    [
                        0.09809035062789917
                    ]
                ]
            ],
            "timesteps": [
                [
                    500,
                    501,
                    502,
                    503,
                    504,
                    505,
                    506,
                    507,
                    508,
                    509,
                    510,
                    511,
                    512,
                    513,
                    514,
                    515,
                    516,
                    517,
                    518,
                    519
                ]
            ],
            "labels": [
                [
                    1,
                    1,
                    1,
                    1,
                    1,
                    1,
                    1,
                    1,
                    1,
                    1,
                    1,
                    1,
                    1,
                    1,
                    1,
                    1,
                    1,
                    1,
                    1,
                    1
                ]
            ],
            "CPU Usage": 46.7,
            "RAM Usage": 55.1,
            "GPU Usage": 0.0,
            "VRAM Usage": 356.0,
            "Disk Read Speed (MB/s)": 206066.8486328125,
            "Disk Write Speed (MB/s)": 372478.0595703125
        },
        {
            "step": 2,
            "train_loss": 0.04366164281964302,
            "actions_pred1": [
                [
                    [
                        0.6648356318473816,
                        0.13726423680782318,
                        0.7985012531280518,
                        -0.5154529809951782
                    ],
                    [
                        0.7234949469566345,
                        0.3133377134799957,
                        0.7779755592346191,
                        -0.69071364402771
                    ],
                    [
                        0.6399234533309937,
                        0.4711304008960724,
                        0.7407988905906677,
                        -0.8765757083892822
                    ],
                    [
                        0.6394006013870239,
                        0.4905925989151001,
                        0.8333210349082947,
                        -0.8613803386688232
                    ],
                    [
                        0.5713014602661133,
                        0.4744473099708557,
                        0.7346202731132507,
                        -0.64522385597229
                    ],
                    [
                        0.6087560057640076,
                        0.5357241630554199,
                        0.8130277395248413,
                        -0.5969887971878052
                    ],
                    [
                        0.5964081287384033,
                        0.4183526039123535,
                        0.7849451899528503,
                        -0.5813750624656677
                    ],
                    [
                        0.4634333848953247,
                        0.4310634732246399,
                        0.9167401790618896,
                        -0.6799442768096924
                    ],
                    [
                        0.41245728731155396,
                        0.5047222375869751,
                        0.9661207795143127,
                        -0.7041735649108887
                    ],
                    [
                        0.4200069308280945,
                        0.4223133623600006,
                        0.8479907512664795,
                        -0.6113099455833435
                    ],
                    [
                        0.3483062982559204,
                        0.5130760073661804,
                        0.9117399454116821,
                        -0.7148680686950684
                    ],
                    [
                        0.48396730422973633,
                        0.548808753490448,
                        1.022356390953064,
                        -0.43530911207199097
                    ],
                    [
                        0.5220557451248169,
                        0.532615065574646,
                        0.9710592031478882,
                        -0.7732887268066406
                    ],
                    [
                        0.41188520193099976,
                        0.5407467484474182,
                        0.9766215682029724,
                        -0.6492710113525391
                    ],
                    [
                        0.4007388651371002,
                        0.5687207579612732,
                        1.025649070739746,
                        -0.6402431130409241
                    ],
                    [
                        0.4804743230342865,
                        0.5756973028182983,
                        1.030601143836975,
                        -0.5593870878219604
                    ],
                    [
                        0.42877674102783203,
                        0.520785927772522,
                        1.0156625509262085,
                        -0.5579094886779785
                    ],
                    [
                        0.30206066370010376,
                        0.4795571565628052,
                        0.8637743592262268,
                        -0.5696192979812622
                    ],
                    [
                        0.4401986002922058,
                        0.39313679933547974,
                        0.8432450890541077,
                        -0.5212191343307495
                    ],
                    [
                        0.32043540477752686,
                        0.46477216482162476,
                        0.9184649586677551,
                        -0.5746272802352905
                    ]
                ]
            ],
            "actions_pred": [
                [
                    [
                        0.6648356318473816,
                        0.7234949469566345,
                        0.6399234533309937,
                        0.6394006013870239,
                        0.5713014602661133,
                        0.6087560057640076,
                        0.5964081287384033,
                        0.4634333848953247,
