{
    "steps": [
        {
            "step": 0,
            "train_loss": 0.015483786351978779,
            "actions_pred1": [
                [
                    [
                        0.7833724617958069,
                        -0.06178656965494156,
                        2.81475830078125,
                        -4.089413166046143
                    ],
                    [
                        0.8827034831047058,
                        -0.033633217215538025,
                        2.3710007667541504,
                        -4.364179611206055
                    ],
                    [
                        1.1855032444000244,
                        0.30843448638916016,
                        2.312880039215088,
                        -4.618697166442871
                    ],
                    [
                        1.2913813591003418,
                        0.25552284717559814,
                        2.333801746368408,
                        -4.509756088256836
                    ],
                    [
                        1.2233116626739502,
                        0.5321223139762878,
                        2.4468531608581543,
                        -4.343999862670898
                    ],
                    [
                        1.3984074592590332,
                        0.7750681638717651,
                        2.405555248260498,
                        -4.685341835021973
                    ],
                    [
                        1.782609224319458,
                        0.9378599524497986,
                        2.46095609664917,
                        -4.823517322540283
                    ],
                    [
                        2.221066951751709,
                        1.0410524606704712,
                        2.611513614654541,
                        -4.9884724617004395
                    ],
                    [
                        2.1719954013824463,
                        0.9379367232322693,
                        2.6661617755889893,
                        -5.128711223602295
                    ],
                    [
                        2.1898560523986816,
                        0.9843944907188416,
                        2.5996572971343994,
                        -5.086056709289551
                    ],
                    [
                        2.250336170196533,
                        0.9332156181335449,
                        2.451446771621704,
                        -4.9500627517700195
                    ],
                    [
                        2.2957606315612793,
                        0.7081213593482971,
                        2.412937879562378,
                        -5.040688991546631
                    ],
                    [
                        2.7429094314575195,
                        0.5645619630813599,
                        2.35786771774292,
                        -5.265046119689941
                    ],
                    [
                        2.7728376388549805,
                        0.7247389554977417,
                        2.3198866844177246,
                        -5.236541748046875
                    ],
                    [
                        2.9808907508850098,
                        0.6435933113098145,
                        2.312180995941162,
                        -5.2041144371032715
                    ],
                    [
                        3.0231809616088867,
                        0.6661591529846191,
                        2.373626947402954,
                        -5.237514019012451
                    ],
                    [
                        2.8230247497558594,
                        0.6085647940635681,
                        2.151055097579956,
                        -4.940181255340576
                    ],
                    [
                        2.88108491897583,
                        0.574301540851593,
                        2.2234883308410645,
                        -5.12234354019165
                    ],
                    [
                        2.850712299346924,
                        0.5393810272216797,
                        2.27305269241333,
                        -5.103703498840332
                    ],
                    [
                        2.942631721496582,
                        0.6149865984916687,
                        2.272559642791748,
                        -5.201135635375977
                    ]
                ]
            ],
            "actions_pred": [
                [
                    [
                        0.7833724617958069,
                        0.8827034831047058,
                        1.1855032444000244,
                        1.2913813591003418,
                        1.2233116626739502,
                        1.3984074592590332,
                        1.782609224319458,
                        2.221066951751709,
                        2.1719954013824463,
                        2.1898560523986816,
                        2.250336170196533,
                        2.2957606315612793,
                        2.7429094314575195,
                        2.7728376388549805,
                        2.9808907508850098,
                        3.0231809616088867,
                        2.8230247497558594,
                        2.88108491897583,
                        2.850712299346924,
                        2.942631721496582
                    ],
                    [
                        -0.06178656965494156,
                        -0.033633217215538025,
                        0.30843448638916016,
                        0.25552284717559814,
                        0.5321223139762878,
                        0.7750681638717651,
                        0.9378599524497986,
                        1.0410524606704712,
                        0.9379367232322693,
                        0.9843944907188416,
                        0.9332156181335449,
                        0.7081213593482971,
                        0.5645619630813599,
                        0.7247389554977417,
                        0.6435933113098145,
                        0.6661591529846191,
                        0.6085647940635681,
                        0.574301540851593,
                        0.5393810272216797,
                        0.6149865984916687
                    ],
                    [
                        2.81475830078125,
                        2.3710007667541504,
                        2.312880039215088,
                        2.333801746368408,
                        2.4468531608581543,
                        2.405555248260498,
                        2.46095609664917,
                        2.611513614654541,
                        2.6661617755889893,
                        2.5996572971343994,
                        2.451446771621704,
                        2.412937879562378,
                        2.35786771774292,
                        2.3198866844177246,
                        2.312180995941162,
                        2.373626947402954,
                        2.151055097579956,
                        2.2234883308410645,
                        2.27305269241333,
                        2.272559642791748
                    ],
                    [
                        -4.089413166046143,
                        -4.364179611206055,
                        -4.618697166442871,
                        -4.509756088256836,
                        -4.343999862670898,
                        -4.685341835021973,
                        -4.823517322540283,
                        -4.9884724617004395,
                        -5.128711223602295,
                        -5.086056709289551,
                        -4.9500627517700195,
                        -5.040688991546631,
                        -5.265046119689941,
                        -5.236541748046875,
                        -5.2041144371032715,
                        -5.237514019012451,
                        -4.940181255340576,
                        -5.12234354019165,
                        -5.103703498840332,
                        -5.201135635375977
                    ]
                ]
            ],
            "states": [
                [
                    [
                        5527016.0,
                        1.5349276509368792e-05,
                        0.0002737951872404665,
                        805844.5
                    ],
                    [
                        5095512.0,
                        1.517824421171099e-05,
                        0.0002537628752179444,
                        822709.0625
                    ],
                    [
                        5057864.0,
                        1.501830956840422e-05,
                        0.0002845273702405393,
                        817377.8125
                    ],
                    [
                        5703672.0,
                        1.4852455933578312e-05,
                        0.00027429292094893754,
                        848477.75
                    ],
                    [
                        5414072.0,
                        1.4684866982861422e-05,
                        0.0002784566895570606,
                        829260.1875
                    ],
                    [
                        5337328.0,
                        1.452638753107749e-05,
                        0.00027366288122721016,
                        838067.9375
                    ],
                    [
                        5141848.0,
                        1.4375169484992512e-05,
                        0.0002617421268951148,
                        823064.0
                    ],
                    [
                        5211352.0,
                        1.422882269253023e-05,
                        0.000270931632257998,
                        844933.9375
                    ],
                    [
                        5386560.0,
                        1.4082077541388571e-05,
                        0.00027350522577762604,
                        861893.1875
                    ],
                    [
                        5118680.0,
                        1.3939571545051876e-05,
                        0.0002609447401482612,
                        831639.4375
                    ],
                    [
                        5401040.0,
                        1.3799754015053622e-05,
                        0.0002695223083719611,
                        814358.625
                    ],
                    [
                        5211352.0,
                        1.3661498996953014e-05,
                        0.00026009109569713473,
                        868776.75
                    ],
                    [
                        142.0,
                        0.21944443881511688,
                        0.00015429843915626407,
                        853.0870361328125
                    ],
                    [
                        4879797.0,
                        0.008871808648109436,
                        0.0001451207062928006,
                        568995.3125
                    ],
                    [
                        6620256.0,
                        0.0009351735934615135,
                        0.00015239168715197593,
                        450753.09375
                    ],
                    [
                        9419240.0,
                        0.00045934959780424833,
                        0.0001363051705993712,
                        480722.0
                    ],
                    [
                        9852192.0,
                        0.0002833923790603876,
                        0.0001300903531955555,
                        459858.53125
                    ],
                    [
                        9448200.0,
                        0.0002050806797342375,
                        0.026162419468164444,
                        444324.5625
                    ],
                    [
                        10519720.0,
                        0.00015983681078068912,
                        0.00028762174770236015,
                        442793.625
                    ],
                    [
                        11032312.0,
                        0.00012905527546536177,
                        0.00021737493807449937,
                        442420.15625
                    ]
                ]
            ],
            "actions": [
                [
                    [
                        0.75
                    ],
                    [
                        0.75
                    ],
                    [
                        0.75
                    ],
                    [
                        0.75
                    ],
                    [
                        0.75
                    ],
                    [
                        0.75
                    ],
                    [
                        0.75
                    ],
                    [
                        0.75
                    ],
                    [
                        0.75
                    ],
                    [
                        0.75
                    ],
                    [
                        0.75
                    ],
                    [
                        0.75
                    ],
                    [
                        0.25
                    ],
                    [
                        0.25
                    ],
                    [
                        0.25
                    ],
                    [
                        0.25
                    ],
                    [
                        0.25
                    ],
                    [
                        0.25
                    ],
                    [
                        0.25
                    ],
                    [
                        0.25
                    ]
                ]
            ],
            "returns": [
                [
                    [
                        0.30454936623573303
                    ],
                    [
                        0.30361291766166687
                    ],
                    [
                        0.3026837110519409
                    ],
                    [
                        0.3017551302909851
                    ],
                    [
                        0.3008159101009369
                    ],
                    [
                        0.29988130927085876
                    ],
                    [
                        0.2989479601383209
                    ],
                    [
                        0.2980179190635681
                    ],
                    [
                        0.2970867156982422
                    ],
                    [
                        0.2961525619029999
                    ],
                    [
                        0.2952229082584381
                    ],
                    [
                        0.2942885160446167
                    ],
                    [
                        0.29335731267929077
                    ],
                    [
                        0.29335731267929077
                    ],
                    [
                        0.29243192076683044
                    ],
                    [
                        0.2914794683456421
                    ],
                    [
                        0.29049578309059143
                    ],
                    [
                        0.2895081043243408
                    ],
                    [
                        0.2885241210460663
                    ],
                    [
                        0.2875306308269501
                    ]
                ]
            ],
            "timesteps": [
                [
                    300,
                    301,
                    302,
                    303,
                    304,
                    305,
                    306,
                    307,
                    308,
                    309,
                    310,
                    311,
                    312,
                    313,
                    314,
                    315,
                    316,
                    317,
                    318,
                    319
                ]
            ],
            "labels": [
                [
                    2,
                    2,
                    2,
                    2,
                    2,
                    2,
                    2,
                    2,
                    2,
                    2,
                    2,
                    2,
                    0,
                    0,
                    0,
                    0,
                    0,
                    0,
                    0,
                    0
                ]
            ],
            "CPU Usage": 45.4,
            "RAM Usage": 55.0,
            "GPU Usage": 0.0,
            "VRAM Usage": 355.0,
            "Disk Read Speed (MB/s)": 206646.8544921875,
            "Disk Write Speed (MB/s)": 421166.8798828125
        },
        {
            "step": 1,
            "train_loss": 0.02278653346002102,
            "actions_pred1": [
                [
                    [
                        2.36759352684021,
                        1.984311819076538,
                        2.689486026763916,
                        -4.778192520141602
                    ],
                    [
                        2.1565375328063965,
                        1.8113374710083008,
                        2.6954569816589355,
                        -4.9098639488220215
                    ],
                    [
                        2.3953380584716797,
                        2.4035592079162598,
                        2.525968551635742,
                        -4.659337520599365
                    ],
                    [
                        2.475534439086914,
                        2.352566957473755,
                        2.461690902709961,
                        -4.89705753326416
                    ],
                    [
                        2.763934850692749,
                        1.974898099899292,
                        2.5357003211975098,
                        -5.790849208831787
                    ],
                    [
                        2.818925142288208,
                        1.6058943271636963,
                        2.426490306854248,
                        -5.896265029907227
                    ],
                    [
                        2.938737630844116,
                        1.3999290466308594,
                        2.4220030307769775,
                        -6.248118877410889
                    ],
                    [
                        2.878239393234253,
                        1.5639489889144897,
                        2.5549700260162354,
                        -6.430959701538086
                    ],
                    [
                        3.313267469406128,
                        1.5430991649627686,
                        2.785551071166992,
                        -6.903095245361328
                    ],
                    [
                        3.217019557952881,
                        1.8993808031082153,
                        2.548624277114868,
                        -6.508634567260742
                    ],
                    [
                        3.1160964965820312,
                        1.7464510202407837,
                        2.2537143230438232,
                        -6.835014343261719
                    ],
                    [
                        3.0978455543518066,
                        1.1568628549575806,
                        2.395742416381836,
                        -6.53428840637207
                    ],
                    [
                        2.921163558959961,
                        1.3672854900360107,
                        2.6439974308013916,
                        -6.403526306152344
                    ],
                    [
                        2.9389379024505615,
                        1.3381925821304321,
                        2.5799050331115723,
                        -6.287798881530762
                    ],
                    [
                        3.0030910968780518,
                        1.5109543800354004,
                        2.5522515773773193,
                        -6.318607807159424
                    ],
                    [
                        2.947908639907837,
                        1.1735738515853882,
                        2.4842803478240967,
                        -6.390042781829834
                    ],
                    [
                        2.73667573928833,
                        1.1047871112823486,
                        2.6430771350860596,
                        -6.447227478027344
                    ],
                    [
                        2.8927183151245117,
                        1.2600938081741333,
                        2.4017388820648193,
                        -6.2852067947387695
                    ],
                    [
                        2.9982857704162598,
                        1.3604018688201904,
                        2.5662896633148193,
                        -6.4172234535217285
                    ],
                    [
                        2.9613397121429443,
                        1.6691973209381104,
                        2.4483089447021484,
                        -6.86759090423584
                    ]
                ]
            ],
            "actions_pred": [
                [
                    [
                        2.36759352684021,
                        2.1565375328063965,
                        2.3953380584716797,
                        2.475534439086914,
                        2.763934850692749,
                        2.818925142288208,
                        2.938737630844116,
                        2.878239393234253,
                        3.313267469406128,
                        3.217019557952881,
                        3.1160964965820312,
                        3.0978455543518066,
                        2.921163558959961,
                        2.9389379024505615,
                        3.0030910968780518,
                        2.947908639907837,
                        2.73667573928833,
                        2.8927183151245117,
                        2.9982857704162598,
                        2.9613397121429443
                    ],
                    [
                        1.984311819076538,
                        1.8113374710083008,
                        2.4035592079162598,
                        2.352566957473755,
                        1.974898099899292,
                        1.6058943271636963,
                        1.3999290466308594,
                        1.5639489889144897,
                        1.5430991649627686,
                        1.8993808031082153,
                        1.7464510202407837,
                        1.1568628549575806,
                        1.3672854900360107,
                        1.3381925821304321,
                        1.5109543800354004,
                        1.1735738515853882,
                        1.1047871112823486,
                        1.2600938081741333,
                        1.3604018688201904,
                        1.6691973209381104
                    ],
                    [
                        2.689486026763916,
                        2.6954569816589355,
                        2.525968551635742,
                        2.461690902709961,
                        2.5357003211975098,
                        2.426490306854248,
                        2.4220030307769775,
                        2.5549700260162354,
                        2.785551071166992,
                        2.548624277114868,
                        2.2537143230438232,
                        2.395742416381836,
                        2.6439974308013916,
                        2.5799050331115723,
                        2.5522515773773193,
                        2.4842803478240967,
                        2.6430771350860596,
                        2.4017388820648193,
                        2.5662896633148193,
                        2.4483089447021484
                    ],
                    [
                        -4.778192520141602,
                        -4.9098639488220215,
                        -4.659337520599365,
                        -4.89705753326416,
                        -5.790849208831787,
                        -5.896265029907227,
                        -6.248118877410889,
                        -6.430959701538086,
                        -6.903095245361328,
                        -6.508634567260742,
                        -6.835014343261719,
                        -6.53428840637207,
                        -6.403526306152344,
                        -6.287798881530762,
                        -6.318607807159424,
                        -6.390042781829834,
                        -6.447227478027344,
                        -6.2852067947387695,
                        -6.4172234535217285,
                        -6.86759090423584
                    ]
                ]
            ],
            "states": [
                [
                    [
                        195480.0,
                        0.00017859364743344486,
                        0.0014523763675242662,
                        455306.15625
                    ],
                    [
                        224440.0,
                        0.00017706550715956837,
                        0.0012122188927605748,
                        199210.375
                    ],
                    [
                        260640.0,
                        0.00017533254867885262,
                        0.0010567386634647846,
                        291813.4375
                    ],
                    [
                        231680.0,
                        0.00017360733181703836,
                        0.0010331012308597565,
                        619352.5625
                    ],
                    [
                        201272.0,
                        0.00017211795784533024,
                        0.0008577806875109673,
                        757621.5
                    ],
                    [
                        233128.0,
                        0.0001706496550468728,
                        0.002856994280591607,
                        402371.75
                    ],
                    [
                        238920.0,
                        0.00016908197721932083,
                        0.005327177233994007,
                        418626.09375
                    ],
                    [
                        185344.0,
                        0.00016769685316830873,
                        0.006734849885106087,
                        490648.125
                    ],
                    [
                        205616.0,
                        0.000166440979228355,
                        0.008968048729002476,
                        304516.78125
                    ],
                    [
                        195480.0,
                        0.00016517171752639115,
                        0.00019177634385414422,
                        553446.625
                    ],
                    [
                        202720.0,
                        0.00016393074474763125,
                        0.0001491233124397695,
                        853423.1875
                    ],
                    [
                        209960.0,
                        0.00016266417514998466,
                        0.0002625611668918282,
                        298799.9375
                    ],
                    [
                        209960.0,
                        0.0001613952626939863,
                        0.0004885925445705652,
                        376011.875
                    ],
                    [
                        144800.0,
                        0.00016033815336413682,
                        0.0010367168579250574,
                        94745.609375
                    ],
                    [
                        246160.0,
                        0.00015919026918709278,
                        0.0028569940477609634,
                        223245.734375
                    ],
                    [
                        253400.0,
                        0.000157746413606219,
                        0.005327177233994007,
                        267948.78125
                    ],
                    [
                        296840.0,
                        0.00015618640463799238,
                        0.006734849885106087,
                        291045.46875
                    ],
                    [
                        340280.0,
                        0.0001544181868666783,
                        0.008968048729002476,
                        376205.125
                    ],
                    [
                        405440.0,
                        0.0001523990067653358,
                        0.010990988463163376,
                        467932.84375
                    ],
                    [
                        463360.0,
                        0.0001501120423199609,
                        0.011323424987494946,
                        301846.5
                    ]
                ]
            ],
            "actions": [
                [
                    [
                        0.25
                    ],
                    [
                        0.25
                    ],
                    [
                        0.25
                    ],
                    [
                        0.25
                    ],
                    [
                        0.25
                    ],
                    [
                        0.25
                    ],
                    [
                        0.25
                    ],
                    [
                        0.25
                    ],
                    [
                        0.25
                    ],
                    [
                        0.25
                    ],
                    [
                        0.25
                    ],
                    [
                        0.25
                    ],
                    [
                        0.25
                    ],
                    [
                        0.25
                    ],
                    [
                        0.25
                    ],
                    [
                        0.25
                    ],
                    [
                        0.25
                    ],
                    [
                        0.25
                    ],
                    [
                        0.25
                    ],
                    [
                        0.25
                    ]
                ]
            ],
            "returns": [
                [
                    [
                        0.0820998102426529
                    ],
                    [
                        0.0814596638083458
                    ],
                    [
                        0.08080726861953735
                    ],
                    [
                        0.08014161884784698
                    ],
                    [
                        0.0794864147901535
                    ],
                    [
                        0.07884368300437927
                    ],
                    [
                        0.07818792015314102
                    ],
                    [
                        0.07752998173236847
                    ],
                    [
                        0.07689455896615982
                    ],
                    [
                        0.07624993473291397
                    ],
                    [
                        0.07560978829860687
                    ],
                    [
                        0.0749664157629013
                    ],
                    [
                        0.07431993633508682
                    ],
                    [
                        0.07367345690727234
                    ],
                    [
                        0.07305991649627686
                    ],
                    [
                        0.0723993331193924
                    ],
                    [
                        0.07173618674278259
                    ],
                    [
                        0.07105900347232819
                    ],
                    [
                        0.07036971300840378
                    ],
                    [
                        0.06966488808393478
                    ]
                ]
            ],
            "timesteps": [
                [
                    540,
                    541,
                    542,
                    543,
                    544,
                    545,
                    546,
                    547,
                    548,
                    549,
                    550,
                    551,
                    552,
                    553,
                    554,
                    555,
                    556,
                    557,
                    558,
                    559
                ]
            ],
            "labels": [
                [
                    0,
                    0,
                    0,
                    0,
                    0,
                    0,
                    0,
                    0,
                    0,
                    0,
                    0,
                    0,
                    0,
                    0,
                    0,
                    0,
                    0,
                    0,
                    0,
                    0
                ]
            ],
            "CPU Usage": 46.7,
            "RAM Usage": 55.1,
            "GPU Usage": 0.0,
            "VRAM Usage": 355.0,
            "Disk Read Speed (MB/s)": 206646.8544921875,
            "Disk Write Speed (MB/s)": 421167.0830078125
        },
        {
            "step": 2,
            "train_loss": 0.0046371351927518845,
            "actions_pred1": [
                [
                    [
                        0.9092128276824951,
                        0.4977112114429474,
                        2.6375036239624023,
                        -3.580097198486328
                    ],
                    [
                        1.1277390718460083,
                        0.6777389049530029,
                        2.6437551975250244,
                        -3.976034641265869
                    ],
                    [
                        1.343056321144104,
                        0.8311461210250854,
                        2.9806771278381348,
                        -4.539462089538574
                    ],
                    [
                        1.7301864624023438,
                        0.7610338926315308,
                        3.6346747875213623,
                        -5.053823947906494
                    ],
                    [
                        1.8792160749435425,
                        0.9384329915046692,
                        3.7979917526245117,
                        -5.446561336517334
                    ],
                    [
                        1.4533805847167969,
                        0.5789964199066162,
                        4.044651508331299,
                        -5.593806266784668
                    ],
                    [
                        1.281637191772461,
                        0.6102722883224487,
                        4.232063293457031,
                        -5.841654300689697
                    ],
                    [
                        1.441635251045227,
                        0.8631300330162048,
                        4.271530628204346,
                        -5.960558891296387
                    ],
                    [
                        1.7056368589401245,
                        0.5859828591346741,
                        4.31275749206543,
                        -6.604942321777344
                    ],
                    [
                        1.6534351110458374,
                        0.5206449031829834,
                        3.9771556854248047,
                        -7.157131195068359
                    ],
                    [
                        1.589808702468872,
                        0.3593672811985016,
                        3.8392138481140137,
                        -7.361451148986816
                    ],
                    [
                        1.8210529088974,
                        0.48164501786231995,
                        3.963409900665283,
                        -7.499085426330566
                    ],
                    [
                        2.0352182388305664,
                        0.5087609887123108,
                        4.289655685424805,
                        -7.654397964477539
                    ],
                    [
                        1.9591267108917236,
                        0.10587996244430542,
                        4.1505327224731445,
                        -7.729495048522949
                    ],
                    [
                        2.171907901763916,
                        0.21296100318431854,
                        4.172633171081543,
                        -7.874327659606934
                    ],
                    [
                        2.0312423706054688,
                        0.2282056212425232,
                        4.178382396697998,
                        -8.027811050415039
                    ],
                    [
                        2.07771897315979,
                        0.26123055815696716,
                        4.296544551849365,
                        -8.162286758422852
                    ],
                    [
                        2.060349941253662,
                        0.4529540538787842,
                        4.273462295532227,
                        -8.33713150024414
                    ],
                    [
                        2.2613368034362793,
                        0.6515616774559021,
                        4.355748176574707,
                        -8.558501243591309
                    ],
                    [
                        2.0153894424438477,
                        0.7187402844429016,
                        4.351963996887207,
                        -8.439654350280762
                    ]
                ]
            ],
            "actions_pred": [
                [
                    [
                        0.9092128276824951,
                        1.1277390718460083,
                        1.343056321144104,
                        1.7301864624023438,
                        1.8792160749435425,
                        1.4533805847167969,
                        1.281637191772461,
                        1.441635251045227,
                        1.7056368589401245,
                        1.6534351110458374,
                        1.589808702468872,
                        1.8210529088974,
                        2.0352182388305664,
                        1.9591267108917236,
                        2.171907901763916,
                        2.0312423706054688,
