{
    "steps": [
        {
            "step": 0,
            "train_loss": 0.0010841678595170379,
            "actions_pred1": [
                [
                    [
                        1.487628698348999,
                        -0.0833735466003418,
                        3.7762532234191895,
                        -5.244133949279785
                    ],
                    [
                        1.2358144521713257,
                        0.09282928705215454,
                        3.931774616241455,
                        -5.693320274353027
                    ],
                    [
                        1.2913302183151245,
                        0.13983982801437378,
                        4.091348171234131,
                        -5.642141342163086
                    ],
                    [
                        1.4114429950714111,
                        -0.0014472901821136475,
                        5.114761829376221,
                        -6.1128740310668945
                    ],
                    [
                        1.0675184726715088,
                        0.08896404504776001,
                        5.752502918243408,
                        -6.239321708679199
                    ],
                    [
                        0.9519435167312622,
                        0.07821780443191528,
                        5.667375564575195,
                        -5.983112812042236
                    ],
                    [
                        0.7763413786888123,
                        0.03609171509742737,
                        5.426599502563477,
                        -6.137658596038818
                    ],
                    [
                        1.099329948425293,
                        0.8077674508094788,
                        5.562743186950684,
                        -6.179354667663574
                    ],
                    [
                        1.471336841583252,
                        1.1910271644592285,
                        5.30985164642334,
                        -6.090203762054443
                    ],
                    [
                        1.4633928537368774,
                        0.9081332683563232,
                        5.494481086730957,
                        -6.2571797370910645
                    ],
                    [
                        1.4850554466247559,
                        1.112587332725525,
                        5.734029769897461,
                        -6.36644983291626
                    ],
                    [
                        1.6453299522399902,
                        0.892440140247345,
                        5.49245548248291,
                        -6.493616580963135
                    ],
                    [
                        1.6779999732971191,
                        0.6758069396018982,
                        5.528773784637451,
                        -6.61739444732666
                    ],
                    [
                        1.8042237758636475,
                        0.47750362753868103,
                        5.566582202911377,
                        -6.564369201660156
                    ],
                    [
                        1.7941166162490845,
                        0.5180756449699402,
                        5.5286407470703125,
                        -6.646634101867676
                    ],
                    [
                        1.6115261316299438,
                        0.641383945941925,
                        5.720847129821777,
                        -6.723866939544678
                    ],
                    [
                        1.635852575302124,
                        0.6191607117652893,
                        5.6190996170043945,
                        -6.614973545074463
                    ],
                    [
                        1.5662806034088135,
                        0.5514959692955017,
                        5.4711456298828125,
                        -6.589989185333252
                    ],
                    [
                        1.3463551998138428,
                        0.7083696126937866,
                        5.54066801071167,
                        -6.6108174324035645
                    ],
                    [
                        1.340383768081665,
                        0.7140186429023743,
                        5.576215744018555,
                        -6.576927185058594
                    ]
                ]
            ],
            "actions_pred": [
                [
                    [
                        1.487628698348999,
                        1.2358144521713257,
                        1.2913302183151245,
                        1.4114429950714111,
                        1.0675184726715088,
                        0.9519435167312622,
                        0.7763413786888123,
                        1.099329948425293,
                        1.471336841583252,
                        1.4633928537368774,
                        1.4850554466247559,
                        1.6453299522399902,
                        1.6779999732971191,
                        1.8042237758636475,
                        1.7941166162490845,
                        1.6115261316299438,
                        1.635852575302124,
                        1.5662806034088135,
                        1.3463551998138428,
                        1.340383768081665
                    ],
                    [
                        -0.0833735466003418,
                        0.09282928705215454,
                        0.13983982801437378,
                        -0.0014472901821136475,
                        0.08896404504776001,
                        0.07821780443191528,
                        0.03609171509742737,
                        0.8077674508094788,
                        1.1910271644592285,
                        0.9081332683563232,
                        1.112587332725525,
                        0.892440140247345,
                        0.6758069396018982,
                        0.47750362753868103,
                        0.5180756449699402,
                        0.641383945941925,
                        0.6191607117652893,
                        0.5514959692955017,
                        0.7083696126937866,
                        0.7140186429023743
                    ],
                    [
                        3.7762532234191895,
                        3.931774616241455,
                        4.091348171234131,
                        5.114761829376221,
                        5.752502918243408,
                        5.667375564575195,
                        5.426599502563477,
                        5.562743186950684,
                        5.30985164642334,
                        5.494481086730957,
                        5.734029769897461,
                        5.49245548248291,
                        5.528773784637451,
                        5.566582202911377,
                        5.5286407470703125,
                        5.720847129821777,
                        5.6190996170043945,
                        5.4711456298828125,
                        5.54066801071167,
                        5.576215744018555
                    ],
                    [
                        -5.244133949279785,
                        -5.693320274353027,
                        -5.642141342163086,
                        -6.1128740310668945,
                        -6.239321708679199,
                        -5.983112812042236,
                        -6.137658596038818,
                        -6.179354667663574,
                        -6.090203762054443,
                        -6.2571797370910645,
                        -6.36644983291626,
                        -6.493616580963135,
                        -6.61739444732666,
                        -6.564369201660156,
                        -6.646634101867676,
                        -6.723866939544678,
                        -6.614973545074463,
                        -6.589989185333252,
                        -6.6108174324035645,
                        -6.576927185058594
                    ]
                ]
            ],
            "states": [
                [
                    [
                        3105960.0,
                        0.00044856633758172393,
                        0.0002628508664201945,
                        907599.4375
                    ],
                    [
                        3777832.0,
                        0.00036993034882470965,
                        0.00026417680783197284,
                        946940.1875
                    ],
                    [
                        4115216.0,
                        0.00030784233240410686,
                        0.0002805523981805891,
                        868017.4375
                    ],
                    [
                        4368616.0,
                        0.0002607771893963218,
                        0.00026978878304362297,
                        839353.625
                    ],
                    [
                        5060760.0,
                        0.0002229743986390531,
                        0.00027627943200059235,
                        780951.6875
                    ],
                    [
                        5356152.0,
                        0.00019212921324651688,
                        0.00025924446526914835,
                        788666.125
                    ],
                    [
                        5373528.0,
                        0.00012254947796463966,
                        0.006524195894598961,
                        846197.875
                    ],
                    [
                        5111440.0,
                        0.00011254391574766487,
                        0.002146858023479581,
                        777919.5
                    ],
                    [
                        5496608.0,
                        0.00010397062578704208,
                        0.0023773028515279293,
                        803926.1875
                    ],
                    [
                        5341672.0,
                        9.645324462326244e-05,
                        0.0020079242531210184,
                        853121.5
                    ],
                    [
                        5344568.0,
                        9.003730519907549e-05,
                        0.0019139255164191127,
                        790495.3125
                    ],
                    [
                        5479232.0,
                        8.435636846115813e-05,
                        0.0013429223326966166,
                        807753.3125
                    ],
                    [
                        5356152.0,
                        7.934254972497001e-05,
                        0.0011628043139353395,
                        855534.6875
                    ],
                    [
                        5398144.0,
                        7.492363511119038e-05,
                        0.0009117702720686793,
                        841216.6875
                    ],
                    [
                        5729736.0,
                        7.084311073413119e-05,
                        0.000803604198154062,
                        821157.125
                    ],
                    [
                        5244656.0,
                        6.722798570990562e-05,
                        0.000699773314408958,
                        790182.875
                    ],
                    [
                        5503848.0,
                        6.403109728125855e-05,
                        0.0006680691731162369,
                        817074.375
                    ],
                    [
                        5367736.0,
                        6.109109381213784e-05,
                        0.0005246230284683406,
                        814748.3125
                    ],
                    [
                        5217144.0,
                        5.847758802701719e-05,
                        0.00046889804070815444,
                        836873.125
                    ],
                    [
                        5033248.0,
                        5.6151271564885974e-05,
                        0.00035997320082969964,
                        833663.1875
                    ]
                ]
            ],
            "actions": [
                [
                    [
                        0.75
                    ],
                    [
                        0.75
                    ],
                    [
                        0.75
                    ],
                    [
                        0.75
                    ],
                    [
                        0.75
                    ],
                    [
                        0.75
                    ],
                    [
                        0.75
                    ],
                    [
                        0.75
                    ],
                    [
                        0.75
                    ],
                    [
                        0.75
                    ],
                    [
                        0.75
                    ],
                    [
                        0.75
                    ],
                    [
                        0.75
                    ],
                    [
                        0.75
                    ],
                    [
                        0.75
                    ],
                    [
                        0.75
                    ],
                    [
                        0.75
                    ],
                    [
                        0.75
                    ],
                    [
                        0.75
                    ],
                    [
                        0.75
                    ]
                ]
            ],
            "returns": [
                [
                    [
                        0.37910521030426025
                    ],
                    [
                        0.378219872713089
                    ],
                    [
                        0.3773171603679657
                    ],
                    [
                        0.37640687823295593
                    ],
                    [
                        0.37549129128456116
                    ],
                    [
                        0.37456268072128296
                    ],
                    [
                        0.37362903356552124
                    ],
                    [
                        0.37269508838653564
                    ],
                    [
                        0.3717655837535858
                    ],
                    [
                        0.37082964181900024
                    ],
                    [
                        0.3698962330818176
                    ],
                    [
                        0.36896276473999023
                    ],
                    [
                        0.36802709102630615
                    ],
                    [
                        0.36709344387054443
                    ],
                    [
                        0.3661591112613678
                    ],
                    [
                        0.36521947383880615
                    ],
                    [
                        0.36428767442703247
                    ],
                    [
                        0.36335161328315735
                    ],
                    [
                        0.3624177873134613
                    ],
                    [
                        0.3614864647388458
                    ]
                ]
            ],
            "timesteps": [
                [
                    220,
                    221,
                    222,
                    223,
                    224,
                    225,
                    226,
                    227,
                    228,
                    229,
                    230,
                    231,
                    232,
                    233,
                    234,
                    235,
                    236,
                    237,
                    238,
                    239
                ]
            ],
            "labels": [
                [
                    2,
                    2,
                    2,
                    2,
                    2,
                    2,
                    2,
                    2,
                    2,
                    2,
                    2,
                    2,
                    2,
                    2,
                    2,
                    2,
                    2,
                    2,
                    2,
                    2
                ]
            ],
            "CPU Usage": 45.1,
            "RAM Usage": 55.0,
            "GPU Usage": 0.0,
            "VRAM Usage": 355.0,
            "Disk Read Speed (MB/s)": 206668.8154296875,
            "Disk Write Speed (MB/s)": 438362.0322265625
        },
        {
            "step": 1,
            "train_loss": 0.00026428233832120895,
            "actions_pred1": [
                [
                    [
                        1.1486181020736694,
                        0.9357029795646667,
                        5.113476276397705,
                        -5.982249736785889
                    ],
                    [
                        0.356930673122406,
                        0.714104175567627,
                        6.0091681480407715,
                        -5.645905494689941
                    ],
                    [
                        0.74793541431427,
                        0.21015991270542145,
                        5.680043697357178,
                        -4.892139434814453
                    ],
                    [
                        0.888919472694397,
                        -0.03524911403656006,
                        5.511380672454834,
                        -4.720305442810059
                    ],
                    [
                        0.5802293419837952,
                        -0.16761672496795654,
                        5.971565246582031,
                        -4.8356781005859375
                    ],
                    [
                        0.40883803367614746,
                        0.2843032479286194,
                        6.3183207511901855,
                        -4.791238307952881
                    ],
                    [
                        0.501432478427887,
                        0.31586214900016785,
                        6.39759635925293,
                        -4.663325309753418
                    ],
                    [
                        0.5175020098686218,
                        0.17260773479938507,
                        6.207303047180176,
                        -4.745639324188232
                    ],
                    [
                        0.4014764428138733,
                        0.2728021442890167,
                        6.2460222244262695,
                        -4.811466217041016
                    ],
                    [
                        0.36751461029052734,
                        0.20933912694454193,
                        6.151195049285889,
                        -4.854135513305664
                    ],
                    [
                        0.3739062547683716,
                        0.4328377842903137,
                        6.182837009429932,
                        -5.00430154800415
                    ],
                    [
                        0.5182331800460815,
                        0.5104092359542847,
                        6.338298797607422,
                        -5.170516490936279
                    ],
                    [
                        0.6970539093017578,
                        0.3443492650985718,
                        6.511989593505859,
                        -5.206542491912842
                    ],
                    [
                        0.6954313516616821,
                        0.3015524744987488,
                        6.445448875427246,
                        -5.212785720825195
                    ],
                    [
                        0.8495444059371948,
                        0.1859026700258255,
                        6.2697954177856445,
                        -5.243391990661621
                    ],
                    [
                        0.9355125427246094,
                        0.31138551235198975,
                        6.235908031463623,
                        -5.226916790008545
                    ],
                    [
                        0.9643433094024658,
                        0.30107763409614563,
                        6.244970798492432,
                        -5.062353134155273
                    ],
                    [
                        0.9908122420310974,
                        0.38238781690597534,
                        6.189202785491943,
                        -5.223358631134033
                    ],
                    [
                        0.8083576560020447,
                        0.42657577991485596,
                        6.217826843261719,
                        -5.168301582336426
                    ],
                    [
                        0.7729706764221191,
                        0.37024879455566406,
                        6.171070098876953,
                        -5.118151664733887
                    ]
                ]
            ],
            "actions_pred": [
                [
                    [
                        1.1486181020736694,
                        0.356930673122406,
                        0.74793541431427,
                        0.888919472694397,
                        0.5802293419837952,
                        0.40883803367614746,
                        0.501432478427887,
                        0.5175020098686218,
                        0.4014764428138733,
                        0.36751461029052734,
                        0.3739062547683716,
                        0.5182331800460815,
                        0.6970539093017578,
                        0.6954313516616821,
                        0.8495444059371948,
                        0.9355125427246094,
                        0.9643433094024658,
                        0.9908122420310974,
                        0.8083576560020447,
                        0.7729706764221191
                    ],
                    [
                        0.9357029795646667,
                        0.714104175567627,
                        0.21015991270542145,
                        -0.03524911403656006,
                        -0.16761672496795654,
                        0.2843032479286194,
                        0.31586214900016785,
                        0.17260773479938507,
                        0.2728021442890167,
                        0.20933912694454193,
                        0.4328377842903137,
                        0.5104092359542847,
                        0.3443492650985718,
                        0.3015524744987488,
                        0.1859026700258255,
                        0.31138551235198975,
                        0.30107763409614563,
                        0.38238781690597534,
                        0.42657577991485596,
                        0.37024879455566406
                    ],
                    [
                        5.113476276397705,
                        6.0091681480407715,
                        5.680043697357178,
                        5.511380672454834,
                        5.971565246582031,
                        6.3183207511901855,
                        6.39759635925293,
                        6.207303047180176,
                        6.2460222244262695,
                        6.151195049285889,
                        6.182837009429932,
                        6.338298797607422,
                        6.511989593505859,
                        6.445448875427246,
                        6.2697954177856445,
                        6.235908031463623,
                        6.244970798492432,
                        6.189202785491943,
                        6.217826843261719,
                        6.171070098876953
                    ],
                    [
                        -5.982249736785889,
                        -5.645905494689941,
                        -4.892139434814453,
                        -4.720305442810059,
                        -4.8356781005859375,
                        -4.791238307952881,
                        -4.663325309753418,
                        -4.745639324188232,
                        -4.811466217041016,
                        -4.854135513305664,
                        -5.00430154800415,
                        -5.170516490936279,
                        -5.206542491912842,
                        -5.212785720825195,
                        -5.243391990661621,
                        -5.226916790008545,
                        -5.062353134155273,
                        -5.223358631134033,
                        -5.168301582336426,
                        -5.118151664733887
                    ]
                ]
            ],
            "states": [
                [
                    [
                        5057864.0,
                        2.556295476097148e-05,
                        0.00012937834253534675,
                        777561.25
                    ],
                    [
                        5348912.0,
                        2.480310831742827e-05,
                        0.00013201982073951513,
                        791966.9375
                    ],
                    [
                        5101304.0,
                        2.4083872631308623e-05,
                        0.00013791865785606205,
                        790369.0625
                    ],
                    [
                        5538600.0,
                        2.3393640731228516e-05,
                        0.00014453318726737052,
                        780343.4375
                    ],
                    [
                        5412624.0,
                        2.272302663186565e-05,
                        0.00014699026360176504,
                        758450.9375
                    ],
                    [
                        5321400.0,
                        2.2102101866039447e-05,
                        0.00016071676509454846,
                        845866.875
                    ],
                    [
                        5683400.0,
                        2.1499938156921417e-05,
                        0.00016249381587840617,
                        821531.0
                    ],
                    [
                        5282304.0,
                        2.0931340259267017e-05,
                        0.0001488575799157843,
                        840709.875
                    ],
                    [
                        5545840.0,
                        2.0398911146912724e-05,
                        0.00016087492986116558,
                        823198.9375
                    ],
                    [
                        5474888.0,
                        1.9883997083525173e-05,
                        0.00016716374375391752,
                        838579.125
                    ],
                    [
                        5364840.0,
                        1.9402330508455634e-05,
                        0.00019032474665436894,
                        800380.6875
                    ],
                    [
                        5569008.0,
                        1.8939608708024025e-05,
                        0.00018542619363870472,
                        823891.875
                    ],
                    [
                        5332984.0,
                        1.849955879151821e-05,
                        0.000198170033399947,
                        846311.4375
                    ],
                    [
                        5224384.0,
                        1.8092512618750334e-05,
                        0.0001916241308208555,
                        900435.5625
                    ],
                    [
                        5133160.0,
                        1.771021015883889e-05,
                        0.0002063407882815227,
                        866428.5625
                    ],
                    [
                        5361944.0,
                        1.733909812173806e-05,
                        0.00023895764024928212,
                        862112.4375
                    ],
                    [
                        5535704.0,
                        1.6969803255051374e-05,
                        0.00025051896227523685,
                        868913.125
                    ],
                    [
                        5189632.0,
                        1.662127579038497e-05,
                        0.0002676467993296683,
                        810234.1875
                    ],
                    [
                        5453168.0,
                        1.6289424820570275e-05,
                        0.0002700872428249568,
                        842694.5
                    ],
                    [
                        5334432.0,
                        1.5966239516274072e-05,
                        0.0002660537720657885,
                        825795.9375
                    ]
                ]
            ],
            "actions": [
                [
                    [
                        0.75
                    ],
                    [
                        0.75
                    ],
                    [
                        0.75
                    ],
                    [
                        0.75
                    ],
                    [
                        0.75
                    ],
                    [
                        0.75
                    ],
                    [
                        0.75
                    ],
                    [
                        0.75
                    ],
                    [
                        0.75
                    ],
                    [
                        0.75
                    ],
                    [
                        0.75
                    ],
                    [
                        0.75
                    ],
                    [
                        0.75
                    ],
                    [
                        0.75
                    ],
                    [
                        0.75
                    ],
                    [
                        0.75
                    ],
                    [
                        0.75
                    ],
                    [
                        0.75
                    ],
                    [
                        0.75
                    ],
                    [
                        0.75
                    ]
                ]
            ],
            "returns": [
                [
                    [
                        0.5615583062171936
                    ],
                    [
                        0.5606297850608826
                    ],
                    [
                        0.5596962571144104
                    ],
                    [
                        0.5587669014930725
                    ],
                    [
                        0.557830274105072
                    ],
                    [
                        0.5568956732749939
                    ],
                    [
                        0.5559626221656799
                    ],
                    [
                        0.555023729801178
                    ],
                    [
                        0.5540912747383118
                    ],
                    [
                        0.5531545877456665
                    ],
                    [
                        0.5522189736366272
                    ],
                    [
                        0.5512851476669312
                    ],
                    [
                        0.5503480434417725
                    ],
                    [
                        0.5494148135185242
                    ],
                    [
                        0.5484833717346191
                    ],
                    [
                        0.5475534796714783
                    ],
                    [
                        0.546619713306427
                    ],
                    [
                        0.5456831455230713
                    ],
                    [
                        0.544752299785614
                    ],
                    [
                        0.5438170433044434
                    ]
                ]
            ],
            "timesteps": [
                [
                    20,
                    21,
                    22,
                    23,
                    24,
                    25,
                    26,
                    27,
                    28,
                    29,
                    30,
                    31,
                    32,
                    33,
                    34,
                    35,
                    36,
                    37,
                    38,
                    39
                ]
            ],
            "labels": [
                [
                    2,
                    2,
                    2,
                    2,
                    2,
                    2,
                    2,
                    2,
                    2,
                    2,
                    2,
                    2,
                    2,
                    2,
                    2,
                    2,
                    2,
                    2,
                    2,
                    2
                ]
            ],
            "CPU Usage": 46.7,
            "RAM Usage": 55.2,
            "GPU Usage": 0.0,
            "VRAM Usage": 355.0,
            "Disk Read Speed (MB/s)": 206668.8662109375,
            "Disk Write Speed (MB/s)": 438362.2392578125
        },
        {
            "step": 2,
            "train_loss": 0.006914145313203335,
            "actions_pred1": [
                [
                    [
                        3.3934664726257324,
                        2.5357484817504883,
                        1.8905291557312012,
                        -4.872365474700928
                    ],
                    [
                        3.261070966720581,
                        2.251983404159546,
                        1.4907599687576294,
                        -4.370481491088867
                    ],
                    [
                        3.5682878494262695,
                        2.5943219661712646,
                        0.7839473485946655,
                        -3.757056713104248
                    ],
                    [
                        3.6255080699920654,
                        2.4630141258239746,
                        0.5211239457130432,
                        -4.008699893951416
                    ],
                    [
                        3.8224921226501465,
                        2.300219774246216,
                        0.505994439125061,
                        -4.578790664672852
                    ],
                    [
                        3.862018585205078,
                        1.9384430646896362,
                        0.5477690100669861,
                        -4.432018280029297
                    ],
                    [
                        4.006326675415039,
                        1.736904501914978,
                        0.398049533367157,
                        -4.765257835388184
                    ],
                    [
                        3.933274269104004,
                        1.9379991292953491,
                        0.4948676526546478,
                        -5.148360729217529
                    ],
                    [
                        4.204667091369629,
                        2.0009729862213135,
                        0.7106558084487915,
                        -5.441244125366211
                    ],
                    [
                        4.083965301513672,
                        2.158379316329956,
                        0.6566649675369263,
                        -5.461282730102539
                    ],
                    [
                        3.982689380645752,
                        2.182614803314209,
                        0.4993167519569397,
                        -5.691043853759766
                    ],
                    [
                        3.954526662826538,
                        1.862046241760254,
                        0.5118891000747681,
                        -5.468184471130371
                    ],
                    [
                        3.908228874206543,
                        1.9357788562774658,
                        0.605177640914917,
                        -5.425971508026123
                    ],
                    [
                        3.8340556621551514,
                        1.9423918724060059,
                        0.5886770486831665,
                        -5.365938663482666
                    ],
                    [
                        3.865945339202881,
                        2.0269699096679688,
                        0.435119092464447,
                        -5.3256754875183105
                    ],
                    [
                        3.8146164417266846,
                        1.8537187576293945,
                        0.4731815457344055,
                        -5.38217306137085
                    ],
                    [
                        3.6597392559051514,
                        1.886150598526001,
                        0.6613805294036865,
                        -5.651671409606934
                    ],
                    [
                        3.660323143005371,
                        2.0947909355163574,
                        0.39178910851478577,
                        -5.635372638702393
                    ],
                    [
                        3.8541109561920166,
                        2.2020585536956787,
                        0.48860597610473633,
                        -5.629688739776611
                    ],
                    [
                        3.8042616844177246,
                        2.371741771697998,
                        0.27808699011802673,
                        -5.7978692054748535
                    ]
                ]
            ],
            "actions_pred": [
                [
                    [
                        3.3934664726257324,
                        3.261070966720581,
                        3.5682878494262695,
                        3.6255080699920654,
                        3.8224921226501465,
                        3.862018585205078,
                        4.006326675415039,
                        3.933274269104004,
                        4.204667091369629,
                        4.083965301513672,
                        3.982689380645752,
                        3.954526662826538,
                        3.908228874206543,
                        3.8340556621551514,
                        3.865945339202881,
