{
    "steps": [
        {
            "step": 0,
            "train_loss": 0.01677868887782097,
            "actions_pred1": [
                [
                    [
                        0.48649948835372925,
                        0.36106622219085693,
                        1.4927430152893066,
                        -1.6664550304412842
                    ],
                    [
                        0.49714887142181396,
                        0.5260491371154785,
                        1.4408241510391235,
                        -1.736588954925537
                    ],
                    [
                        0.48978129029273987,
                        0.6626681089401245,
                        1.4403841495513916,
                        -1.769831657409668
                    ],
                    [
                        0.6797199845314026,
                        0.7063061594963074,
                        1.7379088401794434,
                        -1.8681726455688477
                    ],
                    [
                        0.6555202603340149,
                        0.7233840823173523,
                        1.776526689529419,
                        -1.9667277336120605
                    ],
                    [
                        0.3221501111984253,
                        0.46974247694015503,
                        1.7470531463623047,
                        -1.956682801246643
                    ],
                    [
                        0.27079546451568604,
                        0.4730800986289978,
                        1.6791162490844727,
                        -2.0169005393981934
                    ],
                    [
                        0.4419849216938019,
                        0.5722190141677856,
                        1.6188716888427734,
                        -1.950585961341858
                    ],
                    [
                        0.4661988615989685,
                        0.5559576153755188,
                        1.5562578439712524,
                        -2.1231822967529297
                    ],
                    [
                        0.45651644468307495,
                        0.559075653553009,
                        1.4868073463439941,
                        -2.307767629623413
                    ],
                    [
                        0.5055440068244934,
                        0.468381404876709,
                        1.3955947160720825,
                        -2.26007342338562
                    ],
                    [
                        0.502680778503418,
                        0.5589286088943481,
                        1.5673623085021973,
                        -2.3284313678741455
                    ],
                    [
                        0.5460577011108398,
                        0.5690502524375916,
                        1.6340333223342896,
                        -2.2550764083862305
                    ],
                    [
                        0.6254234313964844,
                        0.3936377763748169,
                        1.6649079322814941,
                        -2.488478183746338
                    ],
                    [
                        0.678972601890564,
                        0.43642666935920715,
                        1.6373960971832275,
                        -2.5620059967041016
                    ],
                    [
                        0.5475702881813049,
                        0.525641918182373,
                        1.650275707244873,
                        -2.709247350692749
                    ],
                    [
                        0.5985713005065918,
                        0.5924133062362671,
                        1.7035019397735596,
                        -2.5167548656463623
                    ],
                    [
                        0.6050715446472168,
                        0.622907280921936,
                        1.6939198970794678,
                        -2.5093438625335693
                    ],
                    [
                        0.5740739703178406,
                        0.6536546945571899,
                        1.6819947957992554,
                        -2.5837655067443848
                    ],
                    [
                        0.5280711650848389,
                        0.66005539894104,
                        1.6472136974334717,
                        -2.5569798946380615
                    ]
                ]
            ],
            "actions_pred": [
                [
                    [
                        0.48649948835372925,
                        0.49714887142181396,
                        0.48978129029273987,
                        0.6797199845314026,
                        0.6555202603340149,
                        0.3221501111984253,
                        0.27079546451568604,
                        0.4419849216938019,
                        0.4661988615989685,
                        0.45651644468307495,
                        0.5055440068244934,
                        0.502680778503418,
                        0.5460577011108398,
                        0.6254234313964844,
                        0.678972601890564,
                        0.5475702881813049,
                        0.5985713005065918,
                        0.6050715446472168,
                        0.5740739703178406,
                        0.5280711650848389
                    ],
                    [
                        0.36106622219085693,
                        0.5260491371154785,
                        0.6626681089401245,
                        0.7063061594963074,
                        0.7233840823173523,
                        0.46974247694015503,
                        0.4730800986289978,
                        0.5722190141677856,
                        0.5559576153755188,
                        0.559075653553009,
                        0.468381404876709,
                        0.5589286088943481,
                        0.5690502524375916,
                        0.3936377763748169,
                        0.43642666935920715,
                        0.525641918182373,
                        0.5924133062362671,
                        0.622907280921936,
                        0.6536546945571899,
                        0.66005539894104
                    ],
                    [
                        1.4927430152893066,
                        1.4408241510391235,
                        1.4403841495513916,
                        1.7379088401794434,
                        1.776526689529419,
                        1.7470531463623047,
                        1.6791162490844727,
                        1.6188716888427734,
                        1.5562578439712524,
                        1.4868073463439941,
                        1.3955947160720825,
                        1.5673623085021973,
                        1.6340333223342896,
                        1.6649079322814941,
                        1.6373960971832275,
                        1.650275707244873,
                        1.7035019397735596,
                        1.6939198970794678,
                        1.6819947957992554,
                        1.6472136974334717
                    ],
                    [
                        -1.6664550304412842,
                        -1.736588954925537,
                        -1.769831657409668,
                        -1.8681726455688477,
                        -1.9667277336120605,
                        -1.956682801246643,
                        -2.0169005393981934,
                        -1.950585961341858,
                        -2.1231822967529297,
                        -2.307767629623413,
                        -2.26007342338562,
                        -2.3284313678741455,
                        -2.2550764083862305,
                        -2.488478183746338,
                        -2.5620059967041016,
                        -2.709247350692749,
                        -2.5167548656463623,
                        -2.5093438625335693,
                        -2.5837655067443848,
                        -2.5569798946380615
                    ]
                ]
            ],
            "states": [
                [
                    [
                        5583488.0,
                        1.565206184750423e-05,
                        0.00026454709586687386,
                        777972.9375
                    ],
                    [
                        4978224.0,
                        1.5359531971625984e-05,
                        0.0002797465131152421,
                        855686.3125
                    ],
                    [
                        5334432.0,
                        1.5084374354046304e-05,
                        0.00027696648612618446,
                        816815.875
                    ],
                    [
                        5159224.0,
                        1.4814246242167428e-05,
                        0.0002747685939539224,
                        799861.375
                    ],
                    [
                        5513984.0,
                        1.4549360457749572e-05,
                        0.000255326071055606,
                        807912.1875
                    ],
                    [
                        5082480.0,
                        1.4295442269940395e-05,
                        0.0002729953557718545,
                        779605.9375
                    ],
                    [
                        5376424.0,
                        1.4053456652618479e-05,
                        0.00026464968686923385,
                        853596.25
                    ],
                    [
                        5073792.0,
                        1.3819644664181396e-05,
                        0.000260901142610237,
                        865763.5
                    ],
                    [
                        5425656.0,
                        1.3592515642812941e-05,
                        0.00026091569452546537,
                        896600.0
                    ],
                    [
                        5301128.0,
                        1.3368029613047838e-05,
                        0.00027603365015238523,
                        844597.4375
                    ],
                    [
                        5346016.0,
                        1.3152442988939583e-05,
                        0.0002529293124098331,
                        839011.5
                    ],
                    [
                        5652992.0,
                        1.2936916391481645e-05,
                        0.0002769185812212527,
                        874385.5625
                    ],
                    [
                        5185288.0,
                        1.2731260540022049e-05,
                        0.0002480096882209182,
                        820181.0625
                    ],
                    [
                        5438688.0,
                        1.2536010217445437e-05,
                        0.00027678909827955067,
                        838090.6875
                    ],
                    [
                        5221488.0,
                        1.2345956747594755e-05,
                        0.0002834639744833112,
                        979366.25
                    ],
                    [
                        5306920.0,
                        1.2163849532953463e-05,
                        0.00027035834500566125,
                        858373.0
                    ],
                    [
                        5419864.0,
                        1.1983782314928249e-05,
                        0.0002671718248166144,
                        825702.5
                    ],
                    [
                        5708016.0,
                        1.1802524568338413e-05,
                        0.00027032653451897204,
                        851358.6875
                    ],
                    [
                        5637064.0,
                        1.1623262253124267e-05,
                        0.0002656110445968807,
                        872734.375
                    ],
                    [
                        5471992.0,
                        1.1452919352450408e-05,
                        0.0002651966060511768,
                        865487.25
                    ]
                ]
            ],
            "actions": [
                [
                    [
                        0.75
                    ],
                    [
                        0.75
                    ],
                    [
                        0.75
                    ],
                    [
                        0.75
                    ],
                    [
                        0.75
                    ],
                    [
                        0.75
                    ],
                    [
                        0.75
                    ],
                    [
                        0.75
                    ],
                    [
                        0.75
                    ],
                    [
                        0.75
                    ],
                    [
                        0.75
                    ],
                    [
                        0.75
                    ],
                    [
                        0.75
                    ],
                    [
                        0.75
                    ],
                    [
                        0.75
                    ],
                    [
                        0.75
                    ],
                    [
                        0.75
                    ],
                    [
                        0.75
                    ],
                    [
                        0.75
                    ],
                    [
                        0.75
                    ]
                ]
            ],
            "returns": [
                [
                    [
                        0.5428837537765503
                    ],
                    [
                        0.5419464111328125
                    ],
                    [
                        0.5410192608833313
                    ],
                    [
                        0.5400859713554382
                    ],
                    [
                        0.5391556620597839
                    ],
                    [
                        0.5382193922996521
                    ],
                    [
                        0.5372903943061829
                    ],
                    [
                        0.5363564491271973
                    ],
                    [
                        0.5354275703430176
                    ],
                    [
                        0.5344927906990051
                    ],
                    [
                        0.533560037612915
                    ],
                    [
                        0.5326265692710876
                    ],
                    [
                        0.5316881537437439
                    ],
                    [
                        0.5307573676109314
                    ],
                    [
                        0.5298223495483398
                    ],
                    [
                        0.5288909673690796
                    ],
                    [
                        0.5279580950737
                    ],
                    [
                        0.527023434638977
                    ],
                    [
                        0.5260841250419617
                    ],
                    [
                        0.525145947933197
                    ]
                ]
            ],
            "timesteps": [
                [
                    40,
                    41,
                    42,
                    43,
                    44,
                    45,
                    46,
                    47,
                    48,
                    49,
                    50,
                    51,
                    52,
                    53,
                    54,
                    55,
                    56,
                    57,
                    58,
                    59
                ]
            ],
            "labels": [
                [
                    2,
                    2,
                    2,
                    2,
                    2,
                    2,
                    2,
                    2,
                    2,
                    2,
                    2,
                    2,
                    2,
                    2,
                    2,
                    2,
                    2,
                    2,
                    2,
                    2
                ]
            ],
            "CPU Usage": 45.3,
            "RAM Usage": 54.9,
            "GPU Usage": 0.0,
            "VRAM Usage": 355.0,
            "Disk Read Speed (MB/s)": 206579.1025390625,
            "Disk Write Speed (MB/s)": 398814.5595703125
        },
        {
            "step": 1,
            "train_loss": 0.016782525926828384,
            "actions_pred1": [
                [
                    [
                        0.5419592261314392,
                        0.33938902616500854,
                        1.3112787008285522,
                        -1.6860225200653076
                    ],
                    [
                        0.42365503311157227,
                        0.4411209225654602,
                        1.3982951641082764,
                        -1.7729451656341553
                    ],
                    [
                        0.45957088470458984,
                        0.37071287631988525,
                        1.4190245866775513,
                        -1.6195785999298096
                    ],
                    [
                        0.49476125836372375,
                        0.349012553691864,
                        1.60856032371521,
                        -1.7392197847366333
                    ],
                    [
                        0.5244977474212646,
                        0.5042426586151123,
                        1.6887797117233276,
                        -1.7949734926223755
                    ],
                    [
                        0.6604827642440796,
                        0.417851060628891,
                        1.595766305923462,
                        -1.756919026374817
                    ],
                    [
                        0.5412789583206177,
                        0.40489304065704346,
                        1.413129448890686,
                        -1.7907640933990479
                    ],
                    [
                        0.6561102271080017,
                        0.5276629328727722,
                        1.4324475526809692,
                        -1.7471685409545898
                    ],
                    [
                        0.6689112186431885,
                        0.5363096594810486,
                        1.3919718265533447,
                        -1.7005422115325928
                    ],
                    [
                        0.49149182438850403,
                        0.4842611849308014,
                        1.5255274772644043,
                        -1.74564790725708
                    ],
                    [
                        0.5601385831832886,
                        0.5354169607162476,
                        1.811505675315857,
                        -1.9010286331176758
                    ],
                    [
                        0.5278222560882568,
                        0.489824116230011,
                        1.7052026987075806,
                        -1.7429404258728027
                    ],
                    [
                        0.4976372718811035,
                        0.332007497549057,
                        1.6813873052597046,
                        -1.8079171180725098
                    ],
                    [
                        0.5698244571685791,
                        0.3895903527736664,
                        1.7160284519195557,
                        -1.8998756408691406
                    ],
                    [
                        0.6142126321792603,
                        0.41165944933891296,
                        1.7430708408355713,
                        -1.9432710409164429
                    ],
                    [
                        0.6105830669403076,
                        0.4442591071128845,
                        1.7220077514648438,
                        -1.9059178829193115
                    ],
                    [
                        0.5269374251365662,
                        0.4277806878089905,
                        1.6538703441619873,
                        -1.8365479707717896
                    ],
                    [
                        0.4647887945175171,
                        0.55357426404953,
                        1.615533709526062,
                        -1.7408745288848877
                    ],
                    [
                        0.4891539216041565,
                        0.6029930114746094,
                        1.6890087127685547,
                        -1.8358845710754395
                    ],
                    [
                        0.5330966711044312,
                        0.6010480523109436,
                        1.7299609184265137,
                        -1.8750817775726318
                    ]
                ]
            ],
            "actions_pred": [
                [
                    [
                        0.5419592261314392,
                        0.42365503311157227,
                        0.45957088470458984,
                        0.49476125836372375,
                        0.5244977474212646,
                        0.6604827642440796,
                        0.5412789583206177,
                        0.6561102271080017,
                        0.6689112186431885,
                        0.49149182438850403,
                        0.5601385831832886,
                        0.5278222560882568,
                        0.4976372718811035,
                        0.5698244571685791,
                        0.6142126321792603,
                        0.6105830669403076,
                        0.5269374251365662,
                        0.4647887945175171,
                        0.4891539216041565,
                        0.5330966711044312
                    ],
                    [
                        0.33938902616500854,
                        0.4411209225654602,
                        0.37071287631988525,
                        0.349012553691864,
                        0.5042426586151123,
                        0.417851060628891,
                        0.40489304065704346,
                        0.5276629328727722,
                        0.5363096594810486,
                        0.4842611849308014,
                        0.5354169607162476,
                        0.489824116230011,
                        0.332007497549057,
                        0.3895903527736664,
                        0.41165944933891296,
                        0.4442591071128845,
                        0.4277806878089905,
                        0.55357426404953,
                        0.6029930114746094,
                        0.6010480523109436
                    ],
                    [
                        1.3112787008285522,
                        1.3982951641082764,
                        1.4190245866775513,
                        1.60856032371521,
                        1.6887797117233276,
                        1.595766305923462,
                        1.413129448890686,
                        1.4324475526809692,
                        1.3919718265533447,
                        1.5255274772644043,
                        1.811505675315857,
                        1.7052026987075806,
                        1.6813873052597046,
                        1.7160284519195557,
                        1.7430708408355713,
                        1.7220077514648438,
                        1.6538703441619873,
                        1.615533709526062,
                        1.6890087127685547,
                        1.7299609184265137
                    ],
                    [
                        -1.6860225200653076,
                        -1.7729451656341553,
                        -1.6195785999298096,
                        -1.7392197847366333,
                        -1.7949734926223755,
                        -1.756919026374817,
                        -1.7907640933990479,
                        -1.7471685409545898,
                        -1.7005422115325928,
                        -1.74564790725708,
                        -1.9010286331176758,
                        -1.7429404258728027,
                        -1.8079171180725098,
                        -1.8998756408691406,
                        -1.9432710409164429,
                        -1.9059178829193115,
                        -1.8365479707717896,
                        -1.7408745288848877,
                        -1.8358845710754395,
                        -1.8750817775726318
                    ]
                ]
            ],
            "states": [
                [
                    [
                        3105960.0,
                        0.00044856633758172393,
                        0.0002628508664201945,
                        907599.4375
                    ],
                    [
                        3777832.0,
                        0.00036993034882470965,
                        0.00026417680783197284,
                        946940.1875
                    ],
                    [
                        4115216.0,
                        0.00030784233240410686,
                        0.0002805523981805891,
                        868017.4375
                    ],
                    [
                        4368616.0,
                        0.0002607771893963218,
                        0.00026978878304362297,
                        839353.625
                    ],
                    [
                        5060760.0,
                        0.0002229743986390531,
                        0.00027627943200059235,
                        780951.6875
                    ],
                    [
                        5356152.0,
                        0.00019212921324651688,
                        0.00025924446526914835,
                        788666.125
                    ],
                    [
                        5373528.0,
                        0.00012254947796463966,
                        0.006524195894598961,
                        846197.875
                    ],
                    [
                        5111440.0,
                        0.00011254391574766487,
                        0.002146858023479581,
                        777919.5
                    ],
                    [
                        5496608.0,
                        0.00010397062578704208,
                        0.0023773028515279293,
                        803926.1875
                    ],
                    [
                        5341672.0,
                        9.645324462326244e-05,
                        0.0020079242531210184,
                        853121.5
                    ],
                    [
                        5344568.0,
                        9.003730519907549e-05,
                        0.0019139255164191127,
                        790495.3125
                    ],
                    [
                        5479232.0,
                        8.435636846115813e-05,
                        0.0013429223326966166,
                        807753.3125
                    ],
                    [
                        5356152.0,
                        7.934254972497001e-05,
                        0.0011628043139353395,
                        855534.6875
                    ],
                    [
                        5398144.0,
                        7.492363511119038e-05,
                        0.0009117702720686793,
                        841216.6875
                    ],
                    [
                        5729736.0,
                        7.084311073413119e-05,
                        0.000803604198154062,
                        821157.125
                    ],
                    [
                        5244656.0,
                        6.722798570990562e-05,
                        0.000699773314408958,
                        790182.875
                    ],
                    [
                        5503848.0,
                        6.403109728125855e-05,
                        0.0006680691731162369,
                        817074.375
                    ],
                    [
                        5367736.0,
                        6.109109381213784e-05,
                        0.0005246230284683406,
                        814748.3125
                    ],
                    [
                        5217144.0,
                        5.847758802701719e-05,
                        0.00046889804070815444,
                        836873.125
                    ],
                    [
                        5033248.0,
                        5.6151271564885974e-05,
                        0.00035997320082969964,
                        833663.1875
                    ]
                ]
            ],
            "actions": [
                [
                    [
                        0.75
                    ],
                    [
                        0.75
                    ],
                    [
                        0.75
                    ],
                    [
                        0.75
                    ],
                    [
                        0.75
                    ],
                    [
                        0.75
                    ],
                    [
                        0.75
                    ],
                    [
                        0.75
                    ],
                    [
                        0.75
                    ],
                    [
                        0.75
                    ],
                    [
                        0.75
                    ],
                    [
                        0.75
                    ],
                    [
                        0.75
                    ],
                    [
                        0.75
                    ],
                    [
                        0.75
                    ],
                    [
                        0.75
                    ],
                    [
                        0.75
                    ],
                    [
                        0.75
                    ],
                    [
                        0.75
                    ],
                    [
                        0.75
                    ]
                ]
            ],
            "returns": [
                [
                    [
                        0.37910521030426025
                    ],
                    [
                        0.378219872713089
                    ],
                    [
                        0.3773171603679657
                    ],
                    [
                        0.37640687823295593
                    ],
                    [
                        0.37549129128456116
                    ],
                    [
                        0.37456268072128296
                    ],
                    [
                        0.37362903356552124
                    ],
                    [
                        0.37269508838653564
                    ],
                    [
                        0.3717655837535858
                    ],
                    [
                        0.37082964181900024
                    ],
                    [
                        0.3698962330818176
                    ],
                    [
                        0.36896276473999023
                    ],
                    [
                        0.36802709102630615
                    ],
                    [
                        0.36709344387054443
                    ],
                    [
                        0.3661591112613678
                    ],
                    [
                        0.36521947383880615
                    ],
                    [
                        0.36428767442703247
                    ],
                    [
                        0.36335161328315735
                    ],
                    [
                        0.3624177873134613
                    ],
                    [
                        0.3614864647388458
                    ]
                ]
            ],
            "timesteps": [
                [
                    220,
                    221,
                    222,
                    223,
                    224,
                    225,
                    226,
                    227,
                    228,
                    229,
                    230,
                    231,
                    232,
                    233,
                    234,
                    235,
                    236,
                    237,
                    238,
                    239
                ]
            ],
            "labels": [
                [
                    2,
                    2,
                    2,
                    2,
                    2,
                    2,
                    2,
                    2,
                    2,
                    2,
                    2,
                    2,
                    2,
                    2,
                    2,
                    2,
                    2,
                    2,
                    2,
                    2
                ]
            ],
            "CPU Usage": 46.7,
            "RAM Usage": 55.1,
            "GPU Usage": 0.0,
            "VRAM Usage": 355.0,
            "Disk Read Speed (MB/s)": 206579.1025390625,
            "Disk Write Speed (MB/s)": 398814.7392578125
        },
        {
            "step": 2,
            "train_loss": 0.05205864831805229,
            "actions_pred1": [
                [
                    [
                        0.4195448160171509,
                        0.4584812521934509,
                        1.30963134765625,
                        -2.410534381866455
                    ],
                    [
                        0.4133097529411316,
                        0.6604865789413452,
                        1.8056741952896118,
                        -2.7477900981903076
                    ],
                    [
                        0.6479341983795166,
                        0.7968952655792236,
                        1.538701057434082,
                        -3.155320644378662
                    ],
                    [
                        0.6533224582672119,
                        0.949653148651123,
                        1.225881576538086,
                        -3.142719268798828
                    ],
                    [
                        0.48254454135894775,
                        0.8360761404037476,
                        1.1387590169906616,
                        -2.796236038208008
                    ],
                    [
                        0.3421909511089325,
                        0.8200244903564453,
                        1.3166754245758057,
                        -2.8363699913024902
                    ],
                    [
                        0.34500762820243835,
                        0.9658238291740417,
                        1.4349740743637085,
                        -3.0461928844451904
                    ],
                    [
                        0.2567708492279053,
                        0.9838106632232666,
                        1.4242113828659058,
                        -2.913620948791504
                    ],
                    [
                        0.26991379261016846,
                        0.8498859405517578,
                        1.4249602556228638,
                        -3.0537655353546143
                    ],
                    [
                        0.4404175877571106,
                        0.7406163811683655,
                        1.334984540939331,
                        -3.0504064559936523
                    ],
                    [
                        0.37675774097442627,
                        0.7230523824691772,
                        1.39436674118042,
                        -2.936832904815674
                    ],
                    [
                        0.2035212367773056,
                        0.8150305151939392,
                        1.4924232959747314,
                        -2.942443370819092
                    ],
                    [
                        0.38057953119277954,
                        0.7450473308563232,
                        1.4505289793014526,
                        -2.8012611865997314
                    ],
                    [
                        0.4475868344306946,
                        0.7139719128608704,
                        1.376901626586914,
                        -2.816615104675293
                    ],
                    [
                        0.48012876510620117,
                        0.7906507253646851,
                        1.4272232055664062,
                        -3.126461982727051
                    ],
                    [
                        0.4512811005115509,
                        0.8489665985107422,
                        1.5472029447555542,
                        -3.0208327770233154
                    ],
                    [
                        0.345247745513916,
                        0.7283893823623657,
                        1.4104231595993042,
                        -2.7744436264038086
                    ],
                    [
                        0.3636610507965088,
                        0.801423966884613,
                        1.3655353784561157,
                        -2.755915880203247
                    ],
                    [
                        0.42522209882736206,
                        0.9672435522079468,
                        1.403960943222046,
                        -2.749459981918335
                    ],
                    [
                        0.42585110664367676,
                        0.8903164863586426,
                        1.5131232738494873,
                        -2.6385655403137207
                    ]
                ]
            ],
            "actions_pred": [
                [
                    [
                        0.4195448160171509,
                        0.4133097529411316,
                        0.6479341983795166,
                        0.6533224582672119,
                        0.48254454135894775,
                        0.3421909511089325,
                        0.34500762820243835,
                        0.2567708492279053,
                        0.26991379261016846,
                        0.4404175877571106,
                        0.37675774097442627,
                        0.2035212367773056,
                        0.38057953119277954,
