{
    "steps": [
        {
            "step": 0,
            "train_loss": 0.031473029404878616,
            "actions_pred1": [
                [
                    [
                        -0.19107891619205475,
                        -0.0878177061676979,
                        0.8239946365356445,
                        0.6894354820251465
                    ],
                    [
                        -0.23445217311382294,
                        -0.11374896764755249,
                        0.7848577499389648,
                        0.6740864515304565
                    ],
                    [
                        -0.2064836025238037,
                        -0.12183932214975357,
                        0.6583256721496582,
                        0.6573197245597839
                    ],
                    [
                        -0.22960108518600464,
                        -0.25549399852752686,
                        0.5497208833694458,
                        0.47604119777679443
                    ],
                    [
                        -0.0969427227973938,
                        -0.2596857249736786,
                        0.5907159447669983,
                        0.4131588339805603
                    ],
                    [
                        -0.1381663680076599,
                        -0.2801244854927063,
                        0.5410754680633545,
                        0.4770680367946625
                    ],
                    [
                        -0.16409613192081451,
                        -0.0862506553530693,
                        0.4073702096939087,
                        0.6244379878044128
                    ],
                    [
                        -0.13467326760292053,
                        -0.09762752801179886,
                        0.5613223910331726,
                        0.6268577575683594
                    ],
                    [
                        -0.09111374616622925,
                        -0.055838510394096375,
                        0.5657159090042114,
                        0.533179759979248
                    ],
                    [
                        -0.1811644434928894,
                        -0.07246875017881393,
                        0.5759547352790833,
                        0.45415198802948
                    ],
                    [
                        -0.19106048345565796,
                        -0.09470678120851517,
                        0.6272258758544922,
                        0.48292380571365356
                    ],
                    [
                        -0.2458045482635498,
                        -0.08065585047006607,
                        0.5778077244758606,
                        0.46696585416793823
                    ],
                    [
                        -0.1610405594110489,
                        -0.1225053146481514,
                        0.7689196467399597,
                        0.3744635283946991
                    ],
                    [
                        -0.191128209233284,
                        -0.0917825773358345,
                        0.7397355437278748,
                        0.4138528108596802
                    ],
                    [
                        -0.2369927316904068,
                        -0.07287818193435669,
                        0.6415906548500061,
                        0.4281925857067108
                    ],
                    [
                        -0.3283122777938843,
                        -0.0622980073094368,
                        0.7382165193557739,
                        0.35556554794311523
                    ],
                    [
                        -0.420421838760376,
                        -0.029545389115810394,
                        0.7720640897750854,
                        0.3378782272338867
                    ],
                    [
                        -0.2504715621471405,
                        0.012497462332248688,
                        0.6996431946754456,
                        0.40734827518463135
                    ],
                    [
                        -0.3170529007911682,
                        -0.04431033134460449,
                        0.7198049426078796,
                        0.43500006198883057
                    ],
                    [
                        -0.3498184382915497,
                        -0.07526542991399765,
                        0.8069767355918884,
                        0.442756712436676
                    ]
                ]
            ],
            "actions_pred": [
                [
                    [
                        -0.19107891619205475,
                        -0.23445217311382294,
                        -0.2064836025238037,
                        -0.22960108518600464,
                        -0.0969427227973938,
                        -0.1381663680076599,
                        -0.16409613192081451,
                        -0.13467326760292053,
                        -0.09111374616622925,
                        -0.1811644434928894,
                        -0.19106048345565796,
                        -0.2458045482635498,
                        -0.1610405594110489,
                        -0.191128209233284,
                        -0.2369927316904068,
                        -0.3283122777938843,
                        -0.420421838760376,
                        -0.2504715621471405,
                        -0.3170529007911682,
                        -0.3498184382915497
                    ],
                    [
                        -0.0878177061676979,
                        -0.11374896764755249,
                        -0.12183932214975357,
                        -0.25549399852752686,
                        -0.2596857249736786,
                        -0.2801244854927063,
                        -0.0862506553530693,
                        -0.09762752801179886,
                        -0.055838510394096375,
                        -0.07246875017881393,
                        -0.09470678120851517,
                        -0.08065585047006607,
                        -0.1225053146481514,
                        -0.0917825773358345,
                        -0.07287818193435669,
                        -0.0622980073094368,
                        -0.029545389115810394,
                        0.012497462332248688,
                        -0.04431033134460449,
                        -0.07526542991399765
                    ],
                    [
                        0.8239946365356445,
                        0.7848577499389648,
                        0.6583256721496582,
                        0.5497208833694458,
                        0.5907159447669983,
                        0.5410754680633545,
                        0.4073702096939087,
                        0.5613223910331726,
                        0.5657159090042114,
                        0.5759547352790833,
                        0.6272258758544922,
                        0.5778077244758606,
                        0.7689196467399597,
                        0.7397355437278748,
                        0.6415906548500061,
                        0.7382165193557739,
                        0.7720640897750854,
                        0.6996431946754456,
                        0.7198049426078796,
                        0.8069767355918884
                    ],
                    [
                        0.6894354820251465,
                        0.6740864515304565,
                        0.6573197245597839,
                        0.47604119777679443,
                        0.4131588339805603,
                        0.4770680367946625,
                        0.6244379878044128,
                        0.6268577575683594,
                        0.533179759979248,
                        0.45415198802948,
                        0.48292380571365356,
                        0.46696585416793823,
                        0.3744635283946991,
                        0.4138528108596802,
                        0.4281925857067108,
                        0.35556554794311523,
                        0.3378782272338867,
                        0.40734827518463135,
                        0.43500006198883057,
                        0.442756712436676
                    ]
                ]
            ],
            "states": [
                [
                    [
                        5451720.0,
                        5.395679545472376e-05,
                        0.00037329201586544514,
                        787492.0625
                    ],
                    [
                        5280856.0,
                        5.18798733537551e-05,
                        0.00029995679506100714,
                        814349.6875
                    ],
                    [
                        5398144.0,
                        4.996706411475316e-05,
                        0.0002722619683481753,
                        830635.1875
                    ],
                    [
                        5419864.0,
                        4.8167821660172194e-05,
                        0.0002737951872404665,
                        823458.5625
                    ],
                    [
                        5285200.0,
                        4.651026029023342e-05,
                        0.0002537628752179444,
                        847604.5625
                    ],
                    [
                        5632720.0,
                        4.493406231631525e-05,
                        0.0002845273702405393,
                        778198.5625
                    ],
                    [
                        4926096.0,
                        4.350659582996741e-05,
                        0.00027429292094893754,
                        769937.4375
                    ],
                    [
                        5379320.0,
                        4.219951370032504e-05,
                        0.0002784566895570606,
                        775819.3125
                    ],
                    [
                        5141848.0,
                        4.0942868508864194e-05,
                        0.00027366288122721016,
                        804782.8125
                    ],
                    [
                        5422760.0,
                        3.9754886529408395e-05,
                        0.0002617421268951148,
                        784755.125
                    ],
                    [
                        5163568.0,
                        3.8631129427812994e-05,
                        0.000270931632257998,
                        777998.8125
                    ],
                    [
                        5172256.0,
                        3.7593843444483355e-05,
                        0.00027350522577762604,
                        827638.0
                    ],
                    [
                        5228728.0,
                        3.6604818888008595e-05,
                        0.0002609447401482612,
                        836480.3125
                    ],
                    [
                        5215696.0,
                        3.566250597941689e-05,
                        0.0002695223083719611,
                        842399.5625
                    ],
                    [
                        5496608.0,
                        3.474534969427623e-05,
                        0.00026009109569713473,
                        814649.5
                    ],
                    [
                        5165016.0,
                        3.3877906389534473e-05,
                        0.0002577552804723382,
                        820590.75
                    ],
                    [
                        5712360.0,
                        3.3036900276783854e-05,
                        0.0002756010799203068,
                        835693.0625
                    ],
                    [
                        5086824.0,
                        3.224165993742645e-05,
                        0.0002540297864470631,
                        845564.6875
                    ],
                    [
                        5490816.0,
                        3.14996468659956e-05,
                        0.00027847016463056207,
                        824773.25
                    ],
                    [
                        5183840.0,
                        3.078411828028038e-05,
                        0.0002814441977534443,
                        810358.5625
                    ]
                ]
            ],
            "actions": [
                [
                    [
                        0.75
                    ],
                    [
                        0.75
                    ],
                    [
                        0.75
                    ],
                    [
                        0.75
                    ],
                    [
                        0.75
                    ],
                    [
                        0.75
                    ],
                    [
                        0.75
                    ],
                    [
                        0.75
                    ],
                    [
                        0.75
                    ],
                    [
                        0.75
                    ],
                    [
                        0.75
                    ],
                    [
                        0.75
                    ],
                    [
                        0.75
                    ],
                    [
                        0.75
                    ],
                    [
                        0.75
                    ],
                    [
                        0.75
                    ],
                    [
                        0.75
                    ],
                    [
                        0.75
                    ],
                    [
                        0.75
                    ],
                    [
                        0.75
                    ]
                ]
            ],
            "returns": [
                [
                    [
                        0.36055833101272583
                    ],
                    [
                        0.35962310433387756
                    ],
                    [
                        0.35869070887565613
                    ],
                    [
                        0.3577563464641571
                    ],
                    [
                        0.3568216562271118
                    ],
                    [
                        0.3558892011642456
                    ],
                    [
                        0.35495108366012573
                    ],
                    [
                        0.35402485728263855
                    ],
                    [
                        0.3530908226966858
                    ],
                    [
                        0.352160781621933
                    ],
                    [
                        0.3512260317802429
                    ],
                    [
                        0.35029563307762146
                    ],
                    [
                        0.34936508536338806
                    ],
                    [
                        0.34843355417251587
                    ],
                    [
                        0.3475022614002228
                    ],
                    [
                        0.3465663194656372
                    ],
                    [
                        0.34563589096069336
                    ],
                    [
                        0.3446965217590332
                    ],
                    [
                        0.3437674641609192
                    ],
                    [
                        0.3428316116333008
                    ]
                ]
            ],
            "timesteps": [
                [
                    240,
                    241,
                    242,
                    243,
                    244,
                    245,
                    246,
                    247,
                    248,
                    249,
                    250,
                    251,
                    252,
                    253,
                    254,
                    255,
                    256,
                    257,
                    258,
                    259
                ]
            ],
            "labels": [
                [
                    2,
                    2,
                    2,
                    2,
                    2,
                    2,
                    2,
                    2,
                    2,
                    2,
                    2,
                    2,
                    2,
                    2,
                    2,
                    2,
                    2,
                    2,
                    2,
                    2
                ]
            ],
            "CPU Usage": 45.8,
            "RAM Usage": 55.5,
            "GPU Usage": 0.0,
            "VRAM Usage": 357.0,
            "Disk Read Speed (MB/s)": 205936.296875,
            "Disk Write Speed (MB/s)": 318816.5986328125
        },
        {
            "step": 1,
            "train_loss": 0.04375993087887764,
            "actions_pred1": [
                [
                    [
                        -0.09119261801242828,
                        -0.45152682065963745,
                        0.16080698370933533,
                        0.8263957500457764
                    ],
                    [
                        -0.3201592266559601,
                        -0.30991125106811523,
                        0.2104845643043518,
                        0.7331621050834656
                    ],
                    [
                        -0.3711809515953064,
                        -0.3307260274887085,
                        0.314019113779068,
                        0.7363662719726562
                    ],
                    [
                        -0.4007906913757324,
                        -0.30687791109085083,
                        0.42346471548080444,
                        0.7415398955345154
                    ],
                    [
                        -0.2794340252876282,
                        -0.21415147185325623,
                        0.4424491226673126,
                        0.714900016784668
                    ],
                    [
                        -0.4591138958930969,
                        -0.21249699592590332,
                        0.3795737326145172,
                        0.6375033855438232
                    ],
                    [
                        -0.6672052145004272,
                        -0.21513764560222626,
                        0.40677037835121155,
                        0.5842158794403076
                    ],
                    [
                        -0.6365479230880737,
                        -0.23540137708187103,
                        0.4181850850582123,
                        0.5024760961532593
                    ],
                    [
                        -0.5775647759437561,
                        -0.2712208330631256,
                        0.2282770276069641,
                        0.4451860189437866
                    ],
                    [
                        -0.5132547616958618,
                        -0.26649242639541626,
                        0.2323242723941803,
                        0.4107334017753601
                    ],
                    [
                        -0.5085395574569702,
                        -0.25436291098594666,
                        0.38441240787506104,
                        0.4915682077407837
                    ],
                    [
                        -0.469391405582428,
                        -0.26032066345214844,
                        0.3214404881000519,
                        0.4823826551437378
                    ],
                    [
                        -0.5139834880828857,
                        -0.2150956243276596,
                        0.4260055422782898,
                        0.5521663427352905
                    ],
                    [
                        -0.519598126411438,
                        -0.11144070327281952,
                        0.5259658694267273,
                        0.4529852271080017
                    ],
                    [
                        -0.4792754650115967,
                        -0.09883693605661392,
                        0.4872414469718933,
                        0.48301440477371216
                    ],
                    [
                        -0.5416624546051025,
                        -0.16304424405097961,
                        0.4875948429107666,
                        0.400850772857666
                    ],
                    [
                        -0.7659997940063477,
                        -0.18411943316459656,
                        0.551072895526886,
                        0.22532886266708374
                    ],
                    [
                        -0.5967276096343994,
                        -0.0897032767534256,
                        0.500694990158081,
                        0.3587116003036499
                    ],
                    [
                        -0.6002165675163269,
                        -0.17222939431667328,
                        0.3076282739639282,
                        0.4491744935512543
                    ],
                    [
                        -0.6422438621520996,
                        -0.17639228701591492,
                        0.3204120993614197,
                        0.44108447432518005
                    ]
                ]
            ],
            "actions_pred": [
                [
                    [
                        -0.09119261801242828,
                        -0.3201592266559601,
                        -0.3711809515953064,
                        -0.4007906913757324,
                        -0.2794340252876282,
                        -0.4591138958930969,
                        -0.6672052145004272,
                        -0.6365479230880737,
                        -0.5775647759437561,
                        -0.5132547616958618,
                        -0.5085395574569702,
                        -0.469391405582428,
                        -0.5139834880828857,
                        -0.519598126411438,
                        -0.4792754650115967,
                        -0.5416624546051025,
                        -0.7659997940063477,
                        -0.5967276096343994,
                        -0.6002165675163269,
                        -0.6422438621520996
                    ],
                    [
                        -0.45152682065963745,
                        -0.30991125106811523,
                        -0.3307260274887085,
                        -0.30687791109085083,
                        -0.21415147185325623,
                        -0.21249699592590332,
                        -0.21513764560222626,
                        -0.23540137708187103,
                        -0.2712208330631256,
                        -0.26649242639541626,
                        -0.25436291098594666,
                        -0.26032066345214844,
                        -0.2150956243276596,
                        -0.11144070327281952,
                        -0.09883693605661392,
                        -0.16304424405097961,
                        -0.18411943316459656,
                        -0.0897032767534256,
                        -0.17222939431667328,
                        -0.17639228701591492
                    ],
                    [
                        0.16080698370933533,
                        0.2104845643043518,
                        0.314019113779068,
                        0.42346471548080444,
                        0.4424491226673126,
                        0.3795737326145172,
                        0.40677037835121155,
                        0.4181850850582123,
                        0.2282770276069641,
                        0.2323242723941803,
                        0.38441240787506104,
                        0.3214404881000519,
                        0.4260055422782898,
                        0.5259658694267273,
                        0.4872414469718933,
                        0.4875948429107666,
                        0.551072895526886,
                        0.500694990158081,
                        0.3076282739639282,
                        0.3204120993614197
                    ],
                    [
                        0.8263957500457764,
                        0.7331621050834656,
                        0.7363662719726562,
                        0.7415398955345154,
                        0.714900016784668,
                        0.6375033855438232,
                        0.5842158794403076,
                        0.5024760961532593,
                        0.4451860189437866,
                        0.4107334017753601,
                        0.4915682077407837,
                        0.4823826551437378,
                        0.5521663427352905,
                        0.4529852271080017,
                        0.48301440477371216,
                        0.400850772857666,
                        0.22532886266708374,
                        0.3587116003036499,
                        0.4491744935512543,
                        0.44108447432518005
                    ]
                ]
            ],
            "states": [
                [
                    [
                        5457512.0,
                        9.714517545944545e-06,
                        0.0004527103737927973,
                        552968.1875
                    ],
                    [
                        4474320.0,
                        9.607780157239176e-06,
                        0.00029970589093863964,
                        640429.75
                    ],
                    [
                        3226144.0,
                        9.52661685005296e-06,
                        0.00026218051789328456,
                        614909.3125
                    ],
                    [
                        4174584.0,
                        9.44995554164052e-06,
                        0.0002925366861745715,
                        607098.5
                    ],
                    [
                        4522104.0,
                        9.361412594444118e-06,
                        0.00028024095809087157,
                        568885.75
                    ],
                    [
                        2825048.0,
                        8.919517313188408e-06,
                        0.0001758198341121897,
                        690901.5625
                    ],
                    [
                        5196872.0,
                        8.846717719279695e-06,
                        0.00013516498438548297,
                        601105.3125
                    ],
                    [
                        7633856.0,
                        8.732715286896564e-06,
                        0.0001646996388444677,
                        547900.5625
                    ],
                    [
                        47963.0,
                        0.2136354148387909,
                        0.00027816780493594706,
                        871190.125
                    ],
                    [
                        608160.0,
                        0.027683094143867493,
                        0.00026209698989987373,
                        1030414.6875
                    ],
                    [
                        537208.0,
                        0.007899114862084389,
                        0.0002851165772881359,
                        949322.9375
                    ],
                    [
                        671872.0,
                        0.004755145870149136,
                        0.000267517170868814,
                        888587.6875
                    ],
                    [
                        858664.0,
                        0.003167606657370925,
                        0.00027258697082288563,
                        909664.5625
                    ],
                    [
                        877488.0,
                        0.0022909550461918116,
                        0.00027191461413167417,
                        989545.25
                    ],
                    [
                        1255416.0,
                        0.0017173178493976593,
                        0.00027577357832342386,
                        1043241.4375
                    ],
                    [
                        1436416.0,
                        0.0013016851153224707,
                        0.00027702987426891923,
                        939221.25
                    ],
                    [
                        1715880.0,
                        0.0010147599969059229,
                        0.0002779100905172527,
                        989890.625
                    ],
                    [
                        1867920.0,
                        0.0008108949987217784,
                        0.00026160795823670924,
                        1001348.25
                    ],
                    [
                        2189376.0,
                        0.0006609969423152506,
                        0.0002753763983491808,
                        969961.0625
                    ],
                    [
                        2552824.0,
                        0.000543545582331717,
                        0.0002731475979089737,
                        970656.1875
                    ]
                ]
            ],
            "actions": [
                [
                    [
                        0.5
                    ],
                    [
                        0.5
                    ],
                    [
                        0.5
                    ],
                    [
                        0.5
                    ],
                    [
                        0.5
                    ],
                    [
                        0.5
                    ],
                    [
                        0.5
                    ],
                    [
                        0.5
                    ],
                    [
                        0.75
                    ],
                    [
                        0.75
                    ],
                    [
                        0.75
                    ],
                    [
                        0.75
                    ],
                    [
                        0.75
                    ],
                    [
                        0.75
                    ],
                    [
                        0.75
                    ],
                    [
                        0.75
                    ],
                    [
                        0.75
                    ],
                    [
                        0.75
                    ],
                    [
                        0.75
                    ],
                    [
                        0.75
                    ]
                ]
            ],
            "returns": [
                [
                    [
                        0.39574772119522095
                    ],
                    [
                        0.3948124051094055
                    ],
                    [
                        0.3938947021961212
                    ],
                    [
                        0.39300599694252014
                    ],
                    [
                        0.3920944333076477
                    ],
                    [
                        0.3911758065223694
                    ],
                    [
                        0.39029887318611145
                    ],
                    [
                        0.38936787843704224
                    ],
                    [
                        0.3884028196334839
                    ],
                    [
                        0.38788723945617676
                    ],
                    [
                        0.3871464729309082
                    ],
                    [
                        0.3864167034626007
                    ],
                    [
                        0.385667085647583
                    ],
                    [
                        0.3848957419395447
                    ],
                    [
                        0.38412246108055115
                    ],
                    [
                        0.3833174407482147
                    ],
                    [
                        0.38250046968460083
                    ],
                    [
                        0.38166773319244385
                    ],
                    [
                        0.38082748651504517
                    ],
                    [
                        0.3799731433391571
                    ]
                ]
            ],
            "timesteps": [
                [
                    200,
                    201,
                    202,
                    203,
                    204,
                    205,
                    206,
                    207,
                    208,
                    209,
                    210,
                    211,
                    212,
                    213,
                    214,
                    215,
                    216,
                    217,
                    218,
                    219
                ]
            ],
            "labels": [
                [
                    1,
                    1,
                    1,
                    1,
                    1,
                    1,
                    1,
                    1,
                    2,
                    2,
                    2,
                    2,
                    2,
                    2,
                    2,
                    2,
                    2,
                    2,
                    2,
                    2
                ]
            ],
            "CPU Usage": 46.7,
            "RAM Usage": 55.6,
            "GPU Usage": 0.0,
            "VRAM Usage": 355.0,
            "Disk Read Speed (MB/s)": 205936.296875,
            "Disk Write Speed (MB/s)": 318816.7705078125
        },
        {
            "step": 2,
            "train_loss": 0.05360710620880127,
            "actions_pred1": [
                [
                    [
                        -0.29187196493148804,
                        -0.2907286584377289,
                        0.7076330184936523,
                        0.33193421363830566
                    ],
                    [
                        -0.21484647691249847,
                        -0.1453450620174408,
                        0.7011246085166931,
                        0.45845121145248413
                    ],
                    [
                        -0.2030070424079895,
                        -0.0994703620672226,
                        0.6966364979743958,
                        0.5905910730361938
                    ],
                    [
                        -0.1518343985080719,
                        -0.04134137183427811,
                        0.7210533618927002,
                        0.5725671052932739
                    ],
                    [
                        -0.2947443127632141,
                        0.055786751210689545,
                        0.7455326318740845,
                        0.4639587700366974
                    ],
                    [
                        -0.24172434210777283,
                        0.11430814862251282,
                        0.7858366966247559,
                        0.41151857376098633
                    ],
                    [
                        -0.28621065616607666,
                        0.08966690301895142,
                        0.8433219790458679,
                        0.3922901451587677
                    ],
                    [
                        -0.3004612922668457,
                        0.044004760682582855,
                        0.837788999080658,
                        0.472249835729599
                    ],
                    [
                        -0.39305227994918823,
                        0.17580591142177582,
                        0.8112149238586426,
                        0.4958936870098114
                    ],
                    [
                        -0.3023948669433594,
                        0.006066426634788513,
                        0.8163973689079285,
                        0.6136467456817627
                    ],
                    [
                        -0.21922606229782104,
                        -0.03738028556108475,
                        0.814609944820404,
                        0.608333945274353
                    ],
                    [
                        -0.3575970232486725,
                        -0.06472541391849518,
                        0.7892882227897644,
                        0.5178360939025879
                    ],
                    [
                        -0.5098939538002014,
                        0.03704189509153366,
                        0.620394229888916,
                        0.5452922582626343
                    ],
                    [
                        -0.44356822967529297,
                        0.1065821647644043,
                        0.7196973562240601,
                        0.518223226070404
                    ],
                    [
                        -0.3445100486278534,
                        0.008259721100330353,
                        0.7221817374229431,
                        0.5698151588439941
                    ],
                    [
                        -0.3106435239315033,
                        -0.012409821152687073,
                        0.700347900390625,
                        0.5686683654785156
                    ],
                    [
                        -0.2715598940849304,
                        0.0009851157665252686,
                        0.7731354236602783,
                        0.5672496557235718
                    ],
                    [
                        -0.29132524132728577,
                        -0.03289344161748886,
                        0.7194346785545349,
                        0.5283769369125366
                    ],
                    [
                        -0.3956962525844574,
                        -0.061278872191905975,
                        0.7943585515022278,
                        0.3824649453163147
                    ],
                    [
                        -0.35070034861564636,
                        0.003904789686203003,
                        0.8136835098266602,
                        0.3969736397266388
                    ]
                ]
            ],
            "actions_pred": [
                [
                    [
                        -0.29187196493148804,
                        -0.21484647691249847,
                        -0.2030070424079895,
                        -0.1518343985080719,
                        -0.2947443127632141,
                        -0.24172434210777283,
                        -0.28621065616607666,
