{
    "steps": [
        {
            "step": 0,
            "train_loss": 0.00012285259435884655,
            "actions_pred1": [
                [
                    [
                        1.6842454671859741,
                        0.766858696937561,
                        6.248654365539551,
                        -5.076873302459717
                    ],
                    [
                        1.3986470699310303,
                        0.4396529793739319,
                        6.669625282287598,
                        -5.155053615570068
                    ],
                    [
                        1.2933430671691895,
                        0.8758414387702942,
                        6.529740333557129,
                        -4.9940338134765625
                    ],
                    [
                        1.0050196647644043,
                        0.5951035022735596,
                        7.142813682556152,
                        -5.030570030212402
                    ],
                    [
                        0.7597467303276062,
                        0.4962040185928345,
                        7.197645664215088,
                        -5.109440326690674
                    ],
                    [
                        1.20518958568573,
                        0.654604434967041,
                        7.477051734924316,
                        -5.282914161682129
                    ],
                    [
                        1.1829466819763184,
                        0.746605396270752,
                        7.728146076202393,
                        -5.403883934020996
                    ],
                    [
                        0.9241484999656677,
                        0.32065197825431824,
                        7.919238567352295,
                        -5.790115833282471
                    ],
                    [
                        1.3232558965682983,
                        -0.19322603940963745,
                        7.748691082000732,
                        -6.0985331535339355
                    ],
                    [
                        1.5071125030517578,
                        -0.07740139961242676,
                        7.480747699737549,
                        -6.157825469970703
                    ],
                    [
                        1.4018588066101074,
                        -0.09462344646453857,
                        7.34962272644043,
                        -6.151158809661865
                    ],
                    [
                        1.2806111574172974,
                        0.16200661659240723,
                        7.279558181762695,
                        -6.124136924743652
                    ],
                    [
                        1.5179476737976074,
                        0.1338929831981659,
                        7.469314098358154,
                        -6.2591142654418945
                    ],
                    [
                        1.4135109186172485,
                        -0.10447973012924194,
                        7.087935447692871,
                        -6.1841936111450195
                    ],
                    [
                        1.2202770709991455,
                        -0.31466469168663025,
                        6.928250789642334,
                        -6.208837985992432
                    ],
                    [
                        1.0509158372879028,
                        -0.24345844984054565,
                        7.166141510009766,
                        -6.148874759674072
                    ],
                    [
                        1.0192779302597046,
                        -0.30140113830566406,
                        7.258700370788574,
                        -6.1381001472473145
                    ],
                    [
                        0.9273930788040161,
                        -0.3350096642971039,
                        7.284308433532715,
                        -6.089174747467041
                    ],
                    [
                        0.7907678484916687,
                        -0.05387869477272034,
                        7.348740577697754,
                        -6.122766017913818
                    ],
                    [
                        0.8723230361938477,
                        -0.01266053318977356,
                        7.1822052001953125,
                        -6.322122097015381
                    ]
                ]
            ],
            "actions_pred": [
                [
                    [
                        1.6842454671859741,
                        1.3986470699310303,
                        1.2933430671691895,
                        1.0050196647644043,
                        0.7597467303276062,
                        1.20518958568573,
                        1.1829466819763184,
                        0.9241484999656677,
                        1.3232558965682983,
                        1.5071125030517578,
                        1.4018588066101074,
                        1.2806111574172974,
                        1.5179476737976074,
                        1.4135109186172485,
                        1.2202770709991455,
                        1.0509158372879028,
                        1.0192779302597046,
                        0.9273930788040161,
                        0.7907678484916687,
                        0.8723230361938477
                    ],
                    [
                        0.766858696937561,
                        0.4396529793739319,
                        0.8758414387702942,
                        0.5951035022735596,
                        0.4962040185928345,
                        0.654604434967041,
                        0.746605396270752,
                        0.32065197825431824,
                        -0.19322603940963745,
                        -0.07740139961242676,
                        -0.09462344646453857,
                        0.16200661659240723,
                        0.1338929831981659,
                        -0.10447973012924194,
                        -0.31466469168663025,
                        -0.24345844984054565,
                        -0.30140113830566406,
                        -0.3350096642971039,
                        -0.05387869477272034,
                        -0.01266053318977356
                    ],
                    [
                        6.248654365539551,
                        6.669625282287598,
                        6.529740333557129,
                        7.142813682556152,
                        7.197645664215088,
                        7.477051734924316,
                        7.728146076202393,
                        7.919238567352295,
                        7.748691082000732,
                        7.480747699737549,
                        7.34962272644043,
                        7.279558181762695,
                        7.469314098358154,
                        7.087935447692871,
                        6.928250789642334,
                        7.166141510009766,
                        7.258700370788574,
                        7.284308433532715,
                        7.348740577697754,
                        7.1822052001953125
                    ],
                    [
                        -5.076873302459717,
                        -5.155053615570068,
                        -4.9940338134765625,
                        -5.030570030212402,
                        -5.109440326690674,
                        -5.282914161682129,
                        -5.403883934020996,
                        -5.790115833282471,
                        -6.0985331535339355,
                        -6.157825469970703,
                        -6.151158809661865,
                        -6.124136924743652,
                        -6.2591142654418945,
                        -6.1841936111450195,
                        -6.208837985992432,
                        -6.148874759674072,
                        -6.1381001472473145,
                        -6.089174747467041,
                        -6.122766017913818,
                        -6.322122097015381
                    ]
                ]
            ],
            "states": [
                [
                    [
                        5305472.0,
                        8.719099241716322e-06,
                        0.00013201982073951513,
                        847637.0625
                    ],
                    [
                        5427104.0,
                        8.626127055322286e-06,
                        0.00013791865785606205,
                        798609.0
                    ],
                    [
                        5450272.0,
                        8.533900654583704e-06,
                        0.00014453318726737052,
                        879716.5
                    ],
                    [
                        5114336.0,
                        8.446181709587108e-06,
                        0.00014699026360176504,
                        849232.5625
                    ],
                    [
                        5466200.0,
                        8.360139872820582e-06,
                        0.00016071676509454846,
                        823946.3125
                    ],
                    [
                        5315608.0,
                        8.27424355520634e-06,
                        0.00016249381587840617,
                        854104.0625
                    ],
                    [
                        5602312.0,
                        8.189044820028357e-06,
                        0.0001488575799157843,
                        832423.8125
                    ],
                    [
                        5063656.0,
                        8.107467692752834e-06,
                        0.00016087492986116558,
                        837260.4375
                    ],
                    [
                        5243208.0,
                        8.030191565921996e-06,
                        0.00016716374375391752,
                        847603.1875
                    ],
                    [
                        5813720.0,
                        7.948916390887462e-06,
                        0.00019032474665436894,
                        855439.25
                    ],
                    [
                        5408280.0,
                        7.868069587857462e-06,
                        0.00018542619363870472,
                        819410.4375
                    ],
                    [
                        5082480.0,
                        7.7939621405676e-06,
                        0.000198170033399947,
                        886572.3125
                    ],
                    [
                        5553080.0,
                        7.720262146904133e-06,
                        0.0001916241308208555,
                        834980.5
                    ],
                    [
                        5222936.0,
                        7.646989615750499e-06,
                        0.0002063407882815227,
                        810099.0
                    ],
                    [
                        5267824.0,
                        7.57698762754444e-06,
                        0.00023895764024928212,
                        771615.4375
                    ],
                    [
                        5292440.0,
                        7.507794634875609e-06,
                        0.00025051896227523685,
                        873322.6875
                    ],
                    [
                        5603760.0,
                        7.437720341840759e-06,
                        0.0002676467993296683,
                        855312.0625
                    ],
                    [
                        5289312.0,
                        7.368956630671164e-06,
                        0.0002700872428249568,
                        823382.9375
                    ],
                    [
                        5275296.0,
                        7.303467100427952e-06,
                        0.0002660537720657885,
                        780031.4375
                    ],
                    [
                        5143296.0,
                        7.240012109832605e-06,
                        0.00026454709586687386,
                        808306.8125
                    ]
                ]
            ],
            "actions": [
                [
                    [
                        0.75
                    ],
                    [
                        0.75
                    ],
                    [
                        0.75
                    ],
                    [
                        0.75
                    ],
                    [
                        0.75
                    ],
                    [
                        0.75
                    ],
                    [
                        0.75
                    ],
                    [
                        0.75
                    ],
                    [
                        0.75
                    ],
                    [
                        0.75
                    ],
                    [
                        0.75
                    ],
                    [
                        0.75
                    ],
                    [
                        0.75
                    ],
                    [
                        0.75
                    ],
                    [
                        0.75
                    ],
                    [
                        0.75
                    ],
                    [
                        0.75
                    ],
                    [
                        0.75
                    ],
                    [
                        0.75
                    ],
                    [
                        0.75
                    ]
                ]
            ],
            "returns": [
                [
                    [
                        0.5055230259895325
                    ],
                    [
                        0.5045902132987976
                    ],
                    [
                        0.5036553740501404
                    ],
                    [
                        0.5027201771736145
                    ],
                    [
                        0.5017906427383423
                    ],
                    [
                        0.5008551478385925
                    ],
                    [
                        0.4999221861362457
                    ],
                    [
                        0.49898457527160645
                    ],
                    [
                        0.49805590510368347
                    ],
                    [
                        0.4971241354942322
                    ],
                    [
                        0.49618321657180786
                    ],
                    [
                        0.4952487051486969
                    ],
                    [
                        0.49431970715522766
                    ],
                    [
                        0.49338284134864807
                    ],
                    [
                        0.49245142936706543
                    ],
                    [
                        0.4915192425251007
                    ],
                    [
                        0.49058666825294495
                    ],
                    [
                        0.4896489977836609
                    ],
                    [
                        0.4887164533138275
                    ],
                    [
                        0.48778414726257324
                    ]
                ]
            ],
            "timesteps": [
                [
                    80,
                    81,
                    82,
                    83,
                    84,
                    85,
                    86,
                    87,
                    88,
                    89,
                    90,
                    91,
                    92,
                    93,
                    94,
                    95,
                    96,
                    97,
                    98,
                    99
                ]
            ],
            "labels": [
                [
                    2,
                    2,
                    2,
                    2,
                    2,
                    2,
                    2,
                    2,
                    2,
                    2,
                    2,
                    2,
                    2,
                    2,
                    2,
                    2,
                    2,
                    2,
                    2,
                    2
                ]
            ],
            "CPU Usage": 45.8,
            "RAM Usage": 54.9,
            "GPU Usage": 0.0,
            "VRAM Usage": 355.0,
            "Disk Read Speed (MB/s)": 206653.4677734375,
            "Disk Write Speed (MB/s)": 432057.8642578125
        },
        {
            "step": 1,
            "train_loss": 0.01630259118974209,
            "actions_pred1": [
                [
                    [
                        2.1808643341064453,
                        2.167775869369507,
                        0.5726028680801392,
                        -5.261723041534424
                    ],
                    [
                        2.3107690811157227,
                        2.6657371520996094,
                        1.160834789276123,
                        -4.612239360809326
                    ],
                    [
                        2.5900917053222656,
                        3.2230708599090576,
                        1.1833750009536743,
                        -4.846098899841309
                    ],
                    [
                        2.5442886352539062,
                        3.6363542079925537,
                        1.4562454223632812,
                        -5.065164566040039
                    ],
                    [
                        2.7670230865478516,
                        3.8421201705932617,
                        1.352832317352295,
                        -5.297327995300293
                    ],
                    [
                        2.6446712017059326,
                        3.5866057872772217,
                        1.1246576309204102,
                        -5.461883544921875
                    ],
                    [
                        2.8523125648498535,
                        3.653357744216919,
                        1.332339882850647,
                        -5.514290809631348
                    ],
                    [
                        3.0058412551879883,
                        3.7733383178710938,
                        1.2011507749557495,
                        -5.599231243133545
                    ],
                    [
                        3.028137683868408,
                        3.5856075286865234,
                        1.0856006145477295,
                        -5.631819725036621
                    ],
                    [
                        3.129183292388916,
                        3.809741973876953,
                        1.1905986070632935,
                        -5.585042476654053
                    ],
                    [
                        3.084109306335449,
                        3.667948007583618,
                        1.1265417337417603,
                        -5.872947692871094
                    ],
                    [
                        3.102079153060913,
                        3.790087938308716,
                        1.1799719333648682,
                        -6.2188720703125
                    ],
                    [
                        3.0312085151672363,
                        3.776129722595215,
                        1.2242530584335327,
                        -6.224494934082031
                    ],
                    [
                        3.2090988159179688,
                        3.875598907470703,
                        1.3903539180755615,
                        -6.293097496032715
                    ],
                    [
                        3.2592391967773438,
                        3.873680830001831,
                        1.5300180912017822,
                        -6.455719947814941
                    ],
                    [
                        3.4504566192626953,
                        3.6177432537078857,
                        1.6352921724319458,
                        -6.6534833908081055
                    ],
                    [
                        3.403273582458496,
                        3.5997750759124756,
                        1.7459769248962402,
                        -6.838375568389893
                    ],
                    [
                        3.4226059913635254,
                        3.7224740982055664,
                        1.3143330812454224,
                        -6.725669860839844
                    ],
                    [
                        3.311753273010254,
                        3.6395716667175293,
                        1.430293321609497,
                        -6.681497573852539
                    ],
                    [
                        3.190865993499756,
                        3.517578601837158,
                        1.3609896898269653,
                        -6.659908294677734
                    ]
                ]
            ],
            "actions_pred": [
                [
                    [
                        2.1808643341064453,
                        2.3107690811157227,
                        2.5900917053222656,
                        2.5442886352539062,
                        2.7670230865478516,
                        2.6446712017059326,
                        2.8523125648498535,
                        3.0058412551879883,
                        3.028137683868408,
                        3.129183292388916,
                        3.084109306335449,
                        3.102079153060913,
                        3.0312085151672363,
                        3.2090988159179688,
                        3.2592391967773438,
                        3.4504566192626953,
                        3.403273582458496,
                        3.4226059913635254,
                        3.311753273010254,
                        3.190865993499756
                    ],
                    [
                        2.167775869369507,
                        2.6657371520996094,
                        3.2230708599090576,
                        3.6363542079925537,
                        3.8421201705932617,
                        3.5866057872772217,
                        3.653357744216919,
                        3.7733383178710938,
                        3.5856075286865234,
                        3.809741973876953,
                        3.667948007583618,
                        3.790087938308716,
                        3.776129722595215,
                        3.875598907470703,
                        3.873680830001831,
                        3.6177432537078857,
                        3.5997750759124756,
                        3.7224740982055664,
                        3.6395716667175293,
                        3.517578601837158
                    ],
                    [
                        0.5726028680801392,
                        1.160834789276123,
                        1.1833750009536743,
                        1.4562454223632812,
                        1.352832317352295,
                        1.1246576309204102,
                        1.332339882850647,
                        1.2011507749557495,
                        1.0856006145477295,
                        1.1905986070632935,
                        1.1265417337417603,
                        1.1799719333648682,
                        1.2242530584335327,
                        1.3903539180755615,
                        1.5300180912017822,
                        1.6352921724319458,
                        1.7459769248962402,
                        1.3143330812454224,
                        1.430293321609497,
                        1.3609896898269653
                    ],
                    [
                        -5.261723041534424,
                        -4.612239360809326,
                        -4.846098899841309,
                        -5.065164566040039,
                        -5.297327995300293,
                        -5.461883544921875,
                        -5.514290809631348,
                        -5.599231243133545,
                        -5.631819725036621,
                        -5.585042476654053,
                        -5.872947692871094,
                        -6.2188720703125,
                        -6.224494934082031,
                        -6.293097496032715,
                        -6.455719947814941,
                        -6.6534833908081055,
                        -6.838375568389893,
                        -6.725669860839844,
                        -6.681497573852539,
                        -6.659908294677734
                    ]
                ]
            ],
            "states": [
                [
                    [
                        6436360.0,
                        3.756791920750402e-05,
                        0.00023788119142409414,
                        525420.0
                    ],
                    [
                        5822408.0,
                        3.5673747333930805e-05,
                        0.0002484873402863741,
                        540076.8125
                    ],
                    [
                        6120696.0,
                        3.400527930352837e-05,
                        0.00025739934062585235,
                        546681.375
                    ],
                    [
                        6143632.0,
                        3.2446547265863046e-05,
                        0.00019004895875696093,
                        549135.1875
                    ],
                    [
                        6290344.0,
                        3.100591857219115e-05,
                        0.00022606240236200392,
                        515628.96875
                    ],
                    [
                        7225288.0,
                        2.9579521651612595e-05,
                        0.0002532026555854827,
                        501138.75
                    ],
                    [
                        5695216.0,
                        2.8330134227871895e-05,
                        0.0002667571825440973,
                        501280.09375
                    ],
                    [
                        6048296.0,
                        2.72848174063256e-05,
                        0.00026687141507864,
                        520591.84375
                    ],
                    [
                        5956840.0,
                        2.6292696929886006e-05,
                        0.0002529114135541022,
                        510954.5
                    ],
                    [
                        5511320.0,
                        2.5409783120267093e-05,
                        0.0002583715249784291,
                        498321.25
                    ],
                    [
                        7421000.0,
                        2.448467603244353e-05,
                        0.001365873496979475,
                        470548.53125
                    ],
                    [
                        6653560.0,
                        2.3549235265818425e-05,
                        0.0008239395683631301,
                        489404.40625
                    ],
                    [
                        5919424.0,
                        2.2772055672248825e-05,
                        0.0005388445570133626,
                        494672.6875
                    ],
                    [
                        6049744.0,
                        2.2078909751144238e-05,
                        0.0005018769879825413,
                        522203.84375
                    ],
                    [
                        5699328.0,
                        2.1438178009702824e-05,
                        0.0005396626074798405,
                        525676.375
                    ],
                    [
                        5907840.0,
                        2.084095285681542e-05,
                        0.00039070475031621754,
                        484434.71875
                    ],
                    [
                        7654128.0,
                        2.0184714230708778e-05,
                        0.00037147922557778656,
                        485244.75
                    ],
                    [
                        6171376.0,
                        1.9555423932615668e-05,
                        0.00035373689024709165,
                        520211.9375
                    ],
                    [
                        5359048.0,
                        1.9060054910369217e-05,
                        0.0003472233365755528,
                        514446.75
                    ],
                    [
                        5344568.0,
                        1.8622442439664155e-05,
                        0.00021890846255701035,
                        526664.75
                    ]
                ]
            ],
            "actions": [
                [
                    [
                        0.5
                    ],
                    [
                        0.5
                    ],
                    [
                        0.5
                    ],
                    [
                        0.5
                    ],
                    [
                        0.5
                    ],
                    [
                        0.5
                    ],
                    [
                        0.5
                    ],
                    [
                        0.5
                    ],
                    [
                        0.5
                    ],
                    [
                        0.5
                    ],
                    [
                        0.5
                    ],
                    [
                        0.5
                    ],
                    [
                        0.5
                    ],
                    [
                        0.5
                    ],
                    [
                        0.5
                    ],
                    [
                        0.5
                    ],
                    [
                        0.5
                    ],
                    [
                        0.5
                    ],
                    [
                        0.5
                    ],
                    [
                        0.5
                    ]
                ]
            ],
            "returns": [
                [
                    [
                        0.17125853896141052
                    ],
                    [
                        0.17030860483646393
                    ],
                    [
                        0.16936755180358887
                    ],
                    [
                        0.16842207312583923
                    ],
                    [
                        0.16747625172138214
                    ],
                    [
                        0.1665283590555191
                    ],
                    [
                        0.16556815803050995
                    ],
                    [
                        0.16462907195091248
                    ],
                    [
                        0.1636846512556076
                    ],
                    [
                        0.16274157166481018
                    ],
                    [
                        0.1618053913116455
                    ],
                    [
                        0.16084282100200653
                    ],
                    [
                        0.15988995134830475
                    ],
                    [
                        0.1589474231004715
                    ],
                    [
                        0.15800298750400543
                    ],
                    [
                        0.157063826918602
                    ],
                    [
                        0.15612147748470306
                    ],
                    [
                        0.1551561802625656
                    ],
                    [
                        0.15420997142791748
                    ],
                    [
                        0.153276264667511
                    ]
                ]
            ],
            "timesteps": [
                [
                    440,
                    441,
                    442,
                    443,
                    444,
                    445,
                    446,
                    447,
                    448,
                    449,
                    450,
                    451,
                    452,
                    453,
                    454,
                    455,
                    456,
                    457,
                    458,
                    459
                ]
            ],
            "labels": [
                [
                    1,
                    1,
                    1,
                    1,
                    1,
                    1,
                    1,
                    1,
                    1,
                    1,
                    1,
                    1,
                    1,
                    1,
                    1,
                    1,
                    1,
                    1,
                    1,
                    1
                ]
            ],
            "CPU Usage": 46.7,
            "RAM Usage": 55.1,
            "GPU Usage": 0.0,
            "VRAM Usage": 355.0,
            "Disk Read Speed (MB/s)": 206653.4677734375,
            "Disk Write Speed (MB/s)": 432058.0048828125
        },
        {
            "step": 2,
            "train_loss": 0.0012594676809385419,
            "actions_pred1": [
                [
                    [
                        1.5017658472061157,
                        4.240943431854248,
                        0.37582558393478394,
                        -3.943446159362793
                    ],
                    [
                        1.564348578453064,
                        3.357088088989258,
                        0.2923377454280853,
                        -4.256883144378662
                    ],
                    [
                        1.1160259246826172,
                        4.058781147003174,
                        -0.30381375551223755,
                        -4.383299827575684
                    ],
                    [
                        0.6574263572692871,
                        4.696174144744873,
                        -0.43489328026771545,
                        -4.570101261138916
                    ],
                    [
                        0.671723484992981,
                        4.635279655456543,
                        -0.2863365411758423,
                        -4.696433067321777
                    ],
                    [
                        0.6671172380447388,
                        4.572386741638184,
                        -0.25937166810035706,
                        -5.363559246063232
                    ],
                    [
                        0.4176742434501648,
                        4.7454071044921875,
                        -0.21623237431049347,
                        -5.547652244567871
                    ],
                    [
                        0.3862342834472656,
                        4.645616054534912,
                        -0.47050273418426514,
                        -5.74127197265625
                    ],
                    [
                        0.5521549582481384,
                        4.429651260375977,
                        -0.6666138172149658,
                        -5.628735542297363
                    ],
                    [
                        0.6467771530151367,
                        4.541026592254639,
                        -0.7177137136459351,
                        -5.622267723083496
                    ],
                    [
                        0.6386810541152954,
                        4.657805442810059,
                        -0.6081376075744629,
                        -5.767521858215332
                    ],
                    [
                        0.5764630436897278,
                        4.546896934509277,
                        -0.3390168845653534,
                        -5.661638259887695
                    ],
                    [
                        0.8028574585914612,
                        4.454812049865723,
                        -0.26347532868385315,
                        -5.556972980499268
                    ],
                    [
                        0.9745786190032959,
                        4.54388952255249,
                        -0.37386661767959595,
                        -5.529677867889404
                    ],
                    [
                        0.9350321292877197,
                        4.577895164489746,
                        -0.2867315411567688,
                        -5.658224582672119
                    ],
                    [
                        0.9926124811172485,
                        4.942136287689209,
                        -0.34793519973754883,
                        -5.729583263397217
                    ],
                    [
                        0.8249298930168152,
                        4.925931930541992,
                        -0.17059266567230225,
                        -5.889508247375488
                    ],
                    [
                        1.0622940063476562,
                        4.902544021606445,
                        -0.26481834053993225,
                        -5.45715856552124
                    ],
                    [
                        1.1408779621124268,
                        4.751472473144531,
                        -0.12850432097911835,
                        -5.801210880279541
                    ],
                    [
                        1.1210592985153198,
                        4.618646621704102,
                        -0.09921421110630035,
                        -5.718866348266602
                    ]
                ]
            ],
            "actions_pred": [
                [
                    [
                        1.5017658472061157,
                        1.564348578453064,
                        1.1160259246826172,
                        0.6574263572692871,
                        0.671723484992981,
                        0.6671172380447388,
                        0.4176742434501648,
                        0.3862342834472656,
                        0.5521549582481384,
                        0.6467771530151367,
                        0.6386810541152954,
                        0.5764630436897278,
                        0.8028574585914612,
                        0.9745786190032959,
                        0.9350321292877197,
