{
    "steps": [
        {
            "step": 0,
            "train_loss": 0.05154487490653992,
            "actions_pred1": [
                [
                    [
                        0.33341240882873535,
                        -0.14725303649902344,
                        0.4018862843513489,
                        0.44848257303237915
                    ],
                    [
                        0.49182939529418945,
                        -0.2940099835395813,
                        0.46209147572517395,
                        0.46106022596359253
                    ],
                    [
                        0.2544441819190979,
                        -0.10129615664482117,
                        0.43013739585876465,
                        0.36862075328826904
                    ],
                    [
                        0.03926931321620941,
                        -0.04802200198173523,
                        0.47451865673065186,
                        0.3094443678855896
                    ],
                    [
                        0.06770399212837219,
                        -0.02535627782344818,
                        0.5072154998779297,
                        0.2683844268321991
                    ],
                    [
                        0.029036685824394226,
                        -0.056602299213409424,
                        0.5314292907714844,
                        0.14196082949638367
                    ],
                    [
                        0.02407904714345932,
                        -0.021310120820999146,
                        0.5505372285842896,
                        0.2024502456188202
                    ],
                    [
                        -0.02606312185525894,
                        -0.12045672535896301,
                        0.3069709241390228,
                        0.26047638058662415
                    ],
                    [
                        -0.01784522458910942,
                        -0.12783412635326385,
                        0.32362473011016846,
                        0.2571384310722351
                    ],
                    [
                        0.019120395183563232,
                        -0.045252725481987,
                        0.3693155348300934,
                        0.31800106167793274
                    ],
                    [
                        0.09278847277164459,
                        -0.020352452993392944,
                        0.3791552186012268,
                        0.3891443610191345
                    ],
                    [
                        0.045103736221790314,
                        -0.003443479537963867,
                        0.41214868426322937,
                        0.43172135949134827
                    ],
                    [
                        -0.0076712146401405334,
                        -0.030579566955566406,
                        0.3010566830635071,
                        0.3791560232639313
                    ],
                    [
                        -0.19457624852657318,
                        0.040746673941612244,
                        0.44084280729293823,
                        0.4504396617412567
                    ],
                    [
                        -0.19357329607009888,
                        -0.07648942619562149,
                        0.514030396938324,
                        0.19165511429309845
                    ],
                    [
                        -0.22983480989933014,
                        -0.07022459805011749,
                        0.5621730089187622,
                        0.23653572797775269
                    ],
                    [
                        -0.19286774098873138,
                        -0.014885134994983673,
                        0.6531997919082642,
                        0.19315990805625916
                    ],
                    [
                        -0.11803676187992096,
                        0.036102913320064545,
                        0.6882622241973877,
                        0.2615758180618286
                    ],
                    [
                        -0.13616952300071716,
                        0.035924844443798065,
                        0.4487656354904175,
                        0.3424149751663208
                    ],
                    [
                        -0.23995524644851685,
                        0.03011174499988556,
                        0.5054718255996704,
                        0.3306792378425598
                    ]
                ]
            ],
            "actions_pred": [
                [
                    [
                        0.33341240882873535,
                        0.49182939529418945,
                        0.2544441819190979,
                        0.03926931321620941,
                        0.06770399212837219,
                        0.029036685824394226,
                        0.02407904714345932,
                        -0.02606312185525894,
                        -0.01784522458910942,
                        0.019120395183563232,
                        0.09278847277164459,
                        0.045103736221790314,
                        -0.0076712146401405334,
                        -0.19457624852657318,
                        -0.19357329607009888,
                        -0.22983480989933014,
                        -0.19286774098873138,
                        -0.11803676187992096,
                        -0.13616952300071716,
                        -0.23995524644851685
                    ],
                    [
                        -0.14725303649902344,
                        -0.2940099835395813,
                        -0.10129615664482117,
                        -0.04802200198173523,
                        -0.02535627782344818,
                        -0.056602299213409424,
                        -0.021310120820999146,
                        -0.12045672535896301,
                        -0.12783412635326385,
                        -0.045252725481987,
                        -0.020352452993392944,
                        -0.003443479537963867,
                        -0.030579566955566406,
                        0.040746673941612244,
                        -0.07648942619562149,
                        -0.07022459805011749,
                        -0.014885134994983673,
                        0.036102913320064545,
                        0.035924844443798065,
                        0.03011174499988556
                    ],
                    [
                        0.4018862843513489,
                        0.46209147572517395,
                        0.43013739585876465,
                        0.47451865673065186,
                        0.5072154998779297,
                        0.5314292907714844,
                        0.5505372285842896,
                        0.3069709241390228,
                        0.32362473011016846,
                        0.3693155348300934,
                        0.3791552186012268,
                        0.41214868426322937,
                        0.3010566830635071,
                        0.44084280729293823,
                        0.514030396938324,
                        0.5621730089187622,
                        0.6531997919082642,
                        0.6882622241973877,
                        0.4487656354904175,
                        0.5054718255996704
                    ],
                    [
                        0.44848257303237915,
                        0.46106022596359253,
                        0.36862075328826904,
                        0.3094443678855896,
                        0.2683844268321991,
                        0.14196082949638367,
                        0.2024502456188202,
                        0.26047638058662415,
                        0.2571384310722351,
                        0.31800106167793274,
                        0.3891443610191345,
                        0.43172135949134827,
                        0.3791560232639313,
                        0.4504396617412567,
                        0.19165511429309845,
                        0.23653572797775269,
                        0.19315990805625916,
                        0.2615758180618286,
                        0.3424149751663208,
                        0.3306792378425598
                    ]
                ]
            ],
            "states": [
                [
                    [
                        4019648.0,
                        3.81172176275868e-05,
                        0.00027542549651116133,
                        604074.25
                    ],
                    [
                        3591040.0,
                        3.7697544030379504e-05,
                        0.00025879128952510655,
                        645691.25
                    ],
                    [
                        4225264.0,
                        3.727625517058186e-05,
                        0.0002528103068470955,
                        514911.09375
                    ],
                    [
                        4439568.0,
                        3.6820012610405684e-05,
                        0.00020026147831231356,
                        552938.5
                    ],
                    [
                        5228728.0,
                        3.6324065149528906e-05,
                        0.00022364039614330977,
                        577892.375
                    ],
                    [
                        5965760.0,
                        3.5766250221058726e-05,
                        0.0002323320077266544,
                        503764.8125
                    ],
                    [
                        6114904.0,
                        3.518302401062101e-05,
                        0.00023472661268897355,
                        508360.15625
                    ],
                    [
                        5644304.0,
                        3.463315078988671e-05,
                        0.00024062122975010425,
                        571257.3125
                    ],
                    [
                        5870192.0,
                        3.411128273000941e-05,
                        0.0001874879380920902,
                        547187.9375
                    ],
                    [
                        5618240.0,
                        3.360593836987391e-05,
                        0.00025532711879350245,
                        590262.375
                    ],
                    [
                        6352376.0,
                        3.3095278922701254e-05,
                        0.0002452299522701651,
                        574275.5
                    ],
                    [
                        5702224.0,
                        3.259619916207157e-05,
                        0.00023082415282260627,
                        543057.75
                    ],
                    [
                        7646888.0,
                        3.206136170774698e-05,
                        0.00026125748991034925,
                        526472.875
                    ],
                    [
                        5964312.0,
                        3.153302532155067e-05,
                        0.00024003862927202135,
                        536332.125
                    ],
                    [
                        5580592.0,
                        3.109858516836539e-05,
                        0.00019315553072374314,
                        564225.875
                    ],
                    [
                        6007752.0,
                        3.0674520530737936e-05,
                        0.00022412248654291034,
                        547189.8125
                    ],
                    [
                        4469976.0,
                        3.0300650905701332e-05,
                        0.00023788119142409414,
                        655379.0
                    ],
                    [
                        3631584.0,
                        3.0017836252227426e-05,
                        0.0002484873402863741,
                        709152.875
                    ],
                    [
                        3940008.0,
                        2.9758366508758627e-05,
                        0.00025739934062585235,
                        659045.125
                    ],
                    [
                        3424520.0,
                        2.951018359453883e-05,
                        0.00019004895875696093,
                        668658.9375
                    ]
                ]
            ],
            "actions": [
                [
                    [
                        0.5
                    ],
                    [
                        0.5
                    ],
                    [
                        0.5
                    ],
                    [
                        0.5
                    ],
                    [
                        0.5
                    ],
                    [
                        0.5
                    ],
                    [
                        0.5
                    ],
                    [
                        0.5
                    ],
                    [
                        0.5
                    ],
                    [
                        0.5
                    ],
                    [
                        0.5
                    ],
                    [
                        0.5
                    ],
                    [
                        0.5
                    ],
                    [
                        0.5
                    ],
                    [
                        0.5
                    ],
                    [
                        0.5
                    ],
                    [
                        0.5
                    ],
                    [
                        0.5
                    ],
                    [
                        0.5
                    ],
                    [
                        0.5
                    ]
                ]
            ],
            "returns": [
                [
                    [
                        0.13405705988407135
                    ],
                    [
                        0.13314884901046753
                    ],
                    [
                        0.13225065171718597
                    ],
                    [
                        0.13133801519870758
                    ],
                    [
                        0.1304210126399994
                    ],
                    [
                        0.1294894963502884
                    ],
                    [
                        0.12854628264904022
                    ],
                    [
                        0.12760089337825775
                    ],
                    [
                        0.12666259706020355
                    ],
                    [
                        0.12572081387043
                    ],
                    [
                        0.12478292733430862
                    ],
                    [
                        0.12383415549993515
                    ],
                    [
                        0.12289495021104813
                    ],
                    [
                        0.12192973494529724
                    ],
                    [
                        0.12098655104637146
                    ],
                    [
                        0.12004926055669785
                    ],
                    [
                        0.11910542845726013
                    ],
                    [
                        0.118187814950943
                    ],
                    [
                        0.11728861182928085
                    ],
                    [
                        0.1163821816444397
                    ]
                ]
            ],
            "timesteps": [
                [
                    480,
                    481,
                    482,
                    483,
                    484,
                    485,
                    486,
                    487,
                    488,
                    489,
                    490,
                    491,
                    492,
                    493,
                    494,
                    495,
                    496,
                    497,
                    498,
                    499
                ]
            ],
            "labels": [
                [
                    1,
                    1,
                    1,
                    1,
                    1,
                    1,
                    1,
                    1,
                    1,
                    1,
                    1,
                    1,
                    1,
                    1,
                    1,
                    1,
                    1,
                    1,
                    1,
                    1
                ]
            ],
            "CPU Usage": 45.4,
            "RAM Usage": 55.4,
            "GPU Usage": 0.0,
            "VRAM Usage": 355.0,
            "Disk Read Speed (MB/s)": 206022.890625,
            "Disk Write Speed (MB/s)": 336290.6845703125
        },
        {
            "step": 1,
            "train_loss": 0.05515060946345329,
            "actions_pred1": [
                [
                    [
                        -0.1477350890636444,
                        0.013504564762115479,
                        0.46262550354003906,
                        1.4099429845809937
                    ],
                    [
                        -0.011195570230484009,
                        0.08254849910736084,
                        0.2085055708885193,
                        1.4106574058532715
                    ],
                    [
                        -0.15882165729999542,
                        0.14144864678382874,
                        0.3007294535636902,
                        1.1052792072296143
                    ],
                    [
                        -0.24701093137264252,
                        0.1515890508890152,
                        0.3472735583782196,
                        1.053865671157837
                    ],
                    [
                        -0.2583692669868469,
                        0.2331979125738144,
                        0.3926735520362854,
                        1.0333160161972046
                    ],
                    [
                        -0.23549146950244904,
                        0.24056991934776306,
                        0.49802446365356445,
                        0.9152141213417053
                    ],
                    [
                        -0.25482314825057983,
                        0.26843804121017456,
                        0.5083500146865845,
                        0.9265007972717285
                    ],
                    [
                        -0.2025987207889557,
                        -0.10795240104198456,
                        0.514471173286438,
                        0.8882836699485779
                    ],
                    [
                        -0.13117069005966187,
                        -0.08788332343101501,
                        0.5361641645431519,
                        0.8992458581924438
                    ],
                    [
                        -0.2384384572505951,
                        -0.013126909732818604,
                        0.6455035209655762,
                        0.8074973821640015
                    ],
                    [
                        -0.32912468910217285,
                        0.02604418247938156,
                        0.5848456025123596,
                        0.8162961006164551
                    ],
                    [
                        -0.3536188006401062,
                        0.07694105803966522,
                        0.48222556710243225,
                        0.9439274072647095
                    ],
                    [
                        -0.41244393587112427,
                        0.004920050501823425,
                        0.4612644612789154,
                        0.8878018856048584
                    ],
                    [
                        -0.3502350449562073,
                        -0.018075495958328247,
                        0.5346433520317078,
                        0.9577037692070007
                    ],
                    [
                        -0.41223737597465515,
                        -0.12381519377231598,
                        0.5064485669136047,
                        0.8887327909469604
                    ],
                    [
                        -0.29526472091674805,
                        0.026883289217948914,
                        0.49550849199295044,
                        0.901449978351593
                    ],
                    [
                        -0.45701926946640015,
                        -0.06478330492973328,
                        0.5379683971405029,
                        0.8988803029060364
                    ],
                    [
                        -0.5078320503234863,
                        -0.09800727665424347,
                        0.5352305173873901,
                        0.9032428860664368
                    ],
                    [
                        -0.4567755460739136,
                        -0.027263253927230835,
                        0.5925448536872864,
                        0.6266822814941406
                    ],
                    [
                        -0.26494300365448,
                        0.02755054086446762,
                        0.6835622787475586,
                        0.7844260334968567
                    ]
                ]
            ],
            "actions_pred": [
                [
                    [
                        -0.1477350890636444,
                        -0.011195570230484009,
                        -0.15882165729999542,
                        -0.24701093137264252,
                        -0.2583692669868469,
                        -0.23549146950244904,
                        -0.25482314825057983,
                        -0.2025987207889557,
                        -0.13117069005966187,
                        -0.2384384572505951,
                        -0.32912468910217285,
                        -0.3536188006401062,
                        -0.41244393587112427,
                        -0.3502350449562073,
                        -0.41223737597465515,
                        -0.29526472091674805,
                        -0.45701926946640015,
                        -0.5078320503234863,
                        -0.4567755460739136,
                        -0.26494300365448
                    ],
                    [
                        0.013504564762115479,
                        0.08254849910736084,
                        0.14144864678382874,
                        0.1515890508890152,
                        0.2331979125738144,
                        0.24056991934776306,
                        0.26843804121017456,
                        -0.10795240104198456,
                        -0.08788332343101501,
                        -0.013126909732818604,
                        0.02604418247938156,
                        0.07694105803966522,
                        0.004920050501823425,
                        -0.018075495958328247,
                        -0.12381519377231598,
                        0.026883289217948914,
                        -0.06478330492973328,
                        -0.09800727665424347,
                        -0.027263253927230835,
                        0.02755054086446762
                    ],
                    [
                        0.46262550354003906,
                        0.2085055708885193,
                        0.3007294535636902,
                        0.3472735583782196,
                        0.3926735520362854,
                        0.49802446365356445,
                        0.5083500146865845,
                        0.514471173286438,
                        0.5361641645431519,
                        0.6455035209655762,
                        0.5848456025123596,
                        0.48222556710243225,
                        0.4612644612789154,
                        0.5346433520317078,
                        0.5064485669136047,
                        0.49550849199295044,
                        0.5379683971405029,
                        0.5352305173873901,
                        0.5925448536872864,
                        0.6835622787475586
                    ],
                    [
                        1.4099429845809937,
                        1.4106574058532715,
                        1.1052792072296143,
                        1.053865671157837,
                        1.0333160161972046,
                        0.9152141213417053,
                        0.9265007972717285,
                        0.8882836699485779,
                        0.8992458581924438,
                        0.8074973821640015,
                        0.8162961006164551,
                        0.9439274072647095,
                        0.8878018856048584,
                        0.9577037692070007,
                        0.8887327909469604,
                        0.901449978351593,
                        0.8988803029060364,
                        0.9032428860664368,
                        0.6266822814941406,
                        0.7844260334968567
                    ]
                ]
            ],
            "states": [
                [
                    [
                        5059312.0,
                        9.1049492766615e-05,
                        0.0002829945588018745,
                        570940.9375
                    ],
                    [
                        5117232.0,
                        8.226631325669587e-05,
                        0.00027779326774179935,
                        553102.75
                    ],
                    [
                        5535704.0,
                        7.472792640328407e-05,
                        0.00029917724896222353,
                        546738.9375
                    ],
                    [
                        4970984.0,
                        6.851889338577166e-05,
                        0.00037997434264980257,
                        615590.1875
                    ],
                    [
                        2654184.0,
                        6.460718577727675e-05,
                        0.00029415389872156084,
                        481818.0625
                    ],
                    [
                        4494592.0,
                        6.135837611509487e-05,
                        0.00029440681100822985,
                        522992.78125
                    ],
                    [
                        4348344.0,
                        5.774946475867182e-05,
                        0.00028164629475213587,
                        491780.875
                    ],
                    [
                        4933336.0,
                        5.439664164441638e-05,
                        0.00027785348356701434,
                        520398.875
                    ],
                    [
                        4701656.0,
                        5.129960845806636e-05,
                        0.00038381022750400007,
                        575110.6875
                    ],
                    [
                        4578576.0,
                        4.8633406549924985e-05,
                        0.0002961547579616308,
                        495802.21875
                    ],
                    [
                        3149400.0,
                        4.661144339479506e-05,
                        0.00029962105327285826,
                        505119.28125
                    ],
                    [
                        4999944.0,
                        4.466465179575607e-05,
                        0.00029777659801766276,
                        484590.125
                    ],
                    [
                        5011528.0,
                        4.247795732226223e-05,
                        0.0002728095860220492,
                        482498.96875
                    ],
                    [
                        5127368.0,
                        4.047168113174848e-05,
                        0.0002930021146312356,
                        492467.5625
                    ],
                    [
                        5149088.0,
                        3.862225275952369e-05,
                        0.0005929499748162925,
                        510973.59375
                    ],
                    [
                        3434656.0,
                        3.7198835343588144e-05,
                        0.00017766767996363342,
                        518040.0625
                    ],
                    [
                        4734960.0,
                        3.594371446524747e-05,
                        0.00018339134112466127,
                        483570.8125
                    ],
                    [
                        4713240.0,
                        3.459137587924488e-05,
                        0.00019205290300305933,
                        485131.46875
                    ],
                    [
                        5099856.0,
                        3.3291154977632686e-05,
                        0.0002024973655352369,
                        498759.9375
                    ],
                    [
                        5243208.0,
                        3.2021918741520494e-05,
                        0.0002613598189782351,
                        496721.28125
                    ]
                ]
            ],
            "actions": [
                [
                    [
                        0.5
                    ],
                    [
                        0.5
                    ],
                    [
                        0.5
                    ],
                    [
                        0.5
                    ],
                    [
                        0.5
                    ],
                    [
                        0.5
                    ],
                    [
                        0.5
                    ],
                    [
                        0.5
                    ],
                    [
                        0.5
                    ],
                    [
                        0.5
                    ],
                    [
                        0.5
                    ],
                    [
                        0.5
                    ],
                    [
                        0.5
                    ],
                    [
                        0.5
                    ],
                    [
                        0.5
                    ],
                    [
                        0.5
                    ],
                    [
                        0.5
                    ],
                    [
                        0.5
                    ],
                    [
                        0.5
                    ],
                    [
                        0.5
                    ]
                ]
            ],
            "returns": [
                [
                    [
                        0.4691389203071594
                    ],
                    [
                        0.4682103097438812
                    ],
                    [
                        0.46728071570396423
                    ],
                    [
                        0.46634411811828613
                    ],
                    [
                        0.4654170870780945
                    ],
                    [
                        0.46454569697380066
                    ],
                    [
                        0.46362757682800293
                    ],
                    [
                        0.4627124071121216
                    ],
                    [
                        0.46178606152534485
                    ],
                    [
                        0.46086394786834717
                    ],
                    [
                        0.4599442183971405
                    ],
                    [
                        0.45905765891075134
                    ],
                    [
                        0.4581300914287567
                    ],
                    [
                        0.45720234513282776
                    ],
                    [
                        0.45627257227897644
                    ],
                    [
                        0.4553424119949341
                    ],
                    [
                        0.4544481337070465
                    ],
                    [
                        0.4535254240036011
                    ],
                    [
                        0.4526031017303467
                    ],
                    [
                        0.45167380571365356
                    ]
                ]
            ],
            "timesteps": [
                [
                    120,
                    121,
                    122,
                    123,
                    124,
                    125,
                    126,
                    127,
                    128,
                    129,
                    130,
                    131,
                    132,
                    133,
                    134,
                    135,
                    136,
                    137,
                    138,
                    139
                ]
            ],
            "labels": [
                [
                    1,
                    1,
                    1,
                    1,
                    1,
                    1,
                    1,
                    1,
                    1,
                    1,
                    1,
                    1,
                    1,
                    1,
                    1,
                    1,
                    1,
                    1,
                    1,
                    1
                ]
            ],
            "CPU Usage": 47.2,
            "RAM Usage": 55.5,
            "GPU Usage": 0.0,
            "VRAM Usage": 355.0,
            "Disk Read Speed (MB/s)": 206022.890625,
            "Disk Write Speed (MB/s)": 336290.7314453125
        },
        {
            "step": 2,
            "train_loss": 0.05559663847088814,
            "actions_pred1": [
                [
                    [
                        -0.0454275906085968,
                        -0.23588605225086212,
                        0.9161201119422913,
                        0.21689386665821075
                    ],
                    [
                        -0.1800907403230667,
                        -0.024655349552631378,
                        0.8386212587356567,
                        0.27270734310150146
                    ],
                    [
                        -0.2237984538078308,
                        -0.04594413936138153,
                        0.9429172277450562,
                        0.22779907286167145
                    ],
                    [
                        -0.08895248174667358,
                        -0.10278564691543579,
                        0.8758817315101624,
                        0.29787230491638184
                    ],
                    [
                        -0.17510125041007996,
                        -0.03907586634159088,
                        0.8609740734100342,
                        0.20367658138275146
                    ],
                    [
                        0.05020131170749664,
                        -0.09620500355958939,
                        0.7971663475036621,
                        0.38320493698120117
                    ],
                    [
                        0.11369364708662033,
                        -0.07301376760005951,
                        0.8375431895256042,
                        0.4175153970718384
                    ],
                    [
                        0.10162283480167389,
                        -0.13718387484550476,
                        0.8634530305862427,
                        0.20626777410507202
                    ],
                    [
                        0.069277323782444,
                        -0.09348130226135254,
                        0.9503865242004395,
                        0.11773371696472168
                    ],
                    [
                        -0.11115750670433044,
                        0.026872538030147552,
                        1.0261359214782715,
                        0.18023478984832764
                    ],
                    [
                        -0.14248895645141602,
                        -0.02718561887741089,
                        0.7047194242477417,
                        0.23485106229782104
                    ],
                    [
                        -0.11978490650653839,
                        -0.12210649996995926,
                        0.7050689458847046,
                        0.3412100374698639
                    ],
                    [
                        -0.11287717521190643,
                        -0.02136915922164917,
                        0.7254371643066406,
                        0.3906320035457611
                    ],
                    [
                        -0.10582167655229568,
                        -0.050084665417671204,
                        0.5874806642532349,
                        0.499442994594574
                    ],
                    [
                        -0.13135674595832825,
                        -0.1256568729877472,
                        0.6056610345840454,
                        0.4468793272972107
                    ],
                    [
                        -0.15221494436264038,
                        0.03924471139907837,
                        0.6127731204032898,
                        0.2395791858434677
                    ],
                    [
                        -0.15546119213104248,
                        0.021434076130390167,
                        0.721908450126648,
                        0.27100956439971924
                    ],
                    [
                        -0.1735999584197998,
                        -0.024396181106567383,
                        0.7333548069000244,
                        0.41037094593048096
                    ],
                    [
                        -0.18753701448440552,
                        0.030676599591970444,
                        0.6913224458694458,
                        0.4473820924758911
                    ],
                    [
                        0.007398933172225952,
                        -0.05599223077297211,
                        0.5730174779891968,
                        0.3438848555088043
                    ]
                ]
            ],
            "actions_pred": [
                [
                    [
                        -0.0454275906085968,
                        -0.1800907403230667,
                        -0.2237984538078308,
                        -0.08895248174667358,
                        -0.17510125041007996,
