{
    "steps": [
        {
            "step": 0,
            "train_loss": 0.02748156152665615,
            "actions_pred1": [
                [
                    [
                        0.3178083300590515,
                        1.1617170572280884,
                        0.5334540605545044,
                        -0.19216009974479675
                    ],
                    [
                        0.4600047469139099,
                        1.2350616455078125,
                        0.26118364930152893,
                        -0.31526437401771545
                    ],
                    [
                        0.28508245944976807,
                        1.1689913272857666,
                        0.311372846364975,
                        -0.5128148198127747
                    ],
                    [
                        0.23988470435142517,
                        1.1373932361602783,
                        0.3276236951351166,
                        -0.49755269289016724
                    ],
                    [
                        0.24724775552749634,
                        1.1848194599151611,
                        0.4028017222881317,
                        -0.49761807918548584
                    ],
                    [
                        0.23763954639434814,
                        1.1757396459579468,
                        0.49575552344322205,
                        -0.5859553813934326
                    ],
                    [
                        0.2110578417778015,
                        1.1326777935028076,
                        0.49549615383148193,
                        -0.5228539705276489
                    ],
                    [
                        0.2730349898338318,
                        0.7609887719154358,
                        0.5323488712310791,
                        -0.5486642718315125
                    ],
                    [
                        0.3842581808567047,
                        0.7567719221115112,
                        0.5439170598983765,
                        -0.5064172744750977
                    ],
                    [
                        0.2786209285259247,
                        0.8019323348999023,
                        0.6426602602005005,
                        -0.5608016848564148
                    ],
                    [
                        0.18961584568023682,
                        0.8437942266464233,
                        0.5666640400886536,
                        -0.5839605927467346
                    ],
                    [
                        0.25963887572288513,
                        0.9861060380935669,
                        0.525921642780304,
                        -0.4879395365715027
                    ],
                    [
                        0.19631274044513702,
                        0.8939722776412964,
                        0.5284048914909363,
                        -0.5204892754554749
                    ],
                    [
                        0.21557098627090454,
                        0.842961847782135,
                        0.5585390329360962,
                        -0.4487597346305847
                    ],
                    [
                        0.16113418340682983,
                        0.7433241605758667,
                        0.539607048034668,
                        -0.5392277836799622
                    ],
                    [
                        0.23822791874408722,
                        0.8717058897018433,
                        0.5814325213432312,
                        -0.5430036783218384
                    ],
                    [
                        0.11285977065563202,
                        0.7847013473510742,
                        0.6338445544242859,
                        -0.5517977476119995
                    ],
                    [
                        0.0583452507853508,
                        0.7151914238929749,
                        0.6328427791595459,
                        -0.5415632128715515
                    ],
                    [
                        0.04704158008098602,
                        0.7518389821052551,
                        0.6622001528739929,
                        -0.7368266582489014
                    ],
                    [
                        0.17064085602760315,
                        0.7978354692459106,
                        0.776786208152771,
                        -0.5939993858337402
                    ]
                ]
            ],
            "actions_pred": [
                [
                    [
                        0.3178083300590515,
                        0.4600047469139099,
                        0.28508245944976807,
                        0.23988470435142517,
                        0.24724775552749634,
                        0.23763954639434814,
                        0.2110578417778015,
                        0.2730349898338318,
                        0.3842581808567047,
                        0.2786209285259247,
                        0.18961584568023682,
                        0.25963887572288513,
                        0.19631274044513702,
                        0.21557098627090454,
                        0.16113418340682983,
                        0.23822791874408722,
                        0.11285977065563202,
                        0.0583452507853508,
                        0.04704158008098602,
                        0.17064085602760315
                    ],
                    [
                        1.1617170572280884,
                        1.2350616455078125,
                        1.1689913272857666,
                        1.1373932361602783,
                        1.1848194599151611,
                        1.1757396459579468,
                        1.1326777935028076,
                        0.7609887719154358,
                        0.7567719221115112,
                        0.8019323348999023,
                        0.8437942266464233,
                        0.9861060380935669,
                        0.8939722776412964,
                        0.842961847782135,
                        0.7433241605758667,
                        0.8717058897018433,
                        0.7847013473510742,
                        0.7151914238929749,
                        0.7518389821052551,
                        0.7978354692459106
                    ],
                    [
                        0.5334540605545044,
                        0.26118364930152893,
                        0.311372846364975,
                        0.3276236951351166,
                        0.4028017222881317,
                        0.49575552344322205,
                        0.49549615383148193,
                        0.5323488712310791,
                        0.5439170598983765,
                        0.6426602602005005,
                        0.5666640400886536,
                        0.525921642780304,
                        0.5284048914909363,
                        0.5585390329360962,
                        0.539607048034668,
                        0.5814325213432312,
                        0.6338445544242859,
                        0.6328427791595459,
                        0.6622001528739929,
                        0.776786208152771
                    ],
                    [
                        -0.19216009974479675,
                        -0.31526437401771545,
                        -0.5128148198127747,
                        -0.49755269289016724,
                        -0.49761807918548584,
                        -0.5859553813934326,
                        -0.5228539705276489,
                        -0.5486642718315125,
                        -0.5064172744750977,
                        -0.5608016848564148,
                        -0.5839605927467346,
                        -0.4879395365715027,
                        -0.5204892754554749,
                        -0.4487597346305847,
                        -0.5392277836799622,
                        -0.5430036783218384,
                        -0.5517977476119995,
                        -0.5415632128715515,
                        -0.7368266582489014,
                        -0.5939993858337402
                    ]
                ]
            ],
            "states": [
                [
                    [
                        5059312.0,
                        9.1049492766615e-05,
                        0.0002829945588018745,
                        570940.9375
                    ],
                    [
                        5117232.0,
                        8.226631325669587e-05,
                        0.00027779326774179935,
                        553102.75
                    ],
                    [
                        5535704.0,
                        7.472792640328407e-05,
                        0.00029917724896222353,
                        546738.9375
                    ],
                    [
                        4970984.0,
                        6.851889338577166e-05,
                        0.00037997434264980257,
                        615590.1875
                    ],
                    [
                        2654184.0,
                        6.460718577727675e-05,
                        0.00029415389872156084,
                        481818.0625
                    ],
                    [
                        4494592.0,
                        6.135837611509487e-05,
                        0.00029440681100822985,
                        522992.78125
                    ],
                    [
                        4348344.0,
                        5.774946475867182e-05,
                        0.00028164629475213587,
                        491780.875
                    ],
                    [
                        4933336.0,
                        5.439664164441638e-05,
                        0.00027785348356701434,
                        520398.875
                    ],
                    [
                        4701656.0,
                        5.129960845806636e-05,
                        0.00038381022750400007,
                        575110.6875
                    ],
                    [
                        4578576.0,
                        4.8633406549924985e-05,
                        0.0002961547579616308,
                        495802.21875
                    ],
                    [
                        3149400.0,
                        4.661144339479506e-05,
                        0.00029962105327285826,
                        505119.28125
                    ],
                    [
                        4999944.0,
                        4.466465179575607e-05,
                        0.00029777659801766276,
                        484590.125
                    ],
                    [
                        5011528.0,
                        4.247795732226223e-05,
                        0.0002728095860220492,
                        482498.96875
                    ],
                    [
                        5127368.0,
                        4.047168113174848e-05,
                        0.0002930021146312356,
                        492467.5625
                    ],
                    [
                        5149088.0,
                        3.862225275952369e-05,
                        0.0005929499748162925,
                        510973.59375
                    ],
                    [
                        3434656.0,
                        3.7198835343588144e-05,
                        0.00017766767996363342,
                        518040.0625
                    ],
                    [
                        4734960.0,
                        3.594371446524747e-05,
                        0.00018339134112466127,
                        483570.8125
                    ],
                    [
                        4713240.0,
                        3.459137587924488e-05,
                        0.00019205290300305933,
                        485131.46875
                    ],
                    [
                        5099856.0,
                        3.3291154977632686e-05,
                        0.0002024973655352369,
                        498759.9375
                    ],
                    [
                        5243208.0,
                        3.2021918741520494e-05,
                        0.0002613598189782351,
                        496721.28125
                    ]
                ]
            ],
            "actions": [
                [
                    [
                        0.5
                    ],
                    [
                        0.5
                    ],
                    [
                        0.5
                    ],
                    [
                        0.5
                    ],
                    [
                        0.5
                    ],
                    [
                        0.5
                    ],
                    [
                        0.5
                    ],
                    [
                        0.5
                    ],
                    [
                        0.5
                    ],
                    [
                        0.5
                    ],
                    [
                        0.5
                    ],
                    [
                        0.5
                    ],
                    [
                        0.5
                    ],
                    [
                        0.5
                    ],
                    [
                        0.5
                    ],
                    [
                        0.5
                    ],
                    [
                        0.5
                    ],
                    [
                        0.5
                    ],
                    [
                        0.5
                    ],
                    [
                        0.5
                    ]
                ]
            ],
            "returns": [
                [
                    [
                        0.4691389203071594
                    ],
                    [
                        0.4682103097438812
                    ],
                    [
                        0.46728071570396423
                    ],
                    [
                        0.46634411811828613
                    ],
                    [
                        0.4654170870780945
                    ],
                    [
                        0.46454569697380066
                    ],
                    [
                        0.46362757682800293
                    ],
                    [
                        0.4627124071121216
                    ],
                    [
                        0.46178606152534485
                    ],
                    [
                        0.46086394786834717
                    ],
                    [
                        0.4599442183971405
                    ],
                    [
                        0.45905765891075134
                    ],
                    [
                        0.4581300914287567
                    ],
                    [
                        0.45720234513282776
                    ],
                    [
                        0.45627257227897644
                    ],
                    [
                        0.4553424119949341
                    ],
                    [
                        0.4544481337070465
                    ],
                    [
                        0.4535254240036011
                    ],
                    [
                        0.4526031017303467
                    ],
                    [
                        0.45167380571365356
                    ]
                ]
            ],
            "timesteps": [
                [
                    120,
                    121,
                    122,
                    123,
                    124,
                    125,
                    126,
                    127,
                    128,
                    129,
                    130,
                    131,
                    132,
                    133,
                    134,
                    135,
                    136,
                    137,
                    138,
                    139
                ]
            ],
            "labels": [
                [
                    1,
                    1,
                    1,
                    1,
                    1,
                    1,
                    1,
                    1,
                    1,
                    1,
                    1,
                    1,
                    1,
                    1,
                    1,
                    1,
                    1,
                    1,
                    1,
                    1
                ]
            ],
            "CPU Usage": 45.9,
            "RAM Usage": 55.1,
            "GPU Usage": 0.0,
            "VRAM Usage": 355.0,
            "Disk Read Speed (MB/s)": 206067.3291015625,
            "Disk Write Speed (MB/s)": 374773.6650390625
        },
        {
            "step": 1,
            "train_loss": 0.03658510744571686,
            "actions_pred1": [
                [
                    [
                        0.43521061539649963,
                        0.3596917986869812,
                        0.9805949926376343,
                        -0.8174790143966675
                    ],
                    [
                        0.3815995454788208,
                        0.38745149970054626,
                        1.0838251113891602,
                        -0.8712754249572754
                    ],
                    [
                        0.3283296823501587,
                        0.5205645561218262,
                        0.9561479091644287,
                        -0.9277992248535156
                    ],
                    [
                        0.1238841861486435,
                        0.618665337562561,
                        1.0709431171417236,
                        -1.0280327796936035
                    ],
                    [
                        0.23082923889160156,
                        0.7234498262405396,
                        0.9470214247703552,
                        -0.8862488269805908
                    ],
                    [
                        0.30646783113479614,
                        0.5607960820198059,
                        0.7516807317733765,
                        -0.9307228326797485
                    ],
                    [
                        0.3107196092605591,
                        0.5734087228775024,
                        0.7492979168891907,
                        -0.962979257106781
                    ],
                    [
                        0.2892899513244629,
                        0.786002516746521,
                        0.8529870510101318,
                        -0.9020594954490662
                    ],
                    [
                        0.3203960359096527,
                        0.6945860981941223,
                        0.895041286945343,
                        -0.8911488056182861
                    ],
                    [
                        0.3615855872631073,
                        0.6736471652984619,
                        0.8511629104614258,
                        -0.9773518443107605
                    ],
                    [
                        0.3510940372943878,
                        0.6911919116973877,
                        0.8219189643859863,
                        -0.9253131151199341
                    ],
                    [
                        0.35659945011138916,
                        0.7403872013092041,
                        0.7845463752746582,
                        -0.9762577414512634
                    ],
                    [
                        0.3022250235080719,
                        0.7984120845794678,
                        0.87443608045578,
                        -1.0741209983825684
                    ],
                    [
                        0.5679773092269897,
                        0.83560711145401,
                        0.881284236907959,
                        -1.0665912628173828
                    ],
                    [
                        0.5063290596008301,
                        0.8703438639640808,
                        0.8568775057792664,
                        -1.0023481845855713
                    ],
                    [
                        0.4554159641265869,
                        0.7658840417861938,
                        0.8650866150856018,
                        -1.0398848056793213
                    ],
                    [
                        0.4056686758995056,
                        0.6450664401054382,
                        0.9728226661682129,
                        -1.012261152267456
                    ],
                    [
                        0.43571609258651733,
                        0.6378723382949829,
                        0.8889980316162109,
                        -0.9733297228813171
                    ],
                    [
                        0.46674442291259766,
                        0.7177618741989136,
                        1.0225820541381836,
                        -1.0405299663543701
                    ],
                    [
                        0.4918982982635498,
                        0.6940915584564209,
                        1.1189779043197632,
                        -1.0157248973846436
                    ]
                ]
            ],
            "actions_pred": [
                [
                    [
                        0.43521061539649963,
                        0.3815995454788208,
                        0.3283296823501587,
                        0.1238841861486435,
                        0.23082923889160156,
                        0.30646783113479614,
                        0.3107196092605591,
                        0.2892899513244629,
                        0.3203960359096527,
                        0.3615855872631073,
                        0.3510940372943878,
                        0.35659945011138916,
                        0.3022250235080719,
                        0.5679773092269897,
                        0.5063290596008301,
                        0.4554159641265869,
                        0.4056686758995056,
                        0.43571609258651733,
                        0.46674442291259766,
                        0.4918982982635498
                    ],
                    [
                        0.3596917986869812,
                        0.38745149970054626,
                        0.5205645561218262,
                        0.618665337562561,
                        0.7234498262405396,
                        0.5607960820198059,
                        0.5734087228775024,
                        0.786002516746521,
                        0.6945860981941223,
                        0.6736471652984619,
                        0.6911919116973877,
                        0.7403872013092041,
                        0.7984120845794678,
                        0.83560711145401,
                        0.8703438639640808,
                        0.7658840417861938,
                        0.6450664401054382,
                        0.6378723382949829,
                        0.7177618741989136,
                        0.6940915584564209
                    ],
                    [
                        0.9805949926376343,
                        1.0838251113891602,
                        0.9561479091644287,
                        1.0709431171417236,
                        0.9470214247703552,
                        0.7516807317733765,
                        0.7492979168891907,
                        0.8529870510101318,
                        0.895041286945343,
                        0.8511629104614258,
                        0.8219189643859863,
                        0.7845463752746582,
                        0.87443608045578,
                        0.881284236907959,
                        0.8568775057792664,
                        0.8650866150856018,
                        0.9728226661682129,
                        0.8889980316162109,
                        1.0225820541381836,
                        1.1189779043197632
                    ],
                    [
                        -0.8174790143966675,
                        -0.8712754249572754,
                        -0.9277992248535156,
                        -1.0280327796936035,
                        -0.8862488269805908,
                        -0.9307228326797485,
                        -0.962979257106781,
                        -0.9020594954490662,
                        -0.8911488056182861,
                        -0.9773518443107605,
                        -0.9253131151199341,
                        -0.9762577414512634,
                        -1.0741209983825684,
                        -1.0665912628173828,
                        -1.0023481845855713,
                        -1.0398848056793213,
                        -1.012261152267456,
                        -0.9733297228813171,
                        -1.0405299663543701,
                        -1.0157248973846436
                    ]
                ]
            ],
            "states": [
                [
                    [
                        5354704.0,
                        8.239823728217743e-06,
                        0.00025337765691801906,
                        501396.375
                    ],
                    [
                        6112008.0,
                        8.186386367015075e-06,
                        0.00023226119810715318,
                        493386.84375
                    ],
                    [
                        437474.0,
                        0.04059061408042908,
                        0.000310274597723037,
                        179519.703125
                    ],
                    [
                        742824.0,
                        0.00568061089143157,
                        0.00025462565827183425,
                        494869.5625
                    ],
                    [
                        1293064.0,
                        0.002463217591866851,
                        0.00027542549651116133,
                        568802.125
                    ],
                    [
                        2754096.0,
                        0.001175331766717136,
                        0.00025879128952510655,
                        506395.59375
                    ],
                    [
                        4959400.0,
                        0.0005831622984260321,
                        0.0002528103068470955,
                        510830.5
                    ],
                    [
                        7180632.0,
                        0.0003223789972253144,
                        0.00020026147831231356,
                        497092.78125
                    ],
                    [
                        10328584.0,
                        0.00019613979384303093,
                        0.00022364039614330977,
                        447740.25
                    ],
                    [
                        9514808.0,
                        0.00013474683510139585,
                        0.0002323320077266544,
                        458092.9375
                    ],
                    [
                        9614720.0,
                        0.00010378147271694615,
                        0.00023472661268897355,
                        451882.15625
                    ],
                    [
                        11055480.0,
                        8.32404475659132e-05,
                        0.00024062122975010425,
                        451078.96875
                    ],
                    [
                        10631216.0,
                        6.886368646519259e-05,
                        0.0001874879380920902,
                        454141.4375
                    ],
                    [
                        9736352.0,
                        5.92533870076295e-05,
                        0.00025532711879350245,
                        501440.96875
                    ],
                    [
                        5832544.0,
                        5.351470463210717e-05,
                        0.0002452299522701651,
                        514617.375
                    ],
                    [
                        4878312.0,
                        5.0193953939015046e-05,
                        0.00023082415282260627,
                        598373.25
                    ],
                    [
                        5687744.0,
                        4.730764703708701e-05,
                        0.00026125748991034925,
                        594833.125
                    ],
                    [
                        5154880.0,
                        4.466561586013995e-05,
                        0.00024003862927202135,
                        666985.1875
                    ],
                    [
                        5471992.0,
                        4.2350944568170235e-05,
                        0.00019315553072374314,
                        641558.875
                    ],
                    [
                        7102440.0,
                        3.9908583858050406e-05,
                        0.00022412248654291034,
                        477795.28125
                    ]
                ]
            ],
            "actions": [
                [
                    [
                        0.25
                    ],
                    [
                        0.25
                    ],
                    [
                        0.5
                    ],
                    [
                        0.5
                    ],
                    [
                        0.5
                    ],
                    [
                        0.5
                    ],
                    [
                        0.5
                    ],
                    [
                        0.5
                    ],
                    [
                        0.5
                    ],
                    [
                        0.5
                    ],
                    [
                        0.5
                    ],
                    [
                        0.5
                    ],
                    [
                        0.5
                    ],
                    [
                        0.5
                    ],
                    [
                        0.5
                    ],
                    [
                        0.5
                    ],
                    [
                        0.5
                    ],
                    [
                        0.5
                    ],
                    [
                        0.5
                    ],
                    [
                        0.5
                    ]
                ]
            ],
            "returns": [
                [
                    [
                        0.18974736332893372
                    ],
                    [
                        0.1888137310743332
                    ],
                    [
                        0.1878683865070343
                    ],
                    [
                        0.1871568113565445
                    ],
                    [
                        0.18639831244945526
                    ],
                    [
                        0.18559066951274872
                    ],
                    [
                        0.18471598625183105
                    ],
                    [
                        0.18378916382789612
                    ],
                    [
                        0.18282951414585114
                    ],
                    [
                        0.18183764815330505
                    ],
                    [
                        0.18085305392742157
                    ],
                    [
                        0.17986753582954407
                    ],
                    [
                        0.17886963486671448
                    ],
                    [
                        0.17787520587444305
                    ],
                    [
                        0.176888570189476
                    ],
                    [
                        0.17594735324382782
                    ],
                    [
                        0.17502199113368988
                    ],
                    [
                        0.17408300936222076
                    ],
                    [
                        0.17315275967121124
                    ],
                    [
                        0.1722172051668167
                    ]
                ]
            ],
            "timesteps": [
                [
                    420,
                    421,
                    422,
                    423,
                    424,
                    425,
                    426,
                    427,
                    428,
                    429,
                    430,
                    431,
                    432,
                    433,
                    434,
                    435,
                    436,
                    437,
                    438,
                    439
                ]
            ],
            "labels": [
                [
                    0,
                    0,
                    1,
                    1,
                    1,
                    1,
                    1,
                    1,
                    1,
                    1,
                    1,
                    1,
                    1,
                    1,
                    1,
                    1,
                    1,
                    1,
                    1,
                    1
                ]
            ],
            "CPU Usage": 47.0,
            "RAM Usage": 55.3,
            "GPU Usage": 0.0,
            "VRAM Usage": 355.0,
            "Disk Read Speed (MB/s)": 206067.3291015625,
            "Disk Write Speed (MB/s)": 374773.7548828125
        },
        {
            "step": 2,
            "train_loss": 0.03009689226746559,
            "actions_pred1": [
                [
                    [
                        0.25731298327445984,
                        0.4672672748565674,
                        0.9533998370170593,
                        -0.56072998046875
                    ],
                    [
                        0.22014865279197693,
                        0.4519241452217102,
                        0.9163204431533813,
                        -0.5936883687973022
                    ],
                    [
                        0.285375714302063,
                        0.47887179255485535,
                        0.8040813207626343,
                        -0.6570322513580322
                    ],
                    [
                        0.30998140573501587,
                        0.3399237394332886,
                        0.7024105787277222,
                        -0.8589464426040649
                    ],
                    [
                        0.4567145109176636,
                        0.3285960853099823,
                        0.7279476523399353,
                        -0.9342085719108582
                    ],
                    [
                        0.42878031730651855,
                        0.30899593234062195,
                        0.6687934398651123,
                        -0.8651126027107239
                    ],
                    [
                        0.4249914288520813,
                        0.557798445224762,
                        0.553824782371521,
                        -0.7889994382858276
                    ],
                    [
                        0.4531896412372589,
                        0.5329952239990234,
                        0.6943225860595703,
                        -0.736635684967041
                    ],
                    [
                        0.530705451965332,
                        0.5788233876228333,
                        0.6959981322288513,
                        -0.8538132309913635
                    ],
                    [
                        0.44453567266464233,
                        0.5579028725624084,
                        0.7106730341911316,
                        -0.9326732754707336
                    ],
                    [
                        0.43099281191825867,
                        0.5399270057678223,
                        0.7512316107749939,
                        -0.9065839052200317
                    ],
                    [
                        0.36693865060806274,
                        0.5522921085357666,
                        0.7080782055854797,
                        -0.9066449403762817
                    ],
                    [
                        0.4582071006298065,
                        0.5003232359886169,
                        0.8851283192634583,
                        -0.9969114065170288
                    ],
                    [
                        0.4393998086452484,
                        0.5389314293861389,
                        0.871520459651947,
                        -0.9693824648857117
                    ],
                    [
                        0.3984440863132477,
                        0.5611432790756226,
                        0.7741374373435974,
                        -0.9859448671340942
                    ],
                    [
                        0.3065975308418274,
                        0.5805954337120056,
                        0.8711063861846924,
                        -1.0673823356628418
                    ],
                    [
                        0.17809250950813293,
                        0.6049711108207703,
                        0.8929243683815002,
                        -1.048452615737915
                    ],
                    [
                        0.3792353868484497,
                        0.656323254108429,
                        0.7997560501098633,
                        -1.0104553699493408
                    ],
                    [
                        0.31049180030822754,
                        0.6106679439544678,
                        0.8326496481895447,
                        -0.9833424091339111
                    ],
                    [
                        0.27856189012527466,
                        0.5666024684906006,
                        0.9216709136962891,
                        -0.9640810489654541
                    ]
                ]
            ],
            "actions_pred": [
                [
                    [
                        0.25731298327445984,
                        0.22014865279197693,
                        0.285375714302063,
                        0.30998140573501587,
                        0.4567145109176636,
                        0.42878031730651855,
                        0.4249914288520813,
                        0.4531896412372589,
                        0.530705451965332,
                        0.44453567266464233,
                        0.43099281191825867,
