{
    "steps": [
        {
            "step": 0,
            "train_loss": 0.045301444828510284,
            "actions_pred1": [
                [
                    [
                        0.7847140431404114,
                        0.31311947107315063,
                        1.180560827255249,
                        -0.8344220519065857
                    ],
                    [
                        0.7239366173744202,
                        0.41083523631095886,
                        1.1432121992111206,
                        -0.9183046817779541
                    ],
                    [
                        0.4171066880226135,
                        0.47094953060150146,
                        1.016324758529663,
                        -1.0980925559997559
                    ],
                    [
                        0.2654200792312622,
                        0.47511518001556396,
                        0.999744713306427,
                        -1.1535847187042236
                    ],
                    [
                        0.21229904890060425,
                        0.5136079788208008,
                        0.9648836255073547,
                        -1.1827101707458496
                    ],
                    [
                        0.1483464539051056,
                        0.4518709182739258,
                        0.9942823648452759,
                        -1.2284636497497559
                    ],
                    [
                        0.09666135907173157,
                        0.4198472201824188,
                        1.0378670692443848,
                        -1.28371000289917
                    ],
                    [
                        0.06425357609987259,
                        0.5112819075584412,
                        1.0943858623504639,
                        -1.3711708784103394
                    ],
                    [
                        0.3226727843284607,
                        0.5741702914237976,
                        1.0649645328521729,
                        -1.3837939500808716
                    ],
                    [
                        0.48650413751602173,
                        0.5258406400680542,
                        1.0539584159851074,
                        -1.5036416053771973
                    ],
                    [
                        0.5205244421958923,
                        0.5790614485740662,
                        0.8778923749923706,
                        -1.4304478168487549
                    ],
                    [
                        0.5410046577453613,
                        0.5904437899589539,
                        0.9559351801872253,
                        -1.4695892333984375
                    ],
                    [
                        0.5187984108924866,
                        0.6438491940498352,
                        0.8396374583244324,
                        -1.4049792289733887
                    ],
                    [
                        0.47407376766204834,
                        0.685021162033081,
                        0.9493845701217651,
                        -1.3800749778747559
                    ],
                    [
                        0.47956961393356323,
                        0.7186960577964783,
                        1.043897032737732,
                        -1.4696260690689087
                    ],
                    [
                        0.4372084438800812,
                        0.707427978515625,
                        1.034888505935669,
                        -1.4883151054382324
                    ],
                    [
                        0.4680810868740082,
                        0.5956853032112122,
                        0.9375763535499573,
                        -1.4724538326263428
                    ],
                    [
                        0.2760101854801178,
                        0.7256683707237244,
                        1.0333778858184814,
                        -1.5596580505371094
                    ],
                    [
                        0.28167229890823364,
                        0.8090432286262512,
                        1.0270235538482666,
                        -1.4504334926605225
                    ],
                    [
                        0.3505619764328003,
                        0.8267863988876343,
                        0.9257726669311523,
                        -1.3756210803985596
                    ]
                ]
            ],
            "actions_pred": [
                [
                    [
                        0.7847140431404114,
                        0.7239366173744202,
                        0.4171066880226135,
                        0.2654200792312622,
                        0.21229904890060425,
                        0.1483464539051056,
                        0.09666135907173157,
                        0.06425357609987259,
                        0.3226727843284607,
                        0.48650413751602173,
                        0.5205244421958923,
                        0.5410046577453613,
                        0.5187984108924866,
                        0.47407376766204834,
                        0.47956961393356323,
                        0.4372084438800812,
                        0.4680810868740082,
                        0.2760101854801178,
                        0.28167229890823364,
                        0.3505619764328003
                    ],
                    [
                        0.31311947107315063,
                        0.41083523631095886,
                        0.47094953060150146,
                        0.47511518001556396,
                        0.5136079788208008,
                        0.4518709182739258,
                        0.4198472201824188,
                        0.5112819075584412,
                        0.5741702914237976,
                        0.5258406400680542,
                        0.5790614485740662,
                        0.5904437899589539,
                        0.6438491940498352,
                        0.685021162033081,
                        0.7186960577964783,
                        0.707427978515625,
                        0.5956853032112122,
                        0.7256683707237244,
                        0.8090432286262512,
                        0.8267863988876343
                    ],
                    [
                        1.180560827255249,
                        1.1432121992111206,
                        1.016324758529663,
                        0.999744713306427,
                        0.9648836255073547,
                        0.9942823648452759,
                        1.0378670692443848,
                        1.0943858623504639,
                        1.0649645328521729,
                        1.0539584159851074,
                        0.8778923749923706,
                        0.9559351801872253,
                        0.8396374583244324,
                        0.9493845701217651,
                        1.043897032737732,
                        1.034888505935669,
                        0.9375763535499573,
                        1.0333778858184814,
                        1.0270235538482666,
                        0.9257726669311523
                    ],
                    [
                        -0.8344220519065857,
                        -0.9183046817779541,
                        -1.0980925559997559,
                        -1.1535847187042236,
                        -1.1827101707458496,
                        -1.2284636497497559,
                        -1.28371000289917,
                        -1.3711708784103394,
                        -1.3837939500808716,
                        -1.5036416053771973,
                        -1.4304478168487549,
                        -1.4695892333984375,
                        -1.4049792289733887,
                        -1.3800749778747559,
                        -1.4696260690689087,
                        -1.4883151054382324,
                        -1.4724538326263428,
                        -1.5596580505371094,
                        -1.4504334926605225,
                        -1.3756210803985596
                    ]
                ]
            ],
            "states": [
                [
                    [
                        10490760.0,
                        0.00010820227180374786,
                        0.00015429843915626407,
                        444121.375
                    ],
                    [
                        10112832.0,
                        9.372556087328121e-05,
                        0.00014512072084471583,
                        443784.5
                    ],
                    [
                        10076632.0,
                        8.28753545647487e-05,
                        0.00015239186177495867,
                        427008.3125
                    ],
                    [
                        10218536.0,
                        7.424143404932693e-05,
                        0.00013630501052830368,
                        433225.1875
                    ],
                    [
                        10903440.0,
                        6.698495417367667e-05,
                        0.0001300903531955555,
                        434838.78125
                    ],
                    [
                        10177992.0,
                        6.102009865571745e-05,
                        0.0001368058001389727,
                        431759.375
                    ],
                    [
                        10500896.0,
                        5.612600944004953e-05,
                        0.00014432381431106478,
                        435333.53125
                    ],
                    [
                        10752848.0,
                        5.185119152883999e-05,
                        0.00014270890096668154,
                        438961.46875
                    ],
                    [
                        10833936.0,
                        4.812757106265053e-05,
                        0.00014136718527879566,
                        432069.78125
                    ],
                    [
                        10654384.0,
                        4.491618892643601e-05,
                        0.00013239651161711663,
                        433675.4375
                    ],
                    [
                        10524064.0,
                        4.214471118757501e-05,
                        0.00014063461276236922,
                        436827.0
                    ],
                    [
                        8511344.0,
                        3.9926697354530916e-05,
                        0.00013637621304951608,
                        473364.125
                    ],
                    [
                        10828144.0,
                        3.790804112213664e-05,
                        0.00013436605513561517,
                        430273.59375
                    ],
                    [
                        10288040.0,
                        3.5919863876188174e-05,
                        0.00013586058048531413,
                        455927.09375
                    ],
                    [
                        9009456.0,
                        3.427618867135607e-05,
                        0.00013340605073608458,
                        453153.21875
                    ],
                    [
                        10348856.0,
                        3.2774834835436195e-05,
                        0.0001376099098706618,
                        434225.03125
                    ],
                    [
                        10166408.0,
                        3.131924677290954e-05,
                        0.00017068465240299702,
                        438236.6875
                    ],
                    [
                        10539992.0,
                        2.9976108635310084e-05,
                        0.0001329061051364988,
                        436937.3125
                    ],
                    [
                        10836832.0,
                        2.8705166187137365e-05,
                        0.00013878877507522702,
                        435041.5
                    ],
                    [
                        10188128.0,
                        2.755545938271098e-05,
                        0.00015914233517833054,
                        427912.71875
                    ]
                ]
            ],
            "actions": [
                [
                    [
                        0.25
                    ],
                    [
                        0.25
                    ],
                    [
                        0.25
                    ],
                    [
                        0.25
                    ],
                    [
                        0.25
                    ],
                    [
                        0.25
                    ],
                    [
                        0.25
                    ],
                    [
                        0.25
                    ],
                    [
                        0.25
                    ],
                    [
                        0.25
                    ],
                    [
                        0.25
                    ],
                    [
                        0.25
                    ],
                    [
                        0.25
                    ],
                    [
                        0.25
                    ],
                    [
                        0.25
                    ],
                    [
                        0.25
                    ],
                    [
                        0.25
                    ],
                    [
                        0.25
                    ],
                    [
                        0.25
                    ],
                    [
                        0.25
                    ]
                ]
            ],
            "returns": [
                [
                    [
                        0.2865329086780548
                    ],
                    [
                        0.2855396568775177
                    ],
                    [
                        0.28454965353012085
                    ],
                    [
                        0.28355997800827026
                    ],
                    [
                        0.2825690507888794
                    ],
                    [
                        0.2815724015235901
                    ],
                    [
                        0.28058183193206787
                    ],
                    [
                        0.2795884907245636
                    ],
                    [
                        0.2785930335521698
                    ],
                    [
                        0.27759695053100586
                    ],
                    [
                        0.2766023278236389
                    ],
                    [
                        0.27560877799987793
                    ],
                    [
                        0.27463406324386597
                    ],
                    [
                        0.2736380100250244
                    ],
                    [
                        0.2726464867591858
                    ],
                    [
                        0.2716667354106903
                    ],
                    [
                        0.2706746757030487
                    ],
                    [
                        0.26968422532081604
                    ],
                    [
                        0.2686905562877655
                    ],
                    [
                        0.2676944136619568
                    ]
                ]
            ],
            "timesteps": [
                [
                    320,
                    321,
                    322,
                    323,
                    324,
                    325,
                    326,
                    327,
                    328,
                    329,
                    330,
                    331,
                    332,
                    333,
                    334,
                    335,
                    336,
                    337,
                    338,
                    339
                ]
            ],
            "labels": [
                [
                    0,
                    0,
                    0,
                    0,
                    0,
                    0,
                    0,
                    0,
                    0,
                    0,
                    0,
                    0,
                    0,
                    0,
                    0,
                    0,
                    0,
                    0,
                    0,
                    0
                ]
            ],
            "CPU Usage": 45.0,
            "RAM Usage": 55.2,
            "GPU Usage": 0.0,
            "VRAM Usage": 355.0,
            "Disk Read Speed (MB/s)": 206398.1884765625,
            "Disk Write Speed (MB/s)": 383989.0947265625
        },
        {
            "step": 1,
            "train_loss": 0.030333194881677628,
            "actions_pred1": [
                [
                    [
                        0.316060870885849,
                        0.9175419807434082,
                        0.9869232773780823,
                        -1.399648904800415
                    ],
                    [
                        0.35945257544517517,
                        0.9041600227355957,
                        0.9991412162780762,
                        -1.4064521789550781
                    ],
                    [
                        0.3420039415359497,
                        0.9498018026351929,
                        1.0738128423690796,
                        -1.5777409076690674
                    ],
                    [
                        0.21256300806999207,
                        0.9902030825614929,
                        1.0219528675079346,
                        -1.6268737316131592
                    ],
                    [
                        0.20449595153331757,
                        1.1792831420898438,
                        0.8976116180419922,
                        -1.686841607093811
                    ],
                    [
                        0.2921554148197174,
                        1.066057801246643,
                        0.9228934645652771,
                        -1.554107904434204
                    ],
                    [
                        0.43658968806266785,
                        1.0734400749206543,
                        0.8151269555091858,
                        -1.4729009866714478
                    ],
                    [
                        0.17791005969047546,
                        1.1218748092651367,
                        1.1325950622558594,
                        -1.4496521949768066
                    ],
                    [
                        0.14681561291217804,
                        1.1784566640853882,
                        1.2043265104293823,
                        -1.4063127040863037
                    ],
                    [
                        0.030733242630958557,
                        1.128157615661621,
                        1.220067024230957,
                        -1.4775917530059814
                    ],
                    [
                        0.004257068037986755,
                        1.17780601978302,
                        1.356525182723999,
                        -1.6815252304077148
                    ],
                    [
                        0.17848366498947144,
                        1.0435950756072998,
                        1.1813079118728638,
                        -1.5201916694641113
                    ],
                    [
                        0.20544925332069397,
                        0.9822390079498291,
                        1.2241127490997314,
                        -1.605779767036438
                    ],
                    [
                        0.1466332972049713,
                        0.8290847539901733,
                        1.2129541635513306,
                        -1.490649700164795
                    ],
                    [
                        0.3063793182373047,
                        1.0449403524398804,
                        1.2019879817962646,
                        -1.740858793258667
                    ],
                    [
                        0.3156353831291199,
                        1.0013017654418945,
                        0.9849838614463806,
                        -1.4757078886032104
                    ],
                    [
                        0.3865858316421509,
                        1.0396122932434082,
                        0.9280233383178711,
                        -1.3765947818756104
                    ],
                    [
                        0.4119383692741394,
                        0.9831283688545227,
                        0.9017751216888428,
                        -1.416473627090454
                    ],
                    [
                        0.5615071058273315,
                        0.9754278659820557,
                        1.0346280336380005,
                        -1.4971929788589478
                    ],
                    [
                        0.40973979234695435,
                        1.089524745941162,
                        1.0334031581878662,
                        -1.5235624313354492
                    ]
                ]
            ],
            "actions_pred": [
                [
                    [
                        0.316060870885849,
                        0.35945257544517517,
                        0.3420039415359497,
                        0.21256300806999207,
                        0.20449595153331757,
                        0.2921554148197174,
                        0.43658968806266785,
                        0.17791005969047546,
                        0.14681561291217804,
                        0.030733242630958557,
                        0.004257068037986755,
                        0.17848366498947144,
                        0.20544925332069397,
                        0.1466332972049713,
                        0.3063793182373047,
                        0.3156353831291199,
                        0.3865858316421509,
                        0.4119383692741394,
                        0.5615071058273315,
                        0.40973979234695435
                    ],
                    [
                        0.9175419807434082,
                        0.9041600227355957,
                        0.9498018026351929,
                        0.9902030825614929,
                        1.1792831420898438,
                        1.066057801246643,
                        1.0734400749206543,
                        1.1218748092651367,
                        1.1784566640853882,
                        1.128157615661621,
                        1.17780601978302,
                        1.0435950756072998,
                        0.9822390079498291,
                        0.8290847539901733,
                        1.0449403524398804,
                        1.0013017654418945,
                        1.0396122932434082,
                        0.9831283688545227,
                        0.9754278659820557,
                        1.089524745941162
                    ],
                    [
                        0.9869232773780823,
                        0.9991412162780762,
                        1.0738128423690796,
                        1.0219528675079346,
                        0.8976116180419922,
                        0.9228934645652771,
                        0.8151269555091858,
                        1.1325950622558594,
                        1.2043265104293823,
                        1.220067024230957,
                        1.356525182723999,
                        1.1813079118728638,
                        1.2241127490997314,
                        1.2129541635513306,
                        1.2019879817962646,
                        0.9849838614463806,
                        0.9280233383178711,
                        0.9017751216888428,
                        1.0346280336380005,
                        1.0334031581878662
                    ],
                    [
                        -1.399648904800415,
                        -1.4064521789550781,
                        -1.5777409076690674,
                        -1.6268737316131592,
                        -1.686841607093811,
                        -1.554107904434204,
                        -1.4729009866714478,
                        -1.4496521949768066,
                        -1.4063127040863037,
                        -1.4775917530059814,
                        -1.6815252304077148,
                        -1.5201916694641113,
                        -1.605779767036438,
                        -1.490649700164795,
                        -1.740858793258667,
                        -1.4757078886032104,
                        -1.3765947818756104,
                        -1.416473627090454,
                        -1.4971929788589478,
                        -1.5235624313354492
                    ]
                ]
            ],
            "states": [
                [
                    [
                        5847024.0,
                        7.17427474228316e-06,
                        0.0002797465131152421,
                        862261.25
                    ],
                    [
                        5130264.0,
                        7.109771104296669e-06,
                        0.00027696648612618446,
                        791462.9375
                    ],
                    [
                        5460408.0,
                        7.0486535150848795e-06,
                        0.0002747685939539224,
                        848104.9375
                    ],
                    [
                        5159224.0,
                        6.988396307860967e-06,
                        0.000255326071055606,
                        826896.4375
                    ],
                    [
                        5280856.0,
                        6.9301599978643935e-06,
                        0.0002729953557718545,
                        850071.375
                    ],
                    [
                        5415520.0,
                        6.871501227578847e-06,
                        0.00026464968686923385,
                        894284.875
                    ],
                    [
                        5138952.0,
                        6.81457140672137e-06,
                        0.000260901142610237,
                        824406.5
                    ],
                    [
                        5364840.0,
                        6.758851213817252e-06,
                        0.00026091569452546537,
                        837380.25
                    ],
                    [
                        8605643.0,
                        0.0036125751212239265,
                        0.0002766261750366539,
                        462352.0625
                    ],
                    [
                        10015816.0,
                        0.00033437556703574955,
                        0.00026207882910966873,
                        482968.0625
                    ],
                    [
                        7806168.0,
                        0.00019468956452328712,
                        0.00027697221958078444,
                        473153.5
                    ],
                    [
                        6004856.0,
                        0.00014804340025875717,
                        0.00037561735371127725,
                        563905.9375
                    ],
                    [
                        3835752.0,
                        0.00012653775047510862,
                        0.000348972505889833,
                        546822.625
                    ],
                    [
                        693592.0,
                        0.00011859468213515356,
                        0.000344088242854923,
                        536207.0
                    ],
                    [
                        1136680.0,
                        0.00011570940841920674,
                        0.00030916635296307504,
                        532932.75
                    ],
                    [
                        755856.0,
                        0.0001128598305513151,
                        0.00029186115716584027,
                        668301.125
                    ],
                    [
                        573408.0,
                        0.00011094257206423208,
                        0.00031188191496767104,
                        741689.6875
                    ],
                    [
                        432952.0,
                        0.0001095341140171513,
                        0.0003927450452465564,
                        678985.1875
                    ],
                    [
                        1216320.0,
                        0.00010730996291385964,
                        0.00034627493005245924,
                        618105.1875
                    ],
                    [
                        4131144.0,
                        0.00010072957229567692,
                        0.00028098482289351523,
                        571491.4375
                    ]
                ]
            ],
            "actions": [
                [
                    [
                        0.75
                    ],
                    [
                        0.75
                    ],
                    [
                        0.75
                    ],
                    [
                        0.75
                    ],
                    [
                        0.75
                    ],
                    [
                        0.75
                    ],
                    [
                        0.75
                    ],
                    [
                        0.75
                    ],
                    [
                        0.5
                    ],
                    [
                        0.5
                    ],
                    [
                        0.5
                    ],
                    [
                        0.5
                    ],
                    [
                        0.5
                    ],
                    [
                        0.5
                    ],
                    [
                        0.5
                    ],
                    [
                        0.5
                    ],
                    [
                        0.5
                    ],
                    [
                        0.5
                    ],
                    [
                        0.5
                    ],
                    [
                        0.5
                    ]
                ]
            ],
            "returns": [
                [
                    [
                        0.48685410618782043
                    ],
                    [
                        0.4859126806259155
                    ],
                    [
                        0.48498284816741943
                    ],
                    [
                        0.4840475022792816
                    ],
                    [
                        0.48311716318130493
                    ],
                    [
                        0.4821847677230835
                    ],
                    [
                        0.481250137090683
                    ],
                    [
                        0.48032015562057495
                    ],
                    [
                        0.4793863594532013
                    ],
                    [
                        0.47841066122055054
                    ],
                    [
                        0.47742152214050293
                    ],
                    [
                        0.4764544665813446
                    ],
                    [
                        0.47551068663597107
                    ],
                    [
                        0.47460663318634033
                    ],
                    [
                        0.4738542139530182
                    ],
                    [
                        0.47305798530578613
                    ],
                    [
                        0.4722979664802551
                    ],
                    [
                        0.47156238555908203
                    ],
                    [
                        0.47085174918174744
                    ],
                    [
                        0.47004953026771545
                    ]
                ]
            ],
            "timesteps": [
                [
                    100,
                    101,
                    102,
                    103,
                    104,
                    105,
                    106,
                    107,
                    108,
                    109,
                    110,
                    111,
                    112,
                    113,
                    114,
                    115,
                    116,
                    117,
                    118,
                    119
                ]
            ],
            "labels": [
                [
                    2,
                    2,
                    2,
                    2,
                    2,
                    2,
                    2,
                    2,
                    1,
                    1,
                    1,
                    1,
                    1,
                    1,
                    1,
                    1,
                    1,
                    1,
                    1,
                    1
                ]
            ],
            "CPU Usage": 47.1,
            "RAM Usage": 55.2,
            "GPU Usage": 0.0,
            "VRAM Usage": 355.0,
            "Disk Read Speed (MB/s)": 206398.1884765625,
            "Disk Write Speed (MB/s)": 383989.3447265625
        },
        {
            "step": 2,
            "train_loss": 0.03129523620009422,
            "actions_pred1": [
                [
                    [
                        0.4602726697921753,
                        0.8408021926879883,
                        0.8185840249061584,
                        -1.4174885749816895
                    ],
                    [
                        0.2757027745246887,
                        1.0804402828216553,
                        1.039494514465332,
                        -1.755252480506897
                    ],
                    [
                        0.577029824256897,
                        1.4302064180374146,
                        0.9301273822784424,
                        -1.3947848081588745
                    ],
                    [
                        0.4285106956958771,
                        0.874838650226593,
                        0.6796107292175293,
                        -1.4416139125823975
                    ],
                    [
                        0.3474578559398651,
                        0.7715938091278076,
                        0.6735434532165527,
                        -1.374032735824585
                    ],
                    [
                        0.3011186718940735,
                        0.8943291902542114,
                        0.8036694526672363,
                        -1.4905307292938232
                    ],
                    [
                        0.29594406485557556,
                        0.8700268268585205,
                        0.7660967707633972,
                        -1.4651248455047607
                    ],
                    [
                        0.28616461157798767,
                        1.5142158269882202,
                        0.4695581793785095,
                        -1.2152611017227173
                    ],
                    [
                        0.10655157268047333,
                        0.7568113803863525,
                        0.9046478867530823,
                        -1.7231537103652954
                    ],
                    [
                        -0.019814670085906982,
                        0.7851014137268066,
                        0.8872194290161133,
                        -1.4461630582809448
                    ],
                    [
                        0.015701889991760254,
                        0.9084852337837219,
                        0.7920170426368713,
                        -1.448548674583435
                    ],
                    [
                        -0.029077067971229553,
                        0.9081670045852661,
                        0.7913628220558167,
                        -1.5590118169784546
                    ],
                    [
                        -0.15923577547073364,
                        0.781798243522644,
                        0.9978899955749512,
                        -1.764007329940796
                    ],
                    [
                        0.06029321253299713,
                        0.76038658618927,
                        0.985609769821167,
                        -1.5044300556182861
                    ],
                    [
                        0.11144215613603592,
                        0.7106049656867981,
                        0.834139883518219,
                        -1.475083589553833
                    ],
                    [
                        -0.021607741713523865,
                        0.6926020979881287,
                        0.8108701705932617,
                        -1.4715139865875244
                    ],
                    [
                        0.05133421719074249,
                        0.8557924032211304,
                        0.8696849942207336,
                        -1.3732472658157349
                    ],
                    [
                        0.086643286049366,
                        0.8608334064483643,
                        0.904370129108429,
                        -1.4256401062011719
                    ],
                    [
                        0.07148619741201401,
                        0.9835625886917114,
                        0.8744013905525208,
                        -1.4018990993499756
                    ],
                    [
                        0.1922866702079773,
                        1.0145357847213745,
                        0.896354615688324,
                        -1.393831729888916
                    ]
                ]
            ],
            "actions_pred": [
                [
                    [
                        0.4602726697921753,
                        0.2757027745246887,
                        0.577029824256897,
                        0.4285106956958771,
                        0.3474578559398651,
                        0.3011186718940735,
                        0.29594406485557556,
                        0.28616461157798767,
                        0.10655157268047333,
                        -0.019814670085906982,
