{
    "steps": [
        {
            "step": 0,
            "train_loss": 0.03149249032139778,
            "actions_pred1": [
                [
                    [
                        0.06941075623035431,
                        0.8443939685821533,
                        1.4235758781433105,
                        -2.0728611946105957
                    ],
                    [
                        0.2192654311656952,
                        1.0353214740753174,
                        1.412721872329712,
                        -1.9501888751983643
                    ],
                    [
                        0.23620247840881348,
                        1.0918749570846558,
                        1.3969759941101074,
                        -1.780073642730713
                    ],
                    [
                        0.296525239944458,
                        1.1588412523269653,
                        1.4251513481140137,
                        -1.857330083847046
                    ],
                    [
                        0.1623704731464386,
                        1.3159675598144531,
                        1.4314460754394531,
                        -2.091822624206543
                    ],
                    [
                        0.24656228721141815,
                        1.4150055646896362,
                        1.4545766115188599,
                        -2.2838566303253174
                    ],
                    [
                        0.25222066044807434,
                        1.3849008083343506,
                        1.554227590560913,
                        -2.285966396331787
                    ],
                    [
                        0.2638780474662781,
                        1.343153953552246,
                        1.5526962280273438,
                        -2.165158987045288
                    ],
                    [
                        0.11762110888957977,
                        1.446487545967102,
                        1.5536890029907227,
                        -2.2039952278137207
                    ],
                    [
                        0.13069862127304077,
                        1.2619379758834839,
                        1.5065995454788208,
                        -1.997664213180542
                    ],
                    [
                        0.23250439763069153,
                        1.2094249725341797,
                        1.5443742275238037,
                        -1.988217830657959
                    ],
                    [
                        0.1809089332818985,
                        1.1071670055389404,
                        1.5956236124038696,
                        -2.177910804748535
                    ],
                    [
                        0.05169107764959335,
                        1.2390329837799072,
                        1.4404511451721191,
                        -2.138857364654541
                    ],
                    [
                        0.11913615465164185,
                        1.2916699647903442,
                        1.4683558940887451,
                        -2.0368337631225586
                    ],
                    [
                        0.21099621057510376,
                        1.1789902448654175,
                        1.450490951538086,
                        -2.003046989440918
                    ],
                    [
                        0.2427711933851242,
                        1.1677824258804321,
                        1.4403090476989746,
                        -1.9940904378890991
                    ],
                    [
                        0.29245996475219727,
                        1.2004055976867676,
                        1.492573857307434,
                        -2.0419869422912598
                    ],
                    [
                        0.2898285686969757,
                        1.151949167251587,
                        1.4313366413116455,
                        -2.0971977710723877
                    ],
                    [
                        0.11413885653018951,
                        1.1553139686584473,
                        1.6723381280899048,
                        -2.3686766624450684
                    ],
                    [
                        0.13884234428405762,
                        1.1834163665771484,
                        1.6714982986450195,
                        -2.3498740196228027
                    ]
                ]
            ],
            "actions_pred": [
                [
                    [
                        0.06941075623035431,
                        0.2192654311656952,
                        0.23620247840881348,
                        0.296525239944458,
                        0.1623704731464386,
                        0.24656228721141815,
                        0.25222066044807434,
                        0.2638780474662781,
                        0.11762110888957977,
                        0.13069862127304077,
                        0.23250439763069153,
                        0.1809089332818985,
                        0.05169107764959335,
                        0.11913615465164185,
                        0.21099621057510376,
                        0.2427711933851242,
                        0.29245996475219727,
                        0.2898285686969757,
                        0.11413885653018951,
                        0.13884234428405762
                    ],
                    [
                        0.8443939685821533,
                        1.0353214740753174,
                        1.0918749570846558,
                        1.1588412523269653,
                        1.3159675598144531,
                        1.4150055646896362,
                        1.3849008083343506,
                        1.343153953552246,
                        1.446487545967102,
                        1.2619379758834839,
                        1.2094249725341797,
                        1.1071670055389404,
                        1.2390329837799072,
                        1.2916699647903442,
                        1.1789902448654175,
                        1.1677824258804321,
                        1.2004055976867676,
                        1.151949167251587,
                        1.1553139686584473,
                        1.1834163665771484
                    ],
                    [
                        1.4235758781433105,
                        1.412721872329712,
                        1.3969759941101074,
                        1.4251513481140137,
                        1.4314460754394531,
                        1.4545766115188599,
                        1.554227590560913,
                        1.5526962280273438,
                        1.5536890029907227,
                        1.5065995454788208,
                        1.5443742275238037,
                        1.5956236124038696,
                        1.4404511451721191,
                        1.4683558940887451,
                        1.450490951538086,
                        1.4403090476989746,
                        1.492573857307434,
                        1.4313366413116455,
                        1.6723381280899048,
                        1.6714982986450195
                    ],
                    [
                        -2.0728611946105957,
                        -1.9501888751983643,
                        -1.780073642730713,
                        -1.857330083847046,
                        -2.091822624206543,
                        -2.2838566303253174,
                        -2.285966396331787,
                        -2.165158987045288,
                        -2.2039952278137207,
                        -1.997664213180542,
                        -1.988217830657959,
                        -2.177910804748535,
                        -2.138857364654541,
                        -2.0368337631225586,
                        -2.003046989440918,
                        -1.9940904378890991,
                        -2.0419869422912598,
                        -2.0971977710723877,
                        -2.3686766624450684,
                        -2.3498740196228027
                    ]
                ]
            ],
            "states": [
                [
                    [
                        4791432.0,
                        3.087877848884091e-05,
                        0.00023075626813806593,
                        506720.5
                    ],
                    [
                        3692400.0,
                        2.9973596610943787e-05,
                        0.00032322804327122867,
                        492666.6875
                    ],
                    [
                        4952160.0,
                        2.9106702641001903e-05,
                        0.0002578554267529398,
                        491613.3125
                    ],
                    [
                        4808808.0,
                        2.818479697452858e-05,
                        0.00022438736050389707,
                        480345.5
                    ],
                    [
                        4978224.0,
                        2.7317544663674198e-05,
                        0.00038321700412780046,
                        500271.75
                    ],
                    [
                        5354704.0,
                        2.645807217049878e-05,
                        0.0004527103737927973,
                        496069.53125
                    ],
                    [
                        3554840.0,
                        2.5757775802048855e-05,
                        0.00029970589093863964,
                        504121.5
                    ],
                    [
                        5330088.0,
                        2.5097764591919258e-05,
                        0.00026218051789328456,
                        473636.59375
                    ],
                    [
                        7706256.0,
                        2.4188775569200516e-05,
                        0.0002925366861745715,
                        550715.1875
                    ],
                    [
                        7687432.0,
                        2.319453051313758e-05,
                        0.00028024095809087157,
                        523717.84375
                    ],
                    [
                        6233640.0,
                        1.9415590941207483e-05,
                        0.0001758198341121897,
                        575309.5
                    ],
                    [
                        6330656.0,
                        1.8885328245232813e-05,
                        0.00013516498438548297,
                        576038.875
                    ],
                    [
                        2227024.0,
                        1.8539429220254533e-05,
                        0.0001646996388444677,
                        615099.8125
                    ],
                    [
                        3611312.0,
                        1.8311515304958448e-05,
                        0.0001985474955290556,
                        642490.9375
                    ],
                    [
                        5732632.0,
                        1.795835305529181e-05,
                        0.0002949792833533138,
                        564533.125
                    ],
                    [
                        5175152.0,
                        1.7562215361976996e-05,
                        0.0007080274517647922,
                        561933.4375
                    ],
                    [
                        4907272.0,
                        1.721135777188465e-05,
                        0.0013480978086590767,
                        618870.0
                    ],
                    [
                        4346896.0,
                        1.6901381968636997e-05,
                        0.0014468225417658687,
                        555341.1875
                    ],
                    [
                        5007184.0,
                        1.6599440641584806e-05,
                        0.0019480990013107657,
                        605693.8125
                    ],
                    [
                        5735528.0,
                        1.6265725207631476e-05,
                        0.002926501678302884,
                        601773.625
                    ]
                ]
            ],
            "actions": [
                [
                    [
                        0.5
                    ],
                    [
                        0.5
                    ],
                    [
                        0.5
                    ],
                    [
                        0.5
                    ],
                    [
                        0.5
                    ],
                    [
                        0.5
                    ],
                    [
                        0.5
                    ],
                    [
                        0.5
                    ],
                    [
                        0.5
                    ],
                    [
                        0.5
                    ],
                    [
                        0.5
                    ],
                    [
                        0.5
                    ],
                    [
                        0.5
                    ],
                    [
                        0.5
                    ],
                    [
                        0.5
                    ],
                    [
                        0.5
                    ],
                    [
                        0.5
                    ],
                    [
                        0.5
                    ],
                    [
                        0.5
                    ],
                    [
                        0.5
                    ]
                ]
            ],
            "returns": [
                [
                    [
                        0.45074203610420227
                    ],
                    [
                        0.44981828331947327
                    ],
                    [
                        0.44891759753227234
                    ],
                    [
                        0.44799089431762695
                    ],
                    [
                        0.4470668137073517
                    ],
                    [
                        0.4461396336555481
                    ],
                    [
                        0.44520601630210876
                    ],
                    [
                        0.44430869817733765
                    ],
                    [
                        0.44337549805641174
                    ],
                    [
                        0.44240957498550415
                    ],
                    [
                        0.44144389033317566
                    ],
                    [
                        0.4404968023300171
                    ],
                    [
                        0.4395483136177063
                    ],
                    [
                        0.43869248032569885
                    ],
                    [
                        0.4377937614917755
                    ],
                    [
                        0.4368540942668915
                    ],
                    [
                        0.4359234869480133
                    ],
                    [
                        0.4349976181983948
                    ],
                    [
                        0.4340824484825134
                    ],
                    [
                        0.43315479159355164
                    ]
                ]
            ],
            "timesteps": [
                [
                    140,
                    141,
                    142,
                    143,
                    144,
                    145,
                    146,
                    147,
                    148,
                    149,
                    150,
                    151,
                    152,
                    153,
                    154,
                    155,
                    156,
                    157,
                    158,
                    159
                ]
            ],
            "labels": [
                [
                    1,
                    1,
                    1,
                    1,
                    1,
                    1,
                    1,
                    1,
                    1,
                    1,
                    1,
                    1,
                    1,
                    1,
                    1,
                    1,
                    1,
                    1,
                    1,
                    1
                ]
            ],
            "CPU Usage": 46.6,
            "RAM Usage": 54.9,
            "GPU Usage": 0.0,
            "VRAM Usage": 356.0,
            "Disk Read Speed (MB/s)": 206568.1298828125,
            "Disk Write Speed (MB/s)": 395089.1962890625
        },
        {
            "step": 1,
            "train_loss": 0.023581266403198242,
            "actions_pred1": [
                [
                    [
                        0.11457133293151855,
                        0.7994216680526733,
                        1.048465371131897,
                        -1.6819922924041748
                    ],
                    [
                        -0.07994695007801056,
                        0.9438987970352173,
                        1.0756560564041138,
                        -1.7342233657836914
                    ],
                    [
                        -0.10825975239276886,
                        0.9313387870788574,
                        1.1584254503250122,
                        -1.7697551250457764
                    ],
                    [
                        -0.1831960529088974,
                        0.9567133784294128,
                        1.3023570775985718,
                        -1.8002066612243652
                    ],
                    [
                        -0.10067646205425262,
                        0.992090106010437,
                        1.3256981372833252,
                        -1.855223298072815
                    ],
                    [
                        -0.22657687962055206,
                        0.9921448826789856,
                        1.287630319595337,
                        -1.8647011518478394
                    ],
                    [
                        -0.33800768852233887,
                        1.0535022020339966,
                        1.4319907426834106,
                        -2.098454713821411
                    ],
                    [
                        -0.2082505226135254,
                        0.9471471905708313,
                        1.4922980070114136,
                        -2.125363826751709
                    ],
                    [
                        -0.1554439216852188,
                        0.9300705790519714,
                        1.3993204832077026,
                        -2.2151761054992676
                    ],
                    [
                        -0.18781684339046478,
                        0.9399857521057129,
                        1.3984473943710327,
                        -2.2655653953552246
                    ],
                    [
                        -0.18894647061824799,
                        0.9040414094924927,
                        1.4642821550369263,
                        -2.2018368244171143
                    ],
                    [
                        -0.1356348693370819,
                        0.8585892915725708,
                        1.4363775253295898,
                        -2.243995189666748
                    ],
                    [
                        -0.13391299545764923,
                        0.9512537717819214,
                        1.5460721254348755,
                        -2.155994415283203
                    ],
                    [
                        -0.19353868067264557,
                        1.0703753232955933,
                        1.6384252309799194,
                        -2.2081680297851562
                    ],
                    [
                        -0.17295187711715698,
                        1.0695585012435913,
                        1.5975052118301392,
                        -2.282881021499634
                    ],
                    [
                        -0.15431468188762665,
                        1.0176259279251099,
                        1.61991286277771,
                        -2.360808849334717
                    ],
                    [
                        -0.3152564764022827,
                        1.0382049083709717,
                        1.6892317533493042,
                        -2.5308055877685547
                    ],
                    [
                        -0.14744454622268677,
                        1.076678991317749,
                        1.6513862609863281,
                        -2.3682737350463867
                    ],
                    [
                        -0.18025758862495422,
                        1.0358326435089111,
                        1.525676965713501,
                        -2.3132100105285645
                    ],
                    [
                        -0.1533382683992386,
                        1.017395257949829,
                        1.5243885517120361,
                        -2.347899913787842
                    ]
                ]
            ],
            "actions_pred": [
                [
                    [
                        0.11457133293151855,
                        -0.07994695007801056,
                        -0.10825975239276886,
                        -0.1831960529088974,
                        -0.10067646205425262,
                        -0.22657687962055206,
                        -0.33800768852233887,
                        -0.2082505226135254,
                        -0.1554439216852188,
                        -0.18781684339046478,
                        -0.18894647061824799,
                        -0.1356348693370819,
                        -0.13391299545764923,
                        -0.19353868067264557,
                        -0.17295187711715698,
                        -0.15431468188762665,
                        -0.3152564764022827,
                        -0.14744454622268677,
                        -0.18025758862495422,
                        -0.1533382683992386
                    ],
                    [
                        0.7994216680526733,
                        0.9438987970352173,
                        0.9313387870788574,
                        0.9567133784294128,
                        0.992090106010437,
                        0.9921448826789856,
                        1.0535022020339966,
                        0.9471471905708313,
                        0.9300705790519714,
                        0.9399857521057129,
                        0.9040414094924927,
                        0.8585892915725708,
                        0.9512537717819214,
                        1.0703753232955933,
                        1.0695585012435913,
                        1.0176259279251099,
                        1.0382049083709717,
                        1.076678991317749,
                        1.0358326435089111,
                        1.017395257949829
                    ],
                    [
                        1.048465371131897,
                        1.0756560564041138,
                        1.1584254503250122,
                        1.3023570775985718,
                        1.3256981372833252,
                        1.287630319595337,
                        1.4319907426834106,
                        1.4922980070114136,
                        1.3993204832077026,
                        1.3984473943710327,
                        1.4642821550369263,
                        1.4363775253295898,
                        1.5460721254348755,
                        1.6384252309799194,
                        1.5975052118301392,
                        1.61991286277771,
                        1.6892317533493042,
                        1.6513862609863281,
                        1.525676965713501,
                        1.5243885517120361
                    ],
                    [
                        -1.6819922924041748,
                        -1.7342233657836914,
                        -1.7697551250457764,
                        -1.8002066612243652,
                        -1.855223298072815,
                        -1.8647011518478394,
                        -2.098454713821411,
                        -2.125363826751709,
                        -2.2151761054992676,
                        -2.2655653953552246,
                        -2.2018368244171143,
                        -2.243995189666748,
                        -2.155994415283203,
                        -2.2081680297851562,
                        -2.282881021499634,
                        -2.360808849334717,
                        -2.5308055877685547,
                        -2.3682737350463867,
                        -2.3132100105285645,
                        -2.347899913787842
                    ]
                ]
            ],
            "states": [
                [
                    [
                        5457512.0,
                        9.714517545944545e-06,
                        0.0004527103737927973,
                        552968.1875
                    ],
                    [
                        4474320.0,
                        9.607780157239176e-06,
                        0.00029970589093863964,
                        640429.75
                    ],
                    [
                        3226144.0,
                        9.52661685005296e-06,
                        0.00026218051789328456,
                        614909.3125
                    ],
                    [
                        4174584.0,
                        9.44995554164052e-06,
                        0.0002925366861745715,
                        607098.5
                    ],
                    [
                        4522104.0,
                        9.361412594444118e-06,
                        0.00028024095809087157,
                        568885.75
                    ],
                    [
                        2825048.0,
                        8.919517313188408e-06,
                        0.0001758198341121897,
                        690901.5625
                    ],
                    [
                        5196872.0,
                        8.846717719279695e-06,
                        0.00013516498438548297,
                        601105.3125
                    ],
                    [
                        7633856.0,
                        8.732715286896564e-06,
                        0.0001646996388444677,
                        547900.5625
                    ],
                    [
                        47963.0,
                        0.2136354148387909,
                        0.00027816780493594706,
                        871190.125
                    ],
                    [
                        608160.0,
                        0.027683094143867493,
                        0.00026209698989987373,
                        1030414.6875
                    ],
                    [
                        537208.0,
                        0.007899114862084389,
                        0.0002851165772881359,
                        949322.9375
                    ],
                    [
                        671872.0,
                        0.004755145870149136,
                        0.000267517170868814,
                        888587.6875
                    ],
                    [
                        858664.0,
                        0.003167606657370925,
                        0.00027258697082288563,
                        909664.5625
                    ],
                    [
                        877488.0,
                        0.0022909550461918116,
                        0.00027191461413167417,
                        989545.25
                    ],
                    [
                        1255416.0,
                        0.0017173178493976593,
                        0.00027577357832342386,
                        1043241.4375
                    ],
                    [
                        1436416.0,
                        0.0013016851153224707,
                        0.00027702987426891923,
                        939221.25
                    ],
                    [
                        1715880.0,
                        0.0010147599969059229,
                        0.0002779100905172527,
                        989890.625
                    ],
                    [
                        1867920.0,
                        0.0008108949987217784,
                        0.00026160795823670924,
                        1001348.25
                    ],
                    [
                        2189376.0,
                        0.0006609969423152506,
                        0.0002753763983491808,
                        969961.0625
                    ],
                    [
                        2552824.0,
                        0.000543545582331717,
                        0.0002731475979089737,
                        970656.1875
                    ]
                ]
            ],
            "actions": [
                [
                    [
                        0.5
                    ],
                    [
                        0.5
                    ],
                    [
                        0.5
                    ],
                    [
                        0.5
                    ],
                    [
                        0.5
                    ],
                    [
                        0.5
                    ],
                    [
                        0.5
                    ],
                    [
                        0.5
                    ],
                    [
                        0.75
                    ],
                    [
                        0.75
                    ],
                    [
                        0.75
                    ],
                    [
                        0.75
                    ],
                    [
                        0.75
                    ],
                    [
                        0.75
                    ],
                    [
                        0.75
                    ],
                    [
                        0.75
                    ],
                    [
                        0.75
                    ],
                    [
                        0.75
                    ],
                    [
                        0.75
                    ],
                    [
                        0.75
                    ]
                ]
            ],
            "returns": [
                [
                    [
                        0.39574772119522095
                    ],
                    [
                        0.3948124051094055
                    ],
                    [
                        0.3938947021961212
                    ],
                    [
                        0.39300599694252014
                    ],
                    [
                        0.3920944333076477
                    ],
                    [
                        0.3911758065223694
                    ],
                    [
                        0.39029887318611145
                    ],
                    [
                        0.38936787843704224
                    ],
                    [
                        0.3884028196334839
                    ],
                    [
                        0.38788723945617676
                    ],
                    [
                        0.3871464729309082
                    ],
                    [
                        0.3864167034626007
                    ],
                    [
                        0.385667085647583
                    ],
                    [
                        0.3848957419395447
                    ],
                    [
                        0.38412246108055115
                    ],
                    [
                        0.3833174407482147
                    ],
                    [
                        0.38250046968460083
                    ],
                    [
                        0.38166773319244385
                    ],
                    [
                        0.38082748651504517
                    ],
                    [
                        0.3799731433391571
                    ]
                ]
            ],
            "timesteps": [
                [
                    200,
                    201,
                    202,
                    203,
                    204,
                    205,
                    206,
                    207,
                    208,
                    209,
                    210,
                    211,
                    212,
                    213,
                    214,
                    215,
                    216,
                    217,
                    218,
                    219
                ]
            ],
            "labels": [
                [
                    1,
                    1,
                    1,
                    1,
                    1,
                    1,
                    1,
                    1,
                    2,
                    2,
                    2,
                    2,
                    2,
                    2,
                    2,
                    2,
                    2,
                    2,
                    2,
                    2
                ]
            ],
            "CPU Usage": 46.8,
            "RAM Usage": 55.0,
            "GPU Usage": 0.0,
            "VRAM Usage": 356.0,
            "Disk Read Speed (MB/s)": 206568.1298828125,
            "Disk Write Speed (MB/s)": 395089.2431640625
        },
        {
            "step": 2,
            "train_loss": 0.05748502537608147,
            "actions_pred1": [
                [
                    [
                        0.6087530255317688,
                        1.1365941762924194,
                        1.6796799898147583,
                        -1.8739019632339478
                    ],
                    [
                        0.49003177881240845,
                        1.1047008037567139,
                        1.5558606386184692,
                        -1.7973854541778564
                    ],
                    [
                        0.4863916337490082,
                        1.2730659246444702,
                        1.4542694091796875,
                        -1.8090240955352783
                    ],
                    [
                        0.4639725685119629,
                        1.1625531911849976,
                        1.3995084762573242,
                        -1.829284906387329
                    ],
                    [
                        0.4798138737678528,
                        1.0307257175445557,
                        1.3726252317428589,
                        -2.154231548309326
                    ],
                    [
                        0.42177897691726685,
                        0.9785846471786499,
                        1.407741665840149,
                        -2.0868935585021973
                    ],
                    [
                        0.3561561107635498,
                        0.9163152575492859,
                        1.4428637027740479,
                        -2.157273054122925
                    ],
                    [
                        0.33247679471969604,
                        0.9621137380599976,
                        1.4039151668548584,
                        -2.2043416500091553
                    ],
                    [
                        0.3713318705558777,
                        1.0231856107711792,
                        1.4759600162506104,
                        -2.387587308883667
                    ],
                    [
                        0.2834058403968811,
                        1.2013343572616577,
                        1.3464125394821167,
                        -2.032114028930664
                    ],
                    [
                        0.16120141744613647,
                        0.9537463188171387,
                        1.3419281244277954,
                        -2.0139317512512207
                    ],
                    [
                        0.19901153445243835,
                        0.8430689573287964,
                        1.4132896661758423,
                        -2.121678352355957
                    ],
                    [
                        0.27477920055389404,
                        1.0174283981323242,
                        1.6628652811050415,
                        -2.065967559814453
                    ],
                    [
                        0.3000558018684387,
                        0.9848337173461914,
                        1.5466554164886475,
                        -2.0186619758605957
                    ],
                    [
                        0.23888888955116272,
                        0.9701093435287476,
                        1.5101828575134277,
                        -2.1094987392425537
                    ],
                    [
                        0.23461267352104187,
                        0.7472043633460999,
                        1.7079246044158936,
                        -1.9599387645721436
                    ],
                    [
                        0.14630809426307678,
                        0.7486263513565063,
                        1.7357378005981445,
                        -2.0202646255493164
                    ],
                    [
                        0.23672497272491455,
                        0.9038891792297363,
                        1.5663365125656128,
                        -2.006471633911133
                    ],
                    [
                        0.2783623933792114,
                        0.8813124895095825,
                        1.520486831665039,
                        -2.08976411819458
                    ],
                    [
                        0.24255618453025818,
                        1.0461885929107666,
                        1.4804500341415405,
                        -2.0896027088165283
                    ]
                ]
            ],
            "actions_pred": [
                [
                    [
                        0.6087530255317688,
                        0.49003177881240845,
                        0.4863916337490082,
                        0.4639725685119629,
                        0.4798138737678528,
                        0.42177897691726685,
                        0.3561561107635498,
                        0.33247679471969604,
                        0.3713318705558777,
                        0.2834058403968811,
                        0.16120141744613647,
