{
    "steps": [
        {
            "step": 0,
            "train_loss": 0.03160775452852249,
            "actions_pred1": [
                [
                    [
                        0.23217788338661194,
                        0.7174787521362305,
                        1.0645885467529297,
                        -1.6177643537521362
                    ],
                    [
                        0.1295449286699295,
                        0.9132153987884521,
                        1.3098450899124146,
                        -1.4537192583084106
                    ],
                    [
                        0.07832620292901993,
                        1.1537511348724365,
                        1.3185930252075195,
                        -1.5761587619781494
                    ],
                    [
                        0.07095641642808914,
                        1.1802711486816406,
                        1.3821085691452026,
                        -1.6416064500808716
                    ],
                    [
                        0.13765257596969604,
                        1.227948546409607,
                        1.3900288343429565,
                        -1.733852505683899
                    ],
                    [
                        0.19586379826068878,
                        1.1440234184265137,
                        1.2840124368667603,
                        -1.8136448860168457
                    ],
                    [
                        0.2637616991996765,
                        1.2682911157608032,
                        1.389090657234192,
                        -1.961916208267212
                    ],
                    [
                        0.28868940472602844,
                        1.2412983179092407,
                        1.3195416927337646,
                        -1.9098033905029297
                    ],
                    [
                        0.16427740454673767,
                        1.1506717205047607,
                        1.3708781003952026,
                        -1.963688611984253
                    ],
                    [
                        0.16614475846290588,
                        1.2047404050827026,
                        1.3963751792907715,
                        -1.9845610857009888
                    ],
                    [
                        0.07833711802959442,
                        1.0652049779891968,
                        1.502954363822937,
                        -2.1520771980285645
                    ],
                    [
                        0.00566544383764267,
                        1.0875744819641113,
                        1.445398211479187,
                        -2.3077731132507324
                    ],
                    [
                        0.011204682290554047,
                        1.1452053785324097,
                        1.4506733417510986,
                        -2.2569899559020996
                    ],
                    [
                        0.030484415590763092,
                        1.1798301935195923,
                        1.4593240022659302,
                        -2.1339192390441895
                    ],
                    [
                        -0.13174834847450256,
                        1.0206183195114136,
                        1.5273960828781128,
                        -2.457465648651123
                    ],
                    [
                        0.06292330473661423,
                        0.9778028130531311,
                        1.4635484218597412,
                        -2.403254270553589
                    ],
                    [
                        0.019384704530239105,
                        1.0840916633605957,
                        1.5234192609786987,
                        -2.4388041496276855
                    ],
                    [
                        0.0649227648973465,
                        1.1777808666229248,
                        1.359175205230713,
                        -2.207618474960327
                    ],
                    [
                        0.13157939910888672,
                        1.180539608001709,
                        1.5289454460144043,
                        -2.305650234222412
                    ],
                    [
                        0.10600661486387253,
                        1.1811575889587402,
                        1.5305086374282837,
                        -2.315519094467163
                    ]
                ]
            ],
            "actions_pred": [
                [
                    [
                        0.23217788338661194,
                        0.1295449286699295,
                        0.07832620292901993,
                        0.07095641642808914,
                        0.13765257596969604,
                        0.19586379826068878,
                        0.2637616991996765,
                        0.28868940472602844,
                        0.16427740454673767,
                        0.16614475846290588,
                        0.07833711802959442,
                        0.00566544383764267,
                        0.011204682290554047,
                        0.030484415590763092,
                        -0.13174834847450256,
                        0.06292330473661423,
                        0.019384704530239105,
                        0.0649227648973465,
                        0.13157939910888672,
                        0.10600661486387253
                    ],
                    [
                        0.7174787521362305,
                        0.9132153987884521,
                        1.1537511348724365,
                        1.1802711486816406,
                        1.227948546409607,
                        1.1440234184265137,
                        1.2682911157608032,
                        1.2412983179092407,
                        1.1506717205047607,
                        1.2047404050827026,
                        1.0652049779891968,
                        1.0875744819641113,
                        1.1452053785324097,
                        1.1798301935195923,
                        1.0206183195114136,
                        0.9778028130531311,
                        1.0840916633605957,
                        1.1777808666229248,
                        1.180539608001709,
                        1.1811575889587402
                    ],
                    [
                        1.0645885467529297,
                        1.3098450899124146,
                        1.3185930252075195,
                        1.3821085691452026,
                        1.3900288343429565,
                        1.2840124368667603,
                        1.389090657234192,
                        1.3195416927337646,
                        1.3708781003952026,
                        1.3963751792907715,
                        1.502954363822937,
                        1.445398211479187,
                        1.4506733417510986,
                        1.4593240022659302,
                        1.5273960828781128,
                        1.4635484218597412,
                        1.5234192609786987,
                        1.359175205230713,
                        1.5289454460144043,
                        1.5305086374282837
                    ],
                    [
                        -1.6177643537521362,
                        -1.4537192583084106,
                        -1.5761587619781494,
                        -1.6416064500808716,
                        -1.733852505683899,
                        -1.8136448860168457,
                        -1.961916208267212,
                        -1.9098033905029297,
                        -1.963688611984253,
                        -1.9845610857009888,
                        -2.1520771980285645,
                        -2.3077731132507324,
                        -2.2569899559020996,
                        -2.1339192390441895,
                        -2.457465648651123,
                        -2.403254270553589,
                        -2.4388041496276855,
                        -2.207618474960327,
                        -2.305650234222412,
                        -2.315519094467163
                    ]
                ]
            ],
            "states": [
                [
                    [
                        6436360.0,
                        3.756791920750402e-05,
                        0.00023788119142409414,
                        525420.0
                    ],
                    [
                        5822408.0,
                        3.5673747333930805e-05,
                        0.0002484873402863741,
                        540076.8125
                    ],
                    [
                        6120696.0,
                        3.400527930352837e-05,
                        0.00025739934062585235,
                        546681.375
                    ],
                    [
                        6143632.0,
                        3.2446547265863046e-05,
                        0.00019004895875696093,
                        549135.1875
                    ],
                    [
                        6290344.0,
                        3.100591857219115e-05,
                        0.00022606240236200392,
                        515628.96875
                    ],
                    [
                        7225288.0,
                        2.9579521651612595e-05,
                        0.0002532026555854827,
                        501138.75
                    ],
                    [
                        5695216.0,
                        2.8330134227871895e-05,
                        0.0002667571825440973,
                        501280.09375
                    ],
                    [
                        6048296.0,
                        2.72848174063256e-05,
                        0.00026687141507864,
                        520591.84375
                    ],
                    [
                        5956840.0,
                        2.6292696929886006e-05,
                        0.0002529114135541022,
                        510954.5
                    ],
                    [
                        5511320.0,
                        2.5409783120267093e-05,
                        0.0002583715249784291,
                        498321.25
                    ],
                    [
                        7421000.0,
                        2.448467603244353e-05,
                        0.001365873496979475,
                        470548.53125
                    ],
                    [
                        6653560.0,
                        2.3549235265818425e-05,
                        0.0008239395683631301,
                        489404.40625
                    ],
                    [
                        5919424.0,
                        2.2772055672248825e-05,
                        0.0005388445570133626,
                        494672.6875
                    ],
                    [
                        6049744.0,
                        2.2078909751144238e-05,
                        0.0005018769879825413,
                        522203.84375
                    ],
                    [
                        5699328.0,
                        2.1438178009702824e-05,
                        0.0005396626074798405,
                        525676.375
                    ],
                    [
                        5907840.0,
                        2.084095285681542e-05,
                        0.00039070475031621754,
                        484434.71875
                    ],
                    [
                        7654128.0,
                        2.0184714230708778e-05,
                        0.00037147922557778656,
                        485244.75
                    ],
                    [
                        6171376.0,
                        1.9555423932615668e-05,
                        0.00035373689024709165,
                        520211.9375
                    ],
                    [
                        5359048.0,
                        1.9060054910369217e-05,
                        0.0003472233365755528,
                        514446.75
                    ],
                    [
                        5344568.0,
                        1.8622442439664155e-05,
                        0.00021890846255701035,
                        526664.75
                    ]
                ]
            ],
            "actions": [
                [
                    [
                        0.5
                    ],
                    [
                        0.5
                    ],
                    [
                        0.5
                    ],
                    [
                        0.5
                    ],
                    [
                        0.5
                    ],
                    [
                        0.5
                    ],
                    [
                        0.5
                    ],
                    [
                        0.5
                    ],
                    [
                        0.5
                    ],
                    [
                        0.5
                    ],
                    [
                        0.5
                    ],
                    [
                        0.5
                    ],
                    [
                        0.5
                    ],
                    [
                        0.5
                    ],
                    [
                        0.5
                    ],
                    [
                        0.5
                    ],
                    [
                        0.5
                    ],
                    [
                        0.5
                    ],
                    [
                        0.5
                    ],
                    [
                        0.5
                    ]
                ]
            ],
            "returns": [
                [
                    [
                        0.17125853896141052
                    ],
                    [
                        0.17030860483646393
                    ],
                    [
                        0.16936755180358887
                    ],
                    [
                        0.16842207312583923
                    ],
                    [
                        0.16747625172138214
                    ],
                    [
                        0.1665283590555191
                    ],
                    [
                        0.16556815803050995
                    ],
                    [
                        0.16462907195091248
                    ],
                    [
                        0.1636846512556076
                    ],
                    [
                        0.16274157166481018
                    ],
                    [
                        0.1618053913116455
                    ],
                    [
                        0.16084282100200653
                    ],
                    [
                        0.15988995134830475
                    ],
                    [
                        0.1589474231004715
                    ],
                    [
                        0.15800298750400543
                    ],
                    [
                        0.157063826918602
                    ],
                    [
                        0.15612147748470306
                    ],
                    [
                        0.1551561802625656
                    ],
                    [
                        0.15420997142791748
                    ],
                    [
                        0.153276264667511
                    ]
                ]
            ],
            "timesteps": [
                [
                    440,
                    441,
                    442,
                    443,
                    444,
                    445,
                    446,
                    447,
                    448,
                    449,
                    450,
                    451,
                    452,
                    453,
                    454,
                    455,
                    456,
                    457,
                    458,
                    459
                ]
            ],
            "labels": [
                [
                    1,
                    1,
                    1,
                    1,
                    1,
                    1,
                    1,
                    1,
                    1,
                    1,
                    1,
                    1,
                    1,
                    1,
                    1,
                    1,
                    1,
                    1,
                    1,
                    1
                ]
            ],
            "CPU Usage": 45.5,
            "RAM Usage": 54.9,
            "GPU Usage": 0.0,
            "VRAM Usage": 356.0,
            "Disk Read Speed (MB/s)": 206399.6455078125,
            "Disk Write Speed (MB/s)": 393588.5556640625
        },
        {
            "step": 1,
            "train_loss": 0.023451179265975952,
            "actions_pred1": [
                [
                    [
                        0.05857112258672714,
                        0.8322088718414307,
                        1.0297549962997437,
                        -1.6416068077087402
                    ],
                    [
                        -0.13750839233398438,
                        0.9773018956184387,
                        1.0594532489776611,
                        -1.6947786808013916
                    ],
                    [
                        -0.16673527657985687,
                        0.9672036170959473,
                        1.143686056137085,
                        -1.7312463521957397
                    ],
                    [
                        -0.24246394634246826,
                        0.992849588394165,
                        1.2836745977401733,
                        -1.7596757411956787
                    ],
                    [
                        -0.16078972816467285,
                        1.0299863815307617,
                        1.3062093257904053,
                        -1.8129339218139648
                    ],
                    [
                        -0.28851544857025146,
                        1.0321117639541626,
                        1.269053339958191,
                        -1.8245190382003784
                    ],
                    [
                        -0.4056411385536194,
                        1.096376895904541,
                        1.4107766151428223,
                        -2.0522620677948
                    ],
                    [
                        -0.27647215127944946,
                        0.9897278547286987,
                        1.4718868732452393,
                        -2.0810630321502686
                    ],
                    [
                        -0.22432582080364227,
                        0.9723634719848633,
                        1.3776603937149048,
                        -2.1700639724731445
                    ],
                    [
                        -0.2561601996421814,
                        0.9822237491607666,
                        1.3747215270996094,
                        -2.2194666862487793
                    ],
                    [
                        -0.2554439902305603,
                        0.947746217250824,
                        1.4411731958389282,
                        -2.1583313941955566
                    ],
                    [
                        -0.20171649754047394,
                        0.9043213129043579,
                        1.4137599468231201,
                        -2.2003612518310547
                    ],
                    [
                        -0.20122569799423218,
                        0.9963070750236511,
                        1.522172212600708,
                        -2.114588975906372
                    ],
                    [
                        -0.25727421045303345,
                        1.115776777267456,
                        1.6139744520187378,
                        -2.1671366691589355
                    ],
                    [
                        -0.23833000659942627,
                        1.1172758340835571,
                        1.5723960399627686,
                        -2.235769748687744
                    ],
                    [
                        -0.2218802571296692,
                        1.0649698972702026,
                        1.5946179628372192,
                        -2.3132715225219727
                    ],
                    [
                        -0.3798244595527649,
                        1.0841675996780396,
                        1.6644660234451294,
                        -2.4843106269836426
                    ],
                    [
                        -0.21517165005207062,
                        1.120847463607788,
                        1.6298484802246094,
                        -2.3249430656433105
                    ],
                    [
                        -0.24792100489139557,
                        1.0791230201721191,
                        1.502250075340271,
                        -2.2675819396972656
                    ],
                    [
                        -0.21841953694820404,
                        1.060581088066101,
                        1.503224492073059,
                        -2.301339626312256
                    ]
                ]
            ],
            "actions_pred": [
                [
                    [
                        0.05857112258672714,
                        -0.13750839233398438,
                        -0.16673527657985687,
                        -0.24246394634246826,
                        -0.16078972816467285,
                        -0.28851544857025146,
                        -0.4056411385536194,
                        -0.27647215127944946,
                        -0.22432582080364227,
                        -0.2561601996421814,
                        -0.2554439902305603,
                        -0.20171649754047394,
                        -0.20122569799423218,
                        -0.25727421045303345,
                        -0.23833000659942627,
                        -0.2218802571296692,
                        -0.3798244595527649,
                        -0.21517165005207062,
                        -0.24792100489139557,
                        -0.21841953694820404
                    ],
                    [
                        0.8322088718414307,
                        0.9773018956184387,
                        0.9672036170959473,
                        0.992849588394165,
                        1.0299863815307617,
                        1.0321117639541626,
                        1.096376895904541,
                        0.9897278547286987,
                        0.9723634719848633,
                        0.9822237491607666,
                        0.947746217250824,
                        0.9043213129043579,
                        0.9963070750236511,
                        1.115776777267456,
                        1.1172758340835571,
                        1.0649698972702026,
                        1.0841675996780396,
                        1.120847463607788,
                        1.0791230201721191,
                        1.060581088066101
                    ],
                    [
                        1.0297549962997437,
                        1.0594532489776611,
                        1.143686056137085,
                        1.2836745977401733,
                        1.3062093257904053,
                        1.269053339958191,
                        1.4107766151428223,
                        1.4718868732452393,
                        1.3776603937149048,
                        1.3747215270996094,
                        1.4411731958389282,
                        1.4137599468231201,
                        1.522172212600708,
                        1.6139744520187378,
                        1.5723960399627686,
                        1.5946179628372192,
                        1.6644660234451294,
                        1.6298484802246094,
                        1.502250075340271,
                        1.503224492073059
                    ],
                    [
                        -1.6416068077087402,
                        -1.6947786808013916,
                        -1.7312463521957397,
                        -1.7596757411956787,
                        -1.8129339218139648,
                        -1.8245190382003784,
                        -2.0522620677948,
                        -2.0810630321502686,
                        -2.1700639724731445,
                        -2.2194666862487793,
                        -2.1583313941955566,
                        -2.2003612518310547,
                        -2.114588975906372,
                        -2.1671366691589355,
                        -2.235769748687744,
                        -2.3132715225219727,
                        -2.4843106269836426,
                        -2.3249430656433105,
                        -2.2675819396972656,
                        -2.301339626312256
                    ]
                ]
            ],
            "states": [
                [
                    [
                        5457512.0,
                        9.714517545944545e-06,
                        0.0004527103737927973,
                        552968.1875
                    ],
                    [
                        4474320.0,
                        9.607780157239176e-06,
                        0.00029970589093863964,
                        640429.75
                    ],
                    [
                        3226144.0,
                        9.52661685005296e-06,
                        0.00026218051789328456,
                        614909.3125
                    ],
                    [
                        4174584.0,
                        9.44995554164052e-06,
                        0.0002925366861745715,
                        607098.5
                    ],
                    [
                        4522104.0,
                        9.361412594444118e-06,
                        0.00028024095809087157,
                        568885.75
                    ],
                    [
                        2825048.0,
                        8.919517313188408e-06,
                        0.0001758198341121897,
                        690901.5625
                    ],
                    [
                        5196872.0,
                        8.846717719279695e-06,
                        0.00013516498438548297,
                        601105.3125
                    ],
                    [
                        7633856.0,
                        8.732715286896564e-06,
                        0.0001646996388444677,
                        547900.5625
                    ],
                    [
                        47963.0,
                        0.2136354148387909,
                        0.00027816780493594706,
                        871190.125
                    ],
                    [
                        608160.0,
                        0.027683094143867493,
                        0.00026209698989987373,
                        1030414.6875
                    ],
                    [
                        537208.0,
                        0.007899114862084389,
                        0.0002851165772881359,
                        949322.9375
                    ],
                    [
                        671872.0,
                        0.004755145870149136,
                        0.000267517170868814,
                        888587.6875
                    ],
                    [
                        858664.0,
                        0.003167606657370925,
                        0.00027258697082288563,
                        909664.5625
                    ],
                    [
                        877488.0,
                        0.0022909550461918116,
                        0.00027191461413167417,
                        989545.25
                    ],
                    [
                        1255416.0,
                        0.0017173178493976593,
                        0.00027577357832342386,
                        1043241.4375
                    ],
                    [
                        1436416.0,
                        0.0013016851153224707,
                        0.00027702987426891923,
                        939221.25
                    ],
                    [
                        1715880.0,
                        0.0010147599969059229,
                        0.0002779100905172527,
                        989890.625
                    ],
                    [
                        1867920.0,
                        0.0008108949987217784,
                        0.00026160795823670924,
                        1001348.25
                    ],
                    [
                        2189376.0,
                        0.0006609969423152506,
                        0.0002753763983491808,
                        969961.0625
                    ],
                    [
                        2552824.0,
                        0.000543545582331717,
                        0.0002731475979089737,
                        970656.1875
                    ]
                ]
            ],
            "actions": [
                [
                    [
                        0.5
                    ],
                    [
                        0.5
                    ],
                    [
                        0.5
                    ],
                    [
                        0.5
                    ],
                    [
                        0.5
                    ],
                    [
                        0.5
                    ],
                    [
                        0.5
                    ],
                    [
                        0.5
                    ],
                    [
                        0.75
                    ],
                    [
                        0.75
                    ],
                    [
                        0.75
                    ],
                    [
                        0.75
                    ],
                    [
                        0.75
                    ],
                    [
                        0.75
                    ],
                    [
                        0.75
                    ],
                    [
                        0.75
                    ],
                    [
                        0.75
                    ],
                    [
                        0.75
                    ],
                    [
                        0.75
                    ],
                    [
                        0.75
                    ]
                ]
            ],
            "returns": [
                [
                    [
                        0.39574772119522095
                    ],
                    [
                        0.3948124051094055
                    ],
                    [
                        0.3938947021961212
                    ],
                    [
                        0.39300599694252014
                    ],
                    [
                        0.3920944333076477
                    ],
                    [
                        0.3911758065223694
                    ],
                    [
                        0.39029887318611145
                    ],
                    [
                        0.38936787843704224
                    ],
                    [
                        0.3884028196334839
                    ],
                    [
                        0.38788723945617676
                    ],
                    [
                        0.3871464729309082
                    ],
                    [
                        0.3864167034626007
                    ],
                    [
                        0.385667085647583
                    ],
                    [
                        0.3848957419395447
                    ],
                    [
                        0.38412246108055115
                    ],
                    [
                        0.3833174407482147
                    ],
                    [
                        0.38250046968460083
                    ],
                    [
                        0.38166773319244385
                    ],
                    [
                        0.38082748651504517
                    ],
                    [
                        0.3799731433391571
                    ]
                ]
            ],
            "timesteps": [
                [
                    200,
                    201,
                    202,
                    203,
                    204,
                    205,
                    206,
                    207,
                    208,
                    209,
                    210,
                    211,
                    212,
                    213,
                    214,
                    215,
                    216,
                    217,
                    218,
                    219
                ]
            ],
            "labels": [
                [
                    1,
                    1,
                    1,
                    1,
                    1,
                    1,
                    1,
                    1,
                    2,
                    2,
                    2,
                    2,
                    2,
                    2,
                    2,
                    2,
                    2,
                    2,
                    2,
                    2
                ]
            ],
            "CPU Usage": 46.7,
            "RAM Usage": 55.0,
            "GPU Usage": 0.0,
            "VRAM Usage": 356.0,
            "Disk Read Speed (MB/s)": 206399.6455078125,
            "Disk Write Speed (MB/s)": 393588.7041015625
        },
        {
            "step": 2,
            "train_loss": 0.022474296391010284,
            "actions_pred1": [
                [
                    [
                        0.13602834939956665,
                        1.137259602546692,
                        1.3730379343032837,
                        -2.0036349296569824
                    ],
                    [
                        -0.08332309126853943,
                        1.4152300357818604,
                        1.7024165391921997,
                        -2.4515511989593506
                    ],
                    [
                        0.15573889017105103,
                        1.4356913566589355,
                        1.6273304224014282,
                        -2.005776882171631
                    ],
                    [
                        0.09663768112659454,
                        1.2130728960037231,
                        1.3775382041931152,
                        -2.1386942863464355
                    ],
                    [
                        0.004835158586502075,
                        1.0420523881912231,
                        1.3050429821014404,
                        -2.0209286212921143
                    ],
                    [
                        -0.022855371236801147,
                        1.1644703149795532,
                        1.4507262706756592,
                        -2.2121384143829346
                    ],
                    [
                        -0.04566261172294617,
                        1.1492283344268799,
                        1.3677963018417358,
                        -2.1053366661071777
                    ],
                    [
                        -0.07081998139619827,
                        1.8409100770950317,
                        1.040604591369629,
                        -1.7833019495010376
                    ],
                    [
                        -0.28244641423225403,
                        1.0998919010162354,
                        1.4867736101150513,
                        -2.2828917503356934
                    ],
                    [
                        -0.34613561630249023,
                        1.061760663986206,
                        1.426173448562622,
                        -2.0647964477539062
                    ],
                    [
                        -0.3262263834476471,
                        1.1882938146591187,
                        1.3322572708129883,
                        -2.062648057937622
                    ],
                    [
                        -0.3594414293766022,
                        1.1952506303787231,
                        1.3479926586151123,
                        -2.1892049312591553
                    ],
                    [
                        -0.4864968955516815,
                        1.142234206199646,
                        1.5427674055099487,
                        -2.3829550743103027
                    ],
                    [
                        -0.2801542282104492,
                        1.025019645690918,
                        1.5082306861877441,
                        -2.1397604942321777
                    ],
                    [
                        -0.20260775089263916,
                        0.9447974562644958,
                        1.3531018495559692,
                        -2.079511880874634
                    ],
                    [
                        -0.31258293986320496,
                        0.9236037731170654,
                        1.3139903545379639,
                        -2.0480010509490967
                    ],
                    [
                        -0.25329846143722534,
                        1.0945833921432495,
                        1.3650749921798706,
                        -1.9514751434326172
                    ],
                    [
                        -0.20969220995903015,
                        1.1029300689697266,
                        1.4026439189910889,
                        -1.9992384910583496
                    ],
                    [
                        -0.27421700954437256,
                        1.237281322479248,
                        1.4338769912719727,
                        -2.0404889583587646
                    ],
                    [
                        -0.14522205293178558,
                        1.2925631999969482,
                        1.4563599824905396,
                        -2.0135412216186523
                    ]
                ]
            ],
            "actions_pred": [
                [
                    [
                        0.13602834939956665,
                        -0.08332309126853943,
                        0.15573889017105103,
                        0.09663768112659454,
                        0.004835158586502075,
                        -0.022855371236801147,
                        -0.04566261172294617,
                        -0.07081998139619827,
                        -0.28244641423225403,
                        -0.34613561630249023,
