{
    "steps": [
        {
            "step": 0,
            "train_loss": 0.03205446898937225,
            "actions_pred1": [
                [
                    [
                        0.4777652323246002,
                        0.43603259325027466,
                        0.3939553201198578,
                        -0.9286898970603943
                    ],
                    [
                        0.2830219864845276,
                        0.572924017906189,
                        0.4236038029193878,
                        -0.9864968061447144
                    ],
                    [
                        0.2706080377101898,
                        0.5611664652824402,
                        0.5039524435997009,
                        -1.0061885118484497
                    ],
                    [
                        0.2406313419342041,
                        0.5875269770622253,
                        0.6096318960189819,
                        -1.014396071434021
                    ],
                    [
                        0.35023045539855957,
                        0.6423565149307251,
                        0.6091837286949158,
                        -1.0488532781600952
                    ],
                    [
                        0.19686487317085266,
                        0.6519451141357422,
                        0.5624628663063049,
                        -1.086705207824707
                    ],
                    [
                        0.06200115382671356,
                        0.6914461851119995,
                        0.6281255483627319,
                        -1.233565330505371
                    ],
                    [
                        0.14485645294189453,
                        0.6306667923927307,
                        0.6786491870880127,
                        -1.2673954963684082
                    ],
                    [
                        0.20818392932415009,
                        0.6184938549995422,
                        0.5352793335914612,
                        -1.3763597011566162
                    ],
                    [
                        0.19410517811775208,
                        0.635438084602356,
                        0.5210055112838745,
                        -1.3982776403427124
                    ],
                    [
                        0.2076544463634491,
                        0.6110796928405762,
                        0.6249090433120728,
                        -1.3353900909423828
                    ],
                    [
                        0.2517436742782593,
                        0.5797633528709412,
                        0.5788097977638245,
                        -1.3695425987243652
                    ],
                    [
                        0.22348171472549438,
                        0.6500207781791687,
                        0.6956288814544678,
                        -1.2863391637802124
                    ],
                    [
                        0.1768023669719696,
                        0.7685545682907104,
                        0.7940735816955566,
                        -1.3436226844787598
                    ],
                    [
                        0.21037794649600983,
                        0.7880850434303284,
                        0.7388622164726257,
                        -1.3920469284057617
                    ],
                    [
                        0.2069748193025589,
                        0.7304009795188904,
                        0.7597935795783997,
                        -1.47688889503479
                    ],
                    [
                        0.011980071663856506,
                        0.7300776243209839,
                        0.8352928161621094,
                        -1.6628588438034058
                    ],
                    [
                        0.1943477988243103,
                        0.7752798795700073,
                        0.811355471611023,
                        -1.515868902206421
                    ],
                    [
                        0.1598283350467682,
                        0.7259522676467896,
                        0.6577479839324951,
                        -1.4542076587677002
                    ],
                    [
                        0.17688101530075073,
                        0.7242752313613892,
                        0.6906313300132751,
                        -1.476453423500061
                    ]
                ]
            ],
            "actions_pred": [
                [
                    [
                        0.4777652323246002,
                        0.2830219864845276,
                        0.2706080377101898,
                        0.2406313419342041,
                        0.35023045539855957,
                        0.19686487317085266,
                        0.06200115382671356,
                        0.14485645294189453,
                        0.20818392932415009,
                        0.19410517811775208,
                        0.2076544463634491,
                        0.2517436742782593,
                        0.22348171472549438,
                        0.1768023669719696,
                        0.21037794649600983,
                        0.2069748193025589,
                        0.011980071663856506,
                        0.1943477988243103,
                        0.1598283350467682,
                        0.17688101530075073
                    ],
                    [
                        0.43603259325027466,
                        0.572924017906189,
                        0.5611664652824402,
                        0.5875269770622253,
                        0.6423565149307251,
                        0.6519451141357422,
                        0.6914461851119995,
                        0.6306667923927307,
                        0.6184938549995422,
                        0.635438084602356,
                        0.6110796928405762,
                        0.5797633528709412,
                        0.6500207781791687,
                        0.7685545682907104,
                        0.7880850434303284,
                        0.7304009795188904,
                        0.7300776243209839,
                        0.7752798795700073,
                        0.7259522676467896,
                        0.7242752313613892
                    ],
                    [
                        0.3939553201198578,
                        0.4236038029193878,
                        0.5039524435997009,
                        0.6096318960189819,
                        0.6091837286949158,
                        0.5624628663063049,
                        0.6281255483627319,
                        0.6786491870880127,
                        0.5352793335914612,
                        0.5210055112838745,
                        0.6249090433120728,
                        0.5788097977638245,
                        0.6956288814544678,
                        0.7940735816955566,
                        0.7388622164726257,
                        0.7597935795783997,
                        0.8352928161621094,
                        0.811355471611023,
                        0.6577479839324951,
                        0.6906313300132751
                    ],
                    [
                        -0.9286898970603943,
                        -0.9864968061447144,
                        -1.0061885118484497,
                        -1.014396071434021,
                        -1.0488532781600952,
                        -1.086705207824707,
                        -1.233565330505371,
                        -1.2673954963684082,
                        -1.3763597011566162,
                        -1.3982776403427124,
                        -1.3353900909423828,
                        -1.3695425987243652,
                        -1.2863391637802124,
                        -1.3436226844787598,
                        -1.3920469284057617,
                        -1.47688889503479,
                        -1.6628588438034058,
                        -1.515868902206421,
                        -1.4542076587677002,
                        -1.476453423500061
                    ]
                ]
            ],
            "states": [
                [
                    [
                        5457512.0,
                        9.714517545944545e-06,
                        0.0004527103737927973,
                        552968.1875
                    ],
                    [
                        4474320.0,
                        9.607780157239176e-06,
                        0.00029970589093863964,
                        640429.75
                    ],
                    [
                        3226144.0,
                        9.52661685005296e-06,
                        0.00026218051789328456,
                        614909.3125
                    ],
                    [
                        4174584.0,
                        9.44995554164052e-06,
                        0.0002925366861745715,
                        607098.5
                    ],
                    [
                        4522104.0,
                        9.361412594444118e-06,
                        0.00028024095809087157,
                        568885.75
                    ],
                    [
                        2825048.0,
                        8.919517313188408e-06,
                        0.0001758198341121897,
                        690901.5625
                    ],
                    [
                        5196872.0,
                        8.846717719279695e-06,
                        0.00013516498438548297,
                        601105.3125
                    ],
                    [
                        7633856.0,
                        8.732715286896564e-06,
                        0.0001646996388444677,
                        547900.5625
                    ],
                    [
                        47963.0,
                        0.2136354148387909,
                        0.00027816780493594706,
                        871190.125
                    ],
                    [
                        608160.0,
                        0.027683094143867493,
                        0.00026209698989987373,
                        1030414.6875
                    ],
                    [
                        537208.0,
                        0.007899114862084389,
                        0.0002851165772881359,
                        949322.9375
                    ],
                    [
                        671872.0,
                        0.004755145870149136,
                        0.000267517170868814,
                        888587.6875
                    ],
                    [
                        858664.0,
                        0.003167606657370925,
                        0.00027258697082288563,
                        909664.5625
                    ],
                    [
                        877488.0,
                        0.0022909550461918116,
                        0.00027191461413167417,
                        989545.25
                    ],
                    [
                        1255416.0,
                        0.0017173178493976593,
                        0.00027577357832342386,
                        1043241.4375
                    ],
                    [
                        1436416.0,
                        0.0013016851153224707,
                        0.00027702987426891923,
                        939221.25
                    ],
                    [
                        1715880.0,
                        0.0010147599969059229,
                        0.0002779100905172527,
                        989890.625
                    ],
                    [
                        1867920.0,
                        0.0008108949987217784,
                        0.00026160795823670924,
                        1001348.25
                    ],
                    [
                        2189376.0,
                        0.0006609969423152506,
                        0.0002753763983491808,
                        969961.0625
                    ],
                    [
                        2552824.0,
                        0.000543545582331717,
                        0.0002731475979089737,
                        970656.1875
                    ]
                ]
            ],
            "actions": [
                [
                    [
                        0.5
                    ],
                    [
                        0.5
                    ],
                    [
                        0.5
                    ],
                    [
                        0.5
                    ],
                    [
                        0.5
                    ],
                    [
                        0.5
                    ],
                    [
                        0.5
                    ],
                    [
                        0.5
                    ],
                    [
                        0.75
                    ],
                    [
                        0.75
                    ],
                    [
                        0.75
                    ],
                    [
                        0.75
                    ],
                    [
                        0.75
                    ],
                    [
                        0.75
                    ],
                    [
                        0.75
                    ],
                    [
                        0.75
                    ],
                    [
                        0.75
                    ],
                    [
                        0.75
                    ],
                    [
                        0.75
                    ],
                    [
                        0.75
                    ]
                ]
            ],
            "returns": [
                [
                    [
                        0.39574772119522095
                    ],
                    [
                        0.3948124051094055
                    ],
                    [
                        0.3938947021961212
                    ],
                    [
                        0.39300599694252014
                    ],
                    [
                        0.3920944333076477
                    ],
                    [
                        0.3911758065223694
                    ],
                    [
                        0.39029887318611145
                    ],
                    [
                        0.38936787843704224
                    ],
                    [
                        0.3884028196334839
                    ],
                    [
                        0.38788723945617676
                    ],
                    [
                        0.3871464729309082
                    ],
                    [
                        0.3864167034626007
                    ],
                    [
                        0.385667085647583
                    ],
                    [
                        0.3848957419395447
                    ],
                    [
                        0.38412246108055115
                    ],
                    [
                        0.3833174407482147
                    ],
                    [
                        0.38250046968460083
                    ],
                    [
                        0.38166773319244385
                    ],
                    [
                        0.38082748651504517
                    ],
                    [
                        0.3799731433391571
                    ]
                ]
            ],
            "timesteps": [
                [
                    200,
                    201,
                    202,
                    203,
                    204,
                    205,
                    206,
                    207,
                    208,
                    209,
                    210,
                    211,
                    212,
                    213,
                    214,
                    215,
                    216,
                    217,
                    218,
                    219
                ]
            ],
            "labels": [
                [
                    1,
                    1,
                    1,
                    1,
                    1,
                    1,
                    1,
                    1,
                    2,
                    2,
                    2,
                    2,
                    2,
                    2,
                    2,
                    2,
                    2,
                    2,
                    2,
                    2
                ]
            ],
            "CPU Usage": 46.3,
            "RAM Usage": 55.2,
            "GPU Usage": 0.0,
            "VRAM Usage": 355.0,
            "Disk Read Speed (MB/s)": 206398.0009765625,
            "Disk Write Speed (MB/s)": 380255.9345703125
        },
        {
            "step": 1,
            "train_loss": 0.03253939002752304,
            "actions_pred1": [
                [
                    [
                        0.9203910827636719,
                        0.6078997254371643,
                        0.5290990471839905,
                        -1.1845595836639404
                    ],
                    [
                        1.012433409690857,
                        0.49274981021881104,
                        0.5377883911132812,
                        -1.1654115915298462
                    ],
                    [
                        0.7959350943565369,
                        0.6636294722557068,
                        0.4680595397949219,
                        -1.2051498889923096
                    ],
                    [
                        0.6069540977478027,
                        0.699051022529602,
                        0.5006095170974731,
                        -1.2603164911270142
                    ],
                    [
                        0.6589773893356323,
                        0.707579493522644,
                        0.5128220915794373,
                        -1.3228821754455566
                    ],
                    [
                        0.6249791383743286,
                        0.6972464919090271,
                        0.5544205904006958,
                        -1.4910509586334229
                    ],
                    [
                        0.6078081130981445,
                        0.7693712711334229,
                        0.5959869027137756,
                        -1.425498604774475
                    ],
                    [
                        0.5142176151275635,
                        0.6719733476638794,
                        0.37618133425712585,
                        -1.3269041776657104
                    ],
                    [
                        0.5177542567253113,
                        0.6441372632980347,
                        0.38148558139801025,
                        -1.3315614461898804
                    ],
                    [
                        0.5704127550125122,
                        0.7244958877563477,
                        0.43213292956352234,
                        -1.2464261054992676
                    ],
                    [
                        0.6384162902832031,
                        0.7526184320449829,
                        0.44116127490997314,
                        -1.1589381694793701
                    ],
                    [
                        0.5950683355331421,
                        0.8099074959754944,
                        0.5037789940834045,
                        -1.1561732292175293
                    ],
                    [
                        0.5159240961074829,
                        0.7686264514923096,
                        0.4017535448074341,
                        -1.158965826034546
                    ],
                    [
                        0.40482598543167114,
                        0.8681952357292175,
                        0.48997223377227783,
                        -1.1469553709030151
                    ],
                    [
                        0.4697786569595337,
                        0.7485643625259399,
                        0.5722769498825073,
                        -1.5118625164031982
                    ],
                    [
                        0.44688165187835693,
                        0.7480079531669617,
                        0.620918333530426,
                        -1.4209845066070557
                    ],
                    [
                        0.4772542119026184,
                        0.7682969570159912,
                        0.7163752913475037,
                        -1.455450177192688
                    ],
                    [
                        0.603880763053894,
                        0.7944558262825012,
                        0.7313752174377441,
                        -1.3995682001113892
                    ],
                    [
                        0.6485801935195923,
                        0.8595964908599854,
                        0.44192415475845337,
                        -1.4210257530212402
                    ],
                    [
                        0.5464378595352173,
                        0.8656664490699768,
                        0.4977644979953766,
                        -1.3806188106536865
                    ]
                ]
            ],
            "actions_pred": [
                [
                    [
                        0.9203910827636719,
                        1.012433409690857,
                        0.7959350943565369,
                        0.6069540977478027,
                        0.6589773893356323,
                        0.6249791383743286,
                        0.6078081130981445,
                        0.5142176151275635,
                        0.5177542567253113,
                        0.5704127550125122,
                        0.6384162902832031,
                        0.5950683355331421,
                        0.5159240961074829,
                        0.40482598543167114,
                        0.4697786569595337,
                        0.44688165187835693,
                        0.4772542119026184,
                        0.603880763053894,
                        0.6485801935195923,
                        0.5464378595352173
                    ],
                    [
                        0.6078997254371643,
                        0.49274981021881104,
                        0.6636294722557068,
                        0.699051022529602,
                        0.707579493522644,
                        0.6972464919090271,
                        0.7693712711334229,
                        0.6719733476638794,
                        0.6441372632980347,
                        0.7244958877563477,
                        0.7526184320449829,
                        0.8099074959754944,
                        0.7686264514923096,
                        0.8681952357292175,
                        0.7485643625259399,
                        0.7480079531669617,
                        0.7682969570159912,
                        0.7944558262825012,
                        0.8595964908599854,
                        0.8656664490699768
                    ],
                    [
                        0.5290990471839905,
                        0.5377883911132812,
                        0.4680595397949219,
                        0.5006095170974731,
                        0.5128220915794373,
                        0.5544205904006958,
                        0.5959869027137756,
                        0.37618133425712585,
                        0.38148558139801025,
                        0.43213292956352234,
                        0.44116127490997314,
                        0.5037789940834045,
                        0.4017535448074341,
                        0.48997223377227783,
                        0.5722769498825073,
                        0.620918333530426,
                        0.7163752913475037,
                        0.7313752174377441,
                        0.44192415475845337,
                        0.4977644979953766
                    ],
                    [
                        -1.1845595836639404,
                        -1.1654115915298462,
                        -1.2051498889923096,
                        -1.2603164911270142,
                        -1.3228821754455566,
                        -1.4910509586334229,
                        -1.425498604774475,
                        -1.3269041776657104,
                        -1.3315614461898804,
                        -1.2464261054992676,
                        -1.1589381694793701,
                        -1.1561732292175293,
                        -1.158965826034546,
                        -1.1469553709030151,
                        -1.5118625164031982,
                        -1.4209845066070557,
                        -1.455450177192688,
                        -1.3995682001113892,
                        -1.4210257530212402,
                        -1.3806188106536865
                    ]
                ]
            ],
            "states": [
                [
                    [
                        4019648.0,
                        3.81172176275868e-05,
                        0.00027542549651116133,
                        604074.25
                    ],
                    [
                        3591040.0,
                        3.7697544030379504e-05,
                        0.00025879128952510655,
                        645691.25
                    ],
                    [
                        4225264.0,
                        3.727625517058186e-05,
                        0.0002528103068470955,
                        514911.09375
                    ],
                    [
                        4439568.0,
                        3.6820012610405684e-05,
                        0.00020026147831231356,
                        552938.5
                    ],
                    [
                        5228728.0,
                        3.6324065149528906e-05,
                        0.00022364039614330977,
                        577892.375
                    ],
                    [
                        5965760.0,
                        3.5766250221058726e-05,
                        0.0002323320077266544,
                        503764.8125
                    ],
                    [
                        6114904.0,
                        3.518302401062101e-05,
                        0.00023472661268897355,
                        508360.15625
                    ],
                    [
                        5644304.0,
                        3.463315078988671e-05,
                        0.00024062122975010425,
                        571257.3125
                    ],
                    [
                        5870192.0,
                        3.411128273000941e-05,
                        0.0001874879380920902,
                        547187.9375
                    ],
                    [
                        5618240.0,
                        3.360593836987391e-05,
                        0.00025532711879350245,
                        590262.375
                    ],
                    [
                        6352376.0,
                        3.3095278922701254e-05,
                        0.0002452299522701651,
                        574275.5
                    ],
                    [
                        5702224.0,
                        3.259619916207157e-05,
                        0.00023082415282260627,
                        543057.75
                    ],
                    [
                        7646888.0,
                        3.206136170774698e-05,
                        0.00026125748991034925,
                        526472.875
                    ],
                    [
                        5964312.0,
                        3.153302532155067e-05,
                        0.00024003862927202135,
                        536332.125
                    ],
                    [
                        5580592.0,
                        3.109858516836539e-05,
                        0.00019315553072374314,
                        564225.875
                    ],
                    [
                        6007752.0,
                        3.0674520530737936e-05,
                        0.00022412248654291034,
                        547189.8125
                    ],
                    [
                        4469976.0,
                        3.0300650905701332e-05,
                        0.00023788119142409414,
                        655379.0
                    ],
                    [
                        3631584.0,
                        3.0017836252227426e-05,
                        0.0002484873402863741,
                        709152.875
                    ],
                    [
                        3940008.0,
                        2.9758366508758627e-05,
                        0.00025739934062585235,
                        659045.125
                    ],
                    [
                        3424520.0,
                        2.951018359453883e-05,
                        0.00019004895875696093,
                        668658.9375
                    ]
                ]
            ],
            "actions": [
                [
                    [
                        0.5
                    ],
                    [
                        0.5
                    ],
                    [
                        0.5
                    ],
                    [
                        0.5
                    ],
                    [
                        0.5
                    ],
                    [
                        0.5
                    ],
                    [
                        0.5
                    ],
                    [
                        0.5
                    ],
                    [
                        0.5
                    ],
                    [
                        0.5
                    ],
                    [
                        0.5
                    ],
                    [
                        0.5
                    ],
                    [
                        0.5
                    ],
                    [
                        0.5
                    ],
                    [
                        0.5
                    ],
                    [
                        0.5
                    ],
                    [
                        0.5
                    ],
                    [
                        0.5
                    ],
                    [
                        0.5
                    ],
                    [
                        0.5
                    ]
                ]
            ],
            "returns": [
                [
                    [
                        0.13405705988407135
                    ],
                    [
                        0.13314884901046753
                    ],
                    [
                        0.13225065171718597
                    ],
                    [
                        0.13133801519870758
                    ],
                    [
                        0.1304210126399994
                    ],
                    [
                        0.1294894963502884
                    ],
                    [
                        0.12854628264904022
                    ],
                    [
                        0.12760089337825775
                    ],
                    [
                        0.12666259706020355
                    ],
                    [
                        0.12572081387043
                    ],
                    [
                        0.12478292733430862
                    ],
                    [
                        0.12383415549993515
                    ],
                    [
                        0.12289495021104813
                    ],
                    [
                        0.12192973494529724
                    ],
                    [
                        0.12098655104637146
                    ],
                    [
                        0.12004926055669785
                    ],
                    [
                        0.11910542845726013
                    ],
                    [
                        0.118187814950943
                    ],
                    [
                        0.11728861182928085
                    ],
                    [
                        0.1163821816444397
                    ]
                ]
            ],
            "timesteps": [
                [
                    480,
                    481,
                    482,
                    483,
                    484,
                    485,
                    486,
                    487,
                    488,
                    489,
                    490,
                    491,
                    492,
                    493,
                    494,
                    495,
                    496,
                    497,
                    498,
                    499
                ]
            ],
            "labels": [
                [
                    1,
                    1,
                    1,
                    1,
                    1,
                    1,
                    1,
                    1,
                    1,
                    1,
                    1,
                    1,
                    1,
                    1,
                    1,
                    1,
                    1,
                    1,
                    1,
                    1
                ]
            ],
            "CPU Usage": 46.8,
            "RAM Usage": 55.2,
            "GPU Usage": 0.0,
            "VRAM Usage": 355.0,
            "Disk Read Speed (MB/s)": 206398.0009765625,
            "Disk Write Speed (MB/s)": 380255.9892578125
        },
        {
            "step": 2,
            "train_loss": 0.027520399540662766,
            "actions_pred1": [
                [
                    [
                        0.5244089365005493,
                        0.42524170875549316,
                        0.710971474647522,
                        -1.0536952018737793
                    ],
                    [
                        0.40670520067214966,
                        0.5172635912895203,
                        0.7883723378181458,
                        -1.126662254333496
                    ],
                    [
                        0.4222591519355774,
                        0.4482705891132355,
                        0.8360849618911743,
                        -1.0050458908081055
                    ],
                    [
                        0.4452051520347595,
                        0.44746625423431396,
                        0.9904398918151855,
                        -1.1091549396514893
                    ],
                    [
                        0.48163700103759766,
                        0.597662627696991,
                        1.036523699760437,
                        -1.1177797317504883
                    ],
                    [
                        0.5983554720878601,
                        0.5129549503326416,
                        0.9401469230651855,
                        -1.0617115497589111
                    ],
                    [
                        0.49214285612106323,
                        0.510306179523468,
                        0.7374370098114014,
                        -1.0891528129577637
                    ],
                    [
                        0.5831693410873413,
                        0.6115677952766418,
                        0.7856245040893555,
                        -1.0515908002853394
                    ],
                    [
                        0.5783471465110779,
                        0.6147682666778564,
                        0.7826357483863831,
                        -1.0276094675064087
                    ],
                    [
                        0.4028550982475281,
                        0.5642036199569702,
                        0.9147224426269531,
                        -1.0887130498886108
                    ],
                    [
                        0.44168996810913086,
                        0.6340494751930237,
                        1.1368293762207031,
                        -1.178070068359375
                    ],
                    [
                        0.413715124130249,
                        0.5860764980316162,
                        1.075972318649292,
                        -1.0757192373275757
                    ],
                    [
                        0.37106430530548096,
                        0.45177340507507324,
                        1.0464904308319092,
                        -1.1397199630737305
                    ],
                    [
                        0.4291345775127411,
                        0.5291374325752258,
                        1.0888292789459229,
                        -1.1987693309783936
                    ],
                    [
                        0.46472668647766113,
                        0.5484883189201355,
                        1.0860662460327148,
                        -1.2216439247131348
                    ],
                    [
                        0.4737575054168701,
                        0.5725762844085693,
                        1.0561319589614868,
                        -1.1830142736434937
                    ],
                    [
                        0.3950880765914917,
                        0.5382039546966553,
                        0.9909639954566956,
                        -1.1328450441360474
                    ],
                    [
                        0.3354696035385132,
                        0.6521350741386414,
                        0.9948108792304993,
                        -1.0574407577514648
                    ],
                    [
                        0.39161521196365356,
                        0.6786560416221619,
                        1.027887225151062,
                        -1.1044766902923584
                    ],
                    [
                        0.397997111082077,
                        0.6818193197250366,
                        1.054612636566162,
                        -1.1426360607147217
                    ]
                ]
            ],
            "actions_pred": [
                [
                    [
                        0.5244089365005493,
                        0.40670520067214966,
                        0.4222591519355774,
                        0.4452051520347595,
                        0.48163700103759766,
                        0.5983554720878601,
                        0.49214285612106323,
                        0.5831693410873413,
                        0.5783471465110779,
                        0.4028550982475281,
                        0.44168996810913086,
                        0.413715124130249,
