{
    "steps": [
        {
            "step": 0,
            "train_loss": 0.003977663349360228,
            "actions_pred1": [
                [
                    [
                        0.884017288684845,
                        3.1350202560424805,
                        2.1718509197235107,
                        -5.5317182540893555
                    ],
                    [
                        0.9349269866943359,
                        3.7450385093688965,
                        1.6999644041061401,
                        -5.235077857971191
                    ],
                    [
                        0.9325859546661377,
                        3.9977474212646484,
                        1.9840121269226074,
                        -4.856256484985352
                    ],
                    [
                        0.9857561588287354,
                        4.258001804351807,
                        1.9794788360595703,
                        -5.074708938598633
                    ],
                    [
                        0.9647830724716187,
                        4.487246036529541,
                        1.8672739267349243,
                        -5.304302215576172
                    ],
                    [
                        1.2191781997680664,
                        4.849103927612305,
                        1.6765812635421753,
                        -5.491488456726074
                    ],
                    [
                        1.2474151849746704,
                        4.870697498321533,
                        1.6568859815597534,
                        -6.026548862457275
                    ],
                    [
                        1.338630199432373,
                        5.01749849319458,
                        1.9502547979354858,
                        -6.097981929779053
                    ],
                    [
                        1.268994927406311,
                        5.26953125,
                        2.156134605407715,
                        -6.086486339569092
                    ],
                    [
                        1.332947850227356,
                        4.923524379730225,
                        1.8735703229904175,
                        -6.191796779632568
                    ],
                    [
                        1.4149763584136963,
                        4.810517311096191,
                        1.9648487567901611,
                        -6.177892684936523
                    ],
                    [
                        1.3210701942443848,
                        4.592406272888184,
                        2.085181713104248,
                        -6.365988731384277
                    ],
                    [
                        1.382063865661621,
                        4.548404693603516,
                        2.117546558380127,
                        -6.427946090698242
                    ],
                    [
                        1.3424148559570312,
                        4.4019904136657715,
                        2.0659916400909424,
                        -6.425729751586914
                    ],
                    [
                        1.2520848512649536,
                        4.39499568939209,
                        1.952363133430481,
                        -6.25899076461792
                    ],
                    [
                        1.2479310035705566,
                        4.334235668182373,
                        1.8578664064407349,
                        -6.187860488891602
                    ],
                    [
                        1.191589117050171,
                        4.3590545654296875,
                        1.8086411952972412,
                        -6.350625991821289
                    ],
                    [
                        1.307675838470459,
                        4.341335296630859,
                        1.8305261135101318,
                        -6.456009387969971
                    ],
                    [
                        1.2044196128845215,
                        4.240239143371582,
                        2.0929226875305176,
                        -6.6108269691467285
                    ],
                    [
                        1.2392359972000122,
                        4.243324279785156,
                        2.1348376274108887,
                        -6.713024139404297
                    ]
                ]
            ],
            "actions_pred": [
                [
                    [
                        0.884017288684845,
                        0.9349269866943359,
                        0.9325859546661377,
                        0.9857561588287354,
                        0.9647830724716187,
                        1.2191781997680664,
                        1.2474151849746704,
                        1.338630199432373,
                        1.268994927406311,
                        1.332947850227356,
                        1.4149763584136963,
                        1.3210701942443848,
                        1.382063865661621,
                        1.3424148559570312,
                        1.2520848512649536,
                        1.2479310035705566,
                        1.191589117050171,
                        1.307675838470459,
                        1.2044196128845215,
                        1.2392359972000122
                    ],
                    [
                        3.1350202560424805,
                        3.7450385093688965,
                        3.9977474212646484,
                        4.258001804351807,
                        4.487246036529541,
                        4.849103927612305,
                        4.870697498321533,
                        5.01749849319458,
                        5.26953125,
                        4.923524379730225,
                        4.810517311096191,
                        4.592406272888184,
                        4.548404693603516,
                        4.4019904136657715,
                        4.39499568939209,
                        4.334235668182373,
                        4.3590545654296875,
                        4.341335296630859,
                        4.240239143371582,
                        4.243324279785156
                    ],
                    [
                        2.1718509197235107,
                        1.6999644041061401,
                        1.9840121269226074,
                        1.9794788360595703,
                        1.8672739267349243,
                        1.6765812635421753,
                        1.6568859815597534,
                        1.9502547979354858,
                        2.156134605407715,
                        1.8735703229904175,
                        1.9648487567901611,
                        2.085181713104248,
                        2.117546558380127,
                        2.0659916400909424,
                        1.952363133430481,
                        1.8578664064407349,
                        1.8086411952972412,
                        1.8305261135101318,
                        2.0929226875305176,
                        2.1348376274108887
                    ],
                    [
                        -5.5317182540893555,
                        -5.235077857971191,
                        -4.856256484985352,
                        -5.074708938598633,
                        -5.304302215576172,
                        -5.491488456726074,
                        -6.026548862457275,
                        -6.097981929779053,
                        -6.086486339569092,
                        -6.191796779632568,
                        -6.177892684936523,
                        -6.365988731384277,
                        -6.427946090698242,
                        -6.425729751586914,
                        -6.25899076461792,
                        -6.187860488891602,
                        -6.350625991821289,
                        -6.456009387969971,
                        -6.6108269691467285,
                        -6.713024139404297
                    ]
                ]
            ],
            "states": [
                [
                    [
                        4791432.0,
                        3.087877848884091e-05,
                        0.00023075626813806593,
                        506720.5
                    ],
                    [
                        3692400.0,
                        2.9973596610943787e-05,
                        0.00032322804327122867,
                        492666.6875
                    ],
                    [
                        4952160.0,
                        2.9106702641001903e-05,
                        0.0002578554267529398,
                        491613.3125
                    ],
                    [
                        4808808.0,
                        2.818479697452858e-05,
                        0.00022438736050389707,
                        480345.5
                    ],
                    [
                        4978224.0,
                        2.7317544663674198e-05,
                        0.00038321700412780046,
                        500271.75
                    ],
                    [
                        5354704.0,
                        2.645807217049878e-05,
                        0.0004527103737927973,
                        496069.53125
                    ],
                    [
                        3554840.0,
                        2.5757775802048855e-05,
                        0.00029970589093863964,
                        504121.5
                    ],
                    [
                        5330088.0,
                        2.5097764591919258e-05,
                        0.00026218051789328456,
                        473636.59375
                    ],
                    [
                        7706256.0,
                        2.4188775569200516e-05,
                        0.0002925366861745715,
                        550715.1875
                    ],
                    [
                        7687432.0,
                        2.319453051313758e-05,
                        0.00028024095809087157,
                        523717.84375
                    ],
                    [
                        6233640.0,
                        1.9415590941207483e-05,
                        0.0001758198341121897,
                        575309.5
                    ],
                    [
                        6330656.0,
                        1.8885328245232813e-05,
                        0.00013516498438548297,
                        576038.875
                    ],
                    [
                        2227024.0,
                        1.8539429220254533e-05,
                        0.0001646996388444677,
                        615099.8125
                    ],
                    [
                        3611312.0,
                        1.8311515304958448e-05,
                        0.0001985474955290556,
                        642490.9375
                    ],
                    [
                        5732632.0,
                        1.795835305529181e-05,
                        0.0002949792833533138,
                        564533.125
                    ],
                    [
                        5175152.0,
                        1.7562215361976996e-05,
                        0.0007080274517647922,
                        561933.4375
                    ],
                    [
                        4907272.0,
                        1.721135777188465e-05,
                        0.0013480978086590767,
                        618870.0
                    ],
                    [
                        4346896.0,
                        1.6901381968636997e-05,
                        0.0014468225417658687,
                        555341.1875
                    ],
                    [
                        5007184.0,
                        1.6599440641584806e-05,
                        0.0019480990013107657,
                        605693.8125
                    ],
                    [
                        5735528.0,
                        1.6265725207631476e-05,
                        0.002926501678302884,
                        601773.625
                    ]
                ]
            ],
            "actions": [
                [
                    [
                        0.5
                    ],
                    [
                        0.5
                    ],
                    [
                        0.5
                    ],
                    [
                        0.5
                    ],
                    [
                        0.5
                    ],
                    [
                        0.5
                    ],
                    [
                        0.5
                    ],
                    [
                        0.5
                    ],
                    [
                        0.5
                    ],
                    [
                        0.5
                    ],
                    [
                        0.5
                    ],
                    [
                        0.5
                    ],
                    [
                        0.5
                    ],
                    [
                        0.5
                    ],
                    [
                        0.5
                    ],
                    [
                        0.5
                    ],
                    [
                        0.5
                    ],
                    [
                        0.5
                    ],
                    [
                        0.5
                    ],
                    [
                        0.5
                    ]
                ]
            ],
            "returns": [
                [
                    [
                        0.45074203610420227
                    ],
                    [
                        0.44981828331947327
                    ],
                    [
                        0.44891759753227234
                    ],
                    [
                        0.44799089431762695
                    ],
                    [
                        0.4470668137073517
                    ],
                    [
                        0.4461396336555481
                    ],
                    [
                        0.44520601630210876
                    ],
                    [
                        0.44430869817733765
                    ],
                    [
                        0.44337549805641174
                    ],
                    [
                        0.44240957498550415
                    ],
                    [
                        0.44144389033317566
                    ],
                    [
                        0.4404968023300171
                    ],
                    [
                        0.4395483136177063
                    ],
                    [
                        0.43869248032569885
                    ],
                    [
                        0.4377937614917755
                    ],
                    [
                        0.4368540942668915
                    ],
                    [
                        0.4359234869480133
                    ],
                    [
                        0.4349976181983948
                    ],
                    [
                        0.4340824484825134
                    ],
                    [
                        0.43315479159355164
                    ]
                ]
            ],
            "timesteps": [
                [
                    140,
                    141,
                    142,
                    143,
                    144,
                    145,
                    146,
                    147,
                    148,
                    149,
                    150,
                    151,
                    152,
                    153,
                    154,
                    155,
                    156,
                    157,
                    158,
                    159
                ]
            ],
            "labels": [
                [
                    1,
                    1,
                    1,
                    1,
                    1,
                    1,
                    1,
                    1,
                    1,
                    1,
                    1,
                    1,
                    1,
                    1,
                    1,
                    1,
                    1,
                    1,
                    1,
                    1
                ]
            ],
            "CPU Usage": 46.4,
            "RAM Usage": 55.0,
            "GPU Usage": 0.0,
            "VRAM Usage": 355.0,
            "Disk Read Speed (MB/s)": 206647.1474609375,
            "Disk Write Speed (MB/s)": 425174.5048828125
        },
        {
            "step": 1,
            "train_loss": 0.0064921146258711815,
            "actions_pred1": [
                [
                    [
                        1.7900855541229248,
                        0.8332239389419556,
                        0.9358710646629333,
                        -4.18901252746582
                    ],
                    [
                        1.8565804958343506,
                        0.9618427753448486,
                        0.8855741620063782,
                        -4.663423538208008
                    ],
                    [
                        2.0162720680236816,
                        0.8526628017425537,
                        1.1495978832244873,
                        -4.317471504211426
                    ],
                    [
                        2.4634780883789062,
                        0.6699569821357727,
                        1.2788532972335815,
                        -4.519431114196777
                    ],
                    [
                        3.185265064239502,
                        0.7457228899002075,
                        1.5263524055480957,
                        -5.916523456573486
                    ],
                    [
                        3.5638656616210938,
                        0.9260705709457397,
                        0.9042577743530273,
                        -6.542236804962158
                    ],
                    [
                        3.5751142501831055,
                        1.1979068517684937,
                        0.9124789237976074,
                        -6.268488883972168
                    ],
                    [
                        3.7456154823303223,
                        1.4211602210998535,
                        1.2606312036514282,
                        -5.945638656616211
                    ],
                    [
                        4.300444602966309,
                        1.6457703113555908,
                        1.339059591293335,
                        -5.9591145515441895
                    ],
                    [
                        4.566865921020508,
                        1.312025785446167,
                        1.886554479598999,
                        -5.873518943786621
                    ],
                    [
                        4.749029636383057,
                        1.1034175157546997,
                        1.9869277477264404,
                        -6.152643203735352
                    ],
                    [
                        4.809851169586182,
                        1.2259767055511475,
                        1.8116575479507446,
                        -6.147793769836426
                    ],
                    [
                        4.808870315551758,
                        1.0784145593643188,
                        1.855734944343567,
                        -6.1333537101745605
                    ],
                    [
                        4.731503486633301,
                        1.0659019947052002,
                        1.960310697555542,
                        -6.285541534423828
                    ],
                    [
                        4.485626220703125,
                        1.1739528179168701,
                        1.9895964860916138,
                        -6.47084903717041
                    ],
                    [
                        4.615699291229248,
                        1.067889928817749,
                        2.3658995628356934,
                        -6.528210639953613
                    ],
                    [
                        4.744680404663086,
                        0.9821996688842773,
                        2.2353196144104004,
                        -6.672493934631348
                    ],
                    [
                        4.537229537963867,
                        1.317883849143982,
                        2.5444672107696533,
                        -6.605299949645996
                    ],
                    [
                        4.668929576873779,
                        1.1554150581359863,
                        2.544452667236328,
                        -6.6365461349487305
                    ],
                    [
                        4.6592020988464355,
                        1.1280179023742676,
                        2.8129971027374268,
                        -6.750336647033691
                    ]
                ]
            ],
            "actions_pred": [
                [
                    [
                        1.7900855541229248,
                        1.8565804958343506,
                        2.0162720680236816,
                        2.4634780883789062,
                        3.185265064239502,
                        3.5638656616210938,
                        3.5751142501831055,
                        3.7456154823303223,
                        4.300444602966309,
                        4.566865921020508,
                        4.749029636383057,
                        4.809851169586182,
                        4.808870315551758,
                        4.731503486633301,
                        4.485626220703125,
                        4.615699291229248,
                        4.744680404663086,
                        4.537229537963867,
                        4.668929576873779,
                        4.6592020988464355
                    ],
                    [
                        0.8332239389419556,
                        0.9618427753448486,
                        0.8526628017425537,
                        0.6699569821357727,
                        0.7457228899002075,
                        0.9260705709457397,
                        1.1979068517684937,
                        1.4211602210998535,
                        1.6457703113555908,
                        1.312025785446167,
                        1.1034175157546997,
                        1.2259767055511475,
                        1.0784145593643188,
                        1.0659019947052002,
                        1.1739528179168701,
                        1.067889928817749,
                        0.9821996688842773,
                        1.317883849143982,
                        1.1554150581359863,
                        1.1280179023742676
                    ],
                    [
                        0.9358710646629333,
                        0.8855741620063782,
                        1.1495978832244873,
                        1.2788532972335815,
                        1.5263524055480957,
                        0.9042577743530273,
                        0.9124789237976074,
                        1.2606312036514282,
                        1.339059591293335,
                        1.886554479598999,
                        1.9869277477264404,
                        1.8116575479507446,
                        1.855734944343567,
                        1.960310697555542,
                        1.9895964860916138,
                        2.3658995628356934,
                        2.2353196144104004,
                        2.5444672107696533,
                        2.544452667236328,
                        2.8129971027374268
                    ],
                    [
                        -4.18901252746582,
                        -4.663423538208008,
                        -4.317471504211426,
                        -4.519431114196777,
                        -5.916523456573486,
                        -6.542236804962158,
                        -6.268488883972168,
                        -5.945638656616211,
                        -5.9591145515441895,
                        -5.873518943786621,
                        -6.152643203735352,
                        -6.147793769836426,
                        -6.1333537101745605,
                        -6.285541534423828,
                        -6.47084903717041,
                        -6.528210639953613,
                        -6.672493934631348,
                        -6.605299949645996,
                        -6.6365461349487305,
                        -6.750336647033691
                    ]
                ]
            ],
            "states": [
                [
                    [
                        10534200.0,
                        2.6509645977057517e-05,
                        0.00013993013999424875,
                        443834.40625
                    ],
                    [
                        10761536.0,
                        2.5514371372992173e-05,
                        0.0001420098269591108,
                        437980.875
                    ],
                    [
                        9713184.0,
                        2.462484007992316e-05,
                        0.00013746164040639997,
                        438923.15625
                    ],
                    [
                        11058376.0,
                        2.37847361859167e-05,
                        0.00013166402641218156,
                        442931.21875
                    ],
                    [
                        10751400.0,
                        2.2961492504691705e-05,
                        0.00014091107004787773,
                        432700.84375
                    ],
                    [
                        10246048.0,
                        2.2220945538720116e-05,
                        0.0001376972795696929,
                        435969.53125
                    ],
                    [
                        9969480.0,
                        2.1551775716943666e-05,
                        0.00013403889897745103,
                        440537.53125
                    ],
                    [
                        10251840.0,
                        2.0921770556014962e-05,
                        0.00014748213288839906,
                        443483.875
                    ],
                    [
                        10121520.0,
                        2.0323142962297425e-05,
                        0.00013067024701740593,
                        443831.96875
                    ],
                    [
                        9543768.0,
                        1.977682586584706e-05,
                        0.00013482528447639197,
                        439055.96875
                    ],
                    [
                        8799496.0,
                        1.9293054720037617e-05,
                        0.00013897643657401204,
                        475444.21875
                    ],
                    [
                        9742144.0,
                        1.8827833628165536e-05,
                        0.00014449551235884428,
                        446623.25
                    ],
                    [
                        9966584.0,
                        1.835721377574373e-05,
                        0.00014116551028564572,
                        435027.78125
                    ],
                    [
                        9815992.0,
                        1.7907843357534148e-05,
                        0.0001414243597537279,
                        434458.03125
                    ],
                    [
                        10637008.0,
                        1.7465919881942682e-05,
                        0.00015197490574792027,
                        447300.9375
                    ],
                    [
                        9175976.0,
                        1.705779868643731e-05,
                        0.00016332330415025353,
                        457786.65625
                    ],
                    [
                        9695808.0,
                        1.6686690287315287e-05,
                        0.00014966299931984395,
                        442052.53125
                    ],
                    [
                        10571848.0,
                        1.6305739336530678e-05,
                        0.0001437981118215248,
                        454590.5
                    ],
                    [
                        9242584.0,
                        1.5949490261846222e-05,
                        0.0001480604405514896,
                        454658.375
                    ],
                    [
                        10438632.0,
                        1.5611025446560234e-05,
                        0.00013623677659779787,
                        451379.625
                    ]
                ]
            ],
            "actions": [
                [
                    [
                        0.25
                    ],
                    [
                        0.25
                    ],
                    [
                        0.25
                    ],
                    [
                        0.25
                    ],
                    [
                        0.25
                    ],
                    [
                        0.25
                    ],
                    [
                        0.25
                    ],
                    [
                        0.25
                    ],
                    [
                        0.25
                    ],
                    [
                        0.25
                    ],
                    [
                        0.25
                    ],
                    [
                        0.25
                    ],
                    [
                        0.25
                    ],
                    [
                        0.25
                    ],
                    [
                        0.25
                    ],
                    [
                        0.25
                    ],
                    [
                        0.25
                    ],
                    [
                        0.25
                    ],
                    [
                        0.25
                    ],
                    [
                        0.25
                    ]
                ]
            ],
            "returns": [
                [
                    [
                        0.2667037844657898
                    ],
                    [
                        0.26571014523506165
                    ],
                    [
                        0.26471462845802307
                    ],
                    [
                        0.26372823119163513
                    ],
                    [
                        0.26273030042648315
                    ],
                    [
                        0.26173487305641174
                    ],
                    [
                        0.2607437074184418
                    ],
                    [
                        0.2597549855709076
                    ],
                    [
                        0.25876376032829285
                    ],
                    [
                        0.2577736973762512
                    ],
                    [
                        0.25678882002830505
                    ],
                    [
                        0.2558111548423767
                    ],
                    [
                        0.2548244595527649
                    ],
                    [
                        0.2538357675075531
                    ],
                    [
                        0.25284841656684875
                    ],
                    [
                        0.25185394287109375
                    ],
                    [
                        0.25087255239486694
                    ],
                    [
                        0.24988628923892975
                    ],
                    [
                        0.24889235198497772
                    ],
                    [
                        0.24791033565998077
                    ]
                ]
            ],
            "timesteps": [
                [
                    340,
                    341,
                    342,
                    343,
                    344,
                    345,
                    346,
                    347,
                    348,
                    349,
                    350,
                    351,
                    352,
                    353,
                    354,
                    355,
                    356,
                    357,
                    358,
                    359
                ]
            ],
            "labels": [
                [
                    0,
                    0,
                    0,
                    0,
                    0,
                    0,
                    0,
                    0,
                    0,
                    0,
                    0,
                    0,
                    0,
                    0,
                    0,
                    0,
                    0,
                    0,
                    0,
                    0
                ]
            ],
            "CPU Usage": 46.7,
            "RAM Usage": 55.0,
            "GPU Usage": 0.0,
            "VRAM Usage": 355.0,
            "Disk Read Speed (MB/s)": 206647.1474609375,
            "Disk Write Speed (MB/s)": 425174.7314453125
        },
        {
            "step": 2,
            "train_loss": 0.012966032139956951,
            "actions_pred1": [
                [
                    [
                        0.9256143569946289,
                        2.2721238136291504,
                        1.5079625844955444,
                        -4.056126117706299
                    ],
                    [
                        0.7204594016075134,
                        2.8700547218322754,
                        1.380174160003662,
                        -4.4693098068237305
                    ],
                    [
                        0.7207434773445129,
                        2.7643468379974365,
                        1.3037960529327393,
                        -5.045316696166992
                    ],
                    [
                        0.2536483108997345,
                        2.5870578289031982,
                        1.9491021633148193,
                        -5.569007396697998
                    ],
                    [
                        0.14792883396148682,
                        2.6597745418548584,
                        2.2928714752197266,
                        -5.8712005615234375
                    ],
                    [
                        0.49001646041870117,
                        2.544428825378418,
                        2.244023323059082,
                        -6.080219268798828
                    ],
                    [
                        0.7395485639572144,
                        2.219978094100952,
                        2.326354742050171,
                        -6.094439506530762
                    ],
                    [
                        0.8847958445549011,
                        2.053171157836914,
                        2.7665019035339355,
                        -6.3806471824646
                    ],
                    [
                        1.1688661575317383,
                        1.953432559967041,
                        2.8539159297943115,
                        -6.394225120544434
                    ],
                    [
                        1.1451339721679688,
                        1.8885301351547241,
                        3.0842037200927734,
                        -6.6020965576171875
                    ],
                    [
                        1.155111312866211,
                        1.6270438432693481,
                        3.13755464553833,
                        -6.608732223510742
                    ],
                    [
                        1.3690836429595947,
                        1.613088607788086,
                        3.34272837638855,
                        -6.742337226867676
                    ],
                    [
                        1.5346581935882568,
                        1.645751953125,
                        3.443025827407837,
                        -6.793320178985596
                    ],
                    [
                        1.4057412147521973,
                        1.7900748252868652,
                        3.65576434135437,
                        -6.8655104637146
                    ],
                    [
                        1.2704914808273315,
                        1.7430956363677979,
                        3.62272310256958,
                        -6.792087078094482
                    ],
                    [
                        1.400559663772583,
                        1.6320856809616089,
                        3.6138594150543213,
                        -7.049747467041016
                    ],
                    [
                        1.213752269744873,
                        1.6485240459442139,
                        3.5190725326538086,
                        -7.07301139831543
                    ],
                    [
                        1.4494688510894775,
                        1.6950232982635498,
                        3.474196434020996,
                        -7.105889320373535
                    ],
                    [
                        1.5064797401428223,
                        1.7531888484954834,
                        3.5246353149414062,
                        -6.999065399169922
                    ],
                    [
                        1.664583683013916,
                        1.7851436138153076,
                        3.5182783603668213,
                        -7.115317344665527
                    ]
                ]
            ],
            "actions_pred": [
                [
                    [
                        0.9256143569946289,
                        0.7204594016075134,
                        0.7207434773445129,
                        0.2536483108997345,
                        0.14792883396148682,
                        0.49001646041870117,
                        0.7395485639572144,
                        0.8847958445549011,
                        1.1688661575317383,
                        1.1451339721679688,
                        1.155111312866211,
                        1.3690836429595947,
                        1.5346581935882568,
                        1.4057412147521973,
                        1.2704914808273315,
                        1.400559663772583,
