{
    "steps": [
        {
            "step": 0,
            "train_loss": 0.06330065429210663,
            "actions_pred1": [
                [
                    [
                        -0.5781755447387695,
                        0.06673141568899155,
                        0.8181087970733643,
                        0.586624801158905
                    ],
                    [
                        -0.5515522956848145,
                        -0.06640194356441498,
                        0.7973508834838867,
                        0.5448716878890991
                    ],
                    [
                        -0.4705737233161926,
                        -0.11374509334564209,
                        0.8381170034408569,
                        0.4325164258480072
                    ],
                    [
                        -0.4223552346229553,
                        -0.09455136209726334,
                        0.90381920337677,
                        0.6590420007705688
                    ],
                    [
                        -0.28049391508102417,
                        -0.10879114270210266,
                        0.9535728096961975,
                        0.684719979763031
                    ],
                    [
                        -0.27287572622299194,
                        -0.04335363954305649,
                        0.8824933171272278,
                        0.6961572170257568
                    ],
                    [
                        -0.4388200044631958,
                        0.017762817442417145,
                        0.8493704199790955,
                        0.6137609481811523
                    ],
                    [
                        -0.4143317937850952,
                        -0.091830775141716,
                        0.6740057468414307,
                        0.5000134706497192
                    ],
                    [
                        -0.3196437358856201,
                        -0.22122032940387726,
                        0.7370375990867615,
                        0.6094958782196045
                    ],
                    [
                        -0.23963133990764618,
                        -0.03245873004198074,
                        0.7586826682090759,
                        0.5320286154747009
                    ],
                    [
                        -0.08484084159135818,
                        0.10153239965438843,
                        0.8837424516677856,
                        0.6548776030540466
                    ],
                    [
                        -0.09634503722190857,
                        0.049566179513931274,
                        0.7448638677597046,
                        0.6420154571533203
                    ],
                    [
                        -0.16874724626541138,
                        0.09690113365650177,
                        0.7596452236175537,
                        0.6347523927688599
                    ],
                    [
                        -0.24419762194156647,
                        0.026280507445335388,
                        0.8419294953346252,
                        0.6096792221069336
                    ],
                    [
                        -0.2369941920042038,
                        -0.06783677637577057,
                        0.6979199647903442,
                        0.5420821905136108
                    ],
                    [
                        -0.18932020664215088,
                        -0.09003445506095886,
                        0.6319870352745056,
                        0.565497636795044
                    ],
                    [
                        -0.2787615954875946,
                        -0.012963488698005676,
                        0.7631294131278992,
                        0.5729914903640747
                    ],
                    [
                        -0.0969555526971817,
                        -0.09166321158409119,
                        0.6136494278907776,
                        0.6828773021697998
                    ],
                    [
                        -0.08798718452453613,
                        -0.17752723395824432,
                        0.42194005846977234,
                        0.8448542356491089
                    ],
                    [
                        -0.10627997666597366,
                        -0.13707849383354187,
                        0.6482347249984741,
                        0.7994077801704407
                    ]
                ]
            ],
            "actions_pred": [
                [
                    [
                        -0.5781755447387695,
                        -0.5515522956848145,
                        -0.4705737233161926,
                        -0.4223552346229553,
                        -0.28049391508102417,
                        -0.27287572622299194,
                        -0.4388200044631958,
                        -0.4143317937850952,
                        -0.3196437358856201,
                        -0.23963133990764618,
                        -0.08484084159135818,
                        -0.09634503722190857,
                        -0.16874724626541138,
                        -0.24419762194156647,
                        -0.2369941920042038,
                        -0.18932020664215088,
                        -0.2787615954875946,
                        -0.0969555526971817,
                        -0.08798718452453613,
                        -0.10627997666597366
                    ],
                    [
                        0.06673141568899155,
                        -0.06640194356441498,
                        -0.11374509334564209,
                        -0.09455136209726334,
                        -0.10879114270210266,
                        -0.04335363954305649,
                        0.017762817442417145,
                        -0.091830775141716,
                        -0.22122032940387726,
                        -0.03245873004198074,
                        0.10153239965438843,
                        0.049566179513931274,
                        0.09690113365650177,
                        0.026280507445335388,
                        -0.06783677637577057,
                        -0.09003445506095886,
                        -0.012963488698005676,
                        -0.09166321158409119,
                        -0.17752723395824432,
                        -0.13707849383354187
                    ],
                    [
                        0.8181087970733643,
                        0.7973508834838867,
                        0.8381170034408569,
                        0.90381920337677,
                        0.9535728096961975,
                        0.8824933171272278,
                        0.8493704199790955,
                        0.6740057468414307,
                        0.7370375990867615,
                        0.7586826682090759,
                        0.8837424516677856,
                        0.7448638677597046,
                        0.7596452236175537,
                        0.8419294953346252,
                        0.6979199647903442,
                        0.6319870352745056,
                        0.7631294131278992,
                        0.6136494278907776,
                        0.42194005846977234,
                        0.6482347249984741
                    ],
                    [
                        0.586624801158905,
                        0.5448716878890991,
                        0.4325164258480072,
                        0.6590420007705688,
                        0.684719979763031,
                        0.6961572170257568,
                        0.6137609481811523,
                        0.5000134706497192,
                        0.6094958782196045,
                        0.5320286154747009,
                        0.6548776030540466,
                        0.6420154571533203,
                        0.6347523927688599,
                        0.6096792221069336,
                        0.5420821905136108,
                        0.565497636795044,
                        0.5729914903640747,
                        0.6828773021697998,
                        0.8448542356491089,
                        0.7994077801704407
                    ]
                ]
            ],
            "states": [
                [
                    [
                        1715880.0,
                        9.430604404769838e-05,
                        0.0053657107055187225,
                        470709.75
                    ],
                    [
                        1967832.0,
                        9.068279905477539e-05,
                        0.004402399994432926,
                        434480.75
                    ],
                    [
                        2130008.0,
                        8.69646537466906e-05,
                        0.004303366411477327,
                        508551.15625
                    ],
                    [
                        2267568.0,
                        8.329902630066499e-05,
                        0.003460775362327695,
                        467240.71875
                    ],
                    [
                        2448568.0,
                        7.969679427333176e-05,
                        0.003044134471565485,
                        537034.5
                    ],
                    [
                        2646944.0,
                        7.613936031702906e-05,
                        0.00288664479739964,
                        500456.03125
                    ],
                    [
                        1710088.0,
                        7.333141547860578e-05,
                        0.0027106136549264193,
                        490357.90625
                    ],
                    [
                        2580336.0,
                        7.077431655488908e-05,
                        0.0027518118731677532,
                        546850.6875
                    ],
                    [
                        2927856.0,
                        6.773720087949187e-05,
                        0.0026009255088865757,
                        496203.71875
                    ],
                    [
                        3168224.0,
                        6.466506602009758e-05,
                        0.002423960482701659,
                        507070.15625
                    ],
                    [
                        3505608.0,
                        6.160674092825502e-05,
                        0.002274049213156104,
                        516057.96875
                    ],
                    [
                        3553392.0,
                        5.866973879165016e-05,
                        0.0023237415589392185,
                        471484.09375
                    ],
                    [
                        4039920.0,
                        5.581038931268267e-05,
                        0.0021793735213577747,
                        501229.875
                    ],
                    [
                        4028336.0,
                        5.305969170876779e-05,
                        0.002523052040487528,
                        561908.75
                    ],
                    [
                        4312144.0,
                        5.04888485011179e-05,
                        0.002231767401099205,
                        502897.96875
                    ],
                    [
                        4776952.0,
                        4.795741187990643e-05,
                        0.0032643231097608805,
                        459673.25
                    ],
                    [
                        4743648.0,
                        4.5562293962575495e-05,
                        0.0020812072325497866,
                        515212.4375
                    ],
                    [
                        2971296.0,
                        4.3785152229247615e-05,
                        0.0015903349267318845,
                        502955.46875
                    ],
                    [
                        4981120.0,
                        4.21030999859795e-05,
                        0.0016534600872546434,
                        511202.4375
                    ],
                    [
                        4962296.0,
                        4.016688762931153e-05,
                        0.0014106292510405183,
                        493895.1875
                    ]
                ]
            ],
            "actions": [
                [
                    [
                        0.25
                    ],
                    [
                        0.25
                    ],
                    [
                        0.25
                    ],
                    [
                        0.25
                    ],
                    [
                        0.25
                    ],
                    [
                        0.25
                    ],
                    [
                        0.25
                    ],
                    [
                        0.25
                    ],
                    [
                        0.25
                    ],
                    [
                        0.25
                    ],
                    [
                        0.25
                    ],
                    [
                        0.25
                    ],
                    [
                        0.25
                    ],
                    [
                        0.25
                    ],
                    [
                        0.25
                    ],
                    [
                        0.25
                    ],
                    [
                        0.25
                    ],
                    [
                        0.25
                    ],
                    [
                        0.25
                    ],
                    [
                        0.25
                    ]
                ]
            ],
            "returns": [
                [
                    [
                        0.053779877722263336
                    ],
                    [
                        0.05294714868068695
                    ],
                    [
                        0.05210227146744728
                    ],
                    [
                        0.05125037208199501
                    ],
                    [
                        0.05039292573928833
                    ],
                    [
                        0.04952867329120636
                    ],
                    [
                        0.04865751042962074
                    ],
                    [
                        0.047825079411268234
                    ],
                    [
                        0.046956177800893784
                    ],
                    [
                        0.04607607424259186
                    ],
                    [
                        0.04518897458910942
                    ],
                    [
                        0.04429290443658829
                    ],
                    [
                        0.04339563474059105
                    ],
                    [
                        0.04248698428273201
                    ],
                    [
                        0.04157859459519386
                    ],
                    [
                        0.04066416248679161
                    ],
                    [
                        0.039740659296512604
                    ],
                    [
                        0.03881777450442314
                    ],
                    [
                        0.037936363369226456
                    ],
                    [
                        0.03700914978981018
                    ]
                ]
            ],
            "timesteps": [
                [
                    580,
                    581,
                    582,
                    583,
                    584,
                    585,
                    586,
                    587,
                    588,
                    589,
                    590,
                    591,
                    592,
                    593,
                    594,
                    595,
                    596,
                    597,
                    598,
                    599
                ]
            ],
            "labels": [
                [
                    0,
                    0,
                    0,
                    0,
                    0,
                    0,
                    0,
                    0,
                    0,
                    0,
                    0,
                    0,
                    0,
                    0,
                    0,
                    0,
                    0,
                    0,
                    0,
                    0
                ]
            ],
            "CPU Usage": 45.8,
            "RAM Usage": 55.1,
            "GPU Usage": 0.0,
            "VRAM Usage": 375.0,
            "Disk Read Speed (MB/s)": 205933.3359375,
            "Disk Write Speed (MB/s)": 316240.1455078125
        },
        {
            "step": 1,
            "train_loss": 0.059046514332294464,
            "actions_pred1": [
                [
                    [
                        0.19951632618904114,
                        0.048815712332725525,
                        0.838300347328186,
                        0.6143718361854553
                    ],
                    [
                        0.09151940047740936,
                        -0.004172753542661667,
                        0.5800973176956177,
                        0.9295063614845276
                    ],
                    [
                        0.054965078830718994,
                        0.08431972563266754,
                        0.44939133524894714,
                        0.9284744262695312
                    ],
                    [
                        -0.015372060239315033,
                        0.062429338693618774,
                        0.48570358753204346,
                        0.8028083443641663
                    ],
                    [
                        -0.04058702290058136,
                        0.034564971923828125,
                        0.532070517539978,
                        0.44912880659103394
                    ],
                    [
                        -0.1263940930366516,
                        0.031799301505088806,
                        0.5694557428359985,
                        0.5141843557357788
                    ],
                    [
                        -0.21219918131828308,
                        -0.0403958261013031,
                        0.6091013550758362,
                        0.4731200933456421
                    ],
                    [
                        -0.19200564920902252,
                        0.007965460419654846,
                        0.5433939099311829,
                        0.45328855514526367
                    ],
                    [
                        -0.19150616228580475,
                        0.06377112120389938,
                        0.5840054750442505,
                        0.3405657410621643
                    ],
                    [
                        -0.2121405303478241,
                        0.19835036993026733,
                        0.5526024699211121,
                        0.4711328148841858
                    ],
                    [
                        -0.32951784133911133,
                        -0.0374273955821991,
                        0.5839874744415283,
                        0.48283901810646057
                    ],
                    [
                        -0.3237150311470032,
                        -0.09914813935756683,
                        0.5742969512939453,
                        0.39232879877090454
                    ],
                    [
                        -0.24313697218894958,
                        0.0806746631860733,
                        0.8420619964599609,
                        0.45988786220550537
                    ],
                    [
                        -0.2519403100013733,
                        0.03425358980894089,
                        0.7209959626197815,
                        0.5278804898262024
                    ],
                    [
                        -0.3158389627933502,
                        0.036881476640701294,
                        0.6973971724510193,
                        0.4573046863079071
                    ],
                    [
                        -0.31402158737182617,
                        -0.19393137097358704,
                        0.9023445248603821,
                        0.5080786943435669
                    ],
                    [
                        -0.37648966908454895,
                        -0.17594733834266663,
                        0.967435359954834,
                        0.3938853144645691
                    ],
                    [
                        -0.32882705330848694,
                        -0.020366333425045013,
                        0.7940042614936829,
                        0.4681428074836731
                    ],
                    [
                        -0.2669265866279602,
                        -0.04360794275999069,
                        0.7308281064033508,
                        0.4228842556476593
                    ],
                    [
                        -0.251625657081604,
                        0.07828628271818161,
                        0.6314260363578796,
                        0.47318896651268005
                    ]
                ]
            ],
            "actions_pred": [
                [
                    [
                        0.19951632618904114,
                        0.09151940047740936,
                        0.054965078830718994,
                        -0.015372060239315033,
                        -0.04058702290058136,
                        -0.1263940930366516,
                        -0.21219918131828308,
                        -0.19200564920902252,
                        -0.19150616228580475,
                        -0.2121405303478241,
                        -0.32951784133911133,
                        -0.3237150311470032,
                        -0.24313697218894958,
                        -0.2519403100013733,
                        -0.3158389627933502,
                        -0.31402158737182617,
                        -0.37648966908454895,
                        -0.32882705330848694,
                        -0.2669265866279602,
                        -0.251625657081604
                    ],
                    [
                        0.048815712332725525,
                        -0.004172753542661667,
                        0.08431972563266754,
                        0.062429338693618774,
                        0.034564971923828125,
                        0.031799301505088806,
                        -0.0403958261013031,
                        0.007965460419654846,
                        0.06377112120389938,
                        0.19835036993026733,
                        -0.0374273955821991,
                        -0.09914813935756683,
                        0.0806746631860733,
                        0.03425358980894089,
                        0.036881476640701294,
                        -0.19393137097358704,
                        -0.17594733834266663,
                        -0.020366333425045013,
                        -0.04360794275999069,
                        0.07828628271818161
                    ],
                    [
                        0.838300347328186,
                        0.5800973176956177,
                        0.44939133524894714,
                        0.48570358753204346,
                        0.532070517539978,
                        0.5694557428359985,
                        0.6091013550758362,
                        0.5433939099311829,
                        0.5840054750442505,
                        0.5526024699211121,
                        0.5839874744415283,
                        0.5742969512939453,
                        0.8420619964599609,
                        0.7209959626197815,
                        0.6973971724510193,
                        0.9023445248603821,
                        0.967435359954834,
                        0.7940042614936829,
                        0.7308281064033508,
                        0.6314260363578796
                    ],
                    [
                        0.6143718361854553,
                        0.9295063614845276,
                        0.9284744262695312,
                        0.8028083443641663,
                        0.44912880659103394,
                        0.5141843557357788,
                        0.4731200933456421,
                        0.45328855514526367,
                        0.3405657410621643,
                        0.4711328148841858,
                        0.48283901810646057,
                        0.39232879877090454,
                        0.45988786220550537,
                        0.5278804898262024,
                        0.4573046863079071,
                        0.5080786943435669,
                        0.3938853144645691,
                        0.4681428074836731,
                        0.4228842556476593,
                        0.47318896651268005
                    ]
                ]
            ],
            "states": [
                [
                    [
                        195480.0,
                        0.00017859364743344486,
                        0.0014523763675242662,
                        455306.15625
                    ],
                    [
                        224440.0,
                        0.00017706550715956837,
                        0.0012122188927605748,
                        199210.375
                    ],
                    [
                        260640.0,
                        0.00017533254867885262,
                        0.0010567386634647846,
                        291813.4375
                    ],
                    [
                        231680.0,
                        0.00017360733181703836,
                        0.0010331012308597565,
                        619352.5625
                    ],
                    [
                        201272.0,
                        0.00017211795784533024,
                        0.0008577806875109673,
                        757621.5
                    ],
                    [
                        233128.0,
                        0.0001706496550468728,
                        0.002856994280591607,
                        402371.75
                    ],
                    [
                        238920.0,
                        0.00016908197721932083,
                        0.005327177233994007,
                        418626.09375
                    ],
                    [
                        185344.0,
                        0.00016769685316830873,
                        0.006734849885106087,
                        490648.125
                    ],
                    [
                        205616.0,
                        0.000166440979228355,
                        0.008968048729002476,
                        304516.78125
                    ],
                    [
                        195480.0,
                        0.00016517171752639115,
                        0.00019177634385414422,
                        553446.625
                    ],
                    [
                        202720.0,
                        0.00016393074474763125,
                        0.0001491233124397695,
                        853423.1875
                    ],
                    [
                        209960.0,
                        0.00016266417514998466,
                        0.0002625611668918282,
                        298799.9375
                    ],
                    [
                        209960.0,
                        0.0001613952626939863,
                        0.0004885925445705652,
                        376011.875
                    ],
                    [
                        144800.0,
                        0.00016033815336413682,
                        0.0010367168579250574,
                        94745.609375
                    ],
                    [
                        246160.0,
                        0.00015919026918709278,
                        0.0028569940477609634,
                        223245.734375
                    ],
                    [
                        253400.0,
                        0.000157746413606219,
                        0.005327177233994007,
                        267948.78125
                    ],
                    [
                        296840.0,
                        0.00015618640463799238,
                        0.006734849885106087,
                        291045.46875
                    ],
                    [
                        340280.0,
                        0.0001544181868666783,
                        0.008968048729002476,
                        376205.125
                    ],
                    [
                        405440.0,
                        0.0001523990067653358,
                        0.010990988463163376,
                        467932.84375
                    ],
                    [
                        463360.0,
                        0.0001501120423199609,
                        0.011323424987494946,
                        301846.5
                    ]
                ]
            ],
            "actions": [
                [
                    [
                        0.25
                    ],
                    [
                        0.25
                    ],
                    [
                        0.25
                    ],
                    [
                        0.25
                    ],
                    [
                        0.25
                    ],
                    [
                        0.25
                    ],
                    [
                        0.25
                    ],
                    [
                        0.25
                    ],
                    [
                        0.25
                    ],
                    [
                        0.25
                    ],
                    [
                        0.25
                    ],
                    [
                        0.25
                    ],
                    [
                        0.25
                    ],
                    [
                        0.25
                    ],
                    [
                        0.25
                    ],
                    [
                        0.25
                    ],
                    [
                        0.25
                    ],
                    [
                        0.25
                    ],
                    [
                        0.25
                    ],
                    [
                        0.25
                    ]
                ]
            ],
            "returns": [
                [
                    [
                        0.0820998102426529
                    ],
                    [
                        0.0814596638083458
                    ],
                    [
                        0.08080726861953735
                    ],
                    [
                        0.08014161884784698
                    ],
                    [
                        0.0794864147901535
                    ],
                    [
                        0.07884368300437927
                    ],
                    [
                        0.07818792015314102
                    ],
                    [
                        0.07752998173236847
                    ],
                    [
                        0.07689455896615982
                    ],
                    [
                        0.07624993473291397
                    ],
                    [
                        0.07560978829860687
                    ],
                    [
                        0.0749664157629013
                    ],
                    [
                        0.07431993633508682
                    ],
                    [
                        0.07367345690727234
                    ],
                    [
                        0.07305991649627686
                    ],
                    [
                        0.0723993331193924
                    ],
                    [
                        0.07173618674278259
                    ],
                    [
                        0.07105900347232819
                    ],
                    [
                        0.07036971300840378
                    ],
                    [
                        0.06966488808393478
                    ]
                ]
            ],
            "timesteps": [
                [
                    540,
                    541,
                    542,
                    543,
                    544,
                    545,
                    546,
                    547,
                    548,
                    549,
                    550,
                    551,
                    552,
                    553,
                    554,
                    555,
                    556,
                    557,
                    558,
                    559
                ]
            ],
            "labels": [
                [
                    0,
                    0,
                    0,
                    0,
                    0,
                    0,
                    0,
                    0,
                    0,
                    0,
                    0,
                    0,
                    0,
                    0,
                    0,
                    0,
                    0,
                    0,
                    0,
                    0
                ]
            ],
            "CPU Usage": 46.7,
            "RAM Usage": 55.7,
            "GPU Usage": 0.0,
            "VRAM Usage": 373.0,
            "Disk Read Speed (MB/s)": 205933.3359375,
            "Disk Write Speed (MB/s)": 316240.3017578125
        },
        {
            "step": 2,
            "train_loss": 0.05498358607292175,
            "actions_pred1": [
                [
                    [
                        -0.6460937857627869,
                        -0.9004269242286682,
                        -0.16286781430244446,
                        0.17052489519119263
                    ],
                    [
                        -0.7063531875610352,
                        -0.4835973083972931,
                        -0.13241282105445862,
                        0.49003446102142334
                    ],
                    [
                        -0.6722162365913391,
                        -0.38783448934555054,
                        -0.024496376514434814,
                        0.48720550537109375
                    ],
                    [
                        -0.6539786458015442,
                        -0.27546560764312744,
                        0.12388226389884949,
                        0.4136408567428589
                    ],
                    [
                        -0.6898237466812134,
                        -0.4121464490890503,
                        0.13999223709106445,
                        0.36435943841934204
                    ],
                    [
                        -0.6994146108627319,
                        -0.32842159271240234,
                        0.3328181207180023,
                        0.278153657913208
                    ],
                    [
                        -0.6858448386192322,
                        -0.43361932039260864,
                        0.31097930669784546,
                        0.3880326747894287
                    ],
                    [
                        -0.6761950850486755,
                        -0.44973883032798767,
                        0.24435904622077942,
                        0.520759105682373
                    ],
                    [
                        -0.7777746915817261,
                        -0.5029147863388062,
                        0.24515582621097565,
                        0.38575929403305054
                    ],
                    [
                        -0.8562102913856506,
                        -0.48863938450813293,
                        0.20072856545448303,
                        0.38538792729377747
                    ],
                    [
                        -0.7531365752220154,
                        -0.2569785714149475,
                        0.3774299621582031,
                        0.39794737100601196
                    ],
                    [
                        -0.8368411064147949,
                        -0.30361878871917725,
                        0.3650761544704437,
                        0.5616903305053711
                    ],
                    [
                        -0.8300517797470093,
                        -0.3278563618659973,
                        0.41222870349884033,
                        0.520930826663971
                    ],
                    [
                        -0.8211616277694702,
                        -0.27188780903816223,
                        0.48301681876182556,
                        0.5165377259254456
                    ],
                    [
                        -0.8371803760528564,
                        -0.29398030042648315,
                        0.4325900673866272,
                        0.421274870634079
                    ],
                    [
                        -0.8724808692932129,
                        -0.3015039265155792,
                        0.34899595379829407,
                        0.4941915273666382
                    ],
                    [
                        -0.7947247624397278,
                        -0.3323596119880676,
                        0.3803926706314087,
                        0.36985284090042114
                    ],
                    [
                        -0.8500286340713501,
                        -0.345257431268692,
                        0.3449309170246124,
                        0.3606078624725342
                    ],
                    [
                        -0.7473452687263489,
                        -0.11502023041248322,
                        0.2799329161643982,
                        0.5125736594200134
                    ],
                    [
                        -0.7133725881576538,
                        -0.27530819177627563,
                        0.394256055355072,
                        0.4582248628139496
                    ]
                ]
            ],
            "actions_pred": [
                [
                    [
                        -0.6460937857627869,
                        -0.7063531875610352,
                        -0.6722162365913391,
                        -0.6539786458015442,
                        -0.6898237466812134,
                        -0.6994146108627319,
