{
    "steps": [
        {
            "step": 0,
            "train_loss": 0.011096581816673279,
            "actions_pred1": [
                [
                    [
                        1.6704744100570679,
                        0.6093000173568726,
                        1.8717706203460693,
                        -4.5403571128845215
                    ],
                    [
                        2.0108933448791504,
                        1.1010921001434326,
                        1.9191069602966309,
                        -4.677845001220703
                    ],
                    [
                        2.167053699493408,
                        2.290990114212036,
                        1.799069881439209,
                        -4.7852396965026855
                    ],
                    [
                        3.1477341651916504,
                        2.2411813735961914,
                        1.5200867652893066,
                        -4.8456292152404785
                    ],
                    [
                        3.579427719116211,
                        1.3307585716247559,
                        1.6720566749572754,
                        -5.474026679992676
                    ],
                    [
                        3.800800085067749,
                        1.273544192314148,
                        1.9730372428894043,
                        -5.985105514526367
                    ],
                    [
                        3.779625415802002,
                        1.4770750999450684,
                        1.9370124340057373,
                        -6.176092147827148
                    ],
                    [
                        3.645503520965576,
                        1.9787321090698242,
                        1.7861700057983398,
                        -6.313388824462891
                    ],
                    [
                        3.677617073059082,
                        1.833749771118164,
                        1.5349735021591187,
                        -6.142559051513672
                    ],
                    [
                        4.142729759216309,
                        1.7020888328552246,
                        1.5736812353134155,
                        -6.059235095977783
                    ],
                    [
                        4.213944435119629,
                        1.7674782276153564,
                        1.7317739725112915,
                        -6.52313232421875
                    ],
                    [
                        4.3492937088012695,
                        1.7350869178771973,
                        1.951711654663086,
                        -6.505644798278809
                    ],
                    [
                        4.109659194946289,
                        1.7934939861297607,
                        2.143965721130371,
                        -6.411167144775391
                    ],
                    [
                        3.96975040435791,
                        1.8865437507629395,
                        2.2344906330108643,
                        -6.412814140319824
                    ],
                    [
                        3.9074506759643555,
                        2.072672128677368,
                        2.1863667964935303,
                        -6.377020359039307
                    ],
                    [
                        3.8952531814575195,
                        1.972994089126587,
                        2.202873945236206,
                        -6.581028938293457
                    ],
                    [
                        3.80802059173584,
                        1.9615434408187866,
                        2.2536203861236572,
                        -6.508810997009277
                    ],
                    [
                        3.7149429321289062,
                        1.8587315082550049,
                        2.0411691665649414,
                        -6.266104221343994
                    ],
                    [
                        3.8634233474731445,
                        1.5904955863952637,
                        2.084881067276001,
                        -6.188061237335205
                    ],
                    [
                        3.9694418907165527,
                        1.7776734828948975,
                        2.066253662109375,
                        -6.344844818115234
                    ]
                ]
            ],
            "actions_pred": [
                [
                    [
                        1.6704744100570679,
                        2.0108933448791504,
                        2.167053699493408,
                        3.1477341651916504,
                        3.579427719116211,
                        3.800800085067749,
                        3.779625415802002,
                        3.645503520965576,
                        3.677617073059082,
                        4.142729759216309,
                        4.213944435119629,
                        4.3492937088012695,
                        4.109659194946289,
                        3.96975040435791,
                        3.9074506759643555,
                        3.8952531814575195,
                        3.80802059173584,
                        3.7149429321289062,
                        3.8634233474731445,
                        3.9694418907165527
                    ],
                    [
                        0.6093000173568726,
                        1.1010921001434326,
                        2.290990114212036,
                        2.2411813735961914,
                        1.3307585716247559,
                        1.273544192314148,
                        1.4770750999450684,
                        1.9787321090698242,
                        1.833749771118164,
                        1.7020888328552246,
                        1.7674782276153564,
                        1.7350869178771973,
                        1.7934939861297607,
                        1.8865437507629395,
                        2.072672128677368,
                        1.972994089126587,
                        1.9615434408187866,
                        1.8587315082550049,
                        1.5904955863952637,
                        1.7776734828948975
                    ],
                    [
                        1.8717706203460693,
                        1.9191069602966309,
                        1.799069881439209,
                        1.5200867652893066,
                        1.6720566749572754,
                        1.9730372428894043,
                        1.9370124340057373,
                        1.7861700057983398,
                        1.5349735021591187,
                        1.5736812353134155,
                        1.7317739725112915,
                        1.951711654663086,
                        2.143965721130371,
                        2.2344906330108643,
                        2.1863667964935303,
                        2.202873945236206,
                        2.2536203861236572,
                        2.0411691665649414,
                        2.084881067276001,
                        2.066253662109375
                    ],
                    [
                        -4.5403571128845215,
                        -4.677845001220703,
                        -4.7852396965026855,
                        -4.8456292152404785,
                        -5.474026679992676,
                        -5.985105514526367,
                        -6.176092147827148,
                        -6.313388824462891,
                        -6.142559051513672,
                        -6.059235095977783,
                        -6.52313232421875,
                        -6.505644798278809,
                        -6.411167144775391,
                        -6.412814140319824,
                        -6.377020359039307,
                        -6.581028938293457,
                        -6.508810997009277,
                        -6.266104221343994,
                        -6.188061237335205,
                        -6.344844818115234
                    ]
                ]
            ],
            "states": [
                [
                    [
                        9174528.0,
                        1.5287421774701215e-05,
                        0.00015401413838844746,
                        462799.78125
                    ],
                    [
                        9721872.0,
                        1.4988291695772205e-05,
                        0.00014908269804436713,
                        471413.40625
                    ],
                    [
                        8650352.0,
                        1.4708337403135374e-05,
                        0.00013771618250757456,
                        476596.0
                    ],
                    [
                        9385704.0,
                        1.4443650798057206e-05,
                        0.000157010683324188,
                        448618.75
                    ],
                    [
                        9197696.0,
                        1.4180617654346861e-05,
                        0.00013674897491000593,
                        456343.53125
                    ],
                    [
                        9271544.0,
                        1.392852846038295e-05,
                        0.000155533998622559,
                        449987.3125
                    ],
                    [
                        8570712.0,
                        1.3693322216568049e-05,
                        0.00014997956168372184,
                        453578.0625
                    ],
                    [
                        9304848.0,
                        1.346561111859046e-05,
                        0.0001673756050877273,
                        435181.0625
                    ],
                    [
                        8921128.0,
                        1.3241030501376372e-05,
                        0.00015327449364122003,
                        460544.8125
                    ],
                    [
                        8646008.0,
                        1.303156568610575e-05,
                        0.00015547996736131608,
                        463163.09375
                    ],
                    [
                        8767640.0,
                        1.2830393643525895e-05,
                        0.00015675314352847636,
                        458172.0625
                    ],
                    [
                        8076944.0,
                        1.2641571629501414e-05,
                        0.00016837925068102777,
                        477030.90625
                    ],
                    [
                        8123280.0,
                        1.2465176951081958e-05,
                        0.00015461879957001656,
                        493767.40625
                    ],
                    [
                        8650352.0,
                        1.228769360750448e-05,
                        0.00016164440603461117,
                        451473.28125
                    ],
                    [
                        7982824.0,
                        1.211656035593478e-05,
                        0.00016790036170277745,
                        481186.15625
                    ],
                    [
                        7248688.0,
                        1.1963955330429599e-05,
                        0.00016397373110521585,
                        490311.46875
                    ],
                    [
                        7208144.0,
                        1.1822661690530367e-05,
                        0.00017705760546959937,
                        472943.71875
                    ],
                    [
                        7193664.0,
                        1.1685199751809705e-05,
                        0.000179134716745466,
                        469996.125
                    ],
                    [
                        6442152.0,
                        1.1557923244254198e-05,
                        0.00016420705651398748,
                        470480.40625
                    ],
                    [
                        6989496.0,
                        1.1435274245741311e-05,
                        0.00018320638628210872,
                        451753.78125
                    ]
                ]
            ],
            "actions": [
                [
                    [
                        0.25
                    ],
                    [
                        0.25
                    ],
                    [
                        0.25
                    ],
                    [
                        0.25
                    ],
                    [
                        0.25
                    ],
                    [
                        0.25
                    ],
                    [
                        0.25
                    ],
                    [
                        0.25
                    ],
                    [
                        0.25
                    ],
                    [
                        0.25
                    ],
                    [
                        0.25
                    ],
                    [
                        0.25
                    ],
                    [
                        0.25
                    ],
                    [
                        0.25
                    ],
                    [
                        0.25
                    ],
                    [
                        0.25
                    ],
                    [
                        0.25
                    ],
                    [
                        0.25
                    ],
                    [
                        0.25
                    ],
                    [
                        0.25
                    ]
                ]
            ],
            "returns": [
                [
                    [
                        0.2469175159931183
                    ],
                    [
                        0.24593615531921387
                    ],
                    [
                        0.24494965374469757
                    ],
                    [
                        0.2439734935760498
                    ],
                    [
                        0.24299012124538422
                    ],
                    [
                        0.2420085221529007
                    ],
                    [
                        0.24102622270584106
                    ],
                    [
                        0.24005089700222015
                    ],
                    [
                        0.23906828463077545
                    ],
                    [
                        0.2380893975496292
                    ],
                    [
                        0.23711329698562622
                    ],
                    [
                        0.23613594472408295
                    ],
                    [
                        0.23516587913036346
                    ],
                    [
                        0.2341953068971634
                    ],
                    [
                        0.23321916162967682
                    ],
                    [
                        0.2322501242160797
                    ],
                    [
                        0.23128965497016907
                    ],
                    [
                        0.23032966256141663
                    ],
                    [
                        0.2293698638677597
                    ],
                    [
                        0.22841985523700714
                    ]
                ]
            ],
            "timesteps": [
                [
                    360,
                    361,
                    362,
                    363,
                    364,
                    365,
                    366,
                    367,
                    368,
                    369,
                    370,
                    371,
                    372,
                    373,
                    374,
                    375,
                    376,
                    377,
                    378,
                    379
                ]
            ],
            "labels": [
                [
                    0,
                    0,
                    0,
                    0,
                    0,
                    0,
                    0,
                    0,
                    0,
                    0,
                    0,
                    0,
                    0,
                    0,
                    0,
                    0,
                    0,
                    0,
                    0,
                    0
                ]
            ],
            "CPU Usage": 46.5,
            "RAM Usage": 55.0,
            "GPU Usage": 0.0,
            "VRAM Usage": 355.0,
            "Disk Read Speed (MB/s)": 206653.1318359375,
            "Disk Write Speed (MB/s)": 427758.8056640625
        },
        {
            "step": 1,
            "train_loss": 0.02204778976738453,
            "actions_pred1": [
                [
                    [
                        0.038800548762083054,
                        0.46574023365974426,
                        4.590766429901123,
                        -5.531939506530762
                    ],
                    [
                        0.37323611974716187,
                        0.7243837118148804,
                        4.214824199676514,
                        -6.626562118530273
                    ],
                    [
                        0.8976237177848816,
                        1.182973861694336,
                        4.160752773284912,
                        -7.127374649047852
                    ],
                    [
                        0.9295436143875122,
                        1.3087221384048462,
                        4.200882911682129,
                        -6.9358673095703125
                    ],
                    [
                        0.8113954663276672,
                        1.8569927215576172,
                        4.317905426025391,
                        -6.7026824951171875
                    ],
                    [
                        1.1171088218688965,
                        2.1513044834136963,
                        4.06370735168457,
                        -6.6525373458862305
                    ],
                    [
                        1.164542317390442,
                        2.3855299949645996,
                        3.735746145248413,
                        -6.224363803863525
                    ],
                    [
                        1.4036298990249634,
                        2.6504602432250977,
                        3.7052643299102783,
                        -6.09562873840332
                    ],
                    [
                        1.2737698554992676,
                        2.4880099296569824,
                        3.6605966091156006,
                        -6.198894023895264
                    ],
                    [
                        1.546979546546936,
                        2.631248712539673,
                        3.6646814346313477,
                        -6.527304649353027
                    ],
                    [
                        1.8073880672454834,
                        2.632411479949951,
                        3.534170627593994,
                        -6.558408737182617
                    ],
                    [
                        1.8763444423675537,
                        2.4343254566192627,
                        3.5683670043945312,
                        -6.778703689575195
                    ],
                    [
                        2.173865556716919,
                        2.1752519607543945,
                        3.4359946250915527,
                        -6.596304893493652
                    ],
                    [
                        2.246530532836914,
                        2.2434699535369873,
                        3.3311634063720703,
                        -6.644955158233643
                    ],
                    [
                        2.3697421550750732,
                        2.187220573425293,
                        3.275012969970703,
                        -6.672118186950684
                    ],
                    [
                        2.3690168857574463,
                        2.237363338470459,
                        3.313947916030884,
                        -6.522295951843262
                    ],
                    [
                        2.4480199813842773,
                        2.28114652633667,
                        3.2103068828582764,
                        -6.559412479400635
                    ],
                    [
                        2.596562385559082,
                        2.2395851612091064,
                        3.1599326133728027,
                        -6.6881866455078125
                    ],
                    [
                        2.6247878074645996,
                        2.172231674194336,
                        3.1843671798706055,
                        -6.702203750610352
                    ],
                    [
                        2.6587090492248535,
                        2.1670727729797363,
                        3.200324535369873,
                        -6.630481719970703
                    ]
                ]
            ],
            "actions_pred": [
                [
                    [
                        0.038800548762083054,
                        0.37323611974716187,
                        0.8976237177848816,
                        0.9295436143875122,
                        0.8113954663276672,
                        1.1171088218688965,
                        1.164542317390442,
                        1.4036298990249634,
                        1.2737698554992676,
                        1.546979546546936,
                        1.8073880672454834,
                        1.8763444423675537,
                        2.173865556716919,
                        2.246530532836914,
                        2.3697421550750732,
                        2.3690168857574463,
                        2.4480199813842773,
                        2.596562385559082,
                        2.6247878074645996,
                        2.6587090492248535
                    ],
                    [
                        0.46574023365974426,
                        0.7243837118148804,
                        1.182973861694336,
                        1.3087221384048462,
                        1.8569927215576172,
                        2.1513044834136963,
                        2.3855299949645996,
                        2.6504602432250977,
                        2.4880099296569824,
                        2.631248712539673,
                        2.632411479949951,
                        2.4343254566192627,
                        2.1752519607543945,
                        2.2434699535369873,
                        2.187220573425293,
                        2.237363338470459,
                        2.28114652633667,
                        2.2395851612091064,
                        2.172231674194336,
                        2.1670727729797363
                    ],
                    [
                        4.590766429901123,
                        4.214824199676514,
                        4.160752773284912,
                        4.200882911682129,
                        4.317905426025391,
                        4.06370735168457,
                        3.735746145248413,
                        3.7052643299102783,
                        3.6605966091156006,
                        3.6646814346313477,
                        3.534170627593994,
                        3.5683670043945312,
                        3.4359946250915527,
                        3.3311634063720703,
                        3.275012969970703,
                        3.313947916030884,
                        3.2103068828582764,
                        3.1599326133728027,
                        3.1843671798706055,
                        3.200324535369873
                    ],
                    [
                        -5.531939506530762,
                        -6.626562118530273,
                        -7.127374649047852,
                        -6.9358673095703125,
                        -6.7026824951171875,
                        -6.6525373458862305,
                        -6.224363803863525,
                        -6.09562873840332,
                        -6.198894023895264,
                        -6.527304649353027,
                        -6.558408737182617,
                        -6.778703689575195,
                        -6.596304893493652,
                        -6.644955158233643,
                        -6.672118186950684,
                        -6.522295951843262,
                        -6.559412479400635,
                        -6.6881866455078125,
                        -6.702203750610352,
                        -6.630481719970703
                    ]
                ]
            ],
            "states": [
                [
                    [
                        5527016.0,
                        1.5349276509368792e-05,
                        0.0002737951872404665,
                        805844.5
                    ],
                    [
                        5095512.0,
                        1.517824421171099e-05,
                        0.0002537628752179444,
                        822709.0625
                    ],
                    [
                        5057864.0,
                        1.501830956840422e-05,
                        0.0002845273702405393,
                        817377.8125
                    ],
                    [
                        5703672.0,
                        1.4852455933578312e-05,
                        0.00027429292094893754,
                        848477.75
                    ],
                    [
                        5414072.0,
                        1.4684866982861422e-05,
                        0.0002784566895570606,
                        829260.1875
                    ],
                    [
                        5337328.0,
                        1.452638753107749e-05,
                        0.00027366288122721016,
                        838067.9375
                    ],
                    [
                        5141848.0,
                        1.4375169484992512e-05,
                        0.0002617421268951148,
                        823064.0
                    ],
                    [
                        5211352.0,
                        1.422882269253023e-05,
                        0.000270931632257998,
                        844933.9375
                    ],
                    [
                        5386560.0,
                        1.4082077541388571e-05,
                        0.00027350522577762604,
                        861893.1875
                    ],
                    [
                        5118680.0,
                        1.3939571545051876e-05,
                        0.0002609447401482612,
                        831639.4375
                    ],
                    [
                        5401040.0,
                        1.3799754015053622e-05,
                        0.0002695223083719611,
                        814358.625
                    ],
                    [
                        5211352.0,
                        1.3661498996953014e-05,
                        0.00026009109569713473,
                        868776.75
                    ],
                    [
                        142.0,
                        0.21944443881511688,
                        0.00015429843915626407,
                        853.0870361328125
                    ],
                    [
                        4879797.0,
                        0.008871808648109436,
                        0.0001451207062928006,
                        568995.3125
                    ],
                    [
                        6620256.0,
                        0.0009351735934615135,
                        0.00015239168715197593,
                        450753.09375
                    ],
                    [
                        9419240.0,
                        0.00045934959780424833,
                        0.0001363051705993712,
                        480722.0
                    ],
                    [
                        9852192.0,
                        0.0002833923790603876,
                        0.0001300903531955555,
                        459858.53125
                    ],
                    [
                        9448200.0,
                        0.0002050806797342375,
                        0.026162419468164444,
                        444324.5625
                    ],
                    [
                        10519720.0,
                        0.00015983681078068912,
                        0.00028762174770236015,
                        442793.625
                    ],
                    [
                        11032312.0,
                        0.00012905527546536177,
                        0.00021737493807449937,
                        442420.15625
                    ]
                ]
            ],
            "actions": [
                [
                    [
                        0.75
                    ],
                    [
                        0.75
                    ],
                    [
                        0.75
                    ],
                    [
                        0.75
                    ],
                    [
                        0.75
                    ],
                    [
                        0.75
                    ],
                    [
                        0.75
                    ],
                    [
                        0.75
                    ],
                    [
                        0.75
                    ],
                    [
                        0.75
                    ],
                    [
                        0.75
                    ],
                    [
                        0.75
                    ],
                    [
                        0.25
                    ],
                    [
                        0.25
                    ],
                    [
                        0.25
                    ],
                    [
                        0.25
                    ],
                    [
                        0.25
                    ],
                    [
                        0.25
                    ],
                    [
                        0.25
                    ],
                    [
                        0.25
                    ]
                ]
            ],
            "returns": [
                [
                    [
                        0.30454936623573303
                    ],
                    [
                        0.30361291766166687
                    ],
                    [
                        0.3026837110519409
                    ],
                    [
                        0.3017551302909851
                    ],
                    [
                        0.3008159101009369
                    ],
                    [
                        0.29988130927085876
                    ],
                    [
                        0.2989479601383209
                    ],
                    [
                        0.2980179190635681
                    ],
                    [
                        0.2970867156982422
                    ],
                    [
                        0.2961525619029999
                    ],
                    [
                        0.2952229082584381
                    ],
                    [
                        0.2942885160446167
                    ],
                    [
                        0.29335731267929077
                    ],
                    [
                        0.29335731267929077
                    ],
                    [
                        0.29243192076683044
                    ],
                    [
                        0.2914794683456421
                    ],
                    [
                        0.29049578309059143
                    ],
                    [
                        0.2895081043243408
                    ],
                    [
                        0.2885241210460663
                    ],
                    [
                        0.2875306308269501
                    ]
                ]
            ],
            "timesteps": [
                [
                    300,
                    301,
                    302,
                    303,
                    304,
                    305,
                    306,
                    307,
                    308,
                    309,
                    310,
                    311,
                    312,
                    313,
                    314,
                    315,
                    316,
                    317,
                    318,
                    319
                ]
            ],
            "labels": [
                [
                    2,
                    2,
                    2,
                    2,
                    2,
                    2,
                    2,
                    2,
                    2,
                    2,
                    2,
                    2,
                    0,
                    0,
                    0,
                    0,
                    0,
                    0,
                    0,
                    0
                ]
            ],
            "CPU Usage": 46.7,
            "RAM Usage": 55.0,
            "GPU Usage": 0.0,
            "VRAM Usage": 355.0,
            "Disk Read Speed (MB/s)": 206653.1318359375,
            "Disk Write Speed (MB/s)": 427758.9384765625
        },
        {
            "step": 2,
            "train_loss": 0.013688815757632256,
            "actions_pred1": [
                [
                    [
                        1.693007469177246,
                        1.3085901737213135,
                        1.0727593898773193,
                        -4.843717098236084
                    ],
                    [
                        1.6806665658950806,
                        1.5670349597930908,
                        1.0448330640792847,
                        -5.62009859085083
                    ],
                    [
                        1.9177262783050537,
                        1.4422252178192139,
                        1.4015164375305176,
                        -5.331046104431152
                    ],
                    [
                        2.4367473125457764,
                        1.2868835926055908,
                        1.6129933595657349,
                        -5.557464599609375
                    ],
                    [
                        2.884706974029541,
                        1.4242503643035889,
                        1.8605399131774902,
                        -6.492053508758545
                    ],
                    [
                        2.935387134552002,
                        1.350312352180481,
                        1.1468701362609863,
                        -6.312664031982422
                    ],
                    [
                        2.8670926094055176,
                        1.5771147012710571,
                        1.1401114463806152,
                        -6.0590291023254395
                    ],
                    [
                        2.8903260231018066,
                        1.871608853340149,
                        1.4143742322921753,
                        -5.637460231781006
                    ],
                    [
                        3.2667906284332275,
                        2.1890196800231934,
                        1.5026376247406006,
                        -5.432697772979736
                    ],
                    [
                        3.716031551361084,
                        1.6035585403442383,
                        2.1036977767944336,
                        -5.736630439758301
                    ],
                    [
                        4.011135101318359,
                        1.5000165700912476,
                        2.193963050842285,
                        -6.0234456062316895
                    ],
                    [
                        4.028779029846191,
                        1.6603710651397705,
                        2.0290064811706543,
                        -5.90598201751709
                    ],
                    [
                        3.9760916233062744,
                        1.5655790567398071,
                        2.0878589153289795,
                        -5.920648574829102
                    ],
                    [
                        3.874601364135742,
                        1.6205573081970215,
                        2.2235074043273926,
                        -6.014804840087891
                    ],
                    [
                        3.559117317199707,
                        1.701584815979004,
                        2.2423412799835205,
                        -6.116644859313965
                    ],
                    [
                        3.665127754211426,
                        1.6399171352386475,
                        2.5851449966430664,
                        -6.119053840637207
                    ],
                    [
                        3.7316009998321533,
                        1.5590859651565552,
                        2.4973976612091064,
                        -6.231626510620117
                    ],
                    [
                        3.6020565032958984,
                        1.781494140625,
                        2.814936876296997,
                        -6.204360008239746
                    ],
                    [
                        3.6607372760772705,
                        1.6200761795043945,
                        2.810901403427124,
                        -6.167980194091797
                    ],
                    [
                        3.6699159145355225,
                        1.6152284145355225,
                        3.031667709350586,
                        -6.2254180908203125
                    ]
                ]
            ],
            "actions_pred": [
                [
                    [
                        1.693007469177246,
                        1.6806665658950806,
                        1.9177262783050537,
                        2.4367473125457764,
                        2.884706974029541,
                        2.935387134552002,
                        2.8670926094055176,
                        2.8903260231018066,
                        3.2667906284332275,
                        3.716031551361084,
                        4.011135101318359,
                        4.028779029846191,
                        3.9760916233062744,
                        3.874601364135742,
                        3.559117317199707,
