{
    "steps": [
        {
            "step": 0,
            "train_loss": 0.050235725939273834,
            "actions_pred1": [
                [
                    [
                        -0.36310452222824097,
                        -0.7947984337806702,
                        -0.013985678553581238,
                        -0.3807651102542877
                    ],
                    [
                        -0.4507216215133667,
                        -0.37562307715415955,
                        0.006922483444213867,
                        -0.0046253502368927
                    ],
                    [
                        -0.4195575416088104,
                        -0.28745558857917786,
                        0.10640546679496765,
                        0.006995677947998047
                    ],
                    [
                        -0.3998240828514099,
                        -0.17698100209236145,
                        0.2525399923324585,
                        -0.0647663027048111
                    ],
                    [
                        -0.4276663064956665,
                        -0.31130164861679077,
                        0.27272337675094604,
                        -0.11979803442955017
                    ],
                    [
                        -0.43587884306907654,
                        -0.22376951575279236,
                        0.46029970049858093,
                        -0.20497272908687592
                    ],
                    [
                        -0.42098355293273926,
                        -0.327465295791626,
                        0.4425940215587616,
                        -0.09258072078227997
                    ],
                    [
                        -0.40787458419799805,
                        -0.34485501050949097,
                        0.3683648705482483,
                        0.042575567960739136
                    ],
                    [
                        -0.5084941387176514,
                        -0.3994792699813843,
                        0.3718360364437103,
                        -0.08617787063121796
                    ],
                    [
                        -0.5889813899993896,
                        -0.38157376646995544,
                        0.3279690444469452,
                        -0.09258133172988892
                    ],
                    [
                        -0.48773521184921265,
                        -0.1490512192249298,
                        0.49384361505508423,
                        -0.061616793274879456
                    ],
                    [
                        -0.5732032060623169,
                        -0.203264981508255,
                        0.4828256070613861,
                        0.1042318344116211
                    ],
                    [
                        -0.5719460844993591,
                        -0.22397983074188232,
                        0.5332902073860168,
                        0.059152230620384216
                    ],
                    [
                        -0.5582932233810425,
                        -0.17050841450691223,
                        0.6025161743164062,
                        0.05511884391307831
                    ],
                    [
                        -0.5705786347389221,
                        -0.19291150569915771,
                        0.5522722005844116,
                        -0.045704931020736694
                    ],
                    [
                        -0.6062712669372559,
                        -0.1958238184452057,
                        0.46858736872673035,
                        0.028931349515914917
                    ],
                    [
                        -0.5320816040039062,
                        -0.22816018760204315,
                        0.5032462477684021,
                        -0.09232538938522339
                    ],
                    [
                        -0.5831282734870911,
                        -0.24091067910194397,
                        0.46869730949401855,
                        -0.1054781824350357
                    ],
                    [
                        -0.49462682008743286,
                        -0.0075329989194869995,
                        0.4013160467147827,
                        0.05486789345741272
                    ],
                    [
                        -0.44615715742111206,
                        -0.17670634388923645,
                        0.5054607391357422,
                        0.00968809425830841
                    ]
                ]
            ],
            "actions_pred": [
                [
                    [
                        -0.36310452222824097,
                        -0.4507216215133667,
                        -0.4195575416088104,
                        -0.3998240828514099,
                        -0.4276663064956665,
                        -0.43587884306907654,
                        -0.42098355293273926,
                        -0.40787458419799805,
                        -0.5084941387176514,
                        -0.5889813899993896,
                        -0.48773521184921265,
                        -0.5732032060623169,
                        -0.5719460844993591,
                        -0.5582932233810425,
                        -0.5705786347389221,
                        -0.6062712669372559,
                        -0.5320816040039062,
                        -0.5831282734870911,
                        -0.49462682008743286,
                        -0.44615715742111206
                    ],
                    [
                        -0.7947984337806702,
                        -0.37562307715415955,
                        -0.28745558857917786,
                        -0.17698100209236145,
                        -0.31130164861679077,
                        -0.22376951575279236,
                        -0.327465295791626,
                        -0.34485501050949097,
                        -0.3994792699813843,
                        -0.38157376646995544,
                        -0.1490512192249298,
                        -0.203264981508255,
                        -0.22397983074188232,
                        -0.17050841450691223,
                        -0.19291150569915771,
                        -0.1958238184452057,
                        -0.22816018760204315,
                        -0.24091067910194397,
                        -0.0075329989194869995,
                        -0.17670634388923645
                    ],
                    [
                        -0.013985678553581238,
                        0.006922483444213867,
                        0.10640546679496765,
                        0.2525399923324585,
                        0.27272337675094604,
                        0.46029970049858093,
                        0.4425940215587616,
                        0.3683648705482483,
                        0.3718360364437103,
                        0.3279690444469452,
                        0.49384361505508423,
                        0.4828256070613861,
                        0.5332902073860168,
                        0.6025161743164062,
                        0.5522722005844116,
                        0.46858736872673035,
                        0.5032462477684021,
                        0.46869730949401855,
                        0.4013160467147827,
                        0.5054607391357422
                    ],
                    [
                        -0.3807651102542877,
                        -0.0046253502368927,
                        0.006995677947998047,
                        -0.0647663027048111,
                        -0.11979803442955017,
                        -0.20497272908687592,
                        -0.09258072078227997,
                        0.042575567960739136,
                        -0.08617787063121796,
                        -0.09258133172988892,
                        -0.061616793274879456,
                        0.1042318344116211,
                        0.059152230620384216,
                        0.05511884391307831,
                        -0.045704931020736694,
                        0.028931349515914917,
                        -0.09232538938522339,
                        -0.1054781824350357,
                        0.05486789345741272,
                        0.00968809425830841
                    ]
                ]
            ],
            "states": [
                [
                    [
                        3840096.0,
                        2.92694730887888e-05,
                        0.00022606240236200392,
                        669392.5
                    ],
                    [
                        5186736.0,
                        2.8975890018045902e-05,
                        0.0002532026555854827,
                        623919.4375
                    ],
                    [
                        4765368.0,
                        2.86587583104847e-05,
                        0.0002667571825440973,
                        632646.8125
                    ],
                    [
                        6161240.0,
                        2.8318694603512995e-05,
                        0.00026687141507864,
                        545136.5625
                    ],
                    [
                        6174272.0,
                        2.7944166504312307e-05,
                        0.0002529114135541022,
                        614846.3125
                    ],
                    [
                        5751456.0,
                        2.7591326215770096e-05,
                        0.0002583715249784291,
                        530205.9375
                    ],
                    [
                        7742456.0,
                        2.720300471992232e-05,
                        0.001365873496979475,
                        538990.625
                    ],
                    [
                        6206128.0,
                        2.6812451324076392e-05,
                        0.0008239395683631301,
                        520321.9375
                    ],
                    [
                        5211352.0,
                        2.6501078536966816e-05,
                        0.0005388445570133626,
                        565831.875
                    ],
                    [
                        4737856.0,
                        2.623563341330737e-05,
                        0.0005018769879825413,
                        557744.25
                    ],
                    [
                        3256552.0,
                        2.6026094928965904e-05,
                        0.0005396626074798405,
                        583406.625
                    ],
                    [
                        2370376.0,
                        2.588063398434315e-05,
                        0.00039070475031621754,
                        599303.875
                    ],
                    [
                        3150848.0,
                        2.573955680418294e-05,
                        0.00037147922557778656,
                        638024.3125
                    ],
                    [
                        4121008.0,
                        2.5556088075973094e-05,
                        0.00035373689024709165,
                        613075.625
                    ],
                    [
                        3627240.0,
                        2.5363364329678006e-05,
                        0.0003472233365755528,
                        713559.4375
                    ],
                    [
                        4171688.0,
                        2.5172355890390463e-05,
                        0.00021890846255701035,
                        610763.0
                    ],
                    [
                        2390648.0,
                        2.501373273844365e-05,
                        0.00019109471759293228,
                        629310.5
                    ],
                    [
                        3237728.0,
                        2.487938036210835e-05,
                        0.00025023153284564614,
                        525239.375
                    ],
                    [
                        5175152.0,
                        2.4681297873030417e-05,
                        0.000305382302030921,
                        610625.375
                    ],
                    [
                        4510520.0,
                        2.445693280606065e-05,
                        0.00029567780438810587,
                        582702.6875
                    ]
                ]
            ],
            "actions": [
                [
                    [
                        0.5
                    ],
                    [
                        0.5
                    ],
                    [
                        0.5
                    ],
                    [
                        0.5
                    ],
                    [
                        0.5
                    ],
                    [
                        0.5
                    ],
                    [
                        0.5
                    ],
                    [
                        0.5
                    ],
                    [
                        0.5
                    ],
                    [
                        0.5
                    ],
                    [
                        0.5
                    ],
                    [
                        0.5
                    ],
                    [
                        0.5
                    ],
                    [
                        0.5
                    ],
                    [
                        0.5
                    ],
                    [
                        0.5
                    ],
                    [
                        0.5
                    ],
                    [
                        0.5
                    ],
                    [
                        0.5
                    ],
                    [
                        0.5
                    ]
                ]
            ],
            "returns": [
                [
                    [
                        0.11548818647861481
                    ],
                    [
                        0.11458403617143631
                    ],
                    [
                        0.11365323513746262
                    ],
                    [
                        0.11272994428873062
                    ],
                    [
                        0.11178387701511383
                    ],
                    [
                        0.11083762347698212
                    ],
                    [
                        0.1098976582288742
                    ],
                    [
                        0.10893134027719498
                    ],
                    [
                        0.10798463225364685
                    ],
                    [
                        0.10705341398715973
                    ],
                    [
                        0.10613063722848892
                    ],
                    [
                        0.10524109750986099
                    ],
                    [
                        0.10437972098588943
                    ],
                    [
                        0.1034931093454361
                    ],
                    [
                        0.10258270055055618
                    ],
                    [
                        0.1016836017370224
                    ],
                    [
                        0.10077211260795593
                    ],
                    [
                        0.09990997612476349
                    ],
                    [
                        0.09902095794677734
                    ],
                    [
                        0.09809035062789917
                    ]
                ]
            ],
            "timesteps": [
                [
                    500,
                    501,
                    502,
                    503,
                    504,
                    505,
                    506,
                    507,
                    508,
                    509,
                    510,
                    511,
                    512,
                    513,
                    514,
                    515,
                    516,
                    517,
                    518,
                    519
                ]
            ],
            "labels": [
                [
                    1,
                    1,
                    1,
                    1,
                    1,
                    1,
                    1,
                    1,
                    1,
                    1,
                    1,
                    1,
                    1,
                    1,
                    1,
                    1,
                    1,
                    1,
                    1,
                    1
                ]
            ],
            "CPU Usage": 45.8,
            "RAM Usage": 55.2,
            "GPU Usage": 0.0,
            "VRAM Usage": 355.0,
            "Disk Read Speed (MB/s)": 206025.4189453125,
            "Disk Write Speed (MB/s)": 348030.8095703125
        },
        {
            "step": 1,
            "train_loss": 0.05253620818257332,
            "actions_pred1": [
                [
                    [
                        0.18293426930904388,
                        -0.24651606380939484,
                        0.952176570892334,
                        0.1677839756011963
                    ],
                    [
                        0.11149200797080994,
                        -0.2052048146724701,
                        1.0826005935668945,
                        0.11571341753005981
                    ],
                    [
                        0.044560179114341736,
                        -0.083762988448143,
                        0.9660770893096924,
                        0.06434479355812073
                    ],
                    [
                        -0.19734959304332733,
                        0.02459857426583767,
                        1.0914273262023926,
                        -0.04103127121925354
                    ],
                    [
                        -0.0909942239522934,
                        0.08373072743415833,
                        0.9687047600746155,
                        0.14735281467437744
                    ],
                    [
                        -0.03199513256549835,
                        -0.04537947475910187,
                        0.7793666124343872,
                        0.06484368443489075
                    ],
                    [
                        -0.04239637404680252,
                        -0.054302431643009186,
                        0.8086177110671997,
                        0.03307229280471802
                    ],
                    [
                        -0.05303344875574112,
                        0.16634921729564667,
                        0.9063942432403564,
                        0.08107069134712219
                    ],
                    [
                        -0.047945067286491394,
                        0.05622174218297005,
                        0.9296594262123108,
                        0.11765404045581818
                    ],
                    [
                        -0.019731484353542328,
                        0.030077800154685974,
                        0.9099559783935547,
                        0.058284610509872437
                    ],
                    [
                        -0.007314644753932953,
                        0.0472462959587574,
                        0.878258466720581,
                        0.13698363304138184
                    ],
                    [
                        0.0007713362574577332,
                        0.08949391543865204,
                        0.843806266784668,
                        0.10750241577625275
                    ],
                    [
                        -0.06776799261569977,
                        0.1340767741203308,
                        0.927640974521637,
                        0.01606564223766327
                    ],
                    [
                        0.18036386370658875,
                        0.18005800247192383,
                        0.9298402070999146,
                        0.030632495880126953
                    ],
                    [
                        0.10598646104335785,
                        0.19736844301223755,
                        0.9427738189697266,
                        0.084739089012146
                    ],
                    [
                        0.014863371849060059,
                        0.09513822942972183,
                        0.9487098455429077,
                        0.07642465829849243
                    ],
                    [
                        -0.02812355011701584,
                        -0.020843975245952606,
                        1.0391337871551514,
                        0.0830499529838562
                    ],
                    [
                        0.023827917873859406,
                        -0.011667788028717041,
                        0.9414669275283813,
                        0.10020685195922852
                    ],
                    [
                        0.08729012310504913,
                        0.0471964105963707,
                        1.0383654832839966,
                        0.0385127067565918
                    ],
                    [
                        0.09258254617452621,
                        0.03639353811740875,
                        1.1373770236968994,
                        0.02980634570121765
                    ]
                ]
            ],
            "actions_pred": [
                [
                    [
                        0.18293426930904388,
                        0.11149200797080994,
                        0.044560179114341736,
                        -0.19734959304332733,
                        -0.0909942239522934,
                        -0.03199513256549835,
                        -0.04239637404680252,
                        -0.05303344875574112,
                        -0.047945067286491394,
                        -0.019731484353542328,
                        -0.007314644753932953,
                        0.0007713362574577332,
                        -0.06776799261569977,
                        0.18036386370658875,
                        0.10598646104335785,
                        0.014863371849060059,
                        -0.02812355011701584,
                        0.023827917873859406,
                        0.08729012310504913,
                        0.09258254617452621
                    ],
                    [
                        -0.24651606380939484,
                        -0.2052048146724701,
                        -0.083762988448143,
                        0.02459857426583767,
                        0.08373072743415833,
                        -0.04537947475910187,
                        -0.054302431643009186,
                        0.16634921729564667,
                        0.05622174218297005,
                        0.030077800154685974,
                        0.0472462959587574,
                        0.08949391543865204,
                        0.1340767741203308,
                        0.18005800247192383,
                        0.19736844301223755,
                        0.09513822942972183,
                        -0.020843975245952606,
                        -0.011667788028717041,
                        0.0471964105963707,
                        0.03639353811740875
                    ],
                    [
                        0.952176570892334,
                        1.0826005935668945,
                        0.9660770893096924,
                        1.0914273262023926,
                        0.9687047600746155,
                        0.7793666124343872,
                        0.8086177110671997,
                        0.9063942432403564,
                        0.9296594262123108,
                        0.9099559783935547,
                        0.878258466720581,
                        0.843806266784668,
                        0.927640974521637,
                        0.9298402070999146,
                        0.9427738189697266,
                        0.9487098455429077,
                        1.0391337871551514,
                        0.9414669275283813,
                        1.0383654832839966,
                        1.1373770236968994
                    ],
                    [
                        0.1677839756011963,
                        0.11571341753005981,
                        0.06434479355812073,
                        -0.04103127121925354,
                        0.14735281467437744,
                        0.06484368443489075,
                        0.03307229280471802,
                        0.08107069134712219,
                        0.11765404045581818,
                        0.058284610509872437,
                        0.13698363304138184,
                        0.10750241577625275,
                        0.01606564223766327,
                        0.030632495880126953,
                        0.084739089012146,
                        0.07642465829849243,
                        0.0830499529838562,
                        0.10020685195922852,
                        0.0385127067565918,
                        0.02980634570121765
                    ]
                ]
            ],
            "states": [
                [
                    [
                        5354704.0,
                        8.239823728217743e-06,
                        0.00025337765691801906,
                        501396.375
                    ],
                    [
                        6112008.0,
                        8.186386367015075e-06,
                        0.00023226119810715318,
                        493386.84375
                    ],
                    [
                        437474.0,
                        0.04059061408042908,
                        0.000310274597723037,
                        179519.703125
                    ],
                    [
                        742824.0,
                        0.00568061089143157,
                        0.00025462565827183425,
                        494869.5625
                    ],
                    [
                        1293064.0,
                        0.002463217591866851,
                        0.00027542549651116133,
                        568802.125
                    ],
                    [
                        2754096.0,
                        0.001175331766717136,
                        0.00025879128952510655,
                        506395.59375
                    ],
                    [
                        4959400.0,
                        0.0005831622984260321,
                        0.0002528103068470955,
                        510830.5
                    ],
                    [
                        7180632.0,
                        0.0003223789972253144,
                        0.00020026147831231356,
                        497092.78125
                    ],
                    [
                        10328584.0,
                        0.00019613979384303093,
                        0.00022364039614330977,
                        447740.25
                    ],
                    [
                        9514808.0,
                        0.00013474683510139585,
                        0.0002323320077266544,
                        458092.9375
                    ],
                    [
                        9614720.0,
                        0.00010378147271694615,
                        0.00023472661268897355,
                        451882.15625
                    ],
                    [
                        11055480.0,
                        8.32404475659132e-05,
                        0.00024062122975010425,
                        451078.96875
                    ],
                    [
                        10631216.0,
                        6.886368646519259e-05,
                        0.0001874879380920902,
                        454141.4375
                    ],
                    [
                        9736352.0,
                        5.92533870076295e-05,
                        0.00025532711879350245,
                        501440.96875
                    ],
                    [
                        5832544.0,
                        5.351470463210717e-05,
                        0.0002452299522701651,
                        514617.375
                    ],
                    [
                        4878312.0,
                        5.0193953939015046e-05,
                        0.00023082415282260627,
                        598373.25
                    ],
                    [
                        5687744.0,
                        4.730764703708701e-05,
                        0.00026125748991034925,
                        594833.125
                    ],
                    [
                        5154880.0,
                        4.466561586013995e-05,
                        0.00024003862927202135,
                        666985.1875
                    ],
                    [
                        5471992.0,
                        4.2350944568170235e-05,
                        0.00019315553072374314,
                        641558.875
                    ],
                    [
                        7102440.0,
                        3.9908583858050406e-05,
                        0.00022412248654291034,
                        477795.28125
                    ]
                ]
            ],
            "actions": [
                [
                    [
                        0.25
                    ],
                    [
                        0.25
                    ],
                    [
                        0.5
                    ],
                    [
                        0.5
                    ],
                    [
                        0.5
                    ],
                    [
                        0.5
                    ],
                    [
                        0.5
                    ],
                    [
                        0.5
                    ],
                    [
                        0.5
                    ],
                    [
                        0.5
                    ],
                    [
                        0.5
                    ],
                    [
                        0.5
                    ],
                    [
                        0.5
                    ],
                    [
                        0.5
                    ],
                    [
                        0.5
                    ],
                    [
                        0.5
                    ],
                    [
                        0.5
                    ],
                    [
                        0.5
                    ],
                    [
                        0.5
                    ],
                    [
                        0.5
                    ]
                ]
            ],
            "returns": [
                [
                    [
                        0.18974736332893372
                    ],
                    [
                        0.1888137310743332
                    ],
                    [
                        0.1878683865070343
                    ],
                    [
                        0.1871568113565445
                    ],
                    [
                        0.18639831244945526
                    ],
                    [
                        0.18559066951274872
                    ],
                    [
                        0.18471598625183105
                    ],
                    [
                        0.18378916382789612
                    ],
                    [
                        0.18282951414585114
                    ],
                    [
                        0.18183764815330505
                    ],
                    [
                        0.18085305392742157
                    ],
                    [
                        0.17986753582954407
                    ],
                    [
                        0.17886963486671448
                    ],
                    [
                        0.17787520587444305
                    ],
                    [
                        0.176888570189476
                    ],
                    [
                        0.17594735324382782
                    ],
                    [
                        0.17502199113368988
                    ],
                    [
                        0.17408300936222076
                    ],
                    [
                        0.17315275967121124
                    ],
                    [
                        0.1722172051668167
                    ]
                ]
            ],
            "timesteps": [
                [
                    420,
                    421,
                    422,
                    423,
                    424,
                    425,
                    426,
                    427,
                    428,
                    429,
                    430,
                    431,
                    432,
                    433,
                    434,
                    435,
                    436,
                    437,
                    438,
                    439
                ]
            ],
            "labels": [
                [
                    0,
                    0,
                    1,
                    1,
                    1,
                    1,
                    1,
                    1,
                    1,
                    1,
                    1,
                    1,
                    1,
                    1,
                    1,
                    1,
                    1,
                    1,
                    1,
                    1
                ]
            ],
            "CPU Usage": 46.7,
            "RAM Usage": 55.4,
            "GPU Usage": 0.0,
            "VRAM Usage": 355.0,
            "Disk Read Speed (MB/s)": 206025.4189453125,
            "Disk Write Speed (MB/s)": 348030.9775390625
        },
        {
            "step": 2,
            "train_loss": 0.055332593619823456,
            "actions_pred1": [
                [
                    [
                        -0.0773768350481987,
                        -0.20750287175178528,
                        0.6504814624786377,
                        -0.09772568941116333
                    ],
                    [
                        -0.10937999188899994,
                        -0.09214680641889572,
                        0.8514734506607056,
                        -0.2306109070777893
                    ],
                    [
                        0.02565009891986847,
                        0.05687379837036133,
                        0.6359379887580872,
                        -0.32360711693763733
                    ],
                    [
                        -0.02119344472885132,
                        0.15551817417144775,
                        0.4521030783653259,
                        -0.29808923602104187
                    ],
                    [
                        -0.12874165177345276,
                        0.0742659866809845,
                        0.40597087144851685,
                        -0.1378275752067566
                    ],
                    [
                        -0.24480873346328735,
                        0.08399805426597595,
                        0.6111001968383789,
                        -0.16062265634536743
                    ],
                    [
                        -0.2158539891242981,
                        0.1856611967086792,
                        0.624904453754425,
                        -0.09777754545211792
                    ],
                    [
                        -0.3286415934562683,
                        0.19626280665397644,
                        0.6453675627708435,
                        -0.09204018115997314
                    ],
                    [
                        -0.3220875561237335,
                        0.04078393056988716,
                        0.6646736264228821,
                        -0.3070333003997803
                    ],
                    [
                        -0.23632726073265076,
                        -0.04315054416656494,
                        0.5653222799301147,
                        -0.2990320920944214
                    ],
                    [
                        -0.3366420269012451,
                        0.029711902141571045,
                        0.7022339701652527,
                        -0.27048295736312866
                    ],
                    [
                        -0.4254290759563446,
                        0.08879407495260239,
                        0.6693767309188843,
                        -0.2571853995323181
                    ],
                    [
                        -0.2530030906200409,
                        0.03592158854007721,
                        0.6247115135192871,
                        -0.16858333349227905
                    ],
                    [
                        -0.2092660367488861,
                        0.0361347422003746,
                        0.6135227680206299,
                        -0.22774410247802734
                    ],
                    [
                        -0.27313023805618286,
                        0.1073262095451355,
                        0.6550847291946411,
                        -0.293171226978302
                    ],
                    [
                        -0.2759428322315216,
                        0.18889203667640686,
                        0.8003984689712524,
                        -0.22573897242546082
                    ],
                    [
                        -0.3610950708389282,
                        0.11963160336017609,
                        0.7442333102226257,
                        -0.15892338752746582
                    ],
                    [
                        -0.3099413514137268,
                        0.1546841561794281,
                        0.711550772190094,
                        -0.17766469717025757
                    ],
                    [
                        -0.298640638589859,
                        0.26279109716415405,
                        0.7012860178947449,
                        -0.15647515654563904
                    ],
                    [
                        -0.3006090521812439,
                        0.2187969982624054,
                        0.8449517488479614,
                        -0.15076303482055664
                    ]
                ]
            ],
            "actions_pred": [
                [
                    [
                        -0.0773768350481987,
                        -0.10937999188899994,
                        0.02565009891986847,
                        -0.02119344472885132,
