{
    "steps": [
        {
            "step": 0,
            "train_loss": 0.031203949823975563,
            "actions_pred1": [
                [
                    [
                        0.38483455777168274,
                        0.5886178016662598,
                        0.775133490562439,
                        -1.2769584655761719
                    ],
                    [
                        0.27820906043052673,
                        0.798976719379425,
                        1.0121995210647583,
                        -1.1435960531234741
                    ],
                    [
                        0.22954383492469788,
                        1.0058863162994385,
                        1.00258207321167,
                        -1.2638221979141235
                    ],
                    [
                        0.2330419421195984,
                        1.014479398727417,
                        1.045859932899475,
                        -1.309525489807129
                    ],
                    [
                        0.293326735496521,
                        1.0608999729156494,
                        1.0488582849502563,
                        -1.3847510814666748
                    ],
                    [
                        0.3546713590621948,
                        0.977952778339386,
                        0.9407964944839478,
                        -1.4499927759170532
                    ],
                    [
                        0.4120650887489319,
                        1.0885109901428223,
                        1.0357253551483154,
                        -1.5729894638061523
                    ],
                    [
                        0.4269435703754425,
                        1.0523601770401,
                        0.9762556552886963,
                        -1.5232062339782715
                    ],
                    [
                        0.3053331971168518,
                        0.9632521867752075,
                        1.0374231338500977,
                        -1.575415849685669
                    ],
                    [
                        0.30667465925216675,
                        1.023944616317749,
                        1.0703747272491455,
                        -1.6001828908920288
                    ],
                    [
                        0.2076355516910553,
                        0.8868871927261353,
                        1.1700650453567505,
                        -1.7599244117736816
                    ],
                    [
                        0.13471719622612,
                        0.9064527750015259,
                        1.0851962566375732,
                        -1.876230001449585
                    ],
                    [
                        0.15189681947231293,
                        0.9592870473861694,
                        1.0786892175674438,
                        -1.8081145286560059
                    ],
                    [
                        0.17750035226345062,
                        0.9965482354164124,
                        1.1108837127685547,
                        -1.6910374164581299
                    ],
                    [
                        0.026203975081443787,
                        0.7997043132781982,
                        1.1291253566741943,
                        -1.9465701580047607
                    ],
                    [
                        0.1959022581577301,
                        0.7666601538658142,
                        1.0673986673355103,
                        -1.8932368755340576
                    ],
                    [
                        0.16633735597133636,
                        0.8760679364204407,
                        1.1203736066818237,
                        -1.9314249753952026
                    ],
                    [
                        0.1948855072259903,
                        0.9688838720321655,
                        0.9918087720870972,
                        -1.7389075756072998
                    ],
                    [
                        0.2768867611885071,
                        0.9659097790718079,
                        1.1382384300231934,
                        -1.8166253566741943
                    ],
                    [
                        0.2529926300048828,
                        0.9792122840881348,
                        1.128516674041748,
                        -1.8303608894348145
                    ]
                ]
            ],
            "actions_pred": [
                [
                    [
                        0.38483455777168274,
                        0.27820906043052673,
                        0.22954383492469788,
                        0.2330419421195984,
                        0.293326735496521,
                        0.3546713590621948,
                        0.4120650887489319,
                        0.4269435703754425,
                        0.3053331971168518,
                        0.30667465925216675,
                        0.2076355516910553,
                        0.13471719622612,
                        0.15189681947231293,
                        0.17750035226345062,
                        0.026203975081443787,
                        0.1959022581577301,
                        0.16633735597133636,
                        0.1948855072259903,
                        0.2768867611885071,
                        0.2529926300048828
                    ],
                    [
                        0.5886178016662598,
                        0.798976719379425,
                        1.0058863162994385,
                        1.014479398727417,
                        1.0608999729156494,
                        0.977952778339386,
                        1.0885109901428223,
                        1.0523601770401,
                        0.9632521867752075,
                        1.023944616317749,
                        0.8868871927261353,
                        0.9064527750015259,
                        0.9592870473861694,
                        0.9965482354164124,
                        0.7997043132781982,
                        0.7666601538658142,
                        0.8760679364204407,
                        0.9688838720321655,
                        0.9659097790718079,
                        0.9792122840881348
                    ],
                    [
                        0.775133490562439,
                        1.0121995210647583,
                        1.00258207321167,
                        1.045859932899475,
                        1.0488582849502563,
                        0.9407964944839478,
                        1.0357253551483154,
                        0.9762556552886963,
                        1.0374231338500977,
                        1.0703747272491455,
                        1.1700650453567505,
                        1.0851962566375732,
                        1.0786892175674438,
                        1.1108837127685547,
                        1.1291253566741943,
                        1.0673986673355103,
                        1.1203736066818237,
                        0.9918087720870972,
                        1.1382384300231934,
                        1.128516674041748
                    ],
                    [
                        -1.2769584655761719,
                        -1.1435960531234741,
                        -1.2638221979141235,
                        -1.309525489807129,
                        -1.3847510814666748,
                        -1.4499927759170532,
                        -1.5729894638061523,
                        -1.5232062339782715,
                        -1.575415849685669,
                        -1.6001828908920288,
                        -1.7599244117736816,
                        -1.876230001449585,
                        -1.8081145286560059,
                        -1.6910374164581299,
                        -1.9465701580047607,
                        -1.8932368755340576,
                        -1.9314249753952026,
                        -1.7389075756072998,
                        -1.8166253566741943,
                        -1.8303608894348145
                    ]
                ]
            ],
            "states": [
                [
                    [
                        6436360.0,
                        3.756791920750402e-05,
                        0.00023788119142409414,
                        525420.0
                    ],
                    [
                        5822408.0,
                        3.5673747333930805e-05,
                        0.0002484873402863741,
                        540076.8125
                    ],
                    [
                        6120696.0,
                        3.400527930352837e-05,
                        0.00025739934062585235,
                        546681.375
                    ],
                    [
                        6143632.0,
                        3.2446547265863046e-05,
                        0.00019004895875696093,
                        549135.1875
                    ],
                    [
                        6290344.0,
                        3.100591857219115e-05,
                        0.00022606240236200392,
                        515628.96875
                    ],
                    [
                        7225288.0,
                        2.9579521651612595e-05,
                        0.0002532026555854827,
                        501138.75
                    ],
                    [
                        5695216.0,
                        2.8330134227871895e-05,
                        0.0002667571825440973,
                        501280.09375
                    ],
                    [
                        6048296.0,
                        2.72848174063256e-05,
                        0.00026687141507864,
                        520591.84375
                    ],
                    [
                        5956840.0,
                        2.6292696929886006e-05,
                        0.0002529114135541022,
                        510954.5
                    ],
                    [
                        5511320.0,
                        2.5409783120267093e-05,
                        0.0002583715249784291,
                        498321.25
                    ],
                    [
                        7421000.0,
                        2.448467603244353e-05,
                        0.001365873496979475,
                        470548.53125
                    ],
                    [
                        6653560.0,
                        2.3549235265818425e-05,
                        0.0008239395683631301,
                        489404.40625
                    ],
                    [
                        5919424.0,
                        2.2772055672248825e-05,
                        0.0005388445570133626,
                        494672.6875
                    ],
                    [
                        6049744.0,
                        2.2078909751144238e-05,
                        0.0005018769879825413,
                        522203.84375
                    ],
                    [
                        5699328.0,
                        2.1438178009702824e-05,
                        0.0005396626074798405,
                        525676.375
                    ],
                    [
                        5907840.0,
                        2.084095285681542e-05,
                        0.00039070475031621754,
                        484434.71875
                    ],
                    [
                        7654128.0,
                        2.0184714230708778e-05,
                        0.00037147922557778656,
                        485244.75
                    ],
                    [
                        6171376.0,
                        1.9555423932615668e-05,
                        0.00035373689024709165,
                        520211.9375
                    ],
                    [
                        5359048.0,
                        1.9060054910369217e-05,
                        0.0003472233365755528,
                        514446.75
                    ],
                    [
                        5344568.0,
                        1.8622442439664155e-05,
                        0.00021890846255701035,
                        526664.75
                    ]
                ]
            ],
            "actions": [
                [
                    [
                        0.5
                    ],
                    [
                        0.5
                    ],
                    [
                        0.5
                    ],
                    [
                        0.5
                    ],
                    [
                        0.5
                    ],
                    [
                        0.5
                    ],
                    [
                        0.5
                    ],
                    [
                        0.5
                    ],
                    [
                        0.5
                    ],
                    [
                        0.5
                    ],
                    [
                        0.5
                    ],
                    [
                        0.5
                    ],
                    [
                        0.5
                    ],
                    [
                        0.5
                    ],
                    [
                        0.5
                    ],
                    [
                        0.5
                    ],
                    [
                        0.5
                    ],
                    [
                        0.5
                    ],
                    [
                        0.5
                    ],
                    [
                        0.5
                    ]
                ]
            ],
            "returns": [
                [
                    [
                        0.17125853896141052
                    ],
                    [
                        0.17030860483646393
                    ],
                    [
                        0.16936755180358887
                    ],
                    [
                        0.16842207312583923
                    ],
                    [
                        0.16747625172138214
                    ],
                    [
                        0.1665283590555191
                    ],
                    [
                        0.16556815803050995
                    ],
                    [
                        0.16462907195091248
                    ],
                    [
                        0.1636846512556076
                    ],
                    [
                        0.16274157166481018
                    ],
                    [
                        0.1618053913116455
                    ],
                    [
                        0.16084282100200653
                    ],
                    [
                        0.15988995134830475
                    ],
                    [
                        0.1589474231004715
                    ],
                    [
                        0.15800298750400543
                    ],
                    [
                        0.157063826918602
                    ],
                    [
                        0.15612147748470306
                    ],
                    [
                        0.1551561802625656
                    ],
                    [
                        0.15420997142791748
                    ],
                    [
                        0.153276264667511
                    ]
                ]
            ],
            "timesteps": [
                [
                    440,
                    441,
                    442,
                    443,
                    444,
                    445,
                    446,
                    447,
                    448,
                    449,
                    450,
                    451,
                    452,
                    453,
                    454,
                    455,
                    456,
                    457,
                    458,
                    459
                ]
            ],
            "labels": [
                [
                    1,
                    1,
                    1,
                    1,
                    1,
                    1,
                    1,
                    1,
                    1,
                    1,
                    1,
                    1,
                    1,
                    1,
                    1,
                    1,
                    1,
                    1,
                    1,
                    1
                ]
            ],
            "CPU Usage": 45.5,
            "RAM Usage": 55.1,
            "GPU Usage": 0.0,
            "VRAM Usage": 355.0,
            "Disk Read Speed (MB/s)": 206398.2939453125,
            "Disk Write Speed (MB/s)": 386568.0517578125
        },
        {
            "step": 1,
            "train_loss": 0.025976765900850296,
            "actions_pred1": [
                [
                    [
                        0.5845109820365906,
                        0.6791404485702515,
                        1.0384912490844727,
                        -1.5516269207000732
                    ],
                    [
                        0.3316372036933899,
                        0.7588058710098267,
                        0.9852897524833679,
                        -1.366668939590454
                    ],
                    [
                        0.17386719584465027,
                        1.0883586406707764,
                        1.0682487487792969,
                        -1.452955961227417
                    ],
                    [
                        0.24487750232219696,
                        1.0196924209594727,
                        1.1640055179595947,
                        -1.4273921251296997
                    ],
                    [
                        0.2473616749048233,
                        0.9821261167526245,
                        1.1113018989562988,
                        -1.5115598440170288
                    ],
                    [
                        0.35490918159484863,
                        0.9762924909591675,
                        1.1470948457717896,
                        -1.5177642107009888
                    ],
                    [
                        0.27214109897613525,
                        0.8767722845077515,
                        1.1847981214523315,
                        -1.4962081909179688
                    ],
                    [
                        0.08585607260465622,
                        0.7716586589813232,
                        1.1825284957885742,
                        -1.6277128458023071
                    ],
                    [
                        0.21153058111667633,
                        0.6782103180885315,
                        1.1034340858459473,
                        -1.5932786464691162
                    ],
                    [
                        0.25228351354599,
                        0.8589091300964355,
                        1.2508022785186768,
                        -1.5850917100906372
                    ],
                    [
                        0.2121458500623703,
                        0.9424124956130981,
                        1.3493587970733643,
                        -1.5472298860549927
                    ],
                    [
                        0.4278682470321655,
                        0.9776884913444519,
                        1.2079182863235474,
                        -1.7340959310531616
                    ],
                    [
                        0.5831865072250366,
                        0.9187855124473572,
                        1.2728549242019653,
                        -1.8089625835418701
                    ],
                    [
                        0.45722344517707825,
                        0.8705600500106812,
                        1.0279353857040405,
                        -1.8418478965759277
                    ],
                    [
                        0.34015953540802,
                        0.9364043474197388,
                        1.1205317974090576,
                        -1.7502965927124023
                    ],
                    [
                        0.3383556306362152,
                        0.777084231376648,
                        1.1808172464370728,
                        -1.9632223844528198
                    ],
                    [
                        0.36856576800346375,
                        0.9116464257240295,
                        1.067274570465088,
                        -1.7363369464874268
                    ],
                    [
                        0.33914896845817566,
                        1.0669915676116943,
                        1.1645922660827637,
                        -1.6250698566436768
                    ],
                    [
                        0.30348026752471924,
                        1.1449874639511108,
                        1.225160002708435,
                        -1.5912803411483765
                    ],
                    [
                        0.27593913674354553,
                        1.1075934171676636,
                        1.2178092002868652,
                        -1.663164734840393
                    ]
                ]
            ],
            "actions_pred": [
                [
                    [
                        0.5845109820365906,
                        0.3316372036933899,
                        0.17386719584465027,
                        0.24487750232219696,
                        0.2473616749048233,
                        0.35490918159484863,
                        0.27214109897613525,
                        0.08585607260465622,
                        0.21153058111667633,
                        0.25228351354599,
                        0.2121458500623703,
                        0.4278682470321655,
                        0.5831865072250366,
                        0.45722344517707825,
                        0.34015953540802,
                        0.3383556306362152,
                        0.36856576800346375,
                        0.33914896845817566,
                        0.30348026752471924,
                        0.27593913674354553
                    ],
                    [
                        0.6791404485702515,
                        0.7588058710098267,
                        1.0883586406707764,
                        1.0196924209594727,
                        0.9821261167526245,
                        0.9762924909591675,
                        0.8767722845077515,
                        0.7716586589813232,
                        0.6782103180885315,
                        0.8589091300964355,
                        0.9424124956130981,
                        0.9776884913444519,
                        0.9187855124473572,
                        0.8705600500106812,
                        0.9364043474197388,
                        0.777084231376648,
                        0.9116464257240295,
                        1.0669915676116943,
                        1.1449874639511108,
                        1.1075934171676636
                    ],
                    [
                        1.0384912490844727,
                        0.9852897524833679,
                        1.0682487487792969,
                        1.1640055179595947,
                        1.1113018989562988,
                        1.1470948457717896,
                        1.1847981214523315,
                        1.1825284957885742,
                        1.1034340858459473,
                        1.2508022785186768,
                        1.3493587970733643,
                        1.2079182863235474,
                        1.2728549242019653,
                        1.0279353857040405,
                        1.1205317974090576,
                        1.1808172464370728,
                        1.067274570465088,
                        1.1645922660827637,
                        1.225160002708435,
                        1.2178092002868652
                    ],
                    [
                        -1.5516269207000732,
                        -1.366668939590454,
                        -1.452955961227417,
                        -1.4273921251296997,
                        -1.5115598440170288,
                        -1.5177642107009888,
                        -1.4962081909179688,
                        -1.6277128458023071,
                        -1.5932786464691162,
                        -1.5850917100906372,
                        -1.5472298860549927,
                        -1.7340959310531616,
                        -1.8089625835418701,
                        -1.8418478965759277,
                        -1.7502965927124023,
                        -1.9632223844528198,
                        -1.7363369464874268,
                        -1.6250698566436768,
                        -1.5912803411483765,
                        -1.663164734840393
                    ]
                ]
            ],
            "states": [
                [
                    [
                        5305472.0,
                        8.719099241716322e-06,
                        0.00013201982073951513,
                        847637.0625
                    ],
                    [
                        5427104.0,
                        8.626127055322286e-06,
                        0.00013791865785606205,
                        798609.0
                    ],
                    [
                        5450272.0,
                        8.533900654583704e-06,
                        0.00014453318726737052,
                        879716.5
                    ],
                    [
                        5114336.0,
                        8.446181709587108e-06,
                        0.00014699026360176504,
                        849232.5625
                    ],
                    [
                        5466200.0,
                        8.360139872820582e-06,
                        0.00016071676509454846,
                        823946.3125
                    ],
                    [
                        5315608.0,
                        8.27424355520634e-06,
                        0.00016249381587840617,
                        854104.0625
                    ],
                    [
                        5602312.0,
                        8.189044820028357e-06,
                        0.0001488575799157843,
                        832423.8125
                    ],
                    [
                        5063656.0,
                        8.107467692752834e-06,
                        0.00016087492986116558,
                        837260.4375
                    ],
                    [
                        5243208.0,
                        8.030191565921996e-06,
                        0.00016716374375391752,
                        847603.1875
                    ],
                    [
                        5813720.0,
                        7.948916390887462e-06,
                        0.00019032474665436894,
                        855439.25
                    ],
                    [
                        5408280.0,
                        7.868069587857462e-06,
                        0.00018542619363870472,
                        819410.4375
                    ],
                    [
                        5082480.0,
                        7.7939621405676e-06,
                        0.000198170033399947,
                        886572.3125
                    ],
                    [
                        5553080.0,
                        7.720262146904133e-06,
                        0.0001916241308208555,
                        834980.5
                    ],
                    [
                        5222936.0,
                        7.646989615750499e-06,
                        0.0002063407882815227,
                        810099.0
                    ],
                    [
                        5267824.0,
                        7.57698762754444e-06,
                        0.00023895764024928212,
                        771615.4375
                    ],
                    [
                        5292440.0,
                        7.507794634875609e-06,
                        0.00025051896227523685,
                        873322.6875
                    ],
                    [
                        5603760.0,
                        7.437720341840759e-06,
                        0.0002676467993296683,
                        855312.0625
                    ],
                    [
                        5289312.0,
                        7.368956630671164e-06,
                        0.0002700872428249568,
                        823382.9375
                    ],
                    [
                        5275296.0,
                        7.303467100427952e-06,
                        0.0002660537720657885,
                        780031.4375
                    ],
                    [
                        5143296.0,
                        7.240012109832605e-06,
                        0.00026454709586687386,
                        808306.8125
                    ]
                ]
            ],
            "actions": [
                [
                    [
                        0.75
                    ],
                    [
                        0.75
                    ],
                    [
                        0.75
                    ],
                    [
                        0.75
                    ],
                    [
                        0.75
                    ],
                    [
                        0.75
                    ],
                    [
                        0.75
                    ],
                    [
                        0.75
                    ],
                    [
                        0.75
                    ],
                    [
                        0.75
                    ],
                    [
                        0.75
                    ],
                    [
                        0.75
                    ],
                    [
                        0.75
                    ],
                    [
                        0.75
                    ],
                    [
                        0.75
                    ],
                    [
                        0.75
                    ],
                    [
                        0.75
                    ],
                    [
                        0.75
                    ],
                    [
                        0.75
                    ],
                    [
                        0.75
                    ]
                ]
            ],
            "returns": [
                [
                    [
                        0.5055230259895325
                    ],
                    [
                        0.5045902132987976
                    ],
                    [
                        0.5036553740501404
                    ],
                    [
                        0.5027201771736145
                    ],
                    [
                        0.5017906427383423
                    ],
                    [
                        0.5008551478385925
                    ],
                    [
                        0.4999221861362457
                    ],
                    [
                        0.49898457527160645
                    ],
                    [
                        0.49805590510368347
                    ],
                    [
                        0.4971241354942322
                    ],
                    [
                        0.49618321657180786
                    ],
                    [
                        0.4952487051486969
                    ],
                    [
                        0.49431970715522766
                    ],
                    [
                        0.49338284134864807
                    ],
                    [
                        0.49245142936706543
                    ],
                    [
                        0.4915192425251007
                    ],
                    [
                        0.49058666825294495
                    ],
                    [
                        0.4896489977836609
                    ],
                    [
                        0.4887164533138275
                    ],
                    [
                        0.48778414726257324
                    ]
                ]
            ],
            "timesteps": [
                [
                    80,
                    81,
                    82,
                    83,
                    84,
                    85,
                    86,
                    87,
                    88,
                    89,
                    90,
                    91,
                    92,
                    93,
                    94,
                    95,
                    96,
                    97,
                    98,
                    99
                ]
            ],
            "labels": [
                [
                    2,
                    2,
                    2,
                    2,
                    2,
                    2,
                    2,
                    2,
                    2,
                    2,
                    2,
                    2,
                    2,
                    2,
                    2,
                    2,
                    2,
                    2,
                    2,
                    2
                ]
            ],
            "CPU Usage": 46.8,
            "RAM Usage": 55.2,
            "GPU Usage": 0.0,
            "VRAM Usage": 355.0,
            "Disk Read Speed (MB/s)": 206398.2939453125,
            "Disk Write Speed (MB/s)": 386568.2041015625
        },
        {
            "step": 2,
            "train_loss": 0.025983154773712158,
            "actions_pred1": [
                [
                    [
                        -0.15525896847248077,
                        0.7082737684249878,
                        0.7253007888793945,
                        -1.738669514656067
                    ],
                    [
                        -0.056788019835948944,
                        0.7470340132713318,
                        0.8990200161933899,
                        -1.8400239944458008
                    ],
                    [
                        0.019778072834014893,
                        0.8160327672958374,
                        0.7064823508262634,
                        -2.152353286743164
                    ],
                    [
                        0.10851393640041351,
                        0.872029185295105,
                        0.7754364609718323,
                        -2.2849438190460205
                    ],
                    [
                        0.2801967263221741,
                        1.0456931591033936,
                        0.5599679946899414,
                        -2.83790922164917
                    ],
                    [
                        0.4532579779624939,
                        1.1309951543807983,
                        0.7397079467773438,
                        -2.795189380645752
                    ],
                    [
                        0.4755885601043701,
                        1.2605390548706055,
                        0.8167023658752441,
                        -2.837446689605713
                    ],
                    [
                        0.5697988867759705,
                        1.307052731513977,
                        0.9155304431915283,
                        -2.5972070693969727
                    ],
                    [
                        0.3848462700843811,
                        1.2884390354156494,
                        0.7343055605888367,
                        -2.5785183906555176
                    ],
                    [
                        0.3970898985862732,
                        1.1574959754943848,
                        0.9463809728622437,
                        -2.4536638259887695
                    ],
                    [
                        0.3559264540672302,
                        1.0082710981369019,
                        0.8671267628669739,
                        -2.411781072616577
                    ],
                    [
                        0.13020962476730347,
                        0.9431279897689819,
                        0.8031798005104065,
                        -2.245962142944336
                    ],
                    [
                        0.07657887041568756,
                        1.023427963256836,
                        0.8474408984184265,
                        -2.1708579063415527
                    ],
                    [
                        0.09434275329113007,
                        1.0915625095367432,
                        0.8605085611343384,
                        -2.1246514320373535
                    ],
                    [
                        0.1294138878583908,
                        1.0197868347167969,
                        0.7835087180137634,
                        -2.1015186309814453
                    ],
                    [
                        0.17382216453552246,
                        1.0762089490890503,
                        0.7723973989486694,
                        -2.2178235054016113
                    ],
                    [
                        0.2979356050491333,
                        1.1039899587631226,
                        0.8171937465667725,
                        -2.2671704292297363
                    ],
                    [
                        0.2973012328147888,
                        1.116255283355713,
                        0.850350558757782,
                        -2.0992002487182617
                    ],
                    [
                        0.20656681060791016,
                        1.0722273588180542,
                        0.9998140335083008,
                        -2.2734766006469727
                    ],
                    [
                        0.2269916534423828,
                        1.0079987049102783,
                        1.0944035053253174,
                        -2.1744191646575928
                    ]
                ]
            ],
            "actions_pred": [
                [
                    [
                        -0.15525896847248077,
                        -0.056788019835948944,
                        0.019778072834014893,
                        0.10851393640041351,
                        0.2801967263221741,
                        0.4532579779624939,
                        0.4755885601043701,
                        0.5697988867759705,
                        0.3848462700843811,
                        0.3970898985862732,
                        0.3559264540672302,
                        0.13020962476730347,
