{
    "steps": [
        {
            "step": 0,
            "train_loss": 1.7505928553873673e-05,
            "actions_pred1": [
                [
                    [
                        -2.101210832595825,
                        4.962412357330322,
                        -1.8207964897155762,
                        -4.039112091064453
                    ],
                    [
                        -1.8861972093582153,
                        5.587573528289795,
                        -2.3572726249694824,
                        -3.3851943016052246
                    ],
                    [
                        -2.1756954193115234,
                        5.560593128204346,
                        -3.149928092956543,
                        -3.359010934829712
                    ],
                    [
                        -2.267137050628662,
                        5.946722507476807,
                        -3.423042058944702,
                        -3.4813642501831055
                    ],
                    [
                        -2.381007432937622,
                        5.9973835945129395,
                        -4.06080436706543,
                        -3.8270604610443115
                    ],
                    [
                        -2.183675527572632,
                        6.1805338859558105,
                        -4.023398399353027,
                        -3.769035816192627
                    ],
                    [
                        -2.0450026988983154,
                        6.368992328643799,
                        -4.271602630615234,
                        -3.6901774406433105
                    ],
                    [
                        -1.8828541040420532,
                        6.420368194580078,
                        -4.121923923492432,
                        -3.570788860321045
                    ],
                    [
                        -1.706459403038025,
                        6.266774654388428,
                        -3.793884038925171,
                        -3.9319474697113037
                    ],
                    [
                        -1.8157501220703125,
                        6.233217716217041,
                        -3.671851634979248,
                        -3.800276517868042
                    ],
                    [
                        -1.8159806728363037,
                        6.321043014526367,
                        -3.7646875381469727,
                        -3.8889222145080566
                    ],
                    [
                        -1.6952813863754272,
                        6.235084056854248,
                        -3.7958335876464844,
                        -4.073834419250488
                    ],
                    [
                        -1.8520941734313965,
                        6.245462417602539,
                        -3.7797834873199463,
                        -4.117633819580078
                    ],
                    [
                        -1.915127158164978,
                        6.254302024841309,
                        -3.643108606338501,
                        -4.012988567352295
                    ],
                    [
                        -1.8591057062149048,
                        6.326103687286377,
                        -3.5287675857543945,
                        -3.9895591735839844
                    ],
                    [
                        -1.641524076461792,
                        6.423333644866943,
                        -3.504399299621582,
                        -3.990490436553955
                    ],
                    [
                        -1.4963523149490356,
                        6.333775997161865,
                        -3.4464874267578125,
                        -3.934417724609375
                    ],
                    [
                        -1.4039872884750366,
                        6.210951328277588,
                        -3.5224766731262207,
                        -4.014616966247559
                    ],
                    [
                        -1.4317045211791992,
                        6.039475440979004,
                        -3.426433563232422,
                        -3.988187789916992
                    ],
                    [
                        -1.4482108354568481,
                        6.019376277923584,
                        -3.3889434337615967,
                        -3.881904125213623
                    ]
                ]
            ],
            "actions_pred": [
                [
                    [
                        -2.101210832595825,
                        -1.8861972093582153,
                        -2.1756954193115234,
                        -2.267137050628662,
                        -2.381007432937622,
                        -2.183675527572632,
                        -2.0450026988983154,
                        -1.8828541040420532,
                        -1.706459403038025,
                        -1.8157501220703125,
                        -1.8159806728363037,
                        -1.6952813863754272,
                        -1.8520941734313965,
                        -1.915127158164978,
                        -1.8591057062149048,
                        -1.641524076461792,
                        -1.4963523149490356,
                        -1.4039872884750366,
                        -1.4317045211791992,
                        -1.4482108354568481
                    ],
                    [
                        4.962412357330322,
                        5.587573528289795,
                        5.560593128204346,
                        5.946722507476807,
                        5.9973835945129395,
                        6.1805338859558105,
                        6.368992328643799,
                        6.420368194580078,
                        6.266774654388428,
                        6.233217716217041,
                        6.321043014526367,
                        6.235084056854248,
                        6.245462417602539,
                        6.254302024841309,
                        6.326103687286377,
                        6.423333644866943,
                        6.333775997161865,
                        6.210951328277588,
                        6.039475440979004,
                        6.019376277923584
                    ],
                    [
                        -1.8207964897155762,
                        -2.3572726249694824,
                        -3.149928092956543,
                        -3.423042058944702,
                        -4.06080436706543,
                        -4.023398399353027,
                        -4.271602630615234,
                        -4.121923923492432,
                        -3.793884038925171,
                        -3.671851634979248,
                        -3.7646875381469727,
                        -3.7958335876464844,
                        -3.7797834873199463,
                        -3.643108606338501,
                        -3.5287675857543945,
                        -3.504399299621582,
                        -3.4464874267578125,
                        -3.5224766731262207,
                        -3.426433563232422,
                        -3.3889434337615967
                    ],
                    [
                        -4.039112091064453,
                        -3.3851943016052246,
                        -3.359010934829712,
                        -3.4813642501831055,
                        -3.8270604610443115,
                        -3.769035816192627,
                        -3.6901774406433105,
                        -3.570788860321045,
                        -3.9319474697113037,
                        -3.800276517868042,
                        -3.8889222145080566,
                        -4.073834419250488,
                        -4.117633819580078,
                        -4.012988567352295,
                        -3.9895591735839844,
                        -3.990490436553955,
                        -3.934417724609375,
                        -4.014616966247559,
                        -3.988187789916992,
                        -3.881904125213623
                    ]
                ]
            ],
            "states": [
                [
                    [
                        6630392.0,
                        1.589785097166896e-05,
                        0.0030998915899544954,
                        575874.875
                    ],
                    [
                        6756368.0,
                        1.5517740393988788e-05,
                        0.00046779168769717216,
                        548346.8125
                    ],
                    [
                        6252464.0,
                        1.5165252079896163e-05,
                        0.0003139808541163802,
                        592422.1875
                    ],
                    [
                        6275632.0,
                        1.4840703443042003e-05,
                        0.0002766261750366539,
                        580548.75
                    ],
                    [
                        5845576.0,
                        1.4539574294758495e-05,
                        0.00026207882910966873,
                        570513.0
                    ],
                    [
                        6198888.0,
                        1.4252340406528674e-05,
                        0.00027697221958078444,
                        604356.0
                    ],
                    [
                        4525000.0,
                        1.4005720004206523e-05,
                        0.00037561735371127725,
                        519198.90625
                    ],
                    [
                        4878312.0,
                        1.3796614439343102e-05,
                        0.000348972505889833,
                        533459.0
                    ],
                    [
                        4776952.0,
                        1.3588255569629837e-05,
                        0.000344088242854923,
                        588163.3125
                    ],
                    [
                        4878312.0,
                        1.3386117643676698e-05,
                        0.00030916635296307504,
                        571568.5625
                    ],
                    [
                        4407712.0,
                        1.3197249245422427e-05,
                        0.00029186115716584027,
                        549308.25
                    ],
                    [
                        4623464.0,
                        1.3018668141739909e-05,
                        0.00031188191496767104,
                        567697.8125
                    ],
                    [
                        5241760.0,
                        1.2829074876208324e-05,
                        0.0003927450452465564,
                        616835.375
                    ],
                    [
                        4287528.0,
                        1.2650972166738939e-05,
                        0.00034627493005245924,
                        586416.5625
                    ],
                    [
                        4679936.0,
                        1.248793432750972e-05,
                        0.00028098482289351523,
                        591184.1875
                    ],
                    [
                        4293320.0,
                        1.2328885532042477e-05,
                        0.0002829945588018745,
                        595186.25
                    ],
                    [
                        2884416.0,
                        1.2204491213196889e-05,
                        0.00027779326774179935,
                        581960.9375
                    ],
                    [
                        4042816.0,
                        1.2086934475519229e-05,
                        0.00029917724896222353,
                        651221.5
                    ],
                    [
                        4267256.0,
                        1.1948805877182167e-05,
                        0.00037997434264980257,
                        587955.875
                    ],
                    [
                        4659664.0,
                        1.1803908819274511e-05,
                        0.00029415389872156084,
                        593533.5625
                    ]
                ]
            ],
            "actions": [
                [
                    [
                        0.5
                    ],
                    [
                        0.5
                    ],
                    [
                        0.5
                    ],
                    [
                        0.5
                    ],
                    [
                        0.5
                    ],
                    [
                        0.5
                    ],
                    [
                        0.5
                    ],
                    [
                        0.5
                    ],
                    [
                        0.5
                    ],
                    [
                        0.5
                    ],
                    [
                        0.5
                    ],
                    [
                        0.5
                    ],
                    [
                        0.5
                    ],
                    [
                        0.5
                    ],
                    [
                        0.5
                    ],
                    [
                        0.5
                    ],
                    [
                        0.5
                    ],
                    [
                        0.5
                    ],
                    [
                        0.5
                    ],
                    [
                        0.5
                    ]
                ]
            ],
            "returns": [
                [
                    [
                        0.4322150647640228
                    ],
                    [
                        0.4312624931335449
                    ],
                    [
                        0.4303082525730133
                    ],
                    [
                        0.42936089634895325
                    ],
                    [
                        0.42841318249702454
                    ],
                    [
                        0.427471786737442
                    ],
                    [
                        0.42652517557144165
                    ],
                    [
                        0.42560648918151855
                    ],
                    [
                        0.4246810972690582
                    ],
                    [
                        0.4237576127052307
                    ],
                    [
                        0.4228322505950928
                    ],
                    [
                        0.42191585898399353
                    ],
                    [
                        0.4209952652454376
                    ],
                    [
                        0.4200635254383087
                    ],
                    [
                        0.41914960741996765
                    ],
                    [
                        0.4182279109954834
                    ],
                    [
                        0.4173138737678528
                    ],
                    [
                        0.4164350926876068
                    ],
                    [
                        0.4155263900756836
                    ],
                    [
                        0.41461288928985596
                    ]
                ]
            ],
            "timesteps": [
                [
                    160,
                    161,
                    162,
                    163,
                    164,
                    165,
                    166,
                    167,
                    168,
                    169,
                    170,
                    171,
                    172,
                    173,
                    174,
                    175,
                    176,
                    177,
                    178,
                    179
                ]
            ],
            "labels": [
                [
                    1,
                    1,
                    1,
                    1,
                    1,
                    1,
                    1,
                    1,
                    1,
                    1,
                    1,
                    1,
                    1,
                    1,
                    1,
                    1,
                    1,
                    1,
                    1,
                    1
                ]
            ],
            "CPU Usage": 45.0,
            "RAM Usage": 54.9,
            "GPU Usage": 0.0,
            "VRAM Usage": 355.0,
            "Disk Read Speed (MB/s)": 206670.2490234375,
            "Disk Write Speed (MB/s)": 444372.3681640625
        },
        {
            "step": 1,
            "train_loss": 0.00012882417649962008,
            "actions_pred1": [
                [
                    [
                        1.5415641069412231,
                        -0.8699464797973633,
                        5.212989807128906,
                        -5.63865852355957
                    ],
                    [
                        1.060051441192627,
                        -0.6515923738479614,
                        5.518859386444092,
                        -5.863992691040039
                    ],
                    [
                        0.9188413023948669,
                        -0.7267085909843445,
                        5.7789435386657715,
                        -5.670816421508789
                    ],
                    [
                        0.9034491777420044,
                        -0.9077960252761841,
                        6.81144380569458,
                        -6.005281925201416
                    ],
                    [
                        0.5136011242866516,
                        -0.9294432401657104,
                        7.476906776428223,
                        -6.043240547180176
                    ],
                    [
                        0.3542632460594177,
                        -1.019925832748413,
                        7.607799530029297,
                        -5.794719696044922
                    ],
                    [
                        0.16119447350502014,
                        -1.1795666217803955,
                        7.447990417480469,
                        -5.903548240661621
                    ],
                    [
                        0.4769850969314575,
                        -0.39829033613204956,
                        7.558869361877441,
                        -5.8734588623046875
                    ],
                    [
                        0.9105809926986694,
                        -0.01940569281578064,
                        7.23625373840332,
                        -5.811187744140625
                    ],
                    [
                        0.9983593821525574,
                        -0.29688262939453125,
                        7.449971675872803,
                        -5.971342086791992
                    ],
                    [
                        1.0560359954833984,
                        -0.0480460524559021,
                        7.656513214111328,
                        -6.085716724395752
                    ],
                    [
                        1.2307898998260498,
                        -0.25104066729545593,
                        7.445065975189209,
                        -6.145541191101074
                    ],
                    [
                        1.260994553565979,
                        -0.5441365242004395,
                        7.507175922393799,
                        -6.222829818725586
                    ],
                    [
                        1.3673900365829468,
                        -0.7552697658538818,
                        7.502526760101318,
                        -6.217238426208496
                    ],
                    [
                        1.3783172369003296,
                        -0.7538900375366211,
                        7.510748863220215,
                        -6.26646614074707
                    ],
                    [
                        1.1890922784805298,
                        -0.6276926398277283,
                        7.722951889038086,
                        -6.401382923126221
                    ],
                    [
                        1.2319601774215698,
                        -0.7128016352653503,
                        7.604822635650635,
                        -6.269937515258789
                    ],
                    [
                        1.1476500034332275,
                        -0.7956995964050293,
                        7.365474700927734,
                        -6.206123352050781
                    ],
                    [
                        0.8473525047302246,
                        -0.5995595455169678,
                        7.436452865600586,
                        -6.269219398498535
                    ],
                    [
                        0.8065889477729797,
                        -0.6928550601005554,
                        7.494152069091797,
                        -6.264247894287109
                    ]
                ]
            ],
            "actions_pred": [
                [
                    [
                        1.5415641069412231,
                        1.060051441192627,
                        0.9188413023948669,
                        0.9034491777420044,
                        0.5136011242866516,
                        0.3542632460594177,
                        0.16119447350502014,
                        0.4769850969314575,
                        0.9105809926986694,
                        0.9983593821525574,
                        1.0560359954833984,
                        1.2307898998260498,
                        1.260994553565979,
                        1.3673900365829468,
                        1.3783172369003296,
                        1.1890922784805298,
                        1.2319601774215698,
                        1.1476500034332275,
                        0.8473525047302246,
                        0.8065889477729797
                    ],
                    [
                        -0.8699464797973633,
                        -0.6515923738479614,
                        -0.7267085909843445,
                        -0.9077960252761841,
                        -0.9294432401657104,
                        -1.019925832748413,
                        -1.1795666217803955,
                        -0.39829033613204956,
                        -0.01940569281578064,
                        -0.29688262939453125,
                        -0.0480460524559021,
                        -0.25104066729545593,
                        -0.5441365242004395,
                        -0.7552697658538818,
                        -0.7538900375366211,
                        -0.6276926398277283,
                        -0.7128016352653503,
                        -0.7956995964050293,
                        -0.5995595455169678,
                        -0.6928550601005554
                    ],
                    [
                        5.212989807128906,
                        5.518859386444092,
                        5.7789435386657715,
                        6.81144380569458,
                        7.476906776428223,
                        7.607799530029297,
                        7.447990417480469,
                        7.558869361877441,
                        7.23625373840332,
                        7.449971675872803,
                        7.656513214111328,
                        7.445065975189209,
                        7.507175922393799,
                        7.502526760101318,
                        7.510748863220215,
                        7.722951889038086,
                        7.604822635650635,
                        7.365474700927734,
                        7.436452865600586,
                        7.494152069091797
                    ],
                    [
                        -5.63865852355957,
                        -5.863992691040039,
                        -5.670816421508789,
                        -6.005281925201416,
                        -6.043240547180176,
                        -5.794719696044922,
                        -5.903548240661621,
                        -5.8734588623046875,
                        -5.811187744140625,
                        -5.971342086791992,
                        -6.085716724395752,
                        -6.145541191101074,
                        -6.222829818725586,
                        -6.217238426208496,
                        -6.26646614074707,
                        -6.401382923126221,
                        -6.269937515258789,
                        -6.206123352050781,
                        -6.269219398498535,
                        -6.264247894287109
                    ]
                ]
            ],
            "states": [
                [
                    [
                        3105960.0,
                        0.00044856633758172393,
                        0.0002628508664201945,
                        907599.4375
                    ],
                    [
                        3777832.0,
                        0.00036993034882470965,
                        0.00026417680783197284,
                        946940.1875
                    ],
                    [
                        4115216.0,
                        0.00030784233240410686,
                        0.0002805523981805891,
                        868017.4375
                    ],
                    [
                        4368616.0,
                        0.0002607771893963218,
                        0.00026978878304362297,
                        839353.625
                    ],
                    [
                        5060760.0,
                        0.0002229743986390531,
                        0.00027627943200059235,
                        780951.6875
                    ],
                    [
                        5356152.0,
                        0.00019212921324651688,
                        0.00025924446526914835,
                        788666.125
                    ],
                    [
                        5373528.0,
                        0.00012254947796463966,
                        0.006524195894598961,
                        846197.875
                    ],
                    [
                        5111440.0,
                        0.00011254391574766487,
                        0.002146858023479581,
                        777919.5
                    ],
                    [
                        5496608.0,
                        0.00010397062578704208,
                        0.0023773028515279293,
                        803926.1875
                    ],
                    [
                        5341672.0,
                        9.645324462326244e-05,
                        0.0020079242531210184,
                        853121.5
                    ],
                    [
                        5344568.0,
                        9.003730519907549e-05,
                        0.0019139255164191127,
                        790495.3125
                    ],
                    [
                        5479232.0,
                        8.435636846115813e-05,
                        0.0013429223326966166,
                        807753.3125
                    ],
                    [
                        5356152.0,
                        7.934254972497001e-05,
                        0.0011628043139353395,
                        855534.6875
                    ],
                    [
                        5398144.0,
                        7.492363511119038e-05,
                        0.0009117702720686793,
                        841216.6875
                    ],
                    [
                        5729736.0,
                        7.084311073413119e-05,
                        0.000803604198154062,
                        821157.125
                    ],
                    [
                        5244656.0,
                        6.722798570990562e-05,
                        0.000699773314408958,
                        790182.875
                    ],
                    [
                        5503848.0,
                        6.403109728125855e-05,
                        0.0006680691731162369,
                        817074.375
                    ],
                    [
                        5367736.0,
                        6.109109381213784e-05,
                        0.0005246230284683406,
                        814748.3125
                    ],
                    [
                        5217144.0,
                        5.847758802701719e-05,
                        0.00046889804070815444,
                        836873.125
                    ],
                    [
                        5033248.0,
                        5.6151271564885974e-05,
                        0.00035997320082969964,
                        833663.1875
                    ]
                ]
            ],
            "actions": [
                [
                    [
                        0.75
                    ],
                    [
                        0.75
                    ],
                    [
                        0.75
                    ],
                    [
                        0.75
                    ],
                    [
                        0.75
                    ],
                    [
                        0.75
                    ],
                    [
                        0.75
                    ],
                    [
                        0.75
                    ],
                    [
                        0.75
                    ],
                    [
                        0.75
                    ],
                    [
                        0.75
                    ],
                    [
                        0.75
                    ],
                    [
                        0.75
                    ],
                    [
                        0.75
                    ],
                    [
                        0.75
                    ],
                    [
                        0.75
                    ],
                    [
                        0.75
                    ],
                    [
                        0.75
                    ],
                    [
                        0.75
                    ],
                    [
                        0.75
                    ]
                ]
            ],
            "returns": [
                [
                    [
                        0.37910521030426025
                    ],
                    [
                        0.378219872713089
                    ],
                    [
                        0.3773171603679657
                    ],
                    [
                        0.37640687823295593
                    ],
                    [
                        0.37549129128456116
                    ],
                    [
                        0.37456268072128296
                    ],
                    [
                        0.37362903356552124
                    ],
                    [
                        0.37269508838653564
                    ],
                    [
                        0.3717655837535858
                    ],
                    [
                        0.37082964181900024
                    ],
                    [
                        0.3698962330818176
                    ],
                    [
                        0.36896276473999023
                    ],
                    [
                        0.36802709102630615
                    ],
                    [
                        0.36709344387054443
                    ],
                    [
                        0.3661591112613678
                    ],
                    [
                        0.36521947383880615
                    ],
                    [
                        0.36428767442703247
                    ],
                    [
                        0.36335161328315735
                    ],
                    [
                        0.3624177873134613
                    ],
                    [
                        0.3614864647388458
                    ]
                ]
            ],
            "timesteps": [
                [
                    220,
                    221,
                    222,
                    223,
                    224,
                    225,
                    226,
                    227,
                    228,
                    229,
                    230,
                    231,
                    232,
                    233,
                    234,
                    235,
                    236,
                    237,
                    238,
                    239
                ]
            ],
            "labels": [
                [
                    2,
                    2,
                    2,
                    2,
                    2,
                    2,
                    2,
                    2,
                    2,
                    2,
                    2,
                    2,
                    2,
                    2,
                    2,
                    2,
                    2,
                    2,
                    2,
                    2
                ]
            ],
            "CPU Usage": 47.2,
            "RAM Usage": 55.1,
            "GPU Usage": 0.0,
            "VRAM Usage": 355.0,
            "Disk Read Speed (MB/s)": 206670.2490234375,
            "Disk Write Speed (MB/s)": 444372.5830078125
        },
        {
            "step": 2,
            "train_loss": 7.80642221798189e-05,
            "actions_pred1": [
                [
                    [
                        -0.1996656060218811,
                        4.4394025802612305,
                        -0.04232153296470642,
                        -4.451157569885254
                    ],
                    [
                        -0.5740626454353333,
                        5.707877159118652,
                        -0.2872024178504944,
                        -3.6410446166992188
                    ],
                    [
                        -0.40681469440460205,
                        6.224033355712891,
                        -0.8069681525230408,
                        -3.6607866287231445
                    ],
                    [
                        -0.11780616641044617,
                        6.457021713256836,
                        -1.4604800939559937,
                        -3.603489398956299
                    ],
                    [
                        -0.5315892696380615,
                        6.857789516448975,
                        -1.9370858669281006,
                        -4.367163181304932
                    ],
                    [
                        -0.40388643741607666,
                        6.925073623657227,
                        -1.9586477279663086,
                        -4.339118957519531
                    ],
                    [
                        -0.05987441539764404,
                        7.101711273193359,
                        -2.2412729263305664,
                        -4.124464988708496
                    ],
                    [
                        -0.13897746801376343,
                        6.832640171051025,
                        -2.359652042388916,
                        -4.0052266120910645
                    ],
                    [
                        0.09646052122116089,
                        6.787544250488281,
                        -2.357550621032715,
                        -4.352917194366455
                    ],
                    [
                        -0.2191750854253769,
                        6.735020160675049,
                        -2.0704917907714844,
                        -4.347447395324707
                    ],
                    [
                        0.0674828588962555,
                        6.964881420135498,
                        -1.8864901065826416,
                        -4.503889560699463
                    ],
                    [
                        0.2250889390707016,
                        7.082560062408447,
                        -1.8304338455200195,
                        -4.423627853393555
                    ],
                    [
                        0.36673295497894287,
                        7.4325408935546875,
                        -2.003432273864746,
                        -4.401120185852051
                    ],
                    [
                        0.4203699827194214,
                        7.344001293182373,
                        -2.1272873878479004,
                        -4.385498046875
                    ],
                    [
                        0.3612636923789978,
                        7.388390064239502,
                        -2.080695152282715,
                        -4.365291118621826
                    ],
                    [
                        0.4535198211669922,
                        7.126063346862793,
                        -1.9945628643035889,
                        -4.728408336639404
                    ],
                    [
                        0.581565797328949,
                        6.941604137420654,
                        -1.775406837463379,
                        -4.749908447265625
                    ],
                    [
                        0.5094478726387024,
                        6.921785354614258,
                        -1.8095591068267822,
                        -4.789173126220703
                    ],
                    [
                        0.6193406581878662,
                        7.003428936004639,
                        -1.8307397365570068,
                        -4.372044563293457
                    ],
                    [
                        1.1088662147521973,
                        7.239584445953369,
                        -1.8317147493362427,
                        -4.834049701690674
                    ]
                ]
            ],
            "actions_pred": [
                [
                    [
                        -0.1996656060218811,
                        -0.5740626454353333,
                        -0.40681469440460205,
                        -0.11780616641044617,
                        -0.5315892696380615,
                        -0.40388643741607666,
                        -0.05987441539764404,
                        -0.13897746801376343,
                        0.09646052122116089,
                        -0.2191750854253769,
                        0.0674828588962555,
                        0.2250889390707016,
