{
    "steps": [
        {
            "step": 0,
            "train_loss": 0.0001043297816067934,
            "actions_pred1": [
                [
                    [
                        0.04888099431991577,
                        4.320610046386719,
                        -0.16242635250091553,
                        -4.488305568695068
                    ],
                    [
                        -0.3133608102798462,
                        5.5646443367004395,
                        -0.43759506940841675,
                        -3.673430919647217
                    ],
                    [
                        -0.14165788888931274,
                        6.086081504821777,
                        -0.9712581038475037,
                        -3.6954457759857178
                    ],
                    [
                        0.14690211415290833,
                        6.320388317108154,
                        -1.634055495262146,
                        -3.6525044441223145
                    ],
                    [
                        -0.25520578026771545,
                        6.726034164428711,
                        -2.122042417526245,
                        -4.4347758293151855
                    ],
                    [
                        -0.10643231868743896,
                        6.79184103012085,
                        -2.1595699787139893,
                        -4.41243314743042
                    ],
                    [
                        0.26173871755599976,
                        6.975798606872559,
                        -2.445026397705078,
                        -4.197271347045898
                    ],
                    [
                        0.20786002278327942,
                        6.704623222351074,
                        -2.5594353675842285,
                        -4.069149017333984
                    ],
                    [
                        0.4505581557750702,
                        6.666019916534424,
                        -2.5606722831726074,
                        -4.426706314086914
                    ],
                    [
                        0.1468268632888794,
                        6.627530574798584,
                        -2.2812511920928955,
                        -4.433723449707031
                    ],
                    [
                        0.44091033935546875,
                        6.850050926208496,
                        -2.1115031242370605,
                        -4.601894855499268
                    ],
                    [
                        0.5903692245483398,
                        6.990275859832764,
                        -2.059213399887085,
                        -4.50947380065918
                    ],
                    [
                        0.7182813882827759,
                        7.338037490844727,
                        -2.249788284301758,
                        -4.489203453063965
                    ],
                    [
                        0.7831743359565735,
                        7.244625091552734,
                        -2.3785793781280518,
                        -4.482078552246094
                    ],
                    [
                        0.7310009002685547,
                        7.295125961303711,
                        -2.3443105220794678,
                        -4.469817161560059
                    ],
                    [
                        0.8200898170471191,
                        7.037938594818115,
                        -2.2688722610473633,
                        -4.821825981140137
                    ],
                    [
                        0.9520359039306641,
                        6.855958938598633,
                        -2.0512301921844482,
                        -4.848320960998535
                    ],
                    [
                        0.8786671161651611,
                        6.839140892028809,
                        -2.0938498973846436,
                        -4.88737678527832
                    ],
                    [
                        0.9838109612464905,
                        6.91888427734375,
                        -2.119239568710327,
                        -4.471864700317383
                    ],
                    [
                        1.4674122333526611,
                        7.161367416381836,
                        -2.1294610500335693,
                        -4.930375099182129
                    ]
                ]
            ],
            "actions_pred": [
                [
                    [
                        0.04888099431991577,
                        -0.3133608102798462,
                        -0.14165788888931274,
                        0.14690211415290833,
                        -0.25520578026771545,
                        -0.10643231868743896,
                        0.26173871755599976,
                        0.20786002278327942,
                        0.4505581557750702,
                        0.1468268632888794,
                        0.44091033935546875,
                        0.5903692245483398,
                        0.7182813882827759,
                        0.7831743359565735,
                        0.7310009002685547,
                        0.8200898170471191,
                        0.9520359039306641,
                        0.8786671161651611,
                        0.9838109612464905,
                        1.4674122333526611
                    ],
                    [
                        4.320610046386719,
                        5.5646443367004395,
                        6.086081504821777,
                        6.320388317108154,
                        6.726034164428711,
                        6.79184103012085,
                        6.975798606872559,
                        6.704623222351074,
                        6.666019916534424,
                        6.627530574798584,
                        6.850050926208496,
                        6.990275859832764,
                        7.338037490844727,
                        7.244625091552734,
                        7.295125961303711,
                        7.037938594818115,
                        6.855958938598633,
                        6.839140892028809,
                        6.91888427734375,
                        7.161367416381836
                    ],
                    [
                        -0.16242635250091553,
                        -0.43759506940841675,
                        -0.9712581038475037,
                        -1.634055495262146,
                        -2.122042417526245,
                        -2.1595699787139893,
                        -2.445026397705078,
                        -2.5594353675842285,
                        -2.5606722831726074,
                        -2.2812511920928955,
                        -2.1115031242370605,
                        -2.059213399887085,
                        -2.249788284301758,
                        -2.3785793781280518,
                        -2.3443105220794678,
                        -2.2688722610473633,
                        -2.0512301921844482,
                        -2.0938498973846436,
                        -2.119239568710327,
                        -2.1294610500335693
                    ],
                    [
                        -4.488305568695068,
                        -3.673430919647217,
                        -3.6954457759857178,
                        -3.6525044441223145,
                        -4.4347758293151855,
                        -4.41243314743042,
                        -4.197271347045898,
                        -4.069149017333984,
                        -4.426706314086914,
                        -4.433723449707031,
                        -4.601894855499268,
                        -4.50947380065918,
                        -4.489203453063965,
                        -4.482078552246094,
                        -4.469817161560059,
                        -4.821825981140137,
                        -4.848320960998535,
                        -4.88737678527832,
                        -4.471864700317383,
                        -4.930375099182129
                    ]
                ]
            ],
            "states": [
                [
                    [
                        5603760.0,
                        1.8195280063082464e-05,
                        0.00019109471759293228,
                        502731.65625
                    ],
                    [
                        5502400.0,
                        1.778137630026322e-05,
                        0.00025023153284564614,
                        515799.5
                    ],
                    [
                        3495337.0,
                        2.0890449377475306e-05,
                        0.000305382302030921,
                        476338.21875
                    ],
                    [
                        1255416.0,
                        5.187569695408456e-05,
                        0.00029567780438810587,
                        761957.25
                    ],
                    [
                        2240056.0,
                        5.151751611265354e-05,
                        0.00033060877467505634,
                        603144.3125
                    ],
                    [
                        3857472.0,
                        4.8557489208178595e-05,
                        0.0031183171086013317,
                        533986.8125
                    ],
                    [
                        4274496.0,
                        4.78329966426827e-05,
                        0.0025027666706591845,
                        540291.25
                    ],
                    [
                        4416400.0,
                        4.7082099627004936e-05,
                        0.0014389286516234279,
                        565093.875
                    ],
                    [
                        8094320.0,
                        4.604376954375766e-05,
                        0.0007658242247998714,
                        548988.375
                    ],
                    [
                        6445048.0,
                        4.488962440518662e-05,
                        0.00038344759377650917,
                        548654.4375
                    ],
                    [
                        5370632.0,
                        4.3993775761919096e-05,
                        0.00022289676417130977,
                        576383.875
                    ],
                    [
                        4669800.0,
                        4.3260322854621336e-05,
                        0.00016156068886630237,
                        587927.8125
                    ],
                    [
                        5024560.0,
                        4.257538603269495e-05,
                        0.0001406134688295424,
                        551057.8125
                    ],
                    [
                        5088272.0,
                        4.1883507947204635e-05,
                        0.00015407148748636246,
                        546541.25
                    ],
                    [
                        5479232.0,
                        4.118427023058757e-05,
                        0.00013193934864830226,
                        600107.125
                    ],
                    [
                        4853696.0,
                        4.0522416384192184e-05,
                        0.000135277965455316,
                        557284.125
                    ],
                    [
                        4022544.0,
                        3.997057501692325e-05,
                        0.0001415384467691183,
                        635772.1875
                    ],
                    [
                        3612760.0,
                        3.950786776840687e-05,
                        0.0001762084721121937,
                        576885.25
                    ],
                    [
                        3773488.0,
                        3.907046266249381e-05,
                        0.000310274597723037,
                        547162.9375
                    ],
                    [
                        4445360.0,
                        3.8595113437622786e-05,
                        0.00025462565827183425,
                        623805.0
                    ]
                ]
            ],
            "actions": [
                [
                    [
                        0.5
                    ],
                    [
                        0.5
                    ],
                    [
                        0.5
                    ],
                    [
                        0.5
                    ],
                    [
                        0.5
                    ],
                    [
                        0.5
                    ],
                    [
                        0.5
                    ],
                    [
                        0.5
                    ],
                    [
                        0.5
                    ],
                    [
                        0.5
                    ],
                    [
                        0.5
                    ],
                    [
                        0.5
                    ],
                    [
                        0.5
                    ],
                    [
                        0.5
                    ],
                    [
                        0.5
                    ],
                    [
                        0.5
                    ],
                    [
                        0.5
                    ],
                    [
                        0.5
                    ],
                    [
                        0.5
                    ],
                    [
                        0.5
                    ]
                ]
            ],
            "returns": [
                [
                    [
                        0.1523428112268448
                    ],
                    [
                        0.15140515565872192
                    ],
                    [
                        0.150469109416008
                    ],
                    [
                        0.14957329630851746
                    ],
                    [
                        0.14876827597618103
                    ],
                    [
                        0.1479119062423706
                    ],
                    [
                        0.14700736105442047
                    ],
                    [
                        0.1460937112569809
                    ],
                    [
                        0.14517715573310852
                    ],
                    [
                        0.14420689642429352
                    ],
                    [
                        0.14325684309005737
                    ],
                    [
                        0.14232294261455536
                    ],
                    [
                        0.14140145480632782
                    ],
                    [
                        0.14047347009181976
                    ],
                    [
                        0.13954436779022217
                    ],
                    [
                        0.13860870897769928
                    ],
                    [
                        0.13768377900123596
                    ],
                    [
                        0.13677552342414856
                    ],
                    [
                        0.13587677478790283
                    ],
                    [
                        0.1349741816520691
                    ]
                ]
            ],
            "timesteps": [
                [
                    460,
                    461,
                    462,
                    463,
                    464,
                    465,
                    466,
                    467,
                    468,
                    469,
                    470,
                    471,
                    472,
                    473,
                    474,
                    475,
                    476,
                    477,
                    478,
                    479
                ]
            ],
            "labels": [
                [
                    1,
                    1,
                    1,
                    1,
                    1,
                    1,
                    1,
                    1,
                    1,
                    1,
                    1,
                    1,
                    1,
                    1,
                    1,
                    1,
                    1,
                    1,
                    1,
                    1
                ]
            ],
            "CPU Usage": 45.5,
            "RAM Usage": 55.0,
            "GPU Usage": 0.0,
            "VRAM Usage": 355.0,
            "Disk Read Speed (MB/s)": 206670.2490234375,
            "Disk Write Speed (MB/s)": 443512.4462890625
        },
        {
            "step": 1,
            "train_loss": 0.000585828151088208,
            "actions_pred1": [
                [
                    [
                        4.421858787536621,
                        0.6232278943061829,
                        1.0766777992248535,
                        -7.090489864349365
                    ],
                    [
                        4.242574214935303,
                        0.5641875267028809,
                        1.4398932456970215,
                        -6.493628025054932
                    ],
                    [
                        4.317282676696777,
                        0.29114168882369995,
                        -0.0860644280910492,
                        -5.9725213050842285
                    ],
                    [
                        4.684267044067383,
                        0.6466206312179565,
                        -0.9386524558067322,
                        -6.099269866943359
                    ],
                    [
                        4.835360527038574,
                        0.5348027348518372,
                        -0.8963834047317505,
                        -6.237861633300781
                    ],
                    [
                        4.793618202209473,
                        0.3567671477794647,
                        -1.071672797203064,
                        -6.566512107849121
                    ],
                    [
                        4.838254451751709,
                        0.27939000725746155,
                        -1.126753568649292,
                        -6.572097301483154
                    ],
                    [
                        4.787261009216309,
                        0.02227860689163208,
                        -1.062241792678833,
                        -6.773141860961914
                    ],
                    [
                        4.978325843811035,
                        -0.026123762130737305,
                        -0.9415302276611328,
                        -6.894314765930176
                    ],
                    [
                        5.191866874694824,
                        0.06218257546424866,
                        -1.1623213291168213,
                        -6.999385833740234
                    ],
                    [
                        5.270529747009277,
                        0.19872534275054932,
                        -1.2653146982192993,
                        -6.826411724090576
                    ],
                    [
                        5.018796920776367,
                        0.06868147850036621,
                        -1.015648365020752,
                        -7.346305847167969
                    ],
                    [
                        4.869078636169434,
                        0.17823833227157593,
                        -1.1023398637771606,
                        -7.201907157897949
                    ],
                    [
                        5.032122611999512,
                        0.293084979057312,
                        -1.0298770666122437,
                        -7.200458526611328
                    ],
                    [
                        5.119480609893799,
                        0.4993892312049866,
                        -0.6134587526321411,
                        -6.938803195953369
                    ],
                    [
                        5.176992416381836,
                        0.6456725597381592,
                        -0.7783739566802979,
                        -6.8315935134887695
                    ],
                    [
                        5.202106475830078,
                        0.45707663893699646,
                        -0.9097110033035278,
                        -6.995210647583008
                    ],
                    [
                        5.26978063583374,
                        0.496555358171463,
                        -0.9740771651268005,
                        -7.140722274780273
                    ],
                    [
                        5.182614326477051,
                        0.5813131928443909,
                        -0.7917031049728394,
                        -7.091615676879883
                    ],
                    [
                        5.159575939178467,
                        0.6088254451751709,
                        -0.6996409893035889,
                        -7.189750671386719
                    ]
                ]
            ],
            "actions_pred": [
                [
                    [
                        4.421858787536621,
                        4.242574214935303,
                        4.317282676696777,
                        4.684267044067383,
                        4.835360527038574,
                        4.793618202209473,
                        4.838254451751709,
                        4.787261009216309,
                        4.978325843811035,
                        5.191866874694824,
                        5.270529747009277,
                        5.018796920776367,
                        4.869078636169434,
                        5.032122611999512,
                        5.119480609893799,
                        5.176992416381836,
                        5.202106475830078,
                        5.26978063583374,
                        5.182614326477051,
                        5.159575939178467
                    ],
                    [
                        0.6232278943061829,
                        0.5641875267028809,
                        0.29114168882369995,
                        0.6466206312179565,
                        0.5348027348518372,
                        0.3567671477794647,
                        0.27939000725746155,
                        0.02227860689163208,
                        -0.026123762130737305,
                        0.06218257546424866,
                        0.19872534275054932,
                        0.06868147850036621,
                        0.17823833227157593,
                        0.293084979057312,
                        0.4993892312049866,
                        0.6456725597381592,
                        0.45707663893699646,
                        0.496555358171463,
                        0.5813131928443909,
                        0.6088254451751709
                    ],
                    [
                        1.0766777992248535,
                        1.4398932456970215,
                        -0.0860644280910492,
                        -0.9386524558067322,
                        -0.8963834047317505,
                        -1.071672797203064,
                        -1.126753568649292,
                        -1.062241792678833,
                        -0.9415302276611328,
                        -1.1623213291168213,
                        -1.2653146982192993,
                        -1.015648365020752,
                        -1.1023398637771606,
                        -1.0298770666122437,
                        -0.6134587526321411,
                        -0.7783739566802979,
                        -0.9097110033035278,
                        -0.9740771651268005,
                        -0.7917031049728394,
                        -0.6996409893035889
                    ],
                    [
                        -7.090489864349365,
                        -6.493628025054932,
                        -5.9725213050842285,
                        -6.099269866943359,
                        -6.237861633300781,
                        -6.566512107849121,
                        -6.572097301483154,
                        -6.773141860961914,
                        -6.894314765930176,
                        -6.999385833740234,
                        -6.826411724090576,
                        -7.346305847167969,
                        -7.201907157897949,
                        -7.200458526611328,
                        -6.938803195953369,
                        -6.8315935134887695,
                        -6.995210647583008,
                        -7.140722274780273,
                        -7.091615676879883,
                        -7.189750671386719
                    ]
                ]
            ],
            "states": [
                [
                    [
                        5346016.0,
                        3.834013477899134e-05,
                        0.0014523763675242662,
                        508420.875
                    ],
                    [
                        5408280.0,
                        3.6602417821995914e-05,
                        0.0012122188927605748,
                        493151.53125
                    ],
                    [
                        5290992.0,
                        3.502258914522827e-05,
                        0.0010567386634647846,
                        527754.375
                    ],
                    [
                        4871072.0,
                        3.364306758157909e-05,
                        0.0010331012308597565,
                        499436.125
                    ],
                    [
                        5112888.0,
                        3.239049328840338e-05,
                        0.0008577806875109673,
                        510007.28125
                    ],
                    [
                        5560320.0,
                        3.1150953873293474e-05,
                        0.009355437941849232,
                        487248.6875
                    ],
                    [
                        5574800.0,
                        1.764485568855889e-05,
                        0.005326922982931137,
                        503265.46875
                    ],
                    [
                        5363392.0,
                        1.8441511201672256e-05,
                        0.00705355079844594,
                        500775.59375
                    ],
                    [
                        5134608.0,
                        2.999954449478537e-05,
                        0.003215600736439228,
                        494512.125
                    ],
                    [
                        5509640.0,
                        1.6405823771492578e-05,
                        0.005743528250604868,
                        466303.4375
                    ],
                    [
                        5509640.0,
                        1.6405823771492578e-05,
                        0.005743528250604868,
                        466303.4375
                    ],
                    [
                        5069448.0,
                        2.8978191039641388e-05,
                        0.0006789364852011204,
                        506032.28125
                    ],
                    [
                        5574800.0,
                        1.764485568855889e-05,
                        0.005326922982931137,
                        503265.46875
                    ],
                    [
                        1811448.0,
                        2.832559766829945e-05,
                        0.006547329016029835,
                        511753.5625
                    ],
                    [
                        5228728.0,
                        2.7692145522451028e-05,
                        0.00019177634385414422,
                        489897.5625
                    ],
                    [
                        5105648.0,
                        2.680875695659779e-05,
                        0.0001491233124397695,
                        484135.40625
                    ],
                    [
                        5137504.0,
                        2.59872085734969e-05,
                        0.0002625611668918282,
                        463221.75
                    ],
                    [
                        5053520.0,
                        2.521825081203133e-05,
                        0.0004885925445705652,
                        468607.3125
                    ],
                    [
                        4761024.0,
                        2.4519293219782412e-05,
                        0.0010367168579250574,
                        491127.34375
                    ],
                    [
                        4991256.0,
                        2.386243431828916e-05,
                        0.0028569940477609634,
                        492679.28125
                    ]
                ]
            ],
            "actions": [
                [
                    [
                        0.25
                    ],
                    [
                        0.25
                    ],
                    [
                        0.25
                    ],
                    [
                        0.25
                    ],
                    [
                        0.25
                    ],
                    [
                        0.25
                    ],
                    [
                        0.25
                    ],
                    [
                        0.25
                    ],
                    [
                        0.25
                    ],
                    [
                        0.25
                    ],
                    [
                        0.25
                    ],
                    [
                        0.25
                    ],
                    [
                        0.25
                    ],
                    [
                        0.25
                    ],
                    [
                        0.25
                    ],
                    [
                        0.25
                    ],
                    [
                        0.25
                    ],
                    [
                        0.25
                    ],
                    [
                        0.25
                    ],
                    [
                        0.25
                    ]
                ]
            ],
            "returns": [
                [
                    [
                        0.03608226776123047
                    ],
                    [
                        0.03514878451824188
                    ],
                    [
                        0.03421427682042122
                    ],
                    [
                        0.033281709998846054
                    ],
                    [
                        0.03235647454857826
                    ],
                    [
                        0.031426943838596344
                    ],
                    [
                        0.030489977449178696
                    ],
                    [
                        0.029552778229117393
                    ],
                    [
                        0.028619008138775826
                    ],
                    [
                        0.027689101174473763
                    ],
                    [
                        0.02675294503569603
                    ],
                    [
                        0.025816788896918297
                    ],
                    [
                        0.024888014420866966
                    ],
                    [
                        0.023950817063450813
                    ],
                    [
                        0.023113280534744263
                    ],
                    [
                        0.022181764245033264
                    ],
                    [
                        0.021252360194921494
                    ],
                    [
                        0.02032240480184555
                    ],
                    [
                        0.019393909722566605
                    ],
                    [
                        0.018470700830221176
                    ]
                ]
            ],
            "timesteps": [
                [
                    600,
                    601,
                    602,
                    603,
                    604,
                    605,
                    606,
                    607,
                    608,
                    609,
                    610,
                    611,
                    612,
                    613,
                    614,
                    615,
                    616,
                    617,
                    618,
                    619
                ]
            ],
            "labels": [
                [
                    0,
                    0,
                    0,
                    0,
                    0,
                    0,
                    0,
                    0,
                    0,
                    0,
                    0,
                    0,
                    0,
                    0,
                    0,
                    0,
                    0,
                    0,
                    0,
                    0
                ]
            ],
            "CPU Usage": 46.8,
            "RAM Usage": 55.1,
            "GPU Usage": 0.0,
            "VRAM Usage": 355.0,
            "Disk Read Speed (MB/s)": 206670.2490234375,
            "Disk Write Speed (MB/s)": 443512.6064453125
        },
        {
            "step": 2,
            "train_loss": 0.0002639871963765472,
            "actions_pred1": [
                [
                    [
                        4.903998374938965,
                        1.5386626720428467,
                        1.2934682369232178,
                        -4.919503688812256
                    ],
                    [
                        5.087547302246094,
                        1.135424256324768,
                        0.7181388735771179,
                        -4.57679557800293
                    ],
                    [
                        5.549712181091309,
                        1.4252550601959229,
                        0.010623574256896973,
                        -4.02656364440918
                    ],
                    [
                        5.7930521965026855,
                        1.1558027267456055,
                        -0.1130184531211853,
                        -4.355843544006348
                    ],
                    [
                        6.272761821746826,
                        0.7411180734634399,
                        -0.13909614086151123,
                        -5.120882034301758
                    ],
                    [
                        6.4588775634765625,
                        0.3734527826309204,
                        -0.0622636079788208,
                        -5.087427139282227
                    ],
                    [
                        6.673986434936523,
                        0.15983253717422485,
                        -0.16796711087226868,
                        -5.460175514221191
                    ],
                    [
                        6.706610679626465,
                        0.32447195053100586,
                        -0.012231290340423584,
                        -5.82836389541626
                    ],
                    [
                        7.147111892700195,
                        0.2953386902809143,
                        0.2016296684741974,
                        -6.179309368133545
                    ],
                    [
                        7.032432556152344,
                        0.6324275135993958,
                        0.07742246985435486,
                        -6.218841075897217
                    ],
                    [
                        6.9146833419799805,
                        0.5297844409942627,
                        -0.20745179057121277,
                        -6.432748794555664
                    ],
                    [
                        6.88931941986084,
                        0.13830678164958954,
                        -0.1429685354232788,
                        -6.0485334396362305
                    ],
                    [
                        6.881094932556152,
                        0.3464995324611664,
                        0.11289304494857788,
                        -5.9482316970825195
                    ],
                    [
                        6.887816429138184,
                        0.3022805154323578,
                        0.06963616609573364,
                        -5.7843146324157715
                    ],
                    [
                        6.881796836853027,
                        0.28592732548713684,
                        -0.12426018714904785,
                        -5.8353071212768555
                    ],
                    [
                        6.722939968109131,
                        -0.03565219044685364,
                        -0.10171109437942505,
                        -5.983405113220215
                    ],
                    [
                        6.519113540649414,
                        -0.1109304204583168,
                        0.16277152299880981,
                        -6.364545822143555
                    ],
                    [
                        6.577145576477051,
                        0.12216073274612427,
                        -0.10520058870315552,
                        -6.167731761932373
                    ],
                    [
                        6.759541034698486,
                        0.33065563440322876,
                        0.021020233631134033,
                        -6.1904706954956055
                    ],
                    [
                        6.741539478302002,
                        0.6356468200683594,
                        -0.2912888526916504,
                        -6.634629249572754
                    ]
                ]
            ],
            "actions_pred": [
                [
                    [
                        4.903998374938965,
                        5.087547302246094,
                        5.549712181091309,
                        5.7930521965026855,
                        6.272761821746826,
                        6.4588775634765625,
                        6.673986434936523,
                        6.706610679626465,
                        7.147111892700195,
                        7.032432556152344,
                        6.9146833419799805,
                        6.88931941986084,
