{
    "steps": [
        {
            "step": 0,
            "train_loss": 0.021668441593647003,
            "actions_pred1": [
                [
                    [
                        0.2997020483016968,
                        0.935893177986145,
                        1.1047013998031616,
                        -1.5845117568969727
                    ],
                    [
                        0.2038520872592926,
                        1.0959190130233765,
                        1.160709023475647,
                        -1.461495280265808
                    ],
                    [
                        0.27915799617767334,
                        1.0591357946395874,
                        1.1467247009277344,
                        -1.5792748928070068
                    ],
                    [
                        0.2529657483100891,
                        0.9863523244857788,
                        1.0445058345794678,
                        -1.6248255968093872
                    ],
                    [
                        0.02554766833782196,
                        1.1902424097061157,
                        1.276221513748169,
                        -1.7490098476409912
                    ],
                    [
                        -0.06389643996953964,
                        0.9788541197776794,
                        1.3445404767990112,
                        -1.6606972217559814
                    ],
                    [
                        0.18418067693710327,
                        1.0399284362792969,
                        1.3958730697631836,
                        -1.5218747854232788
                    ],
                    [
                        0.48596709966659546,
                        0.8811808228492737,
                        1.493943691253662,
                        -1.775185465812683
                    ],
                    [
                        0.26574236154556274,
                        1.0160528421401978,
                        1.6731637716293335,
                        -1.8358365297317505
                    ],
                    [
                        0.1575356125831604,
                        1.03549325466156,
                        1.6234478950500488,
                        -1.7508900165557861
                    ],
                    [
                        0.24556660652160645,
                        0.9093223214149475,
                        1.4605727195739746,
                        -1.7578742504119873
                    ],
                    [
                        0.29698121547698975,
                        0.9808152914047241,
                        1.511765956878662,
                        -1.6492100954055786
                    ],
                    [
                        0.273722767829895,
                        0.9330291748046875,
                        1.467726707458496,
                        -1.7103874683380127
                    ],
                    [
                        0.2473663091659546,
                        0.7636754512786865,
                        1.4629143476486206,
                        -1.7476383447647095
                    ],
                    [
                        0.19185344874858856,
                        0.8161222338676453,
                        1.4069547653198242,
                        -1.6831610202789307
                    ],
                    [
                        0.11771803349256516,
                        0.8320529460906982,
                        1.384049654006958,
                        -1.5172629356384277
                    ],
                    [
                        0.17859351634979248,
                        0.904871940612793,
                        1.4350543022155762,
                        -1.4990332126617432
                    ],
                    [
                        0.20716696977615356,
                        0.8986508250236511,
                        1.5041356086730957,
                        -1.4400608539581299
                    ],
                    [
                        0.2699650526046753,
                        0.937558650970459,
                        1.7138739824295044,
                        -1.5547678470611572
                    ],
                    [
                        0.2546321153640747,
                        0.929691731929779,
                        1.5836464166641235,
                        -1.6480982303619385
                    ]
                ]
            ],
            "actions_pred": [
                [
                    [
                        0.2997020483016968,
                        0.2038520872592926,
                        0.27915799617767334,
                        0.2529657483100891,
                        0.02554766833782196,
                        -0.06389643996953964,
                        0.18418067693710327,
                        0.48596709966659546,
                        0.26574236154556274,
                        0.1575356125831604,
                        0.24556660652160645,
                        0.29698121547698975,
                        0.273722767829895,
                        0.2473663091659546,
                        0.19185344874858856,
                        0.11771803349256516,
                        0.17859351634979248,
                        0.20716696977615356,
                        0.2699650526046753,
                        0.2546321153640747
                    ],
                    [
                        0.935893177986145,
                        1.0959190130233765,
                        1.0591357946395874,
                        0.9863523244857788,
                        1.1902424097061157,
                        0.9788541197776794,
                        1.0399284362792969,
                        0.8811808228492737,
                        1.0160528421401978,
                        1.03549325466156,
                        0.9093223214149475,
                        0.9808152914047241,
                        0.9330291748046875,
                        0.7636754512786865,
                        0.8161222338676453,
                        0.8320529460906982,
                        0.904871940612793,
                        0.8986508250236511,
                        0.937558650970459,
                        0.929691731929779
                    ],
                    [
                        1.1047013998031616,
                        1.160709023475647,
                        1.1467247009277344,
                        1.0445058345794678,
                        1.276221513748169,
                        1.3445404767990112,
                        1.3958730697631836,
                        1.493943691253662,
                        1.6731637716293335,
                        1.6234478950500488,
                        1.4605727195739746,
                        1.511765956878662,
                        1.467726707458496,
                        1.4629143476486206,
                        1.4069547653198242,
                        1.384049654006958,
                        1.4350543022155762,
                        1.5041356086730957,
                        1.7138739824295044,
                        1.5836464166641235
                    ],
                    [
                        -1.5845117568969727,
                        -1.461495280265808,
                        -1.5792748928070068,
                        -1.6248255968093872,
                        -1.7490098476409912,
                        -1.6606972217559814,
                        -1.5218747854232788,
                        -1.775185465812683,
                        -1.8358365297317505,
                        -1.7508900165557861,
                        -1.7578742504119873,
                        -1.6492100954055786,
                        -1.7103874683380127,
                        -1.7476383447647095,
                        -1.6831610202789307,
                        -1.5172629356384277,
                        -1.4990332126617432,
                        -1.4400608539581299,
                        -1.5547678470611572,
                        -1.6480982303619385
                    ]
                ]
            ],
            "states": [
                [
                    [
                        5325744.0,
                        3.011092121596448e-05,
                        0.00027277067420072854,
                        851925.625
                    ],
                    [
                        5357600.0,
                        2.9456161428242922e-05,
                        0.00027305487310513854,
                        832487.0625
                    ],
                    [
                        5618240.0,
                        2.881258842535317e-05,
                        0.0002689558023121208,
                        866650.0
                    ],
                    [
                        5764488.0,
                        2.8174086764920503e-05,
                        0.0002797737834043801,
                        885137.0
                    ],
                    [
                        5370632.0,
                        2.7576063075684942e-05,
                        0.00025503398501314223,
                        827897.4375
                    ],
                    [
                        5432896.0,
                        2.7019848857889883e-05,
                        0.00027816780493594706,
                        880666.4375
                    ],
                    [
                        5364840.0,
                        2.6485795387998223e-05,
                        0.00026209698989987373,
                        834819.0
                    ],
                    [
                        5233072.0,
                        2.598174069134984e-05,
                        0.0002851165772881359,
                        880287.1875
                    ],
                    [
                        5114336.0,
                        2.5507837563054636e-05,
                        0.000267517170868814,
                        884475.5
                    ],
                    [
                        5458960.0,
                        2.504124859115109e-05,
                        0.00027258697082288563,
                        833080.1875
                    ],
                    [
                        5170808.0,
                        2.4588902306277305e-05,
                        0.00027191461413167417,
                        830618.8125
                    ],
                    [
                        5131712.0,
                        2.416586175968405e-05,
                        0.00027577357832342386,
                        795031.0
                    ],
                    [
                        5137504.0,
                        2.3758442694088444e-05,
                        0.00027702987426891923,
                        830415.5625
                    ],
                    [
                        5460408.0,
                        2.3352160496870056e-05,
                        0.0002779100905172527,
                        812805.0
                    ],
                    [
                        5332984.0,
                        2.2952330255066045e-05,
                        0.00026160795823670924,
                        784998.0
                    ],
                    [
                        5464752.0,
                        2.256591324112378e-05,
                        0.0002753763983491808,
                        843504.25
                    ],
                    [
                        5461856.0,
                        2.2187881768331863e-05,
                        0.0002731475979089737,
                        901654.0625
                    ],
                    [
                        5571904.0,
                        2.181875788664911e-05,
                        0.0002628508664201945,
                        880942.125
                    ],
                    [
                        5370632.0,
                        2.146460974472575e-05,
                        0.00026417680783197284,
                        856475.0625
                    ],
                    [
                        5508192.0,
                        2.1123838450876065e-05,
                        0.0002805523981805891,
                        865747.5
                    ]
                ]
            ],
            "actions": [
                [
                    [
                        0.75
                    ],
                    [
                        0.75
                    ],
                    [
                        0.75
                    ],
                    [
                        0.75
                    ],
                    [
                        0.75
                    ],
                    [
                        0.75
                    ],
                    [
                        0.75
                    ],
                    [
                        0.75
                    ],
                    [
                        0.75
                    ],
                    [
                        0.75
                    ],
                    [
                        0.75
                    ],
                    [
                        0.75
                    ],
                    [
                        0.75
                    ],
                    [
                        0.75
                    ],
                    [
                        0.75
                    ],
                    [
                        0.75
                    ],
                    [
                        0.75
                    ],
                    [
                        0.75
                    ],
                    [
                        0.75
                    ],
                    [
                        0.75
                    ]
                ]
            ],
            "returns": [
                [
                    [
                        0.34190085530281067
                    ],
                    [
                        0.34096771478652954
                    ],
                    [
                        0.34003403782844543
                    ],
                    [
                        0.3390961289405823
                    ],
                    [
                        0.33815598487854004
                    ],
                    [
                        0.33722206950187683
                    ],
                    [
                        0.33628717064857483
                    ],
                    [
                        0.33535337448120117
                    ],
                    [
                        0.3344217836856842
                    ],
                    [
                        0.3334922194480896
                    ],
                    [
                        0.33255690336227417
                    ],
                    [
                        0.33162635564804077
                    ],
                    [
                        0.3306964933872223
                    ],
                    [
                        0.32976654171943665
                    ],
                    [
                        0.32883119583129883
                    ],
                    [
                        0.32789793610572815
                    ],
                    [
                        0.32696250081062317
                    ],
                    [
                        0.3260270953178406
                    ],
                    [
                        0.3250899612903595
                    ],
                    [
                        0.3241560757160187
                    ]
                ]
            ],
            "timesteps": [
                [
                    260,
                    261,
                    262,
                    263,
                    264,
                    265,
                    266,
                    267,
                    268,
                    269,
                    270,
                    271,
                    272,
                    273,
                    274,
                    275,
                    276,
                    277,
                    278,
                    279
                ]
            ],
            "labels": [
                [
                    2,
                    2,
                    2,
                    2,
                    2,
                    2,
                    2,
                    2,
                    2,
                    2,
                    2,
                    2,
                    2,
                    2,
                    2,
                    2,
                    2,
                    2,
                    2,
                    2
                ]
            ],
            "CPU Usage": 45.4,
            "RAM Usage": 55.1,
            "GPU Usage": 0.0,
            "VRAM Usage": 355.0,
            "Disk Read Speed (MB/s)": 206399.0634765625,
            "Disk Write Speed (MB/s)": 390867.7978515625
        },
        {
            "step": 1,
            "train_loss": 0.0544164702296257,
            "actions_pred1": [
                [
                    [
                        0.6166731715202332,
                        1.0875685214996338,
                        1.502628207206726,
                        -1.6642080545425415
                    ],
                    [
                        0.5115609169006348,
                        1.052958369255066,
                        1.3362269401550293,
                        -1.5405957698822021
                    ],
                    [
                        0.5049455761909485,
                        1.2006522417068481,
                        1.2332322597503662,
                        -1.5594916343688965
                    ],
                    [
                        0.47906413674354553,
                        1.1066641807556152,
                        1.2044029235839844,
                        -1.5999493598937988
                    ],
                    [
                        0.4890410304069519,
                        0.9926000237464905,
                        1.1903098821640015,
                        -1.9220881462097168
                    ],
                    [
                        0.42654943466186523,
                        0.9542108774185181,
                        1.233948826789856,
                        -1.8612803220748901
                    ],
                    [
                        0.3568611145019531,
                        0.8938735723495483,
                        1.269453763961792,
                        -1.9248745441436768
                    ],
                    [
                        0.3397029936313629,
                        0.9379459619522095,
                        1.224684238433838,
                        -1.9705127477645874
                    ],
                    [
                        0.3691815137863159,
                        1.000088095664978,
                        1.2923012971878052,
                        -2.1376397609710693
                    ],
                    [
                        0.2844008207321167,
                        1.1705749034881592,
                        1.1886698007583618,
                        -1.8130462169647217
                    ],
                    [
                        0.17370478808879852,
                        0.9215643405914307,
                        1.1924023628234863,
                        -1.7914115190505981
                    ],
                    [
                        0.20690175890922546,
                        0.8266910910606384,
                        1.253128170967102,
                        -1.9057950973510742
                    ],
                    [
                        0.2866264581680298,
                        0.9990063905715942,
                        1.4952399730682373,
                        -1.843255877494812
                    ],
                    [
                        0.3049788475036621,
                        0.9664148092269897,
                        1.37738835811615,
                        -1.803476095199585
                    ],
                    [
                        0.23908430337905884,
                        0.950802206993103,
                        1.3456995487213135,
                        -1.8905539512634277
                    ],
                    [
                        0.23195238411426544,
                        0.7282667756080627,
                        1.5393613576889038,
                        -1.7370191812515259
                    ],
                    [
                        0.15717817842960358,
                        0.7289761304855347,
                        1.570399284362793,
                        -1.8092221021652222
                    ],
                    [
                        0.2420770525932312,
                        0.8875267505645752,
                        1.402353286743164,
                        -1.7959104776382446
                    ],
                    [
                        0.2828952372074127,
                        0.8657532334327698,
                        1.3592514991760254,
                        -1.8820207118988037
                    ],
                    [
                        0.2518291473388672,
                        1.016300082206726,
                        1.3105801343917847,
                        -1.8596192598342896
                    ]
                ]
            ],
            "actions_pred": [
                [
                    [
                        0.6166731715202332,
                        0.5115609169006348,
                        0.5049455761909485,
                        0.47906413674354553,
                        0.4890410304069519,
                        0.42654943466186523,
                        0.3568611145019531,
                        0.3397029936313629,
                        0.3691815137863159,
                        0.2844008207321167,
                        0.17370478808879852,
                        0.20690175890922546,
                        0.2866264581680298,
                        0.3049788475036621,
                        0.23908430337905884,
                        0.23195238411426544,
                        0.15717817842960358,
                        0.2420770525932312,
                        0.2828952372074127,
                        0.2518291473388672
                    ],
                    [
                        1.0875685214996338,
                        1.052958369255066,
                        1.2006522417068481,
                        1.1066641807556152,
                        0.9926000237464905,
                        0.9542108774185181,
                        0.8938735723495483,
                        0.9379459619522095,
                        1.000088095664978,
                        1.1705749034881592,
                        0.9215643405914307,
                        0.8266910910606384,
                        0.9990063905715942,
                        0.9664148092269897,
                        0.950802206993103,
                        0.7282667756080627,
                        0.7289761304855347,
                        0.8875267505645752,
                        0.8657532334327698,
                        1.016300082206726
                    ],
                    [
                        1.502628207206726,
                        1.3362269401550293,
                        1.2332322597503662,
                        1.2044029235839844,
                        1.1903098821640015,
                        1.233948826789856,
                        1.269453763961792,
                        1.224684238433838,
                        1.2923012971878052,
                        1.1886698007583618,
                        1.1924023628234863,
                        1.253128170967102,
                        1.4952399730682373,
                        1.37738835811615,
                        1.3456995487213135,
                        1.5393613576889038,
                        1.570399284362793,
                        1.402353286743164,
                        1.3592514991760254,
                        1.3105801343917847
                    ],
                    [
                        -1.6642080545425415,
                        -1.5405957698822021,
                        -1.5594916343688965,
                        -1.5999493598937988,
                        -1.9220881462097168,
                        -1.8612803220748901,
                        -1.9248745441436768,
                        -1.9705127477645874,
                        -2.1376397609710693,
                        -1.8130462169647217,
                        -1.7914115190505981,
                        -1.9057950973510742,
                        -1.843255877494812,
                        -1.803476095199585,
                        -1.8905539512634277,
                        -1.7370191812515259,
                        -1.8092221021652222,
                        -1.7959104776382446,
                        -1.8820207118988037,
                        -1.8596192598342896
                    ]
                ]
            ],
            "states": [
                [
                    [
                        195480.0,
                        0.00017859364743344486,
                        0.0014523763675242662,
                        455306.15625
                    ],
                    [
                        224440.0,
                        0.00017706550715956837,
                        0.0012122188927605748,
                        199210.375
                    ],
                    [
                        260640.0,
                        0.00017533254867885262,
                        0.0010567386634647846,
                        291813.4375
                    ],
                    [
                        231680.0,
                        0.00017360733181703836,
                        0.0010331012308597565,
                        619352.5625
                    ],
                    [
                        201272.0,
                        0.00017211795784533024,
                        0.0008577806875109673,
                        757621.5
                    ],
                    [
                        233128.0,
                        0.0001706496550468728,
                        0.002856994280591607,
                        402371.75
                    ],
                    [
                        238920.0,
                        0.00016908197721932083,
                        0.005327177233994007,
                        418626.09375
                    ],
                    [
                        185344.0,
                        0.00016769685316830873,
                        0.006734849885106087,
                        490648.125
                    ],
                    [
                        205616.0,
                        0.000166440979228355,
                        0.008968048729002476,
                        304516.78125
                    ],
                    [
                        195480.0,
                        0.00016517171752639115,
                        0.00019177634385414422,
                        553446.625
                    ],
                    [
                        202720.0,
                        0.00016393074474763125,
                        0.0001491233124397695,
                        853423.1875
                    ],
                    [
                        209960.0,
                        0.00016266417514998466,
                        0.0002625611668918282,
                        298799.9375
                    ],
                    [
                        209960.0,
                        0.0001613952626939863,
                        0.0004885925445705652,
                        376011.875
                    ],
                    [
                        144800.0,
                        0.00016033815336413682,
                        0.0010367168579250574,
                        94745.609375
                    ],
                    [
                        246160.0,
                        0.00015919026918709278,
                        0.0028569940477609634,
                        223245.734375
                    ],
                    [
                        253400.0,
                        0.000157746413606219,
                        0.005327177233994007,
                        267948.78125
                    ],
                    [
                        296840.0,
                        0.00015618640463799238,
                        0.006734849885106087,
                        291045.46875
                    ],
                    [
                        340280.0,
                        0.0001544181868666783,
                        0.008968048729002476,
                        376205.125
                    ],
                    [
                        405440.0,
                        0.0001523990067653358,
                        0.010990988463163376,
                        467932.84375
                    ],
                    [
                        463360.0,
                        0.0001501120423199609,
                        0.011323424987494946,
                        301846.5
                    ]
                ]
            ],
            "actions": [
                [
                    [
                        0.25
                    ],
                    [
                        0.25
                    ],
                    [
                        0.25
                    ],
                    [
                        0.25
                    ],
                    [
                        0.25
                    ],
                    [
                        0.25
                    ],
                    [
                        0.25
                    ],
                    [
                        0.25
                    ],
                    [
                        0.25
                    ],
                    [
                        0.25
                    ],
                    [
                        0.25
                    ],
                    [
                        0.25
                    ],
                    [
                        0.25
                    ],
                    [
                        0.25
                    ],
                    [
                        0.25
                    ],
                    [
                        0.25
                    ],
                    [
                        0.25
                    ],
                    [
                        0.25
                    ],
                    [
                        0.25
                    ],
                    [
                        0.25
                    ]
                ]
            ],
            "returns": [
                [
                    [
                        0.0820998102426529
                    ],
                    [
                        0.0814596638083458
                    ],
                    [
                        0.08080726861953735
                    ],
                    [
                        0.08014161884784698
                    ],
                    [
                        0.0794864147901535
                    ],
                    [
                        0.07884368300437927
                    ],
                    [
                        0.07818792015314102
                    ],
                    [
                        0.07752998173236847
                    ],
                    [
                        0.07689455896615982
                    ],
                    [
                        0.07624993473291397
                    ],
                    [
                        0.07560978829860687
                    ],
                    [
                        0.0749664157629013
                    ],
                    [
                        0.07431993633508682
                    ],
                    [
                        0.07367345690727234
                    ],
                    [
                        0.07305991649627686
                    ],
                    [
                        0.0723993331193924
                    ],
                    [
                        0.07173618674278259
                    ],
                    [
                        0.07105900347232819
                    ],
                    [
                        0.07036971300840378
                    ],
                    [
                        0.06966488808393478
                    ]
                ]
            ],
            "timesteps": [
                [
                    540,
                    541,
                    542,
                    543,
                    544,
                    545,
                    546,
                    547,
                    548,
                    549,
                    550,
                    551,
                    552,
                    553,
                    554,
                    555,
                    556,
                    557,
                    558,
                    559
                ]
            ],
            "labels": [
                [
                    0,
                    0,
                    0,
                    0,
                    0,
                    0,
                    0,
                    0,
                    0,
                    0,
                    0,
                    0,
                    0,
                    0,
                    0,
                    0,
                    0,
                    0,
                    0,
                    0
                ]
            ],
            "CPU Usage": 46.6,
            "RAM Usage": 55.2,
            "GPU Usage": 0.0,
            "VRAM Usage": 355.0,
            "Disk Read Speed (MB/s)": 206399.0634765625,
            "Disk Write Speed (MB/s)": 390867.8447265625
        },
        {
            "step": 2,
            "train_loss": 0.02721761167049408,
            "actions_pred1": [
                [
                    [
                        0.024676740169525146,
                        1.1638013124465942,
                        1.449406385421753,
                        -1.8465815782546997
                    ],
                    [
                        0.09545911848545074,
                        1.1334710121154785,
                        1.4491485357284546,
                        -1.8267781734466553
                    ],
                    [
                        0.08388401567935944,
                        1.1867796182632446,
                        1.5204674005508423,
                        -2.016319751739502
                    ],
                    [
                        -0.06610430032014847,
                        1.2559635639190674,
                        1.4848476648330688,
                        -2.1137208938598633
                    ],
                    [
                        -0.06455059349536896,
                        1.4552879333496094,
                        1.3340994119644165,
                        -2.1702828407287598
                    ],
                    [
                        0.020702436566352844,
                        1.3539592027664185,
                        1.3386441469192505,
                        -2.014112949371338
                    ],
                    [
                        0.18364828824996948,
                        1.3469740152359009,
                        1.2068331241607666,
                        -1.9255776405334473
                    ],
                    [
                        -0.05088771879673004,
                        1.393019437789917,
                        1.5227665901184082,
                        -1.8978657722473145
                    ],
                    [
                        -0.07253343611955643,
                        1.4411293268203735,
                        1.5762927532196045,
                        -1.835950255393982
                    ],
                    [
                        -0.19522155821323395,
                        1.3939447402954102,
                        1.5941485166549683,
                        -1.9087408781051636
                    ],
                    [
                        -0.25933557748794556,
                        1.4695130586624146,
                        1.8028191328048706,
                        -2.153079032897949
                    ],
                    [
                        -0.09381219744682312,
                        1.330837607383728,
                        1.611201286315918,
                        -1.9918800592422485
                    ],
                    [
                        -0.0523906946182251,
                        1.2582682371139526,
                        1.6467320919036865,
                        -2.076209545135498
                    ],
                    [
                        -0.08900986611843109,
                        1.07008695602417,
                        1.6003303527832031,
                        -1.9309847354888916
                    ],
                    [
                        0.021546661853790283,
                        1.4132908582687378,
                        1.6046191453933716,
                        -2.2059409618377686
                    ],
                    [
                        0.03798709809780121,
                        1.3153132200241089,
                        1.3849201202392578,
                        -1.923012614250183
                    ],
                    [
                        0.12470796704292297,
                        1.3307881355285645,
                        1.3177546262741089,
                        -1.8204269409179688
                    ],
                    [
                        0.15676873922348022,
                        1.247921109199524,
                        1.2856841087341309,
                        -1.8490116596221924
                    ],
                    [
                        0.31161975860595703,
                        1.2444746494293213,
                        1.4318053722381592,
                        -1.9530327320098877
                    ],
                    [
                        0.15751177072525024,
                        1.362979531288147,
                        1.4622530937194824,
                        -1.9994730949401855
                    ]
                ]
            ],
            "actions_pred": [
                [
                    [
                        0.024676740169525146,
                        0.09545911848545074,
                        0.08388401567935944,
                        -0.06610430032014847,
                        -0.06455059349536896,
                        0.020702436566352844,
                        0.18364828824996948,
                        -0.05088771879673004,
                        -0.07253343611955643,
                        -0.19522155821323395,
                        -0.25933557748794556,
