{
    "steps": [
        {
            "step": 0,
            "train_loss": 0.03928431123495102,
            "actions_pred1": [
                [
                    [
                        0.2960243821144104,
                        0.09250625222921371,
                        0.6364724040031433,
                        -0.04129794239997864
                    ],
                    [
                        0.2840461730957031,
                        0.14648693799972534,
                        0.6574559211730957,
                        -0.11151888966560364
                    ],
                    [
                        0.21627524495124817,
                        0.19021011888980865,
                        0.7309480905532837,
                        -0.254067599773407
                    ],
                    [
                        0.11672044545412064,
                        0.20157396793365479,
                        0.6879034042358398,
                        -0.2390250563621521
                    ],
                    [
                        0.09014063328504562,
                        0.3691294193267822,
                        0.5973680019378662,
                        -0.3015058934688568
                    ],
                    [
                        0.19075965881347656,
                        0.2657952308654785,
                        0.6505298614501953,
                        -0.22825735807418823
                    ],
                    [
                        0.3110322952270508,
                        0.2966664433479309,
                        0.5752668380737305,
                        -0.14908534288406372
                    ],
                    [
                        0.023650728166103363,
                        0.37255871295928955,
                        0.8501448631286621,
                        -0.18566568195819855
                    ],
                    [
                        0.0011865049600601196,
                        0.45115718245506287,
                        0.9368479251861572,
                        -0.17713886499404907
                    ],
                    [
                        -0.10019737482070923,
                        0.3937666416168213,
                        0.9555867910385132,
                        -0.2302878499031067
                    ],
                    [
                        -0.10968661308288574,
                        0.4033418297767639,
                        1.0191994905471802,
                        -0.3459095358848572
                    ],
                    [
                        0.08020858466625214,
                        0.27335140109062195,
                        0.8522560596466064,
                        -0.1977887600660324
                    ],
                    [
                        0.08347916603088379,
                        0.23449909687042236,
                        0.9012097716331482,
                        -0.28306645154953003
                    ],
                    [
                        0.016227133572101593,
                        0.14899466931819916,
                        0.9161130785942078,
                        -0.24603793025016785
                    ],
                    [
                        0.17304767668247223,
                        0.2520444989204407,
                        0.8563352823257446,
                        -0.2604719400405884
                    ],
                    [
                        0.18104080855846405,
                        0.19479183852672577,
                        0.6661337614059448,
                        -0.11500564217567444
                    ],
                    [
                        0.22887083888053894,
                        0.25375762581825256,
                        0.6334016919136047,
                        -0.07806617021560669
                    ],
                    [
                        0.2546226978302002,
                        0.2414572536945343,
                        0.6173384189605713,
                        -0.12402214109897614
                    ],
                    [
                        0.3890571594238281,
                        0.232807457447052,
                        0.7195215821266174,
                        -0.17942188680171967
                    ],
                    [
                        0.2434716820716858,
                        0.32528364658355713,
                        0.6997843384742737,
                        -0.1586959958076477
                    ]
                ]
            ],
            "actions_pred": [
                [
                    [
                        0.2960243821144104,
                        0.2840461730957031,
                        0.21627524495124817,
                        0.11672044545412064,
                        0.09014063328504562,
                        0.19075965881347656,
                        0.3110322952270508,
                        0.023650728166103363,
                        0.0011865049600601196,
                        -0.10019737482070923,
                        -0.10968661308288574,
                        0.08020858466625214,
                        0.08347916603088379,
                        0.016227133572101593,
                        0.17304767668247223,
                        0.18104080855846405,
                        0.22887083888053894,
                        0.2546226978302002,
                        0.3890571594238281,
                        0.2434716820716858
                    ],
                    [
                        0.09250625222921371,
                        0.14648693799972534,
                        0.19021011888980865,
                        0.20157396793365479,
                        0.3691294193267822,
                        0.2657952308654785,
                        0.2966664433479309,
                        0.37255871295928955,
                        0.45115718245506287,
                        0.3937666416168213,
                        0.4033418297767639,
                        0.27335140109062195,
                        0.23449909687042236,
                        0.14899466931819916,
                        0.2520444989204407,
                        0.19479183852672577,
                        0.25375762581825256,
                        0.2414572536945343,
                        0.232807457447052,
                        0.32528364658355713
                    ],
                    [
                        0.6364724040031433,
                        0.6574559211730957,
                        0.7309480905532837,
                        0.6879034042358398,
                        0.5973680019378662,
                        0.6505298614501953,
                        0.5752668380737305,
                        0.8501448631286621,
                        0.9368479251861572,
                        0.9555867910385132,
                        1.0191994905471802,
                        0.8522560596466064,
                        0.9012097716331482,
                        0.9161130785942078,
                        0.8563352823257446,
                        0.6661337614059448,
                        0.6334016919136047,
                        0.6173384189605713,
                        0.7195215821266174,
                        0.6997843384742737
                    ],
                    [
                        -0.04129794239997864,
                        -0.11151888966560364,
                        -0.254067599773407,
                        -0.2390250563621521,
                        -0.3015058934688568,
                        -0.22825735807418823,
                        -0.14908534288406372,
                        -0.18566568195819855,
                        -0.17713886499404907,
                        -0.2302878499031067,
                        -0.3459095358848572,
                        -0.1977887600660324,
                        -0.28306645154953003,
                        -0.24603793025016785,
                        -0.2604719400405884,
                        -0.11500564217567444,
                        -0.07806617021560669,
                        -0.12402214109897614,
                        -0.17942188680171967,
                        -0.1586959958076477
                    ]
                ]
            ],
            "states": [
                [
                    [
                        5847024.0,
                        7.17427474228316e-06,
                        0.0002797465131152421,
                        862261.25
                    ],
                    [
                        5130264.0,
                        7.109771104296669e-06,
                        0.00027696648612618446,
                        791462.9375
                    ],
                    [
                        5460408.0,
                        7.0486535150848795e-06,
                        0.0002747685939539224,
                        848104.9375
                    ],
                    [
                        5159224.0,
                        6.988396307860967e-06,
                        0.000255326071055606,
                        826896.4375
                    ],
                    [
                        5280856.0,
                        6.9301599978643935e-06,
                        0.0002729953557718545,
                        850071.375
                    ],
                    [
                        5415520.0,
                        6.871501227578847e-06,
                        0.00026464968686923385,
                        894284.875
                    ],
                    [
                        5138952.0,
                        6.81457140672137e-06,
                        0.000260901142610237,
                        824406.5
                    ],
                    [
                        5364840.0,
                        6.758851213817252e-06,
                        0.00026091569452546537,
                        837380.25
                    ],
                    [
                        8605643.0,
                        0.0036125751212239265,
                        0.0002766261750366539,
                        462352.0625
                    ],
                    [
                        10015816.0,
                        0.00033437556703574955,
                        0.00026207882910966873,
                        482968.0625
                    ],
                    [
                        7806168.0,
                        0.00019468956452328712,
                        0.00027697221958078444,
                        473153.5
                    ],
                    [
                        6004856.0,
                        0.00014804340025875717,
                        0.00037561735371127725,
                        563905.9375
                    ],
                    [
                        3835752.0,
                        0.00012653775047510862,
                        0.000348972505889833,
                        546822.625
                    ],
                    [
                        693592.0,
                        0.00011859468213515356,
                        0.000344088242854923,
                        536207.0
                    ],
                    [
                        1136680.0,
                        0.00011570940841920674,
                        0.00030916635296307504,
                        532932.75
                    ],
                    [
                        755856.0,
                        0.0001128598305513151,
                        0.00029186115716584027,
                        668301.125
                    ],
                    [
                        573408.0,
                        0.00011094257206423208,
                        0.00031188191496767104,
                        741689.6875
                    ],
                    [
                        432952.0,
                        0.0001095341140171513,
                        0.0003927450452465564,
                        678985.1875
                    ],
                    [
                        1216320.0,
                        0.00010730996291385964,
                        0.00034627493005245924,
                        618105.1875
                    ],
                    [
                        4131144.0,
                        0.00010072957229567692,
                        0.00028098482289351523,
                        571491.4375
                    ]
                ]
            ],
            "actions": [
                [
                    [
                        0.75
                    ],
                    [
                        0.75
                    ],
                    [
                        0.75
                    ],
                    [
                        0.75
                    ],
                    [
                        0.75
                    ],
                    [
                        0.75
                    ],
                    [
                        0.75
                    ],
                    [
                        0.75
                    ],
                    [
                        0.5
                    ],
                    [
                        0.5
                    ],
                    [
                        0.5
                    ],
                    [
                        0.5
                    ],
                    [
                        0.5
                    ],
                    [
                        0.5
                    ],
                    [
                        0.5
                    ],
                    [
                        0.5
                    ],
                    [
                        0.5
                    ],
                    [
                        0.5
                    ],
                    [
                        0.5
                    ],
                    [
                        0.5
                    ]
                ]
            ],
            "returns": [
                [
                    [
                        0.48685410618782043
                    ],
                    [
                        0.4859126806259155
                    ],
                    [
                        0.48498284816741943
                    ],
                    [
                        0.4840475022792816
                    ],
                    [
                        0.48311716318130493
                    ],
                    [
                        0.4821847677230835
                    ],
                    [
                        0.481250137090683
                    ],
                    [
                        0.48032015562057495
                    ],
                    [
                        0.4793863594532013
                    ],
                    [
                        0.47841066122055054
                    ],
                    [
                        0.47742152214050293
                    ],
                    [
                        0.4764544665813446
                    ],
                    [
                        0.47551068663597107
                    ],
                    [
                        0.47460663318634033
                    ],
                    [
                        0.4738542139530182
                    ],
                    [
                        0.47305798530578613
                    ],
                    [
                        0.4722979664802551
                    ],
                    [
                        0.47156238555908203
                    ],
                    [
                        0.47085174918174744
                    ],
                    [
                        0.47004953026771545
                    ]
                ]
            ],
            "timesteps": [
                [
                    100,
                    101,
                    102,
                    103,
                    104,
                    105,
                    106,
                    107,
                    108,
                    109,
                    110,
                    111,
                    112,
                    113,
                    114,
                    115,
                    116,
                    117,
                    118,
                    119
                ]
            ],
            "labels": [
                [
                    2,
                    2,
                    2,
                    2,
                    2,
                    2,
                    2,
                    2,
                    1,
                    1,
                    1,
                    1,
                    1,
                    1,
                    1,
                    1,
                    1,
                    1,
                    1,
                    1
                ]
            ],
            "CPU Usage": 45.8,
            "RAM Usage": 55.2,
            "GPU Usage": 0.0,
            "VRAM Usage": 355.0,
            "Disk Read Speed (MB/s)": 206042.8955078125,
            "Disk Write Speed (MB/s)": 356661.5908203125
        },
        {
            "step": 1,
            "train_loss": 0.02990228310227394,
            "actions_pred1": [
                [
                    [
                        0.23586663603782654,
                        0.05339096486568451,
                        0.8755345344543457,
                        0.06656834483146667
                    ],
                    [
                        0.1840272694826126,
                        0.04102752357721329,
                        0.8309982419013977,
                        0.04206237196922302
                    ],
                    [
                        0.23777630925178528,
                        0.042092464864254,
                        0.7100703716278076,
                        0.006792128086090088
                    ],
                    [
                        0.23819014430046082,
                        -0.09631572663784027,
                        0.6075334548950195,
                        -0.18913698196411133
                    ],
                    [
                        0.38395944237709045,
                        -0.10053655505180359,
                        0.6440644860267639,
                        -0.2670975923538208
                    ],
                    [
                        0.34718579053878784,
                        -0.12774956226348877,
                        0.5843205451965332,
                        -0.19415228068828583
                    ],
                    [
                        0.3364573121070862,
                        0.09226103872060776,
                        0.45816734433174133,
                        -0.07807576656341553
                    ],
                    [
                        0.35930174589157104,
                        0.0803680419921875,
                        0.6020083427429199,
                        -0.051063090562820435
                    ],
                    [
                        0.4255375266075134,
                        0.12101778388023376,
                        0.6053389310836792,
                        -0.15226326882839203
                    ],
                    [
                        0.3337175250053406,
                        0.10170325636863708,
                        0.6234686374664307,
                        -0.23304815590381622
                    ],
                    [
                        0.3218821883201599,
                        0.08061553537845612,
                        0.6710256338119507,
                        -0.20207494497299194
                    ],
                    [
                        0.2611313760280609,
                        0.09771169722080231,
                        0.617760181427002,
                        -0.20854082703590393
                    ],
                    [
                        0.34648528695106506,
                        0.05187949538230896,
                        0.8119204640388489,
                        -0.3021324872970581
                    ],
                    [
                        0.3291565179824829,
                        0.0830581933259964,
                        0.7796658277511597,
                        -0.2668003439903259
                    ],
                    [
                        0.2835032343864441,
                        0.1025971919298172,
                        0.6789039373397827,
                        -0.2685363292694092
                    ],
                    [
                        0.18727578222751617,
                        0.11789769679307938,
                        0.7801219820976257,
                        -0.3476848006248474
                    ],
                    [
                        0.07221043854951859,
                        0.1489553451538086,
                        0.8117954134941101,
                        -0.34454092383384705
                    ],
                    [
                        0.2678878903388977,
                        0.19321954250335693,
                        0.7328888773918152,
                        -0.2894306182861328
                    ],
                    [
                        0.19664093852043152,
                        0.1340133398771286,
                        0.7595742344856262,
                        -0.2563706934452057
                    ],
                    [
                        0.1594315469264984,
                        0.10717159509658813,
                        0.8486825227737427,
                        -0.24361275136470795
                    ]
                ]
            ],
            "actions_pred": [
                [
                    [
                        0.23586663603782654,
                        0.1840272694826126,
                        0.23777630925178528,
                        0.23819014430046082,
                        0.38395944237709045,
                        0.34718579053878784,
                        0.3364573121070862,
                        0.35930174589157104,
                        0.4255375266075134,
                        0.3337175250053406,
                        0.3218821883201599,
                        0.2611313760280609,
                        0.34648528695106506,
                        0.3291565179824829,
                        0.2835032343864441,
                        0.18727578222751617,
                        0.07221043854951859,
                        0.2678878903388977,
                        0.19664093852043152,
                        0.1594315469264984
                    ],
                    [
                        0.05339096486568451,
                        0.04102752357721329,
                        0.042092464864254,
                        -0.09631572663784027,
                        -0.10053655505180359,
                        -0.12774956226348877,
                        0.09226103872060776,
                        0.0803680419921875,
                        0.12101778388023376,
                        0.10170325636863708,
                        0.08061553537845612,
                        0.09771169722080231,
                        0.05187949538230896,
                        0.0830581933259964,
                        0.1025971919298172,
                        0.11789769679307938,
                        0.1489553451538086,
                        0.19321954250335693,
                        0.1340133398771286,
                        0.10717159509658813
                    ],
                    [
                        0.8755345344543457,
                        0.8309982419013977,
                        0.7100703716278076,
                        0.6075334548950195,
                        0.6440644860267639,
                        0.5843205451965332,
                        0.45816734433174133,
                        0.6020083427429199,
                        0.6053389310836792,
                        0.6234686374664307,
                        0.6710256338119507,
                        0.617760181427002,
                        0.8119204640388489,
                        0.7796658277511597,
                        0.6789039373397827,
                        0.7801219820976257,
                        0.8117954134941101,
                        0.7328888773918152,
                        0.7595742344856262,
                        0.8486825227737427
                    ],
                    [
                        0.06656834483146667,
                        0.04206237196922302,
                        0.006792128086090088,
                        -0.18913698196411133,
                        -0.2670975923538208,
                        -0.19415228068828583,
                        -0.07807576656341553,
                        -0.051063090562820435,
                        -0.15226326882839203,
                        -0.23304815590381622,
                        -0.20207494497299194,
                        -0.20854082703590393,
                        -0.3021324872970581,
                        -0.2668003439903259,
                        -0.2685363292694092,
                        -0.3476848006248474,
                        -0.34454092383384705,
                        -0.2894306182861328,
                        -0.2563706934452057,
                        -0.24361275136470795
                    ]
                ]
            ],
            "states": [
                [
                    [
                        5451720.0,
                        5.395679545472376e-05,
                        0.00037329201586544514,
                        787492.0625
                    ],
                    [
                        5280856.0,
                        5.18798733537551e-05,
                        0.00029995679506100714,
                        814349.6875
                    ],
                    [
                        5398144.0,
                        4.996706411475316e-05,
                        0.0002722619683481753,
                        830635.1875
                    ],
                    [
                        5419864.0,
                        4.8167821660172194e-05,
                        0.0002737951872404665,
                        823458.5625
                    ],
                    [
                        5285200.0,
                        4.651026029023342e-05,
                        0.0002537628752179444,
                        847604.5625
                    ],
                    [
                        5632720.0,
                        4.493406231631525e-05,
                        0.0002845273702405393,
                        778198.5625
                    ],
                    [
                        4926096.0,
                        4.350659582996741e-05,
                        0.00027429292094893754,
                        769937.4375
                    ],
                    [
                        5379320.0,
                        4.219951370032504e-05,
                        0.0002784566895570606,
                        775819.3125
                    ],
                    [
                        5141848.0,
                        4.0942868508864194e-05,
                        0.00027366288122721016,
                        804782.8125
                    ],
                    [
                        5422760.0,
                        3.9754886529408395e-05,
                        0.0002617421268951148,
                        784755.125
                    ],
                    [
                        5163568.0,
                        3.8631129427812994e-05,
                        0.000270931632257998,
                        777998.8125
                    ],
                    [
                        5172256.0,
                        3.7593843444483355e-05,
                        0.00027350522577762604,
                        827638.0
                    ],
                    [
                        5228728.0,
                        3.6604818888008595e-05,
                        0.0002609447401482612,
                        836480.3125
                    ],
                    [
                        5215696.0,
                        3.566250597941689e-05,
                        0.0002695223083719611,
                        842399.5625
                    ],
                    [
                        5496608.0,
                        3.474534969427623e-05,
                        0.00026009109569713473,
                        814649.5
                    ],
                    [
                        5165016.0,
                        3.3877906389534473e-05,
                        0.0002577552804723382,
                        820590.75
                    ],
                    [
                        5712360.0,
                        3.3036900276783854e-05,
                        0.0002756010799203068,
                        835693.0625
                    ],
                    [
                        5086824.0,
                        3.224165993742645e-05,
                        0.0002540297864470631,
                        845564.6875
                    ],
                    [
                        5490816.0,
                        3.14996468659956e-05,
                        0.00027847016463056207,
                        824773.25
                    ],
                    [
                        5183840.0,
                        3.078411828028038e-05,
                        0.0002814441977534443,
                        810358.5625
                    ]
                ]
            ],
            "actions": [
                [
                    [
                        0.75
                    ],
                    [
                        0.75
                    ],
                    [
                        0.75
                    ],
                    [
                        0.75
                    ],
                    [
                        0.75
                    ],
                    [
                        0.75
                    ],
                    [
                        0.75
                    ],
                    [
                        0.75
                    ],
                    [
                        0.75
                    ],
                    [
                        0.75
                    ],
                    [
                        0.75
                    ],
                    [
                        0.75
                    ],
                    [
                        0.75
                    ],
                    [
                        0.75
                    ],
                    [
                        0.75
                    ],
                    [
                        0.75
                    ],
                    [
                        0.75
                    ],
                    [
                        0.75
                    ],
                    [
                        0.75
                    ],
                    [
                        0.75
                    ]
                ]
            ],
            "returns": [
                [
                    [
                        0.36055833101272583
                    ],
                    [
                        0.35962310433387756
                    ],
                    [
                        0.35869070887565613
                    ],
                    [
                        0.3577563464641571
                    ],
                    [
                        0.3568216562271118
                    ],
                    [
                        0.3558892011642456
                    ],
                    [
                        0.35495108366012573
                    ],
                    [
                        0.35402485728263855
                    ],
                    [
                        0.3530908226966858
                    ],
                    [
                        0.352160781621933
                    ],
                    [
                        0.3512260317802429
                    ],
                    [
                        0.35029563307762146
                    ],
                    [
                        0.34936508536338806
                    ],
                    [
                        0.34843355417251587
                    ],
                    [
                        0.3475022614002228
                    ],
                    [
                        0.3465663194656372
                    ],
                    [
                        0.34563589096069336
                    ],
                    [
                        0.3446965217590332
                    ],
                    [
                        0.3437674641609192
                    ],
                    [
                        0.3428316116333008
                    ]
                ]
            ],
            "timesteps": [
                [
                    240,
                    241,
                    242,
                    243,
                    244,
                    245,
                    246,
                    247,
                    248,
                    249,
                    250,
                    251,
                    252,
                    253,
                    254,
                    255,
                    256,
                    257,
                    258,
                    259
                ]
            ],
            "labels": [
                [
                    2,
                    2,
                    2,
                    2,
                    2,
                    2,
                    2,
                    2,
                    2,
                    2,
                    2,
                    2,
                    2,
                    2,
                    2,
                    2,
                    2,
                    2,
                    2,
                    2
                ]
            ],
            "CPU Usage": 46.7,
            "RAM Usage": 55.4,
            "GPU Usage": 0.0,
            "VRAM Usage": 355.0,
            "Disk Read Speed (MB/s)": 206042.8955078125,
            "Disk Write Speed (MB/s)": 356661.7353515625
        },
        {
            "step": 2,
            "train_loss": 0.04201056435704231,
            "actions_pred1": [
                [
                    [
                        0.6929118037223816,
                        0.22077113389968872,
                        0.8668146133422852,
                        -0.10708111524581909
                    ],
                    [
                        0.6096879839897156,
                        0.16412335634231567,
                        0.6036841869354248,
                        0.18360251188278198
                    ],
                    [
                        0.5776852965354919,
                        0.2652839720249176,
                        0.4905824065208435,
                        0.16231891512870789
                    ],
                    [
                        0.5185462832450867,
                        0.23899517953395844,
                        0.5278661251068115,
                        0.0429699569940567
                    ],
                    [
                        0.4868810772895813,
                        0.20197732746601105,
                        0.5607379078865051,
                        -0.301626056432724
                    ],
                    [
                        0.4113258421421051,
                        0.19953179359436035,
                        0.6030980944633484,
                        -0.24598312377929688
                    ],
                    [
                        0.3263961672782898,
                        0.13207456469535828,
                        0.6420531272888184,
                        -0.2903723418712616
                    ],
                    [
                        0.34905385971069336,
                        0.18451517820358276,
                        0.5759897828102112,
                        -0.31528687477111816
                    ],
                    [
                        0.36236655712127686,
                        0.23612648248672485,
                        0.6227638125419617,
                        -0.444693386554718
                    ],
                    [
                        0.306559681892395,
                        0.3802140951156616,
                        0.5818211436271667,
                        -0.2635647654533386
                    ],
                    [
                        0.20438292622566223,
                        0.1338355541229248,
                        0.6113552451133728,
                        -0.24486541748046875
                    ],
                    [
                        0.22449195384979248,
                        0.07632463425397873,
                        0.6163380146026611,
                        -0.3559441864490509
                    ],
                    [
                        0.2976330518722534,
                        0.25456178188323975,
                        0.8762542009353638,
                        -0.27870556712150574
                    ],
                    [
                        0.3053654432296753,
                        0.2073785960674286,
                        0.7512133121490479,
                        -0.2307969331741333
                    ],
                    [
                        0.2258530855178833,
                        0.20674295723438263,
                        0.7298498153686523,
                        -0.2972334623336792
                    ],
                    [
                        0.21044166386127472,
                        -0.019596710801124573,
                        0.92610764503479,
                        -0.21021884679794312
                    ],
                    [
                        0.15517564117908478,
                        -0.013027630746364594,
                        0.9891864061355591,
                        -0.3082441985607147
                    ],
                    [
                        0.22440873086452484,
                        0.15172596275806427,
                        0.8157439827919006,
                        -0.2572982907295227
                    ],
                    [
                        0.28733372688293457,
                        0.12861944735050201,
                        0.762525200843811,
                        -0.32606542110443115
                    ],
                    [
                        0.28363266587257385,
                        0.24776682257652283,
                        0.6599018573760986,
                        -0.26603633165359497
                    ]
                ]
            ],
            "actions_pred": [
                [
                    [
                        0.6929118037223816,
                        0.6096879839897156,
                        0.5776852965354919,
                        0.5185462832450867,
                        0.4868810772895813,
                        0.4113258421421051,
                        0.3263961672782898,
