{
    "steps": [
        {
            "step": 0,
            "train_loss": 0.011197159066796303,
            "actions_pred1": [
                [
                    [
                        -0.45933806896209717,
                        2.3051109313964844,
                        3.997455358505249,
                        -4.472634315490723
                    ],
                    [
                        0.18128830194473267,
                        2.3777427673339844,
                        4.714401721954346,
                        -4.268846035003662
                    ],
                    [
                        0.11577633023262024,
                        2.5984952449798584,
                        4.163335800170898,
                        -4.527406692504883
                    ],
                    [
                        -0.11896386742591858,
                        2.759127140045166,
                        3.5816516876220703,
                        -4.566225528717041
                    ],
                    [
                        -0.23397547006607056,
                        3.3697800636291504,
                        2.9805216789245605,
                        -4.746077537536621
                    ],
                    [
                        -0.05073244869709015,
                        3.6335973739624023,
                        2.956051826477051,
                        -4.827922821044922
                    ],
                    [
                        0.12669658660888672,
                        3.9171667098999023,
                        2.652148485183716,
                        -4.8757171630859375
                    ],
                    [
                        -0.011755630373954773,
                        3.8882391452789307,
                        2.4069743156433105,
                        -4.8419270515441895
                    ],
                    [
                        -0.2084917575120926,
                        4.271443843841553,
                        2.137234926223755,
                        -4.769474506378174
                    ],
                    [
                        -0.3309326171875,
                        4.424267292022705,
                        1.93711519241333,
                        -4.826445579528809
                    ],
                    [
                        -0.459230899810791,
                        4.47979736328125,
                        2.2695205211639404,
                        -4.687524795532227
                    ],
                    [
                        -0.4643803834915161,
                        4.406921863555908,
                        2.4178855419158936,
                        -4.696520805358887
                    ],
                    [
                        -0.3350587487220764,
                        4.588743209838867,
                        2.4711484909057617,
                        -4.746435642242432
                    ],
                    [
                        -0.46667760610580444,
                        4.674056529998779,
                        2.3115367889404297,
                        -4.870647430419922
                    ],
                    [
                        -0.42436739802360535,
                        4.838376522064209,
                        2.299102306365967,
                        -4.686497211456299
                    ],
                    [
                        -0.6477736234664917,
                        4.90191125869751,
                        2.19892954826355,
                        -4.555821418762207
                    ],
                    [
                        -0.6723464727401733,
                        4.979249477386475,
                        1.9867703914642334,
                        -4.560752868652344
                    ],
                    [
                        -0.6221494078636169,
                        4.827977180480957,
                        1.901788353919983,
                        -4.668196678161621
                    ],
                    [
                        -0.43526214361190796,
                        4.805172920227051,
                        1.9128352403640747,
                        -4.777803897857666
                    ],
                    [
                        -0.4610174000263214,
                        4.915348052978516,
                        1.8389992713928223,
                        -4.670600414276123
                    ]
                ]
            ],
            "actions_pred": [
                [
                    [
                        -0.45933806896209717,
                        0.18128830194473267,
                        0.11577633023262024,
                        -0.11896386742591858,
                        -0.23397547006607056,
                        -0.05073244869709015,
                        0.12669658660888672,
                        -0.011755630373954773,
                        -0.2084917575120926,
                        -0.3309326171875,
                        -0.459230899810791,
                        -0.4643803834915161,
                        -0.3350587487220764,
                        -0.46667760610580444,
                        -0.42436739802360535,
                        -0.6477736234664917,
                        -0.6723464727401733,
                        -0.6221494078636169,
                        -0.43526214361190796,
                        -0.4610174000263214
                    ],
                    [
                        2.3051109313964844,
                        2.3777427673339844,
                        2.5984952449798584,
                        2.759127140045166,
                        3.3697800636291504,
                        3.6335973739624023,
                        3.9171667098999023,
                        3.8882391452789307,
                        4.271443843841553,
                        4.424267292022705,
                        4.47979736328125,
                        4.406921863555908,
                        4.588743209838867,
                        4.674056529998779,
                        4.838376522064209,
                        4.90191125869751,
                        4.979249477386475,
                        4.827977180480957,
                        4.805172920227051,
                        4.915348052978516
                    ],
                    [
                        3.997455358505249,
                        4.714401721954346,
                        4.163335800170898,
                        3.5816516876220703,
                        2.9805216789245605,
                        2.956051826477051,
                        2.652148485183716,
                        2.4069743156433105,
                        2.137234926223755,
                        1.93711519241333,
                        2.2695205211639404,
                        2.4178855419158936,
                        2.4711484909057617,
                        2.3115367889404297,
                        2.299102306365967,
                        2.19892954826355,
                        1.9867703914642334,
                        1.901788353919983,
                        1.9128352403640747,
                        1.8389992713928223
                    ],
                    [
                        -4.472634315490723,
                        -4.268846035003662,
                        -4.527406692504883,
                        -4.566225528717041,
                        -4.746077537536621,
                        -4.827922821044922,
                        -4.8757171630859375,
                        -4.8419270515441895,
                        -4.769474506378174,
                        -4.826445579528809,
                        -4.687524795532227,
                        -4.696520805358887,
                        -4.746435642242432,
                        -4.870647430419922,
                        -4.686497211456299,
                        -4.555821418762207,
                        -4.560752868652344,
                        -4.668196678161621,
                        -4.777803897857666,
                        -4.670600414276123
                    ]
                ]
            ],
            "states": [
                [
                    [
                        5847024.0,
                        7.17427474228316e-06,
                        0.0002797465131152421,
                        862261.25
                    ],
                    [
                        5130264.0,
                        7.109771104296669e-06,
                        0.00027696648612618446,
                        791462.9375
                    ],
                    [
                        5460408.0,
                        7.0486535150848795e-06,
                        0.0002747685939539224,
                        848104.9375
                    ],
                    [
                        5159224.0,
                        6.988396307860967e-06,
                        0.000255326071055606,
                        826896.4375
                    ],
                    [
                        5280856.0,
                        6.9301599978643935e-06,
                        0.0002729953557718545,
                        850071.375
                    ],
                    [
                        5415520.0,
                        6.871501227578847e-06,
                        0.00026464968686923385,
                        894284.875
                    ],
                    [
                        5138952.0,
                        6.81457140672137e-06,
                        0.000260901142610237,
                        824406.5
                    ],
                    [
                        5364840.0,
                        6.758851213817252e-06,
                        0.00026091569452546537,
                        837380.25
                    ],
                    [
                        8605643.0,
                        0.0036125751212239265,
                        0.0002766261750366539,
                        462352.0625
                    ],
                    [
                        10015816.0,
                        0.00033437556703574955,
                        0.00026207882910966873,
                        482968.0625
                    ],
                    [
                        7806168.0,
                        0.00019468956452328712,
                        0.00027697221958078444,
                        473153.5
                    ],
                    [
                        6004856.0,
                        0.00014804340025875717,
                        0.00037561735371127725,
                        563905.9375
                    ],
                    [
                        3835752.0,
                        0.00012653775047510862,
                        0.000348972505889833,
                        546822.625
                    ],
                    [
                        693592.0,
                        0.00011859468213515356,
                        0.000344088242854923,
                        536207.0
                    ],
                    [
                        1136680.0,
                        0.00011570940841920674,
                        0.00030916635296307504,
                        532932.75
                    ],
                    [
                        755856.0,
                        0.0001128598305513151,
                        0.00029186115716584027,
                        668301.125
                    ],
                    [
                        573408.0,
                        0.00011094257206423208,
                        0.00031188191496767104,
                        741689.6875
                    ],
                    [
                        432952.0,
                        0.0001095341140171513,
                        0.0003927450452465564,
                        678985.1875
                    ],
                    [
                        1216320.0,
                        0.00010730996291385964,
                        0.00034627493005245924,
                        618105.1875
                    ],
                    [
                        4131144.0,
                        0.00010072957229567692,
                        0.00028098482289351523,
                        571491.4375
                    ]
                ]
            ],
            "actions": [
                [
                    [
                        0.75
                    ],
                    [
                        0.75
                    ],
                    [
                        0.75
                    ],
                    [
                        0.75
                    ],
                    [
                        0.75
                    ],
                    [
                        0.75
                    ],
                    [
                        0.75
                    ],
                    [
                        0.75
                    ],
                    [
                        0.5
                    ],
                    [
                        0.5
                    ],
                    [
                        0.5
                    ],
                    [
                        0.5
                    ],
                    [
                        0.5
                    ],
                    [
                        0.5
                    ],
                    [
                        0.5
                    ],
                    [
                        0.5
                    ],
                    [
                        0.5
                    ],
                    [
                        0.5
                    ],
                    [
                        0.5
                    ],
                    [
                        0.5
                    ]
                ]
            ],
            "returns": [
                [
                    [
                        0.48685410618782043
                    ],
                    [
                        0.4859126806259155
                    ],
                    [
                        0.48498284816741943
                    ],
                    [
                        0.4840475022792816
                    ],
                    [
                        0.48311716318130493
                    ],
                    [
                        0.4821847677230835
                    ],
                    [
                        0.481250137090683
                    ],
                    [
                        0.48032015562057495
                    ],
                    [
                        0.4793863594532013
                    ],
                    [
                        0.47841066122055054
                    ],
                    [
                        0.47742152214050293
                    ],
                    [
                        0.4764544665813446
                    ],
                    [
                        0.47551068663597107
                    ],
                    [
                        0.47460663318634033
                    ],
                    [
                        0.4738542139530182
                    ],
                    [
                        0.47305798530578613
                    ],
                    [
                        0.4722979664802551
                    ],
                    [
                        0.47156238555908203
                    ],
                    [
                        0.47085174918174744
                    ],
                    [
                        0.47004953026771545
                    ]
                ]
            ],
            "timesteps": [
                [
                    100,
                    101,
                    102,
                    103,
                    104,
                    105,
                    106,
                    107,
                    108,
                    109,
                    110,
                    111,
                    112,
                    113,
                    114,
                    115,
                    116,
                    117,
                    118,
                    119
                ]
            ],
            "labels": [
                [
                    2,
                    2,
                    2,
                    2,
                    2,
                    2,
                    2,
                    2,
                    1,
                    1,
                    1,
                    1,
                    1,
                    1,
                    1,
                    1,
                    1,
                    1,
                    1,
                    1
                ]
            ],
            "CPU Usage": 45.9,
            "RAM Usage": 55.0,
            "GPU Usage": 0.0,
            "VRAM Usage": 355.0,
            "Disk Read Speed (MB/s)": 206668.9951171875,
            "Disk Write Speed (MB/s)": 439792.7392578125
        },
        {
            "step": 1,
            "train_loss": 0.0005897583905607462,
            "actions_pred1": [
                [
                    [
                        3.1623780727386475,
                        -0.21520015597343445,
                        0.5756596326828003,
                        -4.4170308113098145
                    ],
                    [
                        3.7522897720336914,
                        0.2387332320213318,
                        0.6933091282844543,
                        -4.592954635620117
                    ],
                    [
                        4.247040748596191,
                        1.304659366607666,
                        0.31174808740615845,
                        -4.661751747131348
                    ],
                    [
                        5.272704601287842,
                        1.2438883781433105,
                        -0.05285748839378357,
                        -4.647552490234375
                    ],
                    [
                        5.719611167907715,
                        0.2968466281890869,
                        -0.11089938879013062,
                        -5.350438117980957
                    ],
                    [
                        6.064907550811768,
                        0.25637632608413696,
                        0.13313651084899902,
                        -5.820253849029541
                    ],
                    [
                        6.064611434936523,
                        0.738219141960144,
                        0.030118227005004883,
                        -5.91524076461792
                    ],
                    [
                        5.899763107299805,
                        1.2634978294372559,
                        -0.2267952561378479,
                        -5.956269264221191
                    ],
                    [
                        5.885290145874023,
                        1.0796866416931152,
                        -0.46644356846809387,
                        -5.697016716003418
                    ],
                    [
                        6.360393047332764,
                        0.7293773889541626,
                        -0.5221569538116455,
                        -5.584900856018066
                    ],
                    [
                        6.4385576248168945,
                        0.7318279147148132,
                        -0.3879408836364746,
                        -5.959784507751465
                    ],
                    [
                        6.678595542907715,
                        0.684107780456543,
                        -0.17954570055007935,
                        -5.9694437980651855
                    ],
                    [
                        6.461052894592285,
                        0.7003908157348633,
                        -0.0031876564025878906,
                        -5.865479946136475
                    ],
                    [
                        6.1940789222717285,
                        0.8925815224647522,
                        -0.008612051606178284,
                        -5.888766765594482
                    ],
                    [
                        6.1113786697387695,
                        1.0396450757980347,
                        -0.09165765345096588,
                        -5.854257583618164
                    ],
                    [
                        6.130985260009766,
                        0.8797240257263184,
                        -0.10402864217758179,
                        -5.989859580993652
                    ],
                    [
                        6.041073322296143,
                        0.7770631313323975,
                        -0.03581251949071884,
                        -5.867365837097168
                    ],
                    [
                        5.9385786056518555,
                        0.695438802242279,
                        -0.28763556480407715,
                        -5.569319248199463
                    ],
                    [
                        6.142612457275391,
                        0.4447724521160126,
                        -0.17900533974170685,
                        -5.513326644897461
                    ],
                    [
                        6.327441215515137,
                        0.7476297616958618,
                        -0.21720314025878906,
                        -5.684818744659424
                    ]
                ]
            ],
            "actions_pred": [
                [
                    [
                        3.1623780727386475,
                        3.7522897720336914,
                        4.247040748596191,
                        5.272704601287842,
                        5.719611167907715,
                        6.064907550811768,
                        6.064611434936523,
                        5.899763107299805,
                        5.885290145874023,
                        6.360393047332764,
                        6.4385576248168945,
                        6.678595542907715,
                        6.461052894592285,
                        6.1940789222717285,
                        6.1113786697387695,
                        6.130985260009766,
                        6.041073322296143,
                        5.9385786056518555,
                        6.142612457275391,
                        6.327441215515137
                    ],
                    [
                        -0.21520015597343445,
                        0.2387332320213318,
                        1.304659366607666,
                        1.2438883781433105,
                        0.2968466281890869,
                        0.25637632608413696,
                        0.738219141960144,
                        1.2634978294372559,
                        1.0796866416931152,
                        0.7293773889541626,
                        0.7318279147148132,
                        0.684107780456543,
                        0.7003908157348633,
                        0.8925815224647522,
                        1.0396450757980347,
                        0.8797240257263184,
                        0.7770631313323975,
                        0.695438802242279,
                        0.4447724521160126,
                        0.7476297616958618
                    ],
                    [
                        0.5756596326828003,
                        0.6933091282844543,
                        0.31174808740615845,
                        -0.05285748839378357,
                        -0.11089938879013062,
                        0.13313651084899902,
                        0.030118227005004883,
                        -0.2267952561378479,
                        -0.46644356846809387,
                        -0.5221569538116455,
                        -0.3879408836364746,
                        -0.17954570055007935,
                        -0.0031876564025878906,
                        -0.008612051606178284,
                        -0.09165765345096588,
                        -0.10402864217758179,
                        -0.03581251949071884,
                        -0.28763556480407715,
                        -0.17900533974170685,
                        -0.21720314025878906
                    ],
                    [
                        -4.4170308113098145,
                        -4.592954635620117,
                        -4.661751747131348,
                        -4.647552490234375,
                        -5.350438117980957,
                        -5.820253849029541,
                        -5.91524076461792,
                        -5.956269264221191,
                        -5.697016716003418,
                        -5.584900856018066,
                        -5.959784507751465,
                        -5.9694437980651855,
                        -5.865479946136475,
                        -5.888766765594482,
                        -5.854257583618164,
                        -5.989859580993652,
                        -5.867365837097168,
                        -5.569319248199463,
                        -5.513326644897461,
                        -5.684818744659424
                    ]
                ]
            ],
            "states": [
                [
                    [
                        9174528.0,
                        1.5287421774701215e-05,
                        0.00015401413838844746,
                        462799.78125
                    ],
                    [
                        9721872.0,
                        1.4988291695772205e-05,
                        0.00014908269804436713,
                        471413.40625
                    ],
                    [
                        8650352.0,
                        1.4708337403135374e-05,
                        0.00013771618250757456,
                        476596.0
                    ],
                    [
                        9385704.0,
                        1.4443650798057206e-05,
                        0.000157010683324188,
                        448618.75
                    ],
                    [
                        9197696.0,
                        1.4180617654346861e-05,
                        0.00013674897491000593,
                        456343.53125
                    ],
                    [
                        9271544.0,
                        1.392852846038295e-05,
                        0.000155533998622559,
                        449987.3125
                    ],
                    [
                        8570712.0,
                        1.3693322216568049e-05,
                        0.00014997956168372184,
                        453578.0625
                    ],
                    [
                        9304848.0,
                        1.346561111859046e-05,
                        0.0001673756050877273,
                        435181.0625
                    ],
                    [
                        8921128.0,
                        1.3241030501376372e-05,
                        0.00015327449364122003,
                        460544.8125
                    ],
                    [
                        8646008.0,
                        1.303156568610575e-05,
                        0.00015547996736131608,
                        463163.09375
                    ],
                    [
                        8767640.0,
                        1.2830393643525895e-05,
                        0.00015675314352847636,
                        458172.0625
                    ],
                    [
                        8076944.0,
                        1.2641571629501414e-05,
                        0.00016837925068102777,
                        477030.90625
                    ],
                    [
                        8123280.0,
                        1.2465176951081958e-05,
                        0.00015461879957001656,
                        493767.40625
                    ],
                    [
                        8650352.0,
                        1.228769360750448e-05,
                        0.00016164440603461117,
                        451473.28125
                    ],
                    [
                        7982824.0,
                        1.211656035593478e-05,
                        0.00016790036170277745,
                        481186.15625
                    ],
                    [
                        7248688.0,
                        1.1963955330429599e-05,
                        0.00016397373110521585,
                        490311.46875
                    ],
                    [
                        7208144.0,
                        1.1822661690530367e-05,
                        0.00017705760546959937,
                        472943.71875
                    ],
                    [
                        7193664.0,
                        1.1685199751809705e-05,
                        0.000179134716745466,
                        469996.125
                    ],
                    [
                        6442152.0,
                        1.1557923244254198e-05,
                        0.00016420705651398748,
                        470480.40625
                    ],
                    [
                        6989496.0,
                        1.1435274245741311e-05,
                        0.00018320638628210872,
                        451753.78125
                    ]
                ]
            ],
            "actions": [
                [
                    [
                        0.25
                    ],
                    [
                        0.25
                    ],
                    [
                        0.25
                    ],
                    [
                        0.25
                    ],
                    [
                        0.25
                    ],
                    [
                        0.25
                    ],
                    [
                        0.25
                    ],
                    [
                        0.25
                    ],
                    [
                        0.25
                    ],
                    [
                        0.25
                    ],
                    [
                        0.25
                    ],
                    [
                        0.25
                    ],
                    [
                        0.25
                    ],
                    [
                        0.25
                    ],
                    [
                        0.25
                    ],
                    [
                        0.25
                    ],
                    [
                        0.25
                    ],
                    [
                        0.25
                    ],
                    [
                        0.25
                    ],
                    [
                        0.25
                    ]
                ]
            ],
            "returns": [
                [
                    [
                        0.2469175159931183
                    ],
                    [
                        0.24593615531921387
                    ],
                    [
                        0.24494965374469757
                    ],
                    [
                        0.2439734935760498
                    ],
                    [
                        0.24299012124538422
                    ],
                    [
                        0.2420085221529007
                    ],
                    [
                        0.24102622270584106
                    ],
                    [
                        0.24005089700222015
                    ],
                    [
                        0.23906828463077545
                    ],
                    [
                        0.2380893975496292
                    ],
                    [
                        0.23711329698562622
                    ],
                    [
                        0.23613594472408295
                    ],
                    [
                        0.23516587913036346
                    ],
                    [
                        0.2341953068971634
                    ],
                    [
                        0.23321916162967682
                    ],
                    [
                        0.2322501242160797
                    ],
                    [
                        0.23128965497016907
                    ],
                    [
                        0.23032966256141663
                    ],
                    [
                        0.2293698638677597
                    ],
                    [
                        0.22841985523700714
                    ]
                ]
            ],
            "timesteps": [
                [
                    360,
                    361,
                    362,
                    363,
                    364,
                    365,
                    366,
                    367,
                    368,
                    369,
                    370,
                    371,
                    372,
                    373,
                    374,
                    375,
                    376,
                    377,
                    378,
                    379
                ]
            ],
            "labels": [
                [
                    0,
                    0,
                    0,
                    0,
                    0,
                    0,
                    0,
                    0,
                    0,
                    0,
                    0,
                    0,
                    0,
                    0,
                    0,
                    0,
                    0,
                    0,
                    0,
                    0
                ]
            ],
            "CPU Usage": 46.7,
            "RAM Usage": 55.1,
            "GPU Usage": 0.0,
            "VRAM Usage": 355.0,
            "Disk Read Speed (MB/s)": 206668.9951171875,
            "Disk Write Speed (MB/s)": 439792.9150390625
        },
        {
            "step": 2,
            "train_loss": 0.006914444267749786,
            "actions_pred1": [
                [
                    [
                        3.2307047843933105,
                        1.1239595413208008,
                        1.599740743637085,
                        -6.961446285247803
                    ],
                    [
                        2.902773380279541,
                        1.188315987586975,
                        1.9468793869018555,
                        -6.257641315460205
                    ],
                    [
                        2.7854087352752686,
                        0.9439643621444702,
                        0.435109406709671,
                        -5.605386734008789
                    ],
                    [
                        2.932614326477051,
                        1.3860235214233398,
                        -0.3420454263687134,
                        -5.613558292388916
                    ],
                    [
                        2.8874456882476807,
                        1.4106184244155884,
                        -0.28848564624786377,
                        -5.698111534118652
                    ],
                    [
                        2.8390402793884277,
                        1.353888750076294,
                        -0.4403756260871887,
                        -6.040106296539307
                    ],
                    [
                        2.8037185668945312,
                        1.332294225692749,
                        -0.5016933679580688,
                        -6.042174339294434
                    ],
                    [
                        2.79183030128479,
                        1.1031925678253174,
                        -0.45017310976982117,
                        -6.227009296417236
                    ],
                    [
                        2.9372711181640625,
                        1.086854338645935,
                        -0.3200068473815918,
                        -6.248296737670898
                    ],
                    [
                        3.143435001373291,
                        1.1712861061096191,
                        -0.49906909465789795,
                        -6.369365692138672
                    ],
                    [
                        3.2485222816467285,
                        1.226356863975525,
                        -0.6058850288391113,
                        -6.22633695602417
                    ],
                    [
                        3.03908634185791,
                        1.106619954109192,
                        -0.45287925004959106,
                        -6.565926551818848
                    ],
                    [
                        2.8552730083465576,
                        1.2099568843841553,
                        -0.49818655848503113,
                        -6.428910255432129
                    ],
                    [
                        2.912496328353882,
                        1.3109755516052246,
                        -0.3980422914028168,
                        -6.467569828033447
                    ],
                    [
                        3.068638324737549,
                        1.4821486473083496,
                        -0.06550855934619904,
                        -6.3216447830200195
                    ],
                    [
                        3.12725830078125,
                        1.6295979022979736,
                        -0.20935937762260437,
                        -6.219075679779053
                    ],
                    [
                        3.147883653640747,
                        1.4720067977905273,
                        -0.29424458742141724,
                        -6.352922439575195
                    ],
                    [
                        3.223029613494873,
                        1.5492228269577026,
                        -0.39117923378944397,
                        -6.488959312438965
                    ],
                    [
                        3.190654754638672,
                        1.6095781326293945,
                        -0.2533858120441437,
                        -6.432208061218262
                    ],
                    [
                        3.1441245079040527,
                        1.6162302494049072,
                        -0.16675366461277008,
                        -6.552956581115723
                    ]
                ]
            ],
            "actions_pred": [
                [
                    [
                        3.2307047843933105,
                        2.902773380279541,
                        2.7854087352752686,
                        2.932614326477051,
                        2.8874456882476807,
                        2.8390402793884277,
                        2.8037185668945312,
                        2.79183030128479,
                        2.9372711181640625,
                        3.143435001373291,
                        3.2485222816467285,
                        3.03908634185791,
