{
    "steps": [
        {
            "step": 0,
            "train_loss": 0.03274393826723099,
            "actions_pred1": [
                [
                    [
                        0.21233437955379486,
                        1.0385712385177612,
                        1.2264928817749023,
                        -1.892897605895996
                    ],
                    [
                        0.14010171592235565,
                        1.1062583923339844,
                        1.242811918258667,
                        -1.5560532808303833
                    ],
                    [
                        0.20843148231506348,
                        1.065736174583435,
                        1.341711401939392,
                        -1.6967765092849731
                    ],
                    [
                        0.23281802237033844,
                        0.9675925970077515,
                        1.4080841541290283,
                        -1.7901513576507568
                    ],
                    [
                        0.17251843214035034,
                        1.0592330694198608,
                        1.5437670946121216,
                        -1.882903814315796
                    ],
                    [
                        0.05238167941570282,
                        1.1542116403579712,
                        1.3869885206222534,
                        -2.0841031074523926
                    ],
                    [
                        0.16431774199008942,
                        1.0843863487243652,
                        1.3624571561813354,
                        -2.054180145263672
                    ],
                    [
                        0.1718105524778366,
                        1.0525116920471191,
                        1.3201242685317993,
                        -1.9544633626937866
                    ],
                    [
                        0.1995220184326172,
                        1.01774001121521,
                        1.302893042564392,
                        -1.9280532598495483
                    ],
                    [
                        0.08166640251874924,
                        0.9096659421920776,
                        1.302712082862854,
                        -1.7713299989700317
                    ],
                    [
                        0.18895339965820312,
                        1.045781135559082,
                        1.3456575870513916,
                        -1.8739326000213623
                    ],
                    [
                        0.21864350140094757,
                        1.0475155115127563,
                        1.3203486204147339,
                        -1.9645081758499146
                    ],
                    [
                        0.1424209475517273,
                        1.0418634414672852,
                        1.3269093036651611,
                        -1.9761444330215454
                    ],
                    [
                        0.10013966262340546,
                        1.1592592000961304,
                        1.3989638090133667,
                        -2.059988498687744
                    ],
                    [
                        0.19937223196029663,
                        1.0097968578338623,
                        1.5127923488616943,
                        -1.9722373485565186
                    ],
                    [
                        0.12904921174049377,
                        1.0655632019042969,
                        1.481699824333191,
                        -1.992215633392334
                    ],
                    [
                        0.0760582834482193,
                        1.1578503847122192,
                        1.4931950569152832,
                        -2.0042290687561035
                    ],
                    [
                        0.11468744277954102,
                        1.1307706832885742,
                        1.592229962348938,
                        -2.0412161350250244
                    ],
                    [
                        0.1829669177532196,
                        1.1197935342788696,
                        1.5865858793258667,
                        -2.015166759490967
                    ],
                    [
                        0.09313827753067017,
                        1.1097029447555542,
                        1.4978848695755005,
                        -2.1162967681884766
                    ]
                ]
            ],
            "actions_pred": [
                [
                    [
                        0.21233437955379486,
                        0.14010171592235565,
                        0.20843148231506348,
                        0.23281802237033844,
                        0.17251843214035034,
                        0.05238167941570282,
                        0.16431774199008942,
                        0.1718105524778366,
                        0.1995220184326172,
                        0.08166640251874924,
                        0.18895339965820312,
                        0.21864350140094757,
                        0.1424209475517273,
                        0.10013966262340546,
                        0.19937223196029663,
                        0.12904921174049377,
                        0.0760582834482193,
                        0.11468744277954102,
                        0.1829669177532196,
                        0.09313827753067017
                    ],
                    [
                        1.0385712385177612,
                        1.1062583923339844,
                        1.065736174583435,
                        0.9675925970077515,
                        1.0592330694198608,
                        1.1542116403579712,
                        1.0843863487243652,
                        1.0525116920471191,
                        1.01774001121521,
                        0.9096659421920776,
                        1.045781135559082,
                        1.0475155115127563,
                        1.0418634414672852,
                        1.1592592000961304,
                        1.0097968578338623,
                        1.0655632019042969,
                        1.1578503847122192,
                        1.1307706832885742,
                        1.1197935342788696,
                        1.1097029447555542
                    ],
                    [
                        1.2264928817749023,
                        1.242811918258667,
                        1.341711401939392,
                        1.4080841541290283,
                        1.5437670946121216,
                        1.3869885206222534,
                        1.3624571561813354,
                        1.3201242685317993,
                        1.302893042564392,
                        1.302712082862854,
                        1.3456575870513916,
                        1.3203486204147339,
                        1.3269093036651611,
                        1.3989638090133667,
                        1.5127923488616943,
                        1.481699824333191,
                        1.4931950569152832,
                        1.592229962348938,
                        1.5865858793258667,
                        1.4978848695755005
                    ],
                    [
                        -1.892897605895996,
                        -1.5560532808303833,
                        -1.6967765092849731,
                        -1.7901513576507568,
                        -1.882903814315796,
                        -2.0841031074523926,
                        -2.054180145263672,
                        -1.9544633626937866,
                        -1.9280532598495483,
                        -1.7713299989700317,
                        -1.8739326000213623,
                        -1.9645081758499146,
                        -1.9761444330215454,
                        -2.059988498687744,
                        -1.9722373485565186,
                        -1.992215633392334,
                        -2.0042290687561035,
                        -2.0412161350250244,
                        -2.015166759490967,
                        -2.1162967681884766
                    ]
                ]
            ],
            "states": [
                [
                    [
                        3453480.0,
                        1.1675143468892202e-05,
                        0.00029440681100822985,
                        672821.0625
                    ],
                    [
                        4107976.0,
                        1.1557735888345633e-05,
                        0.00028164629475213587,
                        683579.125
                    ],
                    [
                        4089152.0,
                        1.1433058716647793e-05,
                        0.00027785348356701434,
                        696568.625
                    ],
                    [
                        3556288.0,
                        1.131914814322954e-05,
                        0.00038381022750400007,
                        634586.1875
                    ],
                    [
                        2583232.0,
                        1.1229288247704972e-05,
                        0.0002961547579616308,
                        661987.4375
                    ],
                    [
                        1912808.0,
                        1.1164392162754666e-05,
                        0.00029962105327285826,
                        693806.25
                    ],
                    [
                        2088016.0,
                        1.1107291356893256e-05,
                        0.00029777659801766276,
                        580816.75
                    ],
                    [
                        2896000.0,
                        1.103698832594091e-05,
                        0.0002728095860220492,
                        525629.9375
                    ],
                    [
                        2564408.0,
                        1.0960944564430974e-05,
                        0.0002930021146312356,
                        619511.5625
                    ],
                    [
                        3921184.0,
                        1.087203600036446e-05,
                        0.0005929499748162925,
                        538834.625
                    ],
                    [
                        2794640.0,
                        1.0781384844449349e-05,
                        0.00017766767996363342,
                        677916.4375
                    ],
                    [
                        4726272.0,
                        1.0681769708753563e-05,
                        0.00018339134112466127,
                        599563.375
                    ],
                    [
                        4927544.0,
                        1.0556481356616132e-05,
                        0.00019205290300305933,
                        583179.3125
                    ],
                    [
                        5944040.0,
                        1.0418904821563046e-05,
                        0.0002024973655352369,
                        603427.0
                    ],
                    [
                        5063656.0,
                        1.0283110896125436e-05,
                        0.0002613598189782351,
                        607061.125
                    ],
                    [
                        5221488.0,
                        1.015944144455716e-05,
                        0.00023075626813806593,
                        620602.0625
                    ],
                    [
                        3421624.0,
                        1.0057716281153262e-05,
                        0.00032322804327122867,
                        608652.25
                    ],
                    [
                        3476648.0,
                        9.978034540836234e-06,
                        0.0002578554267529398,
                        617310.8125
                    ],
                    [
                        3407144.0,
                        9.899765245791059e-06,
                        0.00022438736050389707,
                        706043.875
                    ],
                    [
                        3938560.0,
                        9.817606041906402e-06,
                        0.00038321700412780046,
                        631372.625
                    ]
                ]
            ],
            "actions": [
                [
                    [
                        0.5
                    ],
                    [
                        0.5
                    ],
                    [
                        0.5
                    ],
                    [
                        0.5
                    ],
                    [
                        0.5
                    ],
                    [
                        0.5
                    ],
                    [
                        0.5
                    ],
                    [
                        0.5
                    ],
                    [
                        0.5
                    ],
                    [
                        0.5
                    ],
                    [
                        0.5
                    ],
                    [
                        0.5
                    ],
                    [
                        0.5
                    ],
                    [
                        0.5
                    ],
                    [
                        0.5
                    ],
                    [
                        0.5
                    ],
                    [
                        0.5
                    ],
                    [
                        0.5
                    ],
                    [
                        0.5
                    ],
                    [
                        0.5
                    ]
                ]
            ],
            "returns": [
                [
                    [
                        0.41369158029556274
                    ],
                    [
                        0.41279682517051697
                    ],
                    [
                        0.41188669204711914
                    ],
                    [
                        0.41097697615623474
                    ],
                    [
                        0.41007962822914124
                    ],
                    [
                        0.4092106521129608
                    ],
                    [
                        0.4083682894706726
                    ],
                    [
                        0.4075181484222412
                    ],
                    [
                        0.4066390097141266
                    ],
                    [
                        0.4057706594467163
                    ],
                    [
                        0.40486466884613037
                    ],
                    [
                        0.40398868918418884
                    ],
                    [
                        0.40306612849235535
                    ],
                    [
                        0.4021398723125458
                    ],
                    [
                        0.40119698643684387
                    ],
                    [
                        0.4002683162689209
                    ],
                    [
                        0.39933690428733826
                    ],
                    [
                        0.39844298362731934
                    ],
                    [
                        0.3975476622581482
                    ],
                    [
                        0.3966540992259979
                    ]
                ]
            ],
            "timesteps": [
                [
                    180,
                    181,
                    182,
                    183,
                    184,
                    185,
                    186,
                    187,
                    188,
                    189,
                    190,
                    191,
                    192,
                    193,
                    194,
                    195,
                    196,
                    197,
                    198,
                    199
                ]
            ],
            "labels": [
                [
                    1,
                    1,
                    1,
                    1,
                    1,
                    1,
                    1,
                    1,
                    1,
                    1,
                    1,
                    1,
                    1,
                    1,
                    1,
                    1,
                    1,
                    1,
                    1,
                    1
                ]
            ],
            "CPU Usage": 45.5,
            "RAM Usage": 55.0,
            "GPU Usage": 0.0,
            "VRAM Usage": 355.0,
            "Disk Read Speed (MB/s)": 206399.5673828125,
            "Disk Write Speed (MB/s)": 392728.9111328125
        },
        {
            "step": 1,
            "train_loss": 0.052350156009197235,
            "actions_pred1": [
                [
                    [
                        0.33988624811172485,
                        1.2338919639587402,
                        1.5372802019119263,
                        -1.83566153049469
                    ],
                    [
                        0.2832276523113251,
                        1.0105711221694946,
                        1.2645528316497803,
                        -1.6517099142074585
                    ],
                    [
                        0.22948819398880005,
                        0.6411952972412109,
                        1.0770971775054932,
                        -1.8054753541946411
                    ],
                    [
                        0.32287782430648804,
                        0.6922542452812195,
                        0.9731923341751099,
                        -1.851219654083252
                    ],
                    [
                        0.3053317666053772,
                        0.7419124245643616,
                        1.0565370321273804,
                        -1.9405754804611206
                    ],
                    [
                        0.21089985966682434,
                        0.825404167175293,
                        1.151090383529663,
                        -1.9323296546936035
                    ],
                    [
                        0.336245596408844,
                        0.809506893157959,
                        1.125888466835022,
                        -2.102290630340576
                    ],
                    [
                        0.3231910467147827,
                        0.809638500213623,
                        1.115437388420105,
                        -2.1103219985961914
                    ],
                    [
                        0.3467669188976288,
                        1.0130913257598877,
                        1.3183250427246094,
                        -2.1959643363952637
                    ],
                    [
                        0.44306740164756775,
                        1.062936544418335,
                        1.30488920211792,
                        -2.134279727935791
                    ],
                    [
                        0.3691803812980652,
                        0.948701798915863,
                        1.289203405380249,
                        -2.122012138366699
                    ],
                    [
                        0.30671414732933044,
                        0.9509105682373047,
                        1.2292320728302002,
                        -2.063028335571289
                    ],
                    [
                        0.36233922839164734,
                        0.9697057008743286,
                        1.232944130897522,
                        -2.0532450675964355
                    ],
                    [
                        0.3571779131889343,
                        1.0339813232421875,
                        1.3740746974945068,
                        -1.9018193483352661
                    ],
                    [
                        0.40087223052978516,
                        0.9992024898529053,
                        1.3614925146102905,
                        -1.878892421722412
                    ],
                    [
                        0.37500131130218506,
                        0.7997452020645142,
                        1.2155287265777588,
                        -1.9349968433380127
                    ],
                    [
                        0.41141876578330994,
                        0.9097829461097717,
                        1.2084252834320068,
                        -2.0074069499969482
                    ],
                    [
                        0.34304994344711304,
                        0.9284272789955139,
                        1.1998562812805176,
                        -1.9185287952423096
                    ],
                    [
                        0.3378444314002991,
                        0.9559085965156555,
                        1.2651768922805786,
                        -1.9309576749801636
                    ],
                    [
                        0.3178485631942749,
                        0.9528761506080627,
                        1.3351764678955078,
                        -2.0077638626098633
                    ]
                ]
            ],
            "actions_pred": [
                [
                    [
                        0.33988624811172485,
                        0.2832276523113251,
                        0.22948819398880005,
                        0.32287782430648804,
                        0.3053317666053772,
                        0.21089985966682434,
                        0.336245596408844,
                        0.3231910467147827,
                        0.3467669188976288,
                        0.44306740164756775,
                        0.3691803812980652,
                        0.30671414732933044,
                        0.36233922839164734,
                        0.3571779131889343,
                        0.40087223052978516,
                        0.37500131130218506,
                        0.41141876578330994,
                        0.34304994344711304,
                        0.3378444314002991,
                        0.3178485631942749
                    ],
                    [
                        1.2338919639587402,
                        1.0105711221694946,
                        0.6411952972412109,
                        0.6922542452812195,
                        0.7419124245643616,
                        0.825404167175293,
                        0.809506893157959,
                        0.809638500213623,
                        1.0130913257598877,
                        1.062936544418335,
                        0.948701798915863,
                        0.9509105682373047,
                        0.9697057008743286,
                        1.0339813232421875,
                        0.9992024898529053,
                        0.7997452020645142,
                        0.9097829461097717,
                        0.9284272789955139,
                        0.9559085965156555,
                        0.9528761506080627
                    ],
                    [
                        1.5372802019119263,
                        1.2645528316497803,
                        1.0770971775054932,
                        0.9731923341751099,
                        1.0565370321273804,
                        1.151090383529663,
                        1.125888466835022,
                        1.115437388420105,
                        1.3183250427246094,
                        1.30488920211792,
                        1.289203405380249,
                        1.2292320728302002,
                        1.232944130897522,
                        1.3740746974945068,
                        1.3614925146102905,
                        1.2155287265777588,
                        1.2084252834320068,
                        1.1998562812805176,
                        1.2651768922805786,
                        1.3351764678955078
                    ],
                    [
                        -1.83566153049469,
                        -1.6517099142074585,
                        -1.8054753541946411,
                        -1.851219654083252,
                        -1.9405754804611206,
                        -1.9323296546936035,
                        -2.102290630340576,
                        -2.1103219985961914,
                        -2.1959643363952637,
                        -2.134279727935791,
                        -2.122012138366699,
                        -2.063028335571289,
                        -2.0532450675964355,
                        -1.9018193483352661,
                        -1.878892421722412,
                        -1.9349968433380127,
                        -2.0074069499969482,
                        -1.9185287952423096,
                        -1.9309576749801636,
                        -2.0077638626098633
                    ]
                ]
            ],
            "states": [
                [
                    [
                        5130264.0,
                        9.53052585828118e-06,
                        0.00017112551722675562,
                        484343.53125
                    ],
                    [
                        5473440.0,
                        9.464440154260956e-06,
                        0.00025726869353093207,
                        530369.25
                    ],
                    [
                        5615344.0,
                        9.396303539688233e-06,
                        0.000244751397985965,
                        507658.4375
                    ],
                    [
                        5705120.0,
                        9.327747648057994e-06,
                        0.0002547030453570187,
                        475297.125
                    ],
                    [
                        5661680.0,
                        9.25990843825275e-06,
                        0.0002602769818622619,
                        509474.46875
                    ],
                    [
                        5626928.0,
                        9.193505320581608e-06,
                        0.00028401854797266424,
                        512406.875
                    ],
                    [
                        7240000.0,
                        9.118992238654755e-06,
                        0.00026182830333709717,
                        473767.34375
                    ],
                    [
                        6098976.0,
                        9.042967576533556e-06,
                        0.00025427230866625905,
                        486137.84375
                    ],
                    [
                        5957072.0,
                        8.975355740403756e-06,
                        0.00025071317213587463,
                        481721.90625
                    ],
                    [
                        6045400.0,
                        8.909044481697492e-06,
                        0.000257556646829471,
                        512695.15625
                    ],
                    [
                        5554528.0,
                        8.845872798701748e-06,
                        0.0002534309751354158,
                        490408.03125
                    ],
                    [
                        5395248.0,
                        8.787061233306304e-06,
                        0.00019772094674408436,
                        502051.125
                    ],
                    [
                        6014992.0,
                        8.726612577447668e-06,
                        0.00023689404770266265,
                        496127.90625
                    ],
                    [
                        5615344.0,
                        8.665836503496394e-06,
                        0.00024040597782004625,
                        497831.1875
                    ],
                    [
                        5961416.0,
                        8.60618456499651e-06,
                        0.00023798528127372265,
                        498399.9375
                    ],
                    [
                        5690640.0,
                        8.546960089006461e-06,
                        0.0002599294239189476,
                        501903.53125
                    ],
                    [
                        6043952.0,
                        8.48813488119049e-06,
                        0.0002636733988765627,
                        501576.46875
                    ],
                    [
                        7975584.0,
                        8.418936886300799e-06,
                        0.00023683813924435526,
                        444337.65625
                    ],
                    [
                        5891912.0,
                        8.351544238394126e-06,
                        0.0002558637352194637,
                        498428.25
                    ],
                    [
                        6125040.0,
                        8.294033250422217e-06,
                        0.00024174025747925043,
                        501703.09375
                    ]
                ]
            ],
            "actions": [
                [
                    [
                        0.25
                    ],
                    [
                        0.25
                    ],
                    [
                        0.25
                    ],
                    [
                        0.25
                    ],
                    [
                        0.25
                    ],
                    [
                        0.25
                    ],
                    [
                        0.25
                    ],
                    [
                        0.25
                    ],
                    [
                        0.25
                    ],
                    [
                        0.25
                    ],
                    [
                        0.25
                    ],
                    [
                        0.25
                    ],
                    [
                        0.25
                    ],
                    [
                        0.25
                    ],
                    [
                        0.25
                    ],
                    [
                        0.25
                    ],
                    [
                        0.25
                    ],
                    [
                        0.25
                    ],
                    [
                        0.25
                    ],
                    [
                        0.25
                    ]
                ]
            ],
            "returns": [
                [
                    [
                        0.20859551429748535
                    ],
                    [
                        0.20766568183898926
                    ],
                    [
                        0.20673011243343353
                    ],
                    [
                        0.20579227805137634
                    ],
                    [
                        0.20485302805900574
                    ],
                    [
                        0.20391446352005005
                    ],
                    [
                        0.20297643542289734
                    ],
                    [
                        0.20201605558395386
                    ],
                    [
                        0.2010708898305893
                    ],
                    [
                        0.20012782514095306
                    ],
                    [
                        0.19918343424797058
                    ],
                    [
                        0.1982465535402298
                    ],
                    [
                        0.19731226563453674
                    ],
                    [
                        0.19636832177639008
                    ],
                    [
                        0.19543048739433289
                    ],
                    [
                        0.19448734819889069
                    ],
                    [
                        0.193548321723938
                    ],
                    [
                        0.1926039606332779
                    ],
                    [
                        0.19163501262664795
                    ],
                    [
                        0.19069290161132812
                    ]
                ]
            ],
            "timesteps": [
                [
                    400,
                    401,
                    402,
                    403,
                    404,
                    405,
                    406,
                    407,
                    408,
                    409,
                    410,
                    411,
                    412,
                    413,
                    414,
                    415,
                    416,
                    417,
                    418,
                    419
                ]
            ],
            "labels": [
                [
                    0,
                    0,
                    0,
                    0,
                    0,
                    0,
                    0,
                    0,
                    0,
                    0,
                    0,
                    0,
                    0,
                    0,
                    0,
                    0,
                    0,
                    0,
                    0,
                    0
                ]
            ],
            "CPU Usage": 46.7,
            "RAM Usage": 55.2,
            "GPU Usage": 0.0,
            "VRAM Usage": 355.0,
            "Disk Read Speed (MB/s)": 206399.5673828125,
            "Disk Write Speed (MB/s)": 392728.9658203125
        },
        {
            "step": 2,
            "train_loss": 0.05806991457939148,
            "actions_pred1": [
                [
                    [
                        -0.13729718327522278,
                        1.1091783046722412,
                        1.5373284816741943,
                        -1.7241954803466797
                    ],
                    [
                        -0.056358858942985535,
                        0.8762485384941101,
                        1.4990077018737793,
                        -1.6323347091674805
                    ],
                    [
                        0.04223015159368515,
                        0.8075419068336487,
                        1.534493088722229,
                        -1.770357370376587
                    ],
                    [
                        0.11214178800582886,
                        0.8312133550643921,
                        1.6045618057250977,
                        -1.5752053260803223
                    ],
                    [
                        0.2739165723323822,
                        0.8379195928573608,
                        1.6778063774108887,
                        -1.6567904949188232
                    ],
                    [
                        0.28735223412513733,
                        0.9119952321052551,
                        1.609922170639038,
                        -1.6556265354156494
                    ],
                    [
                        0.10369257628917694,
                        0.959308385848999,
                        1.5443073511123657,
                        -1.6887726783752441
                    ],
                    [
                        0.1482151597738266,
                        0.8843311667442322,
                        1.3962900638580322,
                        -1.8690623044967651
                    ],
                    [
                        0.17023923993110657,
                        0.7899501323699951,
                        1.4721839427947998,
                        -1.7963101863861084
                    ],
                    [
                        0.35586750507354736,
                        1.0160809755325317,
                        1.5995078086853027,
                        -1.985421061515808
                    ],
                    [
                        0.5845717191696167,
                        1.1382107734680176,
                        1.6730762720108032,
                        -1.8451895713806152
                    ],
                    [
                        0.6236249208450317,
                        1.09211003780365,
                        1.519967794418335,
                        -1.7966253757476807
                    ],
                    [
                        0.5482133030891418,
                        1.1863259077072144,
                        1.5513858795166016,
                        -1.854766607284546
                    ],
                    [
                        0.4423227310180664,
                        1.0982528924942017,
                        1.6087726354599,
                        -1.853212833404541
                    ],
                    [
                        0.41654154658317566,
                        0.9906737804412842,
                        1.467143177986145,
                        -1.9092991352081299
                    ],
                    [
                        0.46871185302734375,
                        0.9831011295318604,
                        1.456089735031128,
                        -1.959578514099121
                    ],
                    [
                        0.36479735374450684,
                        1.0480589866638184,
                        1.5341819524765015,
                        -1.8987281322479248
                    ],
                    [
                        0.5606434941291809,
                        1.0773450136184692,
                        1.4528743028640747,
                        -1.8696675300598145
                    ],
                    [
                        0.5528647303581238,
                        0.9668710231781006,
                        1.2381324768066406,
                        -1.7067826986312866
                    ],
                    [
                        0.5237694978713989,
                        0.945107102394104,
                        1.4369919300079346,
                        -1.6426727771759033
                    ]
                ]
            ],
            "actions_pred": [
                [
                    [
                        -0.13729718327522278,
                        -0.056358858942985535,
                        0.04223015159368515,
                        0.11214178800582886,
                        0.2739165723323822,
                        0.28735223412513733,
                        0.10369257628917694,
                        0.1482151597738266,
                        0.17023923993110657,
                        0.35586750507354736,
                        0.5845717191696167,
