{
    "steps": [
        {
            "step": 0,
            "train_loss": 0.08945170044898987,
            "actions_pred1": [
                [
                    [
                        0.2755068838596344,
                        1.2401190996170044,
                        1.848893165588379,
                        -4.455757141113281
                    ],
                    [
                        0.19476374983787537,
                        1.7580480575561523,
                        2.8122875690460205,
                        -5.177484512329102
                    ],
                    [
                        0.3211793005466461,
                        2.016648530960083,
                        2.2881152629852295,
                        -6.2113518714904785
                    ],
                    [
                        0.3757893443107605,
                        2.6685235500335693,
                        1.684300184249878,
                        -6.461134910583496
                    ],
                    [
                        0.21632683277130127,
                        2.6390578746795654,
                        1.7555173635482788,
                        -6.782976150512695
                    ],
                    [
                        0.05467289686203003,
                        2.6222877502441406,
                        1.8310779333114624,
                        -7.205962657928467
                    ],
                    [
                        -0.08765685558319092,
                        2.83017635345459,
                        1.907884120941162,
                        -7.463029861450195
                    ],
                    [
                        -0.1101105809211731,
                        2.868828773498535,
                        2.044057846069336,
                        -7.766132354736328
                    ],
                    [
                        -0.07222425937652588,
                        2.843940258026123,
                        2.123934745788574,
                        -8.052261352539062
                    ],
                    [
                        0.3465768098831177,
                        2.787400960922241,
                        1.9352595806121826,
                        -8.101302146911621
                    ],
                    [
                        0.44117048382759094,
                        2.7173852920532227,
                        2.0207085609436035,
                        -8.02682113647461
                    ],
                    [
                        0.1656714677810669,
                        2.775784492492676,
                        2.2081034183502197,
                        -8.177850723266602
                    ],
                    [
                        0.2582617402076721,
                        2.7913904190063477,
                        2.225163221359253,
                        -8.055545806884766
                    ],
                    [
                        0.42398613691329956,
                        2.704643726348877,
                        2.1597189903259277,
                        -8.060855865478516
                    ],
                    [
                        0.66773521900177,
                        2.9376533031463623,
                        2.4257681369781494,
                        -8.391164779663086
                    ],
                    [
                        0.7219523191452026,
                        2.98287296295166,
                        2.2503437995910645,
                        -8.292497634887695
                    ],
                    [
                        0.4953564405441284,
                        2.5236620903015137,
                        2.1422970294952393,
                        -7.9226789474487305
                    ],
                    [
                        0.4815950393676758,
                        2.6556668281555176,
                        2.1828367710113525,
                        -8.134157180786133
                    ],
                    [
                        0.5476285219192505,
                        2.975667953491211,
                        2.301471471786499,
                        -8.183513641357422
                    ],
                    [
                        0.7156909704208374,
                        2.889479637145996,
                        2.3545804023742676,
                        -8.223209381103516
                    ]
                ]
            ],
            "actions_pred": [
                [
                    [
                        0.2755068838596344,
                        0.19476374983787537,
                        0.3211793005466461,
                        0.3757893443107605,
                        0.21632683277130127,
                        0.05467289686203003,
                        -0.08765685558319092,
                        -0.1101105809211731,
                        -0.07222425937652588,
                        0.3465768098831177,
                        0.44117048382759094,
                        0.1656714677810669,
                        0.2582617402076721,
                        0.42398613691329956,
                        0.66773521900177,
                        0.7219523191452026,
                        0.4953564405441284,
                        0.4815950393676758,
                        0.5476285219192505,
                        0.7156909704208374
                    ],
                    [
                        1.2401190996170044,
                        1.7580480575561523,
                        2.016648530960083,
                        2.6685235500335693,
                        2.6390578746795654,
                        2.6222877502441406,
                        2.83017635345459,
                        2.868828773498535,
                        2.843940258026123,
                        2.787400960922241,
                        2.7173852920532227,
                        2.775784492492676,
                        2.7913904190063477,
                        2.704643726348877,
                        2.9376533031463623,
                        2.98287296295166,
                        2.5236620903015137,
                        2.6556668281555176,
                        2.975667953491211,
                        2.889479637145996
                    ],
                    [
                        1.848893165588379,
                        2.8122875690460205,
                        2.2881152629852295,
                        1.684300184249878,
                        1.7555173635482788,
                        1.8310779333114624,
                        1.907884120941162,
                        2.044057846069336,
                        2.123934745788574,
                        1.9352595806121826,
                        2.0207085609436035,
                        2.2081034183502197,
                        2.225163221359253,
                        2.1597189903259277,
                        2.4257681369781494,
                        2.2503437995910645,
                        2.1422970294952393,
                        2.1828367710113525,
                        2.301471471786499,
                        2.3545804023742676
                    ],
                    [
                        -4.455757141113281,
                        -5.177484512329102,
                        -6.2113518714904785,
                        -6.461134910583496,
                        -6.782976150512695,
                        -7.205962657928467,
                        -7.463029861450195,
                        -7.766132354736328,
                        -8.052261352539062,
                        -8.101302146911621,
                        -8.02682113647461,
                        -8.177850723266602,
                        -8.055545806884766,
                        -8.060855865478516,
                        -8.391164779663086,
                        -8.292497634887695,
                        -7.9226789474487305,
                        -8.134157180786133,
                        -8.183513641357422,
                        -8.223209381103516
                    ]
                ]
            ],
            "states": [
                [
                    [
                        5346016.0,
                        3.834013477899134e-05,
                        0.0014523763675242662,
                        508420.875
                    ],
                    [
                        5408280.0,
                        3.6602417821995914e-05,
                        0.0012122188927605748,
                        493151.53125
                    ],
                    [
                        5290992.0,
                        3.502258914522827e-05,
                        0.0010567386634647846,
                        527754.375
                    ],
                    [
                        4871072.0,
                        3.364306758157909e-05,
                        0.0010331012308597565,
                        499436.125
                    ],
                    [
                        5112888.0,
                        3.239049328840338e-05,
                        0.0008577806875109673,
                        510007.28125
                    ],
                    [
                        5560320.0,
                        3.1150953873293474e-05,
                        0.009355437941849232,
                        487248.6875
                    ],
                    [
                        5574800.0,
                        1.764485568855889e-05,
                        0.005326922982931137,
                        503265.46875
                    ],
                    [
                        5363392.0,
                        1.8441511201672256e-05,
                        0.00705355079844594,
                        500775.59375
                    ],
                    [
                        5134608.0,
                        2.999954449478537e-05,
                        0.003215600736439228,
                        494512.125
                    ],
                    [
                        5509640.0,
                        1.6405823771492578e-05,
                        0.005743528250604868,
                        466303.4375
                    ],
                    [
                        5509640.0,
                        1.6405823771492578e-05,
                        0.005743528250604868,
                        466303.4375
                    ],
                    [
                        5069448.0,
                        2.8978191039641388e-05,
                        0.0006789364852011204,
                        506032.28125
                    ],
                    [
                        5574800.0,
                        1.764485568855889e-05,
                        0.005326922982931137,
                        503265.46875
                    ],
                    [
                        1811448.0,
                        2.832559766829945e-05,
                        0.006547329016029835,
                        511753.5625
                    ],
                    [
                        5228728.0,
                        2.7692145522451028e-05,
                        0.00019177634385414422,
                        489897.5625
                    ],
                    [
                        5105648.0,
                        2.680875695659779e-05,
                        0.0001491233124397695,
                        484135.40625
                    ],
                    [
                        5137504.0,
                        2.59872085734969e-05,
                        0.0002625611668918282,
                        463221.75
                    ],
                    [
                        5053520.0,
                        2.521825081203133e-05,
                        0.0004885925445705652,
                        468607.3125
                    ],
                    [
                        4761024.0,
                        2.4519293219782412e-05,
                        0.0010367168579250574,
                        491127.34375
                    ],
                    [
                        4991256.0,
                        2.386243431828916e-05,
                        0.0028569940477609634,
                        492679.28125
                    ]
                ]
            ],
            "actions": [
                [
                    [
                        0.25
                    ],
                    [
                        0.25
                    ],
                    [
                        0.25
                    ],
                    [
                        0.25
                    ],
                    [
                        0.25
                    ],
                    [
                        0.25
                    ],
                    [
                        0.25
                    ],
                    [
                        0.25
                    ],
                    [
                        0.25
                    ],
                    [
                        0.25
                    ],
                    [
                        0.25
                    ],
                    [
                        0.25
                    ],
                    [
                        0.25
                    ],
                    [
                        0.25
                    ],
                    [
                        0.25
                    ],
                    [
                        0.25
                    ],
                    [
                        0.25
                    ],
                    [
                        0.25
                    ],
                    [
                        0.25
                    ],
                    [
                        0.25
                    ]
                ]
            ],
            "returns": [
                [
                    [
                        0.03608226776123047
                    ],
                    [
                        0.03514878451824188
                    ],
                    [
                        0.03421427682042122
                    ],
                    [
                        0.033281709998846054
                    ],
                    [
                        0.03235647454857826
                    ],
                    [
                        0.031426943838596344
                    ],
                    [
                        0.030489977449178696
                    ],
                    [
                        0.029552778229117393
                    ],
                    [
                        0.028619008138775826
                    ],
                    [
                        0.027689101174473763
                    ],
                    [
                        0.02675294503569603
                    ],
                    [
                        0.025816788896918297
                    ],
                    [
                        0.024888014420866966
                    ],
                    [
                        0.023950817063450813
                    ],
                    [
                        0.023113280534744263
                    ],
                    [
                        0.022181764245033264
                    ],
                    [
                        0.021252360194921494
                    ],
                    [
                        0.02032240480184555
                    ],
                    [
                        0.019393909722566605
                    ],
                    [
                        0.018470700830221176
                    ]
                ]
            ],
            "timesteps": [
                [
                    600,
                    601,
                    602,
                    603,
                    604,
                    605,
                    606,
                    607,
                    608,
                    609,
                    610,
                    611,
                    612,
                    613,
                    614,
                    615,
                    616,
                    617,
                    618,
                    619
                ]
            ],
            "labels": [
                [
                    0,
                    0,
                    0,
                    0,
                    0,
                    0,
                    0,
                    0,
                    0,
                    0,
                    0,
                    0,
                    0,
                    0,
                    0,
                    0,
                    0,
                    0,
                    0,
                    0
                ]
            ],
            "CPU Usage": 45.8,
            "RAM Usage": 55.0,
            "GPU Usage": 0.0,
            "VRAM Usage": 356.0,
            "Disk Read Speed (MB/s)": 206644.5615234375,
            "Disk Write Speed (MB/s)": 411426.9970703125
        },
        {
            "step": 1,
            "train_loss": 0.019965019077062607,
            "actions_pred1": [
                [
                    [
                        0.4055316150188446,
                        1.847609519958496,
                        1.1135029792785645,
                        -3.171198606491089
                    ],
                    [
                        0.15682514011859894,
                        2.2186357975006104,
                        1.0559734106063843,
                        -3.422504186630249
                    ],
                    [
                        0.11255805194377899,
                        2.1852245330810547,
                        1.0873984098434448,
                        -3.653134346008301
                    ],
                    [
                        -0.13836625218391418,
                        2.190570116043091,
                        1.4001277685165405,
                        -3.906003713607788
                    ],
                    [
                        -0.11668002605438232,
                        2.28346848487854,
                        1.5713136196136475,
                        -4.172935962677002
                    ],
                    [
                        -0.025097548961639404,
                        2.21476411819458,
                        1.475733757019043,
                        -4.184735298156738
                    ],
                    [
                        -0.026588410139083862,
                        2.2901012897491455,
                        1.681151270866394,
                        -4.652565002441406
                    ],
                    [
                        0.14135774970054626,
                        2.17303466796875,
                        1.9578338861465454,
                        -4.883862018585205
                    ],
                    [
                        0.2961352467536926,
                        2.091029405593872,
                        1.8890373706817627,
                        -4.82827091217041
                    ],
                    [
                        0.24108856916427612,
                        2.1493725776672363,
                        2.0548508167266846,
                        -5.120334625244141
                    ],
                    [
                        0.18837222456932068,
                        1.9473390579223633,
                        2.037947177886963,
                        -4.8290510177612305
                    ],
                    [
                        0.36015889048576355,
                        1.935085654258728,
                        2.1406643390655518,
                        -5.15707540512085
                    ],
                    [
                        0.43319815397262573,
                        2.025969982147217,
                        2.2308831214904785,
                        -5.0074028968811035
                    ],
                    [
                        0.3051925003528595,
                        2.2781028747558594,
                        2.447299003601074,
                        -5.245481014251709
                    ],
                    [
                        0.25094425678253174,
                        2.2508761882781982,
                        2.4271621704101562,
                        -5.547662258148193
                    ],
                    [
                        0.3269708752632141,
                        2.1402394771575928,
                        2.435933828353882,
                        -5.739236354827881
                    ],
                    [
                        0.0837632417678833,
                        2.3872814178466797,
                        2.4666779041290283,
                        -6.207184314727783
                    ],
                    [
                        0.32143211364746094,
                        2.429382562637329,
                        2.317408561706543,
                        -5.838371276855469
                    ],
                    [
                        0.34368711709976196,
                        2.4820525646209717,
                        2.348027229309082,
                        -5.948200225830078
                    ],
                    [
                        0.4107702672481537,
                        2.5962090492248535,
                        2.3893580436706543,
                        -6.334367752075195
                    ]
                ]
            ],
            "actions_pred": [
                [
                    [
                        0.4055316150188446,
                        0.15682514011859894,
                        0.11255805194377899,
                        -0.13836625218391418,
                        -0.11668002605438232,
                        -0.025097548961639404,
                        -0.026588410139083862,
                        0.14135774970054626,
                        0.2961352467536926,
                        0.24108856916427612,
                        0.18837222456932068,
                        0.36015889048576355,
                        0.43319815397262573,
                        0.3051925003528595,
                        0.25094425678253174,
                        0.3269708752632141,
                        0.0837632417678833,
                        0.32143211364746094,
                        0.34368711709976196,
                        0.4107702672481537
                    ],
                    [
                        1.847609519958496,
                        2.2186357975006104,
                        2.1852245330810547,
                        2.190570116043091,
                        2.28346848487854,
                        2.21476411819458,
                        2.2901012897491455,
                        2.17303466796875,
                        2.091029405593872,
                        2.1493725776672363,
                        1.9473390579223633,
                        1.935085654258728,
                        2.025969982147217,
                        2.2781028747558594,
                        2.2508761882781982,
                        2.1402394771575928,
                        2.3872814178466797,
                        2.429382562637329,
                        2.4820525646209717,
                        2.5962090492248535
                    ],
                    [
                        1.1135029792785645,
                        1.0559734106063843,
                        1.0873984098434448,
                        1.4001277685165405,
                        1.5713136196136475,
                        1.475733757019043,
                        1.681151270866394,
                        1.9578338861465454,
                        1.8890373706817627,
                        2.0548508167266846,
                        2.037947177886963,
                        2.1406643390655518,
                        2.2308831214904785,
                        2.447299003601074,
                        2.4271621704101562,
                        2.435933828353882,
                        2.4666779041290283,
                        2.317408561706543,
                        2.348027229309082,
                        2.3893580436706543
                    ],
                    [
                        -3.171198606491089,
                        -3.422504186630249,
                        -3.653134346008301,
                        -3.906003713607788,
                        -4.172935962677002,
                        -4.184735298156738,
                        -4.652565002441406,
                        -4.883862018585205,
                        -4.82827091217041,
                        -5.120334625244141,
                        -4.8290510177612305,
                        -5.15707540512085,
                        -5.0074028968811035,
                        -5.245481014251709,
                        -5.547662258148193,
                        -5.739236354827881,
                        -6.207184314727783,
                        -5.838371276855469,
                        -5.948200225830078,
                        -6.334367752075195
                    ]
                ]
            ],
            "states": [
                [
                    [
                        5457512.0,
                        9.714517545944545e-06,
                        0.0004527103737927973,
                        552968.1875
                    ],
                    [
                        4474320.0,
                        9.607780157239176e-06,
                        0.00029970589093863964,
                        640429.75
                    ],
                    [
                        3226144.0,
                        9.52661685005296e-06,
                        0.00026218051789328456,
                        614909.3125
                    ],
                    [
                        4174584.0,
                        9.44995554164052e-06,
                        0.0002925366861745715,
                        607098.5
                    ],
                    [
                        4522104.0,
                        9.361412594444118e-06,
                        0.00028024095809087157,
                        568885.75
                    ],
                    [
                        2825048.0,
                        8.919517313188408e-06,
                        0.0001758198341121897,
                        690901.5625
                    ],
                    [
                        5196872.0,
                        8.846717719279695e-06,
                        0.00013516498438548297,
                        601105.3125
                    ],
                    [
                        7633856.0,
                        8.732715286896564e-06,
                        0.0001646996388444677,
                        547900.5625
                    ],
                    [
                        47963.0,
                        0.2136354148387909,
                        0.00027816780493594706,
                        871190.125
                    ],
                    [
                        608160.0,
                        0.027683094143867493,
                        0.00026209698989987373,
                        1030414.6875
                    ],
                    [
                        537208.0,
                        0.007899114862084389,
                        0.0002851165772881359,
                        949322.9375
                    ],
                    [
                        671872.0,
                        0.004755145870149136,
                        0.000267517170868814,
                        888587.6875
                    ],
                    [
                        858664.0,
                        0.003167606657370925,
                        0.00027258697082288563,
                        909664.5625
                    ],
                    [
                        877488.0,
                        0.0022909550461918116,
                        0.00027191461413167417,
                        989545.25
                    ],
                    [
                        1255416.0,
                        0.0017173178493976593,
                        0.00027577357832342386,
                        1043241.4375
                    ],
                    [
                        1436416.0,
                        0.0013016851153224707,
                        0.00027702987426891923,
                        939221.25
                    ],
                    [
                        1715880.0,
                        0.0010147599969059229,
                        0.0002779100905172527,
                        989890.625
                    ],
                    [
                        1867920.0,
                        0.0008108949987217784,
                        0.00026160795823670924,
                        1001348.25
                    ],
                    [
                        2189376.0,
                        0.0006609969423152506,
                        0.0002753763983491808,
                        969961.0625
                    ],
                    [
                        2552824.0,
                        0.000543545582331717,
                        0.0002731475979089737,
                        970656.1875
                    ]
                ]
            ],
            "actions": [
                [
                    [
                        0.5
                    ],
                    [
                        0.5
                    ],
                    [
                        0.5
                    ],
                    [
                        0.5
                    ],
                    [
                        0.5
                    ],
                    [
                        0.5
                    ],
                    [
                        0.5
                    ],
                    [
                        0.5
                    ],
                    [
                        0.75
                    ],
                    [
                        0.75
                    ],
                    [
                        0.75
                    ],
                    [
                        0.75
                    ],
                    [
                        0.75
                    ],
                    [
                        0.75
                    ],
                    [
                        0.75
                    ],
                    [
                        0.75
                    ],
                    [
                        0.75
                    ],
                    [
                        0.75
                    ],
                    [
                        0.75
                    ],
                    [
                        0.75
                    ]
                ]
            ],
            "returns": [
                [
                    [
                        0.39574772119522095
                    ],
                    [
                        0.3948124051094055
                    ],
                    [
                        0.3938947021961212
                    ],
                    [
                        0.39300599694252014
                    ],
                    [
                        0.3920944333076477
                    ],
                    [
                        0.3911758065223694
                    ],
                    [
                        0.39029887318611145
                    ],
                    [
                        0.38936787843704224
                    ],
                    [
                        0.3884028196334839
                    ],
                    [
                        0.38788723945617676
                    ],
                    [
                        0.3871464729309082
                    ],
                    [
                        0.3864167034626007
                    ],
                    [
                        0.385667085647583
                    ],
                    [
                        0.3848957419395447
                    ],
                    [
                        0.38412246108055115
                    ],
                    [
                        0.3833174407482147
                    ],
                    [
                        0.38250046968460083
                    ],
                    [
                        0.38166773319244385
                    ],
                    [
                        0.38082748651504517
                    ],
                    [
                        0.3799731433391571
                    ]
                ]
            ],
            "timesteps": [
                [
                    200,
                    201,
                    202,
                    203,
                    204,
                    205,
                    206,
                    207,
                    208,
                    209,
                    210,
                    211,
                    212,
                    213,
                    214,
                    215,
                    216,
                    217,
                    218,
                    219
                ]
            ],
            "labels": [
                [
                    1,
                    1,
                    1,
                    1,
                    1,
                    1,
                    1,
                    1,
                    2,
                    2,
                    2,
                    2,
                    2,
                    2,
                    2,
                    2,
                    2,
                    2,
                    2,
                    2
                ]
            ],
            "CPU Usage": 46.7,
            "RAM Usage": 55.1,
            "GPU Usage": 0.0,
            "VRAM Usage": 356.0,
            "Disk Read Speed (MB/s)": 206644.5615234375,
            "Disk Write Speed (MB/s)": 411427.1376953125
        },
        {
            "step": 2,
            "train_loss": 0.015502998605370522,
            "actions_pred1": [
                [
                    [
                        0.6611964702606201,
                        1.2513011693954468,
                        0.9556897282600403,
                        -2.9051711559295654
                    ],
                    [
                        0.5881192088127136,
                        1.4478676319122314,
                        1.3623921871185303,
                        -2.5556142330169678
                    ],
                    [
                        0.616483211517334,
                        1.9106396436691284,
                        1.3997122049331665,
                        -2.8104710578918457
                    ],
                    [
                        0.6153292655944824,
                        2.198347568511963,
                        1.5326321125030518,
                        -3.1370656490325928
                    ],
                    [
                        0.7708041071891785,
                        2.414379119873047,
                        1.59794282913208,
                        -3.4380955696105957
                    ],
                    [
                        0.8218027353286743,
                        2.344130277633667,
                        1.4683055877685547,
                        -3.7174625396728516
                    ],
                    [
                        0.967094898223877,
                        2.5076284408569336,
                        1.6273185014724731,
                        -3.9479432106018066
                    ],
                    [
                        1.0461534261703491,
                        2.527883529663086,
                        1.4828121662139893,
                        -3.8997697830200195
                    ],
                    [
                        0.9137879610061646,
                        2.4432802200317383,
                        1.4669898748397827,
                        -3.9970927238464355
                    ],
                    [
                        0.9453023672103882,
                        2.5282185077667236,
                        1.4634549617767334,
                        -3.9586246013641357
                    ],
                    [
                        0.8937164545059204,
                        2.392678737640381,
                        1.5415372848510742,
                        -4.233188629150391
                    ],
                    [
                        0.8699706792831421,
                        2.518723964691162,
                        1.5873018503189087,
                        -4.788465976715088
                    ],
                    [
                        0.8505372405052185,
                        2.630315065383911,
                        1.6152156591415405,
                        -4.9251203536987305
                    ],
                    [
                        0.843492329120636,
                        2.691927433013916,
                        1.6408699750900269,
                        -4.802593231201172
                    ],
                    [
                        0.8978325128555298,
                        2.802128791809082,
                        1.8408187627792358,
                        -5.5428361892700195
                    ],
                    [
                        1.211643099784851,
                        2.7593653202056885,
                        1.9016189575195312,
                        -5.838437557220459
                    ],
                    [
                        1.1218230724334717,
                        2.9211039543151855,
                        2.0542595386505127,
                        -6.092408180236816
                    ],
                    [
                        1.1658939123153687,
                        3.0898005962371826,
                        1.6747721433639526,
                        -5.748029708862305
                    ],
                    [
                        1.1352612972259521,
                        3.1475653648376465,
                        1.9767918586730957,
                        -5.899889945983887
                    ],
                    [
                        1.1324748992919922,
                        3.3327810764312744,
                        2.0648040771484375,
                        -6.152275085449219
                    ]
                ]
            ],
            "actions_pred": [
                [
                    [
                        0.6611964702606201,
                        0.5881192088127136,
                        0.616483211517334,
                        0.6153292655944824,
                        0.7708041071891785,
                        0.8218027353286743,
                        0.967094898223877,
                        1.0461534261703491,
                        0.9137879610061646,
                        0.9453023672103882,
                        0.8937164545059204,
                        0.8699706792831421,
                        0.8505372405052185,
                        0.843492329120636,
