{
    "steps": [
        {
            "step": 0,
            "train_loss": 0.032947052270174026,
            "actions_pred1": [
                [
                    [
                        0.5790742635726929,
                        0.8314601182937622,
                        1.7653993368148804,
                        -2.3842613697052
                    ],
                    [
                        0.6825003623962402,
                        0.8181465864181519,
                        1.7613639831542969,
                        -2.357264518737793
                    ],
                    [
                        0.7221410274505615,
                        0.8507623076438904,
                        1.8510336875915527,
                        -2.635429859161377
                    ],
                    [
                        0.5760011076927185,
                        0.9009335041046143,
                        1.8159867525100708,
                        -2.7891550064086914
                    ],
                    [
                        0.5696234703063965,
                        1.1811463832855225,
                        1.6098031997680664,
                        -2.860497236251831
                    ],
                    [
                        0.6423817873001099,
                        1.101384162902832,
                        1.5749558210372925,
                        -2.6687190532684326
                    ],
                    [
                        0.8487313389778137,
                        1.0926849842071533,
                        1.4098814725875854,
                        -2.5523922443389893
                    ],
                    [
                        0.6235101819038391,
                        1.144895315170288,
                        1.7626596689224243,
                        -2.471144199371338
                    ],
                    [
                        0.5782270431518555,
                        1.2053474187850952,
                        1.803016185760498,
                        -2.389538526535034
                    ],
                    [
                        0.4426674246788025,
                        1.1616791486740112,
                        1.8203837871551514,
                        -2.4658398628234863
                    ],
                    [
                        0.3986111879348755,
                        1.2312397956848145,
                        2.15212345123291,
                        -2.829359531402588
                    ],
                    [
                        0.5573300123214722,
                        1.0967960357666016,
                        1.9397311210632324,
                        -2.6510467529296875
                    ],
                    [
                        0.6001984477043152,
                        1.0221920013427734,
                        1.946803331375122,
                        -2.707404136657715
                    ],
                    [
                        0.532142162322998,
                        0.7943804264068604,
                        1.8658887147903442,
                        -2.5111756324768066
                    ],
                    [
                        0.7180337905883789,
                        1.139570713043213,
                        1.9183719158172607,
                        -2.942350387573242
                    ],
                    [
                        0.7309127449989319,
                        1.0478544235229492,
                        1.6503190994262695,
                        -2.5670409202575684
                    ],
                    [
                        0.8068797588348389,
                        1.0828269720077515,
                        1.5535997152328491,
                        -2.408738374710083
                    ],
                    [
                        0.8421758413314819,
                        0.9791213274002075,
                        1.502500295639038,
                        -2.4044101238250732
                    ],
                    [
                        1.0125086307525635,
                        0.99305260181427,
                        1.674310564994812,
                        -2.5314793586730957
                    ],
                    [
                        0.9080759882926941,
                        1.0736280679702759,
                        1.7460615634918213,
                        -2.6295509338378906
                    ]
                ]
            ],
            "actions_pred": [
                [
                    [
                        0.5790742635726929,
                        0.6825003623962402,
                        0.7221410274505615,
                        0.5760011076927185,
                        0.5696234703063965,
                        0.6423817873001099,
                        0.8487313389778137,
                        0.6235101819038391,
                        0.5782270431518555,
                        0.4426674246788025,
                        0.3986111879348755,
                        0.5573300123214722,
                        0.6001984477043152,
                        0.532142162322998,
                        0.7180337905883789,
                        0.7309127449989319,
                        0.8068797588348389,
                        0.8421758413314819,
                        1.0125086307525635,
                        0.9080759882926941
                    ],
                    [
                        0.8314601182937622,
                        0.8181465864181519,
                        0.8507623076438904,
                        0.9009335041046143,
                        1.1811463832855225,
                        1.101384162902832,
                        1.0926849842071533,
                        1.144895315170288,
                        1.2053474187850952,
                        1.1616791486740112,
                        1.2312397956848145,
                        1.0967960357666016,
                        1.0221920013427734,
                        0.7943804264068604,
                        1.139570713043213,
                        1.0478544235229492,
                        1.0828269720077515,
                        0.9791213274002075,
                        0.99305260181427,
                        1.0736280679702759
                    ],
                    [
                        1.7653993368148804,
                        1.7613639831542969,
                        1.8510336875915527,
                        1.8159867525100708,
                        1.6098031997680664,
                        1.5749558210372925,
                        1.4098814725875854,
                        1.7626596689224243,
                        1.803016185760498,
                        1.8203837871551514,
                        2.15212345123291,
                        1.9397311210632324,
                        1.946803331375122,
                        1.8658887147903442,
                        1.9183719158172607,
                        1.6503190994262695,
                        1.5535997152328491,
                        1.502500295639038,
                        1.674310564994812,
                        1.7460615634918213
                    ],
                    [
                        -2.3842613697052,
                        -2.357264518737793,
                        -2.635429859161377,
                        -2.7891550064086914,
                        -2.860497236251831,
                        -2.6687190532684326,
                        -2.5523922443389893,
                        -2.471144199371338,
                        -2.389538526535034,
                        -2.4658398628234863,
                        -2.829359531402588,
                        -2.6510467529296875,
                        -2.707404136657715,
                        -2.5111756324768066,
                        -2.942350387573242,
                        -2.5670409202575684,
                        -2.408738374710083,
                        -2.4044101238250732,
                        -2.5314793586730957,
                        -2.6295509338378906
                    ]
                ]
            ],
            "states": [
                [
                    [
                        5847024.0,
                        7.17427474228316e-06,
                        0.0002797465131152421,
                        862261.25
                    ],
                    [
                        5130264.0,
                        7.109771104296669e-06,
                        0.00027696648612618446,
                        791462.9375
                    ],
                    [
                        5460408.0,
                        7.0486535150848795e-06,
                        0.0002747685939539224,
                        848104.9375
                    ],
                    [
                        5159224.0,
                        6.988396307860967e-06,
                        0.000255326071055606,
                        826896.4375
                    ],
                    [
                        5280856.0,
                        6.9301599978643935e-06,
                        0.0002729953557718545,
                        850071.375
                    ],
                    [
                        5415520.0,
                        6.871501227578847e-06,
                        0.00026464968686923385,
                        894284.875
                    ],
                    [
                        5138952.0,
                        6.81457140672137e-06,
                        0.000260901142610237,
                        824406.5
                    ],
                    [
                        5364840.0,
                        6.758851213817252e-06,
                        0.00026091569452546537,
                        837380.25
                    ],
                    [
                        8605643.0,
                        0.0036125751212239265,
                        0.0002766261750366539,
                        462352.0625
                    ],
                    [
                        10015816.0,
                        0.00033437556703574955,
                        0.00026207882910966873,
                        482968.0625
                    ],
                    [
                        7806168.0,
                        0.00019468956452328712,
                        0.00027697221958078444,
                        473153.5
                    ],
                    [
                        6004856.0,
                        0.00014804340025875717,
                        0.00037561735371127725,
                        563905.9375
                    ],
                    [
                        3835752.0,
                        0.00012653775047510862,
                        0.000348972505889833,
                        546822.625
                    ],
                    [
                        693592.0,
                        0.00011859468213515356,
                        0.000344088242854923,
                        536207.0
                    ],
                    [
                        1136680.0,
                        0.00011570940841920674,
                        0.00030916635296307504,
                        532932.75
                    ],
                    [
                        755856.0,
                        0.0001128598305513151,
                        0.00029186115716584027,
                        668301.125
                    ],
                    [
                        573408.0,
                        0.00011094257206423208,
                        0.00031188191496767104,
                        741689.6875
                    ],
                    [
                        432952.0,
                        0.0001095341140171513,
                        0.0003927450452465564,
                        678985.1875
                    ],
                    [
                        1216320.0,
                        0.00010730996291385964,
                        0.00034627493005245924,
                        618105.1875
                    ],
                    [
                        4131144.0,
                        0.00010072957229567692,
                        0.00028098482289351523,
                        571491.4375
                    ]
                ]
            ],
            "actions": [
                [
                    [
                        0.75
                    ],
                    [
                        0.75
                    ],
                    [
                        0.75
                    ],
                    [
                        0.75
                    ],
                    [
                        0.75
                    ],
                    [
                        0.75
                    ],
                    [
                        0.75
                    ],
                    [
                        0.75
                    ],
                    [
                        0.5
                    ],
                    [
                        0.5
                    ],
                    [
                        0.5
                    ],
                    [
                        0.5
                    ],
                    [
                        0.5
                    ],
                    [
                        0.5
                    ],
                    [
                        0.5
                    ],
                    [
                        0.5
                    ],
                    [
                        0.5
                    ],
                    [
                        0.5
                    ],
                    [
                        0.5
                    ],
                    [
                        0.5
                    ]
                ]
            ],
            "returns": [
                [
                    [
                        0.48685410618782043
                    ],
                    [
                        0.4859126806259155
                    ],
                    [
                        0.48498284816741943
                    ],
                    [
                        0.4840475022792816
                    ],
                    [
                        0.48311716318130493
                    ],
                    [
                        0.4821847677230835
                    ],
                    [
                        0.481250137090683
                    ],
                    [
                        0.48032015562057495
                    ],
                    [
                        0.4793863594532013
                    ],
                    [
                        0.47841066122055054
                    ],
                    [
                        0.47742152214050293
                    ],
                    [
                        0.4764544665813446
                    ],
                    [
                        0.47551068663597107
                    ],
                    [
                        0.47460663318634033
                    ],
                    [
                        0.4738542139530182
                    ],
                    [
                        0.47305798530578613
                    ],
                    [
                        0.4722979664802551
                    ],
                    [
                        0.47156238555908203
                    ],
                    [
                        0.47085174918174744
                    ],
                    [
                        0.47004953026771545
                    ]
                ]
            ],
            "timesteps": [
                [
                    100,
                    101,
                    102,
                    103,
                    104,
                    105,
                    106,
                    107,
                    108,
                    109,
                    110,
                    111,
                    112,
                    113,
                    114,
                    115,
                    116,
                    117,
                    118,
                    119
                ]
            ],
            "labels": [
                [
                    2,
                    2,
                    2,
                    2,
                    2,
                    2,
                    2,
                    2,
                    1,
                    1,
                    1,
                    1,
                    1,
                    1,
                    1,
                    1,
                    1,
                    1,
                    1,
                    1
                ]
            ],
            "CPU Usage": 44.9,
            "RAM Usage": 54.8,
            "GPU Usage": 0.0,
            "VRAM Usage": 355.0,
            "Disk Read Speed (MB/s)": 206580.6083984375,
            "Disk Write Speed (MB/s)": 401393.7705078125
        },
        {
            "step": 1,
            "train_loss": 0.038143061101436615,
            "actions_pred1": [
                [
                    [
                        0.4855610132217407,
                        0.07863420248031616,
                        1.3359379768371582,
                        -1.5621111392974854
                    ],
                    [
                        0.43598589301109314,
                        0.22105325758457184,
                        1.3893275260925293,
                        -1.6216967105865479
                    ],
                    [
                        0.4236387312412262,
                        0.3431317210197449,
                        1.3142763376235962,
                        -1.611702799797058
                    ],
                    [
                        0.725468099117279,
                        0.33344537019729614,
                        1.2337039709091187,
                        -1.6162922382354736
                    ],
                    [
                        0.7765626311302185,
                        0.31655484437942505,
                        1.3284213542938232,
                        -1.9275438785552979
                    ],
                    [
                        1.0519788265228271,
                        0.451861172914505,
                        1.3899606466293335,
                        -2.2257065773010254
                    ],
                    [
                        1.1300287246704102,
                        0.5137550234794617,
                        1.4012876749038696,
                        -2.221954822540283
                    ],
                    [
                        1.0158377885818481,
                        0.7821957468986511,
                        1.4208341836929321,
                        -2.2797017097473145
                    ],
                    [
                        0.947691798210144,
                        0.6386176347732544,
                        1.4538066387176514,
                        -2.0685977935791016
                    ],
                    [
                        0.9599968194961548,
                        0.7169008255004883,
                        1.3419369459152222,
                        -2.114396810531616
                    ],
                    [
                        0.9619858860969543,
                        0.7467643022537231,
                        1.3058587312698364,
                        -2.236515998840332
                    ],
                    [
                        1.029817819595337,
                        0.6546889543533325,
                        1.287386417388916,
                        -2.157482385635376
                    ],
                    [
                        0.9433932304382324,
                        0.6586008667945862,
                        1.437727689743042,
                        -2.2078521251678467
                    ],
                    [
                        1.1007843017578125,
                        0.7542343139648438,
                        1.4861524105072021,
                        -2.2232508659362793
                    ],
                    [
                        1.0472553968429565,
                        0.6938863396644592,
                        1.399619221687317,
                        -2.1423912048339844
                    ],
                    [
                        1.0927698612213135,
                        0.6517292261123657,
                        1.4173810482025146,
                        -2.195847749710083
                    ],
                    [
                        1.0140691995620728,
                        0.5843374729156494,
                        1.4255919456481934,
                        -2.178334951400757
                    ],
                    [
                        0.7876890301704407,
                        0.5414347052574158,
                        1.2362563610076904,
                        -2.158315658569336
                    ],
                    [
                        0.9234657883644104,
                        0.5026386380195618,
                        1.3287602663040161,
                        -2.0655035972595215
                    ],
                    [
                        0.9338760375976562,
                        0.7287188768386841,
                        1.3416920900344849,
                        -2.1325154304504395
                    ]
                ]
            ],
            "actions_pred": [
                [
                    [
                        0.4855610132217407,
                        0.43598589301109314,
                        0.4236387312412262,
                        0.725468099117279,
                        0.7765626311302185,
                        1.0519788265228271,
                        1.1300287246704102,
                        1.0158377885818481,
                        0.947691798210144,
                        0.9599968194961548,
                        0.9619858860969543,
                        1.029817819595337,
                        0.9433932304382324,
                        1.1007843017578125,
                        1.0472553968429565,
                        1.0927698612213135,
                        1.0140691995620728,
                        0.7876890301704407,
                        0.9234657883644104,
                        0.9338760375976562
                    ],
                    [
                        0.07863420248031616,
                        0.22105325758457184,
                        0.3431317210197449,
                        0.33344537019729614,
                        0.31655484437942505,
                        0.451861172914505,
                        0.5137550234794617,
                        0.7821957468986511,
                        0.6386176347732544,
                        0.7169008255004883,
                        0.7467643022537231,
                        0.6546889543533325,
                        0.6586008667945862,
                        0.7542343139648438,
                        0.6938863396644592,
                        0.6517292261123657,
                        0.5843374729156494,
                        0.5414347052574158,
                        0.5026386380195618,
                        0.7287188768386841
                    ],
                    [
                        1.3359379768371582,
                        1.3893275260925293,
                        1.3142763376235962,
                        1.2337039709091187,
                        1.3284213542938232,
                        1.3899606466293335,
                        1.4012876749038696,
                        1.4208341836929321,
                        1.4538066387176514,
                        1.3419369459152222,
                        1.3058587312698364,
                        1.287386417388916,
                        1.437727689743042,
                        1.4861524105072021,
                        1.399619221687317,
                        1.4173810482025146,
                        1.4255919456481934,
                        1.2362563610076904,
                        1.3287602663040161,
                        1.3416920900344849
                    ],
                    [
                        -1.5621111392974854,
                        -1.6216967105865479,
                        -1.611702799797058,
                        -1.6162922382354736,
                        -1.9275438785552979,
                        -2.2257065773010254,
                        -2.221954822540283,
                        -2.2797017097473145,
                        -2.0685977935791016,
                        -2.114396810531616,
                        -2.236515998840332,
                        -2.157482385635376,
                        -2.2078521251678467,
                        -2.2232508659362793,
                        -2.1423912048339844,
                        -2.195847749710083,
                        -2.178334951400757,
                        -2.158315658569336,
                        -2.0655035972595215,
                        -2.1325154304504395
                    ]
                ]
            ],
            "states": [
                [
                    [
                        9174528.0,
                        1.5287421774701215e-05,
                        0.00015401413838844746,
                        462799.78125
                    ],
                    [
                        9721872.0,
                        1.4988291695772205e-05,
                        0.00014908269804436713,
                        471413.40625
                    ],
                    [
                        8650352.0,
                        1.4708337403135374e-05,
                        0.00013771618250757456,
                        476596.0
                    ],
                    [
                        9385704.0,
                        1.4443650798057206e-05,
                        0.000157010683324188,
                        448618.75
                    ],
                    [
                        9197696.0,
                        1.4180617654346861e-05,
                        0.00013674897491000593,
                        456343.53125
                    ],
                    [
                        9271544.0,
                        1.392852846038295e-05,
                        0.000155533998622559,
                        449987.3125
                    ],
                    [
                        8570712.0,
                        1.3693322216568049e-05,
                        0.00014997956168372184,
                        453578.0625
                    ],
                    [
                        9304848.0,
                        1.346561111859046e-05,
                        0.0001673756050877273,
                        435181.0625
                    ],
                    [
                        8921128.0,
                        1.3241030501376372e-05,
                        0.00015327449364122003,
                        460544.8125
                    ],
                    [
                        8646008.0,
                        1.303156568610575e-05,
                        0.00015547996736131608,
                        463163.09375
                    ],
                    [
                        8767640.0,
                        1.2830393643525895e-05,
                        0.00015675314352847636,
                        458172.0625
                    ],
                    [
                        8076944.0,
                        1.2641571629501414e-05,
                        0.00016837925068102777,
                        477030.90625
                    ],
                    [
                        8123280.0,
                        1.2465176951081958e-05,
                        0.00015461879957001656,
                        493767.40625
                    ],
                    [
                        8650352.0,
                        1.228769360750448e-05,
                        0.00016164440603461117,
                        451473.28125
                    ],
                    [
                        7982824.0,
                        1.211656035593478e-05,
                        0.00016790036170277745,
                        481186.15625
                    ],
                    [
                        7248688.0,
                        1.1963955330429599e-05,
                        0.00016397373110521585,
                        490311.46875
                    ],
                    [
                        7208144.0,
                        1.1822661690530367e-05,
                        0.00017705760546959937,
                        472943.71875
                    ],
                    [
                        7193664.0,
                        1.1685199751809705e-05,
                        0.000179134716745466,
                        469996.125
                    ],
                    [
                        6442152.0,
                        1.1557923244254198e-05,
                        0.00016420705651398748,
                        470480.40625
                    ],
                    [
                        6989496.0,
                        1.1435274245741311e-05,
                        0.00018320638628210872,
                        451753.78125
                    ]
                ]
            ],
            "actions": [
                [
                    [
                        0.25
                    ],
                    [
                        0.25
                    ],
                    [
                        0.25
                    ],
                    [
                        0.25
                    ],
                    [
                        0.25
                    ],
                    [
                        0.25
                    ],
                    [
                        0.25
                    ],
                    [
                        0.25
                    ],
                    [
                        0.25
                    ],
                    [
                        0.25
                    ],
                    [
                        0.25
                    ],
                    [
                        0.25
                    ],
                    [
                        0.25
                    ],
                    [
                        0.25
                    ],
                    [
                        0.25
                    ],
                    [
                        0.25
                    ],
                    [
                        0.25
                    ],
                    [
                        0.25
                    ],
                    [
                        0.25
                    ],
                    [
                        0.25
                    ]
                ]
            ],
            "returns": [
                [
                    [
                        0.2469175159931183
                    ],
                    [
                        0.24593615531921387
                    ],
                    [
                        0.24494965374469757
                    ],
                    [
                        0.2439734935760498
                    ],
                    [
                        0.24299012124538422
                    ],
                    [
                        0.2420085221529007
                    ],
                    [
                        0.24102622270584106
                    ],
                    [
                        0.24005089700222015
                    ],
                    [
                        0.23906828463077545
                    ],
                    [
                        0.2380893975496292
                    ],
                    [
                        0.23711329698562622
                    ],
                    [
                        0.23613594472408295
                    ],
                    [
                        0.23516587913036346
                    ],
                    [
                        0.2341953068971634
                    ],
                    [
                        0.23321916162967682
                    ],
                    [
                        0.2322501242160797
                    ],
                    [
                        0.23128965497016907
                    ],
                    [
                        0.23032966256141663
                    ],
                    [
                        0.2293698638677597
                    ],
                    [
                        0.22841985523700714
                    ]
                ]
            ],
            "timesteps": [
                [
                    360,
                    361,
                    362,
                    363,
                    364,
                    365,
                    366,
                    367,
                    368,
                    369,
                    370,
                    371,
                    372,
                    373,
                    374,
                    375,
                    376,
                    377,
                    378,
                    379
                ]
            ],
            "labels": [
                [
                    0,
                    0,
                    0,
                    0,
                    0,
                    0,
                    0,
                    0,
                    0,
                    0,
                    0,
                    0,
                    0,
                    0,
                    0,
                    0,
                    0,
                    0,
                    0,
                    0
                ]
            ],
            "CPU Usage": 46.7,
            "RAM Usage": 55.1,
            "GPU Usage": 0.0,
            "VRAM Usage": 355.0,
            "Disk Read Speed (MB/s)": 206580.6083984375,
            "Disk Write Speed (MB/s)": 401393.8291015625
        },
        {
            "step": 2,
            "train_loss": 0.020031025633215904,
            "actions_pred1": [
                [
                    [
                        0.7758385539054871,
                        0.714531660079956,
                        1.4228675365447998,
                        -2.2635066509246826
                    ],
                    [
                        0.6756051778793335,
                        0.9885413646697998,
                        1.8502277135849,
                        -2.824693202972412
                    ],
                    [
                        0.9264349341392517,
                        0.8556267619132996,
                        1.834301233291626,
                        -2.438847541809082
                    ],
                    [
                        0.966079592704773,
                        0.6707024574279785,
                        1.5808866024017334,
                        -2.622506618499756
                    ],
                    [
                        0.7854827046394348,
                        0.49426892399787903,
                        1.480800747871399,
                        -2.5031726360321045
                    ],
                    [
                        0.801298975944519,
                        0.6383811235427856,
                        1.6253032684326172,
                        -2.76371431350708
                    ],
                    [
                        0.7413641214370728,
                        0.6475959420204163,
                        1.4895954132080078,
                        -2.5432140827178955
                    ],
                    [
                        0.7279582619667053,
                        1.3781046867370605,
                        1.098875880241394,
                        -2.0425362586975098
                    ],
                    [
                        0.5089441537857056,
                        0.5787978172302246,
                        1.510133981704712,
                        -2.5134406089782715
                    ],
                    [
                        0.42639803886413574,
                        0.5365020632743835,
                        1.4638869762420654,
                        -2.357728958129883
                    ],
                    [
                        0.45871952176094055,
                        0.668079137802124,
                        1.3643181324005127,
                        -2.357536792755127
                    ],
                    [
                        0.4309004247188568,
                        0.6701738834381104,
                        1.3746089935302734,
                        -2.516413450241089
                    ],
                    [
                        0.31419837474823,
                        0.6128090620040894,
                        1.5936907529830933,
                        -2.799617052078247
                    ],
                    [
                        0.501214325428009,
                        0.4992566704750061,
                        1.5570251941680908,
                        -2.5074081420898438
                    ],
                    [
                        0.5814193487167358,
                        0.42873549461364746,
                        1.3962374925613403,
                        -2.4115183353424072
                    ],
                    [
                        0.4525827467441559,
                        0.41201668977737427,
                        1.3404349088668823,
                        -2.36362886428833
                    ],
                    [
                        0.4928567707538605,
                        0.6043567657470703,
                        1.3864442110061646,
                        -2.268085479736328
                    ],
                    [
                        0.5458601117134094,
                        0.6141064167022705,
                        1.424967885017395,
                        -2.306112766265869
                    ],
                    [
                        0.5512673258781433,
                        0.7200413942337036,
                        1.4772820472717285,
                        -2.400550365447998
                    ],
                    [
                        0.7079393863677979,
                        0.7920268774032593,
                        1.5138859748840332,
                        -2.3938894271850586
                    ]
                ]
            ],
            "actions_pred": [
                [
                    [
                        0.7758385539054871,
                        0.6756051778793335,
                        0.9264349341392517,
                        0.966079592704773,
                        0.7854827046394348,
                        0.801298975944519,
                        0.7413641214370728,
                        0.7279582619667053,
                        0.5089441537857056,
                        0.42639803886413574,
                        0.45871952176094055,
                        0.4309004247188568,
                        0.31419837474823,
