{
    "steps": [
        {
            "step": 0,
            "train_loss": 0.020416375249624252,
            "actions_pred1": [
                [
                    [
                        0.6842474937438965,
                        2.403165340423584,
                        2.9689524173736572,
                        -2.917904853820801
                    ],
                    [
                        -0.2612341046333313,
                        2.740511894226074,
                        3.122068166732788,
                        -3.73367977142334
                    ],
                    [
                        -0.26807528734207153,
                        2.5147933959960938,
                        2.7280728816986084,
                        -3.916539430618286
                    ],
                    [
                        -0.05681115388870239,
                        2.465078353881836,
                        2.5169241428375244,
                        -4.261760234832764
                    ],
                    [
                        0.028522878885269165,
                        2.590329885482788,
                        2.4456019401550293,
                        -4.144630432128906
                    ],
                    [
                        0.45110753178596497,
                        2.5009350776672363,
                        2.3463354110717773,
                        -4.684240818023682
                    ],
                    [
                        0.2356608808040619,
                        2.0562186241149902,
                        2.2218010425567627,
                        -4.465554237365723
                    ],
                    [
                        0.22421053051948547,
                        2.0797746181488037,
                        2.226508140563965,
                        -4.374257564544678
                    ],
                    [
                        0.20936524868011475,
                        2.1030378341674805,
                        2.243317127227783,
                        -4.307127952575684
                    ],
                    [
                        0.2716347873210907,
                        2.1146063804626465,
                        2.1929988861083984,
                        -4.26150369644165
                    ],
                    [
                        0.3045249879360199,
                        2.3056111335754395,
                        2.4800405502319336,
                        -4.473238945007324
                    ],
                    [
                        0.46804574131965637,
                        2.0872437953948975,
                        2.5168168544769287,
                        -4.718508243560791
                    ],
                    [
                        0.25949642062187195,
                        1.8664332628250122,
                        2.510854721069336,
                        -4.347813129425049
                    ],
                    [
                        0.308108925819397,
                        2.0301947593688965,
                        2.5220558643341064,
                        -4.515462398529053
                    ],
                    [
                        0.5205529928207397,
                        2.1528334617614746,
                        2.516470193862915,
                        -4.574129104614258
                    ],
                    [
                        0.6954600811004639,
                        2.152296781539917,
                        2.4185287952423096,
                        -4.568326473236084
                    ],
                    [
                        0.8525509834289551,
                        2.1379547119140625,
                        2.614624500274658,
                        -4.766567230224609
                    ],
                    [
                        0.9049310684204102,
                        2.548799514770508,
                        2.729837417602539,
                        -5.099895000457764
                    ],
                    [
                        0.7958863377571106,
                        2.4239535331726074,
                        2.597572088241577,
                        -4.985417366027832
                    ],
                    [
                        0.8684625625610352,
                        2.42579984664917,
                        2.582808017730713,
                        -4.857970237731934
                    ]
                ]
            ],
            "actions_pred": [
                [
                    [
                        0.6842474937438965,
                        -0.2612341046333313,
                        -0.26807528734207153,
                        -0.05681115388870239,
                        0.028522878885269165,
                        0.45110753178596497,
                        0.2356608808040619,
                        0.22421053051948547,
                        0.20936524868011475,
                        0.2716347873210907,
                        0.3045249879360199,
                        0.46804574131965637,
                        0.25949642062187195,
                        0.308108925819397,
                        0.5205529928207397,
                        0.6954600811004639,
                        0.8525509834289551,
                        0.9049310684204102,
                        0.7958863377571106,
                        0.8684625625610352
                    ],
                    [
                        2.403165340423584,
                        2.740511894226074,
                        2.5147933959960938,
                        2.465078353881836,
                        2.590329885482788,
                        2.5009350776672363,
                        2.0562186241149902,
                        2.0797746181488037,
                        2.1030378341674805,
                        2.1146063804626465,
                        2.3056111335754395,
                        2.0872437953948975,
                        1.8664332628250122,
                        2.0301947593688965,
                        2.1528334617614746,
                        2.152296781539917,
                        2.1379547119140625,
                        2.548799514770508,
                        2.4239535331726074,
                        2.42579984664917
                    ],
                    [
                        2.9689524173736572,
                        3.122068166732788,
                        2.7280728816986084,
                        2.5169241428375244,
                        2.4456019401550293,
                        2.3463354110717773,
                        2.2218010425567627,
                        2.226508140563965,
                        2.243317127227783,
                        2.1929988861083984,
                        2.4800405502319336,
                        2.5168168544769287,
                        2.510854721069336,
                        2.5220558643341064,
                        2.516470193862915,
                        2.4185287952423096,
                        2.614624500274658,
                        2.729837417602539,
                        2.597572088241577,
                        2.582808017730713
                    ],
                    [
                        -2.917904853820801,
                        -3.73367977142334,
                        -3.916539430618286,
                        -4.261760234832764,
                        -4.144630432128906,
                        -4.684240818023682,
                        -4.465554237365723,
                        -4.374257564544678,
                        -4.307127952575684,
                        -4.26150369644165,
                        -4.473238945007324,
                        -4.718508243560791,
                        -4.347813129425049,
                        -4.515462398529053,
                        -4.574129104614258,
                        -4.568326473236084,
                        -4.766567230224609,
                        -5.099895000457764,
                        -4.985417366027832,
                        -4.857970237731934
                    ]
                ]
            ],
            "states": [
                [
                    [
                        5466200.0,
                        1.129001520894235e-05,
                        0.0002789112040773034,
                        818770.4375
                    ],
                    [
                        5612448.0,
                        1.1129687663924415e-05,
                        0.00025781430304050446,
                        898413.75
                    ],
                    [
                        5046280.0,
                        1.0979628314089496e-05,
                        0.0002818313369061798,
                        909004.75
                    ],
                    [
                        5249000.0,
                        1.0838540219992865e-05,
                        0.00027022496215067804,
                        810422.3125
                    ],
                    [
                        5515432.0,
                        1.0694837328628637e-05,
                        0.00027221045456826687,
                        891063.1875
                    ],
                    [
                        5182392.0,
                        1.0555714652582537e-05,
                        0.0002733847650233656,
                        862686.6875
                    ],
                    [
                        5021664.0,
                        1.0426368135085795e-05,
                        0.00026607781182974577,
                        893778.125
                    ],
                    [
                        5292440.0,
                        1.0298814231646247e-05,
                        0.00028466759249567986,
                        852371.5625
                    ],
                    [
                        5366288.0,
                        1.0170228961214889e-05,
                        0.0002693114511203021,
                        775255.625
                    ],
                    [
                        5483576.0,
                        1.0042614121630322e-05,
                        0.0002695369767025113,
                        802315.875
                    ],
                    [
                        5369184.0,
                        9.918102477968205e-06,
                        0.00026757299201563,
                        854250.0
                    ],
                    [
                        5670368.0,
                        9.794596735446248e-06,
                        0.0002770914288703352,
                        851009.75
                    ],
                    [
                        5537152.0,
                        9.67230062087765e-06,
                        0.0002540841815061867,
                        843244.5625
                    ],
                    [
                        5557424.0,
                        9.554213647788856e-06,
                        0.0002650599053595215,
                        914621.5625
                    ],
                    [
                        5403936.0,
                        9.440349458600394e-06,
                        0.00027801760006695986,
                        829670.8125
                    ],
                    [
                        5246104.0,
                        9.332287845609244e-06,
                        0.0002704633225221187,
                        839801.4375
                    ],
                    [
                        5603760.0,
                        9.224719178746454e-06,
                        0.0002756867033895105,
                        804814.3125
                    ],
                    [
                        5383664.0,
                        9.118263733398635e-06,
                        0.00025344316964037716,
                        920753.0625
                    ],
                    [
                        5525568.0,
                        8.914936188375577e-06,
                        0.000413205154472962,
                        941023.9375
                    ],
                    [
                        5521224.0,
                        8.814949069346767e-06,
                        0.00012937834253534675,
                        850908.25
                    ]
                ]
            ],
            "actions": [
                [
                    [
                        0.75
                    ],
                    [
                        0.75
                    ],
                    [
                        0.75
                    ],
                    [
                        0.75
                    ],
                    [
                        0.75
                    ],
                    [
                        0.75
                    ],
                    [
                        0.75
                    ],
                    [
                        0.75
                    ],
                    [
                        0.75
                    ],
                    [
                        0.75
                    ],
                    [
                        0.75
                    ],
                    [
                        0.75
                    ],
                    [
                        0.75
                    ],
                    [
                        0.75
                    ],
                    [
                        0.75
                    ],
                    [
                        0.75
                    ],
                    [
                        0.75
                    ],
                    [
                        0.75
                    ],
                    [
                        0.75
                    ],
                    [
                        0.75
                    ]
                ]
            ],
            "returns": [
                [
                    [
                        0.5242103934288025
                    ],
                    [
                        0.5232749581336975
                    ],
                    [
                        0.5223371386528015
                    ],
                    [
                        0.5214087963104248
                    ],
                    [
                        0.5204769372940063
                    ],
                    [
                        0.5195406675338745
                    ],
                    [
                        0.5186099410057068
                    ],
                    [
                        0.5176820158958435
                    ],
                    [
                        0.5167494416236877
                    ],
                    [
                        0.5158156156539917
                    ],
                    [
                        0.5148798823356628
                    ],
                    [
                        0.513945996761322
                    ],
                    [
                        0.5130072832107544
                    ],
                    [
                        0.5120707154273987
                    ],
                    [
                        0.5111337900161743
                    ],
                    [
                        0.5101993083953857
                    ],
                    [
                        0.5092675089836121
                    ],
                    [
                        0.5083298683166504
                    ],
                    [
                        0.5073957443237305
                    ],
                    [
                        0.5064593553543091
                    ]
                ]
            ],
            "timesteps": [
                [
                    60,
                    61,
                    62,
                    63,
                    64,
                    65,
                    66,
                    67,
                    68,
                    69,
                    70,
                    71,
                    72,
                    73,
                    74,
                    75,
                    76,
                    77,
                    78,
                    79
                ]
            ],
            "labels": [
                [
                    2,
                    2,
                    2,
                    2,
                    2,
                    2,
                    2,
                    2,
                    2,
                    2,
                    2,
                    2,
                    2,
                    2,
                    2,
                    2,
                    2,
                    2,
                    2,
                    2
                ]
            ],
            "CPU Usage": 45.9,
            "RAM Usage": 55.0,
            "GPU Usage": 0.0,
            "VRAM Usage": 356.0,
            "Disk Read Speed (MB/s)": 206644.9326171875,
            "Disk Write Speed (MB/s)": 412576.1025390625
        },
        {
            "step": 1,
            "train_loss": 0.00881212018430233,
            "actions_pred1": [
                [
                    [
                        -0.8223369121551514,
                        1.6304718255996704,
                        0.3072734475135803,
                        -5.042175769805908
                    ],
                    [
                        -1.1022175550460815,
                        1.995650053024292,
                        0.32424870133399963,
                        -5.4755401611328125
                    ],
                    [
                        -0.3303978443145752,
                        2.160275936126709,
                        0.4367763102054596,
                        -4.584549427032471
                    ],
                    [
                        -0.10487811267375946,
                        2.398122787475586,
                        0.549116849899292,
                        -4.597170829772949
                    ],
                    [
                        0.025740399956703186,
                        2.136997699737549,
                        0.6384128928184509,
                        -4.75991153717041
                    ],
                    [
                        -0.03388819843530655,
                        2.1079745292663574,
                        0.6759296655654907,
                        -4.707010269165039
                    ],
                    [
                        -0.06763765960931778,
                        1.9580196142196655,
                        0.6960386037826538,
                        -4.489869117736816
                    ],
                    [
                        0.05626281350851059,
                        2.166930913925171,
                        0.7904761433601379,
                        -4.468011856079102
                    ],
                    [
                        -0.0398852676153183,
                        2.0475566387176514,
                        0.8635459542274475,
                        -4.729994773864746
                    ],
                    [
                        -0.2743086814880371,
                        2.09525990486145,
                        0.707970380783081,
                        -4.866207122802734
                    ],
                    [
                        -0.25583383440971375,
                        2.402054786682129,
                        0.9197311401367188,
                        -4.833359241485596
                    ],
                    [
                        -0.2034524381160736,
                        2.343834161758423,
                        0.8790817856788635,
                        -4.38466739654541
                    ],
                    [
                        -0.12295211851596832,
                        2.530017852783203,
                        0.9652478098869324,
                        -4.664405822753906
                    ],
                    [
                        -0.15111735463142395,
                        2.389376163482666,
                        1.0479990243911743,
                        -4.567963600158691
                    ],
                    [
                        -0.08051598072052002,
                        2.3165204524993896,
                        1.0011754035949707,
                        -4.601120471954346
                    ],
                    [
                        -0.12023954093456268,
                        2.2619006633758545,
                        0.8829224109649658,
                        -4.6552734375
                    ],
                    [
                        -0.17569509148597717,
                        2.327594518661499,
                        1.0505324602127075,
                        -4.857718467712402
                    ],
                    [
                        -0.26329535245895386,
                        2.2889046669006348,
                        0.9764097332954407,
                        -4.630390167236328
                    ],
                    [
                        -0.11879987269639969,
                        2.7228968143463135,
                        1.1151503324508667,
                        -4.650325298309326
                    ],
                    [
                        0.018092915415763855,
                        2.8570144176483154,
                        1.3159204721450806,
                        -5.207942008972168
                    ]
                ]
            ],
            "actions_pred": [
                [
                    [
                        -0.8223369121551514,
                        -1.1022175550460815,
                        -0.3303978443145752,
                        -0.10487811267375946,
                        0.025740399956703186,
                        -0.03388819843530655,
                        -0.06763765960931778,
                        0.05626281350851059,
                        -0.0398852676153183,
                        -0.2743086814880371,
                        -0.25583383440971375,
                        -0.2034524381160736,
                        -0.12295211851596832,
                        -0.15111735463142395,
                        -0.08051598072052002,
                        -0.12023954093456268,
                        -0.17569509148597717,
                        -0.26329535245895386,
                        -0.11879987269639969,
                        0.018092915415763855
                    ],
                    [
                        1.6304718255996704,
                        1.995650053024292,
                        2.160275936126709,
                        2.398122787475586,
                        2.136997699737549,
                        2.1079745292663574,
                        1.9580196142196655,
                        2.166930913925171,
                        2.0475566387176514,
                        2.09525990486145,
                        2.402054786682129,
                        2.343834161758423,
                        2.530017852783203,
                        2.389376163482666,
                        2.3165204524993896,
                        2.2619006633758545,
                        2.327594518661499,
                        2.2889046669006348,
                        2.7228968143463135,
                        2.8570144176483154
                    ],
                    [
                        0.3072734475135803,
                        0.32424870133399963,
                        0.4367763102054596,
                        0.549116849899292,
                        0.6384128928184509,
                        0.6759296655654907,
                        0.6960386037826538,
                        0.7904761433601379,
                        0.8635459542274475,
                        0.707970380783081,
                        0.9197311401367188,
                        0.8790817856788635,
                        0.9652478098869324,
                        1.0479990243911743,
                        1.0011754035949707,
                        0.8829224109649658,
                        1.0505324602127075,
                        0.9764097332954407,
                        1.1151503324508667,
                        1.3159204721450806
                    ],
                    [
                        -5.042175769805908,
                        -5.4755401611328125,
                        -4.584549427032471,
                        -4.597170829772949,
                        -4.75991153717041,
                        -4.707010269165039,
                        -4.489869117736816,
                        -4.468011856079102,
                        -4.729994773864746,
                        -4.866207122802734,
                        -4.833359241485596,
                        -4.38466739654541,
                        -4.664405822753906,
                        -4.567963600158691,
                        -4.601120471954346,
                        -4.6552734375,
                        -4.857718467712402,
                        -4.630390167236328,
                        -4.650325298309326,
                        -5.207942008972168
                    ]
                ]
            ],
            "states": [
                [
                    [
                        3840096.0,
                        2.92694730887888e-05,
                        0.00022606240236200392,
                        669392.5
                    ],
                    [
                        5186736.0,
                        2.8975890018045902e-05,
                        0.0002532026555854827,
                        623919.4375
                    ],
                    [
                        4765368.0,
                        2.86587583104847e-05,
                        0.0002667571825440973,
                        632646.8125
                    ],
                    [
                        6161240.0,
                        2.8318694603512995e-05,
                        0.00026687141507864,
                        545136.5625
                    ],
                    [
                        6174272.0,
                        2.7944166504312307e-05,
                        0.0002529114135541022,
                        614846.3125
                    ],
                    [
                        5751456.0,
                        2.7591326215770096e-05,
                        0.0002583715249784291,
                        530205.9375
                    ],
                    [
                        7742456.0,
                        2.720300471992232e-05,
                        0.001365873496979475,
                        538990.625
                    ],
                    [
                        6206128.0,
                        2.6812451324076392e-05,
                        0.0008239395683631301,
                        520321.9375
                    ],
                    [
                        5211352.0,
                        2.6501078536966816e-05,
                        0.0005388445570133626,
                        565831.875
                    ],
                    [
                        4737856.0,
                        2.623563341330737e-05,
                        0.0005018769879825413,
                        557744.25
                    ],
                    [
                        3256552.0,
                        2.6026094928965904e-05,
                        0.0005396626074798405,
                        583406.625
                    ],
                    [
                        2370376.0,
                        2.588063398434315e-05,
                        0.00039070475031621754,
                        599303.875
                    ],
                    [
                        3150848.0,
                        2.573955680418294e-05,
                        0.00037147922557778656,
                        638024.3125
                    ],
                    [
                        4121008.0,
                        2.5556088075973094e-05,
                        0.00035373689024709165,
                        613075.625
                    ],
                    [
                        3627240.0,
                        2.5363364329678006e-05,
                        0.0003472233365755528,
                        713559.4375
                    ],
                    [
                        4171688.0,
                        2.5172355890390463e-05,
                        0.00021890846255701035,
                        610763.0
                    ],
                    [
                        2390648.0,
                        2.501373273844365e-05,
                        0.00019109471759293228,
                        629310.5
                    ],
                    [
                        3237728.0,
                        2.487938036210835e-05,
                        0.00025023153284564614,
                        525239.375
                    ],
                    [
                        5175152.0,
                        2.4681297873030417e-05,
                        0.000305382302030921,
                        610625.375
                    ],
                    [
                        4510520.0,
                        2.445693280606065e-05,
                        0.00029567780438810587,
                        582702.6875
                    ]
                ]
            ],
            "actions": [
                [
                    [
                        0.5
                    ],
                    [
                        0.5
                    ],
                    [
                        0.5
                    ],
                    [
                        0.5
                    ],
                    [
                        0.5
                    ],
                    [
                        0.5
                    ],
                    [
                        0.5
                    ],
                    [
                        0.5
                    ],
                    [
                        0.5
                    ],
                    [
                        0.5
                    ],
                    [
                        0.5
                    ],
                    [
                        0.5
                    ],
                    [
                        0.5
                    ],
                    [
                        0.5
                    ],
                    [
                        0.5
                    ],
                    [
                        0.5
                    ],
                    [
                        0.5
                    ],
                    [
                        0.5
                    ],
                    [
                        0.5
                    ],
                    [
                        0.5
                    ]
                ]
            ],
            "returns": [
                [
                    [
                        0.11548818647861481
                    ],
                    [
                        0.11458403617143631
                    ],
                    [
                        0.11365323513746262
                    ],
                    [
                        0.11272994428873062
                    ],
                    [
                        0.11178387701511383
                    ],
                    [
                        0.11083762347698212
                    ],
                    [
                        0.1098976582288742
                    ],
                    [
                        0.10893134027719498
                    ],
                    [
                        0.10798463225364685
                    ],
                    [
                        0.10705341398715973
                    ],
                    [
                        0.10613063722848892
                    ],
                    [
                        0.10524109750986099
                    ],
                    [
                        0.10437972098588943
                    ],
                    [
                        0.1034931093454361
                    ],
                    [
                        0.10258270055055618
                    ],
                    [
                        0.1016836017370224
                    ],
                    [
                        0.10077211260795593
                    ],
                    [
                        0.09990997612476349
                    ],
                    [
                        0.09902095794677734
                    ],
                    [
                        0.09809035062789917
                    ]
                ]
            ],
            "timesteps": [
                [
                    500,
                    501,
                    502,
                    503,
                    504,
                    505,
                    506,
                    507,
                    508,
                    509,
                    510,
                    511,
                    512,
                    513,
                    514,
                    515,
                    516,
                    517,
                    518,
                    519
                ]
            ],
            "labels": [
                [
                    1,
                    1,
                    1,
                    1,
                    1,
                    1,
                    1,
                    1,
                    1,
                    1,
                    1,
                    1,
                    1,
                    1,
                    1,
                    1,
                    1,
                    1,
                    1,
                    1
                ]
            ],
            "CPU Usage": 46.7,
            "RAM Usage": 55.1,
            "GPU Usage": 0.0,
            "VRAM Usage": 356.0,
            "Disk Read Speed (MB/s)": 206644.9326171875,
            "Disk Write Speed (MB/s)": 412576.3486328125
        },
        {
            "step": 2,
            "train_loss": 0.02604304812848568,
            "actions_pred1": [
                [
                    [
                        1.8237982988357544,
                        1.7691607475280762,
                        1.7154264450073242,
                        -4.491120338439941
                    ],
                    [
                        1.699341893196106,
                        1.8464962244033813,
                        1.517982006072998,
                        -3.931701183319092
                    ],
                    [
                        1.8485842943191528,
                        1.7256696224212646,
                        1.7801108360290527,
                        -4.302828788757324
                    ],
                    [
                        2.335409641265869,
                        1.5981550216674805,
                        1.6008857488632202,
                        -4.614274024963379
                    ],
                    [
                        2.232057809829712,
                        1.7321414947509766,
                        1.5361261367797852,
                        -4.987990379333496
                    ],
                    [
                        2.593606948852539,
                        2.0647730827331543,
                        1.3869930505752563,
                        -5.627186298370361
                    ],
                    [
                        2.839775800704956,
                        2.3777549266815186,
                        1.5482347011566162,
                        -5.929522514343262
                    ],
                    [
                        2.9567222595214844,
                        2.3160524368286133,
                        1.5639350414276123,
                        -5.962958335876465
                    ],
                    [
                        2.989107131958008,
                        2.2575411796569824,
                        2.05178165435791,
                        -6.282160758972168
                    ],
                    [
                        2.6741950511932373,
                        2.124537229537964,
                        2.0750136375427246,
                        -5.876394271850586
                    ],
                    [
                        2.311506986618042,
                        2.3095905780792236,
                        1.6039478778839111,
                        -6.1672139167785645
                    ],
                    [
                        2.4177260398864746,
                        2.3429932594299316,
                        1.6425131559371948,
                        -5.956211090087891
                    ],
                    [
                        2.78181791305542,
                        2.2878236770629883,
                        1.696614146232605,
                        -5.986480712890625
                    ],
                    [
                        2.7177693843841553,
                        2.5768239498138428,
                        1.4343050718307495,
                        -6.058762073516846
                    ],
                    [
                        2.9774203300476074,
                        2.564384937286377,
                        1.493744969367981,
                        -6.398712635040283
                    ],
                    [
                        2.9124867916107178,
                        2.633908748626709,
                        1.3967266082763672,
                        -6.6447038650512695
                    ],
                    [
                        2.601304054260254,
                        2.92958664894104,
                        1.7459347248077393,
                        -7.0880961418151855
                    ],
                    [
                        2.4433043003082275,
                        2.9557106494903564,
                        1.916276216506958,
                        -6.8421430587768555
                    ],
                    [
                        2.463575601577759,
                        3.030904531478882,
                        1.817983865737915,
                        -6.998633861541748
                    ],
                    [
                        2.6207220554351807,
                        2.506859302520752,
                        2.036895990371704,
                        -7.005613803863525
                    ]
                ]
            ],
            "actions_pred": [
                [
                    [
                        1.8237982988357544,
                        1.699341893196106,
                        1.8485842943191528,
                        2.335409641265869,
                        2.232057809829712,
                        2.593606948852539,
                        2.839775800704956,
                        2.9567222595214844,
                        2.989107131958008,
                        2.6741950511932373,
                        2.311506986618042,
                        2.4177260398864746,
                        2.78181791305542,
                        2.7177693843841553,
                        2.9774203300476074,
