{
    "steps": [
        {
            "step": 0,
            "train_loss": 0.04651110619306564,
            "actions_pred1": [
                [
                    [
                        0.326506644487381,
                        0.12765082716941833,
                        0.6996926069259644,
                        -0.3421090841293335
                    ],
                    [
                        0.2884911596775055,
                        0.2782386541366577,
                        0.6445192694664001,
                        -0.10411889851093292
                    ],
                    [
                        0.18148595094680786,
                        0.19864124059677124,
                        0.3698474168777466,
                        0.02351553738117218
                    ],
                    [
                        0.15083900094032288,
                        0.18625016510486603,
                        0.3604510426521301,
                        -0.060478001832962036
                    ],
                    [
                        0.26304110884666443,
                        0.13721123337745667,
                        0.5407026410102844,
                        -0.21554400026798248
                    ],
                    [
                        0.1921834945678711,
                        0.19498631358146667,
                        0.7081409096717834,
                        -0.19806230068206787
                    ],
                    [
                        0.12544865906238556,
                        0.15069657564163208,
                        0.810176432132721,
                        -0.29231271147727966
                    ],
                    [
                        -0.06939010322093964,
                        0.17562487721443176,
                        0.7977285385131836,
                        -0.32288795709609985
                    ],
                    [
                        0.08821196854114532,
                        0.20577600598335266,
                        0.8590751886367798,
                        -0.29677140712738037
                    ],
                    [
                        0.03240685164928436,
                        0.19251805543899536,
                        0.9679574370384216,
                        -0.2938126027584076
                    ],
                    [
                        -0.002385161817073822,
                        0.17214363813400269,
                        0.8887818455696106,
                        -0.3124881088733673
                    ],
                    [
                        0.29077956080436707,
                        -0.01745384931564331,
                        0.8814435601234436,
                        -0.32105565071105957
                    ],
                    [
                        0.15046606957912445,
                        0.00416218489408493,
                        0.8739384412765503,
                        -0.2448388636112213
                    ],
                    [
                        0.1593429148197174,
                        -0.016769230365753174,
                        0.7985725402832031,
                        -0.3712618947029114
                    ],
                    [
                        0.25181275606155396,
                        0.10156324505805969,
                        0.7819793224334717,
                        -0.29687967896461487
                    ],
                    [
                        0.22070887684822083,
                        0.12110669165849686,
                        0.8344910144805908,
                        -0.3958526849746704
                    ],
                    [
                        0.18476493656635284,
                        0.21175722777843475,
                        0.8555361032485962,
                        -0.374258816242218
                    ],
                    [
                        0.21029922366142273,
                        0.18820253014564514,
                        0.7791188955307007,
                        -0.25999531149864197
                    ],
                    [
                        0.20781473815441132,
                        0.1360948085784912,
                        0.8465695381164551,
                        -0.3392309546470642
                    ],
                    [
                        0.20658281445503235,
                        -0.006062649190425873,
                        0.8102723360061646,
                        -0.27964621782302856
                    ]
                ]
            ],
            "actions_pred": [
                [
                    [
                        0.326506644487381,
                        0.2884911596775055,
                        0.18148595094680786,
                        0.15083900094032288,
                        0.26304110884666443,
                        0.1921834945678711,
                        0.12544865906238556,
                        -0.06939010322093964,
                        0.08821196854114532,
                        0.03240685164928436,
                        -0.002385161817073822,
                        0.29077956080436707,
                        0.15046606957912445,
                        0.1593429148197174,
                        0.25181275606155396,
                        0.22070887684822083,
                        0.18476493656635284,
                        0.21029922366142273,
                        0.20781473815441132,
                        0.20658281445503235
                    ],
                    [
                        0.12765082716941833,
                        0.2782386541366577,
                        0.19864124059677124,
                        0.18625016510486603,
                        0.13721123337745667,
                        0.19498631358146667,
                        0.15069657564163208,
                        0.17562487721443176,
                        0.20577600598335266,
                        0.19251805543899536,
                        0.17214363813400269,
                        -0.01745384931564331,
                        0.00416218489408493,
                        -0.016769230365753174,
                        0.10156324505805969,
                        0.12110669165849686,
                        0.21175722777843475,
                        0.18820253014564514,
                        0.1360948085784912,
                        -0.006062649190425873
                    ],
                    [
                        0.6996926069259644,
                        0.6445192694664001,
                        0.3698474168777466,
                        0.3604510426521301,
                        0.5407026410102844,
                        0.7081409096717834,
                        0.810176432132721,
                        0.7977285385131836,
                        0.8590751886367798,
                        0.9679574370384216,
                        0.8887818455696106,
                        0.8814435601234436,
                        0.8739384412765503,
                        0.7985725402832031,
                        0.7819793224334717,
                        0.8344910144805908,
                        0.8555361032485962,
                        0.7791188955307007,
                        0.8465695381164551,
                        0.8102723360061646
                    ],
                    [
                        -0.3421090841293335,
                        -0.10411889851093292,
                        0.02351553738117218,
                        -0.060478001832962036,
                        -0.21554400026798248,
                        -0.19806230068206787,
                        -0.29231271147727966,
                        -0.32288795709609985,
                        -0.29677140712738037,
                        -0.2938126027584076,
                        -0.3124881088733673,
                        -0.32105565071105957,
                        -0.2448388636112213,
                        -0.3712618947029114,
                        -0.29687967896461487,
                        -0.3958526849746704,
                        -0.374258816242218,
                        -0.25999531149864197,
                        -0.3392309546470642,
                        -0.27964621782302856
                    ]
                ]
            ],
            "states": [
                [
                    [
                        6621704.0,
                        1.1313585673633497e-05,
                        0.0001999229716602713,
                        484312.6875
                    ],
                    [
                        5593624.0,
                        1.1206535418750718e-05,
                        0.0002002958208322525,
                        482520.40625
                    ],
                    [
                        5813720.0,
                        1.1108420039818157e-05,
                        0.0002003357367357239,
                        504661.125
                    ],
                    [
                        6207576.0,
                        1.1006884960806929e-05,
                        0.00022690219338983297,
                        474948.0
                    ],
                    [
                        8008888.0,
                        1.0889214536291547e-05,
                        0.00020534798386506736,
                        464277.84375
                    ],
                    [
                        6072912.0,
                        1.0774994734674692e-05,
                        0.00021573639241978526,
                        487907.71875
                    ],
                    [
                        5771728.0,
                        1.0680801096896175e-05,
                        0.00024723794194869697,
                        495985.625
                    ],
                    [
                        6184408.0,
                        1.058739326253999e-05,
                        0.00024693002342246473,
                        490380.28125
                    ],
                    [
                        5453168.0,
                        1.0498003575776238e-05,
                        0.00023204070748761296,
                        479010.4375
                    ],
                    [
                        5473440.0,
                        1.0415451470180415e-05,
                        0.00018021401774603873,
                        503120.46875
                    ],
                    [
                        5495160.0,
                        1.0333877071388997e-05,
                        0.0002400711819063872,
                        501130.78125
                    ],
                    [
                        5522672.0,
                        1.0253213076794054e-05,
                        0.000246424344368279,
                        482833.53125
                    ],
                    [
                        5845344.0,
                        1.0171300345973577e-05,
                        0.0002318411279702559,
                        521404.9375
                    ],
                    [
                        5531592.0,
                        1.0090602700074669e-05,
                        0.00026174713275395334,
                        512859.59375
                    ],
                    [
                        5728288.0,
                        1.0011996891989838e-05,
                        0.0002589555806480348,
                        492848.15625
                    ],
                    [
                        8446184.0,
                        9.914833754010033e-06,
                        0.0002588448696769774,
                        439526.84375
                    ],
                    [
                        5611000.0,
                        9.82020083029056e-06,
                        0.0002629015070851892,
                        482211.375
                    ],
                    [
                        5854264.0,
                        9.744398084876593e-06,
                        0.00024613598361611366,
                        493941.5
                    ],
                    [
                        5595072.0,
                        9.669850442151073e-06,
                        0.00026028408319689333,
                        487503.5625
                    ],
                    [
                        5576248.0,
                        9.598206816008314e-06,
                        0.000249440228799358,
                        493113.71875
                    ]
                ]
            ],
            "actions": [
                [
                    [
                        0.25
                    ],
                    [
                        0.25
                    ],
                    [
                        0.25
                    ],
                    [
                        0.25
                    ],
                    [
                        0.25
                    ],
                    [
                        0.25
                    ],
                    [
                        0.25
                    ],
                    [
                        0.25
                    ],
                    [
                        0.25
                    ],
                    [
                        0.25
                    ],
                    [
                        0.25
                    ],
                    [
                        0.25
                    ],
                    [
                        0.25
                    ],
                    [
                        0.25
                    ],
                    [
                        0.25
                    ],
                    [
                        0.25
                    ],
                    [
                        0.25
                    ],
                    [
                        0.25
                    ],
                    [
                        0.25
                    ],
                    [
                        0.25
                    ]
                ]
            ],
            "returns": [
                [
                    [
                        0.22746260464191437
                    ],
                    [
                        0.22651013731956482
                    ],
                    [
                        0.2255726456642151
                    ],
                    [
                        0.22463172674179077
                    ],
                    [
                        0.22368499636650085
                    ],
                    [
                        0.22271567583084106
                    ],
                    [
                        0.22177089750766754
                    ],
                    [
                        0.22083061933517456
                    ],
                    [
                        0.2198842167854309
                    ],
                    [
                        0.21894897520542145
                    ],
                    [
                        0.21801340579986572
                    ],
                    [
                        0.21707747876644135
                    ],
                    [
                        0.21614111959934235
                    ],
                    [
                        0.21519970893859863
                    ],
                    [
                        0.2142632007598877
                    ],
                    [
                        0.21332359313964844
                    ],
                    [
                        0.2123495638370514
                    ],
                    [
                        0.21141178905963898
                    ],
                    [
                        0.2104702591896057
                    ],
                    [
                        0.2095327377319336
                    ]
                ]
            ],
            "timesteps": [
                [
                    380,
                    381,
                    382,
                    383,
                    384,
                    385,
                    386,
                    387,
                    388,
                    389,
                    390,
                    391,
                    392,
                    393,
                    394,
                    395,
                    396,
                    397,
                    398,
                    399
                ]
            ],
            "labels": [
                [
                    0,
                    0,
                    0,
                    0,
                    0,
                    0,
                    0,
                    0,
                    0,
                    0,
                    0,
                    0,
                    0,
                    0,
                    0,
                    0,
                    0,
                    0,
                    0,
                    0
                ]
            ],
            "CPU Usage": 45.2,
            "RAM Usage": 55.3,
            "GPU Usage": 0.0,
            "VRAM Usage": 355.0,
            "Disk Read Speed (MB/s)": 206065.2978515625,
            "Disk Write Speed (MB/s)": 361262.2470703125
        },
        {
            "step": 1,
            "train_loss": 0.047915153205394745,
            "actions_pred1": [
                [
                    [
                        0.40768319368362427,
                        0.06673461943864822,
                        0.6363637447357178,
                        -0.19017335772514343
                    ],
                    [
                        0.3719572424888611,
                        0.19286875426769257,
                        0.6911914944648743,
                        -0.019703060388565063
                    ],
                    [
                        0.45174938440322876,
                        0.17620691657066345,
                        0.768406867980957,
                        -0.16126999258995056
                    ],
                    [
                        0.44815003871917725,
                        0.10593128204345703,
                        0.810315728187561,
                        -0.24310453236103058
                    ],
                    [
                        0.41154780983924866,
                        0.16378958523273468,
                        0.8964585661888123,
                        -0.2658858299255371
                    ],
                    [
                        0.2804223597049713,
                        0.16824106872081757,
                        0.6882635354995728,
                        -0.4399278163909912
                    ],
                    [
                        0.3940503001213074,
                        0.12296733260154724,
                        0.7166242599487305,
                        -0.40782105922698975
                    ],
                    [
                        0.38560229539871216,
                        0.1044410914182663,
                        0.6887008547782898,
                        -0.3428710401058197
                    ],
                    [
                        0.44406795501708984,
                        0.1132061779499054,
                        0.5811099410057068,
                        -0.37240731716156006
                    ],
                    [
                        0.34815675020217896,
                        0.06924515217542648,
                        0.6497598886489868,
                        -0.33636754751205444
                    ],
                    [
                        0.418552041053772,
                        0.17622675001621246,
                        0.6613752841949463,
                        -0.37400174140930176
                    ],
                    [
                        0.43956804275512695,
                        0.17331242561340332,
                        0.6445479989051819,
                        -0.42225319147109985
                    ],
                    [
                        0.3850405514240265,
                        0.15314437448978424,
                        0.6199131011962891,
                        -0.41302263736724854
                    ],
                    [
                        0.3743448555469513,
                        0.2155776023864746,
                        0.6790908575057983,
                        -0.4187498986721039
                    ],
                    [
                        0.4785260558128357,
                        0.12138035148382187,
                        0.7956522703170776,
                        -0.3509531021118164
                    ],
                    [
                        0.3928535580635071,
                        0.17999199032783508,
                        0.7267763614654541,
                        -0.3754618167877197
                    ],
                    [
                        0.3022337555885315,
                        0.24896062910556793,
                        0.7478194236755371,
                        -0.40135765075683594
                    ],
                    [
                        0.37978482246398926,
                        0.20528697967529297,
                        0.8398905396461487,
                        -0.3556068539619446
                    ],
                    [
                        0.42885711789131165,
                        0.21502718329429626,
                        0.8198961615562439,
                        -0.3917492628097534
                    ],
                    [
                        0.3056826889514923,
                        0.22712159156799316,
                        0.7998670935630798,
                        -0.4984219968318939
                    ]
                ]
            ],
            "actions_pred": [
                [
                    [
                        0.40768319368362427,
                        0.3719572424888611,
                        0.45174938440322876,
                        0.44815003871917725,
                        0.41154780983924866,
                        0.2804223597049713,
                        0.3940503001213074,
                        0.38560229539871216,
                        0.44406795501708984,
                        0.34815675020217896,
                        0.418552041053772,
                        0.43956804275512695,
                        0.3850405514240265,
                        0.3743448555469513,
                        0.4785260558128357,
                        0.3928535580635071,
                        0.3022337555885315,
                        0.37978482246398926,
                        0.42885711789131165,
                        0.3056826889514923
                    ],
                    [
                        0.06673461943864822,
                        0.19286875426769257,
                        0.17620691657066345,
                        0.10593128204345703,
                        0.16378958523273468,
                        0.16824106872081757,
                        0.12296733260154724,
                        0.1044410914182663,
                        0.1132061779499054,
                        0.06924515217542648,
                        0.17622675001621246,
                        0.17331242561340332,
                        0.15314437448978424,
                        0.2155776023864746,
                        0.12138035148382187,
                        0.17999199032783508,
                        0.24896062910556793,
                        0.20528697967529297,
                        0.21502718329429626,
                        0.22712159156799316
                    ],
                    [
                        0.6363637447357178,
                        0.6911914944648743,
                        0.768406867980957,
                        0.810315728187561,
                        0.8964585661888123,
                        0.6882635354995728,
                        0.7166242599487305,
                        0.6887008547782898,
                        0.5811099410057068,
                        0.6497598886489868,
                        0.6613752841949463,
                        0.6445479989051819,
                        0.6199131011962891,
                        0.6790908575057983,
                        0.7956522703170776,
                        0.7267763614654541,
                        0.7478194236755371,
                        0.8398905396461487,
                        0.8198961615562439,
                        0.7998670935630798
                    ],
                    [
                        -0.19017335772514343,
                        -0.019703060388565063,
                        -0.16126999258995056,
                        -0.24310453236103058,
                        -0.2658858299255371,
                        -0.4399278163909912,
                        -0.40782105922698975,
                        -0.3428710401058197,
                        -0.37240731716156006,
                        -0.33636754751205444,
                        -0.37400174140930176,
                        -0.42225319147109985,
                        -0.41302263736724854,
                        -0.4187498986721039,
                        -0.3509531021118164,
                        -0.3754618167877197,
                        -0.40135765075683594,
                        -0.3556068539619446,
                        -0.3917492628097534,
                        -0.4984219968318939
                    ]
                ]
            ],
            "states": [
                [
                    [
                        3453480.0,
                        1.1675143468892202e-05,
                        0.00029440681100822985,
                        672821.0625
                    ],
                    [
                        4107976.0,
                        1.1557735888345633e-05,
                        0.00028164629475213587,
                        683579.125
                    ],
                    [
                        4089152.0,
                        1.1433058716647793e-05,
                        0.00027785348356701434,
                        696568.625
                    ],
                    [
                        3556288.0,
                        1.131914814322954e-05,
                        0.00038381022750400007,
                        634586.1875
                    ],
                    [
                        2583232.0,
                        1.1229288247704972e-05,
                        0.0002961547579616308,
                        661987.4375
                    ],
                    [
                        1912808.0,
                        1.1164392162754666e-05,
                        0.00029962105327285826,
                        693806.25
                    ],
                    [
                        2088016.0,
                        1.1107291356893256e-05,
                        0.00029777659801766276,
                        580816.75
                    ],
                    [
                        2896000.0,
                        1.103698832594091e-05,
                        0.0002728095860220492,
                        525629.9375
                    ],
                    [
                        2564408.0,
                        1.0960944564430974e-05,
                        0.0002930021146312356,
                        619511.5625
                    ],
                    [
                        3921184.0,
                        1.087203600036446e-05,
                        0.0005929499748162925,
                        538834.625
                    ],
                    [
                        2794640.0,
                        1.0781384844449349e-05,
                        0.00017766767996363342,
                        677916.4375
                    ],
                    [
                        4726272.0,
                        1.0681769708753563e-05,
                        0.00018339134112466127,
                        599563.375
                    ],
                    [
                        4927544.0,
                        1.0556481356616132e-05,
                        0.00019205290300305933,
                        583179.3125
                    ],
                    [
                        5944040.0,
                        1.0418904821563046e-05,
                        0.0002024973655352369,
                        603427.0
                    ],
                    [
                        5063656.0,
                        1.0283110896125436e-05,
                        0.0002613598189782351,
                        607061.125
                    ],
                    [
                        5221488.0,
                        1.015944144455716e-05,
                        0.00023075626813806593,
                        620602.0625
                    ],
                    [
                        3421624.0,
                        1.0057716281153262e-05,
                        0.00032322804327122867,
                        608652.25
                    ],
                    [
                        3476648.0,
                        9.978034540836234e-06,
                        0.0002578554267529398,
                        617310.8125
                    ],
                    [
                        3407144.0,
                        9.899765245791059e-06,
                        0.00022438736050389707,
                        706043.875
                    ],
                    [
                        3938560.0,
                        9.817606041906402e-06,
                        0.00038321700412780046,
                        631372.625
                    ]
                ]
            ],
            "actions": [
                [
                    [
                        0.5
                    ],
                    [
                        0.5
                    ],
                    [
                        0.5
                    ],
                    [
                        0.5
                    ],
                    [
                        0.5
                    ],
                    [
                        0.5
                    ],
                    [
                        0.5
                    ],
                    [
                        0.5
                    ],
                    [
                        0.5
                    ],
                    [
                        0.5
                    ],
                    [
                        0.5
                    ],
                    [
                        0.5
                    ],
                    [
                        0.5
                    ],
                    [
                        0.5
                    ],
                    [
                        0.5
                    ],
                    [
                        0.5
                    ],
                    [
                        0.5
                    ],
                    [
                        0.5
                    ],
                    [
                        0.5
                    ],
                    [
                        0.5
                    ]
                ]
            ],
            "returns": [
                [
                    [
                        0.41369158029556274
                    ],
                    [
                        0.41279682517051697
                    ],
                    [
                        0.41188669204711914
                    ],
                    [
                        0.41097697615623474
                    ],
                    [
                        0.41007962822914124
                    ],
                    [
                        0.4092106521129608
                    ],
                    [
                        0.4083682894706726
                    ],
                    [
                        0.4075181484222412
                    ],
                    [
                        0.4066390097141266
                    ],
                    [
                        0.4057706594467163
                    ],
                    [
                        0.40486466884613037
                    ],
                    [
                        0.40398868918418884
                    ],
                    [
                        0.40306612849235535
                    ],
                    [
                        0.4021398723125458
                    ],
                    [
                        0.40119698643684387
                    ],
                    [
                        0.4002683162689209
                    ],
                    [
                        0.39933690428733826
                    ],
                    [
                        0.39844298362731934
                    ],
                    [
                        0.3975476622581482
                    ],
                    [
                        0.3966540992259979
                    ]
                ]
            ],
            "timesteps": [
                [
                    180,
                    181,
                    182,
                    183,
                    184,
                    185,
                    186,
                    187,
                    188,
                    189,
                    190,
                    191,
                    192,
                    193,
                    194,
                    195,
                    196,
                    197,
                    198,
                    199
                ]
            ],
            "labels": [
                [
                    1,
                    1,
                    1,
                    1,
                    1,
                    1,
                    1,
                    1,
                    1,
                    1,
                    1,
                    1,
                    1,
                    1,
                    1,
                    1,
                    1,
                    1,
                    1,
                    1
                ]
            ],
            "CPU Usage": 46.7,
            "RAM Usage": 55.3,
            "GPU Usage": 0.0,
            "VRAM Usage": 355.0,
            "Disk Read Speed (MB/s)": 206065.2978515625,
            "Disk Write Speed (MB/s)": 361262.4345703125
        },
        {
            "step": 2,
            "train_loss": 0.027477089315652847,
            "actions_pred1": [
                [
                    [
                        0.4804641604423523,
                        -0.01881261169910431,
                        0.5827845335006714,
                        -0.31815725564956665
                    ],
                    [
                        0.35773929953575134,
                        0.06478417664766312,
                        0.6627572774887085,
                        -0.39678114652633667
                    ],
                    [
                        0.3615533113479614,
                        0.0100560262799263,
                        0.7253957986831665,
                        -0.31288301944732666
                    ],
                    [
                        0.37195515632629395,
                        0.007714390754699707,
                        0.8674142360687256,
                        -0.396345853805542
                    ],
                    [
                        0.4079805016517639,
                        0.14367952942848206,
                        0.908245325088501,
                        -0.37479567527770996
                    ],
                    [
                        0.5028201341629028,
                        0.05876666307449341,
                        0.8143933415412903,
                        -0.30102089047431946
                    ],
                    [
                        0.40316125750541687,
                        0.04175584018230438,
                        0.6119716763496399,
                        -0.32736021280288696
                    ],
                    [
                        0.48267000913619995,
                        0.1464136689901352,
                        0.6680573225021362,
                        -0.29778993129730225
                    ],
                    [
                        0.46511927247047424,
                        0.1546950489282608,
                        0.6693366765975952,
                        -0.29063767194747925
                    ],
                    [
                        0.3013152480125427,
                        0.08895471692085266,
                        0.7986964583396912,
                        -0.3661918640136719
                    ],
                    [
                        0.3333824872970581,
                        0.17331935465335846,
                        1.0074129104614258,
                        -0.4110693037509918
                    ],
                    [
                        0.31228765845298767,
                        0.138752281665802,
                        0.9590399265289307,
                        -0.33590465784072876
                    ],
                    [
                        0.2522737383842468,
                        0.008943427354097366,
                        0.9363529086112976,
                        -0.38595497608184814
                    ],
                    [
                        0.3087785542011261,
                        0.08085687458515167,
                        0.9863041043281555,
                        -0.42374125123023987
                    ],
                    [
                        0.3401535153388977,
                        0.08189648389816284,
                        0.9747334122657776,
                        -0.42976266145706177
                    ],
                    [
                        0.3580321669578552,
                        0.1000065878033638,
                        0.9366973638534546,
                        -0.38596004247665405
                    ],
                    [
                        0.2651386260986328,
                        0.06472553312778473,
                        0.8680574297904968,
                        -0.3524080514907837
                    ],
                    [
                        0.21280398964881897,
                        0.18460305035114288,
                        0.8804233074188232,
                        -0.3027722239494324
                    ],
                    [
                        0.29486969113349915,
                        0.17646270990371704,
                        0.9022950530052185,
                        -0.32841265201568604
                    ],
                    [
                        0.2843940854072571,
                        0.18520738184452057,
                        0.9370666742324829,
                        -0.3531479835510254
                    ]
                ]
            ],
            "actions_pred": [
                [
                    [
                        0.4804641604423523,
                        0.35773929953575134,
                        0.3615533113479614,
                        0.37195515632629395,
                        0.4079805016517639,
                        0.5028201341629028,
