{
    "steps": [
        {
            "step": 0,
            "train_loss": 0.032128285616636276,
            "actions_pred1": [
                [
                    [
                        -0.17487138509750366,
                        3.675938129425049,
                        2.4342732429504395,
                        -5.268126487731934
                    ],
                    [
                        0.3980488181114197,
                        3.8734583854675293,
                        2.989670991897583,
                        -5.784947395324707
                    ],
                    [
                        0.6097646951675415,
                        4.097579002380371,
                        2.8485236167907715,
                        -6.199426651000977
                    ],
                    [
                        0.46539920568466187,
                        4.35645055770874,
                        2.5049171447753906,
                        -6.518829822540283
                    ],
                    [
                        0.3562655448913574,
                        5.001392841339111,
                        1.912759780883789,
                        -6.7948760986328125
                    ],
                    [
                        0.48641979694366455,
                        5.220093727111816,
                        1.9097360372543335,
                        -6.943994045257568
                    ],
                    [
                        0.7471618056297302,
                        5.341448783874512,
                        1.5742075443267822,
                        -6.838344573974609
                    ],
                    [
                        0.777163028717041,
                        5.226544380187988,
                        1.6524195671081543,
                        -6.759982109069824
                    ],
                    [
                        0.7528643012046814,
                        5.596755027770996,
                        1.7358375787734985,
                        -6.874664783477783
                    ],
                    [
                        0.4004848003387451,
                        5.7149457931518555,
                        1.575230598449707,
                        -6.684953689575195
                    ],
                    [
                        0.31605249643325806,
                        5.58616304397583,
                        2.2264914512634277,
                        -6.963605880737305
                    ],
                    [
                        0.27660831809043884,
                        5.628588676452637,
                        2.2393808364868164,
                        -6.876773834228516
                    ],
                    [
                        0.4578503668308258,
                        5.7629523277282715,
                        2.3836781978607178,
                        -6.976370811462402
                    ],
                    [
                        0.3503377437591553,
                        5.681652069091797,
                        2.3852481842041016,
                        -7.163542747497559
                    ],
                    [
                        0.40356969833374023,
                        5.920595645904541,
                        2.2139713764190674,
                        -7.04883337020874
                    ],
                    [
                        0.3173064589500427,
                        5.895963668823242,
                        2.0200514793395996,
                        -6.997844696044922
                    ],
                    [
                        0.4173552989959717,
                        5.94886589050293,
                        1.7783410549163818,
                        -6.876873970031738
                    ],
                    [
                        0.5104373097419739,
                        5.828459739685059,
                        1.7553868293762207,
                        -7.075993537902832
                    ],
                    [
                        0.6759231686592102,
                        5.801817417144775,
                        1.917035698890686,
                        -7.2765960693359375
                    ],
                    [
                        0.6153408288955688,
                        5.819979667663574,
                        1.8689796924591064,
                        -7.135720252990723
                    ]
                ]
            ],
            "actions_pred": [
                [
                    [
                        -0.17487138509750366,
                        0.3980488181114197,
                        0.6097646951675415,
                        0.46539920568466187,
                        0.3562655448913574,
                        0.48641979694366455,
                        0.7471618056297302,
                        0.777163028717041,
                        0.7528643012046814,
                        0.4004848003387451,
                        0.31605249643325806,
                        0.27660831809043884,
                        0.4578503668308258,
                        0.3503377437591553,
                        0.40356969833374023,
                        0.3173064589500427,
                        0.4173552989959717,
                        0.5104373097419739,
                        0.6759231686592102,
                        0.6153408288955688
                    ],
                    [
                        3.675938129425049,
                        3.8734583854675293,
                        4.097579002380371,
                        4.35645055770874,
                        5.001392841339111,
                        5.220093727111816,
                        5.341448783874512,
                        5.226544380187988,
                        5.596755027770996,
                        5.7149457931518555,
                        5.58616304397583,
                        5.628588676452637,
                        5.7629523277282715,
                        5.681652069091797,
                        5.920595645904541,
                        5.895963668823242,
                        5.94886589050293,
                        5.828459739685059,
                        5.801817417144775,
                        5.819979667663574
                    ],
                    [
                        2.4342732429504395,
                        2.989670991897583,
                        2.8485236167907715,
                        2.5049171447753906,
                        1.912759780883789,
                        1.9097360372543335,
                        1.5742075443267822,
                        1.6524195671081543,
                        1.7358375787734985,
                        1.575230598449707,
                        2.2264914512634277,
                        2.2393808364868164,
                        2.3836781978607178,
                        2.3852481842041016,
                        2.2139713764190674,
                        2.0200514793395996,
                        1.7783410549163818,
                        1.7553868293762207,
                        1.917035698890686,
                        1.8689796924591064
                    ],
                    [
                        -5.268126487731934,
                        -5.784947395324707,
                        -6.199426651000977,
                        -6.518829822540283,
                        -6.7948760986328125,
                        -6.943994045257568,
                        -6.838344573974609,
                        -6.759982109069824,
                        -6.874664783477783,
                        -6.684953689575195,
                        -6.963605880737305,
                        -6.876773834228516,
                        -6.976370811462402,
                        -7.163542747497559,
                        -7.04883337020874,
                        -6.997844696044922,
                        -6.876873970031738,
                        -7.075993537902832,
                        -7.2765960693359375,
                        -7.135720252990723
                    ]
                ]
            ],
            "states": [
                [
                    [
                        5847024.0,
                        7.17427474228316e-06,
                        0.0002797465131152421,
                        862261.25
                    ],
                    [
                        5130264.0,
                        7.109771104296669e-06,
                        0.00027696648612618446,
                        791462.9375
                    ],
                    [
                        5460408.0,
                        7.0486535150848795e-06,
                        0.0002747685939539224,
                        848104.9375
                    ],
                    [
                        5159224.0,
                        6.988396307860967e-06,
                        0.000255326071055606,
                        826896.4375
                    ],
                    [
                        5280856.0,
                        6.9301599978643935e-06,
                        0.0002729953557718545,
                        850071.375
                    ],
                    [
                        5415520.0,
                        6.871501227578847e-06,
                        0.00026464968686923385,
                        894284.875
                    ],
                    [
                        5138952.0,
                        6.81457140672137e-06,
                        0.000260901142610237,
                        824406.5
                    ],
                    [
                        5364840.0,
                        6.758851213817252e-06,
                        0.00026091569452546537,
                        837380.25
                    ],
                    [
                        8605643.0,
                        0.0036125751212239265,
                        0.0002766261750366539,
                        462352.0625
                    ],
                    [
                        10015816.0,
                        0.00033437556703574955,
                        0.00026207882910966873,
                        482968.0625
                    ],
                    [
                        7806168.0,
                        0.00019468956452328712,
                        0.00027697221958078444,
                        473153.5
                    ],
                    [
                        6004856.0,
                        0.00014804340025875717,
                        0.00037561735371127725,
                        563905.9375
                    ],
                    [
                        3835752.0,
                        0.00012653775047510862,
                        0.000348972505889833,
                        546822.625
                    ],
                    [
                        693592.0,
                        0.00011859468213515356,
                        0.000344088242854923,
                        536207.0
                    ],
                    [
                        1136680.0,
                        0.00011570940841920674,
                        0.00030916635296307504,
                        532932.75
                    ],
                    [
                        755856.0,
                        0.0001128598305513151,
                        0.00029186115716584027,
                        668301.125
                    ],
                    [
                        573408.0,
                        0.00011094257206423208,
                        0.00031188191496767104,
                        741689.6875
                    ],
                    [
                        432952.0,
                        0.0001095341140171513,
                        0.0003927450452465564,
                        678985.1875
                    ],
                    [
                        1216320.0,
                        0.00010730996291385964,
                        0.00034627493005245924,
                        618105.1875
                    ],
                    [
                        4131144.0,
                        0.00010072957229567692,
                        0.00028098482289351523,
                        571491.4375
                    ]
                ]
            ],
            "actions": [
                [
                    [
                        0.75
                    ],
                    [
                        0.75
                    ],
                    [
                        0.75
                    ],
                    [
                        0.75
                    ],
                    [
                        0.75
                    ],
                    [
                        0.75
                    ],
                    [
                        0.75
                    ],
                    [
                        0.75
                    ],
                    [
                        0.5
                    ],
                    [
                        0.5
                    ],
                    [
                        0.5
                    ],
                    [
                        0.5
                    ],
                    [
                        0.5
                    ],
                    [
                        0.5
                    ],
                    [
                        0.5
                    ],
                    [
                        0.5
                    ],
                    [
                        0.5
                    ],
                    [
                        0.5
                    ],
                    [
                        0.5
                    ],
                    [
                        0.5
                    ]
                ]
            ],
            "returns": [
                [
                    [
                        0.48685410618782043
                    ],
                    [
                        0.4859126806259155
                    ],
                    [
                        0.48498284816741943
                    ],
                    [
                        0.4840475022792816
                    ],
                    [
                        0.48311716318130493
                    ],
                    [
                        0.4821847677230835
                    ],
                    [
                        0.481250137090683
                    ],
                    [
                        0.48032015562057495
                    ],
                    [
                        0.4793863594532013
                    ],
                    [
                        0.47841066122055054
                    ],
                    [
                        0.47742152214050293
                    ],
                    [
                        0.4764544665813446
                    ],
                    [
                        0.47551068663597107
                    ],
                    [
                        0.47460663318634033
                    ],
                    [
                        0.4738542139530182
                    ],
                    [
                        0.47305798530578613
                    ],
                    [
                        0.4722979664802551
                    ],
                    [
                        0.47156238555908203
                    ],
                    [
                        0.47085174918174744
                    ],
                    [
                        0.47004953026771545
                    ]
                ]
            ],
            "timesteps": [
                [
                    100,
                    101,
                    102,
                    103,
                    104,
                    105,
                    106,
                    107,
                    108,
                    109,
                    110,
                    111,
                    112,
                    113,
                    114,
                    115,
                    116,
                    117,
                    118,
                    119
                ]
            ],
            "labels": [
                [
                    2,
                    2,
                    2,
                    2,
                    2,
                    2,
                    2,
                    2,
                    1,
                    1,
                    1,
                    1,
                    1,
                    1,
                    1,
                    1,
                    1,
                    1,
                    1,
                    1
                ]
            ],
            "CPU Usage": 46.4,
            "RAM Usage": 54.9,
            "GPU Usage": 0.0,
            "VRAM Usage": 355.0,
            "Disk Read Speed (MB/s)": 206645.3466796875,
            "Disk Write Speed (MB/s)": 414002.0830078125
        },
        {
            "step": 1,
            "train_loss": 0.05245644971728325,
            "actions_pred1": [
                [
                    [
                        0.42540472745895386,
                        1.3306787014007568,
                        1.3605306148529053,
                        -2.9557244777679443
                    ],
                    [
                        0.7097625732421875,
                        1.7363722324371338,
                        1.343539834022522,
                        -2.798508882522583
                    ],
                    [
                        0.9056176543235779,
                        1.7913203239440918,
                        0.9057415127754211,
                        -2.670881748199463
                    ],
                    [
                        0.9225972890853882,
                        1.8357305526733398,
                        0.9107756018638611,
                        -2.7082221508026123
                    ],
                    [
                        1.048257827758789,
                        1.7979799509048462,
                        1.244552493095398,
                        -3.354743480682373
                    ],
                    [
                        0.938568651676178,
                        1.7257720232009888,
                        1.4113996028900146,
                        -3.348365306854248
                    ],
                    [
                        0.8515724539756775,
                        1.604231834411621,
                        1.5769402980804443,
                        -3.3193888664245605
                    ],
                    [
                        0.7083876729011536,
                        1.6328530311584473,
                        1.52505362033844,
                        -3.563291549682617
                    ],
                    [
                        0.8137831091880798,
                        1.807420253753662,
                        1.755368709564209,
                        -3.6829681396484375
                    ],
                    [
                        0.8719834685325623,
                        1.8141558170318604,
                        1.9858654737472534,
                        -3.758497714996338
                    ],
                    [
                        0.854935884475708,
                        1.8870673179626465,
                        1.8947601318359375,
                        -3.8544459342956543
                    ],
                    [
                        1.2664742469787598,
                        1.828792929649353,
                        1.971509337425232,
                        -4.32249116897583
                    ],
                    [
                        0.9438866972923279,
                        1.796606183052063,
                        1.8274445533752441,
                        -4.067028522491455
                    ],
                    [
                        0.9923470616340637,
                        1.6016522645950317,
                        1.7317110300064087,
                        -4.240012168884277
                    ],
                    [
                        1.0642950534820557,
                        1.7489718198776245,
                        1.5765000581741333,
                        -4.4006028175354
                    ],
                    [
                        1.1289756298065186,
                        1.8035657405853271,
                        1.58140230178833,
                        -4.4972052574157715
                    ],
                    [
                        0.988326370716095,
                        2.1489272117614746,
                        1.7051362991333008,
                        -4.845431327819824
                    ],
                    [
                        1.0318528413772583,
                        2.117368221282959,
                        1.679591178894043,
                        -4.446310520172119
                    ],
                    [
                        1.0111021995544434,
                        1.972792625427246,
                        1.645912528038025,
                        -4.372231960296631
                    ],
                    [
                        1.001659870147705,
                        1.8405020236968994,
                        1.737457513809204,
                        -4.281891822814941
                    ]
                ]
            ],
            "actions_pred": [
                [
                    [
                        0.42540472745895386,
                        0.7097625732421875,
                        0.9056176543235779,
                        0.9225972890853882,
                        1.048257827758789,
                        0.938568651676178,
                        0.8515724539756775,
                        0.7083876729011536,
                        0.8137831091880798,
                        0.8719834685325623,
                        0.854935884475708,
                        1.2664742469787598,
                        0.9438866972923279,
                        0.9923470616340637,
                        1.0642950534820557,
                        1.1289756298065186,
                        0.988326370716095,
                        1.0318528413772583,
                        1.0111021995544434,
                        1.001659870147705
                    ],
                    [
                        1.3306787014007568,
                        1.7363722324371338,
                        1.7913203239440918,
                        1.8357305526733398,
                        1.7979799509048462,
                        1.7257720232009888,
                        1.604231834411621,
                        1.6328530311584473,
                        1.807420253753662,
                        1.8141558170318604,
                        1.8870673179626465,
                        1.828792929649353,
                        1.796606183052063,
                        1.6016522645950317,
                        1.7489718198776245,
                        1.8035657405853271,
                        2.1489272117614746,
                        2.117368221282959,
                        1.972792625427246,
                        1.8405020236968994
                    ],
                    [
                        1.3605306148529053,
                        1.343539834022522,
                        0.9057415127754211,
                        0.9107756018638611,
                        1.244552493095398,
                        1.4113996028900146,
                        1.5769402980804443,
                        1.52505362033844,
                        1.755368709564209,
                        1.9858654737472534,
                        1.8947601318359375,
                        1.971509337425232,
                        1.8274445533752441,
                        1.7317110300064087,
                        1.5765000581741333,
                        1.58140230178833,
                        1.7051362991333008,
                        1.679591178894043,
                        1.645912528038025,
                        1.737457513809204
                    ],
                    [
                        -2.9557244777679443,
                        -2.798508882522583,
                        -2.670881748199463,
                        -2.7082221508026123,
                        -3.354743480682373,
                        -3.348365306854248,
                        -3.3193888664245605,
                        -3.563291549682617,
                        -3.6829681396484375,
                        -3.758497714996338,
                        -3.8544459342956543,
                        -4.32249116897583,
                        -4.067028522491455,
                        -4.240012168884277,
                        -4.4006028175354,
                        -4.4972052574157715,
                        -4.845431327819824,
                        -4.446310520172119,
                        -4.372231960296631,
                        -4.281891822814941
                    ]
                ]
            ],
            "states": [
                [
                    [
                        6621704.0,
                        1.1313585673633497e-05,
                        0.0001999229716602713,
                        484312.6875
                    ],
                    [
                        5593624.0,
                        1.1206535418750718e-05,
                        0.0002002958208322525,
                        482520.40625
                    ],
                    [
                        5813720.0,
                        1.1108420039818157e-05,
                        0.0002003357367357239,
                        504661.125
                    ],
                    [
                        6207576.0,
                        1.1006884960806929e-05,
                        0.00022690219338983297,
                        474948.0
                    ],
                    [
                        8008888.0,
                        1.0889214536291547e-05,
                        0.00020534798386506736,
                        464277.84375
                    ],
                    [
                        6072912.0,
                        1.0774994734674692e-05,
                        0.00021573639241978526,
                        487907.71875
                    ],
                    [
                        5771728.0,
                        1.0680801096896175e-05,
                        0.00024723794194869697,
                        495985.625
                    ],
                    [
                        6184408.0,
                        1.058739326253999e-05,
                        0.00024693002342246473,
                        490380.28125
                    ],
                    [
                        5453168.0,
                        1.0498003575776238e-05,
                        0.00023204070748761296,
                        479010.4375
                    ],
                    [
                        5473440.0,
                        1.0415451470180415e-05,
                        0.00018021401774603873,
                        503120.46875
                    ],
                    [
                        5495160.0,
                        1.0333877071388997e-05,
                        0.0002400711819063872,
                        501130.78125
                    ],
                    [
                        5522672.0,
                        1.0253213076794054e-05,
                        0.000246424344368279,
                        482833.53125
                    ],
                    [
                        5845344.0,
                        1.0171300345973577e-05,
                        0.0002318411279702559,
                        521404.9375
                    ],
                    [
                        5531592.0,
                        1.0090602700074669e-05,
                        0.00026174713275395334,
                        512859.59375
                    ],
                    [
                        5728288.0,
                        1.0011996891989838e-05,
                        0.0002589555806480348,
                        492848.15625
                    ],
                    [
                        8446184.0,
                        9.914833754010033e-06,
                        0.0002588448696769774,
                        439526.84375
                    ],
                    [
                        5611000.0,
                        9.82020083029056e-06,
                        0.0002629015070851892,
                        482211.375
                    ],
                    [
                        5854264.0,
                        9.744398084876593e-06,
                        0.00024613598361611366,
                        493941.5
                    ],
                    [
                        5595072.0,
                        9.669850442151073e-06,
                        0.00026028408319689333,
                        487503.5625
                    ],
                    [
                        5576248.0,
                        9.598206816008314e-06,
                        0.000249440228799358,
                        493113.71875
                    ]
                ]
            ],
            "actions": [
                [
                    [
                        0.25
                    ],
                    [
                        0.25
                    ],
                    [
                        0.25
                    ],
                    [
                        0.25
                    ],
                    [
                        0.25
                    ],
                    [
                        0.25
                    ],
                    [
                        0.25
                    ],
                    [
                        0.25
                    ],
                    [
                        0.25
                    ],
                    [
                        0.25
                    ],
                    [
                        0.25
                    ],
                    [
                        0.25
                    ],
                    [
                        0.25
                    ],
                    [
                        0.25
                    ],
                    [
                        0.25
                    ],
                    [
                        0.25
                    ],
                    [
                        0.25
                    ],
                    [
                        0.25
                    ],
                    [
                        0.25
                    ],
                    [
                        0.25
                    ]
                ]
            ],
            "returns": [
                [
                    [
                        0.22746260464191437
                    ],
                    [
                        0.22651013731956482
                    ],
                    [
                        0.2255726456642151
                    ],
                    [
                        0.22463172674179077
                    ],
                    [
                        0.22368499636650085
                    ],
                    [
                        0.22271567583084106
                    ],
                    [
                        0.22177089750766754
                    ],
                    [
                        0.22083061933517456
                    ],
                    [
                        0.2198842167854309
                    ],
                    [
                        0.21894897520542145
                    ],
                    [
                        0.21801340579986572
                    ],
                    [
                        0.21707747876644135
                    ],
                    [
                        0.21614111959934235
                    ],
                    [
                        0.21519970893859863
                    ],
                    [
                        0.2142632007598877
                    ],
                    [
                        0.21332359313964844
                    ],
                    [
                        0.2123495638370514
                    ],
                    [
                        0.21141178905963898
                    ],
                    [
                        0.2104702591896057
                    ],
                    [
                        0.2095327377319336
                    ]
                ]
            ],
            "timesteps": [
                [
                    380,
                    381,
                    382,
                    383,
                    384,
                    385,
                    386,
                    387,
                    388,
                    389,
                    390,
                    391,
                    392,
                    393,
                    394,
                    395,
                    396,
                    397,
                    398,
                    399
                ]
            ],
            "labels": [
                [
                    0,
                    0,
                    0,
                    0,
                    0,
                    0,
                    0,
                    0,
                    0,
                    0,
                    0,
                    0,
                    0,
                    0,
                    0,
                    0,
                    0,
                    0,
                    0,
                    0
                ]
            ],
            "CPU Usage": 46.7,
            "RAM Usage": 55.1,
            "GPU Usage": 0.0,
            "VRAM Usage": 355.0,
            "Disk Read Speed (MB/s)": 206645.3466796875,
            "Disk Write Speed (MB/s)": 414002.3134765625
        },
        {
            "step": 2,
            "train_loss": 0.04768717288970947,
            "actions_pred1": [
                [
                    [
                        1.323158621788025,
                        3.2102582454681396,
                        2.1384825706481934,
                        -4.408029079437256
                    ],
                    [
                        1.5681818723678589,
                        2.6272480487823486,
                        1.4449235200881958,
                        -4.14520263671875
                    ],
                    [
                        1.5586597919464111,
                        2.236610174179077,
                        1.1629985570907593,
                        -4.499515533447266
                    ],
                    [
                        1.6819555759429932,
                        2.3530097007751465,
                        1.0507068634033203,
                        -4.95798397064209
                    ],
                    [
                        1.8383519649505615,
                        2.6098971366882324,
                        0.9949743151664734,
                        -5.3070831298828125
                    ],
                    [
                        1.7720611095428467,
                        2.4943785667419434,
                        1.0587090253829956,
                        -5.311603546142578
                    ],
                    [
                        1.8623322248458862,
                        2.839036464691162,
                        0.9909433126449585,
                        -5.829860687255859
                    ],
                    [
                        1.8416683673858643,
                        2.736065149307251,
                        0.9956591725349426,
                        -6.034024238586426
                    ],
                    [
                        1.9677090644836426,
                        3.5633749961853027,
                        1.2658989429473877,
                        -6.634800434112549
                    ],
                    [
                        2.1871719360351562,
                        3.553541421890259,
                        1.2237093448638916,
                        -6.687358856201172
                    ],
                    [
                        2.158968210220337,
                        3.3560867309570312,
                        1.1382339000701904,
                        -6.659006595611572
                    ],
                    [
                        2.0181162357330322,
                        3.27620792388916,
                        1.1841821670532227,
                        -6.539269924163818
                    ],
                    [
                        2.1684656143188477,
                        3.411079168319702,
                        1.1630643606185913,
                        -6.733612537384033
                    ],
                    [
                        2.2602968215942383,
                        3.442584753036499,
                        1.435882806777954,
                        -6.785904884338379
                    ],
                    [
                        2.3345282077789307,
                        3.2853236198425293,
                        1.3473647832870483,
                        -6.389501571655273
                    ],
                    [
                        2.2749991416931152,
                        3.2603678703308105,
                        1.2082130908966064,
                        -6.458707809448242
                    ],
                    [
                        2.3091044425964355,
                        3.4136829376220703,
                        1.1356273889541626,
                        -6.939506530761719
                    ],
                    [
                        2.2247180938720703,
                        3.509086847305298,
                        1.1047841310501099,
                        -6.843387126922607
                    ],
                    [
                        2.3184006214141846,
                        3.6494600772857666,
                        1.1447571516036987,
                        -6.819196701049805
                    ],
                    [
                        2.253552198410034,
                        3.4736216068267822,
                        1.3605010509490967,
                        -6.84589147567749
                    ]
                ]
            ],
            "actions_pred": [
                [
                    [
                        1.323158621788025,
                        1.5681818723678589,
                        1.5586597919464111,
                        1.6819555759429932,
                        1.8383519649505615,
                        1.7720611095428467,
                        1.8623322248458862,
                        1.8416683673858643,
                        1.9677090644836426,
                        2.1871719360351562,
                        2.158968210220337,
                        2.0181162357330322,
                        2.1684656143188477,
                        2.2602968215942383,
                        2.3345282077789307,
