{
    "steps": [
        {
            "step": 0,
            "train_loss": 0.026272619143128395,
            "actions_pred1": [
                [
                    [
                        0.44001534581184387,
                        0.41861265897750854,
                        0.9831871390342712,
                        -1.0856313705444336
                    ],
                    [
                        0.4279114603996277,
                        0.5891292691230774,
                        0.9283514022827148,
                        -1.1228948831558228
                    ],
                    [
                        0.4221685528755188,
                        0.7181017994880676,
                        0.9027168154716492,
                        -1.1150120496749878
                    ],
                    [
                        0.5871655344963074,
                        0.7741265892982483,
                        1.148114800453186,
                        -1.186302661895752
                    ],
                    [
                        0.5356320738792419,
                        0.7979651689529419,
                        1.1878999471664429,
                        -1.269925594329834
                    ],
                    [
                        0.22834166884422302,
                        0.5702943205833435,
                        1.1506484746932983,
                        -1.2366576194763184
                    ],
                    [
                        0.17480508983135223,
                        0.5500685572624207,
                        1.0741373300552368,
                        -1.3004724979400635
                    ],
                    [
                        0.3277629017829895,
                        0.6380916833877563,
                        1.0158298015594482,
                        -1.2463319301605225
                    ],
                    [
                        0.33508533239364624,
                        0.645587682723999,
                        0.969185471534729,
                        -1.3888896703720093
                    ],
                    [
                        0.3259509801864624,
                        0.6557618975639343,
                        0.9505466222763062,
                        -1.5509008169174194
                    ],
                    [
                        0.3961299657821655,
                        0.5586366653442383,
                        0.8436441421508789,
                        -1.508612871170044
                    ],
                    [
                        0.35288795828819275,
                        0.6532202363014221,
                        1.0096361637115479,
                        -1.5606403350830078
                    ],
                    [
                        0.3913118243217468,
                        0.6415438652038574,
                        1.0664466619491577,
                        -1.4799894094467163
                    ],
                    [
                        0.45806899666786194,
                        0.5098887085914612,
                        1.0630625486373901,
                        -1.6513761281967163
                    ],
                    [
                        0.5111492872238159,
                        0.531449556350708,
                        1.0172929763793945,
                        -1.6338233947753906
                    ],
                    [
                        0.4061027765274048,
                        0.6275954246520996,
                        0.9490007162094116,
                        -1.7151031494140625
                    ],
                    [
                        0.4714164733886719,
                        0.6718848347663879,
                        1.010475754737854,
                        -1.5597667694091797
                    ],
                    [
                        0.46452152729034424,
                        0.6968725919723511,
                        1.0320185422897339,
                        -1.5865561962127686
                    ],
                    [
                        0.4348680377006531,
                        0.7237416505813599,
                        1.0284227132797241,
                        -1.6582090854644775
                    ],
                    [
                        0.40617913007736206,
                        0.7365506887435913,
                        1.012822151184082,
                        -1.649370551109314
                    ]
                ]
            ],
            "actions_pred": [
                [
                    [
                        0.44001534581184387,
                        0.4279114603996277,
                        0.4221685528755188,
                        0.5871655344963074,
                        0.5356320738792419,
                        0.22834166884422302,
                        0.17480508983135223,
                        0.3277629017829895,
                        0.33508533239364624,
                        0.3259509801864624,
                        0.3961299657821655,
                        0.35288795828819275,
                        0.3913118243217468,
                        0.45806899666786194,
                        0.5111492872238159,
                        0.4061027765274048,
                        0.4714164733886719,
                        0.46452152729034424,
                        0.4348680377006531,
                        0.40617913007736206
                    ],
                    [
                        0.41861265897750854,
                        0.5891292691230774,
                        0.7181017994880676,
                        0.7741265892982483,
                        0.7979651689529419,
                        0.5702943205833435,
                        0.5500685572624207,
                        0.6380916833877563,
                        0.645587682723999,
                        0.6557618975639343,
                        0.5586366653442383,
                        0.6532202363014221,
                        0.6415438652038574,
                        0.5098887085914612,
                        0.531449556350708,
                        0.6275954246520996,
                        0.6718848347663879,
                        0.6968725919723511,
                        0.7237416505813599,
                        0.7365506887435913
                    ],
                    [
                        0.9831871390342712,
                        0.9283514022827148,
                        0.9027168154716492,
                        1.148114800453186,
                        1.1878999471664429,
                        1.1506484746932983,
                        1.0741373300552368,
                        1.0158298015594482,
                        0.969185471534729,
                        0.9505466222763062,
                        0.8436441421508789,
                        1.0096361637115479,
                        1.0664466619491577,
                        1.0630625486373901,
                        1.0172929763793945,
                        0.9490007162094116,
                        1.010475754737854,
                        1.0320185422897339,
                        1.0284227132797241,
                        1.012822151184082
                    ],
                    [
                        -1.0856313705444336,
                        -1.1228948831558228,
                        -1.1150120496749878,
                        -1.186302661895752,
                        -1.269925594329834,
                        -1.2366576194763184,
                        -1.3004724979400635,
                        -1.2463319301605225,
                        -1.3888896703720093,
                        -1.5509008169174194,
                        -1.508612871170044,
                        -1.5606403350830078,
                        -1.4799894094467163,
                        -1.6513761281967163,
                        -1.6338233947753906,
                        -1.7151031494140625,
                        -1.5597667694091797,
                        -1.5865561962127686,
                        -1.6582090854644775,
                        -1.649370551109314
                    ]
                ]
            ],
            "states": [
                [
                    [
                        5583488.0,
                        1.565206184750423e-05,
                        0.00026454709586687386,
                        777972.9375
                    ],
                    [
                        4978224.0,
                        1.5359531971625984e-05,
                        0.0002797465131152421,
                        855686.3125
                    ],
                    [
                        5334432.0,
                        1.5084374354046304e-05,
                        0.00027696648612618446,
                        816815.875
                    ],
                    [
                        5159224.0,
                        1.4814246242167428e-05,
                        0.0002747685939539224,
                        799861.375
                    ],
                    [
                        5513984.0,
                        1.4549360457749572e-05,
                        0.000255326071055606,
                        807912.1875
                    ],
                    [
                        5082480.0,
                        1.4295442269940395e-05,
                        0.0002729953557718545,
                        779605.9375
                    ],
                    [
                        5376424.0,
                        1.4053456652618479e-05,
                        0.00026464968686923385,
                        853596.25
                    ],
                    [
                        5073792.0,
                        1.3819644664181396e-05,
                        0.000260901142610237,
                        865763.5
                    ],
                    [
                        5425656.0,
                        1.3592515642812941e-05,
                        0.00026091569452546537,
                        896600.0
                    ],
                    [
                        5301128.0,
                        1.3368029613047838e-05,
                        0.00027603365015238523,
                        844597.4375
                    ],
                    [
                        5346016.0,
                        1.3152442988939583e-05,
                        0.0002529293124098331,
                        839011.5
                    ],
                    [
                        5652992.0,
                        1.2936916391481645e-05,
                        0.0002769185812212527,
                        874385.5625
                    ],
                    [
                        5185288.0,
                        1.2731260540022049e-05,
                        0.0002480096882209182,
                        820181.0625
                    ],
                    [
                        5438688.0,
                        1.2536010217445437e-05,
                        0.00027678909827955067,
                        838090.6875
                    ],
                    [
                        5221488.0,
                        1.2345956747594755e-05,
                        0.0002834639744833112,
                        979366.25
                    ],
                    [
                        5306920.0,
                        1.2163849532953463e-05,
                        0.00027035834500566125,
                        858373.0
                    ],
                    [
                        5419864.0,
                        1.1983782314928249e-05,
                        0.0002671718248166144,
                        825702.5
                    ],
                    [
                        5708016.0,
                        1.1802524568338413e-05,
                        0.00027032653451897204,
                        851358.6875
                    ],
                    [
                        5637064.0,
                        1.1623262253124267e-05,
                        0.0002656110445968807,
                        872734.375
                    ],
                    [
                        5471992.0,
                        1.1452919352450408e-05,
                        0.0002651966060511768,
                        865487.25
                    ]
                ]
            ],
            "actions": [
                [
                    [
                        0.75
                    ],
                    [
                        0.75
                    ],
                    [
                        0.75
                    ],
                    [
                        0.75
                    ],
                    [
                        0.75
                    ],
                    [
                        0.75
                    ],
                    [
                        0.75
                    ],
                    [
                        0.75
                    ],
                    [
                        0.75
                    ],
                    [
                        0.75
                    ],
                    [
                        0.75
                    ],
                    [
                        0.75
                    ],
                    [
                        0.75
                    ],
                    [
                        0.75
                    ],
                    [
                        0.75
                    ],
                    [
                        0.75
                    ],
                    [
                        0.75
                    ],
                    [
                        0.75
                    ],
                    [
                        0.75
                    ],
                    [
                        0.75
                    ]
                ]
            ],
            "returns": [
                [
                    [
                        0.5428837537765503
                    ],
                    [
                        0.5419464111328125
                    ],
                    [
                        0.5410192608833313
                    ],
                    [
                        0.5400859713554382
                    ],
                    [
                        0.5391556620597839
                    ],
                    [
                        0.5382193922996521
                    ],
                    [
                        0.5372903943061829
                    ],
                    [
                        0.5363564491271973
                    ],
                    [
                        0.5354275703430176
                    ],
                    [
                        0.5344927906990051
                    ],
                    [
                        0.533560037612915
                    ],
                    [
                        0.5326265692710876
                    ],
                    [
                        0.5316881537437439
                    ],
                    [
                        0.5307573676109314
                    ],
                    [
                        0.5298223495483398
                    ],
                    [
                        0.5288909673690796
                    ],
                    [
                        0.5279580950737
                    ],
                    [
                        0.527023434638977
                    ],
                    [
                        0.5260841250419617
                    ],
                    [
                        0.525145947933197
                    ]
                ]
            ],
            "timesteps": [
                [
                    40,
                    41,
                    42,
                    43,
                    44,
                    45,
                    46,
                    47,
                    48,
                    49,
                    50,
                    51,
                    52,
                    53,
                    54,
                    55,
                    56,
                    57,
                    58,
                    59
                ]
            ],
            "labels": [
                [
                    2,
                    2,
                    2,
                    2,
                    2,
                    2,
                    2,
                    2,
                    2,
                    2,
                    2,
                    2,
                    2,
                    2,
                    2,
                    2,
                    2,
                    2,
                    2,
                    2
                ]
            ],
            "CPU Usage": 45.0,
            "RAM Usage": 55.1,
            "GPU Usage": 0.0,
            "VRAM Usage": 355.0,
            "Disk Read Speed (MB/s)": 206398.1416015625,
            "Disk Write Speed (MB/s)": 383129.8994140625
        },
        {
            "step": 1,
            "train_loss": 0.04182962328195572,
            "actions_pred1": [
                [
                    [
                        0.8467223048210144,
                        0.8638036847114563,
                        1.1286025047302246,
                        -1.2564709186553955
                    ],
                    [
                        0.7691071033477783,
                        0.8058689832687378,
                        0.8987419605255127,
                        -1.060171127319336
                    ],
                    [
                        0.7557480931282043,
                        0.9357576966285706,
                        0.7946281433105469,
                        -1.0852946043014526
                    ],
                    [
                        0.7220885753631592,
                        0.869997501373291,
                        0.7952083349227905,
                        -1.1556037664413452
                    ],
                    [
                        0.7139374017715454,
                        0.7879853248596191,
                        0.7930847406387329,
                        -1.4856315851211548
                    ],
                    [
                        0.6496609449386597,
                        0.7650987505912781,
                        0.8362571597099304,
                        -1.4330168962478638
                    ],
                    [
                        0.5727990865707397,
                        0.7029212713241577,
                        0.8722104430198669,
                        -1.4907524585723877
                    ],
                    [
                        0.5733985900878906,
                        0.7487342357635498,
                        0.8171147108078003,
                        -1.5297077894210815
                    ],
                    [
                        0.6028289198875427,
                        0.8075348138809204,
                        0.8737578988075256,
                        -1.6816304922103882
                    ],
                    [
                        0.514123797416687,
                        0.9694737195968628,
                        0.8043203353881836,
                        -1.399012804031372
                    ],
                    [
                        0.4123079776763916,
                        0.7189730405807495,
                        0.8207616806030273,
                        -1.3783482313156128
                    ],
                    [
                        0.44654232263565063,
                        0.6426928043365479,
                        0.8599168658256531,
                        -1.494751214981079
                    ],
                    [
                        0.5220938920974731,
                        0.8186869621276855,
                        1.1102057695388794,
                        -1.4234697818756104
                    ],
                    [
                        0.5357526540756226,
                        0.7835556864738464,
                        0.9819010496139526,
                        -1.3905166387557983
                    ],
                    [
                        0.45717281103134155,
                        0.7674391269683838,
                        0.9557909965515137,
                        -1.4724116325378418
                    ],
                    [
                        0.44291725754737854,
                        0.5463324785232544,
                        1.1541883945465088,
                        -1.3256518840789795
                    ],
                    [
                        0.37933439016342163,
                        0.5470764636993408,
                        1.2000677585601807,
                        -1.4055984020233154
                    ],
                    [
                        0.46675795316696167,
                        0.7067002654075623,
                        1.0199251174926758,
                        -1.3872367143630981
                    ],
                    [
                        0.5121709108352661,
                        0.6839669942855835,
                        0.9792738556861877,
                        -1.4785044193267822
                    ],
                    [
                        0.49089205265045166,
                        0.8228284120559692,
                        0.9122911095619202,
                        -1.430301547050476
                    ]
                ]
            ],
            "actions_pred": [
                [
                    [
                        0.8467223048210144,
                        0.7691071033477783,
                        0.7557480931282043,
                        0.7220885753631592,
                        0.7139374017715454,
                        0.6496609449386597,
                        0.5727990865707397,
                        0.5733985900878906,
                        0.6028289198875427,
                        0.514123797416687,
                        0.4123079776763916,
                        0.44654232263565063,
                        0.5220938920974731,
                        0.5357526540756226,
                        0.45717281103134155,
                        0.44291725754737854,
                        0.37933439016342163,
                        0.46675795316696167,
                        0.5121709108352661,
                        0.49089205265045166
                    ],
                    [
                        0.8638036847114563,
                        0.8058689832687378,
                        0.9357576966285706,
                        0.869997501373291,
                        0.7879853248596191,
                        0.7650987505912781,
                        0.7029212713241577,
                        0.7487342357635498,
                        0.8075348138809204,
                        0.9694737195968628,
                        0.7189730405807495,
                        0.6426928043365479,
                        0.8186869621276855,
                        0.7835556864738464,
                        0.7674391269683838,
                        0.5463324785232544,
                        0.5470764636993408,
                        0.7067002654075623,
                        0.6839669942855835,
                        0.8228284120559692
                    ],
                    [
                        1.1286025047302246,
                        0.8987419605255127,
                        0.7946281433105469,
                        0.7952083349227905,
                        0.7930847406387329,
                        0.8362571597099304,
                        0.8722104430198669,
                        0.8171147108078003,
                        0.8737578988075256,
                        0.8043203353881836,
                        0.8207616806030273,
                        0.8599168658256531,
                        1.1102057695388794,
                        0.9819010496139526,
                        0.9557909965515137,
                        1.1541883945465088,
                        1.2000677585601807,
                        1.0199251174926758,
                        0.9792738556861877,
                        0.9122911095619202
                    ],
                    [
                        -1.2564709186553955,
                        -1.060171127319336,
                        -1.0852946043014526,
                        -1.1556037664413452,
                        -1.4856315851211548,
                        -1.4330168962478638,
                        -1.4907524585723877,
                        -1.5297077894210815,
                        -1.6816304922103882,
                        -1.399012804031372,
                        -1.3783482313156128,
                        -1.494751214981079,
                        -1.4234697818756104,
                        -1.3905166387557983,
                        -1.4724116325378418,
                        -1.3256518840789795,
                        -1.4055984020233154,
                        -1.3872367143630981,
                        -1.4785044193267822,
                        -1.430301547050476
                    ]
                ]
            ],
            "states": [
                [
                    [
                        195480.0,
                        0.00017859364743344486,
                        0.0014523763675242662,
                        455306.15625
                    ],
                    [
                        224440.0,
                        0.00017706550715956837,
                        0.0012122188927605748,
                        199210.375
                    ],
                    [
                        260640.0,
                        0.00017533254867885262,
                        0.0010567386634647846,
                        291813.4375
                    ],
                    [
                        231680.0,
                        0.00017360733181703836,
                        0.0010331012308597565,
                        619352.5625
                    ],
                    [
                        201272.0,
                        0.00017211795784533024,
                        0.0008577806875109673,
                        757621.5
                    ],
                    [
                        233128.0,
                        0.0001706496550468728,
                        0.002856994280591607,
                        402371.75
                    ],
                    [
                        238920.0,
                        0.00016908197721932083,
                        0.005327177233994007,
                        418626.09375
                    ],
                    [
                        185344.0,
                        0.00016769685316830873,
                        0.006734849885106087,
                        490648.125
                    ],
                    [
                        205616.0,
                        0.000166440979228355,
                        0.008968048729002476,
                        304516.78125
                    ],
                    [
                        195480.0,
                        0.00016517171752639115,
                        0.00019177634385414422,
                        553446.625
                    ],
                    [
                        202720.0,
                        0.00016393074474763125,
                        0.0001491233124397695,
                        853423.1875
                    ],
                    [
                        209960.0,
                        0.00016266417514998466,
                        0.0002625611668918282,
                        298799.9375
                    ],
                    [
                        209960.0,
                        0.0001613952626939863,
                        0.0004885925445705652,
                        376011.875
                    ],
                    [
                        144800.0,
                        0.00016033815336413682,
                        0.0010367168579250574,
                        94745.609375
                    ],
                    [
                        246160.0,
                        0.00015919026918709278,
                        0.0028569940477609634,
                        223245.734375
                    ],
                    [
                        253400.0,
                        0.000157746413606219,
                        0.005327177233994007,
                        267948.78125
                    ],
                    [
                        296840.0,
                        0.00015618640463799238,
                        0.006734849885106087,
                        291045.46875
                    ],
                    [
                        340280.0,
                        0.0001544181868666783,
                        0.008968048729002476,
                        376205.125
                    ],
                    [
                        405440.0,
                        0.0001523990067653358,
                        0.010990988463163376,
                        467932.84375
                    ],
                    [
                        463360.0,
                        0.0001501120423199609,
                        0.011323424987494946,
                        301846.5
                    ]
                ]
            ],
            "actions": [
                [
                    [
                        0.25
                    ],
                    [
                        0.25
                    ],
                    [
                        0.25
                    ],
                    [
                        0.25
                    ],
                    [
                        0.25
                    ],
                    [
                        0.25
                    ],
                    [
                        0.25
                    ],
                    [
                        0.25
                    ],
                    [
                        0.25
                    ],
                    [
                        0.25
                    ],
                    [
                        0.25
                    ],
                    [
                        0.25
                    ],
                    [
                        0.25
                    ],
                    [
                        0.25
                    ],
                    [
                        0.25
                    ],
                    [
                        0.25
                    ],
                    [
                        0.25
                    ],
                    [
                        0.25
                    ],
                    [
                        0.25
                    ],
                    [
                        0.25
                    ]
                ]
            ],
            "returns": [
                [
                    [
                        0.0820998102426529
                    ],
                    [
                        0.0814596638083458
                    ],
                    [
                        0.08080726861953735
                    ],
                    [
                        0.08014161884784698
                    ],
                    [
                        0.0794864147901535
                    ],
                    [
                        0.07884368300437927
                    ],
                    [
                        0.07818792015314102
                    ],
                    [
                        0.07752998173236847
                    ],
                    [
                        0.07689455896615982
                    ],
                    [
                        0.07624993473291397
                    ],
                    [
                        0.07560978829860687
                    ],
                    [
                        0.0749664157629013
                    ],
                    [
                        0.07431993633508682
                    ],
                    [
                        0.07367345690727234
                    ],
                    [
                        0.07305991649627686
                    ],
                    [
                        0.0723993331193924
                    ],
                    [
                        0.07173618674278259
                    ],
                    [
                        0.07105900347232819
                    ],
                    [
                        0.07036971300840378
                    ],
                    [
                        0.06966488808393478
                    ]
                ]
            ],
            "timesteps": [
                [
                    540,
                    541,
                    542,
                    543,
                    544,
                    545,
                    546,
                    547,
                    548,
                    549,
                    550,
                    551,
                    552,
                    553,
                    554,
                    555,
                    556,
                    557,
                    558,
                    559
                ]
            ],
            "labels": [
                [
                    0,
                    0,
                    0,
                    0,
                    0,
                    0,
                    0,
                    0,
                    0,
                    0,
                    0,
                    0,
                    0,
                    0,
                    0,
                    0,
                    0,
                    0,
                    0,
                    0
                ]
            ],
            "CPU Usage": 46.7,
            "RAM Usage": 55.3,
            "GPU Usage": 0.0,
            "VRAM Usage": 355.0,
            "Disk Read Speed (MB/s)": 206398.1416015625,
            "Disk Write Speed (MB/s)": 383129.9541015625
        },
        {
            "step": 2,
            "train_loss": 0.0305330753326416,
            "actions_pred1": [
                [
                    [
                        0.6312028169631958,
                        0.7389706373214722,
                        0.6292762160301208,
                        -1.1496585607528687
                    ],
                    [
                        0.5546523928642273,
                        0.9015902280807495,
                        0.6868283152580261,
                        -1.0636565685272217
                    ],
                    [
                        0.607142448425293,
                        0.8981525897979736,
                        0.6836147904396057,
                        -1.1966842412948608
                    ],
                    [
                        0.5753220319747925,
                        0.8294510841369629,
                        0.5743600130081177,
                        -1.2344038486480713
                    ],
                    [
                        0.34436994791030884,
                        1.0335770845413208,
                        0.798970639705658,
                        -1.3514102697372437
                    ],
                    [
                        0.24223077297210693,
                        0.8216037154197693,
                        0.8648733496665955,
                        -1.2779427766799927
                    ],
                    [
                        0.4927142262458801,
                        0.8627581596374512,
                        0.90594881772995,
                        -1.141427755355835
                    ],
                    [
                        0.7751050591468811,
                        0.6665593385696411,
                        0.9777534604072571,
                        -1.3538626432418823
                    ],
                    [
                        0.56169593334198,
                        0.8028605580329895,
                        1.147107720375061,
                        -1.3989293575286865
                    ],
                    [
                        0.4475027918815613,
                        0.831455409526825,
                        1.0994997024536133,
                        -1.3281670808792114
                    ],
                    [
                        0.5530468225479126,
                        0.7147807478904724,
                        0.9520244598388672,
                        -1.3321354389190674
                    ],
                    [
                        0.605818510055542,
                        0.7918384671211243,
                        1.0224168300628662,
                        -1.233343243598938
                    ],
                    [
                        0.565932035446167,
                        0.7494555115699768,
                        0.9888409376144409,
                        -1.2936055660247803
                    ],
                    [
                        0.5094801187515259,
                        0.5911995768547058,
                        0.9958423376083374,
                        -1.3241393566131592
                    ],
                    [
                        0.4673611521720886,
                        0.6442282199859619,
                        0.9428679943084717,
                        -1.2510119676589966
                    ],
                    [
                        0.40497535467147827,
                        0.657618522644043,
                        0.9158822894096375,
                        -1.1014323234558105
                    ],
                    [
                        0.4812123477458954,
                        0.7195918560028076,
                        0.9659083485603333,
                        -1.0856339931488037
                    ],
                    [
                        0.5128392577171326,
                        0.7174605131149292,
                        1.050893783569336,
                        -1.0353078842163086
                    ],
                    [
                        0.5727691054344177,
                        0.767524003982544,
                        1.2598066329956055,
                        -1.153620958328247
                    ],
                    [
                        0.5511792898178101,
                        0.7404978275299072,
                        1.1269451379776,
                        -1.227900743484497
                    ]
                ]
            ],
            "actions_pred": [
                [
                    [
                        0.6312028169631958,
                        0.5546523928642273,
                        0.607142448425293,
                        0.5753220319747925,
                        0.34436994791030884,
                        0.24223077297210693,
                        0.4927142262458801,
                        0.7751050591468811,
                        0.56169593334198,
                        0.4475027918815613,
                        0.5530468225479126,
                        0.605818510055542,
                        0.565932035446167,
