{
    "steps": [
        {
            "step": 0,
            "train_loss": 0.0010888900142163038,
            "actions_pred1": [
                [
                    [
                        0.7289912700653076,
                        0.283906489610672,
                        4.359646797180176,
                        -4.078648090362549
                    ],
                    [
                        0.5786488056182861,
                        0.3775763213634491,
                        4.11821985244751,
                        -4.059754371643066
                    ],
                    [
                        1.2308038473129272,
                        0.5536927580833435,
                        4.377252578735352,
                        -4.432913780212402
                    ],
                    [
                        1.2990598678588867,
                        0.686636209487915,
                        4.490232467651367,
                        -4.863539218902588
                    ],
                    [
                        1.5422462224960327,
                        1.0447487831115723,
                        4.4102325439453125,
                        -5.280393600463867
                    ],
                    [
                        1.239349126815796,
                        0.72309410572052,
                        4.458903789520264,
                        -5.592236518859863
                    ],
                    [
                        1.2744630575180054,
                        0.3769325911998749,
                        4.8371686935424805,
                        -5.609220027923584
                    ],
                    [
                        1.2367196083068848,
                        0.25937050580978394,
                        4.88315486907959,
                        -5.981340408325195
                    ],
                    [
                        1.4225695133209229,
                        0.34863513708114624,
                        5.140839099884033,
                        -5.902061939239502
                    ],
                    [
                        1.14841628074646,
                        0.2686387300491333,
                        5.306357383728027,
                        -5.9735260009765625
                    ],
                    [
                        1.4395418167114258,
                        0.7012045979499817,
                        5.325259208679199,
                        -6.109922409057617
                    ],
                    [
                        1.7514888048171997,
                        0.7329113483428955,
                        5.5592041015625,
                        -6.367144584655762
                    ],
                    [
                        1.7125043869018555,
                        0.9323440790176392,
                        5.926542282104492,
                        -6.52741003036499
                    ],
                    [
                        1.6673715114593506,
                        0.9334259629249573,
                        6.060011863708496,
                        -6.540872573852539
                    ],
                    [
                        1.6442666053771973,
                        0.9598962068557739,
                        6.169345855712891,
                        -6.455923080444336
                    ],
                    [
                        1.7704358100891113,
                        0.8675459623336792,
                        6.2577643394470215,
                        -6.228943347930908
                    ],
                    [
                        1.8745648860931396,
                        0.770514190196991,
                        6.0142011642456055,
                        -6.144590377807617
                    ],
                    [
                        1.520207405090332,
                        0.9534236192703247,
                        6.1807541847229,
                        -5.897510528564453
                    ],
                    [
                        1.5018197298049927,
                        0.9242568016052246,
                        6.051771640777588,
                        -5.925268173217773
                    ],
                    [
                        1.419686198234558,
                        1.1531295776367188,
                        6.057207107543945,
                        -5.906529903411865
                    ]
                ]
            ],
            "actions_pred": [
                [
                    [
                        0.7289912700653076,
                        0.5786488056182861,
                        1.2308038473129272,
                        1.2990598678588867,
                        1.5422462224960327,
                        1.239349126815796,
                        1.2744630575180054,
                        1.2367196083068848,
                        1.4225695133209229,
                        1.14841628074646,
                        1.4395418167114258,
                        1.7514888048171997,
                        1.7125043869018555,
                        1.6673715114593506,
                        1.6442666053771973,
                        1.7704358100891113,
                        1.8745648860931396,
                        1.520207405090332,
                        1.5018197298049927,
                        1.419686198234558
                    ],
                    [
                        0.283906489610672,
                        0.3775763213634491,
                        0.5536927580833435,
                        0.686636209487915,
                        1.0447487831115723,
                        0.72309410572052,
                        0.3769325911998749,
                        0.25937050580978394,
                        0.34863513708114624,
                        0.2686387300491333,
                        0.7012045979499817,
                        0.7329113483428955,
                        0.9323440790176392,
                        0.9334259629249573,
                        0.9598962068557739,
                        0.8675459623336792,
                        0.770514190196991,
                        0.9534236192703247,
                        0.9242568016052246,
                        1.1531295776367188
                    ],
                    [
                        4.359646797180176,
                        4.11821985244751,
                        4.377252578735352,
                        4.490232467651367,
                        4.4102325439453125,
                        4.458903789520264,
                        4.8371686935424805,
                        4.88315486907959,
                        5.140839099884033,
                        5.306357383728027,
                        5.325259208679199,
                        5.5592041015625,
                        5.926542282104492,
                        6.060011863708496,
                        6.169345855712891,
                        6.2577643394470215,
                        6.0142011642456055,
                        6.1807541847229,
                        6.051771640777588,
                        6.057207107543945
                    ],
                    [
                        -4.078648090362549,
                        -4.059754371643066,
                        -4.432913780212402,
                        -4.863539218902588,
                        -5.280393600463867,
                        -5.592236518859863,
                        -5.609220027923584,
                        -5.981340408325195,
                        -5.902061939239502,
                        -5.9735260009765625,
                        -6.109922409057617,
                        -6.367144584655762,
                        -6.52741003036499,
                        -6.540872573852539,
                        -6.455923080444336,
                        -6.228943347930908,
                        -6.144590377807617,
                        -5.897510528564453,
                        -5.925268173217773,
                        -5.906529903411865
                    ]
                ]
            ],
            "states": [
                [
                    [
                        9069003.0,
                        0.0034533278085291386,
                        0.0002651966060511768,
                        441188.5625
                    ],
                    [
                        11320464.0,
                        0.000310528528643772,
                        0.0002789112040773034,
                        436995.21875
                    ],
                    [
                        10438632.0,
                        0.00017193457460962236,
                        0.00025781430304050446,
                        493798.40625
                    ],
                    [
                        10012920.0,
                        0.00012196777242934331,
                        0.0002818313369061798,
                        466062.65625
                    ],
                    [
                        10120072.0,
                        9.498456347500905e-05,
                        0.00027022496215067804,
                        484496.1875
                    ],
                    [
                        9115160.0,
                        7.838496094336733e-05,
                        0.00027221045456826687,
                        480218.375
                    ],
                    [
                        8819768.0,
                        6.74370166962035e-05,
                        0.0002733847650233656,
                        463188.125
                    ],
                    [
                        9522048.0,
                        5.902954944758676e-05,
                        0.00026607781182974577,
                        571538.5
                    ],
                    [
                        9099232.0,
                        5.2383467846084386e-05,
                        0.00028466759249567986,
                        601120.625
                    ],
                    [
                        8877688.0,
                        4.72521896881517e-05,
                        0.0002693114511203021,
                        590414.6875
                    ],
                    [
                        7406288.0,
                        4.339466249803081e-05,
                        0.0002695369767025113,
                        529230.5625
                    ],
                    [
                        7668840.0,
                        4.0354032535105944e-05,
                        0.00026757299201563,
                        612860.8125
                    ],
                    [
                        7531048.0,
                        3.768979149754159e-05,
                        0.0002770914288703352,
                        740788.0625
                    ],
                    [
                        7394936.0,
                        3.539538010954857e-05,
                        0.0002540841815061867,
                        705727.25
                    ],
                    [
                        6951848.0,
                        3.34380820277147e-05,
                        0.0002650599053595215,
                        732259.125
                    ],
                    [
                        6330656.0,
                        3.180928251822479e-05,
                        0.00027801760006695986,
                        722867.4375
                    ],
                    [
                        5884672.0,
                        3.0445722586591728e-05,
                        0.0002704633225221187,
                        677627.4375
                    ],
                    [
                        5363392.0,
                        2.9289631129358895e-05,
                        0.0002756867033895105,
                        805457.5625
                    ],
                    [
                        5311264.0,
                        2.82715027424274e-05,
                        0.00025344316964037716,
                        860605.0
                    ],
                    [
                        5401040.0,
                        2.6375411835033447e-05,
                        0.000413205154472962,
                        833632.5625
                    ]
                ]
            ],
            "actions": [
                [
                    [
                        0.75
                    ],
                    [
                        0.75
                    ],
                    [
                        0.75
                    ],
                    [
                        0.75
                    ],
                    [
                        0.75
                    ],
                    [
                        0.75
                    ],
                    [
                        0.75
                    ],
                    [
                        0.75
                    ],
                    [
                        0.75
                    ],
                    [
                        0.75
                    ],
                    [
                        0.75
                    ],
                    [
                        0.75
                    ],
                    [
                        0.75
                    ],
                    [
                        0.75
                    ],
                    [
                        0.75
                    ],
                    [
                        0.75
                    ],
                    [
                        0.75
                    ],
                    [
                        0.75
                    ],
                    [
                        0.75
                    ],
                    [
                        0.75
                    ]
                ]
            ],
            "returns": [
                [
                    [
                        0.5809153318405151
                    ],
                    [
                        0.5799350142478943
                    ],
                    [
                        0.5789350271224976
                    ],
                    [
                        0.5779421925544739
                    ],
                    [
                        0.5769530534744263
                    ],
                    [
                        0.575963020324707
                    ],
                    [
                        0.574982225894928
                    ],
                    [
                        0.5740043520927429
                    ],
                    [
                        0.5730196833610535
                    ],
                    [
                        0.5720390677452087
                    ],
                    [
                        0.5710605978965759
                    ],
                    [
                        0.5700982213020325
                    ],
                    [
                        0.5691327452659607
                    ],
                    [
                        0.5681688785552979
                    ],
                    [
                        0.567206621170044
                    ],
                    [
                        0.5662498474121094
                    ],
                    [
                        0.5653014183044434
                    ],
                    [
                        0.5643594264984131
                    ],
                    [
                        0.563425600528717
                    ],
                    [
                        0.5624927282333374
                    ]
                ]
            ],
            "timesteps": [
                [
                    0,
                    1,
                    2,
                    3,
                    4,
                    5,
                    6,
                    7,
                    8,
                    9,
                    10,
                    11,
                    12,
                    13,
                    14,
                    15,
                    16,
                    17,
                    18,
                    19
                ]
            ],
            "labels": [
                [
                    2,
                    2,
                    2,
                    2,
                    2,
                    2,
                    2,
                    2,
                    2,
                    2,
                    2,
                    2,
                    2,
                    2,
                    2,
                    2,
                    2,
                    2,
                    2,
                    2
                ]
            ],
            "CPU Usage": 45.8,
            "RAM Usage": 55.0,
            "GPU Usage": 0.0,
            "VRAM Usage": 355.0,
            "Disk Read Speed (MB/s)": 206653.2412109375,
            "Disk Write Speed (MB/s)": 429767.1337890625
        },
        {
            "step": 1,
            "train_loss": 0.0012020320864394307,
            "actions_pred1": [
                [
                    [
                        0.7401586771011353,
                        3.6275744438171387,
                        1.7088923454284668,
                        -5.357605934143066
                    ],
                    [
                        0.6229976415634155,
                        4.361713409423828,
                        1.0909442901611328,
                        -4.847480773925781
                    ],
                    [
                        0.5569809079170227,
                        4.620841979980469,
                        1.312420129776001,
                        -4.355106353759766
                    ],
                    [
                        0.5380828380584717,
                        4.8874921798706055,
                        1.2435047626495361,
                        -4.454938888549805
                    ],
                    [
                        0.49419277906417847,
                        5.133001804351807,
                        1.0952069759368896,
                        -4.635562896728516
                    ],
                    [
                        0.7454078793525696,
                        5.485219478607178,
                        0.9065386056900024,
                        -4.775113582611084
                    ],
                    [
                        0.7124251127243042,
                        5.511441230773926,
                        0.8670636415481567,
                        -5.304747104644775
                    ],
                    [
                        0.7813806533813477,
                        5.688632965087891,
                        1.1638306379318237,
                        -5.362836837768555
                    ],
                    [
                        0.6974504590034485,
                        5.907160758972168,
                        1.3737428188323975,
                        -5.3233747482299805
                    ],
                    [
                        0.7600980401039124,
                        5.565990924835205,
                        1.0943763256072998,
                        -5.448232650756836
                    ],
                    [
                        0.8349089026451111,
                        5.470694065093994,
                        1.181026816368103,
                        -5.428581714630127
                    ],
                    [
                        0.7313026189804077,
                        5.295720100402832,
                        1.2949885129928589,
                        -5.624027252197266
                    ],
                    [
                        0.8362626433372498,
                        5.267710208892822,
                        1.3464549779891968,
                        -5.671521186828613
                    ],
                    [
                        0.7818324565887451,
                        5.104430198669434,
                        1.2886877059936523,
                        -5.675108909606934
                    ],
                    [
                        0.6778019070625305,
                        5.111315727233887,
                        1.176324725151062,
                        -5.501175403594971
                    ],
                    [
                        0.6677656769752502,
                        5.04591703414917,
                        1.0562820434570312,
                        -5.4134345054626465
                    ],
                    [
                        0.5847927331924438,
                        5.048040390014648,
                        0.997086763381958,
                        -5.530406951904297
                    ],
                    [
                        0.6736965775489807,
                        5.025932788848877,
                        1.0285570621490479,
                        -5.628281593322754
                    ],
                    [
                        0.5802047252655029,
                        4.932027816772461,
                        1.2906439304351807,
                        -5.7728986740112305
                    ],
                    [
                        0.611093282699585,
                        4.925652027130127,
                        1.3285154104232788,
                        -5.869236946105957
                    ]
                ]
            ],
            "actions_pred": [
                [
                    [
                        0.7401586771011353,
                        0.6229976415634155,
                        0.5569809079170227,
                        0.5380828380584717,
                        0.49419277906417847,
                        0.7454078793525696,
                        0.7124251127243042,
                        0.7813806533813477,
                        0.6974504590034485,
                        0.7600980401039124,
                        0.8349089026451111,
                        0.7313026189804077,
                        0.8362626433372498,
                        0.7818324565887451,
                        0.6778019070625305,
                        0.6677656769752502,
                        0.5847927331924438,
                        0.6736965775489807,
                        0.5802047252655029,
                        0.611093282699585
                    ],
                    [
                        3.6275744438171387,
                        4.361713409423828,
                        4.620841979980469,
                        4.8874921798706055,
                        5.133001804351807,
                        5.485219478607178,
                        5.511441230773926,
                        5.688632965087891,
                        5.907160758972168,
                        5.565990924835205,
                        5.470694065093994,
                        5.295720100402832,
                        5.267710208892822,
                        5.104430198669434,
                        5.111315727233887,
                        5.04591703414917,
                        5.048040390014648,
                        5.025932788848877,
                        4.932027816772461,
                        4.925652027130127
                    ],
                    [
                        1.7088923454284668,
                        1.0909442901611328,
                        1.312420129776001,
                        1.2435047626495361,
                        1.0952069759368896,
                        0.9065386056900024,
                        0.8670636415481567,
                        1.1638306379318237,
                        1.3737428188323975,
                        1.0943763256072998,
                        1.181026816368103,
                        1.2949885129928589,
                        1.3464549779891968,
                        1.2886877059936523,
                        1.176324725151062,
                        1.0562820434570312,
                        0.997086763381958,
                        1.0285570621490479,
                        1.2906439304351807,
                        1.3285154104232788
                    ],
                    [
                        -5.357605934143066,
                        -4.847480773925781,
                        -4.355106353759766,
                        -4.454938888549805,
                        -4.635562896728516,
                        -4.775113582611084,
                        -5.304747104644775,
                        -5.362836837768555,
                        -5.3233747482299805,
                        -5.448232650756836,
                        -5.428581714630127,
                        -5.624027252197266,
                        -5.671521186828613,
                        -5.675108909606934,
                        -5.501175403594971,
                        -5.4134345054626465,
                        -5.530406951904297,
                        -5.628281593322754,
                        -5.7728986740112305,
                        -5.869236946105957
                    ]
                ]
            ],
            "states": [
                [
                    [
                        4791432.0,
                        3.087877848884091e-05,
                        0.00023075626813806593,
                        506720.5
                    ],
                    [
                        3692400.0,
                        2.9973596610943787e-05,
                        0.00032322804327122867,
                        492666.6875
                    ],
                    [
                        4952160.0,
                        2.9106702641001903e-05,
                        0.0002578554267529398,
                        491613.3125
                    ],
                    [
                        4808808.0,
                        2.818479697452858e-05,
                        0.00022438736050389707,
                        480345.5
                    ],
                    [
                        4978224.0,
                        2.7317544663674198e-05,
                        0.00038321700412780046,
                        500271.75
                    ],
                    [
                        5354704.0,
                        2.645807217049878e-05,
                        0.0004527103737927973,
                        496069.53125
                    ],
                    [
                        3554840.0,
                        2.5757775802048855e-05,
                        0.00029970589093863964,
                        504121.5
                    ],
                    [
                        5330088.0,
                        2.5097764591919258e-05,
                        0.00026218051789328456,
                        473636.59375
                    ],
                    [
                        7706256.0,
                        2.4188775569200516e-05,
                        0.0002925366861745715,
                        550715.1875
                    ],
                    [
                        7687432.0,
                        2.319453051313758e-05,
                        0.00028024095809087157,
                        523717.84375
                    ],
                    [
                        6233640.0,
                        1.9415590941207483e-05,
                        0.0001758198341121897,
                        575309.5
                    ],
                    [
                        6330656.0,
                        1.8885328245232813e-05,
                        0.00013516498438548297,
                        576038.875
                    ],
                    [
                        2227024.0,
                        1.8539429220254533e-05,
                        0.0001646996388444677,
                        615099.8125
                    ],
                    [
                        3611312.0,
                        1.8311515304958448e-05,
                        0.0001985474955290556,
                        642490.9375
                    ],
                    [
                        5732632.0,
                        1.795835305529181e-05,
                        0.0002949792833533138,
                        564533.125
                    ],
                    [
                        5175152.0,
                        1.7562215361976996e-05,
                        0.0007080274517647922,
                        561933.4375
                    ],
                    [
                        4907272.0,
                        1.721135777188465e-05,
                        0.0013480978086590767,
                        618870.0
                    ],
                    [
                        4346896.0,
                        1.6901381968636997e-05,
                        0.0014468225417658687,
                        555341.1875
                    ],
                    [
                        5007184.0,
                        1.6599440641584806e-05,
                        0.0019480990013107657,
                        605693.8125
                    ],
                    [
                        5735528.0,
                        1.6265725207631476e-05,
                        0.002926501678302884,
                        601773.625
                    ]
                ]
            ],
            "actions": [
                [
                    [
                        0.5
                    ],
                    [
                        0.5
                    ],
                    [
                        0.5
                    ],
                    [
                        0.5
                    ],
                    [
                        0.5
                    ],
                    [
                        0.5
                    ],
                    [
                        0.5
                    ],
                    [
                        0.5
                    ],
                    [
                        0.5
                    ],
                    [
                        0.5
                    ],
                    [
                        0.5
                    ],
                    [
                        0.5
                    ],
                    [
                        0.5
                    ],
                    [
                        0.5
                    ],
                    [
                        0.5
                    ],
                    [
                        0.5
                    ],
                    [
                        0.5
                    ],
                    [
                        0.5
                    ],
                    [
                        0.5
                    ],
                    [
                        0.5
                    ]
                ]
            ],
            "returns": [
                [
                    [
                        0.45074203610420227
                    ],
                    [
                        0.44981828331947327
                    ],
                    [
                        0.44891759753227234
                    ],
                    [
                        0.44799089431762695
                    ],
                    [
                        0.4470668137073517
                    ],
                    [
                        0.4461396336555481
                    ],
                    [
                        0.44520601630210876
                    ],
                    [
                        0.44430869817733765
                    ],
                    [
                        0.44337549805641174
                    ],
                    [
                        0.44240957498550415
                    ],
                    [
                        0.44144389033317566
                    ],
                    [
                        0.4404968023300171
                    ],
                    [
                        0.4395483136177063
                    ],
                    [
                        0.43869248032569885
                    ],
                    [
                        0.4377937614917755
                    ],
                    [
                        0.4368540942668915
                    ],
                    [
                        0.4359234869480133
                    ],
                    [
                        0.4349976181983948
                    ],
                    [
                        0.4340824484825134
                    ],
                    [
                        0.43315479159355164
                    ]
                ]
            ],
            "timesteps": [
                [
                    140,
                    141,
                    142,
                    143,
                    144,
                    145,
                    146,
                    147,
                    148,
                    149,
                    150,
                    151,
                    152,
                    153,
                    154,
                    155,
                    156,
                    157,
                    158,
                    159
                ]
            ],
            "labels": [
                [
                    1,
                    1,
                    1,
                    1,
                    1,
                    1,
                    1,
                    1,
                    1,
                    1,
                    1,
                    1,
                    1,
                    1,
                    1,
                    1,
                    1,
                    1,
                    1,
                    1
                ]
            ],
            "CPU Usage": 46.7,
            "RAM Usage": 55.1,
            "GPU Usage": 0.0,
            "VRAM Usage": 355.0,
            "Disk Read Speed (MB/s)": 206653.2412109375,
            "Disk Write Speed (MB/s)": 429767.3173828125
        },
        {
            "step": 2,
            "train_loss": 0.012753346934914589,
            "actions_pred1": [
                [
                    [
                        2.085171937942505,
                        2.625990390777588,
                        2.6370761394500732,
                        -5.302089691162109
                    ],
                    [
                        2.6033546924591064,
                        2.013070583343506,
                        2.4479928016662598,
                        -5.056656360626221
                    ],
                    [
                        2.8840396404266357,
                        1.6697094440460205,
                        2.6844394207000732,
                        -5.403981685638428
                    ],
                    [
                        3.4298243522644043,
                        1.5688538551330566,
                        2.8704748153686523,
                        -5.790632247924805
                    ],
                    [
                        3.9039459228515625,
                        1.304013729095459,
                        3.197939395904541,
                        -6.174551486968994
                    ],
                    [
                        4.200675010681152,
                        1.4697391986846924,
                        3.1946609020233154,
                        -6.215322494506836
                    ],
                    [
                        4.142678260803223,
                        1.7264540195465088,
                        3.2645435333251953,
                        -6.540047645568848
                    ],
                    [
                        4.125835418701172,
                        1.6897250413894653,
                        3.025038957595825,
                        -6.547351837158203
                    ],
                    [
                        4.0497355461120605,
                        1.7065417766571045,
                        2.9858341217041016,
                        -6.70432186126709
                    ],
                    [
                        4.314510345458984,
                        1.879194736480713,
                        3.0433201789855957,
                        -6.909000396728516
                    ],
                    [
                        4.7121500968933105,
                        2.2825927734375,
                        3.0560147762298584,
                        -7.053793907165527
                    ],
                    [
                        4.748758316040039,
                        2.3214306831359863,
                        2.9833924770355225,
                        -7.00486946105957
                    ],
                    [
                        4.666679859161377,
                        2.5657920837402344,
                        2.9571890830993652,
                        -7.045168876647949
                    ],
                    [
                        4.703936576843262,
                        2.4776206016540527,
                        3.0734119415283203,
                        -7.007594108581543
                    ],
                    [
                        4.742438316345215,
                        2.212100028991699,
                        2.8271913528442383,
                        -7.254301071166992
                    ],
                    [
                        4.998870372772217,
                        2.285634756088257,
                        2.737915277481079,
                        -7.399089813232422
                    ],
                    [
                        4.873910903930664,
                        2.3705861568450928,
                        2.8050456047058105,
                        -7.4145379066467285
                    ],
                    [
                        4.902811050415039,
                        2.358232259750366,
                        2.930936336517334,
                        -7.406394958496094
                    ],
                    [
                        4.734479904174805,
                        2.434378147125244,
                        2.8713700771331787,
                        -7.150162696838379
                    ],
                    [
                        4.683928966522217,
                        2.426344394683838,
                        3.058051586151123,
                        -6.904629707336426
                    ]
                ]
            ],
            "actions_pred": [
                [
                    [
                        2.085171937942505,
                        2.6033546924591064,
                        2.8840396404266357,
                        3.4298243522644043,
                        3.9039459228515625,
                        4.200675010681152,
                        4.142678260803223,
                        4.125835418701172,
                        4.0497355461120605,
                        4.314510345458984,
                        4.7121500968933105,
                        4.748758316040039,
                        4.666679859161377,
                        4.703936576843262,
                        4.742438316345215,
                        4.998870372772217,
                        4.873910903930664,
                        4.902811050415039,
