{
    "steps": [
        {
            "step": 0,
            "train_loss": 0.0011828899150714278,
            "actions_pred1": [
                [
                    [
                        3.567324638366699,
                        1.2960952520370483,
                        2.2280921936035156,
                        -4.596898078918457
                    ],
                    [
                        4.288987159729004,
                        0.5004198551177979,
                        1.3117951154708862,
                        -4.605349540710449
                    ],
                    [
                        4.429765701293945,
                        0.2617405354976654,
                        0.9738142490386963,
                        -4.8658905029296875
                    ],
                    [
                        4.739872932434082,
                        0.17654721438884735,
                        0.8334946036338806,
                        -5.224140644073486
                    ],
                    [
                        5.0979323387146,
                        0.4628731608390808,
                        0.6801868081092834,
                        -5.4775800704956055
                    ],
                    [
                        5.241896152496338,
                        0.3568405210971832,
                        0.7345390319824219,
                        -5.79599666595459
                    ],
                    [
                        5.227654457092285,
                        0.5230865478515625,
                        0.5285758376121521,
                        -5.691809177398682
                    ],
                    [
                        5.35638952255249,
                        0.4589288830757141,
                        0.5636882781982422,
                        -6.004799842834473
                    ],
                    [
                        5.329229354858398,
                        1.030378818511963,
                        0.940288245677948,
                        -6.2394256591796875
                    ],
                    [
                        5.628827095031738,
                        1.02499520778656,
                        0.8692814707756042,
                        -6.403761386871338
                    ],
                    [
                        5.723700523376465,
                        0.8653947710990906,
                        0.8251328468322754,
                        -6.432451248168945
                    ],
                    [
                        5.7710466384887695,
                        0.8758276700973511,
                        0.8657680749893188,
                        -6.333948135375977
                    ],
                    [
                        5.80515718460083,
                        1.0506081581115723,
                        0.8860441446304321,
                        -6.379213333129883
                    ],
                    [
                        5.739290237426758,
                        1.052330732345581,
                        1.093117594718933,
                        -6.30095911026001
                    ],
                    [
                        5.768836975097656,
                        1.0289688110351562,
                        1.1144030094146729,
                        -6.090577125549316
                    ],
                    [
                        5.486345291137695,
                        0.8788588047027588,
                        0.9868677258491516,
                        -5.850827217102051
                    ],
                    [
                        5.574716091156006,
                        1.0056078433990479,
                        0.8308488130569458,
                        -6.186637878417969
                    ],
                    [
                        5.5994415283203125,
                        1.0185647010803223,
                        0.7550935745239258,
                        -6.107068061828613
                    ],
                    [
                        5.649930953979492,
                        1.145105242729187,
                        0.8137542009353638,
                        -6.065819263458252
                    ],
                    [
                        5.690647125244141,
                        1.273339033126831,
                        1.0477561950683594,
                        -6.289155960083008
                    ]
                ]
            ],
            "actions_pred": [
                [
                    [
                        3.567324638366699,
                        4.288987159729004,
                        4.429765701293945,
                        4.739872932434082,
                        5.0979323387146,
                        5.241896152496338,
                        5.227654457092285,
                        5.35638952255249,
                        5.329229354858398,
                        5.628827095031738,
                        5.723700523376465,
                        5.7710466384887695,
                        5.80515718460083,
                        5.739290237426758,
                        5.768836975097656,
                        5.486345291137695,
                        5.574716091156006,
                        5.5994415283203125,
                        5.649930953979492,
                        5.690647125244141
                    ],
                    [
                        1.2960952520370483,
                        0.5004198551177979,
                        0.2617405354976654,
                        0.17654721438884735,
                        0.4628731608390808,
                        0.3568405210971832,
                        0.5230865478515625,
                        0.4589288830757141,
                        1.030378818511963,
                        1.02499520778656,
                        0.8653947710990906,
                        0.8758276700973511,
                        1.0506081581115723,
                        1.052330732345581,
                        1.0289688110351562,
                        0.8788588047027588,
                        1.0056078433990479,
                        1.0185647010803223,
                        1.145105242729187,
                        1.273339033126831
                    ],
                    [
                        2.2280921936035156,
                        1.3117951154708862,
                        0.9738142490386963,
                        0.8334946036338806,
                        0.6801868081092834,
                        0.7345390319824219,
                        0.5285758376121521,
                        0.5636882781982422,
                        0.940288245677948,
                        0.8692814707756042,
                        0.8251328468322754,
                        0.8657680749893188,
                        0.8860441446304321,
                        1.093117594718933,
                        1.1144030094146729,
                        0.9868677258491516,
                        0.8308488130569458,
                        0.7550935745239258,
                        0.8137542009353638,
                        1.0477561950683594
                    ],
                    [
                        -4.596898078918457,
                        -4.605349540710449,
                        -4.8658905029296875,
                        -5.224140644073486,
                        -5.4775800704956055,
                        -5.79599666595459,
                        -5.691809177398682,
                        -6.004799842834473,
                        -6.2394256591796875,
                        -6.403761386871338,
                        -6.432451248168945,
                        -6.333948135375977,
                        -6.379213333129883,
                        -6.30095911026001,
                        -6.090577125549316,
                        -5.850827217102051,
                        -6.186637878417969,
                        -6.107068061828613,
                        -6.065819263458252,
                        -6.289155960083008
                    ]
                ]
            ],
            "states": [
                [
                    [
                        5130264.0,
                        9.53052585828118e-06,
                        0.00017112551722675562,
                        484343.53125
                    ],
                    [
                        5473440.0,
                        9.464440154260956e-06,
                        0.00025726869353093207,
                        530369.25
                    ],
                    [
                        5615344.0,
                        9.396303539688233e-06,
                        0.000244751397985965,
                        507658.4375
                    ],
                    [
                        5705120.0,
                        9.327747648057994e-06,
                        0.0002547030453570187,
                        475297.125
                    ],
                    [
                        5661680.0,
                        9.25990843825275e-06,
                        0.0002602769818622619,
                        509474.46875
                    ],
                    [
                        5626928.0,
                        9.193505320581608e-06,
                        0.00028401854797266424,
                        512406.875
                    ],
                    [
                        7240000.0,
                        9.118992238654755e-06,
                        0.00026182830333709717,
                        473767.34375
                    ],
                    [
                        6098976.0,
                        9.042967576533556e-06,
                        0.00025427230866625905,
                        486137.84375
                    ],
                    [
                        5957072.0,
                        8.975355740403756e-06,
                        0.00025071317213587463,
                        481721.90625
                    ],
                    [
                        6045400.0,
                        8.909044481697492e-06,
                        0.000257556646829471,
                        512695.15625
                    ],
                    [
                        5554528.0,
                        8.845872798701748e-06,
                        0.0002534309751354158,
                        490408.03125
                    ],
                    [
                        5395248.0,
                        8.787061233306304e-06,
                        0.00019772094674408436,
                        502051.125
                    ],
                    [
                        6014992.0,
                        8.726612577447668e-06,
                        0.00023689404770266265,
                        496127.90625
                    ],
                    [
                        5615344.0,
                        8.665836503496394e-06,
                        0.00024040597782004625,
                        497831.1875
                    ],
                    [
                        5961416.0,
                        8.60618456499651e-06,
                        0.00023798528127372265,
                        498399.9375
                    ],
                    [
                        5690640.0,
                        8.546960089006461e-06,
                        0.0002599294239189476,
                        501903.53125
                    ],
                    [
                        6043952.0,
                        8.48813488119049e-06,
                        0.0002636733988765627,
                        501576.46875
                    ],
                    [
                        7975584.0,
                        8.418936886300799e-06,
                        0.00023683813924435526,
                        444337.65625
                    ],
                    [
                        5891912.0,
                        8.351544238394126e-06,
                        0.0002558637352194637,
                        498428.25
                    ],
                    [
                        6125040.0,
                        8.294033250422217e-06,
                        0.00024174025747925043,
                        501703.09375
                    ]
                ]
            ],
            "actions": [
                [
                    [
                        0.25
                    ],
                    [
                        0.25
                    ],
                    [
                        0.25
                    ],
                    [
                        0.25
                    ],
                    [
                        0.25
                    ],
                    [
                        0.25
                    ],
                    [
                        0.25
                    ],
                    [
                        0.25
                    ],
                    [
                        0.25
                    ],
                    [
                        0.25
                    ],
                    [
                        0.25
                    ],
                    [
                        0.25
                    ],
                    [
                        0.25
                    ],
                    [
                        0.25
                    ],
                    [
                        0.25
                    ],
                    [
                        0.25
                    ],
                    [
                        0.25
                    ],
                    [
                        0.25
                    ],
                    [
                        0.25
                    ],
                    [
                        0.25
                    ]
                ]
            ],
            "returns": [
                [
                    [
                        0.20859551429748535
                    ],
                    [
                        0.20766568183898926
                    ],
                    [
                        0.20673011243343353
                    ],
                    [
                        0.20579227805137634
                    ],
                    [
                        0.20485302805900574
                    ],
                    [
                        0.20391446352005005
                    ],
                    [
                        0.20297643542289734
                    ],
                    [
                        0.20201605558395386
                    ],
                    [
                        0.2010708898305893
                    ],
                    [
                        0.20012782514095306
                    ],
                    [
                        0.19918343424797058
                    ],
                    [
                        0.1982465535402298
                    ],
                    [
                        0.19731226563453674
                    ],
                    [
                        0.19636832177639008
                    ],
                    [
                        0.19543048739433289
                    ],
                    [
                        0.19448734819889069
                    ],
                    [
                        0.193548321723938
                    ],
                    [
                        0.1926039606332779
                    ],
                    [
                        0.19163501262664795
                    ],
                    [
                        0.19069290161132812
                    ]
                ]
            ],
            "timesteps": [
                [
                    400,
                    401,
                    402,
                    403,
                    404,
                    405,
                    406,
                    407,
                    408,
                    409,
                    410,
                    411,
                    412,
                    413,
                    414,
                    415,
                    416,
                    417,
                    418,
                    419
                ]
            ],
            "labels": [
                [
                    0,
                    0,
                    0,
                    0,
                    0,
                    0,
                    0,
                    0,
                    0,
                    0,
                    0,
                    0,
                    0,
                    0,
                    0,
                    0,
                    0,
                    0,
                    0,
                    0
                ]
            ],
            "CPU Usage": 45.0,
            "RAM Usage": 55.0,
            "GPU Usage": 0.0,
            "VRAM Usage": 355.0,
            "Disk Read Speed (MB/s)": 206668.6083984375,
            "Disk Write Speed (MB/s)": 436644.7587890625
        },
        {
            "step": 1,
            "train_loss": 9.732251055538654e-05,
            "actions_pred1": [
                [
                    [
                        -2.0385332107543945,
                        4.125655651092529,
                        -0.7828356027603149,
                        -4.0573906898498535
                    ],
                    [
                        -1.7744529247283936,
                        4.516958236694336,
                        -1.0996824502944946,
                        -3.5121002197265625
                    ],
                    [
                        -2.0670230388641357,
                        4.525444507598877,
                        -1.6861881017684937,
                        -3.3218865394592285
                    ],
                    [
                        -2.1710312366485596,
                        4.689908504486084,
                        -1.9229792356491089,
                        -3.5881781578063965
                    ],
                    [
                        -2.1885228157043457,
                        4.5977630615234375,
                        -2.477277994155884,
                        -3.9452595710754395
                    ],
                    [
                        -1.9883613586425781,
                        4.822738170623779,
                        -2.3769478797912598,
                        -3.9378395080566406
                    ],
                    [
                        -1.923815369606018,
                        5.044579982757568,
                        -2.5863170623779297,
                        -3.8361709117889404
                    ],
                    [
                        -1.777298927307129,
                        5.089435577392578,
                        -2.4773502349853516,
                        -3.610427141189575
                    ],
                    [
                        -1.5537619590759277,
                        4.897842884063721,
                        -2.1421351432800293,
                        -4.098426342010498
                    ],
                    [
                        -1.5737206935882568,
                        4.810308456420898,
                        -2.047084331512451,
                        -4.044166088104248
                    ],
                    [
                        -1.5562505722045898,
                        4.863778591156006,
                        -2.110628366470337,
                        -4.097028732299805
                    ],
                    [
                        -1.5409551858901978,
                        4.851587295532227,
                        -2.1022636890411377,
                        -4.170337200164795
                    ],
                    [
                        -1.6877586841583252,
                        4.897789478302002,
                        -2.115027904510498,
                        -4.163111686706543
                    ],
                    [
                        -1.7862234115600586,
                        4.8952178955078125,
                        -2.0002427101135254,
                        -4.108452320098877
                    ],
                    [
                        -1.7628045082092285,
                        5.018507957458496,
                        -1.9141963720321655,
                        -4.122594833374023
                    ],
                    [
                        -1.5883582830429077,
                        5.103764533996582,
                        -1.9086803197860718,
                        -4.146089553833008
                    ],
                    [
                        -1.4130793809890747,
                        5.025338649749756,
                        -1.878341555595398,
                        -4.067355155944824
                    ],
                    [
                        -1.3445640802383423,
                        4.914535045623779,
                        -1.9866600036621094,
                        -4.132436752319336
                    ],
                    [
                        -1.3313829898834229,
                        4.750409126281738,
                        -1.946742057800293,
                        -4.090231418609619
                    ],
                    [
                        -1.3870760202407837,
                        4.802534580230713,
                        -1.9414498805999756,
                        -3.896580219268799
                    ]
                ]
            ],
            "actions_pred": [
                [
                    [
                        -2.0385332107543945,
                        -1.7744529247283936,
                        -2.0670230388641357,
                        -2.1710312366485596,
                        -2.1885228157043457,
                        -1.9883613586425781,
                        -1.923815369606018,
                        -1.777298927307129,
                        -1.5537619590759277,
                        -1.5737206935882568,
                        -1.5562505722045898,
                        -1.5409551858901978,
                        -1.6877586841583252,
                        -1.7862234115600586,
                        -1.7628045082092285,
                        -1.5883582830429077,
                        -1.4130793809890747,
                        -1.3445640802383423,
                        -1.3313829898834229,
                        -1.3870760202407837
                    ],
                    [
                        4.125655651092529,
                        4.516958236694336,
                        4.525444507598877,
                        4.689908504486084,
                        4.5977630615234375,
                        4.822738170623779,
                        5.044579982757568,
                        5.089435577392578,
                        4.897842884063721,
                        4.810308456420898,
                        4.863778591156006,
                        4.851587295532227,
                        4.897789478302002,
                        4.8952178955078125,
                        5.018507957458496,
                        5.103764533996582,
                        5.025338649749756,
                        4.914535045623779,
                        4.750409126281738,
                        4.802534580230713
                    ],
                    [
                        -0.7828356027603149,
                        -1.0996824502944946,
                        -1.6861881017684937,
                        -1.9229792356491089,
                        -2.477277994155884,
                        -2.3769478797912598,
                        -2.5863170623779297,
                        -2.4773502349853516,
                        -2.1421351432800293,
                        -2.047084331512451,
                        -2.110628366470337,
                        -2.1022636890411377,
                        -2.115027904510498,
                        -2.0002427101135254,
                        -1.9141963720321655,
                        -1.9086803197860718,
                        -1.878341555595398,
                        -1.9866600036621094,
                        -1.946742057800293,
                        -1.9414498805999756
                    ],
                    [
                        -4.0573906898498535,
                        -3.5121002197265625,
                        -3.3218865394592285,
                        -3.5881781578063965,
                        -3.9452595710754395,
                        -3.9378395080566406,
                        -3.8361709117889404,
                        -3.610427141189575,
                        -4.098426342010498,
                        -4.044166088104248,
                        -4.097028732299805,
                        -4.170337200164795,
                        -4.163111686706543,
                        -4.108452320098877,
                        -4.122594833374023,
                        -4.146089553833008,
                        -4.067355155944824,
                        -4.132436752319336,
                        -4.090231418609619,
                        -3.896580219268799
                    ]
                ]
            ],
            "states": [
                [
                    [
                        6630392.0,
                        1.589785097166896e-05,
                        0.0030998915899544954,
                        575874.875
                    ],
                    [
                        6756368.0,
                        1.5517740393988788e-05,
                        0.00046779168769717216,
                        548346.8125
                    ],
                    [
                        6252464.0,
                        1.5165252079896163e-05,
                        0.0003139808541163802,
                        592422.1875
                    ],
                    [
                        6275632.0,
                        1.4840703443042003e-05,
                        0.0002766261750366539,
                        580548.75
                    ],
                    [
                        5845576.0,
                        1.4539574294758495e-05,
                        0.00026207882910966873,
                        570513.0
                    ],
                    [
                        6198888.0,
                        1.4252340406528674e-05,
                        0.00027697221958078444,
                        604356.0
                    ],
                    [
                        4525000.0,
                        1.4005720004206523e-05,
                        0.00037561735371127725,
                        519198.90625
                    ],
                    [
                        4878312.0,
                        1.3796614439343102e-05,
                        0.000348972505889833,
                        533459.0
                    ],
                    [
                        4776952.0,
                        1.3588255569629837e-05,
                        0.000344088242854923,
                        588163.3125
                    ],
                    [
                        4878312.0,
                        1.3386117643676698e-05,
                        0.00030916635296307504,
                        571568.5625
                    ],
                    [
                        4407712.0,
                        1.3197249245422427e-05,
                        0.00029186115716584027,
                        549308.25
                    ],
                    [
                        4623464.0,
                        1.3018668141739909e-05,
                        0.00031188191496767104,
                        567697.8125
                    ],
                    [
                        5241760.0,
                        1.2829074876208324e-05,
                        0.0003927450452465564,
                        616835.375
                    ],
                    [
                        4287528.0,
                        1.2650972166738939e-05,
                        0.00034627493005245924,
                        586416.5625
                    ],
                    [
                        4679936.0,
                        1.248793432750972e-05,
                        0.00028098482289351523,
                        591184.1875
                    ],
                    [
                        4293320.0,
                        1.2328885532042477e-05,
                        0.0002829945588018745,
                        595186.25
                    ],
                    [
                        2884416.0,
                        1.2204491213196889e-05,
                        0.00027779326774179935,
                        581960.9375
                    ],
                    [
                        4042816.0,
                        1.2086934475519229e-05,
                        0.00029917724896222353,
                        651221.5
                    ],
                    [
                        4267256.0,
                        1.1948805877182167e-05,
                        0.00037997434264980257,
                        587955.875
                    ],
                    [
                        4659664.0,
                        1.1803908819274511e-05,
                        0.00029415389872156084,
                        593533.5625
                    ]
                ]
            ],
            "actions": [
                [
                    [
                        0.5
                    ],
                    [
                        0.5
                    ],
                    [
                        0.5
                    ],
                    [
                        0.5
                    ],
                    [
                        0.5
                    ],
                    [
                        0.5
                    ],
                    [
                        0.5
                    ],
                    [
                        0.5
                    ],
                    [
                        0.5
                    ],
                    [
                        0.5
                    ],
                    [
                        0.5
                    ],
                    [
                        0.5
                    ],
                    [
                        0.5
                    ],
                    [
                        0.5
                    ],
                    [
                        0.5
                    ],
                    [
                        0.5
                    ],
                    [
                        0.5
                    ],
                    [
                        0.5
                    ],
                    [
                        0.5
                    ],
                    [
                        0.5
                    ]
                ]
            ],
            "returns": [
                [
                    [
                        0.4322150647640228
                    ],
                    [
                        0.4312624931335449
                    ],
                    [
                        0.4303082525730133
                    ],
                    [
                        0.42936089634895325
                    ],
                    [
                        0.42841318249702454
                    ],
                    [
                        0.427471786737442
                    ],
                    [
                        0.42652517557144165
                    ],
                    [
                        0.42560648918151855
                    ],
                    [
                        0.4246810972690582
                    ],
                    [
                        0.4237576127052307
                    ],
                    [
                        0.4228322505950928
                    ],
                    [
                        0.42191585898399353
                    ],
                    [
                        0.4209952652454376
                    ],
                    [
                        0.4200635254383087
                    ],
                    [
                        0.41914960741996765
                    ],
                    [
                        0.4182279109954834
                    ],
                    [
                        0.4173138737678528
                    ],
                    [
                        0.4164350926876068
                    ],
                    [
                        0.4155263900756836
                    ],
                    [
                        0.41461288928985596
                    ]
                ]
            ],
            "timesteps": [
                [
                    160,
                    161,
                    162,
                    163,
                    164,
                    165,
                    166,
                    167,
                    168,
                    169,
                    170,
                    171,
                    172,
                    173,
                    174,
                    175,
                    176,
                    177,
                    178,
                    179
                ]
            ],
            "labels": [
                [
                    1,
                    1,
                    1,
                    1,
                    1,
                    1,
                    1,
                    1,
                    1,
                    1,
                    1,
                    1,
                    1,
                    1,
                    1,
                    1,
                    1,
                    1,
                    1,
                    1
                ]
            ],
            "CPU Usage": 46.9,
            "RAM Usage": 55.2,
            "GPU Usage": 0.0,
            "VRAM Usage": 355.0,
            "Disk Read Speed (MB/s)": 206668.6083984375,
            "Disk Write Speed (MB/s)": 436645.0322265625
        },
        {
            "step": 2,
            "train_loss": 0.0017970495391637087,
            "actions_pred1": [
                [
                    [
                        0.7245548963546753,
                        2.371100425720215,
                        1.4150352478027344,
                        -4.676885604858398
                    ],
                    [
                        0.5354087948799133,
                        3.3022420406341553,
                        1.3750410079956055,
                        -3.854200839996338
                    ],
                    [
                        0.5579684972763062,
                        3.8580498695373535,
                        0.9802138805389404,
                        -3.8021602630615234
                    ],
                    [
                        0.7505632638931274,
                        4.21307373046875,
                        0.2896103858947754,
                        -3.7378976345062256
                    ],
                    [
                        0.24090969562530518,
                        4.644699573516846,
                        -0.20346757769584656,
                        -4.5339179039001465
                    ],
                    [
                        0.33524441719055176,
                        4.682548522949219,
                        -0.21085646748542786,
                        -4.562588691711426
                    ],
                    [
                        0.6621555089950562,
                        4.853872776031494,
                        -0.43870511651039124,
                        -4.363797187805176
                    ],
                    [
                        0.6392865180969238,
                        4.603610038757324,
                        -0.4917282462120056,
                        -4.266597747802734
                    ],
                    [
                        0.8738737106323242,
                        4.590437412261963,
                        -0.46467626094818115,
                        -4.645656108856201
                    ],
                    [
                        0.6128950119018555,
                        4.571780681610107,
                        -0.1435602307319641,
                        -4.676795482635498
                    ],
                    [
                        0.8132426738739014,
                        4.756645679473877,
                        0.057641997933387756,
                        -4.869078159332275
                    ],
                    [
                        0.9370691776275635,
                        4.938668251037598,
                        0.17360550165176392,
                        -4.730114936828613
                    ],
                    [
                        0.9239023327827454,
                        5.3220601081848145,
                        -0.005920544266700745,
                        -4.723833084106445
                    ],
                    [
                        0.9426586627960205,
                        5.275473594665527,
                        -0.12790395319461823,
                        -4.655702114105225
                    ],
                    [
                        0.8869543075561523,
                        5.325104236602783,
                        -0.11299200356006622,
                        -4.623908519744873
                    ],
                    [
                        0.921356737613678,
                        5.1383056640625,
                        -0.08709251880645752,
                        -4.939844131469727
                    ],
                    [
                        1.0174658298492432,
                        4.9933552742004395,
                        0.10259842872619629,
                        -4.991805076599121
                    ],
                    [
                        0.9307038187980652,
                        5.023951053619385,
                        0.05494774878025055,
                        -5.021500587463379
                    ],
                    [
                        0.9959824085235596,
                        5.112947463989258,
                        0.0835886150598526,
                        -4.641256332397461
                    ],
                    [
                        1.3686496019363403,
                        5.340085029602051,
                        0.05389617383480072,
                        -5.038001537322998
                    ]
                ]
            ],
            "actions_pred": [
                [
                    [
                        0.7245548963546753,
                        0.5354087948799133,
                        0.5579684972763062,
                        0.7505632638931274,
                        0.24090969562530518,
                        0.33524441719055176,
                        0.6621555089950562,
                        0.6392865180969238,
                        0.8738737106323242,
                        0.6128950119018555,
                        0.8132426738739014,
                        0.9370691776275635,
                        0.9239023327827454,
