{
    "steps": [
        {
            "step": 0,
            "train_loss": 0.03278660401701927,
            "actions_pred1": [
                [
                    [
                        0.49382561445236206,
                        -0.056478992104530334,
                        0.3559340238571167,
                        0.25649893283843994
                    ],
                    [
                        0.42704588174819946,
                        0.12347329407930374,
                        0.41190004348754883,
                        0.2990380525588989
                    ],
                    [
                        0.4553260803222656,
                        0.19320730865001678,
                        0.4035179913043976,
                        0.1476891040802002
                    ],
                    [
                        0.4215746223926544,
                        0.13409222662448883,
                        0.2905746400356293,
                        0.11356016993522644
                    ],
                    [
                        0.1823984682559967,
                        0.3559093475341797,
                        0.5084847807884216,
                        -0.01841220259666443
                    ],
                    [
                        0.061079926788806915,
                        0.15288349986076355,
                        0.5524420738220215,
                        0.02150622010231018
                    ],
                    [
                        0.22553664445877075,
                        0.18899115920066833,
                        0.5951243042945862,
                        0.14398330450057983
                    ],
                    [
                        0.42836737632751465,
                        -0.10237262398004532,
                        0.6686314344406128,
                        0.030333787202835083
                    ],
                    [
                        0.2320808470249176,
                        0.02820087969303131,
                        0.8251529932022095,
                        0.012039542198181152
                    ],
                    [
                        0.14340010285377502,
                        0.08981139957904816,
                        0.7665236592292786,
                        0.04307040572166443
                    ],
                    [
                        0.2611030042171478,
                        0.011252030730247498,
                        0.6594207286834717,
                        0.021477073431015015
                    ],
                    [
                        0.33605605363845825,
                        0.0978505089879036,
                        0.724185585975647,
                        0.09600937366485596
                    ],
                    [
                        0.2781010568141937,
                        0.06755681335926056,
                        0.6980196237564087,
                        0.033105313777923584
                    ],
                    [
                        0.1832493543624878,
                        -0.054701656103134155,
                        0.7417652606964111,
                        0.0018456578254699707
                    ],
                    [
                        0.13387691974639893,
                        -0.003035210072994232,
                        0.7025623917579651,
                        0.08280861377716064
                    ],
                    [
                        0.08607436716556549,
                        0.019820556044578552,
                        0.6498703360557556,
                        0.20869874954223633
                    ],
                    [
                        0.17876872420310974,
                        0.03698263317346573,
                        0.7173175811767578,
                        0.2299644649028778
                    ],
                    [
                        0.22737345099449158,
                        0.0566546805202961,
                        0.7932988405227661,
                        0.2548251450061798
                    ],
                    [
                        0.2916126251220703,
                        0.12178061902523041,
                        0.9989866018295288,
                        0.12442132830619812
                    ],
                    [
                        0.2679596543312073,
                        0.06319428980350494,
                        0.869645357131958,
                        0.08427390456199646
                    ]
                ]
            ],
            "actions_pred": [
                [
                    [
                        0.49382561445236206,
                        0.42704588174819946,
                        0.4553260803222656,
                        0.4215746223926544,
                        0.1823984682559967,
                        0.061079926788806915,
                        0.22553664445877075,
                        0.42836737632751465,
                        0.2320808470249176,
                        0.14340010285377502,
                        0.2611030042171478,
                        0.33605605363845825,
                        0.2781010568141937,
                        0.1832493543624878,
                        0.13387691974639893,
                        0.08607436716556549,
                        0.17876872420310974,
                        0.22737345099449158,
                        0.2916126251220703,
                        0.2679596543312073
                    ],
                    [
                        -0.056478992104530334,
                        0.12347329407930374,
                        0.19320730865001678,
                        0.13409222662448883,
                        0.3559093475341797,
                        0.15288349986076355,
                        0.18899115920066833,
                        -0.10237262398004532,
                        0.02820087969303131,
                        0.08981139957904816,
                        0.011252030730247498,
                        0.0978505089879036,
                        0.06755681335926056,
                        -0.054701656103134155,
                        -0.003035210072994232,
                        0.019820556044578552,
                        0.03698263317346573,
                        0.0566546805202961,
                        0.12178061902523041,
                        0.06319428980350494
                    ],
                    [
                        0.3559340238571167,
                        0.41190004348754883,
                        0.4035179913043976,
                        0.2905746400356293,
                        0.5084847807884216,
                        0.5524420738220215,
                        0.5951243042945862,
                        0.6686314344406128,
                        0.8251529932022095,
                        0.7665236592292786,
                        0.6594207286834717,
                        0.724185585975647,
                        0.6980196237564087,
                        0.7417652606964111,
                        0.7025623917579651,
                        0.6498703360557556,
                        0.7173175811767578,
                        0.7932988405227661,
                        0.9989866018295288,
                        0.869645357131958
                    ],
                    [
                        0.25649893283843994,
                        0.2990380525588989,
                        0.1476891040802002,
                        0.11356016993522644,
                        -0.01841220259666443,
                        0.02150622010231018,
                        0.14398330450057983,
                        0.030333787202835083,
                        0.012039542198181152,
                        0.04307040572166443,
                        0.021477073431015015,
                        0.09600937366485596,
                        0.033105313777923584,
                        0.0018456578254699707,
                        0.08280861377716064,
                        0.20869874954223633,
                        0.2299644649028778,
                        0.2548251450061798,
                        0.12442132830619812,
                        0.08427390456199646
                    ]
                ]
            ],
            "states": [
                [
                    [
                        5325744.0,
                        3.011092121596448e-05,
                        0.00027277067420072854,
                        851925.625
                    ],
                    [
                        5357600.0,
                        2.9456161428242922e-05,
                        0.00027305487310513854,
                        832487.0625
                    ],
                    [
                        5618240.0,
                        2.881258842535317e-05,
                        0.0002689558023121208,
                        866650.0
                    ],
                    [
                        5764488.0,
                        2.8174086764920503e-05,
                        0.0002797737834043801,
                        885137.0
                    ],
                    [
                        5370632.0,
                        2.7576063075684942e-05,
                        0.00025503398501314223,
                        827897.4375
                    ],
                    [
                        5432896.0,
                        2.7019848857889883e-05,
                        0.00027816780493594706,
                        880666.4375
                    ],
                    [
                        5364840.0,
                        2.6485795387998223e-05,
                        0.00026209698989987373,
                        834819.0
                    ],
                    [
                        5233072.0,
                        2.598174069134984e-05,
                        0.0002851165772881359,
                        880287.1875
                    ],
                    [
                        5114336.0,
                        2.5507837563054636e-05,
                        0.000267517170868814,
                        884475.5
                    ],
                    [
                        5458960.0,
                        2.504124859115109e-05,
                        0.00027258697082288563,
                        833080.1875
                    ],
                    [
                        5170808.0,
                        2.4588902306277305e-05,
                        0.00027191461413167417,
                        830618.8125
                    ],
                    [
                        5131712.0,
                        2.416586175968405e-05,
                        0.00027577357832342386,
                        795031.0
                    ],
                    [
                        5137504.0,
                        2.3758442694088444e-05,
                        0.00027702987426891923,
                        830415.5625
                    ],
                    [
                        5460408.0,
                        2.3352160496870056e-05,
                        0.0002779100905172527,
                        812805.0
                    ],
                    [
                        5332984.0,
                        2.2952330255066045e-05,
                        0.00026160795823670924,
                        784998.0
                    ],
                    [
                        5464752.0,
                        2.256591324112378e-05,
                        0.0002753763983491808,
                        843504.25
                    ],
                    [
                        5461856.0,
                        2.2187881768331863e-05,
                        0.0002731475979089737,
                        901654.0625
                    ],
                    [
                        5571904.0,
                        2.181875788664911e-05,
                        0.0002628508664201945,
                        880942.125
                    ],
                    [
                        5370632.0,
                        2.146460974472575e-05,
                        0.00026417680783197284,
                        856475.0625
                    ],
                    [
                        5508192.0,
                        2.1123838450876065e-05,
                        0.0002805523981805891,
                        865747.5
                    ]
                ]
            ],
            "actions": [
                [
                    [
                        0.75
                    ],
                    [
                        0.75
                    ],
                    [
                        0.75
                    ],
                    [
                        0.75
                    ],
                    [
                        0.75
                    ],
                    [
                        0.75
                    ],
                    [
                        0.75
                    ],
                    [
                        0.75
                    ],
                    [
                        0.75
                    ],
                    [
                        0.75
                    ],
                    [
                        0.75
                    ],
                    [
                        0.75
                    ],
                    [
                        0.75
                    ],
                    [
                        0.75
                    ],
                    [
                        0.75
                    ],
                    [
                        0.75
                    ],
                    [
                        0.75
                    ],
                    [
                        0.75
                    ],
                    [
                        0.75
                    ],
                    [
                        0.75
                    ]
                ]
            ],
            "returns": [
                [
                    [
                        0.34190085530281067
                    ],
                    [
                        0.34096771478652954
                    ],
                    [
                        0.34003403782844543
                    ],
                    [
                        0.3390961289405823
                    ],
                    [
                        0.33815598487854004
                    ],
                    [
                        0.33722206950187683
                    ],
                    [
                        0.33628717064857483
                    ],
                    [
                        0.33535337448120117
                    ],
                    [
                        0.3344217836856842
                    ],
                    [
                        0.3334922194480896
                    ],
                    [
                        0.33255690336227417
                    ],
                    [
                        0.33162635564804077
                    ],
                    [
                        0.3306964933872223
                    ],
                    [
                        0.32976654171943665
                    ],
                    [
                        0.32883119583129883
                    ],
                    [
                        0.32789793610572815
                    ],
                    [
                        0.32696250081062317
                    ],
                    [
                        0.3260270953178406
                    ],
                    [
                        0.3250899612903595
                    ],
                    [
                        0.3241560757160187
                    ]
                ]
            ],
            "timesteps": [
                [
                    260,
                    261,
                    262,
                    263,
                    264,
                    265,
                    266,
                    267,
                    268,
                    269,
                    270,
                    271,
                    272,
                    273,
                    274,
                    275,
                    276,
                    277,
                    278,
                    279
                ]
            ],
            "labels": [
                [
                    2,
                    2,
                    2,
                    2,
                    2,
                    2,
                    2,
                    2,
                    2,
                    2,
                    2,
                    2,
                    2,
                    2,
                    2,
                    2,
                    2,
                    2,
                    2,
                    2
                ]
            ],
            "CPU Usage": 45.8,
            "RAM Usage": 55.2,
            "GPU Usage": 0.0,
            "VRAM Usage": 355.0,
            "Disk Read Speed (MB/s)": 206025.7236328125,
            "Disk Write Speed (MB/s)": 352340.0908203125
        },
        {
            "step": 1,
            "train_loss": 0.0499226450920105,
            "actions_pred1": [
                [
                    [
                        0.07260102778673172,
                        -0.19059953093528748,
                        0.6138883829116821,
                        -0.22232595086097717
                    ],
                    [
                        0.051699794828891754,
                        -0.0789351612329483,
                        0.8149082064628601,
                        -0.36505433917045593
                    ],
                    [
                        0.193317711353302,
                        0.06985442340373993,
                        0.5946008563041687,
                        -0.46353837847709656
                    ],
                    [
                        0.15187552571296692,
                        0.17012599110603333,
                        0.4047282636165619,
                        -0.43461301922798157
                    ],
                    [
                        0.03928813338279724,
                        0.08820068836212158,
                        0.36067408323287964,
                        -0.26764336228370667
                    ],
                    [
                        -0.07723606377840042,
                        0.0985179990530014,
                        0.5665398240089417,
                        -0.29209205508232117
                    ],
                    [
                        -0.04236412048339844,
                        0.19951188564300537,
                        0.5784576535224915,
                        -0.23808449506759644
                    ],
                    [
                        -0.15596731007099152,
                        0.21245069801807404,
                        0.5972447991371155,
                        -0.22830086946487427
                    ],
                    [
                        -0.15309929847717285,
                        0.05759025737643242,
                        0.6165037155151367,
                        -0.4400044083595276
                    ],
                    [
                        -0.06417404860258102,
                        -0.027710996568202972,
                        0.5218787789344788,
                        -0.43698593974113464
                    ],
                    [
                        -0.1688264161348343,
                        0.045758217573165894,
                        0.6590378284454346,
                        -0.4024602770805359
                    ],
                    [
                        -0.2545267641544342,
                        0.10331977158784866,
                        0.6267244815826416,
                        -0.39538517594337463
                    ],
                    [
                        -0.08249491453170776,
                        0.05006053298711777,
                        0.5827810764312744,
                        -0.30478915572166443
                    ],
                    [
                        -0.04128707945346832,
                        0.050466783344745636,
                        0.568803071975708,
                        -0.3611661493778229
                    ],
                    [
                        -0.09788604080677032,
                        0.12162317335605621,
                        0.6079623699188232,
                        -0.43214553594589233
                    ],
                    [
                        -0.10789797455072403,
                        0.2018907070159912,
                        0.754565954208374,
                        -0.3608925938606262
                    ],
                    [
                        -0.19427579641342163,
                        0.13319717347621918,
                        0.6998946070671082,
                        -0.2917344868183136
                    ],
                    [
                        -0.14393508434295654,
                        0.17109376192092896,
                        0.6676076650619507,
                        -0.3079338073730469
                    ],
                    [
                        -0.1278252899646759,
                        0.2788005769252777,
                        0.6548893451690674,
                        -0.28587639331817627
                    ],
                    [
                        -0.13776543736457825,
                        0.23393449187278748,
                        0.8012093305587769,
                        -0.2748261094093323
                    ]
                ]
            ],
            "actions_pred": [
                [
                    [
                        0.07260102778673172,
                        0.051699794828891754,
                        0.193317711353302,
                        0.15187552571296692,
                        0.03928813338279724,
                        -0.07723606377840042,
                        -0.04236412048339844,
                        -0.15596731007099152,
                        -0.15309929847717285,
                        -0.06417404860258102,
                        -0.1688264161348343,
                        -0.2545267641544342,
                        -0.08249491453170776,
                        -0.04128707945346832,
                        -0.09788604080677032,
                        -0.10789797455072403,
                        -0.19427579641342163,
                        -0.14393508434295654,
                        -0.1278252899646759,
                        -0.13776543736457825
                    ],
                    [
                        -0.19059953093528748,
                        -0.0789351612329483,
                        0.06985442340373993,
                        0.17012599110603333,
                        0.08820068836212158,
                        0.0985179990530014,
                        0.19951188564300537,
                        0.21245069801807404,
                        0.05759025737643242,
                        -0.027710996568202972,
                        0.045758217573165894,
                        0.10331977158784866,
                        0.05006053298711777,
                        0.050466783344745636,
                        0.12162317335605621,
                        0.2018907070159912,
                        0.13319717347621918,
                        0.17109376192092896,
                        0.2788005769252777,
                        0.23393449187278748
                    ],
                    [
                        0.6138883829116821,
                        0.8149082064628601,
                        0.5946008563041687,
                        0.4047282636165619,
                        0.36067408323287964,
                        0.5665398240089417,
                        0.5784576535224915,
                        0.5972447991371155,
                        0.6165037155151367,
                        0.5218787789344788,
                        0.6590378284454346,
                        0.6267244815826416,
                        0.5827810764312744,
                        0.568803071975708,
                        0.6079623699188232,
                        0.754565954208374,
                        0.6998946070671082,
                        0.6676076650619507,
                        0.6548893451690674,
                        0.8012093305587769
                    ],
                    [
                        -0.22232595086097717,
                        -0.36505433917045593,
                        -0.46353837847709656,
                        -0.43461301922798157,
                        -0.26764336228370667,
                        -0.29209205508232117,
                        -0.23808449506759644,
                        -0.22830086946487427,
                        -0.4400044083595276,
                        -0.43698593974113464,
                        -0.4024602770805359,
                        -0.39538517594337463,
                        -0.30478915572166443,
                        -0.3611661493778229,
                        -0.43214553594589233,
                        -0.3608925938606262,
                        -0.2917344868183136,
                        -0.3079338073730469,
                        -0.28587639331817627,
                        -0.2748261094093323
                    ]
                ]
            ],
            "states": [
                [
                    [
                        5346016.0,
                        3.834013477899134e-05,
                        0.0014523763675242662,
                        508420.875
                    ],
                    [
                        5408280.0,
                        3.6602417821995914e-05,
                        0.0012122188927605748,
                        493151.53125
                    ],
                    [
                        5290992.0,
                        3.502258914522827e-05,
                        0.0010567386634647846,
                        527754.375
                    ],
                    [
                        4871072.0,
                        3.364306758157909e-05,
                        0.0010331012308597565,
                        499436.125
                    ],
                    [
                        5112888.0,
                        3.239049328840338e-05,
                        0.0008577806875109673,
                        510007.28125
                    ],
                    [
                        5560320.0,
                        3.1150953873293474e-05,
                        0.009355437941849232,
                        487248.6875
                    ],
                    [
                        5574800.0,
                        1.764485568855889e-05,
                        0.005326922982931137,
                        503265.46875
                    ],
                    [
                        5363392.0,
                        1.8441511201672256e-05,
                        0.00705355079844594,
                        500775.59375
                    ],
                    [
                        5134608.0,
                        2.999954449478537e-05,
                        0.003215600736439228,
                        494512.125
                    ],
                    [
                        5509640.0,
                        1.6405823771492578e-05,
                        0.005743528250604868,
                        466303.4375
                    ],
                    [
                        5509640.0,
                        1.6405823771492578e-05,
                        0.005743528250604868,
                        466303.4375
                    ],
                    [
                        5069448.0,
                        2.8978191039641388e-05,
                        0.0006789364852011204,
                        506032.28125
                    ],
                    [
                        5574800.0,
                        1.764485568855889e-05,
                        0.005326922982931137,
                        503265.46875
                    ],
                    [
                        1811448.0,
                        2.832559766829945e-05,
                        0.006547329016029835,
                        511753.5625
                    ],
                    [
                        5228728.0,
                        2.7692145522451028e-05,
                        0.00019177634385414422,
                        489897.5625
                    ],
                    [
                        5105648.0,
                        2.680875695659779e-05,
                        0.0001491233124397695,
                        484135.40625
                    ],
                    [
                        5137504.0,
                        2.59872085734969e-05,
                        0.0002625611668918282,
                        463221.75
                    ],
                    [
                        5053520.0,
                        2.521825081203133e-05,
                        0.0004885925445705652,
                        468607.3125
                    ],
                    [
                        4761024.0,
                        2.4519293219782412e-05,
                        0.0010367168579250574,
                        491127.34375
                    ],
                    [
                        4991256.0,
                        2.386243431828916e-05,
                        0.0028569940477609634,
                        492679.28125
                    ]
                ]
            ],
            "actions": [
                [
                    [
                        0.25
                    ],
                    [
                        0.25
                    ],
                    [
                        0.25
                    ],
                    [
                        0.25
                    ],
                    [
                        0.25
                    ],
                    [
                        0.25
                    ],
                    [
                        0.25
                    ],
                    [
                        0.25
                    ],
                    [
                        0.25
                    ],
                    [
                        0.25
                    ],
                    [
                        0.25
                    ],
                    [
                        0.25
                    ],
                    [
                        0.25
                    ],
                    [
                        0.25
                    ],
                    [
                        0.25
                    ],
                    [
                        0.25
                    ],
                    [
                        0.25
                    ],
                    [
                        0.25
                    ],
                    [
                        0.25
                    ],
                    [
                        0.25
                    ]
                ]
            ],
            "returns": [
                [
                    [
                        0.03608226776123047
                    ],
                    [
                        0.03514878451824188
                    ],
                    [
                        0.03421427682042122
                    ],
                    [
                        0.033281709998846054
                    ],
                    [
                        0.03235647454857826
                    ],
                    [
                        0.031426943838596344
                    ],
                    [
                        0.030489977449178696
                    ],
                    [
                        0.029552778229117393
                    ],
                    [
                        0.028619008138775826
                    ],
                    [
                        0.027689101174473763
                    ],
                    [
                        0.02675294503569603
                    ],
                    [
                        0.025816788896918297
                    ],
                    [
                        0.024888014420866966
                    ],
                    [
                        0.023950817063450813
                    ],
                    [
                        0.023113280534744263
                    ],
                    [
                        0.022181764245033264
                    ],
                    [
                        0.021252360194921494
                    ],
                    [
                        0.02032240480184555
                    ],
                    [
                        0.019393909722566605
                    ],
                    [
                        0.018470700830221176
                    ]
                ]
            ],
            "timesteps": [
                [
                    600,
                    601,
                    602,
                    603,
                    604,
                    605,
                    606,
                    607,
                    608,
                    609,
                    610,
                    611,
                    612,
                    613,
                    614,
                    615,
                    616,
                    617,
                    618,
                    619
                ]
            ],
            "labels": [
                [
                    0,
                    0,
                    0,
                    0,
                    0,
                    0,
                    0,
                    0,
                    0,
                    0,
                    0,
                    0,
                    0,
                    0,
                    0,
                    0,
                    0,
                    0,
                    0,
                    0
                ]
            ],
            "CPU Usage": 46.7,
            "RAM Usage": 55.4,
            "GPU Usage": 0.0,
            "VRAM Usage": 355.0,
            "Disk Read Speed (MB/s)": 206025.7236328125,
            "Disk Write Speed (MB/s)": 352340.2470703125
        },
        {
            "step": 2,
            "train_loss": 0.049308814108371735,
            "actions_pred1": [
                [
                    [
                        -0.21807272732257843,
                        -0.7898034453392029,
                        -0.03660866618156433,
                        -0.5472017526626587
                    ],
                    [
                        -0.31707414984703064,
                        -0.35968005657196045,
                        -0.02123299241065979,
                        -0.13772910833358765
                    ],
                    [
                        -0.28412023186683655,
                        -0.27283206582069397,
                        0.07539814710617065,
                        -0.11998389661312103
                    ],
                    [
                        -0.26390016078948975,
                        -0.16188429296016693,
                        0.2215210348367691,
                        -0.1924385279417038
                    ],
                    [
                        -0.28585177659988403,
                        -0.2960852086544037,
                        0.24208930134773254,
                        -0.24816563725471497
                    ],
                    [
                        -0.293130099773407,
                        -0.20867417752742767,
                        0.42803430557250977,
                        -0.3340868353843689
                    ],
                    [
                        -0.277384877204895,
                        -0.31173864006996155,
                        0.41145554184913635,
                        -0.21886207163333893
                    ],
                    [
                        -0.2636648416519165,
                        -0.3280143141746521,
                        0.33725255727767944,
                        -0.08291314542293549
                    ],
                    [
                        -0.36365264654159546,
                        -0.3839525282382965,
                        0.3398262858390808,
                        -0.21005374193191528
                    ],
                    [
                        -0.4436255097389221,
                        -0.36567291617393494,
                        0.29402321577072144,
                        -0.21678794920444489
                    ],
                    [
                        -0.3451493978500366,
                        -0.13232611119747162,
                        0.45977944135665894,
                        -0.18090611696243286
                    ],
                    [
                        -0.43153977394104004,
                        -0.1864345371723175,
                        0.4501197338104248,
                        -0.014096751809120178
                    ],
                    [
                        -0.43110787868499756,
                        -0.20458534359931946,
                        0.5004922747612,
                        -0.06099012494087219
                    ],
                    [
                        -0.41552653908729553,
                        -0.15280455350875854,
                        0.567870020866394,
                        -0.06411059200763702
                    ],
                    [
                        -0.42701631784439087,
                        -0.17617933452129364,
                        0.5180178284645081,
                        -0.16724686324596405
                    ],
                    [
                        -0.4609765112400055,
                        -0.18148884177207947,
                        0.43375009298324585,
                        -0.09193599224090576
                    ],
                    [
                        -0.3899819254875183,
                        -0.2129822075366974,
                        0.4702472686767578,
                        -0.21321967244148254
                    ],
                    [
                        -0.4386864900588989,
                        -0.22510167956352234,
                        0.43583136796951294,
                        -0.22703154385089874
                    ],
                    [
                        -0.3520079255104065,
                        0.011128351092338562,
                        0.3686036467552185,
                        -0.0645921528339386
                    ],
                    [
                        -0.30438417196273804,
                        -0.15713603794574738,
                        0.4724472761154175,
                        -0.10758733749389648
                    ]
                ]
            ],
            "actions_pred": [
                [
                    [
                        -0.21807272732257843,
                        -0.31707414984703064,
                        -0.28412023186683655,
                        -0.26390016078948975,
