{
    "steps": [
        {
            "step": 0,
            "train_loss": 0.05039601773023605,
            "actions_pred1": [
                [
                    [
                        0.08370354771614075,
                        0.11336666345596313,
                        0.5088561177253723,
                        1.0380196571350098
                    ],
                    [
                        0.22343428432941437,
                        0.18111905455589294,
                        0.25563114881515503,
                        1.0343403816223145
                    ],
                    [
                        0.061001747846603394,
                        0.23319430649280548,
                        0.33893007040023804,
                        0.7511595487594604
                    ],
                    [
                        -0.027412831783294678,
                        0.24245421588420868,
                        0.37949758768081665,
                        0.7123020887374878
                    ],
                    [
                        -0.03589846193790436,
                        0.3222467303276062,
                        0.4266147017478943,
                        0.6938071250915527
                    ],
                    [
                        -0.01580560952425003,
                        0.32611244916915894,
                        0.5286035537719727,
                        0.5811619162559509
                    ],
                    [
                        -0.039207592606544495,
                        0.34787535667419434,
                        0.5395179390907288,
                        0.6035236120223999
                    ],
                    [
                        0.01374804973602295,
                        -0.030222415924072266,
                        0.551219642162323,
                        0.564838707447052
                    ],
                    [
                        0.09029793739318848,
                        -0.01114150881767273,
                        0.5707204341888428,
                        0.5782139301300049
                    ],
                    [
                        -0.01878265291452408,
                        0.06354759633541107,
                        0.6767178177833557,
                        0.48914408683776855
                    ],
                    [
                        -0.10574369132518768,
                        0.1021265834569931,
                        0.6105308532714844,
                        0.49251553416252136
                    ],
                    [
                        -0.11460797488689423,
                        0.16591843962669373,
                        0.5248200297355652,
                        0.6102617979049683
                    ],
                    [
                        -0.18035906553268433,
                        0.09242419898509979,
                        0.5059545040130615,
                        0.5588616132736206
                    ],
                    [
                        -0.12331217527389526,
                        0.06516142934560776,
                        0.5683813095092773,
                        0.6356683373451233
                    ],
                    [
                        -0.1816599816083908,
                        -0.04025168716907501,
                        0.5427150726318359,
                        0.5577057600021362
                    ],
                    [
                        -0.06781704723834991,
                        0.10801979899406433,
                        0.5408239960670471,
                        0.5705934762954712
                    ],
                    [
                        -0.22885429859161377,
                        0.018022283911705017,
                        0.5843446254730225,
                        0.5663355588912964
                    ],
                    [
                        -0.27909141778945923,
                        -0.021036222577095032,
                        0.5785754919052124,
                        0.5707951188087463
                    ],
                    [
                        -0.2439250946044922,
                        0.050834864377975464,
                        0.6340847611427307,
                        0.308637797832489
                    ],
                    [
                        -0.05666911602020264,
                        0.10228956490755081,
                        0.7256001234054565,
                        0.4697580933570862
                    ]
                ]
            ],
            "actions_pred": [
                [
                    [
                        0.08370354771614075,
                        0.22343428432941437,
                        0.061001747846603394,
                        -0.027412831783294678,
                        -0.03589846193790436,
                        -0.01580560952425003,
                        -0.039207592606544495,
                        0.01374804973602295,
                        0.09029793739318848,
                        -0.01878265291452408,
                        -0.10574369132518768,
                        -0.11460797488689423,
                        -0.18035906553268433,
                        -0.12331217527389526,
                        -0.1816599816083908,
                        -0.06781704723834991,
                        -0.22885429859161377,
                        -0.27909141778945923,
                        -0.2439250946044922,
                        -0.05666911602020264
                    ],
                    [
                        0.11336666345596313,
                        0.18111905455589294,
                        0.23319430649280548,
                        0.24245421588420868,
                        0.3222467303276062,
                        0.32611244916915894,
                        0.34787535667419434,
                        -0.030222415924072266,
                        -0.01114150881767273,
                        0.06354759633541107,
                        0.1021265834569931,
                        0.16591843962669373,
                        0.09242419898509979,
                        0.06516142934560776,
                        -0.04025168716907501,
                        0.10801979899406433,
                        0.018022283911705017,
                        -0.021036222577095032,
                        0.050834864377975464,
                        0.10228956490755081
                    ],
                    [
                        0.5088561177253723,
                        0.25563114881515503,
                        0.33893007040023804,
                        0.37949758768081665,
                        0.4266147017478943,
                        0.5286035537719727,
                        0.5395179390907288,
                        0.551219642162323,
                        0.5707204341888428,
                        0.6767178177833557,
                        0.6105308532714844,
                        0.5248200297355652,
                        0.5059545040130615,
                        0.5683813095092773,
                        0.5427150726318359,
                        0.5408239960670471,
                        0.5843446254730225,
                        0.5785754919052124,
                        0.6340847611427307,
                        0.7256001234054565
                    ],
                    [
                        1.0380196571350098,
                        1.0343403816223145,
                        0.7511595487594604,
                        0.7123020887374878,
                        0.6938071250915527,
                        0.5811619162559509,
                        0.6035236120223999,
                        0.564838707447052,
                        0.5782139301300049,
                        0.48914408683776855,
                        0.49251553416252136,
                        0.6102617979049683,
                        0.5588616132736206,
                        0.6356683373451233,
                        0.5577057600021362,
                        0.5705934762954712,
                        0.5663355588912964,
                        0.5707951188087463,
                        0.308637797832489,
                        0.4697580933570862
                    ]
                ]
            ],
            "states": [
                [
                    [
                        5059312.0,
                        9.1049492766615e-05,
                        0.0002829945588018745,
                        570940.9375
                    ],
                    [
                        5117232.0,
                        8.226631325669587e-05,
                        0.00027779326774179935,
                        553102.75
                    ],
                    [
                        5535704.0,
                        7.472792640328407e-05,
                        0.00029917724896222353,
                        546738.9375
                    ],
                    [
                        4970984.0,
                        6.851889338577166e-05,
                        0.00037997434264980257,
                        615590.1875
                    ],
                    [
                        2654184.0,
                        6.460718577727675e-05,
                        0.00029415389872156084,
                        481818.0625
                    ],
                    [
                        4494592.0,
                        6.135837611509487e-05,
                        0.00029440681100822985,
                        522992.78125
                    ],
                    [
                        4348344.0,
                        5.774946475867182e-05,
                        0.00028164629475213587,
                        491780.875
                    ],
                    [
                        4933336.0,
                        5.439664164441638e-05,
                        0.00027785348356701434,
                        520398.875
                    ],
                    [
                        4701656.0,
                        5.129960845806636e-05,
                        0.00038381022750400007,
                        575110.6875
                    ],
                    [
                        4578576.0,
                        4.8633406549924985e-05,
                        0.0002961547579616308,
                        495802.21875
                    ],
                    [
                        3149400.0,
                        4.661144339479506e-05,
                        0.00029962105327285826,
                        505119.28125
                    ],
                    [
                        4999944.0,
                        4.466465179575607e-05,
                        0.00029777659801766276,
                        484590.125
                    ],
                    [
                        5011528.0,
                        4.247795732226223e-05,
                        0.0002728095860220492,
                        482498.96875
                    ],
                    [
                        5127368.0,
                        4.047168113174848e-05,
                        0.0002930021146312356,
                        492467.5625
                    ],
                    [
                        5149088.0,
                        3.862225275952369e-05,
                        0.0005929499748162925,
                        510973.59375
                    ],
                    [
                        3434656.0,
                        3.7198835343588144e-05,
                        0.00017766767996363342,
                        518040.0625
                    ],
                    [
                        4734960.0,
                        3.594371446524747e-05,
                        0.00018339134112466127,
                        483570.8125
                    ],
                    [
                        4713240.0,
                        3.459137587924488e-05,
                        0.00019205290300305933,
                        485131.46875
                    ],
                    [
                        5099856.0,
                        3.3291154977632686e-05,
                        0.0002024973655352369,
                        498759.9375
                    ],
                    [
                        5243208.0,
                        3.2021918741520494e-05,
                        0.0002613598189782351,
                        496721.28125
                    ]
                ]
            ],
            "actions": [
                [
                    [
                        0.5
                    ],
                    [
                        0.5
                    ],
                    [
                        0.5
                    ],
                    [
                        0.5
                    ],
                    [
                        0.5
                    ],
                    [
                        0.5
                    ],
                    [
                        0.5
                    ],
                    [
                        0.5
                    ],
                    [
                        0.5
                    ],
                    [
                        0.5
                    ],
                    [
                        0.5
                    ],
                    [
                        0.5
                    ],
                    [
                        0.5
                    ],
                    [
                        0.5
                    ],
                    [
                        0.5
                    ],
                    [
                        0.5
                    ],
                    [
                        0.5
                    ],
                    [
                        0.5
                    ],
                    [
                        0.5
                    ],
                    [
                        0.5
                    ]
                ]
            ],
            "returns": [
                [
                    [
                        0.4691389203071594
                    ],
                    [
                        0.4682103097438812
                    ],
                    [
                        0.46728071570396423
                    ],
                    [
                        0.46634411811828613
                    ],
                    [
                        0.4654170870780945
                    ],
                    [
                        0.46454569697380066
                    ],
                    [
                        0.46362757682800293
                    ],
                    [
                        0.4627124071121216
                    ],
                    [
                        0.46178606152534485
                    ],
                    [
                        0.46086394786834717
                    ],
                    [
                        0.4599442183971405
                    ],
                    [
                        0.45905765891075134
                    ],
                    [
                        0.4581300914287567
                    ],
                    [
                        0.45720234513282776
                    ],
                    [
                        0.45627257227897644
                    ],
                    [
                        0.4553424119949341
                    ],
                    [
                        0.4544481337070465
                    ],
                    [
                        0.4535254240036011
                    ],
                    [
                        0.4526031017303467
                    ],
                    [
                        0.45167380571365356
                    ]
                ]
            ],
            "timesteps": [
                [
                    120,
                    121,
                    122,
                    123,
                    124,
                    125,
                    126,
                    127,
                    128,
                    129,
                    130,
                    131,
                    132,
                    133,
                    134,
                    135,
                    136,
                    137,
                    138,
                    139
                ]
            ],
            "labels": [
                [
                    1,
                    1,
                    1,
                    1,
                    1,
                    1,
                    1,
                    1,
                    1,
                    1,
                    1,
                    1,
                    1,
                    1,
                    1,
                    1,
                    1,
                    1,
                    1,
                    1
                ]
            ],
            "CPU Usage": 45.8,
            "RAM Usage": 55.3,
            "GPU Usage": 0.0,
            "VRAM Usage": 371.0,
            "Disk Read Speed (MB/s)": 206025.5947265625,
            "Disk Write Speed (MB/s)": 349750.3212890625
        },
        {
            "step": 1,
            "train_loss": 0.044852592051029205,
            "actions_pred1": [
                [
                    [
                        0.3213008642196655,
                        0.022810250520706177,
                        0.7324519157409668,
                        0.21640121936798096
                    ],
                    [
                        0.18973314762115479,
                        0.015586793422698975,
                        0.6079187989234924,
                        0.19280314445495605
                    ],
                    [
                        0.11123578250408173,
                        -0.25424396991729736,
                        0.4302237629890442,
                        0.015451788902282715
                    ],
                    [
                        0.17674410343170166,
                        -0.19170740246772766,
                        0.3800772726535797,
                        -0.062166064977645874
                    ],
                    [
                        0.1351328194141388,
                        -0.16511386632919312,
                        0.4866999387741089,
                        -0.0954170823097229
                    ],
                    [
                        0.03261954337358475,
                        -0.02039811760187149,
                        0.5747737884521484,
                        -0.11664590239524841
                    ],
                    [
                        0.22606061398983002,
                        -0.12947127223014832,
                        0.5252910256385803,
                        -0.1580715775489807
                    ],
                    [
                        0.17082403600215912,
                        -0.08597683161497116,
                        0.5102633833885193,
                        -0.16368180513381958
                    ],
                    [
                        0.12946467101573944,
                        0.012616313993930817,
                        0.7581615447998047,
                        -0.22682517766952515
                    ],
                    [
                        0.21873891353607178,
                        0.06874722242355347,
                        0.7442781925201416,
                        -0.16396978497505188
                    ],
                    [
                        0.14745743572711945,
                        -0.0317513644695282,
                        0.7458124756813049,
                        -0.11755064129829407
                    ],
                    [
                        0.16302405297756195,
                        -0.0038447752594947815,
                        0.6480805277824402,
                        -0.09931212663650513
                    ],
                    [
                        0.17778237164020538,
                        0.02089567482471466,
                        0.6652253270149231,
                        -0.05914202332496643
                    ],
                    [
                        0.15957652032375336,
                        0.048356715589761734,
                        0.7510796785354614,
                        0.07736486196517944
                    ],
                    [
                        0.17692701518535614,
                        -0.0038343220949172974,
                        0.7508139610290527,
                        0.06433948874473572
                    ],
                    [
                        0.190091073513031,
                        -0.15926358103752136,
                        0.5057899951934814,
                        0.03287045657634735
                    ],
                    [
                        0.20011653006076813,
                        -0.04581618309020996,
                        0.5483179688453674,
                        -0.0673409104347229
                    ],
                    [
                        0.13701799511909485,
                        -0.04084603488445282,
                        0.5376316905021667,
                        -0.01412990689277649
                    ],
                    [
                        0.10092878341674805,
                        -0.028262335807085037,
                        0.6272835731506348,
                        0.007177859544754028
                    ],
                    [
                        0.10621833056211472,
                        -0.008839283138513565,
                        0.7144122123718262,
                        -0.06407135725021362
                    ]
                ]
            ],
            "actions_pred": [
                [
                    [
                        0.3213008642196655,
                        0.18973314762115479,
                        0.11123578250408173,
                        0.17674410343170166,
                        0.1351328194141388,
                        0.03261954337358475,
                        0.22606061398983002,
                        0.17082403600215912,
                        0.12946467101573944,
                        0.21873891353607178,
                        0.14745743572711945,
                        0.16302405297756195,
                        0.17778237164020538,
                        0.15957652032375336,
                        0.17692701518535614,
                        0.190091073513031,
                        0.20011653006076813,
                        0.13701799511909485,
                        0.10092878341674805,
                        0.10621833056211472
                    ],
                    [
                        0.022810250520706177,
                        0.015586793422698975,
                        -0.25424396991729736,
                        -0.19170740246772766,
                        -0.16511386632919312,
                        -0.02039811760187149,
                        -0.12947127223014832,
                        -0.08597683161497116,
                        0.012616313993930817,
                        0.06874722242355347,
                        -0.0317513644695282,
                        -0.0038447752594947815,
                        0.02089567482471466,
                        0.048356715589761734,
                        -0.0038343220949172974,
                        -0.15926358103752136,
                        -0.04581618309020996,
                        -0.04084603488445282,
                        -0.028262335807085037,
                        -0.008839283138513565
                    ],
                    [
                        0.7324519157409668,
                        0.6079187989234924,
                        0.4302237629890442,
                        0.3800772726535797,
                        0.4866999387741089,
                        0.5747737884521484,
                        0.5252910256385803,
                        0.5102633833885193,
                        0.7581615447998047,
                        0.7442781925201416,
                        0.7458124756813049,
                        0.6480805277824402,
                        0.6652253270149231,
                        0.7510796785354614,
                        0.7508139610290527,
                        0.5057899951934814,
                        0.5483179688453674,
                        0.5376316905021667,
                        0.6272835731506348,
                        0.7144122123718262
                    ],
                    [
                        0.21640121936798096,
                        0.19280314445495605,
                        0.015451788902282715,
                        -0.062166064977645874,
                        -0.0954170823097229,
                        -0.11664590239524841,
                        -0.1580715775489807,
                        -0.16368180513381958,
                        -0.22682517766952515,
                        -0.16396978497505188,
                        -0.11755064129829407,
                        -0.09931212663650513,
                        -0.05914202332496643,
                        0.07736486196517944,
                        0.06433948874473572,
                        0.03287045657634735,
                        -0.0673409104347229,
                        -0.01412990689277649,
                        0.007177859544754028,
                        -0.06407135725021362
                    ]
                ]
            ],
            "states": [
                [
                    [
                        5130264.0,
                        9.53052585828118e-06,
                        0.00017112551722675562,
                        484343.53125
                    ],
                    [
                        5473440.0,
                        9.464440154260956e-06,
                        0.00025726869353093207,
                        530369.25
                    ],
                    [
                        5615344.0,
                        9.396303539688233e-06,
                        0.000244751397985965,
                        507658.4375
                    ],
                    [
                        5705120.0,
                        9.327747648057994e-06,
                        0.0002547030453570187,
                        475297.125
                    ],
                    [
                        5661680.0,
                        9.25990843825275e-06,
                        0.0002602769818622619,
                        509474.46875
                    ],
                    [
                        5626928.0,
                        9.193505320581608e-06,
                        0.00028401854797266424,
                        512406.875
                    ],
                    [
                        7240000.0,
                        9.118992238654755e-06,
                        0.00026182830333709717,
                        473767.34375
                    ],
                    [
                        6098976.0,
                        9.042967576533556e-06,
                        0.00025427230866625905,
                        486137.84375
                    ],
                    [
                        5957072.0,
                        8.975355740403756e-06,
                        0.00025071317213587463,
                        481721.90625
                    ],
                    [
                        6045400.0,
                        8.909044481697492e-06,
                        0.000257556646829471,
                        512695.15625
                    ],
                    [
                        5554528.0,
                        8.845872798701748e-06,
                        0.0002534309751354158,
                        490408.03125
                    ],
                    [
                        5395248.0,
                        8.787061233306304e-06,
                        0.00019772094674408436,
                        502051.125
                    ],
                    [
                        6014992.0,
                        8.726612577447668e-06,
                        0.00023689404770266265,
                        496127.90625
                    ],
                    [
                        5615344.0,
                        8.665836503496394e-06,
                        0.00024040597782004625,
                        497831.1875
                    ],
                    [
                        5961416.0,
                        8.60618456499651e-06,
                        0.00023798528127372265,
                        498399.9375
                    ],
                    [
                        5690640.0,
                        8.546960089006461e-06,
                        0.0002599294239189476,
                        501903.53125
                    ],
                    [
                        6043952.0,
                        8.48813488119049e-06,
                        0.0002636733988765627,
                        501576.46875
                    ],
                    [
                        7975584.0,
                        8.418936886300799e-06,
                        0.00023683813924435526,
                        444337.65625
                    ],
                    [
                        5891912.0,
                        8.351544238394126e-06,
                        0.0002558637352194637,
                        498428.25
                    ],
                    [
                        6125040.0,
                        8.294033250422217e-06,
                        0.00024174025747925043,
                        501703.09375
                    ]
                ]
            ],
            "actions": [
                [
                    [
                        0.25
                    ],
                    [
                        0.25
                    ],
                    [
                        0.25
                    ],
                    [
                        0.25
                    ],
                    [
                        0.25
                    ],
                    [
                        0.25
                    ],
                    [
                        0.25
                    ],
                    [
                        0.25
                    ],
                    [
                        0.25
                    ],
                    [
                        0.25
                    ],
                    [
                        0.25
                    ],
                    [
                        0.25
                    ],
                    [
                        0.25
                    ],
                    [
                        0.25
                    ],
                    [
                        0.25
                    ],
                    [
                        0.25
                    ],
                    [
                        0.25
                    ],
                    [
                        0.25
                    ],
                    [
                        0.25
                    ],
                    [
                        0.25
                    ]
                ]
            ],
            "returns": [
                [
                    [
                        0.20859551429748535
                    ],
                    [
                        0.20766568183898926
                    ],
                    [
                        0.20673011243343353
                    ],
                    [
                        0.20579227805137634
                    ],
                    [
                        0.20485302805900574
                    ],
                    [
                        0.20391446352005005
                    ],
                    [
                        0.20297643542289734
                    ],
                    [
                        0.20201605558395386
                    ],
                    [
                        0.2010708898305893
                    ],
                    [
                        0.20012782514095306
                    ],
                    [
                        0.19918343424797058
                    ],
                    [
                        0.1982465535402298
                    ],
                    [
                        0.19731226563453674
                    ],
                    [
                        0.19636832177639008
                    ],
                    [
                        0.19543048739433289
                    ],
                    [
                        0.19448734819889069
                    ],
                    [
                        0.193548321723938
                    ],
                    [
                        0.1926039606332779
                    ],
                    [
                        0.19163501262664795
                    ],
                    [
                        0.19069290161132812
                    ]
                ]
            ],
            "timesteps": [
                [
                    400,
                    401,
                    402,
                    403,
                    404,
                    405,
                    406,
                    407,
                    408,
                    409,
                    410,
                    411,
                    412,
                    413,
                    414,
                    415,
                    416,
                    417,
                    418,
                    419
                ]
            ],
            "labels": [
                [
                    0,
                    0,
                    0,
                    0,
                    0,
                    0,
                    0,
                    0,
                    0,
                    0,
                    0,
                    0,
                    0,
                    0,
                    0,
                    0,
                    0,
                    0,
                    0,
                    0
                ]
            ],
            "CPU Usage": 46.7,
            "RAM Usage": 55.4,
            "GPU Usage": 0.0,
            "VRAM Usage": 371.0,
            "Disk Read Speed (MB/s)": 206025.5947265625,
            "Disk Write Speed (MB/s)": 349750.5869140625
        },
        {
            "step": 2,
            "train_loss": 0.0485813282430172,
            "actions_pred1": [
                [
                    [
                        -0.1657610833644867,
                        -0.24848370254039764,
                        0.24183206260204315,
                        -0.04327116906642914
                    ],
                    [
                        -0.1045028567314148,
                        -0.2136896550655365,
                        0.5245376229286194,
                        -0.011247307062149048
                    ],
                    [
                        -0.023345276713371277,
                        -0.19571876525878906,
                        0.4384400248527527,
                        -0.12449082732200623
                    ],
                    [
                        0.023771360516548157,
                        -0.1747772991657257,
                        0.477369487285614,
                        -0.2073475420475006
                    ],
                    [
                        0.14367613196372986,
                        -0.16079509258270264,
                        0.23022088408470154,
                        -0.4065433442592621
                    ],
                    [
                        0.2563120722770691,
                        -0.03756824880838394,
                        0.4090380072593689,
                        -0.44312092661857605
                    ],
                    [
                        0.25902271270751953,
                        0.07482481002807617,
                        0.5014688372612,
                        -0.44737109541893005
                    ],
                    [
                        0.2794301509857178,
                        0.08510486781597137,
                        0.5984702110290527,
                        -0.23633167147636414
                    ],
                    [
                        0.10397513210773468,
                        0.10004307329654694,
                        0.47246575355529785,
                        -0.28379130363464355
                    ],
                    [
                        0.13521766662597656,
                        -0.017403431236743927,
                        0.690180778503418,
                        -0.20555251836776733
                    ],
                    [
                        0.07450316846370697,
                        -0.10582680255174637,
                        0.6365780830383301,
                        -0.23921716213226318
                    ],
                    [
                        -0.12286064773797989,
                        -0.09808645397424698,
                        0.6272329092025757,
                        -0.22856399416923523
                    ],
                    [
                        -0.13424251973628998,
                        0.01522921584546566,
                        0.6697995066642761,
                        -0.18142399191856384
                    ],
                    [
                        -0.11270536482334137,
                        0.06961049139499664,
                        0.6720273494720459,
                        -0.12770402431488037
                    ],
                    [
                        -0.08019061386585236,
                        -0.007787831127643585,
                        0.5796147584915161,
                        -0.16451185941696167
                    ],
                    [
                        -0.0458700954914093,
                        0.057006992399692535,
                        0.560560941696167,
                        -0.24203553795814514
                    ],
                    [
                        0.13368499279022217,
                        0.01767650991678238,
                        0.48859459161758423,
                        -0.24287989735603333
                    ],
                    [
                        0.07717174291610718,
                        0.03925046697258949,
                        0.5523332357406616,
                        -0.1210901141166687
                    ],
                    [
                        -0.02703644335269928,
                        0.0858905017375946,
                        0.729039192199707,
                        -0.17075181007385254
                    ],
                    [
                        0.0035292059183120728,
                        -0.023204661905765533,
                        0.8656578063964844,
                        -0.17899754643440247
                    ]
                ]
            ],
            "actions_pred": [
                [
                    [
                        -0.1657610833644867,
                        -0.1045028567314148,
                        -0.023345276713371277,
                        0.023771360516548157,
