{
    "steps": [
        {
            "step": 0,
            "train_loss": 0.0063056498765945435,
            "actions_pred1": [
                [
                    [
                        2.4180142879486084,
                        1.7673909664154053,
                        2.3691494464874268,
                        -4.851573467254639
                    ],
                    [
                        2.778179407119751,
                        1.232181429862976,
                        2.160369396209717,
                        -4.412789344787598
                    ],
                    [
                        3.068070411682129,
                        0.9552581906318665,
                        2.3730292320251465,
                        -4.77973747253418
                    ],
                    [
                        3.7114689350128174,
                        0.8654191493988037,
                        2.602473258972168,
                        -5.183866500854492
                    ],
                    [
                        4.327244758605957,
                        0.5881520509719849,
                        2.928236722946167,
                        -5.642665863037109
                    ],
                    [
                        4.654764175415039,
                        0.7430694699287415,
                        2.893946886062622,
                        -5.736783504486084
                    ],
                    [
                        4.653197288513184,
                        0.9702475666999817,
                        2.9782931804656982,
                        -6.1079607009887695
                    ],
                    [
                        4.674298286437988,
                        0.911527156829834,
                        2.726179838180542,
                        -6.172863006591797
                    ],
                    [
                        4.640756607055664,
                        0.9052960872650146,
                        2.77022123336792,
                        -6.496492385864258
                    ],
                    [
                        5.06480598449707,
                        1.1531915664672852,
                        2.8976144790649414,
                        -6.852616786956787
                    ],
                    [
                        5.596528053283691,
                        1.6441866159439087,
                        2.9392876625061035,
                        -7.063434600830078
                    ],
                    [
                        5.7078094482421875,
                        1.64723539352417,
                        2.8470840454101562,
                        -7.035053253173828
                    ],
                    [
                        5.6544084548950195,
                        1.870147943496704,
                        2.8273043632507324,
                        -7.102128505706787
                    ],
                    [
                        5.680056095123291,
                        1.7449581623077393,
                        3.0119495391845703,
                        -7.015496730804443
                    ],
                    [
                        5.744074821472168,
                        1.4502861499786377,
                        2.755417823791504,
                        -7.296483039855957
                    ],
                    [
                        6.040388584136963,
                        1.50795316696167,
                        2.6985597610473633,
                        -7.4772114753723145
                    ],
                    [
                        5.891151428222656,
                        1.5997639894485474,
                        2.7933876514434814,
                        -7.497415065765381
                    ],
                    [
                        5.934694290161133,
                        1.602526068687439,
                        2.9457221031188965,
                        -7.515244960784912
                    ],
                    [
                        5.725977420806885,
                        1.6578726768493652,
                        2.854548454284668,
                        -7.2162251472473145
                    ],
                    [
                        5.669408798217773,
                        1.6111012697219849,
                        3.076899528503418,
                        -6.934557914733887
                    ]
                ]
            ],
            "actions_pred": [
                [
                    [
                        2.4180142879486084,
                        2.778179407119751,
                        3.068070411682129,
                        3.7114689350128174,
                        4.327244758605957,
                        4.654764175415039,
                        4.653197288513184,
                        4.674298286437988,
                        4.640756607055664,
                        5.06480598449707,
                        5.596528053283691,
                        5.7078094482421875,
                        5.6544084548950195,
                        5.680056095123291,
                        5.744074821472168,
                        6.040388584136963,
                        5.891151428222656,
                        5.934694290161133,
                        5.725977420806885,
                        5.669408798217773
                    ],
                    [
                        1.7673909664154053,
                        1.232181429862976,
                        0.9552581906318665,
                        0.8654191493988037,
                        0.5881520509719849,
                        0.7430694699287415,
                        0.9702475666999817,
                        0.911527156829834,
                        0.9052960872650146,
                        1.1531915664672852,
                        1.6441866159439087,
                        1.64723539352417,
                        1.870147943496704,
                        1.7449581623077393,
                        1.4502861499786377,
                        1.50795316696167,
                        1.5997639894485474,
                        1.602526068687439,
                        1.6578726768493652,
                        1.6111012697219849
                    ],
                    [
                        2.3691494464874268,
                        2.160369396209717,
                        2.3730292320251465,
                        2.602473258972168,
                        2.928236722946167,
                        2.893946886062622,
                        2.9782931804656982,
                        2.726179838180542,
                        2.77022123336792,
                        2.8976144790649414,
                        2.9392876625061035,
                        2.8470840454101562,
                        2.8273043632507324,
                        3.0119495391845703,
                        2.755417823791504,
                        2.6985597610473633,
                        2.7933876514434814,
                        2.9457221031188965,
                        2.854548454284668,
                        3.076899528503418
                    ],
                    [
                        -4.851573467254639,
                        -4.412789344787598,
                        -4.77973747253418,
                        -5.183866500854492,
                        -5.642665863037109,
                        -5.736783504486084,
                        -6.1079607009887695,
                        -6.172863006591797,
                        -6.496492385864258,
                        -6.852616786956787,
                        -7.063434600830078,
                        -7.035053253173828,
                        -7.102128505706787,
                        -7.015496730804443,
                        -7.296483039855957,
                        -7.4772114753723145,
                        -7.497415065765381,
                        -7.515244960784912,
                        -7.2162251472473145,
                        -6.934557914733887
                    ]
                ]
            ],
            "states": [
                [
                    [
                        1715880.0,
                        9.430604404769838e-05,
                        0.0053657107055187225,
                        470709.75
                    ],
                    [
                        1967832.0,
                        9.068279905477539e-05,
                        0.004402399994432926,
                        434480.75
                    ],
                    [
                        2130008.0,
                        8.69646537466906e-05,
                        0.004303366411477327,
                        508551.15625
                    ],
                    [
                        2267568.0,
                        8.329902630066499e-05,
                        0.003460775362327695,
                        467240.71875
                    ],
                    [
                        2448568.0,
                        7.969679427333176e-05,
                        0.003044134471565485,
                        537034.5
                    ],
                    [
                        2646944.0,
                        7.613936031702906e-05,
                        0.00288664479739964,
                        500456.03125
                    ],
                    [
                        1710088.0,
                        7.333141547860578e-05,
                        0.0027106136549264193,
                        490357.90625
                    ],
                    [
                        2580336.0,
                        7.077431655488908e-05,
                        0.0027518118731677532,
                        546850.6875
                    ],
                    [
                        2927856.0,
                        6.773720087949187e-05,
                        0.0026009255088865757,
                        496203.71875
                    ],
                    [
                        3168224.0,
                        6.466506602009758e-05,
                        0.002423960482701659,
                        507070.15625
                    ],
                    [
                        3505608.0,
                        6.160674092825502e-05,
                        0.002274049213156104,
                        516057.96875
                    ],
                    [
                        3553392.0,
                        5.866973879165016e-05,
                        0.0023237415589392185,
                        471484.09375
                    ],
                    [
                        4039920.0,
                        5.581038931268267e-05,
                        0.0021793735213577747,
                        501229.875
                    ],
                    [
                        4028336.0,
                        5.305969170876779e-05,
                        0.002523052040487528,
                        561908.75
                    ],
                    [
                        4312144.0,
                        5.04888485011179e-05,
                        0.002231767401099205,
                        502897.96875
                    ],
                    [
                        4776952.0,
                        4.795741187990643e-05,
                        0.0032643231097608805,
                        459673.25
                    ],
                    [
                        4743648.0,
                        4.5562293962575495e-05,
                        0.0020812072325497866,
                        515212.4375
                    ],
                    [
                        2971296.0,
                        4.3785152229247615e-05,
                        0.0015903349267318845,
                        502955.46875
                    ],
                    [
                        4981120.0,
                        4.21030999859795e-05,
                        0.0016534600872546434,
                        511202.4375
                    ],
                    [
                        4962296.0,
                        4.016688762931153e-05,
                        0.0014106292510405183,
                        493895.1875
                    ]
                ]
            ],
            "actions": [
                [
                    [
                        0.25
                    ],
                    [
                        0.25
                    ],
                    [
                        0.25
                    ],
                    [
                        0.25
                    ],
                    [
                        0.25
                    ],
                    [
                        0.25
                    ],
                    [
                        0.25
                    ],
                    [
                        0.25
                    ],
                    [
                        0.25
                    ],
                    [
                        0.25
                    ],
                    [
                        0.25
                    ],
                    [
                        0.25
                    ],
                    [
                        0.25
                    ],
                    [
                        0.25
                    ],
                    [
                        0.25
                    ],
                    [
                        0.25
                    ],
                    [
                        0.25
                    ],
                    [
                        0.25
                    ],
                    [
                        0.25
                    ],
                    [
                        0.25
                    ]
                ]
            ],
            "returns": [
                [
                    [
                        0.053779877722263336
                    ],
                    [
                        0.05294714868068695
                    ],
                    [
                        0.05210227146744728
                    ],
                    [
                        0.05125037208199501
                    ],
                    [
                        0.05039292573928833
                    ],
                    [
                        0.04952867329120636
                    ],
                    [
                        0.04865751042962074
                    ],
                    [
                        0.047825079411268234
                    ],
                    [
                        0.046956177800893784
                    ],
                    [
                        0.04607607424259186
                    ],
                    [
                        0.04518897458910942
                    ],
                    [
                        0.04429290443658829
                    ],
                    [
                        0.04339563474059105
                    ],
                    [
                        0.04248698428273201
                    ],
                    [
                        0.04157859459519386
                    ],
                    [
                        0.04066416248679161
                    ],
                    [
                        0.039740659296512604
                    ],
                    [
                        0.03881777450442314
                    ],
                    [
                        0.037936363369226456
                    ],
                    [
                        0.03700914978981018
                    ]
                ]
            ],
            "timesteps": [
                [
                    580,
                    581,
                    582,
                    583,
                    584,
                    585,
                    586,
                    587,
                    588,
                    589,
                    590,
                    591,
                    592,
                    593,
                    594,
                    595,
                    596,
                    597,
                    598,
                    599
                ]
            ],
            "labels": [
                [
                    0,
                    0,
                    0,
                    0,
                    0,
                    0,
                    0,
                    0,
                    0,
                    0,
                    0,
                    0,
                    0,
                    0,
                    0,
                    0,
                    0,
                    0,
                    0,
                    0
                ]
            ],
            "CPU Usage": 46.5,
            "RAM Usage": 55.0,
            "GPU Usage": 0.0,
            "VRAM Usage": 356.0,
            "Disk Read Speed (MB/s)": 206653.4443359375,
            "Disk Write Speed (MB/s)": 431198.2236328125
        },
        {
            "step": 1,
            "train_loss": 0.0022936188615858555,
            "actions_pred1": [
                [
                    [
                        2.0610544681549072,
                        -0.2892429828643799,
                        1.2268136739730835,
                        -3.378673553466797
                    ],
                    [
                        2.398331880569458,
                        -0.030154824256896973,
                        1.3413962125778198,
                        -3.5099358558654785
                    ],
                    [
                        3.0697154998779297,
                        0.7346324920654297,
                        1.4123926162719727,
                        -4.224102020263672
                    ],
                    [
                        4.316094398498535,
                        0.7063007354736328,
                        1.2137714624404907,
                        -4.653469085693359
                    ],
                    [
                        4.810987949371338,
                        -0.24790632724761963,
                        1.2324652671813965,
                        -5.584405899047852
                    ],
                    [
                        5.375280380249023,
                        -0.19892120361328125,
                        1.6124136447906494,
                        -6.354074001312256
                    ],
                    [
                        5.527139663696289,
                        0.12428197264671326,
                        1.621721863746643,
                        -6.564055442810059
                    ],
                    [
                        5.404494762420654,
                        0.7639294862747192,
                        1.4426534175872803,
                        -6.724262714385986
                    ],
                    [
                        5.421176910400391,
                        0.5736182928085327,
                        1.253052830696106,
                        -6.481810569763184
                    ],
                    [
                        6.040162563323975,
                        0.2681715488433838,
                        1.240103006362915,
                        -6.492735385894775
                    ],
                    [
                        6.136928558349609,
                        0.2707270085811615,
                        1.4071661233901978,
                        -6.956019878387451
                    ],
                    [
                        6.356001853942871,
                        0.21042579412460327,
                        1.671026587486267,
                        -6.8823981285095215
                    ],
                    [
                        6.0503997802734375,
                        0.3023669421672821,
                        1.8912959098815918,
                        -6.8864946365356445
                    ],
                    [
                        5.8353071212768555,
                        0.4375539720058441,
                        1.8919514417648315,
                        -6.791192054748535
                    ],
                    [
                        5.753679275512695,
                        0.6415134072303772,
                        1.877179741859436,
                        -6.767598628997803
                    ],
                    [
                        5.793130397796631,
                        0.4185214936733246,
                        1.8557804822921753,
                        -7.0138139724731445
                    ],
                    [
                        5.742106914520264,
                        0.27040112018585205,
                        1.944063663482666,
                        -7.042060375213623
                    ],
                    [
                        5.499550819396973,
                        0.10917708277702332,
                        1.6370713710784912,
                        -6.725638389587402
                    ],
                    [
                        5.784199237823486,
                        -0.17480216920375824,
                        1.7880427837371826,
                        -6.6526713371276855
                    ],
                    [
                        5.954231262207031,
                        0.25793832540512085,
                        1.7857284545898438,
                        -6.83561897277832
                    ]
                ]
            ],
            "actions_pred": [
                [
                    [
                        2.0610544681549072,
                        2.398331880569458,
                        3.0697154998779297,
                        4.316094398498535,
                        4.810987949371338,
                        5.375280380249023,
                        5.527139663696289,
                        5.404494762420654,
                        5.421176910400391,
                        6.040162563323975,
                        6.136928558349609,
                        6.356001853942871,
                        6.0503997802734375,
                        5.8353071212768555,
                        5.753679275512695,
                        5.793130397796631,
                        5.742106914520264,
                        5.499550819396973,
                        5.784199237823486,
                        5.954231262207031
                    ],
                    [
                        -0.2892429828643799,
                        -0.030154824256896973,
                        0.7346324920654297,
                        0.7063007354736328,
                        -0.24790632724761963,
                        -0.19892120361328125,
                        0.12428197264671326,
                        0.7639294862747192,
                        0.5736182928085327,
                        0.2681715488433838,
                        0.2707270085811615,
                        0.21042579412460327,
                        0.3023669421672821,
                        0.4375539720058441,
                        0.6415134072303772,
                        0.4185214936733246,
                        0.27040112018585205,
                        0.10917708277702332,
                        -0.17480216920375824,
                        0.25793832540512085
                    ],
                    [
                        1.2268136739730835,
                        1.3413962125778198,
                        1.4123926162719727,
                        1.2137714624404907,
                        1.2324652671813965,
                        1.6124136447906494,
                        1.621721863746643,
                        1.4426534175872803,
                        1.253052830696106,
                        1.240103006362915,
                        1.4071661233901978,
                        1.671026587486267,
                        1.8912959098815918,
                        1.8919514417648315,
                        1.877179741859436,
                        1.8557804822921753,
                        1.944063663482666,
                        1.6370713710784912,
                        1.7880427837371826,
                        1.7857284545898438
                    ],
                    [
                        -3.378673553466797,
                        -3.5099358558654785,
                        -4.224102020263672,
                        -4.653469085693359,
                        -5.584405899047852,
                        -6.354074001312256,
                        -6.564055442810059,
                        -6.724262714385986,
                        -6.481810569763184,
                        -6.492735385894775,
                        -6.956019878387451,
                        -6.8823981285095215,
                        -6.8864946365356445,
                        -6.791192054748535,
                        -6.767598628997803,
                        -7.0138139724731445,
                        -7.042060375213623,
                        -6.725638389587402,
                        -6.6526713371276855,
                        -6.83561897277832
                    ]
                ]
            ],
            "states": [
                [
                    [
                        9174528.0,
                        1.5287421774701215e-05,
                        0.00015401413838844746,
                        462799.78125
                    ],
                    [
                        9721872.0,
                        1.4988291695772205e-05,
                        0.00014908269804436713,
                        471413.40625
                    ],
                    [
                        8650352.0,
                        1.4708337403135374e-05,
                        0.00013771618250757456,
                        476596.0
                    ],
                    [
                        9385704.0,
                        1.4443650798057206e-05,
                        0.000157010683324188,
                        448618.75
                    ],
                    [
                        9197696.0,
                        1.4180617654346861e-05,
                        0.00013674897491000593,
                        456343.53125
                    ],
                    [
                        9271544.0,
                        1.392852846038295e-05,
                        0.000155533998622559,
                        449987.3125
                    ],
                    [
                        8570712.0,
                        1.3693322216568049e-05,
                        0.00014997956168372184,
                        453578.0625
                    ],
                    [
                        9304848.0,
                        1.346561111859046e-05,
                        0.0001673756050877273,
                        435181.0625
                    ],
                    [
                        8921128.0,
                        1.3241030501376372e-05,
                        0.00015327449364122003,
                        460544.8125
                    ],
                    [
                        8646008.0,
                        1.303156568610575e-05,
                        0.00015547996736131608,
                        463163.09375
                    ],
                    [
                        8767640.0,
                        1.2830393643525895e-05,
                        0.00015675314352847636,
                        458172.0625
                    ],
                    [
                        8076944.0,
                        1.2641571629501414e-05,
                        0.00016837925068102777,
                        477030.90625
                    ],
                    [
                        8123280.0,
                        1.2465176951081958e-05,
                        0.00015461879957001656,
                        493767.40625
                    ],
                    [
                        8650352.0,
                        1.228769360750448e-05,
                        0.00016164440603461117,
                        451473.28125
                    ],
                    [
                        7982824.0,
                        1.211656035593478e-05,
                        0.00016790036170277745,
                        481186.15625
                    ],
                    [
                        7248688.0,
                        1.1963955330429599e-05,
                        0.00016397373110521585,
                        490311.46875
                    ],
                    [
                        7208144.0,
                        1.1822661690530367e-05,
                        0.00017705760546959937,
                        472943.71875
                    ],
                    [
                        7193664.0,
                        1.1685199751809705e-05,
                        0.000179134716745466,
                        469996.125
                    ],
                    [
                        6442152.0,
                        1.1557923244254198e-05,
                        0.00016420705651398748,
                        470480.40625
                    ],
                    [
                        6989496.0,
                        1.1435274245741311e-05,
                        0.00018320638628210872,
                        451753.78125
                    ]
                ]
            ],
            "actions": [
                [
                    [
                        0.25
                    ],
                    [
                        0.25
                    ],
                    [
                        0.25
                    ],
                    [
                        0.25
                    ],
                    [
                        0.25
                    ],
                    [
                        0.25
                    ],
                    [
                        0.25
                    ],
                    [
                        0.25
                    ],
                    [
                        0.25
                    ],
                    [
                        0.25
                    ],
                    [
                        0.25
                    ],
                    [
                        0.25
                    ],
                    [
                        0.25
                    ],
                    [
                        0.25
                    ],
                    [
                        0.25
                    ],
                    [
                        0.25
                    ],
                    [
                        0.25
                    ],
                    [
                        0.25
                    ],
                    [
                        0.25
                    ],
                    [
                        0.25
                    ]
                ]
            ],
            "returns": [
                [
                    [
                        0.2469175159931183
                    ],
                    [
                        0.24593615531921387
                    ],
                    [
                        0.24494965374469757
                    ],
                    [
                        0.2439734935760498
                    ],
                    [
                        0.24299012124538422
                    ],
                    [
                        0.2420085221529007
                    ],
                    [
                        0.24102622270584106
                    ],
                    [
                        0.24005089700222015
                    ],
                    [
                        0.23906828463077545
                    ],
                    [
                        0.2380893975496292
                    ],
                    [
                        0.23711329698562622
                    ],
                    [
                        0.23613594472408295
                    ],
                    [
                        0.23516587913036346
                    ],
                    [
                        0.2341953068971634
                    ],
                    [
                        0.23321916162967682
                    ],
                    [
                        0.2322501242160797
                    ],
                    [
                        0.23128965497016907
                    ],
                    [
                        0.23032966256141663
                    ],
                    [
                        0.2293698638677597
                    ],
                    [
                        0.22841985523700714
                    ]
                ]
            ],
            "timesteps": [
                [
                    360,
                    361,
                    362,
                    363,
                    364,
                    365,
                    366,
                    367,
                    368,
                    369,
                    370,
                    371,
                    372,
                    373,
                    374,
                    375,
                    376,
                    377,
                    378,
                    379
                ]
            ],
            "labels": [
                [
                    0,
                    0,
                    0,
                    0,
                    0,
                    0,
                    0,
                    0,
                    0,
                    0,
                    0,
                    0,
                    0,
                    0,
                    0,
                    0,
                    0,
                    0,
                    0,
                    0
                ]
            ],
            "CPU Usage": 46.7,
            "RAM Usage": 55.0,
            "GPU Usage": 0.0,
            "VRAM Usage": 356.0,
            "Disk Read Speed (MB/s)": 206653.4443359375,
            "Disk Write Speed (MB/s)": 431198.3798828125
        },
        {
            "step": 2,
            "train_loss": 0.0029848464764654636,
            "actions_pred1": [
                [
                    [
                        2.099520444869995,
                        0.5463225841522217,
                        0.7798541188240051,
                        -3.8978471755981445
                    ],
                    [
                        2.2404632568359375,
                        0.6051465272903442,
                        0.6873818635940552,
                        -4.35163688659668
                    ],
                    [
                        2.377063274383545,
                        0.45840200781822205,
                        0.9483447074890137,
                        -3.956099510192871
                    ],
                    [
                        2.8271117210388184,
                        0.23142865300178528,
                        1.0428876876831055,
                        -4.154918193817139
                    ],
                    [
                        3.860311508178711,
                        0.10870785266160965,
                        1.3307125568389893,
                        -5.7393293380737305
                    ],
                    [
                        4.353240489959717,
                        0.23900924623012543,
                        0.6178253889083862,
                        -6.3274946212768555
                    ],
                    [
                        4.38538122177124,
                        0.4547457993030548,
                        0.67454993724823,
                        -5.9918622970581055
                    ],
                    [
                        4.586999893188477,
                        0.657067060470581,
                        1.1277098655700684,
                        -5.568809509277344
                    ],
                    [
                        5.182857513427734,
                        0.8161740303039551,
                        1.1531683206558228,
                        -5.6222662925720215
                    ],
                    [
                        5.483184337615967,
                        0.40133607387542725,
                        1.7128573656082153,
                        -5.561759948730469
                    ],
                    [
                        5.661232948303223,
                        0.1753905713558197,
                        1.8300237655639648,
                        -5.827327728271484
                    ],
                    [
                        5.741370677947998,
                        0.27741917967796326,
                        1.624690294265747,
                        -5.791543006896973
                    ],
                    [
                        5.752508640289307,
                        0.11446237564086914,
                        1.6432969570159912,
                        -5.763028144836426
                    ],
                    [
                        5.677135467529297,
                        0.0900634378194809,
                        1.7108381986618042,
                        -5.940497398376465
                    ],
                    [
                        5.348888397216797,
                        0.17443399131298065,
                        1.765153408050537,
                        -6.181913375854492
                    ],
                    [
                        5.5560197830200195,
                        -0.036318808794021606,
                        2.2890162467956543,
                        -6.259150981903076
                    ],
                    [
                        5.721933364868164,
                        -0.18200236558914185,
                        2.0413661003112793,
                        -6.3389458656311035
                    ],
                    [
                        5.456879615783691,
                        0.2479170262813568,
                        2.4047584533691406,
                        -6.293495178222656
                    ],
                    [
                        5.641202449798584,
                        0.06079050898551941,
                        2.391526222229004,
                        -6.301474571228027
                    ],
                    [
                        5.609844207763672,
                        0.04516911506652832,
                        2.7099485397338867,
                        -6.443243980407715
                    ]
                ]
            ],
            "actions_pred": [
                [
                    [
                        2.099520444869995,
                        2.2404632568359375,
                        2.377063274383545,
                        2.8271117210388184,
                        3.860311508178711,
                        4.353240489959717,
                        4.38538122177124,
                        4.586999893188477,
                        5.182857513427734,
                        5.483184337615967,
                        5.661232948303223,
                        5.741370677947998,
                        5.752508640289307,
                        5.677135467529297,
