{
    "steps": [
        {
            "step": 0,
            "train_loss": 0.04482300207018852,
            "actions_pred1": [
                [
                    [
                        0.43545466661453247,
                        0.1659526824951172,
                        0.5927721858024597,
                        -0.300059050321579
                    ],
                    [
                        0.3959958553314209,
                        0.29112762212753296,
                        0.6528915166854858,
                        -0.12225538492202759
                    ],
                    [
                        0.4758113622665405,
                        0.2755905091762543,
                        0.7305984497070312,
                        -0.2651645243167877
                    ],
                    [
                        0.47410526871681213,
                        0.20440104603767395,
                        0.772344708442688,
                        -0.3485012948513031
                    ],
                    [
                        0.43685781955718994,
                        0.2659592926502228,
                        0.8588041067123413,
                        -0.3744916617870331
                    ],
                    [
                        0.30836787819862366,
                        0.27609682083129883,
                        0.6493508815765381,
                        -0.5518559813499451
                    ],
                    [
                        0.4210412800312042,
                        0.2281547486782074,
                        0.6771982312202454,
                        -0.5183835029602051
                    ],
                    [
                        0.4134347438812256,
                        0.2093488574028015,
                        0.6490894556045532,
                        -0.45072653889656067
                    ],
                    [
                        0.47047871351242065,
                        0.21576237678527832,
                        0.5459628701210022,
                        -0.4787120223045349
                    ],
                    [
                        0.3723679780960083,
                        0.1683613657951355,
                        0.6149837970733643,
                        -0.4362841248512268
                    ],
                    [
                        0.44435667991638184,
                        0.2766602635383606,
                        0.6277638673782349,
                        -0.47589293122291565
                    ],
                    [
                        0.4647791087627411,
                        0.2739262580871582,
                        0.6104614734649658,
                        -0.527126133441925
                    ],
                    [
                        0.4108298420906067,
                        0.254397988319397,
                        0.587743878364563,
                        -0.5198001861572266
                    ],
                    [
                        0.3993029296398163,
                        0.32317638397216797,
                        0.6456263661384583,
                        -0.528847336769104
                    ],
                    [
                        0.5026752948760986,
                        0.22461333870887756,
                        0.7633810043334961,
                        -0.4609867334365845
                    ],
                    [
                        0.4172075688838959,
                        0.28284621238708496,
                        0.6944575309753418,
                        -0.4843181371688843
                    ],
                    [
                        0.32893872261047363,
                        0.3551257252693176,
                        0.7144213914871216,
                        -0.5087944865226746
                    ],
                    [
                        0.40666908025741577,
                        0.31191813945770264,
                        0.8062207698822021,
                        -0.46697020530700684
                    ],
                    [
                        0.45677876472473145,
                        0.3212262988090515,
                        0.7880706787109375,
                        -0.49857696890830994
                    ],
                    [
                        0.33397114276885986,
                        0.3319525122642517,
                        0.7630103826522827,
                        -0.6049860715866089
                    ]
                ]
            ],
            "actions_pred": [
                [
                    [
                        0.43545466661453247,
                        0.3959958553314209,
                        0.4758113622665405,
                        0.47410526871681213,
                        0.43685781955718994,
                        0.30836787819862366,
                        0.4210412800312042,
                        0.4134347438812256,
                        0.47047871351242065,
                        0.3723679780960083,
                        0.44435667991638184,
                        0.4647791087627411,
                        0.4108298420906067,
                        0.3993029296398163,
                        0.5026752948760986,
                        0.4172075688838959,
                        0.32893872261047363,
                        0.40666908025741577,
                        0.45677876472473145,
                        0.33397114276885986
                    ],
                    [
                        0.1659526824951172,
                        0.29112762212753296,
                        0.2755905091762543,
                        0.20440104603767395,
                        0.2659592926502228,
                        0.27609682083129883,
                        0.2281547486782074,
                        0.2093488574028015,
                        0.21576237678527832,
                        0.1683613657951355,
                        0.2766602635383606,
                        0.2739262580871582,
                        0.254397988319397,
                        0.32317638397216797,
                        0.22461333870887756,
                        0.28284621238708496,
                        0.3551257252693176,
                        0.31191813945770264,
                        0.3212262988090515,
                        0.3319525122642517
                    ],
                    [
                        0.5927721858024597,
                        0.6528915166854858,
                        0.7305984497070312,
                        0.772344708442688,
                        0.8588041067123413,
                        0.6493508815765381,
                        0.6771982312202454,
                        0.6490894556045532,
                        0.5459628701210022,
                        0.6149837970733643,
                        0.6277638673782349,
                        0.6104614734649658,
                        0.587743878364563,
                        0.6456263661384583,
                        0.7633810043334961,
                        0.6944575309753418,
                        0.7144213914871216,
                        0.8062207698822021,
                        0.7880706787109375,
                        0.7630103826522827
                    ],
                    [
                        -0.300059050321579,
                        -0.12225538492202759,
                        -0.2651645243167877,
                        -0.3485012948513031,
                        -0.3744916617870331,
                        -0.5518559813499451,
                        -0.5183835029602051,
                        -0.45072653889656067,
                        -0.4787120223045349,
                        -0.4362841248512268,
                        -0.47589293122291565,
                        -0.527126133441925,
                        -0.5198001861572266,
                        -0.528847336769104,
                        -0.4609867334365845,
                        -0.4843181371688843,
                        -0.5087944865226746,
                        -0.46697020530700684,
                        -0.49857696890830994,
                        -0.6049860715866089
                    ]
                ]
            ],
            "states": [
                [
                    [
                        3453480.0,
                        1.1675143468892202e-05,
                        0.00029440681100822985,
                        672821.0625
                    ],
                    [
                        4107976.0,
                        1.1557735888345633e-05,
                        0.00028164629475213587,
                        683579.125
                    ],
                    [
                        4089152.0,
                        1.1433058716647793e-05,
                        0.00027785348356701434,
                        696568.625
                    ],
                    [
                        3556288.0,
                        1.131914814322954e-05,
                        0.00038381022750400007,
                        634586.1875
                    ],
                    [
                        2583232.0,
                        1.1229288247704972e-05,
                        0.0002961547579616308,
                        661987.4375
                    ],
                    [
                        1912808.0,
                        1.1164392162754666e-05,
                        0.00029962105327285826,
                        693806.25
                    ],
                    [
                        2088016.0,
                        1.1107291356893256e-05,
                        0.00029777659801766276,
                        580816.75
                    ],
                    [
                        2896000.0,
                        1.103698832594091e-05,
                        0.0002728095860220492,
                        525629.9375
                    ],
                    [
                        2564408.0,
                        1.0960944564430974e-05,
                        0.0002930021146312356,
                        619511.5625
                    ],
                    [
                        3921184.0,
                        1.087203600036446e-05,
                        0.0005929499748162925,
                        538834.625
                    ],
                    [
                        2794640.0,
                        1.0781384844449349e-05,
                        0.00017766767996363342,
                        677916.4375
                    ],
                    [
                        4726272.0,
                        1.0681769708753563e-05,
                        0.00018339134112466127,
                        599563.375
                    ],
                    [
                        4927544.0,
                        1.0556481356616132e-05,
                        0.00019205290300305933,
                        583179.3125
                    ],
                    [
                        5944040.0,
                        1.0418904821563046e-05,
                        0.0002024973655352369,
                        603427.0
                    ],
                    [
                        5063656.0,
                        1.0283110896125436e-05,
                        0.0002613598189782351,
                        607061.125
                    ],
                    [
                        5221488.0,
                        1.015944144455716e-05,
                        0.00023075626813806593,
                        620602.0625
                    ],
                    [
                        3421624.0,
                        1.0057716281153262e-05,
                        0.00032322804327122867,
                        608652.25
                    ],
                    [
                        3476648.0,
                        9.978034540836234e-06,
                        0.0002578554267529398,
                        617310.8125
                    ],
                    [
                        3407144.0,
                        9.899765245791059e-06,
                        0.00022438736050389707,
                        706043.875
                    ],
                    [
                        3938560.0,
                        9.817606041906402e-06,
                        0.00038321700412780046,
                        631372.625
                    ]
                ]
            ],
            "actions": [
                [
                    [
                        0.5
                    ],
                    [
                        0.5
                    ],
                    [
                        0.5
                    ],
                    [
                        0.5
                    ],
                    [
                        0.5
                    ],
                    [
                        0.5
                    ],
                    [
                        0.5
                    ],
                    [
                        0.5
                    ],
                    [
                        0.5
                    ],
                    [
                        0.5
                    ],
                    [
                        0.5
                    ],
                    [
                        0.5
                    ],
                    [
                        0.5
                    ],
                    [
                        0.5
                    ],
                    [
                        0.5
                    ],
                    [
                        0.5
                    ],
                    [
                        0.5
                    ],
                    [
                        0.5
                    ],
                    [
                        0.5
                    ],
                    [
                        0.5
                    ]
                ]
            ],
            "returns": [
                [
                    [
                        0.41369158029556274
                    ],
                    [
                        0.41279682517051697
                    ],
                    [
                        0.41188669204711914
                    ],
                    [
                        0.41097697615623474
                    ],
                    [
                        0.41007962822914124
                    ],
                    [
                        0.4092106521129608
                    ],
                    [
                        0.4083682894706726
                    ],
                    [
                        0.4075181484222412
                    ],
                    [
                        0.4066390097141266
                    ],
                    [
                        0.4057706594467163
                    ],
                    [
                        0.40486466884613037
                    ],
                    [
                        0.40398868918418884
                    ],
                    [
                        0.40306612849235535
                    ],
                    [
                        0.4021398723125458
                    ],
                    [
                        0.40119698643684387
                    ],
                    [
                        0.4002683162689209
                    ],
                    [
                        0.39933690428733826
                    ],
                    [
                        0.39844298362731934
                    ],
                    [
                        0.3975476622581482
                    ],
                    [
                        0.3966540992259979
                    ]
                ]
            ],
            "timesteps": [
                [
                    180,
                    181,
                    182,
                    183,
                    184,
                    185,
                    186,
                    187,
                    188,
                    189,
                    190,
                    191,
                    192,
                    193,
                    194,
                    195,
                    196,
                    197,
                    198,
                    199
                ]
            ],
            "labels": [
                [
                    1,
                    1,
                    1,
                    1,
                    1,
                    1,
                    1,
                    1,
                    1,
                    1,
                    1,
                    1,
                    1,
                    1,
                    1,
                    1,
                    1,
                    1,
                    1,
                    1
                ]
            ],
            "CPU Usage": 45.3,
            "RAM Usage": 55.2,
            "GPU Usage": 0.0,
            "VRAM Usage": 355.0,
            "Disk Read Speed (MB/s)": 206065.5908203125,
            "Disk Write Speed (MB/s)": 363850.1572265625
        },
        {
            "step": 1,
            "train_loss": 0.035530515015125275,
            "actions_pred1": [
                [
                    [
                        0.6408027410507202,
                        0.30831825733184814,
                        0.6692937016487122,
                        -0.2804158329963684
                    ],
                    [
                        0.5079320073127747,
                        0.2589077055454254,
                        0.5250534415245056,
                        -0.2727902829647064
                    ],
                    [
                        0.42939335107803345,
                        -0.027990609407424927,
                        0.3513118326663971,
                        -0.45677152276039124
                    ],
                    [
                        0.4915342926979065,
                        0.030691996216773987,
                        0.29397693276405334,
                        -0.5248807668685913
                    ],
                    [
                        0.4598986506462097,
                        0.06009366363286972,
                        0.39500463008880615,
                        -0.5689760446548462
                    ],
                    [
                        0.3571365773677826,
                        0.2003791630268097,
                        0.48810654878616333,
                        -0.583594560623169
                    ],
                    [
                        0.5516459941864014,
                        0.10523238778114319,
                        0.438956618309021,
                        -0.6516587138175964
                    ],
                    [
                        0.49780258536338806,
                        0.14412103593349457,
                        0.4256649613380432,
                        -0.6567714214324951
                    ],
                    [
                        0.46764305233955383,
                        0.2583714723587036,
                        0.6502538919448853,
                        -0.7216644287109375
                    ],
                    [
                        0.5576682090759277,
                        0.31209105253219604,
                        0.6287018060684204,
                        -0.6582108736038208
                    ],
                    [
                        0.48303210735321045,
                        0.2082272171974182,
                        0.6260936260223389,
                        -0.6165304183959961
                    ],
                    [
                        0.4821685552597046,
                        0.23559695482254028,
                        0.54679274559021,
                        -0.5911576747894287
                    ],
                    [
                        0.5144432187080383,
                        0.26169684529304504,
                        0.5552774667739868,
                        -0.5586894154548645
                    ],
                    [
                        0.5011405944824219,
                        0.29540374875068665,
                        0.650895357131958,
                        -0.41074493527412415
                    ],
                    [
                        0.5265053510665894,
                        0.24395424127578735,
                        0.6482970714569092,
                        -0.4218379557132721
                    ],
                    [
                        0.5407284498214722,
                        0.07393305003643036,
                        0.4177755117416382,
                        -0.4579753279685974
                    ],
                    [
                        0.5572221279144287,
                        0.1931455284357071,
                        0.4528768062591553,
                        -0.5569396018981934
                    ],
                    [
                        0.4946663975715637,
                        0.20289501547813416,
                        0.4425632953643799,
                        -0.4956204891204834
                    ],
                    [
                        0.4640951454639435,
                        0.21880057454109192,
                        0.5252524614334106,
                        -0.4807072877883911
                    ],
                    [
                        0.46156585216522217,
                        0.23286809027194977,
                        0.6090036034584045,
                        -0.5498780608177185
                    ]
                ]
            ],
            "actions_pred": [
                [
                    [
                        0.6408027410507202,
                        0.5079320073127747,
                        0.42939335107803345,
                        0.4915342926979065,
                        0.4598986506462097,
                        0.3571365773677826,
                        0.5516459941864014,
                        0.49780258536338806,
                        0.46764305233955383,
                        0.5576682090759277,
                        0.48303210735321045,
                        0.4821685552597046,
                        0.5144432187080383,
                        0.5011405944824219,
                        0.5265053510665894,
                        0.5407284498214722,
                        0.5572221279144287,
                        0.4946663975715637,
                        0.4640951454639435,
                        0.46156585216522217
                    ],
                    [
                        0.30831825733184814,
                        0.2589077055454254,
                        -0.027990609407424927,
                        0.030691996216773987,
                        0.06009366363286972,
                        0.2003791630268097,
                        0.10523238778114319,
                        0.14412103593349457,
                        0.2583714723587036,
                        0.31209105253219604,
                        0.2082272171974182,
                        0.23559695482254028,
                        0.26169684529304504,
                        0.29540374875068665,
                        0.24395424127578735,
                        0.07393305003643036,
                        0.1931455284357071,
                        0.20289501547813416,
                        0.21880057454109192,
                        0.23286809027194977
                    ],
                    [
                        0.6692937016487122,
                        0.5250534415245056,
                        0.3513118326663971,
                        0.29397693276405334,
                        0.39500463008880615,
                        0.48810654878616333,
                        0.438956618309021,
                        0.4256649613380432,
                        0.6502538919448853,
                        0.6287018060684204,
                        0.6260936260223389,
                        0.54679274559021,
                        0.5552774667739868,
                        0.650895357131958,
                        0.6482970714569092,
                        0.4177755117416382,
                        0.4528768062591553,
                        0.4425632953643799,
                        0.5252524614334106,
                        0.6090036034584045
                    ],
                    [
                        -0.2804158329963684,
                        -0.2727902829647064,
                        -0.45677152276039124,
                        -0.5248807668685913,
                        -0.5689760446548462,
                        -0.583594560623169,
                        -0.6516587138175964,
                        -0.6567714214324951,
                        -0.7216644287109375,
                        -0.6582108736038208,
                        -0.6165304183959961,
                        -0.5911576747894287,
                        -0.5586894154548645,
                        -0.41074493527412415,
                        -0.4218379557132721,
                        -0.4579753279685974,
                        -0.5569396018981934,
                        -0.4956204891204834,
                        -0.4807072877883911,
                        -0.5498780608177185
                    ]
                ]
            ],
            "states": [
                [
                    [
                        5130264.0,
                        9.53052585828118e-06,
                        0.00017112551722675562,
                        484343.53125
                    ],
                    [
                        5473440.0,
                        9.464440154260956e-06,
                        0.00025726869353093207,
                        530369.25
                    ],
                    [
                        5615344.0,
                        9.396303539688233e-06,
                        0.000244751397985965,
                        507658.4375
                    ],
                    [
                        5705120.0,
                        9.327747648057994e-06,
                        0.0002547030453570187,
                        475297.125
                    ],
                    [
                        5661680.0,
                        9.25990843825275e-06,
                        0.0002602769818622619,
                        509474.46875
                    ],
                    [
                        5626928.0,
                        9.193505320581608e-06,
                        0.00028401854797266424,
                        512406.875
                    ],
                    [
                        7240000.0,
                        9.118992238654755e-06,
                        0.00026182830333709717,
                        473767.34375
                    ],
                    [
                        6098976.0,
                        9.042967576533556e-06,
                        0.00025427230866625905,
                        486137.84375
                    ],
                    [
                        5957072.0,
                        8.975355740403756e-06,
                        0.00025071317213587463,
                        481721.90625
                    ],
                    [
                        6045400.0,
                        8.909044481697492e-06,
                        0.000257556646829471,
                        512695.15625
                    ],
                    [
                        5554528.0,
                        8.845872798701748e-06,
                        0.0002534309751354158,
                        490408.03125
                    ],
                    [
                        5395248.0,
                        8.787061233306304e-06,
                        0.00019772094674408436,
                        502051.125
                    ],
                    [
                        6014992.0,
                        8.726612577447668e-06,
                        0.00023689404770266265,
                        496127.90625
                    ],
                    [
                        5615344.0,
                        8.665836503496394e-06,
                        0.00024040597782004625,
                        497831.1875
                    ],
                    [
                        5961416.0,
                        8.60618456499651e-06,
                        0.00023798528127372265,
                        498399.9375
                    ],
                    [
                        5690640.0,
                        8.546960089006461e-06,
                        0.0002599294239189476,
                        501903.53125
                    ],
                    [
                        6043952.0,
                        8.48813488119049e-06,
                        0.0002636733988765627,
                        501576.46875
                    ],
                    [
                        7975584.0,
                        8.418936886300799e-06,
                        0.00023683813924435526,
                        444337.65625
                    ],
                    [
                        5891912.0,
                        8.351544238394126e-06,
                        0.0002558637352194637,
                        498428.25
                    ],
                    [
                        6125040.0,
                        8.294033250422217e-06,
                        0.00024174025747925043,
                        501703.09375
                    ]
                ]
            ],
            "actions": [
                [
                    [
                        0.25
                    ],
                    [
                        0.25
                    ],
                    [
                        0.25
                    ],
                    [
                        0.25
                    ],
                    [
                        0.25
                    ],
                    [
                        0.25
                    ],
                    [
                        0.25
                    ],
                    [
                        0.25
                    ],
                    [
                        0.25
                    ],
                    [
                        0.25
                    ],
                    [
                        0.25
                    ],
                    [
                        0.25
                    ],
                    [
                        0.25
                    ],
                    [
                        0.25
                    ],
                    [
                        0.25
                    ],
                    [
                        0.25
                    ],
                    [
                        0.25
                    ],
                    [
                        0.25
                    ],
                    [
                        0.25
                    ],
                    [
                        0.25
                    ]
                ]
            ],
            "returns": [
                [
                    [
                        0.20859551429748535
                    ],
                    [
                        0.20766568183898926
                    ],
                    [
                        0.20673011243343353
                    ],
                    [
                        0.20579227805137634
                    ],
                    [
                        0.20485302805900574
                    ],
                    [
                        0.20391446352005005
                    ],
                    [
                        0.20297643542289734
                    ],
                    [
                        0.20201605558395386
                    ],
                    [
                        0.2010708898305893
                    ],
                    [
                        0.20012782514095306
                    ],
                    [
                        0.19918343424797058
                    ],
                    [
                        0.1982465535402298
                    ],
                    [
                        0.19731226563453674
                    ],
                    [
                        0.19636832177639008
                    ],
                    [
                        0.19543048739433289
                    ],
                    [
                        0.19448734819889069
                    ],
                    [
                        0.193548321723938
                    ],
                    [
                        0.1926039606332779
                    ],
                    [
                        0.19163501262664795
                    ],
                    [
                        0.19069290161132812
                    ]
                ]
            ],
            "timesteps": [
                [
                    400,
                    401,
                    402,
                    403,
                    404,
                    405,
                    406,
                    407,
                    408,
                    409,
                    410,
                    411,
                    412,
                    413,
                    414,
                    415,
                    416,
                    417,
                    418,
                    419
                ]
            ],
            "labels": [
                [
                    0,
                    0,
                    0,
                    0,
                    0,
                    0,
                    0,
                    0,
                    0,
                    0,
                    0,
                    0,
                    0,
                    0,
                    0,
                    0,
                    0,
                    0,
                    0,
                    0
                ]
            ],
            "CPU Usage": 46.8,
            "RAM Usage": 55.2,
            "GPU Usage": 0.0,
            "VRAM Usage": 355.0,
            "Disk Read Speed (MB/s)": 206065.5908203125,
            "Disk Write Speed (MB/s)": 363850.3095703125
        },
        {
            "step": 2,
            "train_loss": 0.04262692108750343,
            "actions_pred1": [
                [
                    [
                        0.5073513984680176,
                        0.017800375819206238,
                        0.4538331627845764,
                        -0.2976343631744385
                    ],
                    [
                        0.3975379765033722,
                        0.2510569095611572,
                        0.6599129438400269,
                        -0.20185360312461853
                    ],
                    [
                        0.3343919515609741,
                        0.39114686846733093,
                        0.6243433952331543,
                        -0.3036001920700073
                    ],
                    [
                        0.34055060148239136,
                        0.3753376007080078,
                        0.6463677883148193,
                        -0.32032012939453125
                    ],
                    [
                        0.3881930708885193,
                        0.4329683184623718,
                        0.6611868739128113,
                        -0.3778003454208374
                    ],
                    [
                        0.4448797404766083,
                        0.3566858470439911,
                        0.5570898652076721,
                        -0.4208437204360962
                    ],
                    [
                        0.5001698136329651,
                        0.4283258020877838,
                        0.6363400220870972,
                        -0.5127704739570618
                    ],
                    [
                        0.5033870339393616,
                        0.38780343532562256,
                        0.5812682509422302,
                        -0.47268664836883545
                    ],
                    [
                        0.3800569772720337,
                        0.3101061284542084,
                        0.6628234386444092,
                        -0.5284392833709717
                    ],
                    [
                        0.3846053183078766,
                        0.390547513961792,
                        0.7118902206420898,
                        -0.5607324242591858
                    ],
                    [
                        0.26290857791900635,
                        0.254855215549469,
                        0.797184944152832,
                        -0.7144856452941895
                    ],
                    [
                        0.18211862444877625,
                        0.27870607376098633,
                        0.6726893782615662,
                        -0.7799623608589172
                    ],
                    [
                        0.21101658046245575,
                        0.3268965184688568,
                        0.6503576636314392,
                        -0.6868326663970947
                    ],
                    [
                        0.2544870972633362,
                        0.3776373863220215,
                        0.7201071977615356,
                        -0.5889629125595093
                    ],
                    [
                        0.12012308835983276,
                        0.11284814774990082,
                        0.6936883926391602,
                        -0.7439022660255432
                    ],
                    [
                        0.24812202155590057,
                        0.09814951568841934,
                        0.6518651247024536,
                        -0.711210310459137
                    ],
                    [
                        0.24029362201690674,
                        0.2102058082818985,
                        0.6917810440063477,
                        -0.7455202341079712
                    ],
                    [
                        0.23400241136550903,
                        0.3058472275733948,
                        0.600924551486969,
                        -0.6132103800773621
                    ],
                    [
                        0.32389578223228455,
                        0.2937641143798828,
                        0.7168924808502197,
                        -0.6564637422561646
                    ],
                    [
                        0.32170653343200684,
                        0.31079205870628357,
                        0.6826741695404053,
                        -0.6640160083770752
                    ]
                ]
            ],
            "actions_pred": [
                [
                    [
                        0.5073513984680176,
                        0.3975379765033722,
                        0.3343919515609741,
                        0.34055060148239136,
                        0.3881930708885193,
                        0.4448797404766083,
                        0.5001698136329651,
                        0.5033870339393616,
                        0.3800569772720337,
