{
    "steps": [
        {
            "step": 0,
            "train_loss": 0.00017198915884364396,
            "actions_pred1": [
                [
                    [
                        -0.2696656882762909,
                        1.9996676445007324,
                        5.508337020874023,
                        -3.7430503368377686
                    ],
                    [
                        0.525497555732727,
                        0.6639412045478821,
                        6.612549304962158,
                        -4.348733901977539
                    ],
                    [
                        0.6360509395599365,
                        0.4915688931941986,
                        6.961282253265381,
                        -4.6166534423828125
                    ],
                    [
                        0.9925141334533691,
                        0.42093443870544434,
                        6.867085933685303,
                        -4.832944869995117
                    ],
                    [
                        0.9296056032180786,
                        0.171724334359169,
                        6.640674114227295,
                        -5.11037015914917
                    ],
                    [
                        0.7885058522224426,
                        -0.6814216375350952,
                        6.394923210144043,
                        -4.8049139976501465
                    ],
                    [
                        0.6173300743103027,
                        -0.8522297739982605,
                        6.422605037689209,
                        -4.637082099914551
                    ],
                    [
                        0.4280085563659668,
                        -0.8992199897766113,
                        6.521259307861328,
                        -4.82704496383667
                    ],
                    [
                        0.5124613046646118,
                        -0.7956059575080872,
                        6.572782039642334,
                        -4.908308506011963
                    ],
                    [
                        0.6625238060951233,
                        -0.7134510278701782,
                        6.643941402435303,
                        -5.229686737060547
                    ],
                    [
                        0.652108907699585,
                        -0.6248860359191895,
                        6.781866550445557,
                        -5.309329509735107
                    ],
                    [
                        0.7080860137939453,
                        -0.48672816157341003,
                        6.807671070098877,
                        -5.28287410736084
                    ],
                    [
                        0.6271234750747681,
                        -0.3580249547958374,
                        6.765073299407959,
                        -5.144226551055908
                    ],
                    [
                        0.721418559551239,
                        -0.3724653422832489,
                        6.662457466125488,
                        -5.10404109954834
                    ],
                    [
                        0.9091085195541382,
                        -0.3621364235877991,
                        6.636224746704102,
                        -5.3904290199279785
                    ],
                    [
                        0.9757859706878662,
                        -0.3408718407154083,
                        6.484573841094971,
                        -5.4203267097473145
                    ],
                    [
                        1.13510000705719,
                        -0.46828776597976685,
                        6.584811687469482,
                        -5.435550689697266
                    ],
                    [
                        1.119907021522522,
                        -0.45854341983795166,
                        6.5340728759765625,
                        -5.443847179412842
                    ],
                    [
                        1.2125569581985474,
                        -0.34861406683921814,
                        6.6077189445495605,
                        -5.50142240524292
                    ],
                    [
                        1.1968315839767456,
                        -0.3235306441783905,
                        6.637429714202881,
                        -5.458917617797852
                    ]
                ]
            ],
            "actions_pred": [
                [
                    [
                        -0.2696656882762909,
                        0.525497555732727,
                        0.6360509395599365,
                        0.9925141334533691,
                        0.9296056032180786,
                        0.7885058522224426,
                        0.6173300743103027,
                        0.4280085563659668,
                        0.5124613046646118,
                        0.6625238060951233,
                        0.652108907699585,
                        0.7080860137939453,
                        0.6271234750747681,
                        0.721418559551239,
                        0.9091085195541382,
                        0.9757859706878662,
                        1.13510000705719,
                        1.119907021522522,
                        1.2125569581985474,
                        1.1968315839767456
                    ],
                    [
                        1.9996676445007324,
                        0.6639412045478821,
                        0.4915688931941986,
                        0.42093443870544434,
                        0.171724334359169,
                        -0.6814216375350952,
                        -0.8522297739982605,
                        -0.8992199897766113,
                        -0.7956059575080872,
                        -0.7134510278701782,
                        -0.6248860359191895,
                        -0.48672816157341003,
                        -0.3580249547958374,
                        -0.3724653422832489,
                        -0.3621364235877991,
                        -0.3408718407154083,
                        -0.46828776597976685,
                        -0.45854341983795166,
                        -0.34861406683921814,
                        -0.3235306441783905
                    ],
                    [
                        5.508337020874023,
                        6.612549304962158,
                        6.961282253265381,
                        6.867085933685303,
                        6.640674114227295,
                        6.394923210144043,
                        6.422605037689209,
                        6.521259307861328,
                        6.572782039642334,
                        6.643941402435303,
                        6.781866550445557,
                        6.807671070098877,
                        6.765073299407959,
                        6.662457466125488,
                        6.636224746704102,
                        6.484573841094971,
                        6.584811687469482,
                        6.5340728759765625,
                        6.6077189445495605,
                        6.637429714202881
                    ],
                    [
                        -3.7430503368377686,
                        -4.348733901977539,
                        -4.6166534423828125,
                        -4.832944869995117,
                        -5.11037015914917,
                        -4.8049139976501465,
                        -4.637082099914551,
                        -4.82704496383667,
                        -4.908308506011963,
                        -5.229686737060547,
                        -5.309329509735107,
                        -5.28287410736084,
                        -5.144226551055908,
                        -5.10404109954834,
                        -5.3904290199279785,
                        -5.4203267097473145,
                        -5.435550689697266,
                        -5.443847179412842,
                        -5.50142240524292,
                        -5.458917617797852
                    ]
                ]
            ],
            "states": [
                [
                    [
                        5334432.0,
                        2.079466503346339e-05,
                        0.00026978878304362297,
                        822567.125
                    ],
                    [
                        5450272.0,
                        2.0477313228184357e-05,
                        0.00027627943200059235,
                        856531.375
                    ],
                    [
                        5496608.0,
                        2.0164978195680305e-05,
                        0.00025924446526914835,
                        796247.875
                    ],
                    [
                        5340224.0,
                        1.901392352010589e-05,
                        0.006524195894598961,
                        835512.25
                    ],
                    [
                        5366288.0,
                        1.8750137314782478e-05,
                        0.002146858023479581,
                        813363.3125
                    ],
                    [
                        5389456.0,
                        1.8492408344172873e-05,
                        0.0023773028515279293,
                        845072.375
                    ],
                    [
                        5118680.0,
                        1.8247363186674193e-05,
                        0.0020079242531210184,
                        804446.8125
                    ],
                    [
                        5463304.0,
                        1.8007134713116102e-05,
                        0.0019139255164191127,
                        824885.1875
                    ],
                    [
                        5337328.0,
                        1.7768334146239795e-05,
                        0.0013429223326966166,
                        814676.0
                    ],
                    [
                        5398144.0,
                        1.753715696395375e-05,
                        0.0011628043139353395,
                        805373.25
                    ],
                    [
                        5337328.0,
                        1.7311906049144454e-05,
                        0.0009117702720686793,
                        826102.5
                    ],
                    [
                        5053520.0,
                        1.709933530946728e-05,
                        0.000803604198154062,
                        828294.75
                    ],
                    [
                        5891912.0,
                        1.6881092960829847e-05,
                        0.000699773314408958,
                        791778.0625
                    ],
                    [
                        5104200.0,
                        1.6667219824739732e-05,
                        0.0006680691731162369,
                        868015.875
                    ],
                    [
                        5372080.0,
                        1.646851160330698e-05,
                        0.0005246230284683406,
                        748358.1875
                    ],
                    [
                        5262032.0,
                        1.6271596905426122e-05,
                        0.00046889804070815444,
                        796238.875
                    ],
                    [
                        5473440.0,
                        1.6077548934845254e-05,
                        0.00035997320082969964,
                        812237.5625
                    ],
                    [
                        4978224.0,
                        1.589297789905686e-05,
                        0.00037329201586544514,
                        806297.3125
                    ],
                    [
                        5450272.0,
                        1.571305256220512e-05,
                        0.00029995679506100714,
                        802099.3125
                    ],
                    [
                        5424208.0,
                        1.5529669326497242e-05,
                        0.0002722619683481753,
                        836648.625
                    ]
                ]
            ],
            "actions": [
                [
                    [
                        0.75
                    ],
                    [
                        0.75
                    ],
                    [
                        0.75
                    ],
                    [
                        0.75
                    ],
                    [
                        0.75
                    ],
                    [
                        0.75
                    ],
                    [
                        0.75
                    ],
                    [
                        0.75
                    ],
                    [
                        0.75
                    ],
                    [
                        0.75
                    ],
                    [
                        0.75
                    ],
                    [
                        0.75
                    ],
                    [
                        0.75
                    ],
                    [
                        0.75
                    ],
                    [
                        0.75
                    ],
                    [
                        0.75
                    ],
                    [
                        0.75
                    ],
                    [
                        0.75
                    ],
                    [
                        0.75
                    ],
                    [
                        0.75
                    ]
                ]
            ],
            "returns": [
                [
                    [
                        0.3232199251651764
                    ],
                    [
                        0.3222866356372833
                    ],
                    [
                        0.32135143876075745
                    ],
                    [
                        0.3204154968261719
                    ],
                    [
                        0.31948211789131165
                    ],
                    [
                        0.3185482919216156
                    ],
                    [
                        0.3176141083240509
                    ],
                    [
                        0.31668445467948914
                    ],
                    [
                        0.31574904918670654
                    ],
                    [
                        0.3148157298564911
                    ],
                    [
                        0.31388136744499207
                    ],
                    [
                        0.3129480481147766
                    ],
                    [
                        0.3120195269584656
                    ],
                    [
                        0.31107744574546814
                    ],
                    [
                        0.31014806032180786
                    ],
                    [
                        0.30921414494514465
                    ],
                    [
                        0.3082820773124695
                    ],
                    [
                        0.30734649300575256
                    ],
                    [
                        0.306419312953949
                    ],
                    [
                        0.3054841458797455
                    ]
                ]
            ],
            "timesteps": [
                [
                    280,
                    281,
                    282,
                    283,
                    284,
                    285,
                    286,
                    287,
                    288,
                    289,
                    290,
                    291,
                    292,
                    293,
                    294,
                    295,
                    296,
                    297,
                    298,
                    299
                ]
            ],
            "labels": [
                [
                    2,
                    2,
                    2,
                    2,
                    2,
                    2,
                    2,
                    2,
                    2,
                    2,
                    2,
                    2,
                    2,
                    2,
                    2,
                    2,
                    2,
                    2,
                    2,
                    2
                ]
            ],
            "CPU Usage": 46.1,
            "RAM Usage": 55.0,
            "GPU Usage": 0.0,
            "VRAM Usage": 355.0,
            "Disk Read Speed (MB/s)": 206653.9990234375,
            "Disk Write Speed (MB/s)": 432347.4931640625
        },
        {
            "step": 1,
            "train_loss": 0.00117547158151865,
            "actions_pred1": [
                [
                    [
                        1.490151047706604,
                        4.25407600402832,
                        0.3461915850639343,
                        -3.917653799057007
                    ],
                    [
                        1.543628215789795,
                        3.3919334411621094,
                        0.2694147527217865,
                        -4.238644599914551
                    ],
                    [
                        1.0929458141326904,
                        4.094808101654053,
                        -0.32726505398750305,
                        -4.358762741088867
                    ],
                    [
                        0.6254022121429443,
                        4.732983589172363,
                        -0.4553503692150116,
                        -4.528268814086914
                    ],
                    [
                        0.6425738334655762,
                        4.6720476150512695,
                        -0.310291588306427,
                        -4.680869102478027
                    ],
                    [
                        0.6215479373931885,
                        4.612504005432129,
                        -0.2825758457183838,
                        -5.305046081542969
                    ],
                    [
                        0.3687528669834137,
                        4.7865800857543945,
                        -0.24472223222255707,
                        -5.4983625411987305
                    ],
                    [
                        0.341496080160141,
                        4.682199001312256,
                        -0.4964601695537567,
                        -5.709148406982422
                    ],
                    [
                        0.512677788734436,
                        4.47027063369751,
                        -0.6943305730819702,
                        -5.5911030769348145
                    ],
                    [
                        0.6031230688095093,
                        4.582208633422852,
                        -0.7500823736190796,
                        -5.581846237182617
                    ],
                    [
                        0.5911777019500732,
                        4.698729038238525,
                        -0.6401275396347046,
                        -5.722576141357422
                    ],
                    [
                        0.5266768336296082,
                        4.587531089782715,
                        -0.37177765369415283,
                        -5.618150234222412
                    ],
                    [
                        0.7522264122962952,
                        4.498214244842529,
                        -0.2957419157028198,
                        -5.517550468444824
                    ],
                    [
                        0.9177981019020081,
                        4.59226131439209,
                        -0.40897688269615173,
                        -5.482555389404297
                    ],
                    [
                        0.8791565895080566,
                        4.622267723083496,
                        -0.3240678310394287,
                        -5.603745460510254
                    ],
                    [
                        0.9358015060424805,
                        4.984066963195801,
                        -0.38610732555389404,
                        -5.673070430755615
                    ],
                    [
                        0.7687241435050964,
                        4.96726131439209,
                        -0.21058733761310577,
                        -5.832281112670898
                    ],
                    [
                        0.999334454536438,
                        4.9433722496032715,
                        -0.3050767779350281,
                        -5.399281978607178
                    ],
                    [
                        1.080696702003479,
                        4.790562152862549,
                        -0.15803638100624084,
                        -5.756986618041992
                    ],
                    [
                        1.0567188262939453,
                        4.660085201263428,
                        -0.12972792983055115,
                        -5.674821376800537
                    ]
                ]
            ],
            "actions_pred": [
                [
                    [
                        1.490151047706604,
                        1.543628215789795,
                        1.0929458141326904,
                        0.6254022121429443,
                        0.6425738334655762,
                        0.6215479373931885,
                        0.3687528669834137,
                        0.341496080160141,
                        0.512677788734436,
                        0.6031230688095093,
                        0.5911777019500732,
                        0.5266768336296082,
                        0.7522264122962952,
                        0.9177981019020081,
                        0.8791565895080566,
                        0.9358015060424805,
                        0.7687241435050964,
                        0.999334454536438,
                        1.080696702003479,
                        1.0567188262939453
                    ],
                    [
                        4.25407600402832,
                        3.3919334411621094,
                        4.094808101654053,
                        4.732983589172363,
                        4.6720476150512695,
                        4.612504005432129,
                        4.7865800857543945,
                        4.682199001312256,
                        4.47027063369751,
                        4.582208633422852,
                        4.698729038238525,
                        4.587531089782715,
                        4.498214244842529,
                        4.59226131439209,
                        4.622267723083496,
                        4.984066963195801,
                        4.96726131439209,
                        4.9433722496032715,
                        4.790562152862549,
                        4.660085201263428
                    ],
                    [
                        0.3461915850639343,
                        0.2694147527217865,
                        -0.32726505398750305,
                        -0.4553503692150116,
                        -0.310291588306427,
                        -0.2825758457183838,
                        -0.24472223222255707,
                        -0.4964601695537567,
                        -0.6943305730819702,
                        -0.7500823736190796,
                        -0.6401275396347046,
                        -0.37177765369415283,
                        -0.2957419157028198,
                        -0.40897688269615173,
                        -0.3240678310394287,
                        -0.38610732555389404,
                        -0.21058733761310577,
                        -0.3050767779350281,
                        -0.15803638100624084,
                        -0.12972792983055115
                    ],
                    [
                        -3.917653799057007,
                        -4.238644599914551,
                        -4.358762741088867,
                        -4.528268814086914,
                        -4.680869102478027,
                        -5.305046081542969,
                        -5.4983625411987305,
                        -5.709148406982422,
                        -5.5911030769348145,
                        -5.581846237182617,
                        -5.722576141357422,
                        -5.618150234222412,
                        -5.517550468444824,
                        -5.482555389404297,
                        -5.603745460510254,
                        -5.673070430755615,
                        -5.832281112670898,
                        -5.399281978607178,
                        -5.756986618041992,
                        -5.674821376800537
                    ]
                ]
            ],
            "states": [
                [
                    [
                        4019648.0,
                        3.81172176275868e-05,
                        0.00027542549651116133,
                        604074.25
                    ],
                    [
                        3591040.0,
                        3.7697544030379504e-05,
                        0.00025879128952510655,
                        645691.25
                    ],
                    [
                        4225264.0,
                        3.727625517058186e-05,
                        0.0002528103068470955,
                        514911.09375
                    ],
                    [
                        4439568.0,
                        3.6820012610405684e-05,
                        0.00020026147831231356,
                        552938.5
                    ],
                    [
                        5228728.0,
                        3.6324065149528906e-05,
                        0.00022364039614330977,
                        577892.375
                    ],
                    [
                        5965760.0,
                        3.5766250221058726e-05,
                        0.0002323320077266544,
                        503764.8125
                    ],
                    [
                        6114904.0,
                        3.518302401062101e-05,
                        0.00023472661268897355,
                        508360.15625
                    ],
                    [
                        5644304.0,
                        3.463315078988671e-05,
                        0.00024062122975010425,
                        571257.3125
                    ],
                    [
                        5870192.0,
                        3.411128273000941e-05,
                        0.0001874879380920902,
                        547187.9375
                    ],
                    [
                        5618240.0,
                        3.360593836987391e-05,
                        0.00025532711879350245,
                        590262.375
                    ],
                    [
                        6352376.0,
                        3.3095278922701254e-05,
                        0.0002452299522701651,
                        574275.5
                    ],
                    [
                        5702224.0,
                        3.259619916207157e-05,
                        0.00023082415282260627,
                        543057.75
                    ],
                    [
                        7646888.0,
                        3.206136170774698e-05,
                        0.00026125748991034925,
                        526472.875
                    ],
                    [
                        5964312.0,
                        3.153302532155067e-05,
                        0.00024003862927202135,
                        536332.125
                    ],
                    [
                        5580592.0,
                        3.109858516836539e-05,
                        0.00019315553072374314,
                        564225.875
                    ],
                    [
                        6007752.0,
                        3.0674520530737936e-05,
                        0.00022412248654291034,
                        547189.8125
                    ],
                    [
                        4469976.0,
                        3.0300650905701332e-05,
                        0.00023788119142409414,
                        655379.0
                    ],
                    [
                        3631584.0,
                        3.0017836252227426e-05,
                        0.0002484873402863741,
                        709152.875
                    ],
                    [
                        3940008.0,
                        2.9758366508758627e-05,
                        0.00025739934062585235,
                        659045.125
                    ],
                    [
                        3424520.0,
                        2.951018359453883e-05,
                        0.00019004895875696093,
                        668658.9375
                    ]
                ]
            ],
            "actions": [
                [
                    [
                        0.5
                    ],
                    [
                        0.5
                    ],
                    [
                        0.5
                    ],
                    [
                        0.5
                    ],
                    [
                        0.5
                    ],
                    [
                        0.5
                    ],
                    [
                        0.5
                    ],
                    [
                        0.5
                    ],
                    [
                        0.5
                    ],
                    [
                        0.5
                    ],
                    [
                        0.5
                    ],
                    [
                        0.5
                    ],
                    [
                        0.5
                    ],
                    [
                        0.5
                    ],
                    [
                        0.5
                    ],
                    [
                        0.5
                    ],
                    [
                        0.5
                    ],
                    [
                        0.5
                    ],
                    [
                        0.5
                    ],
                    [
                        0.5
                    ]
                ]
            ],
            "returns": [
                [
                    [
                        0.13405705988407135
                    ],
                    [
                        0.13314884901046753
                    ],
                    [
                        0.13225065171718597
                    ],
                    [
                        0.13133801519870758
                    ],
                    [
                        0.1304210126399994
                    ],
                    [
                        0.1294894963502884
                    ],
                    [
                        0.12854628264904022
                    ],
                    [
                        0.12760089337825775
                    ],
                    [
                        0.12666259706020355
                    ],
                    [
                        0.12572081387043
                    ],
                    [
                        0.12478292733430862
                    ],
                    [
                        0.12383415549993515
                    ],
                    [
                        0.12289495021104813
                    ],
                    [
                        0.12192973494529724
                    ],
                    [
                        0.12098655104637146
                    ],
                    [
                        0.12004926055669785
                    ],
                    [
                        0.11910542845726013
                    ],
                    [
                        0.118187814950943
                    ],
                    [
                        0.11728861182928085
                    ],
                    [
                        0.1163821816444397
                    ]
                ]
            ],
            "timesteps": [
                [
                    480,
                    481,
                    482,
                    483,
                    484,
                    485,
                    486,
                    487,
                    488,
                    489,
                    490,
                    491,
                    492,
                    493,
                    494,
                    495,
                    496,
                    497,
                    498,
                    499
                ]
            ],
            "labels": [
                [
                    1,
                    1,
                    1,
                    1,
                    1,
                    1,
                    1,
                    1,
                    1,
                    1,
                    1,
                    1,
                    1,
                    1,
                    1,
                    1,
                    1,
                    1,
                    1,
                    1
                ]
            ],
            "CPU Usage": 47.2,
            "RAM Usage": 55.2,
            "GPU Usage": 0.0,
            "VRAM Usage": 357.0,
            "Disk Read Speed (MB/s)": 206653.9990234375,
            "Disk Write Speed (MB/s)": 432347.6806640625
        },
        {
            "step": 2,
            "train_loss": 0.00023585119924973696,
            "actions_pred1": [
                [
                    [
                        -1.5293123722076416,
                        3.7324635982513428,
                        -0.5568368434906006,
                        -4.7288031578063965
                    ],
                    [
                        -1.28925359249115,
                        4.230527877807617,
                        -0.8497537970542908,
                        -4.058579921722412
                    ],
                    [
                        -1.5371906757354736,
                        4.190065383911133,
                        -1.4288849830627441,
                        -4.113017559051514
                    ],
                    [
                        -1.6754430532455444,
                        4.3848161697387695,
                        -1.5828824043273926,
                        -4.260993003845215
                    ],
                    [
                        -1.6733802556991577,
                        4.314595699310303,
                        -2.1468100547790527,
                        -4.531312942504883
                    ],
                    [
                        -1.3563963174819946,
                        4.505002498626709,
                        -1.94577157497406,
                        -4.634851455688477
                    ],
                    [
                        -1.2126697301864624,
                        4.684559345245361,
                        -2.0987257957458496,
                        -4.647836685180664
                    ],
                    [
                        -1.027327537536621,
                        4.701304912567139,
                        -1.9677278995513916,
                        -4.411190509796143
                    ],
                    [
                        -0.8486901521682739,
                        4.5745720863342285,
                        -1.653100848197937,
                        -4.787222385406494
                    ],
                    [
                        -0.8351486325263977,
                        4.435993194580078,
                        -1.535156488418579,
                        -4.741415977478027
                    ],
                    [
                        -0.7997695207595825,
                        4.499390125274658,
                        -1.5947321653366089,
                        -4.830770015716553
                    ],
                    [
                        -0.7846031785011292,
                        4.472629547119141,
                        -1.617518424987793,
                        -4.901772975921631
                    ],
                    [
                        -0.9339895248413086,
                        4.516249656677246,
                        -1.6398823261260986,
                        -4.879815101623535
                    ],
                    [
                        -1.0168845653533936,
                        4.50681734085083,
                        -1.5345139503479004,
                        -4.866734981536865
                    ],
                    [
                        -0.9780586361885071,
                        4.596627235412598,
                        -1.4690276384353638,
                        -4.92710542678833
                    ],
                    [
                        -0.7893256545066833,
                        4.667359352111816,
                        -1.4904146194458008,
                        -5.018783092498779
                    ],
                    [
                        -0.641594409942627,
                        4.6095404624938965,
                        -1.4692723751068115,
                        -4.93472146987915
                    ],
                    [
                        -0.566649854183197,
                        4.5039286613464355,
                        -1.5682249069213867,
                        -4.986591815948486
                    ],
                    [
                        -0.5581181645393372,
                        4.340452194213867,
                        -1.4937573671340942,
                        -4.919986248016357
                    ],
                    [
                        -0.5397242307662964,
                        4.304745197296143,
                        -1.498108148574829,
                        -4.913888931274414
                    ]
                ]
            ],
            "actions_pred": [
                [
                    [
                        -1.5293123722076416,
                        -1.28925359249115,
                        -1.5371906757354736,
                        -1.6754430532455444,
                        -1.6733802556991577,
                        -1.3563963174819946,
                        -1.2126697301864624,
                        -1.027327537536621,
                        -0.8486901521682739,
                        -0.8351486325263977,
                        -0.7997695207595825,
                        -0.7846031785011292,
                        -0.9339895248413086,
