{
    "steps": [
        {
            "step": 0,
            "train_loss": 0.06316302716732025,
            "actions_pred1": [
                [
                    [
                        -0.5745905041694641,
                        0.06813624501228333,
                        0.8459881544113159,
                        0.5541434288024902
                    ],
                    [
                        -0.5474497079849243,
                        -0.06567196547985077,
                        0.8238751292228699,
                        0.513421893119812
                    ],
                    [
                        -0.4662758708000183,
                        -0.1135191097855568,
                        0.8646464347839355,
                        0.4016338586807251
                    ],
                    [
                        -0.41683775186538696,
                        -0.09406004101037979,
                        0.9309760332107544,
                        0.6275352239608765
                    ],
                    [
                        -0.2745143175125122,
                        -0.10834942013025284,
                        0.9825634956359863,
                        0.6510776877403259
                    ],
                    [
                        -0.26650550961494446,
                        -0.04233207553625107,
                        0.9121037721633911,
                        0.6615933775901794
                    ],
                    [
                        -0.432542085647583,
                        0.01890254020690918,
                        0.8778453469276428,
                        0.5799640417098999
                    ],
                    [
                        -0.4077536463737488,
                        -0.09002265334129333,
                        0.7035061120986938,
                        0.46509718894958496
                    ],
                    [
                        -0.3132534623146057,
                        -0.2197856307029724,
                        0.7672985792160034,
                        0.5747294425964355
                    ],
                    [
                        -0.23506014049053192,
                        -0.030691474676132202,
                        0.7876697182655334,
                        0.4972929060459137
                    ],
                    [
                        -0.08069071173667908,
                        0.10368882119655609,
                        0.9121814370155334,
                        0.6202926635742188
                    ],
                    [
                        -0.09228049218654633,
                        0.05139812082052231,
                        0.7729877233505249,
                        0.6080809831619263
                    ],
                    [
                        -0.1632632166147232,
                        0.09883784502744675,
                        0.7883569598197937,
                        0.5999920964241028
                    ],
                    [
                        -0.2388002723455429,
                        0.02818913757801056,
                        0.8693389296531677,
                        0.5743643641471863
                    ],
                    [
                        -0.23184433579444885,
                        -0.06608940660953522,
                        0.7252597808837891,
                        0.5066311359405518
                    ],
                    [
                        -0.18407830595970154,
                        -0.08795307576656342,
                        0.6610310077667236,
                        0.529110312461853
                    ],
                    [
                        -0.27299070358276367,
                        -0.01111552119255066,
                        0.7911422252655029,
                        0.5374770164489746
                    ],
                    [
                        -0.0929446816444397,
                        -0.08996205031871796,
                        0.6422091126441956,
                        0.6461857557296753
                    ],
                    [
                        -0.08346767723560333,
                        -0.17561687529087067,
                        0.4523216485977173,
                        0.8075639009475708
                    ],
                    [
                        -0.10154502093791962,
                        -0.13597992062568665,
                        0.6777018904685974,
                        0.7641192674636841
                    ]
                ]
            ],
            "actions_pred": [
                [
                    [
                        -0.5745905041694641,
                        -0.5474497079849243,
                        -0.4662758708000183,
                        -0.41683775186538696,
                        -0.2745143175125122,
                        -0.26650550961494446,
                        -0.432542085647583,
                        -0.4077536463737488,
                        -0.3132534623146057,
                        -0.23506014049053192,
                        -0.08069071173667908,
                        -0.09228049218654633,
                        -0.1632632166147232,
                        -0.2388002723455429,
                        -0.23184433579444885,
                        -0.18407830595970154,
                        -0.27299070358276367,
                        -0.0929446816444397,
                        -0.08346767723560333,
                        -0.10154502093791962
                    ],
                    [
                        0.06813624501228333,
                        -0.06567196547985077,
                        -0.1135191097855568,
                        -0.09406004101037979,
                        -0.10834942013025284,
                        -0.04233207553625107,
                        0.01890254020690918,
                        -0.09002265334129333,
                        -0.2197856307029724,
                        -0.030691474676132202,
                        0.10368882119655609,
                        0.05139812082052231,
                        0.09883784502744675,
                        0.02818913757801056,
                        -0.06608940660953522,
                        -0.08795307576656342,
                        -0.01111552119255066,
                        -0.08996205031871796,
                        -0.17561687529087067,
                        -0.13597992062568665
                    ],
                    [
                        0.8459881544113159,
                        0.8238751292228699,
                        0.8646464347839355,
                        0.9309760332107544,
                        0.9825634956359863,
                        0.9121037721633911,
                        0.8778453469276428,
                        0.7035061120986938,
                        0.7672985792160034,
                        0.7876697182655334,
                        0.9121814370155334,
                        0.7729877233505249,
                        0.7883569598197937,
                        0.8693389296531677,
                        0.7252597808837891,
                        0.6610310077667236,
                        0.7911422252655029,
                        0.6422091126441956,
                        0.4523216485977173,
                        0.6777018904685974
                    ],
                    [
                        0.5541434288024902,
                        0.513421893119812,
                        0.4016338586807251,
                        0.6275352239608765,
                        0.6510776877403259,
                        0.6615933775901794,
                        0.5799640417098999,
                        0.46509718894958496,
                        0.5747294425964355,
                        0.4972929060459137,
                        0.6202926635742188,
                        0.6080809831619263,
                        0.5999920964241028,
                        0.5743643641471863,
                        0.5066311359405518,
                        0.529110312461853,
                        0.5374770164489746,
                        0.6461857557296753,
                        0.8075639009475708,
                        0.7641192674636841
                    ]
                ]
            ],
            "states": [
                [
                    [
                        1715880.0,
                        9.430604404769838e-05,
                        0.0053657107055187225,
                        470709.75
                    ],
                    [
                        1967832.0,
                        9.068279905477539e-05,
                        0.004402399994432926,
                        434480.75
                    ],
                    [
                        2130008.0,
                        8.69646537466906e-05,
                        0.004303366411477327,
                        508551.15625
                    ],
                    [
                        2267568.0,
                        8.329902630066499e-05,
                        0.003460775362327695,
                        467240.71875
                    ],
                    [
                        2448568.0,
                        7.969679427333176e-05,
                        0.003044134471565485,
                        537034.5
                    ],
                    [
                        2646944.0,
                        7.613936031702906e-05,
                        0.00288664479739964,
                        500456.03125
                    ],
                    [
                        1710088.0,
                        7.333141547860578e-05,
                        0.0027106136549264193,
                        490357.90625
                    ],
                    [
                        2580336.0,
                        7.077431655488908e-05,
                        0.0027518118731677532,
                        546850.6875
                    ],
                    [
                        2927856.0,
                        6.773720087949187e-05,
                        0.0026009255088865757,
                        496203.71875
                    ],
                    [
                        3168224.0,
                        6.466506602009758e-05,
                        0.002423960482701659,
                        507070.15625
                    ],
                    [
                        3505608.0,
                        6.160674092825502e-05,
                        0.002274049213156104,
                        516057.96875
                    ],
                    [
                        3553392.0,
                        5.866973879165016e-05,
                        0.0023237415589392185,
                        471484.09375
                    ],
                    [
                        4039920.0,
                        5.581038931268267e-05,
                        0.0021793735213577747,
                        501229.875
                    ],
                    [
                        4028336.0,
                        5.305969170876779e-05,
                        0.002523052040487528,
                        561908.75
                    ],
                    [
                        4312144.0,
                        5.04888485011179e-05,
                        0.002231767401099205,
                        502897.96875
                    ],
                    [
                        4776952.0,
                        4.795741187990643e-05,
                        0.0032643231097608805,
                        459673.25
                    ],
                    [
                        4743648.0,
                        4.5562293962575495e-05,
                        0.0020812072325497866,
                        515212.4375
                    ],
                    [
                        2971296.0,
                        4.3785152229247615e-05,
                        0.0015903349267318845,
                        502955.46875
                    ],
                    [
                        4981120.0,
                        4.21030999859795e-05,
                        0.0016534600872546434,
                        511202.4375
                    ],
                    [
                        4962296.0,
                        4.016688762931153e-05,
                        0.0014106292510405183,
                        493895.1875
                    ]
                ]
            ],
            "actions": [
                [
                    [
                        0.25
                    ],
                    [
                        0.25
                    ],
                    [
                        0.25
                    ],
                    [
                        0.25
                    ],
                    [
                        0.25
                    ],
                    [
                        0.25
                    ],
                    [
                        0.25
                    ],
                    [
                        0.25
                    ],
                    [
                        0.25
                    ],
                    [
                        0.25
                    ],
                    [
                        0.25
                    ],
                    [
                        0.25
                    ],
                    [
                        0.25
                    ],
                    [
                        0.25
                    ],
                    [
                        0.25
                    ],
                    [
                        0.25
                    ],
                    [
                        0.25
                    ],
                    [
                        0.25
                    ],
                    [
                        0.25
                    ],
                    [
                        0.25
                    ]
                ]
            ],
            "returns": [
                [
                    [
                        0.053779877722263336
                    ],
                    [
                        0.05294714868068695
                    ],
                    [
                        0.05210227146744728
                    ],
                    [
                        0.05125037208199501
                    ],
                    [
                        0.05039292573928833
                    ],
                    [
                        0.04952867329120636
                    ],
                    [
                        0.04865751042962074
                    ],
                    [
                        0.047825079411268234
                    ],
                    [
                        0.046956177800893784
                    ],
                    [
                        0.04607607424259186
                    ],
                    [
                        0.04518897458910942
                    ],
                    [
                        0.04429290443658829
                    ],
                    [
                        0.04339563474059105
                    ],
                    [
                        0.04248698428273201
                    ],
                    [
                        0.04157859459519386
                    ],
                    [
                        0.04066416248679161
                    ],
                    [
                        0.039740659296512604
                    ],
                    [
                        0.03881777450442314
                    ],
                    [
                        0.037936363369226456
                    ],
                    [
                        0.03700914978981018
                    ]
                ]
            ],
            "timesteps": [
                [
                    580,
                    581,
                    582,
                    583,
                    584,
                    585,
                    586,
                    587,
                    588,
                    589,
                    590,
                    591,
                    592,
                    593,
                    594,
                    595,
                    596,
                    597,
                    598,
                    599
                ]
            ],
            "labels": [
                [
                    0,
                    0,
                    0,
                    0,
                    0,
                    0,
                    0,
                    0,
                    0,
                    0,
                    0,
                    0,
                    0,
                    0,
                    0,
                    0,
                    0,
                    0,
                    0,
                    0
                ]
            ],
            "CPU Usage": 45.9,
            "RAM Usage": 55.5,
            "GPU Usage": 0.0,
            "VRAM Usage": 357.0,
            "Disk Read Speed (MB/s)": 205954.81640625,
            "Disk Write Speed (MB/s)": 323662.6728515625
        },
        {
            "step": 1,
            "train_loss": 0.06782442331314087,
            "actions_pred1": [
                [
                    [
                        -0.26472121477127075,
                        -0.10260207951068878,
                        0.6641430854797363,
                        0.49560362100601196
                    ],
                    [
                        -0.33077773451805115,
                        0.026726771146059036,
                        0.6362388134002686,
                        0.7498908638954163
                    ],
                    [
                        -0.4780089259147644,
                        -0.05330720543861389,
                        0.36773401498794556,
                        0.866682231426239
                    ],
                    [
                        -0.5111797451972961,
                        -0.05743144452571869,
                        0.3585066795349121,
                        0.7807214260101318
                    ],
                    [
                        -0.40886351466178894,
                        -0.09444576501846313,
                        0.5130289793014526,
                        0.6599507331848145
                    ],
                    [
                        -0.47355782985687256,
                        -0.03848966211080551,
                        0.6953070163726807,
                        0.6500453948974609
                    ],
                    [
                        -0.5301647186279297,
                        -0.07622301578521729,
                        0.8009713292121887,
                        0.5434831380844116
                    ],
                    [
                        -0.7059446573257446,
                        -0.05389554798603058,
                        0.7949857711791992,
                        0.5125762820243835
                    ],
                    [
                        -0.5675629377365112,
                        -0.023269541561603546,
                        0.8406586647033691,
                        0.5566306114196777
                    ],
                    [
                        -0.6197919249534607,
                        -0.0353870689868927,
                        0.9471887350082397,
                        0.5648570656776428
                    ],
                    [
                        -0.6538837552070618,
                        -0.06683215498924255,
                        0.8613938093185425,
                        0.5612704753875732
                    ],
                    [
                        -0.376777708530426,
                        -0.23213349282741547,
                        0.8612557053565979,
                        0.5314313769340515
                    ],
                    [
                        -0.5001522302627563,
                        -0.2176867425441742,
                        0.8480215668678284,
                        0.5848479866981506
                    ],
                    [
                        -0.47135674953460693,
                        -0.24557241797447205,
                        0.7782682180404663,
                        0.45725128054618835
                    ],
                    [
                        -0.39342451095581055,
                        -0.1251002550125122,
                        0.7667111158370972,
                        0.5379811525344849
                    ],
                    [
                        -0.428973913192749,
                        -0.1099415123462677,
                        0.8121538758277893,
                        0.45261213183403015
                    ],
                    [
                        -0.4745924770832062,
                        -0.03780142217874527,
                        0.8212763071060181,
                        0.49504902958869934
                    ],
                    [
                        -0.4420618712902069,
                        -0.06244798004627228,
                        0.7528391480445862,
                        0.5932722687721252
                    ],
                    [
                        -0.4382697343826294,
                        -0.11436249315738678,
                        0.8196350336074829,
                        0.508548378944397
                    ],
                    [
                        -0.4424172341823578,
                        -0.24763962626457214,
                        0.7849248647689819,
                        0.5691083073616028
                    ]
                ]
            ],
            "actions_pred": [
                [
                    [
                        -0.26472121477127075,
                        -0.33077773451805115,
                        -0.4780089259147644,
                        -0.5111797451972961,
                        -0.40886351466178894,
                        -0.47355782985687256,
                        -0.5301647186279297,
                        -0.7059446573257446,
                        -0.5675629377365112,
                        -0.6197919249534607,
                        -0.6538837552070618,
                        -0.376777708530426,
                        -0.5001522302627563,
                        -0.47135674953460693,
                        -0.39342451095581055,
                        -0.428973913192749,
                        -0.4745924770832062,
                        -0.4420618712902069,
                        -0.4382697343826294,
                        -0.4424172341823578
                    ],
                    [
                        -0.10260207951068878,
                        0.026726771146059036,
                        -0.05330720543861389,
                        -0.05743144452571869,
                        -0.09444576501846313,
                        -0.03848966211080551,
                        -0.07622301578521729,
                        -0.05389554798603058,
                        -0.023269541561603546,
                        -0.0353870689868927,
                        -0.06683215498924255,
                        -0.23213349282741547,
                        -0.2176867425441742,
                        -0.24557241797447205,
                        -0.1251002550125122,
                        -0.1099415123462677,
                        -0.03780142217874527,
                        -0.06244798004627228,
                        -0.11436249315738678,
                        -0.24763962626457214
                    ],
                    [
                        0.6641430854797363,
                        0.6362388134002686,
                        0.36773401498794556,
                        0.3585066795349121,
                        0.5130289793014526,
                        0.6953070163726807,
                        0.8009713292121887,
                        0.7949857711791992,
                        0.8406586647033691,
                        0.9471887350082397,
                        0.8613938093185425,
                        0.8612557053565979,
                        0.8480215668678284,
                        0.7782682180404663,
                        0.7667111158370972,
                        0.8121538758277893,
                        0.8212763071060181,
                        0.7528391480445862,
                        0.8196350336074829,
                        0.7849248647689819
                    ],
                    [
                        0.49560362100601196,
                        0.7498908638954163,
                        0.866682231426239,
                        0.7807214260101318,
                        0.6599507331848145,
                        0.6500453948974609,
                        0.5434831380844116,
                        0.5125762820243835,
                        0.5566306114196777,
                        0.5648570656776428,
                        0.5612704753875732,
                        0.5314313769340515,
                        0.5848479866981506,
                        0.45725128054618835,
                        0.5379811525344849,
                        0.45261213183403015,
                        0.49504902958869934,
                        0.5932722687721252,
                        0.508548378944397,
                        0.5691083073616028
                    ]
                ]
            ],
            "states": [
                [
                    [
                        6621704.0,
                        1.1313585673633497e-05,
                        0.0001999229716602713,
                        484312.6875
                    ],
                    [
                        5593624.0,
                        1.1206535418750718e-05,
                        0.0002002958208322525,
                        482520.40625
                    ],
                    [
                        5813720.0,
                        1.1108420039818157e-05,
                        0.0002003357367357239,
                        504661.125
                    ],
                    [
                        6207576.0,
                        1.1006884960806929e-05,
                        0.00022690219338983297,
                        474948.0
                    ],
                    [
                        8008888.0,
                        1.0889214536291547e-05,
                        0.00020534798386506736,
                        464277.84375
                    ],
                    [
                        6072912.0,
                        1.0774994734674692e-05,
                        0.00021573639241978526,
                        487907.71875
                    ],
                    [
                        5771728.0,
                        1.0680801096896175e-05,
                        0.00024723794194869697,
                        495985.625
                    ],
                    [
                        6184408.0,
                        1.058739326253999e-05,
                        0.00024693002342246473,
                        490380.28125
                    ],
                    [
                        5453168.0,
                        1.0498003575776238e-05,
                        0.00023204070748761296,
                        479010.4375
                    ],
                    [
                        5473440.0,
                        1.0415451470180415e-05,
                        0.00018021401774603873,
                        503120.46875
                    ],
                    [
                        5495160.0,
                        1.0333877071388997e-05,
                        0.0002400711819063872,
                        501130.78125
                    ],
                    [
                        5522672.0,
                        1.0253213076794054e-05,
                        0.000246424344368279,
                        482833.53125
                    ],
                    [
                        5845344.0,
                        1.0171300345973577e-05,
                        0.0002318411279702559,
                        521404.9375
                    ],
                    [
                        5531592.0,
                        1.0090602700074669e-05,
                        0.00026174713275395334,
                        512859.59375
                    ],
                    [
                        5728288.0,
                        1.0011996891989838e-05,
                        0.0002589555806480348,
                        492848.15625
                    ],
                    [
                        8446184.0,
                        9.914833754010033e-06,
                        0.0002588448696769774,
                        439526.84375
                    ],
                    [
                        5611000.0,
                        9.82020083029056e-06,
                        0.0002629015070851892,
                        482211.375
                    ],
                    [
                        5854264.0,
                        9.744398084876593e-06,
                        0.00024613598361611366,
                        493941.5
                    ],
                    [
                        5595072.0,
                        9.669850442151073e-06,
                        0.00026028408319689333,
                        487503.5625
                    ],
                    [
                        5576248.0,
                        9.598206816008314e-06,
                        0.000249440228799358,
                        493113.71875
                    ]
                ]
            ],
            "actions": [
                [
                    [
                        0.25
                    ],
                    [
                        0.25
                    ],
                    [
                        0.25
                    ],
                    [
                        0.25
                    ],
                    [
                        0.25
                    ],
                    [
                        0.25
                    ],
                    [
                        0.25
                    ],
                    [
                        0.25
                    ],
                    [
                        0.25
                    ],
                    [
                        0.25
                    ],
                    [
                        0.25
                    ],
                    [
                        0.25
                    ],
                    [
                        0.25
                    ],
                    [
                        0.25
                    ],
                    [
                        0.25
                    ],
                    [
                        0.25
                    ],
                    [
                        0.25
                    ],
                    [
                        0.25
                    ],
                    [
                        0.25
                    ],
                    [
                        0.25
                    ]
                ]
            ],
            "returns": [
                [
                    [
                        0.22746260464191437
                    ],
                    [
                        0.22651013731956482
                    ],
                    [
                        0.2255726456642151
                    ],
                    [
                        0.22463172674179077
                    ],
                    [
                        0.22368499636650085
                    ],
                    [
                        0.22271567583084106
                    ],
                    [
                        0.22177089750766754
                    ],
                    [
                        0.22083061933517456
                    ],
                    [
                        0.2198842167854309
                    ],
                    [
                        0.21894897520542145
                    ],
                    [
                        0.21801340579986572
                    ],
                    [
                        0.21707747876644135
                    ],
                    [
                        0.21614111959934235
                    ],
                    [
                        0.21519970893859863
                    ],
                    [
                        0.2142632007598877
                    ],
                    [
                        0.21332359313964844
                    ],
                    [
                        0.2123495638370514
                    ],
                    [
                        0.21141178905963898
                    ],
                    [
                        0.2104702591896057
                    ],
                    [
                        0.2095327377319336
                    ]
                ]
            ],
            "timesteps": [
                [
                    380,
                    381,
                    382,
                    383,
                    384,
                    385,
                    386,
                    387,
                    388,
                    389,
                    390,
                    391,
                    392,
                    393,
                    394,
                    395,
                    396,
                    397,
                    398,
                    399
                ]
            ],
            "labels": [
                [
                    0,
                    0,
                    0,
                    0,
                    0,
                    0,
                    0,
                    0,
                    0,
                    0,
                    0,
                    0,
                    0,
                    0,
                    0,
                    0,
                    0,
                    0,
                    0,
                    0
                ]
            ],
            "CPU Usage": 46.7,
            "RAM Usage": 55.7,
            "GPU Usage": 0.0,
            "VRAM Usage": 355.0,
            "Disk Read Speed (MB/s)": 205954.84765625,
            "Disk Write Speed (MB/s)": 323662.7548828125
        },
        {
            "step": 2,
            "train_loss": 0.05434589833021164,
            "actions_pred1": [
                [
                    [
                        -0.06765598058700562,
                        -0.15608714520931244,
                        0.5442504286766052,
                        0.593320369720459
                    ],
                    [
                        -0.19947141408920288,
                        -0.31451576948165894,
                        0.3663613796234131,
                        0.6028246879577637
                    ],
                    [
                        -0.2716991901397705,
                        -0.26305103302001953,
                        0.4838855266571045,
                        0.5377386808395386
                    ],
                    [
                        -0.4900224506855011,
                        -0.19990453124046326,
                        0.43533629179000854,
                        0.5294694900512695
                    ],
                    [
                        -0.5222105979919434,
                        -0.13664047420024872,
                        0.47674351930618286,
                        0.45700013637542725
                    ],
                    [
                        -0.49689027667045593,
                        -0.09451266378164291,
                        0.5238387584686279,
                        0.5403202772140503
                    ],
                    [
                        -0.5514483451843262,
                        -0.06650453805923462,
                        0.43383631110191345,
                        0.5912076830863953
                    ],
                    [
                        -0.5471582412719727,
                        -0.14809218049049377,
                        0.48938697576522827,
                        0.5101989507675171
                    ],
                    [
                        -0.5671576857566833,
                        -0.15752717852592468,
                        0.5118942260742188,
                        0.4756842851638794
                    ],
                    [
                        -0.5530059933662415,
                        -0.14690127968788147,
                        0.6466056704521179,
                        0.5595350861549377
                    ],
                    [
                        -0.3812865614891052,
                        -0.15119004249572754,
                        0.5852351784706116,
                        0.44634926319122314
                    ],
                    [
                        -0.28646451234817505,
                        -0.209196075797081,
                        0.5768202543258667,
                        0.4073900282382965
                    ],
                    [
                        -0.4168594777584076,
                        -0.11182784289121628,
                        0.6885173916816711,
                        0.3983178436756134
                    ],
                    [
                        -0.4521154761314392,
                        -0.1255115270614624,
                        0.6971083879470825,
                        0.5186713337898254
                    ],
                    [
                        -0.5198577642440796,
                        -0.05796186625957489,
                        0.6589168906211853,
                        0.5456840395927429
                    ],
                    [
                        -0.4728652238845825,
                        0.005851283669471741,
                        0.6798849105834961,
                        0.55774986743927
                    ],
                    [
                        -0.4741418957710266,
                        -0.08657824248075485,
                        0.7134916186332703,
                        0.501213788986206
                    ],
                    [
                        -0.49066218733787537,
                        -0.10408530384302139,
                        0.6541898250579834,
                        0.5473254919052124
                    ],
                    [
                        -0.4013798236846924,
                        -0.0709366723895073,
                        0.5896720290184021,
                        0.643761396408081
                    ],
                    [
                        -0.34306520223617554,
                        -0.017281193286180496,
                        0.501704216003418,
                        0.5671300888061523
                    ]
                ]
            ],
            "actions_pred": [
                [
                    [
                        -0.06765598058700562,
                        -0.19947141408920288,
                        -0.2716991901397705,
                        -0.4900224506855011,
                        -0.5222105979919434,
