{
    "steps": [
        {
            "step": 0,
            "train_loss": 0.0007621749537065625,
            "actions_pred1": [
                [
                    [
                        0.333890438079834,
                        0.5897712707519531,
                        4.774066925048828,
                        -4.256603717803955
                    ],
                    [
                        0.267719566822052,
                        0.7373099327087402,
                        4.622719764709473,
                        -4.31419038772583
                    ],
                    [
                        0.9231491088867188,
                        0.9277780055999756,
                        4.843966484069824,
                        -4.64781379699707
                    ],
                    [
                        0.9482485055923462,
                        1.0688763856887817,
                        4.884297847747803,
                        -5.0288238525390625
                    ],
                    [
                        1.1668797731399536,
                        1.4522976875305176,
                        4.8276567459106445,
                        -5.450601577758789
                    ],
                    [
                        0.8190584182739258,
                        1.1379128694534302,
                        4.761464595794678,
                        -5.666660785675049
                    ],
                    [
                        0.8156211376190186,
                        0.7922476530075073,
                        5.112923622131348,
                        -5.631589412689209
                    ],
                    [
                        0.7497050762176514,
                        0.6484884023666382,
                        5.061286449432373,
                        -5.93659782409668
                    ],
                    [
                        0.8923757076263428,
                        0.7116274237632751,
                        5.291975021362305,
                        -5.8208489418029785
                    ],
                    [
                        0.5975016951560974,
                        0.6317011117935181,
                        5.4265828132629395,
                        -5.867100238800049
                    ],
                    [
                        0.8429428339004517,
                        1.0565967559814453,
                        5.453079700469971,
                        -5.987332820892334
                    ],
                    [
                        1.102241039276123,
                        1.1202129125595093,
                        5.697280406951904,
                        -6.208045959472656
                    ],
                    [
                        1.0570399761199951,
                        1.3288941383361816,
                        6.00963020324707,
                        -6.342805862426758
                    ],
                    [
                        1.0112979412078857,
                        1.313676118850708,
                        6.128576755523682,
                        -6.352592468261719
                    ],
                    [
                        0.9866535663604736,
                        1.3643214702606201,
                        6.225875377655029,
                        -6.293833255767822
                    ],
                    [
                        1.07448410987854,
                        1.290388584136963,
                        6.2909088134765625,
                        -6.084474086761475
                    ],
                    [
                        1.1676172018051147,
                        1.2180230617523193,
                        6.0723042488098145,
                        -6.017038345336914
                    ],
                    [
                        0.8760325908660889,
                        1.369733214378357,
                        6.193937301635742,
                        -5.789505958557129
                    ],
                    [
                        0.8511403799057007,
                        1.3270316123962402,
                        6.085071563720703,
                        -5.803984642028809
                    ],
                    [
                        0.7942503690719604,
                        1.5540492534637451,
                        6.103089332580566,
                        -5.780786514282227
                    ]
                ]
            ],
            "actions_pred": [
                [
                    [
                        0.333890438079834,
                        0.267719566822052,
                        0.9231491088867188,
                        0.9482485055923462,
                        1.1668797731399536,
                        0.8190584182739258,
                        0.8156211376190186,
                        0.7497050762176514,
                        0.8923757076263428,
                        0.5975016951560974,
                        0.8429428339004517,
                        1.102241039276123,
                        1.0570399761199951,
                        1.0112979412078857,
                        0.9866535663604736,
                        1.07448410987854,
                        1.1676172018051147,
                        0.8760325908660889,
                        0.8511403799057007,
                        0.7942503690719604
                    ],
                    [
                        0.5897712707519531,
                        0.7373099327087402,
                        0.9277780055999756,
                        1.0688763856887817,
                        1.4522976875305176,
                        1.1379128694534302,
                        0.7922476530075073,
                        0.6484884023666382,
                        0.7116274237632751,
                        0.6317011117935181,
                        1.0565967559814453,
                        1.1202129125595093,
                        1.3288941383361816,
                        1.313676118850708,
                        1.3643214702606201,
                        1.290388584136963,
                        1.2180230617523193,
                        1.369733214378357,
                        1.3270316123962402,
                        1.5540492534637451
                    ],
                    [
                        4.774066925048828,
                        4.622719764709473,
                        4.843966484069824,
                        4.884297847747803,
                        4.8276567459106445,
                        4.761464595794678,
                        5.112923622131348,
                        5.061286449432373,
                        5.291975021362305,
                        5.4265828132629395,
                        5.453079700469971,
                        5.697280406951904,
                        6.00963020324707,
                        6.128576755523682,
                        6.225875377655029,
                        6.2909088134765625,
                        6.0723042488098145,
                        6.193937301635742,
                        6.085071563720703,
                        6.103089332580566
                    ],
                    [
                        -4.256603717803955,
                        -4.31419038772583,
                        -4.64781379699707,
                        -5.0288238525390625,
                        -5.450601577758789,
                        -5.666660785675049,
                        -5.631589412689209,
                        -5.93659782409668,
                        -5.8208489418029785,
                        -5.867100238800049,
                        -5.987332820892334,
                        -6.208045959472656,
                        -6.342805862426758,
                        -6.352592468261719,
                        -6.293833255767822,
                        -6.084474086761475,
                        -6.017038345336914,
                        -5.789505958557129,
                        -5.803984642028809,
                        -5.780786514282227
                    ]
                ]
            ],
            "states": [
                [
                    [
                        9069003.0,
                        0.0034533278085291386,
                        0.0002651966060511768,
                        441188.5625
                    ],
                    [
                        11320464.0,
                        0.000310528528643772,
                        0.0002789112040773034,
                        436995.21875
                    ],
                    [
                        10438632.0,
                        0.00017193457460962236,
                        0.00025781430304050446,
                        493798.40625
                    ],
                    [
                        10012920.0,
                        0.00012196777242934331,
                        0.0002818313369061798,
                        466062.65625
                    ],
                    [
                        10120072.0,
                        9.498456347500905e-05,
                        0.00027022496215067804,
                        484496.1875
                    ],
                    [
                        9115160.0,
                        7.838496094336733e-05,
                        0.00027221045456826687,
                        480218.375
                    ],
                    [
                        8819768.0,
                        6.74370166962035e-05,
                        0.0002733847650233656,
                        463188.125
                    ],
                    [
                        9522048.0,
                        5.902954944758676e-05,
                        0.00026607781182974577,
                        571538.5
                    ],
                    [
                        9099232.0,
                        5.2383467846084386e-05,
                        0.00028466759249567986,
                        601120.625
                    ],
                    [
                        8877688.0,
                        4.72521896881517e-05,
                        0.0002693114511203021,
                        590414.6875
                    ],
                    [
                        7406288.0,
                        4.339466249803081e-05,
                        0.0002695369767025113,
                        529230.5625
                    ],
                    [
                        7668840.0,
                        4.0354032535105944e-05,
                        0.00026757299201563,
                        612860.8125
                    ],
                    [
                        7531048.0,
                        3.768979149754159e-05,
                        0.0002770914288703352,
                        740788.0625
                    ],
                    [
                        7394936.0,
                        3.539538010954857e-05,
                        0.0002540841815061867,
                        705727.25
                    ],
                    [
                        6951848.0,
                        3.34380820277147e-05,
                        0.0002650599053595215,
                        732259.125
                    ],
                    [
                        6330656.0,
                        3.180928251822479e-05,
                        0.00027801760006695986,
                        722867.4375
                    ],
                    [
                        5884672.0,
                        3.0445722586591728e-05,
                        0.0002704633225221187,
                        677627.4375
                    ],
                    [
                        5363392.0,
                        2.9289631129358895e-05,
                        0.0002756867033895105,
                        805457.5625
                    ],
                    [
                        5311264.0,
                        2.82715027424274e-05,
                        0.00025344316964037716,
                        860605.0
                    ],
                    [
                        5401040.0,
                        2.6375411835033447e-05,
                        0.000413205154472962,
                        833632.5625
                    ]
                ]
            ],
            "actions": [
                [
                    [
                        0.75
                    ],
                    [
                        0.75
                    ],
                    [
                        0.75
                    ],
                    [
                        0.75
                    ],
                    [
                        0.75
                    ],
                    [
                        0.75
                    ],
                    [
                        0.75
                    ],
                    [
                        0.75
                    ],
                    [
                        0.75
                    ],
                    [
                        0.75
                    ],
                    [
                        0.75
                    ],
                    [
                        0.75
                    ],
                    [
                        0.75
                    ],
                    [
                        0.75
                    ],
                    [
                        0.75
                    ],
                    [
                        0.75
                    ],
                    [
                        0.75
                    ],
                    [
                        0.75
                    ],
                    [
                        0.75
                    ],
                    [
                        0.75
                    ]
                ]
            ],
            "returns": [
                [
                    [
                        0.5809153318405151
                    ],
                    [
                        0.5799350142478943
                    ],
                    [
                        0.5789350271224976
                    ],
                    [
                        0.5779421925544739
                    ],
                    [
                        0.5769530534744263
                    ],
                    [
                        0.575963020324707
                    ],
                    [
                        0.574982225894928
                    ],
                    [
                        0.5740043520927429
                    ],
                    [
                        0.5730196833610535
                    ],
                    [
                        0.5720390677452087
                    ],
                    [
                        0.5710605978965759
                    ],
                    [
                        0.5700982213020325
                    ],
                    [
                        0.5691327452659607
                    ],
                    [
                        0.5681688785552979
                    ],
                    [
                        0.567206621170044
                    ],
                    [
                        0.5662498474121094
                    ],
                    [
                        0.5653014183044434
                    ],
                    [
                        0.5643594264984131
                    ],
                    [
                        0.563425600528717
                    ],
                    [
                        0.5624927282333374
                    ]
                ]
            ],
            "timesteps": [
                [
                    0,
                    1,
                    2,
                    3,
                    4,
                    5,
                    6,
                    7,
                    8,
                    9,
                    10,
                    11,
                    12,
                    13,
                    14,
                    15,
                    16,
                    17,
                    18,
                    19
                ]
            ],
            "labels": [
                [
                    2,
                    2,
                    2,
                    2,
                    2,
                    2,
                    2,
                    2,
                    2,
                    2,
                    2,
                    2,
                    2,
                    2,
                    2,
                    2,
                    2,
                    2,
                    2,
                    2
                ]
            ],
            "CPU Usage": 45.8,
            "RAM Usage": 54.9,
            "GPU Usage": 0.0,
            "VRAM Usage": 355.0,
            "Disk Read Speed (MB/s)": 206653.1865234375,
            "Disk Write Speed (MB/s)": 429163.9033203125
        },
        {
            "step": 1,
            "train_loss": 0.016200890764594078,
            "actions_pred1": [
                [
                    [
                        0.33294475078582764,
                        0.2202148288488388,
                        4.560919284820557,
                        -5.501584053039551
                    ],
                    [
                        0.6662976741790771,
                        0.438720166683197,
                        4.151377201080322,
                        -6.6104736328125
                    ],
                    [
                        1.2162131071090698,
                        0.9152412414550781,
                        4.081160545349121,
                        -7.115175724029541
                    ],
                    [
                        1.2839800119400024,
                        1.00545072555542,
                        4.111547470092773,
                        -6.910335540771484
                    ],
                    [
                        1.1894125938415527,
                        1.5448576211929321,
                        4.255614280700684,
                        -6.685009002685547
                    ],
                    [
                        1.4877347946166992,
                        1.8510525226593018,
                        3.9940133094787598,
                        -6.648971080780029
                    ],
                    [
                        1.5850549936294556,
                        2.0898609161376953,
                        3.6551167964935303,
                        -6.194561958312988
                    ],
                    [
                        1.871043086051941,
                        2.3542637825012207,
                        3.6225757598876953,
                        -6.051660060882568
                    ],
                    [
                        1.7358992099761963,
                        2.189222574234009,
                        3.5943660736083984,
                        -6.16922664642334
                    ],
                    [
                        2.0240976810455322,
                        2.342851400375366,
                        3.621574640274048,
                        -6.538844585418701
                    ],
                    [
                        2.283985137939453,
                        2.344350814819336,
                        3.4691367149353027,
                        -6.565472602844238
                    ],
                    [
                        2.361999034881592,
                        2.125070810317993,
                        3.5027430057525635,
                        -6.80297327041626
                    ],
                    [
                        2.703472137451172,
                        1.8367801904678345,
                        3.357091188430786,
                        -6.607443809509277
                    ],
                    [
                        2.775282859802246,
                        1.9226642847061157,
                        3.24961519241333,
                        -6.642553329467773
                    ],
                    [
                        2.9317140579223633,
                        1.8395516872406006,
                        3.188410997390747,
                        -6.655710220336914
                    ],
                    [
                        2.9391517639160156,
                        1.9019439220428467,
                        3.2417376041412354,
                        -6.513252258300781
                    ],
                    [
                        3.024930953979492,
                        1.9422485828399658,
                        3.1295318603515625,
                        -6.5500030517578125
                    ],
                    [
                        3.1959304809570312,
                        1.885316252708435,
                        3.084958791732788,
                        -6.695282459259033
                    ],
                    [
                        3.2159409523010254,
                        1.8097362518310547,
                        3.1156508922576904,
                        -6.730451583862305
                    ],
                    [
                        3.250735282897949,
                        1.8082821369171143,
                        3.14336895942688,
                        -6.642237186431885
                    ]
                ]
            ],
            "actions_pred": [
                [
                    [
                        0.33294475078582764,
                        0.6662976741790771,
                        1.2162131071090698,
                        1.2839800119400024,
                        1.1894125938415527,
                        1.4877347946166992,
                        1.5850549936294556,
                        1.871043086051941,
                        1.7358992099761963,
                        2.0240976810455322,
                        2.283985137939453,
                        2.361999034881592,
                        2.703472137451172,
                        2.775282859802246,
                        2.9317140579223633,
                        2.9391517639160156,
                        3.024930953979492,
                        3.1959304809570312,
                        3.2159409523010254,
                        3.250735282897949
                    ],
                    [
                        0.2202148288488388,
                        0.438720166683197,
                        0.9152412414550781,
                        1.00545072555542,
                        1.5448576211929321,
                        1.8510525226593018,
                        2.0898609161376953,
                        2.3542637825012207,
                        2.189222574234009,
                        2.342851400375366,
                        2.344350814819336,
                        2.125070810317993,
                        1.8367801904678345,
                        1.9226642847061157,
                        1.8395516872406006,
                        1.9019439220428467,
                        1.9422485828399658,
                        1.885316252708435,
                        1.8097362518310547,
                        1.8082821369171143
                    ],
                    [
                        4.560919284820557,
                        4.151377201080322,
                        4.081160545349121,
                        4.111547470092773,
                        4.255614280700684,
                        3.9940133094787598,
                        3.6551167964935303,
                        3.6225757598876953,
                        3.5943660736083984,
                        3.621574640274048,
                        3.4691367149353027,
                        3.5027430057525635,
                        3.357091188430786,
                        3.24961519241333,
                        3.188410997390747,
                        3.2417376041412354,
                        3.1295318603515625,
                        3.084958791732788,
                        3.1156508922576904,
                        3.14336895942688
                    ],
                    [
                        -5.501584053039551,
                        -6.6104736328125,
                        -7.115175724029541,
                        -6.910335540771484,
                        -6.685009002685547,
                        -6.648971080780029,
                        -6.194561958312988,
                        -6.051660060882568,
                        -6.16922664642334,
                        -6.538844585418701,
                        -6.565472602844238,
                        -6.80297327041626,
                        -6.607443809509277,
                        -6.642553329467773,
                        -6.655710220336914,
                        -6.513252258300781,
                        -6.5500030517578125,
                        -6.695282459259033,
                        -6.730451583862305,
                        -6.642237186431885
                    ]
                ]
            ],
            "states": [
                [
                    [
                        5527016.0,
                        1.5349276509368792e-05,
                        0.0002737951872404665,
                        805844.5
                    ],
                    [
                        5095512.0,
                        1.517824421171099e-05,
                        0.0002537628752179444,
                        822709.0625
                    ],
                    [
                        5057864.0,
                        1.501830956840422e-05,
                        0.0002845273702405393,
                        817377.8125
                    ],
                    [
                        5703672.0,
                        1.4852455933578312e-05,
                        0.00027429292094893754,
                        848477.75
                    ],
                    [
                        5414072.0,
                        1.4684866982861422e-05,
                        0.0002784566895570606,
                        829260.1875
                    ],
                    [
                        5337328.0,
                        1.452638753107749e-05,
                        0.00027366288122721016,
                        838067.9375
                    ],
                    [
                        5141848.0,
                        1.4375169484992512e-05,
                        0.0002617421268951148,
                        823064.0
                    ],
                    [
                        5211352.0,
                        1.422882269253023e-05,
                        0.000270931632257998,
                        844933.9375
                    ],
                    [
                        5386560.0,
                        1.4082077541388571e-05,
                        0.00027350522577762604,
                        861893.1875
                    ],
                    [
                        5118680.0,
                        1.3939571545051876e-05,
                        0.0002609447401482612,
                        831639.4375
                    ],
                    [
                        5401040.0,
                        1.3799754015053622e-05,
                        0.0002695223083719611,
                        814358.625
                    ],
                    [
                        5211352.0,
                        1.3661498996953014e-05,
                        0.00026009109569713473,
                        868776.75
                    ],
                    [
                        142.0,
                        0.21944443881511688,
                        0.00015429843915626407,
                        853.0870361328125
                    ],
                    [
                        4879797.0,
                        0.008871808648109436,
                        0.0001451207062928006,
                        568995.3125
                    ],
                    [
                        6620256.0,
                        0.0009351735934615135,
                        0.00015239168715197593,
                        450753.09375
                    ],
                    [
                        9419240.0,
                        0.00045934959780424833,
                        0.0001363051705993712,
                        480722.0
                    ],
                    [
                        9852192.0,
                        0.0002833923790603876,
                        0.0001300903531955555,
                        459858.53125
                    ],
                    [
                        9448200.0,
                        0.0002050806797342375,
                        0.026162419468164444,
                        444324.5625
                    ],
                    [
                        10519720.0,
                        0.00015983681078068912,
                        0.00028762174770236015,
                        442793.625
                    ],
                    [
                        11032312.0,
                        0.00012905527546536177,
                        0.00021737493807449937,
                        442420.15625
                    ]
                ]
            ],
            "actions": [
                [
                    [
                        0.75
                    ],
                    [
                        0.75
                    ],
                    [
                        0.75
                    ],
                    [
                        0.75
                    ],
                    [
                        0.75
                    ],
                    [
                        0.75
                    ],
                    [
                        0.75
                    ],
                    [
                        0.75
                    ],
                    [
                        0.75
                    ],
                    [
                        0.75
                    ],
                    [
                        0.75
                    ],
                    [
                        0.75
                    ],
                    [
                        0.25
                    ],
                    [
                        0.25
                    ],
                    [
                        0.25
                    ],
                    [
                        0.25
                    ],
                    [
                        0.25
                    ],
                    [
                        0.25
                    ],
                    [
                        0.25
                    ],
                    [
                        0.25
                    ]
                ]
            ],
            "returns": [
                [
                    [
                        0.30454936623573303
                    ],
                    [
                        0.30361291766166687
                    ],
                    [
                        0.3026837110519409
                    ],
                    [
                        0.3017551302909851
                    ],
                    [
                        0.3008159101009369
                    ],
                    [
                        0.29988130927085876
                    ],
                    [
                        0.2989479601383209
                    ],
                    [
                        0.2980179190635681
                    ],
                    [
                        0.2970867156982422
                    ],
                    [
                        0.2961525619029999
                    ],
                    [
                        0.2952229082584381
                    ],
                    [
                        0.2942885160446167
                    ],
                    [
                        0.29335731267929077
                    ],
                    [
                        0.29335731267929077
                    ],
                    [
                        0.29243192076683044
                    ],
                    [
                        0.2914794683456421
                    ],
                    [
                        0.29049578309059143
                    ],
                    [
                        0.2895081043243408
                    ],
                    [
                        0.2885241210460663
                    ],
                    [
                        0.2875306308269501
                    ]
                ]
            ],
            "timesteps": [
                [
                    300,
                    301,
                    302,
                    303,
                    304,
                    305,
                    306,
                    307,
                    308,
                    309,
                    310,
                    311,
                    312,
                    313,
                    314,
                    315,
                    316,
                    317,
                    318,
                    319
                ]
            ],
            "labels": [
                [
                    2,
                    2,
                    2,
                    2,
                    2,
                    2,
                    2,
                    2,
                    2,
                    2,
                    2,
                    2,
                    0,
                    0,
                    0,
                    0,
                    0,
                    0,
                    0,
                    0
                ]
            ],
            "CPU Usage": 46.6,
            "RAM Usage": 55.2,
            "GPU Usage": 0.0,
            "VRAM Usage": 355.0,
            "Disk Read Speed (MB/s)": 206653.1865234375,
            "Disk Write Speed (MB/s)": 429164.2001953125
        },
        {
            "step": 2,
            "train_loss": 0.0006686701672151685,
            "actions_pred1": [
                [
                    [
                        -1.1943989992141724,
                        3.2260186672210693,
                        4.839786052703857,
                        -3.2400598526000977
                    ],
                    [
                        -0.6430100202560425,
                        1.9266448020935059,
                        5.860572814941406,
                        -3.767223596572876
                    ],
                    [
                        -0.32321467995643616,
                        1.710162878036499,
                        6.174688816070557,
                        -4.0549516677856445
                    ],
                    [
                        -0.07613462209701538,
                        1.7424960136413574,
                        6.214231014251709,
                        -4.278209686279297
                    ],
                    [
                        -0.2635861039161682,
                        1.6732871532440186,
                        5.967668533325195,
                        -4.500436782836914
                    ],
                    [
                        -0.21765382587909698,
                        1.0044770240783691,
                        5.647007942199707,
                        -4.395108222961426
                    ],
                    [
                        -0.42027005553245544,
                        0.8206688165664673,
                        5.604822158813477,
                        -4.22035551071167
                    ],
                    [
                        -0.6672067046165466,
                        0.799399733543396,
                        5.6759724617004395,
                        -4.347999572753906
                    ],
                    [
                        -0.637123703956604,
                        0.8304660320281982,
                        5.729743957519531,
                        -4.326219081878662
                    ],
                    [
                        -0.6048212647438049,
                        0.9511048793792725,
                        5.798730850219727,
                        -4.580517292022705
                    ],
                    [
                        -0.6636729836463928,
                        1.0705112218856812,
                        5.909191608428955,
                        -4.660021781921387
                    ],
                    [
                        -0.6268004775047302,
                        1.1666581630706787,
                        5.93881368637085,
                        -4.6886515617370605
                    ],
                    [
                        -0.6768795251846313,
                        1.3273359537124634,
                        5.935243129730225,
                        -4.570986270904541
                    ],
                    [
                        -0.5739197134971619,
                        1.3012080192565918,
                        5.831888198852539,
                        -4.553189277648926
                    ],
                    [
                        -0.5135888457298279,
                        1.3278623819351196,
                        5.848331928253174,
                        -4.805274486541748
                    ],
                    [
                        -0.43584609031677246,
                        1.3881399631500244,
                        5.70521879196167,
                        -4.816099166870117
                    ],
                    [
                        -0.25717657804489136,
                        1.268549919128418,
                        5.779051780700684,
                        -4.781002521514893
                    ],
                    [
                        -0.2920275628566742,
                        1.272688388824463,
                        5.6919846534729,
                        -4.769394874572754
                    ],
                    [
                        -0.24415826797485352,
                        1.3984276056289673,
                        5.705408096313477,
                        -4.767030239105225
                    ],
                    [
                        -0.2689606249332428,
                        1.391402244567871,
                        5.714812755584717,
                        -4.718699932098389
                    ]
                ]
            ],
            "actions_pred": [
                [
                    [
                        -1.1943989992141724,
                        -0.6430100202560425,
                        -0.32321467995643616,
                        -0.07613462209701538,
                        -0.2635861039161682,
                        -0.21765382587909698,
                        -0.42027005553245544,
                        -0.6672067046165466,
                        -0.637123703956604,
                        -0.6048212647438049,
                        -0.6636729836463928,
                        -0.6268004775047302,
                        -0.6768795251846313,
                        -0.5739197134971619,
                        -0.5135888457298279,
                        -0.43584609031677246,
