{
    "steps": [
        {
            "step": 0,
            "train_loss": 0.011727334931492805,
            "actions_pred1": [
                [
                    [
                        1.261999249458313,
                        2.1929008960723877,
                        1.095298409461975,
                        -3.6269450187683105
                    ],
                    [
                        1.6405482292175293,
                        1.6563963890075684,
                        1.2152836322784424,
                        -4.478418350219727
                    ],
                    [
                        1.4906798601150513,
                        2.085948944091797,
                        0.8601699471473694,
                        -4.684686183929443
                    ],
                    [
                        1.1461941003799438,
                        2.119105815887451,
                        0.8074456453323364,
                        -4.455472469329834
                    ],
                    [
                        1.2700949907302856,
                        2.1210291385650635,
                        0.8661296367645264,
                        -4.797718048095703
                    ],
                    [
                        1.231217861175537,
                        2.1899001598358154,
                        0.8470256328582764,
                        -5.396452903747559
                    ],
                    [
                        1.1534335613250732,
                        2.5977091789245605,
                        1.0162808895111084,
                        -5.623568534851074
                    ],
                    [
                        0.9928127527236938,
                        2.4156508445739746,
                        0.6776660680770874,
                        -5.513774871826172
                    ],
                    [
                        1.0280685424804688,
                        2.421497344970703,
                        0.5653293132781982,
                        -5.806347846984863
                    ],
                    [
                        1.130894422531128,
                        2.543501377105713,
                        0.6824581027030945,
                        -5.799366474151611
                    ],
                    [
                        1.192901372909546,
                        2.5021238327026367,
                        0.6883645057678223,
                        -5.534951210021973
                    ],
                    [
                        1.1787477731704712,
                        2.59026837348938,
                        0.8339315056800842,
                        -5.472648620605469
                    ],
                    [
                        1.3086572885513306,
                        2.6101722717285156,
                        0.7197031378746033,
                        -5.457037925720215
                    ],
                    [
                        1.3288474082946777,
                        3.0487163066864014,
                        0.615481972694397,
                        -5.753841876983643
                    ],
                    [
                        1.205991268157959,
                        3.4520130157470703,
                        0.7821628451347351,
                        -6.474898338317871
                    ],
                    [
                        1.1941704750061035,
                        3.452328681945801,
                        0.807201087474823,
                        -6.260950565338135
                    ],
                    [
                        1.0558207035064697,
                        3.368161678314209,
                        1.0956394672393799,
                        -6.436307907104492
                    ],
                    [
                        1.4749202728271484,
                        3.287811040878296,
                        1.0680363178253174,
                        -6.355854034423828
                    ],
                    [
                        1.439079761505127,
                        3.375497341156006,
                        0.7844971418380737,
                        -6.361724376678467
                    ],
                    [
                        1.3969849348068237,
                        3.310943365097046,
                        0.8041448593139648,
                        -6.239398956298828
                    ]
                ]
            ],
            "actions_pred": [
                [
                    [
                        1.261999249458313,
                        1.6405482292175293,
                        1.4906798601150513,
                        1.1461941003799438,
                        1.2700949907302856,
                        1.231217861175537,
                        1.1534335613250732,
                        0.9928127527236938,
                        1.0280685424804688,
                        1.130894422531128,
                        1.192901372909546,
                        1.1787477731704712,
                        1.3086572885513306,
                        1.3288474082946777,
                        1.205991268157959,
                        1.1941704750061035,
                        1.0558207035064697,
                        1.4749202728271484,
                        1.439079761505127,
                        1.3969849348068237
                    ],
                    [
                        2.1929008960723877,
                        1.6563963890075684,
                        2.085948944091797,
                        2.119105815887451,
                        2.1210291385650635,
                        2.1899001598358154,
                        2.5977091789245605,
                        2.4156508445739746,
                        2.421497344970703,
                        2.543501377105713,
                        2.5021238327026367,
                        2.59026837348938,
                        2.6101722717285156,
                        3.0487163066864014,
                        3.4520130157470703,
                        3.452328681945801,
                        3.368161678314209,
                        3.287811040878296,
                        3.375497341156006,
                        3.310943365097046
                    ],
                    [
                        1.095298409461975,
                        1.2152836322784424,
                        0.8601699471473694,
                        0.8074456453323364,
                        0.8661296367645264,
                        0.8470256328582764,
                        1.0162808895111084,
                        0.6776660680770874,
                        0.5653293132781982,
                        0.6824581027030945,
                        0.6883645057678223,
                        0.8339315056800842,
                        0.7197031378746033,
                        0.615481972694397,
                        0.7821628451347351,
                        0.807201087474823,
                        1.0956394672393799,
                        1.0680363178253174,
                        0.7844971418380737,
                        0.8041448593139648
                    ],
                    [
                        -3.6269450187683105,
                        -4.478418350219727,
                        -4.684686183929443,
                        -4.455472469329834,
                        -4.797718048095703,
                        -5.396452903747559,
                        -5.623568534851074,
                        -5.513774871826172,
                        -5.806347846984863,
                        -5.799366474151611,
                        -5.534951210021973,
                        -5.472648620605469,
                        -5.457037925720215,
                        -5.753841876983643,
                        -6.474898338317871,
                        -6.260950565338135,
                        -6.436307907104492,
                        -6.355854034423828,
                        -6.361724376678467,
                        -6.239398956298828
                    ]
                ]
            ],
            "states": [
                [
                    [
                        4019648.0,
                        3.81172176275868e-05,
                        0.00027542549651116133,
                        604074.25
                    ],
                    [
                        3591040.0,
                        3.7697544030379504e-05,
                        0.00025879128952510655,
                        645691.25
                    ],
                    [
                        4225264.0,
                        3.727625517058186e-05,
                        0.0002528103068470955,
                        514911.09375
                    ],
                    [
                        4439568.0,
                        3.6820012610405684e-05,
                        0.00020026147831231356,
                        552938.5
                    ],
                    [
                        5228728.0,
                        3.6324065149528906e-05,
                        0.00022364039614330977,
                        577892.375
                    ],
                    [
                        5965760.0,
                        3.5766250221058726e-05,
                        0.0002323320077266544,
                        503764.8125
                    ],
                    [
                        6114904.0,
                        3.518302401062101e-05,
                        0.00023472661268897355,
                        508360.15625
                    ],
                    [
                        5644304.0,
                        3.463315078988671e-05,
                        0.00024062122975010425,
                        571257.3125
                    ],
                    [
                        5870192.0,
                        3.411128273000941e-05,
                        0.0001874879380920902,
                        547187.9375
                    ],
                    [
                        5618240.0,
                        3.360593836987391e-05,
                        0.00025532711879350245,
                        590262.375
                    ],
                    [
                        6352376.0,
                        3.3095278922701254e-05,
                        0.0002452299522701651,
                        574275.5
                    ],
                    [
                        5702224.0,
                        3.259619916207157e-05,
                        0.00023082415282260627,
                        543057.75
                    ],
                    [
                        7646888.0,
                        3.206136170774698e-05,
                        0.00026125748991034925,
                        526472.875
                    ],
                    [
                        5964312.0,
                        3.153302532155067e-05,
                        0.00024003862927202135,
                        536332.125
                    ],
                    [
                        5580592.0,
                        3.109858516836539e-05,
                        0.00019315553072374314,
                        564225.875
                    ],
                    [
                        6007752.0,
                        3.0674520530737936e-05,
                        0.00022412248654291034,
                        547189.8125
                    ],
                    [
                        4469976.0,
                        3.0300650905701332e-05,
                        0.00023788119142409414,
                        655379.0
                    ],
                    [
                        3631584.0,
                        3.0017836252227426e-05,
                        0.0002484873402863741,
                        709152.875
                    ],
                    [
                        3940008.0,
                        2.9758366508758627e-05,
                        0.00025739934062585235,
                        659045.125
                    ],
                    [
                        3424520.0,
                        2.951018359453883e-05,
                        0.00019004895875696093,
                        668658.9375
                    ]
                ]
            ],
            "actions": [
                [
                    [
                        0.5
                    ],
                    [
                        0.5
                    ],
                    [
                        0.5
                    ],
                    [
                        0.5
                    ],
                    [
                        0.5
                    ],
                    [
                        0.5
                    ],
                    [
                        0.5
                    ],
                    [
                        0.5
                    ],
                    [
                        0.5
                    ],
                    [
                        0.5
                    ],
                    [
                        0.5
                    ],
                    [
                        0.5
                    ],
                    [
                        0.5
                    ],
                    [
                        0.5
                    ],
                    [
                        0.5
                    ],
                    [
                        0.5
                    ],
                    [
                        0.5
                    ],
                    [
                        0.5
                    ],
                    [
                        0.5
                    ],
                    [
                        0.5
                    ]
                ]
            ],
            "returns": [
                [
                    [
                        0.13405705988407135
                    ],
                    [
                        0.13314884901046753
                    ],
                    [
                        0.13225065171718597
                    ],
                    [
                        0.13133801519870758
                    ],
                    [
                        0.1304210126399994
                    ],
                    [
                        0.1294894963502884
                    ],
                    [
                        0.12854628264904022
                    ],
                    [
                        0.12760089337825775
                    ],
                    [
                        0.12666259706020355
                    ],
                    [
                        0.12572081387043
                    ],
                    [
                        0.12478292733430862
                    ],
                    [
                        0.12383415549993515
                    ],
                    [
                        0.12289495021104813
                    ],
                    [
                        0.12192973494529724
                    ],
                    [
                        0.12098655104637146
                    ],
                    [
                        0.12004926055669785
                    ],
                    [
                        0.11910542845726013
                    ],
                    [
                        0.118187814950943
                    ],
                    [
                        0.11728861182928085
                    ],
                    [
                        0.1163821816444397
                    ]
                ]
            ],
            "timesteps": [
                [
                    480,
                    481,
                    482,
                    483,
                    484,
                    485,
                    486,
                    487,
                    488,
                    489,
                    490,
                    491,
                    492,
                    493,
                    494,
                    495,
                    496,
                    497,
                    498,
                    499
                ]
            ],
            "labels": [
                [
                    1,
                    1,
                    1,
                    1,
                    1,
                    1,
                    1,
                    1,
                    1,
                    1,
                    1,
                    1,
                    1,
                    1,
                    1,
                    1,
                    1,
                    1,
                    1,
                    1
                ]
            ],
            "CPU Usage": 46.4,
            "RAM Usage": 55.0,
            "GPU Usage": 0.0,
            "VRAM Usage": 355.0,
            "Disk Read Speed (MB/s)": 206645.2412109375,
            "Disk Write Speed (MB/s)": 413145.7119140625
        },
        {
            "step": 1,
            "train_loss": 0.0010237193200737238,
            "actions_pred1": [
                [
                    [
                        -0.6834684014320374,
                        4.031157493591309,
                        1.2091742753982544,
                        -1.8066082000732422
                    ],
                    [
                        -0.7594095468521118,
                        4.288063049316406,
                        0.8282304406166077,
                        -2.2548224925994873
                    ],
                    [
                        -0.6920673251152039,
                        4.642314910888672,
                        0.9633835554122925,
                        -2.8624653816223145
                    ],
                    [
                        -0.529883623123169,
                        5.047956466674805,
                        0.9040738344192505,
                        -3.2430388927459717
                    ],
                    [
                        -0.3018076717853546,
                        5.189796447753906,
                        0.8596166968345642,
                        -3.2687225341796875
                    ],
                    [
                        -0.0774122029542923,
                        5.2804274559021,
                        1.1336191892623901,
                        -3.5827574729919434
                    ],
                    [
                        -0.09567882120609283,
                        5.444087505340576,
                        1.2665883302688599,
                        -3.958174705505371
                    ],
                    [
                        -0.10049262642860413,
                        5.322300910949707,
                        1.317409634590149,
                        -4.270735740661621
                    ],
                    [
                        0.20914186537265778,
                        5.096803188323975,
                        1.7292299270629883,
                        -4.255929946899414
                    ],
                    [
                        0.20954403281211853,
                        5.258739948272705,
                        1.7666364908218384,
                        -4.405813217163086
                    ],
                    [
                        0.0707884430885315,
                        5.132420539855957,
                        1.7011654376983643,
                        -4.481472015380859
                    ],
                    [
                        0.15939339995384216,
                        5.028926372528076,
                        1.7281886339187622,
                        -4.442837715148926
                    ],
                    [
                        0.3171902000904083,
                        5.215063095092773,
                        1.6747523546218872,
                        -4.565523624420166
                    ],
                    [
                        0.37737831473350525,
                        5.3281779289245605,
                        1.662144660949707,
                        -4.873966693878174
                    ],
                    [
                        0.22414124011993408,
                        5.468863010406494,
                        1.565616250038147,
                        -4.93735933303833
                    ],
                    [
                        0.3793187737464905,
                        5.536153316497803,
                        1.6077032089233398,
                        -4.978172302246094
                    ],
                    [
                        0.46199899911880493,
                        5.353937149047852,
                        1.8311339616775513,
                        -5.001021862030029
                    ],
                    [
                        0.42852210998535156,
                        5.521608829498291,
                        1.9763013124465942,
                        -5.0881452560424805
                    ],
                    [
                        0.4276863634586334,
                        5.561628818511963,
                        1.9499608278274536,
                        -5.282219409942627
                    ],
                    [
                        0.5687842965126038,
                        5.554892539978027,
                        2.1000895500183105,
                        -5.37659215927124
                    ]
                ]
            ],
            "actions_pred": [
                [
                    [
                        -0.6834684014320374,
                        -0.7594095468521118,
                        -0.6920673251152039,
                        -0.529883623123169,
                        -0.3018076717853546,
                        -0.0774122029542923,
                        -0.09567882120609283,
                        -0.10049262642860413,
                        0.20914186537265778,
                        0.20954403281211853,
                        0.0707884430885315,
                        0.15939339995384216,
                        0.3171902000904083,
                        0.37737831473350525,
                        0.22414124011993408,
                        0.3793187737464905,
                        0.46199899911880493,
                        0.42852210998535156,
                        0.4276863634586334,
                        0.5687842965126038
                    ],
                    [
                        4.031157493591309,
                        4.288063049316406,
                        4.642314910888672,
                        5.047956466674805,
                        5.189796447753906,
                        5.2804274559021,
                        5.444087505340576,
                        5.322300910949707,
                        5.096803188323975,
                        5.258739948272705,
                        5.132420539855957,
                        5.028926372528076,
                        5.215063095092773,
                        5.3281779289245605,
                        5.468863010406494,
                        5.536153316497803,
                        5.353937149047852,
                        5.521608829498291,
                        5.561628818511963,
                        5.554892539978027
                    ],
                    [
                        1.2091742753982544,
                        0.8282304406166077,
                        0.9633835554122925,
                        0.9040738344192505,
                        0.8596166968345642,
                        1.1336191892623901,
                        1.2665883302688599,
                        1.317409634590149,
                        1.7292299270629883,
                        1.7666364908218384,
                        1.7011654376983643,
                        1.7281886339187622,
                        1.6747523546218872,
                        1.662144660949707,
                        1.565616250038147,
                        1.6077032089233398,
                        1.8311339616775513,
                        1.9763013124465942,
                        1.9499608278274536,
                        2.1000895500183105
                    ],
                    [
                        -1.8066082000732422,
                        -2.2548224925994873,
                        -2.8624653816223145,
                        -3.2430388927459717,
                        -3.2687225341796875,
                        -3.5827574729919434,
                        -3.958174705505371,
                        -4.270735740661621,
                        -4.255929946899414,
                        -4.405813217163086,
                        -4.481472015380859,
                        -4.442837715148926,
                        -4.565523624420166,
                        -4.873966693878174,
                        -4.93735933303833,
                        -4.978172302246094,
                        -5.001021862030029,
                        -5.0881452560424805,
                        -5.282219409942627,
                        -5.37659215927124
                    ]
                ]
            ],
            "states": [
                [
                    [
                        5059312.0,
                        9.1049492766615e-05,
                        0.0002829945588018745,
                        570940.9375
                    ],
                    [
                        5117232.0,
                        8.226631325669587e-05,
                        0.00027779326774179935,
                        553102.75
                    ],
                    [
                        5535704.0,
                        7.472792640328407e-05,
                        0.00029917724896222353,
                        546738.9375
                    ],
                    [
                        4970984.0,
                        6.851889338577166e-05,
                        0.00037997434264980257,
                        615590.1875
                    ],
                    [
                        2654184.0,
                        6.460718577727675e-05,
                        0.00029415389872156084,
                        481818.0625
                    ],
                    [
                        4494592.0,
                        6.135837611509487e-05,
                        0.00029440681100822985,
                        522992.78125
                    ],
                    [
                        4348344.0,
                        5.774946475867182e-05,
                        0.00028164629475213587,
                        491780.875
                    ],
                    [
                        4933336.0,
                        5.439664164441638e-05,
                        0.00027785348356701434,
                        520398.875
                    ],
                    [
                        4701656.0,
                        5.129960845806636e-05,
                        0.00038381022750400007,
                        575110.6875
                    ],
                    [
                        4578576.0,
                        4.8633406549924985e-05,
                        0.0002961547579616308,
                        495802.21875
                    ],
                    [
                        3149400.0,
                        4.661144339479506e-05,
                        0.00029962105327285826,
                        505119.28125
                    ],
                    [
                        4999944.0,
                        4.466465179575607e-05,
                        0.00029777659801766276,
                        484590.125
                    ],
                    [
                        5011528.0,
                        4.247795732226223e-05,
                        0.0002728095860220492,
                        482498.96875
                    ],
                    [
                        5127368.0,
                        4.047168113174848e-05,
                        0.0002930021146312356,
                        492467.5625
                    ],
                    [
                        5149088.0,
                        3.862225275952369e-05,
                        0.0005929499748162925,
                        510973.59375
                    ],
                    [
                        3434656.0,
                        3.7198835343588144e-05,
                        0.00017766767996363342,
                        518040.0625
                    ],
                    [
                        4734960.0,
                        3.594371446524747e-05,
                        0.00018339134112466127,
                        483570.8125
                    ],
                    [
                        4713240.0,
                        3.459137587924488e-05,
                        0.00019205290300305933,
                        485131.46875
                    ],
                    [
                        5099856.0,
                        3.3291154977632686e-05,
                        0.0002024973655352369,
                        498759.9375
                    ],
                    [
                        5243208.0,
                        3.2021918741520494e-05,
                        0.0002613598189782351,
                        496721.28125
                    ]
                ]
            ],
            "actions": [
                [
                    [
                        0.5
                    ],
                    [
                        0.5
                    ],
                    [
                        0.5
                    ],
                    [
                        0.5
                    ],
                    [
                        0.5
                    ],
                    [
                        0.5
                    ],
                    [
                        0.5
                    ],
                    [
                        0.5
                    ],
                    [
                        0.5
                    ],
                    [
                        0.5
                    ],
                    [
                        0.5
                    ],
                    [
                        0.5
                    ],
                    [
                        0.5
                    ],
                    [
                        0.5
                    ],
                    [
                        0.5
                    ],
                    [
                        0.5
                    ],
                    [
                        0.5
                    ],
                    [
                        0.5
                    ],
                    [
                        0.5
                    ],
                    [
                        0.5
                    ]
                ]
            ],
            "returns": [
                [
                    [
                        0.4691389203071594
                    ],
                    [
                        0.4682103097438812
                    ],
                    [
                        0.46728071570396423
                    ],
                    [
                        0.46634411811828613
                    ],
                    [
                        0.4654170870780945
                    ],
                    [
                        0.46454569697380066
                    ],
                    [
                        0.46362757682800293
                    ],
                    [
                        0.4627124071121216
                    ],
                    [
                        0.46178606152534485
                    ],
                    [
                        0.46086394786834717
                    ],
                    [
                        0.4599442183971405
                    ],
                    [
                        0.45905765891075134
                    ],
                    [
                        0.4581300914287567
                    ],
                    [
                        0.45720234513282776
                    ],
                    [
                        0.45627257227897644
                    ],
                    [
                        0.4553424119949341
                    ],
                    [
                        0.4544481337070465
                    ],
                    [
                        0.4535254240036011
                    ],
                    [
                        0.4526031017303467
                    ],
                    [
                        0.45167380571365356
                    ]
                ]
            ],
            "timesteps": [
                [
                    120,
                    121,
                    122,
                    123,
                    124,
                    125,
                    126,
                    127,
                    128,
                    129,
                    130,
                    131,
                    132,
                    133,
                    134,
                    135,
                    136,
                    137,
                    138,
                    139
                ]
            ],
            "labels": [
                [
                    1,
                    1,
                    1,
                    1,
                    1,
                    1,
                    1,
                    1,
                    1,
                    1,
                    1,
                    1,
                    1,
                    1,
                    1,
                    1,
                    1,
                    1,
                    1,
                    1
                ]
            ],
            "CPU Usage": 46.8,
            "RAM Usage": 55.1,
            "GPU Usage": 0.0,
            "VRAM Usage": 355.0,
            "Disk Read Speed (MB/s)": 206645.2412109375,
            "Disk Write Speed (MB/s)": 413145.7939453125
        },
        {
            "step": 2,
            "train_loss": 0.0688428059220314,
            "actions_pred1": [
                [
                    [
                        1.3407225608825684,
                        2.888333320617676,
                        2.439948558807373,
                        -4.596146583557129
                    ],
                    [
                        1.0955957174301147,
                        2.9962494373321533,
                        2.426953077316284,
                        -4.9067816734313965
                    ],
                    [
                        1.2560899257659912,
                        3.831744432449341,
                        2.224595069885254,
                        -4.846716403961182
                    ],
                    [
                        1.259445071220398,
                        3.8922481536865234,
                        2.0676262378692627,
                        -5.105828285217285
                    ],
                    [
                        1.444875717163086,
                        3.5645203590393066,
                        2.1090574264526367,
                        -5.9141740798950195
                    ],
                    [
                        1.4303935766220093,
                        3.221842050552368,
                        2.0315303802490234,
                        -5.982999801635742
                    ],
                    [
                        1.5087422132492065,
                        3.051478385925293,
                        2.0388543605804443,
                        -6.312533855438232
                    ],
                    [
                        1.4395930767059326,
                        3.187495708465576,
                        2.1415061950683594,
                        -6.488015651702881
                    ],
                    [
                        1.7541521787643433,
                        3.2547414302825928,
                        2.355832576751709,
                        -6.88640022277832
                    ],
                    [
                        1.7162035703659058,
                        3.4873769283294678,
                        2.1782190799713135,
                        -6.499094009399414
                    ],
                    [
                        1.5681992769241333,
                        3.4650168418884277,
                        1.9465221166610718,
                        -6.81720495223999
                    ],
                    [
                        1.5973697900772095,
                        2.854574203491211,
                        2.0691733360290527,
                        -6.603183269500732
                    ],
                    [
                        1.438037395477295,
                        2.99694561958313,
                        2.2725396156311035,
                        -6.4494242668151855
                    ],
                    [
                        1.4242393970489502,
                        2.9514098167419434,
                        2.2429518699645996,
                        -6.360602378845215
                    ],
                    [
                        1.4845317602157593,
                        3.096158027648926,
                        2.180260181427002,
                        -6.400721549987793
                    ],
                    [
                        1.426122784614563,
                        2.8802926540374756,
                        2.181473731994629,
                        -6.4485554695129395
                    ],
                    [
                        1.2408030033111572,
                        2.819523811340332,
                        2.3195502758026123,
                        -6.411024570465088
                    ],
                    [
                        1.338841199874878,
                        2.9052035808563232,
                        2.096670627593994,
                        -6.214967727661133
                    ],
                    [
                        1.4369802474975586,
                        3.024502754211426,
                        2.1656079292297363,
                        -6.3535966873168945
                    ],
                    [
                        1.354475975036621,
                        3.3190410137176514,
                        2.089050769805908,
                        -6.7716474533081055
                    ]
                ]
            ],
            "actions_pred": [
                [
                    [
                        1.3407225608825684,
                        1.0955957174301147,
                        1.2560899257659912,
                        1.259445071220398,
                        1.444875717163086,
                        1.4303935766220093,
                        1.5087422132492065,
                        1.4395930767059326,
                        1.7541521787643433,
                        1.7162035703659058,
                        1.5681992769241333,
                        1.5973697900772095,
                        1.438037395477295,
                        1.4242393970489502,
                        1.4845317602157593,
