{
    "steps": [
        {
            "step": 0,
            "train_loss": 0.000329645728925243,
            "actions_pred1": [
                [
                    [
                        0.7186840772628784,
                        0.9436149001121521,
                        4.317873001098633,
                        -4.166486740112305
                    ],
                    [
                        0.6781362295150757,
                        0.7350875735282898,
                        5.0203375816345215,
                        -4.4062418937683105
                    ],
                    [
                        1.131676197052002,
                        0.9873810410499573,
                        5.68612003326416,
                        -4.815768718719482
                    ],
                    [
                        1.1241737604141235,
                        0.4873276352882385,
                        6.136264324188232,
                        -5.591200351715088
                    ],
                    [
                        1.1013411283493042,
                        0.04242575168609619,
                        6.44656229019165,
                        -5.979101181030273
                    ],
                    [
                        1.012557029724121,
                        0.11939200758934021,
                        6.558788776397705,
                        -5.995266914367676
                    ],
                    [
                        0.876136302947998,
                        0.8964972496032715,
                        6.295969009399414,
                        -5.987275123596191
                    ],
                    [
                        0.9163214564323425,
                        0.8404911756515503,
                        6.62609338760376,
                        -5.957347393035889
                    ],
                    [
                        0.747892439365387,
                        0.9063824415206909,
                        6.528573989868164,
                        -6.167257785797119
                    ],
                    [
                        0.8061150312423706,
                        0.7133755683898926,
                        6.3884758949279785,
                        -6.410479545593262
                    ],
                    [
                        0.8150945901870728,
                        0.6098768711090088,
                        6.523355960845947,
                        -6.588761806488037
                    ],
                    [
                        0.8255885243415833,
                        0.6433477401733398,
                        6.463198184967041,
                        -6.77585506439209
                    ],
                    [
                        0.6919471025466919,
                        0.6431980133056641,
                        6.688999176025391,
                        -6.994649887084961
                    ],
                    [
                        0.9082399606704712,
                        0.5526080131530762,
                        6.754913330078125,
                        -6.789168834686279
                    ],
                    [
                        0.904812216758728,
                        0.6323425769805908,
                        6.721731185913086,
                        -6.7428483963012695
                    ],
                    [
                        0.8422722816467285,
                        0.7353360652923584,
                        6.78759765625,
                        -6.765995025634766
                    ],
                    [
                        0.7475171685218811,
                        0.7483375072479248,
                        6.754384517669678,
                        -6.9366536140441895
                    ],
                    [
                        0.7948722839355469,
                        0.8384092450141907,
                        6.776858806610107,
                        -6.792573928833008
                    ],
                    [
                        0.8075072765350342,
                        0.8628166913986206,
                        6.6871137619018555,
                        -6.6077752113342285
                    ],
                    [
                        0.8205564618110657,
                        0.8724257946014404,
                        6.717966079711914,
                        -6.625801086425781
                    ]
                ]
            ],
            "actions_pred": [
                [
                    [
                        0.7186840772628784,
                        0.6781362295150757,
                        1.131676197052002,
                        1.1241737604141235,
                        1.1013411283493042,
                        1.012557029724121,
                        0.876136302947998,
                        0.9163214564323425,
                        0.747892439365387,
                        0.8061150312423706,
                        0.8150945901870728,
                        0.8255885243415833,
                        0.6919471025466919,
                        0.9082399606704712,
                        0.904812216758728,
                        0.8422722816467285,
                        0.7475171685218811,
                        0.7948722839355469,
                        0.8075072765350342,
                        0.8205564618110657
                    ],
                    [
                        0.9436149001121521,
                        0.7350875735282898,
                        0.9873810410499573,
                        0.4873276352882385,
                        0.04242575168609619,
                        0.11939200758934021,
                        0.8964972496032715,
                        0.8404911756515503,
                        0.9063824415206909,
                        0.7133755683898926,
                        0.6098768711090088,
                        0.6433477401733398,
                        0.6431980133056641,
                        0.5526080131530762,
                        0.6323425769805908,
                        0.7353360652923584,
                        0.7483375072479248,
                        0.8384092450141907,
                        0.8628166913986206,
                        0.8724257946014404
                    ],
                    [
                        4.317873001098633,
                        5.0203375816345215,
                        5.68612003326416,
                        6.136264324188232,
                        6.44656229019165,
                        6.558788776397705,
                        6.295969009399414,
                        6.62609338760376,
                        6.528573989868164,
                        6.3884758949279785,
                        6.523355960845947,
                        6.463198184967041,
                        6.688999176025391,
                        6.754913330078125,
                        6.721731185913086,
                        6.78759765625,
                        6.754384517669678,
                        6.776858806610107,
                        6.6871137619018555,
                        6.717966079711914
                    ],
                    [
                        -4.166486740112305,
                        -4.4062418937683105,
                        -4.815768718719482,
                        -5.591200351715088,
                        -5.979101181030273,
                        -5.995266914367676,
                        -5.987275123596191,
                        -5.957347393035889,
                        -6.167257785797119,
                        -6.410479545593262,
                        -6.588761806488037,
                        -6.77585506439209,
                        -6.994649887084961,
                        -6.789168834686279,
                        -6.7428483963012695,
                        -6.765995025634766,
                        -6.9366536140441895,
                        -6.792573928833008,
                        -6.6077752113342285,
                        -6.625801086425781
                    ]
                ]
            ],
            "states": [
                [
                    [
                        5451720.0,
                        5.395679545472376e-05,
                        0.00037329201586544514,
                        787492.0625
                    ],
                    [
                        5280856.0,
                        5.18798733537551e-05,
                        0.00029995679506100714,
                        814349.6875
                    ],
                    [
                        5398144.0,
                        4.996706411475316e-05,
                        0.0002722619683481753,
                        830635.1875
                    ],
                    [
                        5419864.0,
                        4.8167821660172194e-05,
                        0.0002737951872404665,
                        823458.5625
                    ],
                    [
                        5285200.0,
                        4.651026029023342e-05,
                        0.0002537628752179444,
                        847604.5625
                    ],
                    [
                        5632720.0,
                        4.493406231631525e-05,
                        0.0002845273702405393,
                        778198.5625
                    ],
                    [
                        4926096.0,
                        4.350659582996741e-05,
                        0.00027429292094893754,
                        769937.4375
                    ],
                    [
                        5379320.0,
                        4.219951370032504e-05,
                        0.0002784566895570606,
                        775819.3125
                    ],
                    [
                        5141848.0,
                        4.0942868508864194e-05,
                        0.00027366288122721016,
                        804782.8125
                    ],
                    [
                        5422760.0,
                        3.9754886529408395e-05,
                        0.0002617421268951148,
                        784755.125
                    ],
                    [
                        5163568.0,
                        3.8631129427812994e-05,
                        0.000270931632257998,
                        777998.8125
                    ],
                    [
                        5172256.0,
                        3.7593843444483355e-05,
                        0.00027350522577762604,
                        827638.0
                    ],
                    [
                        5228728.0,
                        3.6604818888008595e-05,
                        0.0002609447401482612,
                        836480.3125
                    ],
                    [
                        5215696.0,
                        3.566250597941689e-05,
                        0.0002695223083719611,
                        842399.5625
                    ],
                    [
                        5496608.0,
                        3.474534969427623e-05,
                        0.00026009109569713473,
                        814649.5
                    ],
                    [
                        5165016.0,
                        3.3877906389534473e-05,
                        0.0002577552804723382,
                        820590.75
                    ],
                    [
                        5712360.0,
                        3.3036900276783854e-05,
                        0.0002756010799203068,
                        835693.0625
                    ],
                    [
                        5086824.0,
                        3.224165993742645e-05,
                        0.0002540297864470631,
                        845564.6875
                    ],
                    [
                        5490816.0,
                        3.14996468659956e-05,
                        0.00027847016463056207,
                        824773.25
                    ],
                    [
                        5183840.0,
                        3.078411828028038e-05,
                        0.0002814441977534443,
                        810358.5625
                    ]
                ]
            ],
            "actions": [
                [
                    [
                        0.75
                    ],
                    [
                        0.75
                    ],
                    [
                        0.75
                    ],
                    [
                        0.75
                    ],
                    [
                        0.75
                    ],
                    [
                        0.75
                    ],
                    [
                        0.75
                    ],
                    [
                        0.75
                    ],
                    [
                        0.75
                    ],
                    [
                        0.75
                    ],
                    [
                        0.75
                    ],
                    [
                        0.75
                    ],
                    [
                        0.75
                    ],
                    [
                        0.75
                    ],
                    [
                        0.75
                    ],
                    [
                        0.75
                    ],
                    [
                        0.75
                    ],
                    [
                        0.75
                    ],
                    [
                        0.75
                    ],
                    [
                        0.75
                    ]
                ]
            ],
            "returns": [
                [
                    [
                        0.36055833101272583
                    ],
                    [
                        0.35962310433387756
                    ],
                    [
                        0.35869070887565613
                    ],
                    [
                        0.3577563464641571
                    ],
                    [
                        0.3568216562271118
                    ],
                    [
                        0.3558892011642456
                    ],
                    [
                        0.35495108366012573
                    ],
                    [
                        0.35402485728263855
                    ],
                    [
                        0.3530908226966858
                    ],
                    [
                        0.352160781621933
                    ],
                    [
                        0.3512260317802429
                    ],
                    [
                        0.35029563307762146
                    ],
                    [
                        0.34936508536338806
                    ],
                    [
                        0.34843355417251587
                    ],
                    [
                        0.3475022614002228
                    ],
                    [
                        0.3465663194656372
                    ],
                    [
                        0.34563589096069336
                    ],
                    [
                        0.3446965217590332
                    ],
                    [
                        0.3437674641609192
                    ],
                    [
                        0.3428316116333008
                    ]
                ]
            ],
            "timesteps": [
                [
                    240,
                    241,
                    242,
                    243,
                    244,
                    245,
                    246,
                    247,
                    248,
                    249,
                    250,
                    251,
                    252,
                    253,
                    254,
                    255,
                    256,
                    257,
                    258,
                    259
                ]
            ],
            "labels": [
                [
                    2,
                    2,
                    2,
                    2,
                    2,
                    2,
                    2,
                    2,
                    2,
                    2,
                    2,
                    2,
                    2,
                    2,
                    2,
                    2,
                    2,
                    2,
                    2,
                    2
                ]
            ],
            "CPU Usage": 46.7,
            "RAM Usage": 55.0,
            "GPU Usage": 0.0,
            "VRAM Usage": 355.0,
            "Disk Read Speed (MB/s)": 206667.6240234375,
            "Disk Write Speed (MB/s)": 436355.8251953125
        },
        {
            "step": 1,
            "train_loss": 0.0050924476236104965,
            "actions_pred1": [
                [
                    [
                        1.9761271476745605,
                        2.838120222091675,
                        0.3886812925338745,
                        -5.447146892547607
                    ],
                    [
                        2.040706157684326,
                        3.4126367568969727,
                        0.8520625829696655,
                        -4.5765380859375
                    ],
                    [
                        2.2435383796691895,
                        3.90659236907959,
                        0.921831488609314,
                        -4.563557147979736
                    ],
                    [
                        2.1139330863952637,
                        4.304679870605469,
                        1.2157098054885864,
                        -4.622986793518066
                    ],
                    [
                        2.229950189590454,
                        4.519156455993652,
                        1.0780889987945557,
                        -4.814035415649414
                    ],
                    [
                        2.02431058883667,
                        4.283131122589111,
                        0.8142846822738647,
                        -4.95546293258667
                    ],
                    [
                        2.1678476333618164,
                        4.364919185638428,
                        0.940500020980835,
                        -4.963148593902588
                    ],
                    [
                        2.2735421657562256,
                        4.4915361404418945,
                        0.8386540412902832,
                        -5.015310287475586
                    ],
                    [
                        2.330570936203003,
                        4.373413562774658,
                        0.7403936386108398,
                        -5.000429153442383
                    ],
                    [
                        2.388662099838257,
                        4.562216281890869,
                        0.853814959526062,
                        -4.913009166717529
                    ],
                    [
                        2.271862506866455,
                        4.4179911613464355,
                        0.7546215057373047,
                        -5.131025314331055
                    ],
                    [
                        2.2605700492858887,
                        4.535783767700195,
                        0.7817725539207458,
                        -5.342737674713135
                    ],
                    [
                        2.145171642303467,
                        4.5287556648254395,
                        0.83349609375,
                        -5.326735496520996
                    ],
                    [
                        2.3320436477661133,
                        4.602604389190674,
                        0.9491400718688965,
                        -5.3937153816223145
                    ],
                    [
                        2.393709659576416,
                        4.5982184410095215,
                        1.0775624513626099,
                        -5.548061370849609
                    ],
                    [
                        2.5158092975616455,
                        4.446651935577393,
                        1.2104028463363647,
                        -5.685863018035889
                    ],
                    [
                        2.4947357177734375,
                        4.471678733825684,
                        1.2944025993347168,
                        -5.82213830947876
                    ],
                    [
                        2.4681625366210938,
                        4.532678604125977,
                        0.9292865991592407,
                        -5.7393646240234375
                    ],
                    [
                        2.4120211601257324,
                        4.460432052612305,
                        1.0459100008010864,
                        -5.7118659019470215
                    ],
                    [
                        2.3481316566467285,
                        4.273143291473389,
                        0.9824656248092651,
                        -5.744707107543945
                    ]
                ]
            ],
            "actions_pred": [
                [
                    [
                        1.9761271476745605,
                        2.040706157684326,
                        2.2435383796691895,
                        2.1139330863952637,
                        2.229950189590454,
                        2.02431058883667,
                        2.1678476333618164,
                        2.2735421657562256,
                        2.330570936203003,
                        2.388662099838257,
                        2.271862506866455,
                        2.2605700492858887,
                        2.145171642303467,
                        2.3320436477661133,
                        2.393709659576416,
                        2.5158092975616455,
                        2.4947357177734375,
                        2.4681625366210938,
                        2.4120211601257324,
                        2.3481316566467285
                    ],
                    [
                        2.838120222091675,
                        3.4126367568969727,
                        3.90659236907959,
                        4.304679870605469,
                        4.519156455993652,
                        4.283131122589111,
                        4.364919185638428,
                        4.4915361404418945,
                        4.373413562774658,
                        4.562216281890869,
                        4.4179911613464355,
                        4.535783767700195,
                        4.5287556648254395,
                        4.602604389190674,
                        4.5982184410095215,
                        4.446651935577393,
                        4.471678733825684,
                        4.532678604125977,
                        4.460432052612305,
                        4.273143291473389
                    ],
                    [
                        0.3886812925338745,
                        0.8520625829696655,
                        0.921831488609314,
                        1.2157098054885864,
                        1.0780889987945557,
                        0.8142846822738647,
                        0.940500020980835,
                        0.8386540412902832,
                        0.7403936386108398,
                        0.853814959526062,
                        0.7546215057373047,
                        0.7817725539207458,
                        0.83349609375,
                        0.9491400718688965,
                        1.0775624513626099,
                        1.2104028463363647,
                        1.2944025993347168,
                        0.9292865991592407,
                        1.0459100008010864,
                        0.9824656248092651
                    ],
                    [
                        -5.447146892547607,
                        -4.5765380859375,
                        -4.563557147979736,
                        -4.622986793518066,
                        -4.814035415649414,
                        -4.95546293258667,
                        -4.963148593902588,
                        -5.015310287475586,
                        -5.000429153442383,
                        -4.913009166717529,
                        -5.131025314331055,
                        -5.342737674713135,
                        -5.326735496520996,
                        -5.3937153816223145,
                        -5.548061370849609,
                        -5.685863018035889,
                        -5.82213830947876,
                        -5.7393646240234375,
                        -5.7118659019470215,
                        -5.744707107543945
                    ]
                ]
            ],
            "states": [
                [
                    [
                        6436360.0,
                        3.756791920750402e-05,
                        0.00023788119142409414,
                        525420.0
                    ],
                    [
                        5822408.0,
                        3.5673747333930805e-05,
                        0.0002484873402863741,
                        540076.8125
                    ],
                    [
                        6120696.0,
                        3.400527930352837e-05,
                        0.00025739934062585235,
                        546681.375
                    ],
                    [
                        6143632.0,
                        3.2446547265863046e-05,
                        0.00019004895875696093,
                        549135.1875
                    ],
                    [
                        6290344.0,
                        3.100591857219115e-05,
                        0.00022606240236200392,
                        515628.96875
                    ],
                    [
                        7225288.0,
                        2.9579521651612595e-05,
                        0.0002532026555854827,
                        501138.75
                    ],
                    [
                        5695216.0,
                        2.8330134227871895e-05,
                        0.0002667571825440973,
                        501280.09375
                    ],
                    [
                        6048296.0,
                        2.72848174063256e-05,
                        0.00026687141507864,
                        520591.84375
                    ],
                    [
                        5956840.0,
                        2.6292696929886006e-05,
                        0.0002529114135541022,
                        510954.5
                    ],
                    [
                        5511320.0,
                        2.5409783120267093e-05,
                        0.0002583715249784291,
                        498321.25
                    ],
                    [
                        7421000.0,
                        2.448467603244353e-05,
                        0.001365873496979475,
                        470548.53125
                    ],
                    [
                        6653560.0,
                        2.3549235265818425e-05,
                        0.0008239395683631301,
                        489404.40625
                    ],
                    [
                        5919424.0,
                        2.2772055672248825e-05,
                        0.0005388445570133626,
                        494672.6875
                    ],
                    [
                        6049744.0,
                        2.2078909751144238e-05,
                        0.0005018769879825413,
                        522203.84375
                    ],
                    [
                        5699328.0,
                        2.1438178009702824e-05,
                        0.0005396626074798405,
                        525676.375
                    ],
                    [
                        5907840.0,
                        2.084095285681542e-05,
                        0.00039070475031621754,
                        484434.71875
                    ],
                    [
                        7654128.0,
                        2.0184714230708778e-05,
                        0.00037147922557778656,
                        485244.75
                    ],
                    [
                        6171376.0,
                        1.9555423932615668e-05,
                        0.00035373689024709165,
                        520211.9375
                    ],
                    [
                        5359048.0,
                        1.9060054910369217e-05,
                        0.0003472233365755528,
                        514446.75
                    ],
                    [
                        5344568.0,
                        1.8622442439664155e-05,
                        0.00021890846255701035,
                        526664.75
                    ]
                ]
            ],
            "actions": [
                [
                    [
                        0.5
                    ],
                    [
                        0.5
                    ],
                    [
                        0.5
                    ],
                    [
                        0.5
                    ],
                    [
                        0.5
                    ],
                    [
                        0.5
                    ],
                    [
                        0.5
                    ],
                    [
                        0.5
                    ],
                    [
                        0.5
                    ],
                    [
                        0.5
                    ],
                    [
                        0.5
                    ],
                    [
                        0.5
                    ],
                    [
                        0.5
                    ],
                    [
                        0.5
                    ],
                    [
                        0.5
                    ],
                    [
                        0.5
                    ],
                    [
                        0.5
                    ],
                    [
                        0.5
                    ],
                    [
                        0.5
                    ],
                    [
                        0.5
                    ]
                ]
            ],
            "returns": [
                [
                    [
                        0.17125853896141052
                    ],
                    [
                        0.17030860483646393
                    ],
                    [
                        0.16936755180358887
                    ],
                    [
                        0.16842207312583923
                    ],
                    [
                        0.16747625172138214
                    ],
                    [
                        0.1665283590555191
                    ],
                    [
                        0.16556815803050995
                    ],
                    [
                        0.16462907195091248
                    ],
                    [
                        0.1636846512556076
                    ],
                    [
                        0.16274157166481018
                    ],
                    [
                        0.1618053913116455
                    ],
                    [
                        0.16084282100200653
                    ],
                    [
                        0.15988995134830475
                    ],
                    [
                        0.1589474231004715
                    ],
                    [
                        0.15800298750400543
                    ],
                    [
                        0.157063826918602
                    ],
                    [
                        0.15612147748470306
                    ],
                    [
                        0.1551561802625656
                    ],
                    [
                        0.15420997142791748
                    ],
                    [
                        0.153276264667511
                    ]
                ]
            ],
            "timesteps": [
                [
                    440,
                    441,
                    442,
                    443,
                    444,
                    445,
                    446,
                    447,
                    448,
                    449,
                    450,
                    451,
                    452,
                    453,
                    454,
                    455,
                    456,
                    457,
                    458,
                    459
                ]
            ],
            "labels": [
                [
                    1,
                    1,
                    1,
                    1,
                    1,
                    1,
                    1,
                    1,
                    1,
                    1,
                    1,
                    1,
                    1,
                    1,
                    1,
                    1,
                    1,
                    1,
                    1,
                    1
                ]
            ],
            "CPU Usage": 46.8,
            "RAM Usage": 55.0,
            "GPU Usage": 0.0,
            "VRAM Usage": 356.0,
            "Disk Read Speed (MB/s)": 206667.6240234375,
            "Disk Write Speed (MB/s)": 436355.9072265625
        },
        {
            "step": 2,
            "train_loss": 0.00023744147620163858,
            "actions_pred1": [
                [
                    [
                        1.0775399208068848,
                        0.9867600202560425,
                        5.167316913604736,
                        -5.991374969482422
                    ],
                    [
                        0.3141380548477173,
                        0.727717936038971,
                        6.025236129760742,
                        -5.681375026702881
                    ],
                    [
                        0.6937458515167236,
                        0.24906668066978455,
                        5.754721641540527,
                        -4.945467472076416
                    ],
                    [
                        0.8382894396781921,
                        -0.013461127877235413,
                        5.568169116973877,
                        -4.763797760009766
                    ],
                    [
                        0.5195567607879639,
                        -0.12810882925987244,
                        6.0350799560546875,
                        -4.89818000793457
                    ],
                    [
                        0.33743613958358765,
                        0.32725024223327637,
                        6.365463733673096,
                        -4.8486809730529785
                    ],
                    [
                        0.4184293746948242,
                        0.3628583550453186,
                        6.440155029296875,
                        -4.730666160583496
                    ],
                    [
                        0.441448450088501,
                        0.20481857657432556,
                        6.247625827789307,
                        -4.829663276672363
                    ],
                    [
                        0.32085102796554565,
                        0.28812745213508606,
                        6.293732643127441,
                        -4.887950420379639
                    ],
                    [
                        0.2844061851501465,
                        0.2264447957277298,
                        6.20535945892334,
                        -4.935904502868652
                    ],
                    [
                        0.2842865586280823,
                        0.42541611194610596,
                        6.231594562530518,
                        -5.066495418548584
                    ],
                    [
                        0.4257628619670868,
                        0.5032348036766052,
                        6.388787269592285,
                        -5.22941780090332
                    ],
                    [
                        0.6095385551452637,
                        0.32737794518470764,
                        6.575037479400635,
                        -5.271085739135742
                    ],
                    [
                        0.6145001649856567,
                        0.2757468819618225,
                        6.521080017089844,
                        -5.290945053100586
                    ],
                    [
                        0.7629229426383972,
                        0.1587757170200348,
                        6.368171215057373,
                        -5.329010009765625
                    ],
                    [
                        0.8453230857849121,
                        0.27360647916793823,
                        6.350519180297852,
                        -5.310750961303711
                    ],
                    [
                        0.8748047947883606,
                        0.2602233290672302,
                        6.34995174407959,
                        -5.141079902648926
                    ],
                    [
                        0.8863791227340698,
                        0.3496900796890259,
                        6.305334091186523,
                        -5.301571369171143
                    ],
                    [
                        0.707223117351532,
                        0.386069118976593,
                        6.344402313232422,
                        -5.239016532897949
                    ],
                    [
                        0.6840416193008423,
                        0.3292386829853058,
                        6.2956647872924805,
                        -5.1962571144104
                    ]
                ]
            ],
            "actions_pred": [
                [
                    [
                        1.0775399208068848,
                        0.3141380548477173,
                        0.6937458515167236,
                        0.8382894396781921,
                        0.5195567607879639,
                        0.33743613958358765,
                        0.4184293746948242,
                        0.441448450088501,
                        0.32085102796554565,
                        0.2844061851501465,
                        0.2842865586280823,
                        0.4257628619670868,
                        0.6095385551452637,
                        0.6145001649856567,
                        0.7629229426383972,
                        0.8453230857849121,
