{
    "steps": [
        {
            "step": 0,
            "train_loss": 0.03927992284297943,
            "actions_pred1": [
                [
                    [
                        0.6066955327987671,
                        0.463548481464386,
                        1.0438423156738281,
                        -1.7080528736114502
                    ],
                    [
                        0.5088999271392822,
                        0.6636844277381897,
                        1.307131290435791,
                        -1.5265084505081177
                    ],
                    [
                        0.492475688457489,
                        0.9122709035873413,
                        1.3040872812271118,
                        -1.6752915382385254
                    ],
                    [
                        0.49825727939605713,
                        0.9406582117080688,
                        1.3637944459915161,
                        -1.748398780822754
                    ],
                    [
                        0.5726258754730225,
                        0.9871973991394043,
                        1.3724201917648315,
                        -1.844724416732788
                    ],
                    [
                        0.6413339376449585,
                        0.8893921375274658,
                        1.2695231437683105,
                        -1.9252331256866455
                    ],
                    [
                        0.6943930983543396,
                        1.008932113647461,
                        1.3819400072097778,
                        -2.088942766189575
                    ],
                    [
                        0.7178298830986023,
                        0.9909678101539612,
                        1.3073045015335083,
                        -2.0254149436950684
                    ],
                    [
                        0.5913695096969604,
                        0.8963800668716431,
                        1.3588229417800903,
                        -2.0686802864074707
                    ],
                    [
                        0.5975386500358582,
                        0.9516555070877075,
                        1.38332200050354,
                        -2.092628002166748
                    ],
                    [
                        0.5126987099647522,
                        0.7997565865516663,
                        1.4906529188156128,
                        -2.2726211547851562
                    ],
                    [
                        0.4389064908027649,
                        0.8233447074890137,
                        1.436894178390503,
                        -2.4369688034057617
                    ],
                    [
                        0.45457223057746887,
                        0.8758506774902344,
                        1.4450916051864624,
                        -2.3863515853881836
                    ],
                    [
                        0.4618091583251953,
                        0.9164356589317322,
                        1.4532818794250488,
                        -2.2456841468811035
                    ],
                    [
                        0.33843880891799927,
                        0.7313278317451477,
                        1.5092109441757202,
                        -2.6115167140960693
                    ],
                    [
                        0.5362780094146729,
                        0.6886026859283447,
                        1.4446519613265991,
                        -2.5639450550079346
                    ],
                    [
                        0.498700350522995,
                        0.7879101634025574,
                        1.5013583898544312,
                        -2.5984771251678467
                    ],
                    [
                        0.5417783856391907,
                        0.8914813995361328,
                        1.3273099660873413,
                        -2.3496735095977783
                    ],
                    [
                        0.6260669231414795,
                        0.8826258182525635,
                        1.5119163990020752,
                        -2.4632656574249268
                    ],
                    [
                        0.6195453405380249,
                        0.8871963024139404,
                        1.5113359689712524,
                        -2.4823179244995117
                    ]
                ]
            ],
            "actions_pred": [
                [
                    [
                        0.6066955327987671,
                        0.5088999271392822,
                        0.492475688457489,
                        0.49825727939605713,
                        0.5726258754730225,
                        0.6413339376449585,
                        0.6943930983543396,
                        0.7178298830986023,
                        0.5913695096969604,
                        0.5975386500358582,
                        0.5126987099647522,
                        0.4389064908027649,
                        0.45457223057746887,
                        0.4618091583251953,
                        0.33843880891799927,
                        0.5362780094146729,
                        0.498700350522995,
                        0.5417783856391907,
                        0.6260669231414795,
                        0.6195453405380249
                    ],
                    [
                        0.463548481464386,
                        0.6636844277381897,
                        0.9122709035873413,
                        0.9406582117080688,
                        0.9871973991394043,
                        0.8893921375274658,
                        1.008932113647461,
                        0.9909678101539612,
                        0.8963800668716431,
                        0.9516555070877075,
                        0.7997565865516663,
                        0.8233447074890137,
                        0.8758506774902344,
                        0.9164356589317322,
                        0.7313278317451477,
                        0.6886026859283447,
                        0.7879101634025574,
                        0.8914813995361328,
                        0.8826258182525635,
                        0.8871963024139404
                    ],
                    [
                        1.0438423156738281,
                        1.307131290435791,
                        1.3040872812271118,
                        1.3637944459915161,
                        1.3724201917648315,
                        1.2695231437683105,
                        1.3819400072097778,
                        1.3073045015335083,
                        1.3588229417800903,
                        1.38332200050354,
                        1.4906529188156128,
                        1.436894178390503,
                        1.4450916051864624,
                        1.4532818794250488,
                        1.5092109441757202,
                        1.4446519613265991,
                        1.5013583898544312,
                        1.3273099660873413,
                        1.5119163990020752,
                        1.5113359689712524
                    ],
                    [
                        -1.7080528736114502,
                        -1.5265084505081177,
                        -1.6752915382385254,
                        -1.748398780822754,
                        -1.844724416732788,
                        -1.9252331256866455,
                        -2.088942766189575,
                        -2.0254149436950684,
                        -2.0686802864074707,
                        -2.092628002166748,
                        -2.2726211547851562,
                        -2.4369688034057617,
                        -2.3863515853881836,
                        -2.2456841468811035,
                        -2.6115167140960693,
                        -2.5639450550079346,
                        -2.5984771251678467,
                        -2.3496735095977783,
                        -2.4632656574249268,
                        -2.4823179244995117
                    ]
                ]
            ],
            "states": [
                [
                    [
                        6436360.0,
                        3.756791920750402e-05,
                        0.00023788119142409414,
                        525420.0
                    ],
                    [
                        5822408.0,
                        3.5673747333930805e-05,
                        0.0002484873402863741,
                        540076.8125
                    ],
                    [
                        6120696.0,
                        3.400527930352837e-05,
                        0.00025739934062585235,
                        546681.375
                    ],
                    [
                        6143632.0,
                        3.2446547265863046e-05,
                        0.00019004895875696093,
                        549135.1875
                    ],
                    [
                        6290344.0,
                        3.100591857219115e-05,
                        0.00022606240236200392,
                        515628.96875
                    ],
                    [
                        7225288.0,
                        2.9579521651612595e-05,
                        0.0002532026555854827,
                        501138.75
                    ],
                    [
                        5695216.0,
                        2.8330134227871895e-05,
                        0.0002667571825440973,
                        501280.09375
                    ],
                    [
                        6048296.0,
                        2.72848174063256e-05,
                        0.00026687141507864,
                        520591.84375
                    ],
                    [
                        5956840.0,
                        2.6292696929886006e-05,
                        0.0002529114135541022,
                        510954.5
                    ],
                    [
                        5511320.0,
                        2.5409783120267093e-05,
                        0.0002583715249784291,
                        498321.25
                    ],
                    [
                        7421000.0,
                        2.448467603244353e-05,
                        0.001365873496979475,
                        470548.53125
                    ],
                    [
                        6653560.0,
                        2.3549235265818425e-05,
                        0.0008239395683631301,
                        489404.40625
                    ],
                    [
                        5919424.0,
                        2.2772055672248825e-05,
                        0.0005388445570133626,
                        494672.6875
                    ],
                    [
                        6049744.0,
                        2.2078909751144238e-05,
                        0.0005018769879825413,
                        522203.84375
                    ],
                    [
                        5699328.0,
                        2.1438178009702824e-05,
                        0.0005396626074798405,
                        525676.375
                    ],
                    [
                        5907840.0,
                        2.084095285681542e-05,
                        0.00039070475031621754,
                        484434.71875
                    ],
                    [
                        7654128.0,
                        2.0184714230708778e-05,
                        0.00037147922557778656,
                        485244.75
                    ],
                    [
                        6171376.0,
                        1.9555423932615668e-05,
                        0.00035373689024709165,
                        520211.9375
                    ],
                    [
                        5359048.0,
                        1.9060054910369217e-05,
                        0.0003472233365755528,
                        514446.75
                    ],
                    [
                        5344568.0,
                        1.8622442439664155e-05,
                        0.00021890846255701035,
                        526664.75
                    ]
                ]
            ],
            "actions": [
                [
                    [
                        0.5
                    ],
                    [
                        0.5
                    ],
                    [
                        0.5
                    ],
                    [
                        0.5
                    ],
                    [
                        0.5
                    ],
                    [
                        0.5
                    ],
                    [
                        0.5
                    ],
                    [
                        0.5
                    ],
                    [
                        0.5
                    ],
                    [
                        0.5
                    ],
                    [
                        0.5
                    ],
                    [
                        0.5
                    ],
                    [
                        0.5
                    ],
                    [
                        0.5
                    ],
                    [
                        0.5
                    ],
                    [
                        0.5
                    ],
                    [
                        0.5
                    ],
                    [
                        0.5
                    ],
                    [
                        0.5
                    ],
                    [
                        0.5
                    ]
                ]
            ],
            "returns": [
                [
                    [
                        0.17125853896141052
                    ],
                    [
                        0.17030860483646393
                    ],
                    [
                        0.16936755180358887
                    ],
                    [
                        0.16842207312583923
                    ],
                    [
                        0.16747625172138214
                    ],
                    [
                        0.1665283590555191
                    ],
                    [
                        0.16556815803050995
                    ],
                    [
                        0.16462907195091248
                    ],
                    [
                        0.1636846512556076
                    ],
                    [
                        0.16274157166481018
                    ],
                    [
                        0.1618053913116455
                    ],
                    [
                        0.16084282100200653
                    ],
                    [
                        0.15988995134830475
                    ],
                    [
                        0.1589474231004715
                    ],
                    [
                        0.15800298750400543
                    ],
                    [
                        0.157063826918602
                    ],
                    [
                        0.15612147748470306
                    ],
                    [
                        0.1551561802625656
                    ],
                    [
                        0.15420997142791748
                    ],
                    [
                        0.153276264667511
                    ]
                ]
            ],
            "timesteps": [
                [
                    440,
                    441,
                    442,
                    443,
                    444,
                    445,
                    446,
                    447,
                    448,
                    449,
                    450,
                    451,
                    452,
                    453,
                    454,
                    455,
                    456,
                    457,
                    458,
                    459
                ]
            ],
            "labels": [
                [
                    1,
                    1,
                    1,
                    1,
                    1,
                    1,
                    1,
                    1,
                    1,
                    1,
                    1,
                    1,
                    1,
                    1,
                    1,
                    1,
                    1,
                    1,
                    1,
                    1
                ]
            ],
            "CPU Usage": 45.9,
            "RAM Usage": 54.9,
            "GPU Usage": 0.0,
            "VRAM Usage": 355.0,
            "Disk Read Speed (MB/s)": 206579.0908203125,
            "Disk Write Speed (MB/s)": 398526.1181640625
        },
        {
            "step": 1,
            "train_loss": 0.01465572603046894,
            "actions_pred1": [
                [
                    [
                        0.2914625108242035,
                        0.3655402958393097,
                        1.452834963798523,
                        -1.5849488973617554
                    ],
                    [
                        0.19199836254119873,
                        0.31186115741729736,
                        1.5427597761154175,
                        -1.5941965579986572
                    ],
                    [
                        0.3275691866874695,
                        0.40587687492370605,
                        1.5184152126312256,
                        -1.5036792755126953
                    ],
                    [
                        0.4369784891605377,
                        0.4179830551147461,
                        1.5382260084152222,
                        -1.5941786766052246
                    ],
                    [
                        0.507014274597168,
                        0.47464630007743835,
                        1.4825105667114258,
                        -1.7727830410003662
                    ],
                    [
                        0.3257433772087097,
                        0.38984233140945435,
                        1.4491716623306274,
                        -1.7350972890853882
                    ],
                    [
                        0.3325466215610504,
                        0.3168186843395233,
                        1.5647251605987549,
                        -1.7248892784118652
                    ],
                    [
                        0.33917737007141113,
                        0.3726598024368286,
                        1.6142104864120483,
                        -1.8232921361923218
                    ],
                    [
                        0.5214029550552368,
                        0.4345567524433136,
                        1.7119637727737427,
                        -1.745957851409912
                    ],
                    [
                        0.49917492270469666,
                        0.37212908267974854,
                        1.6848208904266357,
                        -1.7885797023773193
                    ],
                    [
                        0.5239852666854858,
                        0.4857129752635956,
                        1.7119941711425781,
                        -1.7776012420654297
                    ],
                    [
                        0.5613405704498291,
                        0.4325110912322998,
                        1.6583726406097412,
                        -1.791078805923462
                    ],
                    [
                        0.5535546541213989,
                        0.43224236369132996,
                        1.6824085712432861,
                        -1.7590738534927368
                    ],
                    [
                        0.6023316979408264,
                        0.5233751535415649,
                        1.8884146213531494,
                        -1.739193320274353
                    ],
                    [
                        0.6015902757644653,
                        0.5658353567123413,
                        1.8933688402175903,
                        -1.654378890991211
                    ],
                    [
                        0.6308954954147339,
                        0.562467098236084,
                        2.01303768157959,
                        -1.66423761844635
                    ],
                    [
                        0.4365043640136719,
                        0.5120283365249634,
                        1.9521572589874268,
                        -1.8571693897247314
                    ],
                    [
                        0.2860082983970642,
                        0.5337019562721252,
                        2.001784563064575,
                        -1.8214751482009888
                    ],
                    [
                        0.3020806908607483,
                        0.542863667011261,
                        1.8979551792144775,
                        -1.8388934135437012
                    ],
                    [
                        0.2390701174736023,
                        0.6527847647666931,
                        2.007587194442749,
                        -1.7936897277832031
                    ]
                ]
            ],
            "actions_pred": [
                [
                    [
                        0.2914625108242035,
                        0.19199836254119873,
                        0.3275691866874695,
                        0.4369784891605377,
                        0.507014274597168,
                        0.3257433772087097,
                        0.3325466215610504,
                        0.33917737007141113,
                        0.5214029550552368,
                        0.49917492270469666,
                        0.5239852666854858,
                        0.5613405704498291,
                        0.5535546541213989,
                        0.6023316979408264,
                        0.6015902757644653,
                        0.6308954954147339,
                        0.4365043640136719,
                        0.2860082983970642,
                        0.3020806908607483,
                        0.2390701174736023
                    ],
                    [
                        0.3655402958393097,
                        0.31186115741729736,
                        0.40587687492370605,
                        0.4179830551147461,
                        0.47464630007743835,
                        0.38984233140945435,
                        0.3168186843395233,
                        0.3726598024368286,
                        0.4345567524433136,
                        0.37212908267974854,
                        0.4857129752635956,
                        0.4325110912322998,
                        0.43224236369132996,
                        0.5233751535415649,
                        0.5658353567123413,
                        0.562467098236084,
                        0.5120283365249634,
                        0.5337019562721252,
                        0.542863667011261,
                        0.6527847647666931
                    ],
                    [
                        1.452834963798523,
                        1.5427597761154175,
                        1.5184152126312256,
                        1.5382260084152222,
                        1.4825105667114258,
                        1.4491716623306274,
                        1.5647251605987549,
                        1.6142104864120483,
                        1.7119637727737427,
                        1.6848208904266357,
                        1.7119941711425781,
                        1.6583726406097412,
                        1.6824085712432861,
                        1.8884146213531494,
                        1.8933688402175903,
                        2.01303768157959,
                        1.9521572589874268,
                        2.001784563064575,
                        1.8979551792144775,
                        2.007587194442749
                    ],
                    [
                        -1.5849488973617554,
                        -1.5941965579986572,
                        -1.5036792755126953,
                        -1.5941786766052246,
                        -1.7727830410003662,
                        -1.7350972890853882,
                        -1.7248892784118652,
                        -1.8232921361923218,
                        -1.745957851409912,
                        -1.7885797023773193,
                        -1.7776012420654297,
                        -1.791078805923462,
                        -1.7590738534927368,
                        -1.739193320274353,
                        -1.654378890991211,
                        -1.66423761844635,
                        -1.8571693897247314,
                        -1.8214751482009888,
                        -1.8388934135437012,
                        -1.7936897277832031
                    ]
                ]
            ],
            "states": [
                [
                    [
                        9069003.0,
                        0.0034533278085291386,
                        0.0002651966060511768,
                        441188.5625
                    ],
                    [
                        11320464.0,
                        0.000310528528643772,
                        0.0002789112040773034,
                        436995.21875
                    ],
                    [
                        10438632.0,
                        0.00017193457460962236,
                        0.00025781430304050446,
                        493798.40625
                    ],
                    [
                        10012920.0,
                        0.00012196777242934331,
                        0.0002818313369061798,
                        466062.65625
                    ],
                    [
                        10120072.0,
                        9.498456347500905e-05,
                        0.00027022496215067804,
                        484496.1875
                    ],
                    [
                        9115160.0,
                        7.838496094336733e-05,
                        0.00027221045456826687,
                        480218.375
                    ],
                    [
                        8819768.0,
                        6.74370166962035e-05,
                        0.0002733847650233656,
                        463188.125
                    ],
                    [
                        9522048.0,
                        5.902954944758676e-05,
                        0.00026607781182974577,
                        571538.5
                    ],
                    [
                        9099232.0,
                        5.2383467846084386e-05,
                        0.00028466759249567986,
                        601120.625
                    ],
                    [
                        8877688.0,
                        4.72521896881517e-05,
                        0.0002693114511203021,
                        590414.6875
                    ],
                    [
                        7406288.0,
                        4.339466249803081e-05,
                        0.0002695369767025113,
                        529230.5625
                    ],
                    [
                        7668840.0,
                        4.0354032535105944e-05,
                        0.00026757299201563,
                        612860.8125
                    ],
                    [
                        7531048.0,
                        3.768979149754159e-05,
                        0.0002770914288703352,
                        740788.0625
                    ],
                    [
                        7394936.0,
                        3.539538010954857e-05,
                        0.0002540841815061867,
                        705727.25
                    ],
                    [
                        6951848.0,
                        3.34380820277147e-05,
                        0.0002650599053595215,
                        732259.125
                    ],
                    [
                        6330656.0,
                        3.180928251822479e-05,
                        0.00027801760006695986,
                        722867.4375
                    ],
                    [
                        5884672.0,
                        3.0445722586591728e-05,
                        0.0002704633225221187,
                        677627.4375
                    ],
                    [
                        5363392.0,
                        2.9289631129358895e-05,
                        0.0002756867033895105,
                        805457.5625
                    ],
                    [
                        5311264.0,
                        2.82715027424274e-05,
                        0.00025344316964037716,
                        860605.0
                    ],
                    [
                        5401040.0,
                        2.6375411835033447e-05,
                        0.000413205154472962,
                        833632.5625
                    ]
                ]
            ],
            "actions": [
                [
                    [
                        0.75
                    ],
                    [
                        0.75
                    ],
                    [
                        0.75
                    ],
                    [
                        0.75
                    ],
                    [
                        0.75
                    ],
                    [
                        0.75
                    ],
                    [
                        0.75
                    ],
                    [
                        0.75
                    ],
                    [
                        0.75
                    ],
                    [
                        0.75
                    ],
                    [
                        0.75
                    ],
                    [
                        0.75
                    ],
                    [
                        0.75
                    ],
                    [
                        0.75
                    ],
                    [
                        0.75
                    ],
                    [
                        0.75
                    ],
                    [
                        0.75
                    ],
                    [
                        0.75
                    ],
                    [
                        0.75
                    ],
                    [
                        0.75
                    ]
                ]
            ],
            "returns": [
                [
                    [
                        0.5809153318405151
                    ],
                    [
                        0.5799350142478943
                    ],
                    [
                        0.5789350271224976
                    ],
                    [
                        0.5779421925544739
                    ],
                    [
                        0.5769530534744263
                    ],
                    [
                        0.575963020324707
                    ],
                    [
                        0.574982225894928
                    ],
                    [
                        0.5740043520927429
                    ],
                    [
                        0.5730196833610535
                    ],
                    [
                        0.5720390677452087
                    ],
                    [
                        0.5710605978965759
                    ],
                    [
                        0.5700982213020325
                    ],
                    [
                        0.5691327452659607
                    ],
                    [
                        0.5681688785552979
                    ],
                    [
                        0.567206621170044
                    ],
                    [
                        0.5662498474121094
                    ],
                    [
                        0.5653014183044434
                    ],
                    [
                        0.5643594264984131
                    ],
                    [
                        0.563425600528717
                    ],
                    [
                        0.5624927282333374
                    ]
                ]
            ],
            "timesteps": [
                [
                    0,
                    1,
                    2,
                    3,
                    4,
                    5,
                    6,
                    7,
                    8,
                    9,
                    10,
                    11,
                    12,
                    13,
                    14,
                    15,
                    16,
                    17,
                    18,
                    19
                ]
            ],
            "labels": [
                [
                    2,
                    2,
                    2,
                    2,
                    2,
                    2,
                    2,
                    2,
                    2,
                    2,
                    2,
                    2,
                    2,
                    2,
                    2,
                    2,
                    2,
                    2,
                    2,
                    2
                ]
            ],
            "CPU Usage": 46.7,
            "RAM Usage": 55.1,
            "GPU Usage": 0.0,
            "VRAM Usage": 355.0,
            "Disk Read Speed (MB/s)": 206579.0908203125,
            "Disk Write Speed (MB/s)": 398526.1650390625
        },
        {
            "step": 2,
            "train_loss": 0.02683778665959835,
            "actions_pred1": [
                [
                    [
                        0.22261323034763336,
                        1.9547101259231567,
                        1.5708740949630737,
                        -1.6572948694229126
                    ],
                    [
                        0.35568729043006897,
                        2.2274415493011475,
                        1.3691421747207642,
                        -2.146705150604248
                    ],
                    [
                        0.20016685128211975,
                        2.0517563819885254,
                        1.319460153579712,
                        -2.265455722808838
                    ],
                    [
                        0.22460266947746277,
                        1.9261562824249268,
                        1.2493687868118286,
                        -2.1877553462982178
                    ],
                    [
                        0.2927215099334717,
                        1.8974494934082031,
                        1.3263150453567505,
                        -2.149439811706543
                    ],
                    [
                        0.27752596139907837,
                        1.8714826107025146,
                        1.4428168535232544,
                        -2.215362787246704
                    ],
                    [
                        0.22532249987125397,
                        1.7161312103271484,
                        1.3701037168502808,
                        -2.065737247467041
                    ],
                    [
                        0.2996762990951538,
                        1.305173397064209,
                        1.4414265155792236,
                        -2.0936107635498047
                    ],
                    [
                        0.49761122465133667,
                        1.2494910955429077,
                        1.4936721324920654,
                        -2.015010356903076
                    ],
                    [
                        0.40805914998054504,
                        1.2532546520233154,
                        1.5333073139190674,
                        -1.967511773109436
                    ],
                    [
                        0.29630041122436523,
                        1.2598814964294434,
                        1.4378662109375,
                        -2.0417091846466064
                    ],
                    [
                        0.446088045835495,
                        1.4175214767456055,
                        1.444730281829834,
                        -1.9893670082092285
                    ],
                    [
                        0.42092788219451904,
                        1.2953417301177979,
                        1.4172396659851074,
                        -1.9189422130584717
                    ],
                    [
                        0.43578028678894043,
                        1.259760856628418,
                        1.4494479894638062,
                        -1.8576802015304565
                    ],
                    [
                        0.3766521215438843,
                        1.1791439056396484,
                        1.4656574726104736,
                        -1.9804761409759521
                    ],
                    [
                        0.44670814275741577,
                        1.2785122394561768,
                        1.4657188653945923,
                        -1.981386423110962
                    ],
                    [
                        0.36608847975730896,
                        1.161321759223938,
                        1.5191013813018799,
                        -1.949092149734497
                    ],
                    [
                        0.31641316413879395,
                        1.1095703840255737,
                        1.5268995761871338,
                        -1.9151238203048706
                    ],
                    [
                        0.2708596885204315,
                        1.148468017578125,
                        1.48911452293396,
                        -2.126279354095459
                    ],
                    [
                        0.3431139886379242,
                        1.1615321636199951,
                        1.6479045152664185,
                        -1.9707213640213013
                    ]
                ]
            ],
            "actions_pred": [
                [
                    [
                        0.22261323034763336,
                        0.35568729043006897,
                        0.20016685128211975,
                        0.22460266947746277,
                        0.2927215099334717,
                        0.27752596139907837,
                        0.22532249987125397,
                        0.2996762990951538,
                        0.49761122465133667,
                        0.40805914998054504,
                        0.29630041122436523,
                        0.446088045835495,
                        0.42092788219451904,
