{
    "steps": [
        {
            "step": 0,
            "train_loss": 0.02925434336066246,
            "actions_pred1": [
                [
                    [
                        0.5748676061630249,
                        0.9737554788589478,
                        0.9792463183403015,
                        -1.6698315143585205
                    ],
                    [
                        0.693018913269043,
                        0.7570546269416809,
                        1.0267356634140015,
                        -1.8071815967559814
                    ],
                    [
                        0.476720929145813,
                        0.9162300825119019,
                        0.9452083706855774,
                        -1.8161016702651978
                    ],
                    [
                        0.28767329454421997,
                        0.9471967220306396,
                        0.9714213609695435,
                        -1.8696526288986206
                    ],
                    [
                        0.34481775760650635,
                        0.9557985067367554,
                        0.9802164435386658,
                        -1.956233263015747
                    ],
                    [
                        0.30230027437210083,
                        0.9518581032752991,
                        1.0367112159729004,
                        -2.143043041229248
                    ],
                    [
                        0.2703073024749756,
                        1.0449990034103394,
                        1.0986390113830566,
                        -2.087491750717163
                    ],
                    [
                        0.17849785089492798,
                        0.9385819435119629,
                        0.8768300414085388,
                        -1.9685585498809814
                    ],
                    [
                        0.19641664624214172,
                        0.903281569480896,
                        0.8734619617462158,
                        -1.9925198554992676
                    ],
                    [
                        0.2480098307132721,
                        0.9782614707946777,
                        0.9251213669776917,
                        -1.8920708894729614
                    ],
                    [
                        0.30954083800315857,
                        0.9975641369819641,
                        0.9234626889228821,
                        -1.7822788953781128
                    ],
                    [
                        0.2541728615760803,
                        1.0654056072235107,
                        1.0075781345367432,
                        -1.7890660762786865
                    ],
                    [
                        0.19486123323440552,
                        1.0205180644989014,
                        0.8933670520782471,
                        -1.7650288343429565
                    ],
                    [
                        0.11075824499130249,
                        1.1639039516448975,
                        0.9674080014228821,
                        -1.7869350910186768
                    ],
                    [
                        0.15200555324554443,
                        1.081402063369751,
                        1.1075479984283447,
                        -2.2250876426696777
                    ],
                    [
                        0.1469302773475647,
                        1.0629816055297852,
                        1.1412538290023804,
                        -2.107306480407715
                    ],
                    [
                        0.181381955742836,
                        1.0595194101333618,
                        1.241919994354248,
                        -2.1397528648376465
                    ],
                    [
                        0.3325042724609375,
                        1.0751656293869019,
                        1.2634583711624146,
                        -2.0915632247924805
                    ],
                    [
                        0.36650335788726807,
                        1.1947050094604492,
                        0.9941230416297913,
                        -2.164238452911377
                    ],
                    [
                        0.28013888001441956,
                        1.1948955059051514,
                        1.021262764930725,
                        -2.081528663635254
                    ]
                ]
            ],
            "actions_pred": [
                [
                    [
                        0.5748676061630249,
                        0.693018913269043,
                        0.476720929145813,
                        0.28767329454421997,
                        0.34481775760650635,
                        0.30230027437210083,
                        0.2703073024749756,
                        0.17849785089492798,
                        0.19641664624214172,
                        0.2480098307132721,
                        0.30954083800315857,
                        0.2541728615760803,
                        0.19486123323440552,
                        0.11075824499130249,
                        0.15200555324554443,
                        0.1469302773475647,
                        0.181381955742836,
                        0.3325042724609375,
                        0.36650335788726807,
                        0.28013888001441956
                    ],
                    [
                        0.9737554788589478,
                        0.7570546269416809,
                        0.9162300825119019,
                        0.9471967220306396,
                        0.9557985067367554,
                        0.9518581032752991,
                        1.0449990034103394,
                        0.9385819435119629,
                        0.903281569480896,
                        0.9782614707946777,
                        0.9975641369819641,
                        1.0654056072235107,
                        1.0205180644989014,
                        1.1639039516448975,
                        1.081402063369751,
                        1.0629816055297852,
                        1.0595194101333618,
                        1.0751656293869019,
                        1.1947050094604492,
                        1.1948955059051514
                    ],
                    [
                        0.9792463183403015,
                        1.0267356634140015,
                        0.9452083706855774,
                        0.9714213609695435,
                        0.9802164435386658,
                        1.0367112159729004,
                        1.0986390113830566,
                        0.8768300414085388,
                        0.8734619617462158,
                        0.9251213669776917,
                        0.9234626889228821,
                        1.0075781345367432,
                        0.8933670520782471,
                        0.9674080014228821,
                        1.1075479984283447,
                        1.1412538290023804,
                        1.241919994354248,
                        1.2634583711624146,
                        0.9941230416297913,
                        1.021262764930725
                    ],
                    [
                        -1.6698315143585205,
                        -1.8071815967559814,
                        -1.8161016702651978,
                        -1.8696526288986206,
                        -1.956233263015747,
                        -2.143043041229248,
                        -2.087491750717163,
                        -1.9685585498809814,
                        -1.9925198554992676,
                        -1.8920708894729614,
                        -1.7822788953781128,
                        -1.7890660762786865,
                        -1.7650288343429565,
                        -1.7869350910186768,
                        -2.2250876426696777,
                        -2.107306480407715,
                        -2.1397528648376465,
                        -2.0915632247924805,
                        -2.164238452911377,
                        -2.081528663635254
                    ]
                ]
            ],
            "states": [
                [
                    [
                        4019648.0,
                        3.81172176275868e-05,
                        0.00027542549651116133,
                        604074.25
                    ],
                    [
                        3591040.0,
                        3.7697544030379504e-05,
                        0.00025879128952510655,
                        645691.25
                    ],
                    [
                        4225264.0,
                        3.727625517058186e-05,
                        0.0002528103068470955,
                        514911.09375
                    ],
                    [
                        4439568.0,
                        3.6820012610405684e-05,
                        0.00020026147831231356,
                        552938.5
                    ],
                    [
                        5228728.0,
                        3.6324065149528906e-05,
                        0.00022364039614330977,
                        577892.375
                    ],
                    [
                        5965760.0,
                        3.5766250221058726e-05,
                        0.0002323320077266544,
                        503764.8125
                    ],
                    [
                        6114904.0,
                        3.518302401062101e-05,
                        0.00023472661268897355,
                        508360.15625
                    ],
                    [
                        5644304.0,
                        3.463315078988671e-05,
                        0.00024062122975010425,
                        571257.3125
                    ],
                    [
                        5870192.0,
                        3.411128273000941e-05,
                        0.0001874879380920902,
                        547187.9375
                    ],
                    [
                        5618240.0,
                        3.360593836987391e-05,
                        0.00025532711879350245,
                        590262.375
                    ],
                    [
                        6352376.0,
                        3.3095278922701254e-05,
                        0.0002452299522701651,
                        574275.5
                    ],
                    [
                        5702224.0,
                        3.259619916207157e-05,
                        0.00023082415282260627,
                        543057.75
                    ],
                    [
                        7646888.0,
                        3.206136170774698e-05,
                        0.00026125748991034925,
                        526472.875
                    ],
                    [
                        5964312.0,
                        3.153302532155067e-05,
                        0.00024003862927202135,
                        536332.125
                    ],
                    [
                        5580592.0,
                        3.109858516836539e-05,
                        0.00019315553072374314,
                        564225.875
                    ],
                    [
                        6007752.0,
                        3.0674520530737936e-05,
                        0.00022412248654291034,
                        547189.8125
                    ],
                    [
                        4469976.0,
                        3.0300650905701332e-05,
                        0.00023788119142409414,
                        655379.0
                    ],
                    [
                        3631584.0,
                        3.0017836252227426e-05,
                        0.0002484873402863741,
                        709152.875
                    ],
                    [
                        3940008.0,
                        2.9758366508758627e-05,
                        0.00025739934062585235,
                        659045.125
                    ],
                    [
                        3424520.0,
                        2.951018359453883e-05,
                        0.00019004895875696093,
                        668658.9375
                    ]
                ]
            ],
            "actions": [
                [
                    [
                        0.5
                    ],
                    [
                        0.5
                    ],
                    [
                        0.5
                    ],
                    [
                        0.5
                    ],
                    [
                        0.5
                    ],
                    [
                        0.5
                    ],
                    [
                        0.5
                    ],
                    [
                        0.5
                    ],
                    [
                        0.5
                    ],
                    [
                        0.5
                    ],
                    [
                        0.5
                    ],
                    [
                        0.5
                    ],
                    [
                        0.5
                    ],
                    [
                        0.5
                    ],
                    [
                        0.5
                    ],
                    [
                        0.5
                    ],
                    [
                        0.5
                    ],
                    [
                        0.5
                    ],
                    [
                        0.5
                    ],
                    [
                        0.5
                    ]
                ]
            ],
            "returns": [
                [
                    [
                        0.13405705988407135
                    ],
                    [
                        0.13314884901046753
                    ],
                    [
                        0.13225065171718597
                    ],
                    [
                        0.13133801519870758
                    ],
                    [
                        0.1304210126399994
                    ],
                    [
                        0.1294894963502884
                    ],
                    [
                        0.12854628264904022
                    ],
                    [
                        0.12760089337825775
                    ],
                    [
                        0.12666259706020355
                    ],
                    [
                        0.12572081387043
                    ],
                    [
                        0.12478292733430862
                    ],
                    [
                        0.12383415549993515
                    ],
                    [
                        0.12289495021104813
                    ],
                    [
                        0.12192973494529724
                    ],
                    [
                        0.12098655104637146
                    ],
                    [
                        0.12004926055669785
                    ],
                    [
                        0.11910542845726013
                    ],
                    [
                        0.118187814950943
                    ],
                    [
                        0.11728861182928085
                    ],
                    [
                        0.1163821816444397
                    ]
                ]
            ],
            "timesteps": [
                [
                    480,
                    481,
                    482,
                    483,
                    484,
                    485,
                    486,
                    487,
                    488,
                    489,
                    490,
                    491,
                    492,
                    493,
                    494,
                    495,
                    496,
                    497,
                    498,
                    499
                ]
            ],
            "labels": [
                [
                    1,
                    1,
                    1,
                    1,
                    1,
                    1,
                    1,
                    1,
                    1,
                    1,
                    1,
                    1,
                    1,
                    1,
                    1,
                    1,
                    1,
                    1,
                    1,
                    1
                ]
            ],
            "CPU Usage": 45.4,
            "RAM Usage": 55.1,
            "GPU Usage": 0.0,
            "VRAM Usage": 356.0,
            "Disk Read Speed (MB/s)": 206399.3369140625,
            "Disk Write Speed (MB/s)": 391727.6416015625
        },
        {
            "step": 1,
            "train_loss": 0.023070672526955605,
            "actions_pred1": [
                [
                    [
                        -0.36032578349113464,
                        0.8959327936172485,
                        1.0274156332015991,
                        -2.149959087371826
                    ],
                    [
                        -0.27790123224258423,
                        0.9656457304954529,
                        1.1563314199447632,
                        -2.2850046157836914
                    ],
                    [
                        -0.2305201292037964,
                        1.0706532001495361,
                        0.9652535319328308,
                        -2.6789238452911377
                    ],
                    [
                        -0.13766716420650482,
                        1.1351540088653564,
                        1.0533541440963745,
                        -2.8372793197631836
                    ],
                    [
                        0.030149787664413452,
                        1.3859360218048096,
                        0.8614982962608337,
                        -3.528644561767578
                    ],
                    [
                        0.23712773621082306,
                        1.4729255437850952,
                        1.0358421802520752,
                        -3.4444029331207275
                    ],
                    [
                        0.2751292884349823,
                        1.6000254154205322,
                        1.1214903593063354,
                        -3.5217881202697754
                    ],
                    [
                        0.3932480216026306,
                        1.675141453742981,
                        1.2329617738723755,
                        -3.28948712348938
                    ],
                    [
                        0.2272031158208847,
                        1.6346054077148438,
                        1.0487291812896729,
                        -3.2988452911376953
                    ],
                    [
                        0.2318498194217682,
                        1.486533522605896,
                        1.2428258657455444,
                        -3.115654706954956
                    ],
                    [
                        0.20559504628181458,
                        1.3154832124710083,
                        1.1450974941253662,
                        -3.0531320571899414
                    ],
                    [
                        -0.012697920203208923,
                        1.2265058755874634,
                        1.0336655378341675,
                        -2.8279922008514404
                    ],
                    [
                        -0.07639805972576141,
                        1.2882682085037231,
                        1.070834994316101,
                        -2.7381062507629395
                    ],
                    [
                        -0.06684315204620361,
                        1.3605563640594482,
                        1.0868169069290161,
                        -2.6768476963043213
                    ],
                    [
                        -0.03584907948970795,
                        1.2872469425201416,
                        1.0127172470092773,
                        -2.6495251655578613
                    ],
                    [
                        0.01212628185749054,
                        1.34108304977417,
                        1.0050703287124634,
                        -2.7873151302337646
                    ],
                    [
                        0.10785340517759323,
                        1.3815853595733643,
                        1.0907142162322998,
                        -2.843336582183838
                    ],
                    [
                        0.12695381045341492,
                        1.3758533000946045,
                        1.1147198677062988,
                        -2.647249221801758
                    ],
                    [
                        0.026195675134658813,
                        1.3750616312026978,
                        1.234190821647644,
                        -2.8033230304718018
                    ],
                    [
                        0.06505551934242249,
                        1.2865149974822998,
                        1.3318358659744263,
                        -2.7601046562194824
                    ]
                ]
            ],
            "actions_pred": [
                [
                    [
                        -0.36032578349113464,
                        -0.27790123224258423,
                        -0.2305201292037964,
                        -0.13766716420650482,
                        0.030149787664413452,
                        0.23712773621082306,
                        0.2751292884349823,
                        0.3932480216026306,
                        0.2272031158208847,
                        0.2318498194217682,
                        0.20559504628181458,
                        -0.012697920203208923,
                        -0.07639805972576141,
                        -0.06684315204620361,
                        -0.03584907948970795,
                        0.01212628185749054,
                        0.10785340517759323,
                        0.12695381045341492,
                        0.026195675134658813,
                        0.06505551934242249
                    ],
                    [
                        0.8959327936172485,
                        0.9656457304954529,
                        1.0706532001495361,
                        1.1351540088653564,
                        1.3859360218048096,
                        1.4729255437850952,
                        1.6000254154205322,
                        1.675141453742981,
                        1.6346054077148438,
                        1.486533522605896,
                        1.3154832124710083,
                        1.2265058755874634,
                        1.2882682085037231,
                        1.3605563640594482,
                        1.2872469425201416,
                        1.34108304977417,
                        1.3815853595733643,
                        1.3758533000946045,
                        1.3750616312026978,
                        1.2865149974822998
                    ],
                    [
                        1.0274156332015991,
                        1.1563314199447632,
                        0.9652535319328308,
                        1.0533541440963745,
                        0.8614982962608337,
                        1.0358421802520752,
                        1.1214903593063354,
                        1.2329617738723755,
                        1.0487291812896729,
                        1.2428258657455444,
                        1.1450974941253662,
                        1.0336655378341675,
                        1.070834994316101,
                        1.0868169069290161,
                        1.0127172470092773,
                        1.0050703287124634,
                        1.0907142162322998,
                        1.1147198677062988,
                        1.234190821647644,
                        1.3318358659744263
                    ],
                    [
                        -2.149959087371826,
                        -2.2850046157836914,
                        -2.6789238452911377,
                        -2.8372793197631836,
                        -3.528644561767578,
                        -3.4444029331207275,
                        -3.5217881202697754,
                        -3.28948712348938,
                        -3.2988452911376953,
                        -3.115654706954956,
                        -3.0531320571899414,
                        -2.8279922008514404,
                        -2.7381062507629395,
                        -2.6768476963043213,
                        -2.6495251655578613,
                        -2.7873151302337646,
                        -2.843336582183838,
                        -2.647249221801758,
                        -2.8033230304718018,
                        -2.7601046562194824
                    ]
                ]
            ],
            "states": [
                [
                    [
                        6630392.0,
                        1.589785097166896e-05,
                        0.0030998915899544954,
                        575874.875
                    ],
                    [
                        6756368.0,
                        1.5517740393988788e-05,
                        0.00046779168769717216,
                        548346.8125
                    ],
                    [
                        6252464.0,
                        1.5165252079896163e-05,
                        0.0003139808541163802,
                        592422.1875
                    ],
                    [
                        6275632.0,
                        1.4840703443042003e-05,
                        0.0002766261750366539,
                        580548.75
                    ],
                    [
                        5845576.0,
                        1.4539574294758495e-05,
                        0.00026207882910966873,
                        570513.0
                    ],
                    [
                        6198888.0,
                        1.4252340406528674e-05,
                        0.00027697221958078444,
                        604356.0
                    ],
                    [
                        4525000.0,
                        1.4005720004206523e-05,
                        0.00037561735371127725,
                        519198.90625
                    ],
                    [
                        4878312.0,
                        1.3796614439343102e-05,
                        0.000348972505889833,
                        533459.0
                    ],
                    [
                        4776952.0,
                        1.3588255569629837e-05,
                        0.000344088242854923,
                        588163.3125
                    ],
                    [
                        4878312.0,
                        1.3386117643676698e-05,
                        0.00030916635296307504,
                        571568.5625
                    ],
                    [
                        4407712.0,
                        1.3197249245422427e-05,
                        0.00029186115716584027,
                        549308.25
                    ],
                    [
                        4623464.0,
                        1.3018668141739909e-05,
                        0.00031188191496767104,
                        567697.8125
                    ],
                    [
                        5241760.0,
                        1.2829074876208324e-05,
                        0.0003927450452465564,
                        616835.375
                    ],
                    [
                        4287528.0,
                        1.2650972166738939e-05,
                        0.00034627493005245924,
                        586416.5625
                    ],
                    [
                        4679936.0,
                        1.248793432750972e-05,
                        0.00028098482289351523,
                        591184.1875
                    ],
                    [
                        4293320.0,
                        1.2328885532042477e-05,
                        0.0002829945588018745,
                        595186.25
                    ],
                    [
                        2884416.0,
                        1.2204491213196889e-05,
                        0.00027779326774179935,
                        581960.9375
                    ],
                    [
                        4042816.0,
                        1.2086934475519229e-05,
                        0.00029917724896222353,
                        651221.5
                    ],
                    [
                        4267256.0,
                        1.1948805877182167e-05,
                        0.00037997434264980257,
                        587955.875
                    ],
                    [
                        4659664.0,
                        1.1803908819274511e-05,
                        0.00029415389872156084,
                        593533.5625
                    ]
                ]
            ],
            "actions": [
                [
                    [
                        0.5
                    ],
                    [
                        0.5
                    ],
                    [
                        0.5
                    ],
                    [
                        0.5
                    ],
                    [
                        0.5
                    ],
                    [
                        0.5
                    ],
                    [
                        0.5
                    ],
                    [
                        0.5
                    ],
                    [
                        0.5
                    ],
                    [
                        0.5
                    ],
                    [
                        0.5
                    ],
                    [
                        0.5
                    ],
                    [
                        0.5
                    ],
                    [
                        0.5
                    ],
                    [
                        0.5
                    ],
                    [
                        0.5
                    ],
                    [
                        0.5
                    ],
                    [
                        0.5
                    ],
                    [
                        0.5
                    ],
                    [
                        0.5
                    ]
                ]
            ],
            "returns": [
                [
                    [
                        0.4322150647640228
                    ],
                    [
                        0.4312624931335449
                    ],
                    [
                        0.4303082525730133
                    ],
                    [
                        0.42936089634895325
                    ],
                    [
                        0.42841318249702454
                    ],
                    [
                        0.427471786737442
                    ],
                    [
                        0.42652517557144165
                    ],
                    [
                        0.42560648918151855
                    ],
                    [
                        0.4246810972690582
                    ],
                    [
                        0.4237576127052307
                    ],
                    [
                        0.4228322505950928
                    ],
                    [
                        0.42191585898399353
                    ],
                    [
                        0.4209952652454376
                    ],
                    [
                        0.4200635254383087
                    ],
                    [
                        0.41914960741996765
                    ],
                    [
                        0.4182279109954834
                    ],
                    [
                        0.4173138737678528
                    ],
                    [
                        0.4164350926876068
                    ],
                    [
                        0.4155263900756836
                    ],
                    [
                        0.41461288928985596
                    ]
                ]
            ],
            "timesteps": [
                [
                    160,
                    161,
                    162,
                    163,
                    164,
                    165,
                    166,
                    167,
                    168,
                    169,
                    170,
                    171,
                    172,
                    173,
                    174,
                    175,
                    176,
                    177,
                    178,
                    179
                ]
            ],
            "labels": [
                [
                    1,
                    1,
                    1,
                    1,
                    1,
                    1,
                    1,
                    1,
                    1,
                    1,
                    1,
                    1,
                    1,
                    1,
                    1,
                    1,
                    1,
                    1,
                    1,
                    1
                ]
            ],
            "CPU Usage": 46.7,
            "RAM Usage": 55.3,
            "GPU Usage": 0.0,
            "VRAM Usage": 356.0,
            "Disk Read Speed (MB/s)": 206399.3369140625,
            "Disk Write Speed (MB/s)": 391727.6923828125
        },
        {
            "step": 2,
            "train_loss": 0.0310993492603302,
            "actions_pred1": [
                [
                    [
                        0.2748214900493622,
                        0.6929851770401001,
                        0.9787322878837585,
                        -1.5332027673721313
                    ],
                    [
                        0.17106099426746368,
                        0.8918228149414062,
                        1.2232606410980225,
                        -1.3777637481689453
                    ],
                    [
                        0.12046356499195099,
                        1.123450517654419,
                        1.2277153730392456,
                        -1.499245524406433
                    ],
                    [
                        0.11665533483028412,
                        1.145419955253601,
                        1.2852885723114014,
                        -1.5592539310455322
                    ],
                    [
                        0.1818675398826599,
                        1.1913890838623047,
                        1.2901464700698853,
                        -1.6462057828903198
                    ],
                    [
                        0.2413615584373474,
                        1.1075409650802612,
                        1.1828278303146362,
                        -1.721915602684021
                    ],
                    [
                        0.3060198128223419,
                        1.2290723323822021,
                        1.285050392150879,
                        -1.8645329475402832
                    ],
                    [
                        0.3270964026451111,
                        1.1986758708953857,
                        1.2185072898864746,
                        -1.811854362487793
                    ],
                    [
                        0.2036639004945755,
                        1.1087666749954224,
                        1.2723231315612793,
                        -1.8665471076965332
                    ],
                    [
                        0.2051427662372589,
                        1.1635624170303345,
                        1.299277901649475,
                        -1.8873777389526367
                    ],
                    [
                        0.11522409319877625,
                        1.0254123210906982,
                        1.4044103622436523,
                        -2.0525527000427246
                    ],
                    [
                        0.04328778386116028,
                        1.0462700128555298,
                        1.3409843444824219,
                        -2.19803524017334
                    ],
                    [
                        0.05176974833011627,
                        1.101682186126709,
                        1.3420021533966064,
                        -2.1411542892456055
                    ],
                    [
                        0.07254782319068909,
                        1.1370362043380737,
                        1.3563307523727417,
                        -2.0207762718200684
                    ],
                    [
                        -0.086855448782444,
                        0.9692116975784302,
                        1.409278154373169,
                        -2.3232412338256836
                    ],
                    [
                        0.10118773579597473,
                        0.9280238151550293,
                        1.3443974256515503,
                        -2.267132043838501
                    ],
                    [
                        0.06131724268198013,
                        1.0354136228561401,
                        1.4024479389190674,
                        -2.303642749786377
                    ],
                    [
                        0.10299324244260788,
                        1.128105878829956,
                        1.2485357522964478,
                        -2.082455635070801
                    ],
                    [
                        0.17530067265033722,
                        1.1312614679336548,
                        1.412868857383728,
                        -2.1759512424468994
                    ],
                    [
                        0.14892582595348358,
                        1.1351103782653809,
                        1.4120588302612305,
                        -2.189350128173828
                    ]
                ]
            ],
            "actions_pred": [
                [
                    [
                        0.2748214900493622,
                        0.17106099426746368,
                        0.12046356499195099,
                        0.11665533483028412,
                        0.1818675398826599,
                        0.2413615584373474,
                        0.3060198128223419,
                        0.3270964026451111,
                        0.2036639004945755,
                        0.2051427662372589,
                        0.11522409319877625,
