{
    "steps": [
        {
            "step": 0,
            "train_loss": 0.02286907657980919,
            "actions_pred1": [
                [
                    [
                        0.37746959924697876,
                        0.518160343170166,
                        0.935421347618103,
                        -1.2694240808486938
                    ],
                    [
                        0.2577536106109619,
                        0.613959789276123,
                        1.0184282064437866,
                        -1.3436259031295776
                    ],
                    [
                        0.2770712971687317,
                        0.539690375328064,
                        1.0568742752075195,
                        -1.2133030891418457
                    ],
                    [
                        0.3003499507904053,
                        0.5340531468391418,
                        1.2183687686920166,
                        -1.3195033073425293
                    ],
                    [
                        0.3283540904521942,
                        0.6895501613616943,
                        1.276848316192627,
                        -1.342543601989746
                    ],
                    [
                        0.44457876682281494,
                        0.6075650453567505,
                        1.184813380241394,
                        -1.292935848236084
                    ],
                    [
                        0.33552688360214233,
                        0.6047194600105286,
                        0.9891247153282166,
                        -1.3213236331939697
                    ],
                    [
                        0.43610554933547974,
                        0.7054440379142761,
                        1.0271732807159424,
                        -1.276033639907837
                    ],
                    [
                        0.4359019994735718,
                        0.708124041557312,
                        1.0142306089401245,
                        -1.2459782361984253
                    ],
                    [
                        0.26084673404693604,
                        0.659090518951416,
                        1.146880030632019,
                        -1.3041794300079346
                    ],
                    [
                        0.29888761043548584,
                        0.7268012166023254,
                        1.3803774118423462,
                        -1.4109454154968262
                    ],
                    [
                        0.27424073219299316,
                        0.6757203340530396,
                        1.3099243640899658,
                        -1.2975366115570068
                    ],
                    [
                        0.23352117836475372,
                        0.5417044162750244,
                        1.2854390144348145,
                        -1.364728569984436
                    ],
                    [
                        0.2902746796607971,
                        0.6178733706474304,
                        1.3273636102676392,
                        -1.4318459033966064
                    ],
                    [
                        0.32246220111846924,
                        0.6411588788032532,
                        1.334296703338623,
                        -1.4587182998657227
                    ],
                    [
                        0.32697033882141113,
                        0.6669816970825195,
                        1.3061792850494385,
                        -1.4229471683502197
                    ],
                    [
                        0.24817141890525818,
                        0.6330522298812866,
                        1.2421900033950806,
                        -1.3649849891662598
                    ],
                    [
                        0.19456760585308075,
                        0.7470154762268066,
                        1.235241413116455,
                        -1.2856957912445068
                    ],
                    [
                        0.23812498152256012,
                        0.7833474278450012,
                        1.2824790477752686,
                        -1.34032142162323
                    ],
                    [
                        0.2504376471042633,
                        0.7822775840759277,
                        1.306194543838501,
                        -1.3798363208770752
                    ]
                ]
            ],
            "actions_pred": [
                [
                    [
                        0.37746959924697876,
                        0.2577536106109619,
                        0.2770712971687317,
                        0.3003499507904053,
                        0.3283540904521942,
                        0.44457876682281494,
                        0.33552688360214233,
                        0.43610554933547974,
                        0.4359019994735718,
                        0.26084673404693604,
                        0.29888761043548584,
                        0.27424073219299316,
                        0.23352117836475372,
                        0.2902746796607971,
                        0.32246220111846924,
                        0.32697033882141113,
                        0.24817141890525818,
                        0.19456760585308075,
                        0.23812498152256012,
                        0.2504376471042633
                    ],
                    [
                        0.518160343170166,
                        0.613959789276123,
                        0.539690375328064,
                        0.5340531468391418,
                        0.6895501613616943,
                        0.6075650453567505,
                        0.6047194600105286,
                        0.7054440379142761,
                        0.708124041557312,
                        0.659090518951416,
                        0.7268012166023254,
                        0.6757203340530396,
                        0.5417044162750244,
                        0.6178733706474304,
                        0.6411588788032532,
                        0.6669816970825195,
                        0.6330522298812866,
                        0.7470154762268066,
                        0.7833474278450012,
                        0.7822775840759277
                    ],
                    [
                        0.935421347618103,
                        1.0184282064437866,
                        1.0568742752075195,
                        1.2183687686920166,
                        1.276848316192627,
                        1.184813380241394,
                        0.9891247153282166,
                        1.0271732807159424,
                        1.0142306089401245,
                        1.146880030632019,
                        1.3803774118423462,
                        1.3099243640899658,
                        1.2854390144348145,
                        1.3273636102676392,
                        1.334296703338623,
                        1.3061792850494385,
                        1.2421900033950806,
                        1.235241413116455,
                        1.2824790477752686,
                        1.306194543838501
                    ],
                    [
                        -1.2694240808486938,
                        -1.3436259031295776,
                        -1.2133030891418457,
                        -1.3195033073425293,
                        -1.342543601989746,
                        -1.292935848236084,
                        -1.3213236331939697,
                        -1.276033639907837,
                        -1.2459782361984253,
                        -1.3041794300079346,
                        -1.4109454154968262,
                        -1.2975366115570068,
                        -1.364728569984436,
                        -1.4318459033966064,
                        -1.4587182998657227,
                        -1.4229471683502197,
                        -1.3649849891662598,
                        -1.2856957912445068,
                        -1.34032142162323,
                        -1.3798363208770752
                    ]
                ]
            ],
            "states": [
                [
                    [
                        3105960.0,
                        0.00044856633758172393,
                        0.0002628508664201945,
                        907599.4375
                    ],
                    [
                        3777832.0,
                        0.00036993034882470965,
                        0.00026417680783197284,
                        946940.1875
                    ],
                    [
                        4115216.0,
                        0.00030784233240410686,
                        0.0002805523981805891,
                        868017.4375
                    ],
                    [
                        4368616.0,
                        0.0002607771893963218,
                        0.00026978878304362297,
                        839353.625
                    ],
                    [
                        5060760.0,
                        0.0002229743986390531,
                        0.00027627943200059235,
                        780951.6875
                    ],
                    [
                        5356152.0,
                        0.00019212921324651688,
                        0.00025924446526914835,
                        788666.125
                    ],
                    [
                        5373528.0,
                        0.00012254947796463966,
                        0.006524195894598961,
                        846197.875
                    ],
                    [
                        5111440.0,
                        0.00011254391574766487,
                        0.002146858023479581,
                        777919.5
                    ],
                    [
                        5496608.0,
                        0.00010397062578704208,
                        0.0023773028515279293,
                        803926.1875
                    ],
                    [
                        5341672.0,
                        9.645324462326244e-05,
                        0.0020079242531210184,
                        853121.5
                    ],
                    [
                        5344568.0,
                        9.003730519907549e-05,
                        0.0019139255164191127,
                        790495.3125
                    ],
                    [
                        5479232.0,
                        8.435636846115813e-05,
                        0.0013429223326966166,
                        807753.3125
                    ],
                    [
                        5356152.0,
                        7.934254972497001e-05,
                        0.0011628043139353395,
                        855534.6875
                    ],
                    [
                        5398144.0,
                        7.492363511119038e-05,
                        0.0009117702720686793,
                        841216.6875
                    ],
                    [
                        5729736.0,
                        7.084311073413119e-05,
                        0.000803604198154062,
                        821157.125
                    ],
                    [
                        5244656.0,
                        6.722798570990562e-05,
                        0.000699773314408958,
                        790182.875
                    ],
                    [
                        5503848.0,
                        6.403109728125855e-05,
                        0.0006680691731162369,
                        817074.375
                    ],
                    [
                        5367736.0,
                        6.109109381213784e-05,
                        0.0005246230284683406,
                        814748.3125
                    ],
                    [
                        5217144.0,
                        5.847758802701719e-05,
                        0.00046889804070815444,
                        836873.125
                    ],
                    [
                        5033248.0,
                        5.6151271564885974e-05,
                        0.00035997320082969964,
                        833663.1875
                    ]
                ]
            ],
            "actions": [
                [
                    [
                        0.75
                    ],
                    [
                        0.75
                    ],
                    [
                        0.75
                    ],
                    [
                        0.75
                    ],
                    [
                        0.75
                    ],
                    [
                        0.75
                    ],
                    [
                        0.75
                    ],
                    [
                        0.75
                    ],
                    [
                        0.75
                    ],
                    [
                        0.75
                    ],
                    [
                        0.75
                    ],
                    [
                        0.75
                    ],
                    [
                        0.75
                    ],
                    [
                        0.75
                    ],
                    [
                        0.75
                    ],
                    [
                        0.75
                    ],
                    [
                        0.75
                    ],
                    [
                        0.75
                    ],
                    [
                        0.75
                    ],
                    [
                        0.75
                    ]
                ]
            ],
            "returns": [
                [
                    [
                        0.37910521030426025
                    ],
                    [
                        0.378219872713089
                    ],
                    [
                        0.3773171603679657
                    ],
                    [
                        0.37640687823295593
                    ],
                    [
                        0.37549129128456116
                    ],
                    [
                        0.37456268072128296
                    ],
                    [
                        0.37362903356552124
                    ],
                    [
                        0.37269508838653564
                    ],
                    [
                        0.3717655837535858
                    ],
                    [
                        0.37082964181900024
                    ],
                    [
                        0.3698962330818176
                    ],
                    [
                        0.36896276473999023
                    ],
                    [
                        0.36802709102630615
                    ],
                    [
                        0.36709344387054443
                    ],
                    [
                        0.3661591112613678
                    ],
                    [
                        0.36521947383880615
                    ],
                    [
                        0.36428767442703247
                    ],
                    [
                        0.36335161328315735
                    ],
                    [
                        0.3624177873134613
                    ],
                    [
                        0.3614864647388458
                    ]
                ]
            ],
            "timesteps": [
                [
                    220,
                    221,
                    222,
                    223,
                    224,
                    225,
                    226,
                    227,
                    228,
                    229,
                    230,
                    231,
                    232,
                    233,
                    234,
                    235,
                    236,
                    237,
                    238,
                    239
                ]
            ],
            "labels": [
                [
                    2,
                    2,
                    2,
                    2,
                    2,
                    2,
                    2,
                    2,
                    2,
                    2,
                    2,
                    2,
                    2,
                    2,
                    2,
                    2,
                    2,
                    2,
                    2,
                    2
                ]
            ],
            "CPU Usage": 45.6,
            "RAM Usage": 55.1,
            "GPU Usage": 0.0,
            "VRAM Usage": 356.0,
            "Disk Read Speed (MB/s)": 206398.2001953125,
            "Disk Write Speed (MB/s)": 385708.1064453125
        },
        {
            "step": 1,
            "train_loss": 0.02826760709285736,
            "actions_pred1": [
                [
                    [
                        0.06390831619501114,
                        1.2505576610565186,
                        0.7749820947647095,
                        -1.3003841638565063
                    ],
                    [
                        0.4625896215438843,
                        0.9967342615127563,
                        0.8610314130783081,
                        -1.4382438659667969
                    ],
                    [
                        0.34402522444725037,
                        0.9577089548110962,
                        0.7887753248214722,
                        -1.301088571548462
                    ],
                    [
                        0.35935673117637634,
                        0.9362201690673828,
                        0.7780804634094238,
                        -1.303573489189148
                    ],
                    [
                        0.33155548572540283,
                        0.8394439816474915,
                        0.7494800090789795,
                        -1.3258129358291626
                    ],
                    [
                        0.2592165768146515,
                        0.8519905805587769,
                        1.051292896270752,
                        -1.437990427017212
                    ],
                    [
                        0.3741861581802368,
                        0.7148770689964294,
                        1.078145146369934,
                        -1.3103326559066772
                    ],
                    [
                        0.41206562519073486,
                        0.7243276238441467,
                        1.02768874168396,
                        -1.318464756011963
                    ],
                    [
                        0.36777669191360474,
                        0.7781412601470947,
                        1.0075970888137817,
                        -1.411036729812622
                    ],
                    [
                        0.35080230236053467,
                        0.8288068771362305,
                        0.9394297003746033,
                        -1.3007047176361084
                    ],
                    [
                        0.3609289824962616,
                        0.8355989456176758,
                        0.9956064224243164,
                        -1.2459957599639893
                    ],
                    [
                        0.3630991280078888,
                        0.8338841199874878,
                        0.9231393337249756,
                        -1.378167986869812
                    ],
                    [
                        0.26323533058166504,
                        0.855087399482727,
                        0.9039421677589417,
                        -1.3128151893615723
                    ],
                    [
                        0.27456992864608765,
                        0.8420538306236267,
                        0.9784460663795471,
                        -1.3111445903778076
                    ],
                    [
                        0.18728217482566833,
                        0.5508655905723572,
                        1.2388396263122559,
                        -1.47159743309021
                    ],
                    [
                        0.2533505856990814,
                        0.737025797367096,
                        1.2359724044799805,
                        -1.5186593532562256
                    ],
                    [
                        0.21759192645549774,
                        0.7603080868721008,
                        1.2001664638519287,
                        -1.4193904399871826
                    ],
                    [
                        0.29384827613830566,
                        0.8310959339141846,
                        1.1149673461914062,
                        -1.5934921503067017
                    ],
                    [
                        0.168974369764328,
                        0.9589120149612427,
                        1.175781011581421,
                        -1.657099962234497
                    ],
                    [
                        0.25536850094795227,
                        0.8963392376899719,
                        1.1283851861953735,
                        -1.5203663110733032
                    ]
                ]
            ],
            "actions_pred": [
                [
                    [
                        0.06390831619501114,
                        0.4625896215438843,
                        0.34402522444725037,
                        0.35935673117637634,
                        0.33155548572540283,
                        0.2592165768146515,
                        0.3741861581802368,
                        0.41206562519073486,
                        0.36777669191360474,
                        0.35080230236053467,
                        0.3609289824962616,
                        0.3630991280078888,
                        0.26323533058166504,
                        0.27456992864608765,
                        0.18728217482566833,
                        0.2533505856990814,
                        0.21759192645549774,
                        0.29384827613830566,
                        0.168974369764328,
                        0.25536850094795227
                    ],
                    [
                        1.2505576610565186,
                        0.9967342615127563,
                        0.9577089548110962,
                        0.9362201690673828,
                        0.8394439816474915,
                        0.8519905805587769,
                        0.7148770689964294,
                        0.7243276238441467,
                        0.7781412601470947,
                        0.8288068771362305,
                        0.8355989456176758,
                        0.8338841199874878,
                        0.855087399482727,
                        0.8420538306236267,
                        0.5508655905723572,
                        0.737025797367096,
                        0.7603080868721008,
                        0.8310959339141846,
                        0.9589120149612427,
                        0.8963392376899719
                    ],
                    [
                        0.7749820947647095,
                        0.8610314130783081,
                        0.7887753248214722,
                        0.7780804634094238,
                        0.7494800090789795,
                        1.051292896270752,
                        1.078145146369934,
                        1.02768874168396,
                        1.0075970888137817,
                        0.9394297003746033,
                        0.9956064224243164,
                        0.9231393337249756,
                        0.9039421677589417,
                        0.9784460663795471,
                        1.2388396263122559,
                        1.2359724044799805,
                        1.2001664638519287,
                        1.1149673461914062,
                        1.175781011581421,
                        1.1283851861953735
                    ],
                    [
                        -1.3003841638565063,
                        -1.4382438659667969,
                        -1.301088571548462,
                        -1.303573489189148,
                        -1.3258129358291626,
                        -1.437990427017212,
                        -1.3103326559066772,
                        -1.318464756011963,
                        -1.411036729812622,
                        -1.3007047176361084,
                        -1.2459957599639893,
                        -1.378167986869812,
                        -1.3128151893615723,
                        -1.3111445903778076,
                        -1.47159743309021,
                        -1.5186593532562256,
                        -1.4193904399871826,
                        -1.5934921503067017,
                        -1.657099962234497,
                        -1.5203663110733032
                    ]
                ]
            ],
            "states": [
                [
                    [
                        5334432.0,
                        2.079466503346339e-05,
                        0.00026978878304362297,
                        822567.125
                    ],
                    [
                        5450272.0,
                        2.0477313228184357e-05,
                        0.00027627943200059235,
                        856531.375
                    ],
                    [
                        5496608.0,
                        2.0164978195680305e-05,
                        0.00025924446526914835,
                        796247.875
                    ],
                    [
                        5340224.0,
                        1.901392352010589e-05,
                        0.006524195894598961,
                        835512.25
                    ],
                    [
                        5366288.0,
                        1.8750137314782478e-05,
                        0.002146858023479581,
                        813363.3125
                    ],
                    [
                        5389456.0,
                        1.8492408344172873e-05,
                        0.0023773028515279293,
                        845072.375
                    ],
                    [
                        5118680.0,
                        1.8247363186674193e-05,
                        0.0020079242531210184,
                        804446.8125
                    ],
                    [
                        5463304.0,
                        1.8007134713116102e-05,
                        0.0019139255164191127,
                        824885.1875
                    ],
                    [
                        5337328.0,
                        1.7768334146239795e-05,
                        0.0013429223326966166,
                        814676.0
                    ],
                    [
                        5398144.0,
                        1.753715696395375e-05,
                        0.0011628043139353395,
                        805373.25
                    ],
                    [
                        5337328.0,
                        1.7311906049144454e-05,
                        0.0009117702720686793,
                        826102.5
                    ],
                    [
                        5053520.0,
                        1.709933530946728e-05,
                        0.000803604198154062,
                        828294.75
                    ],
                    [
                        5891912.0,
                        1.6881092960829847e-05,
                        0.000699773314408958,
                        791778.0625
                    ],
                    [
                        5104200.0,
                        1.6667219824739732e-05,
                        0.0006680691731162369,
                        868015.875
                    ],
                    [
                        5372080.0,
                        1.646851160330698e-05,
                        0.0005246230284683406,
                        748358.1875
                    ],
                    [
                        5262032.0,
                        1.6271596905426122e-05,
                        0.00046889804070815444,
                        796238.875
                    ],
                    [
                        5473440.0,
                        1.6077548934845254e-05,
                        0.00035997320082969964,
                        812237.5625
                    ],
                    [
                        4978224.0,
                        1.589297789905686e-05,
                        0.00037329201586544514,
                        806297.3125
                    ],
                    [
                        5450272.0,
                        1.571305256220512e-05,
                        0.00029995679506100714,
                        802099.3125
                    ],
                    [
                        5424208.0,
                        1.5529669326497242e-05,
                        0.0002722619683481753,
                        836648.625
                    ]
                ]
            ],
            "actions": [
                [
                    [
                        0.75
                    ],
                    [
                        0.75
                    ],
                    [
                        0.75
                    ],
                    [
                        0.75
                    ],
                    [
                        0.75
                    ],
                    [
                        0.75
                    ],
                    [
                        0.75
                    ],
                    [
                        0.75
                    ],
                    [
                        0.75
                    ],
                    [
                        0.75
                    ],
                    [
                        0.75
                    ],
                    [
                        0.75
                    ],
                    [
                        0.75
                    ],
                    [
                        0.75
                    ],
                    [
                        0.75
                    ],
                    [
                        0.75
                    ],
                    [
                        0.75
                    ],
                    [
                        0.75
                    ],
                    [
                        0.75
                    ],
                    [
                        0.75
                    ]
                ]
            ],
            "returns": [
                [
                    [
                        0.3232199251651764
                    ],
                    [
                        0.3222866356372833
                    ],
                    [
                        0.32135143876075745
                    ],
                    [
                        0.3204154968261719
                    ],
                    [
                        0.31948211789131165
                    ],
                    [
                        0.3185482919216156
                    ],
                    [
                        0.3176141083240509
                    ],
                    [
                        0.31668445467948914
                    ],
                    [
                        0.31574904918670654
                    ],
                    [
                        0.3148157298564911
                    ],
                    [
                        0.31388136744499207
                    ],
                    [
                        0.3129480481147766
                    ],
                    [
                        0.3120195269584656
                    ],
                    [
                        0.31107744574546814
                    ],
                    [
                        0.31014806032180786
                    ],
                    [
                        0.30921414494514465
                    ],
                    [
                        0.3082820773124695
                    ],
                    [
                        0.30734649300575256
                    ],
                    [
                        0.306419312953949
                    ],
                    [
                        0.3054841458797455
                    ]
                ]
            ],
            "timesteps": [
                [
                    280,
                    281,
                    282,
                    283,
                    284,
                    285,
                    286,
                    287,
                    288,
                    289,
                    290,
                    291,
                    292,
                    293,
                    294,
                    295,
                    296,
                    297,
                    298,
                    299
                ]
            ],
            "labels": [
                [
                    2,
                    2,
                    2,
                    2,
                    2,
                    2,
                    2,
                    2,
                    2,
                    2,
                    2,
                    2,
                    2,
                    2,
                    2,
                    2,
                    2,
                    2,
                    2,
                    2
                ]
            ],
            "CPU Usage": 46.7,
            "RAM Usage": 55.2,
            "GPU Usage": 0.0,
            "VRAM Usage": 356.0,
            "Disk Read Speed (MB/s)": 206398.2001953125,
            "Disk Write Speed (MB/s)": 385708.3525390625
        },
        {
            "step": 2,
            "train_loss": 0.04464159905910492,
            "actions_pred1": [
                [
                    [
                        0.516875684261322,
                        0.666094958782196,
                        1.172375202178955,
                        -1.6556060314178467
                    ],
                    [
                        0.387921541929245,
                        0.8224226832389832,
                        1.1103310585021973,
                        -1.5014026165008545
                    ],
                    [
                        0.3380267918109894,
                        0.7387872934341431,
                        1.2212973833084106,
                        -1.4830453395843506
                    ],
                    [
                        0.4954681396484375,
                        0.676160991191864,
                        1.120102882385254,
                        -1.3987321853637695
                    ],
                    [
                        0.4149248003959656,
                        0.7316551208496094,
                        1.0954937934875488,
                        -1.5073485374450684
                    ],
                    [
                        0.6183046102523804,
                        0.7302388548851013,
                        1.005466103553772,
                        -1.3943625688552856
                    ],
                    [
                        0.7226011157035828,
                        0.7624580264091492,
                        1.0686520338058472,
                        -1.4109160900115967
                    ],
                    [
                        0.7388724088668823,
                        0.689030647277832,
                        1.122851014137268,
                        -1.6657261848449707
                    ],
                    [
                        0.7040342092514038,
                        0.7682094573974609,
                        1.272246241569519,
                        -1.7700780630111694
                    ],
                    [
                        0.5146029591560364,
                        0.885665774345398,
                        1.3216947317123413,
                        -1.6592397689819336
                    ],
                    [
                        0.47778084874153137,
                        0.8982122540473938,
                        0.9643358588218689,
                        -1.6850733757019043
                    ],
                    [
                        0.5235109329223633,
                        0.7986591458320618,
                        0.9890924692153931,
                        -1.5577970743179321
                    ],
                    [
                        0.5633752346038818,
                        0.868563175201416,
                        1.0476723909378052,
                        -1.5212161540985107
                    ],
                    [
                        0.5176990032196045,
                        0.8695822954177856,
                        0.8962258696556091,
                        -1.391127347946167
                    ],
                    [
                        0.497156023979187,
                        0.7919268608093262,
                        0.9347484111785889,
                        -1.483086347579956
                    ],
                    [
                        0.49142587184906006,
                        0.9671198129653931,
                        0.9330041408538818,
                        -1.7669808864593506
                    ],
                    [
                        0.4434540271759033,
                        0.960736095905304,
                        1.0677391290664673,
                        -1.7891322374343872
                    ],
                    [
                        0.4833558201789856,
                        0.8765918016433716,
                        1.0788012742996216,
                        -1.6035206317901611
                    ],
                    [
                        0.4719442129135132,
                        0.9041141271591187,
                        1.012766718864441,
                        -1.558716058731079
                    ],
                    [
                        0.6982836127281189,
                        0.808751106262207,
                        0.9002983570098877,
                        -1.6762176752090454
                    ]
                ]
            ],
            "actions_pred": [
                [
                    [
                        0.516875684261322,
                        0.387921541929245,
                        0.3380267918109894,
                        0.4954681396484375,
                        0.4149248003959656,
                        0.6183046102523804,
                        0.7226011157035828,
                        0.7388724088668823,
                        0.7040342092514038,
                        0.5146029591560364,
                        0.47778084874153137,
                        0.5235109329223633,
