{
    "steps": [
        {
            "step": 0,
            "train_loss": 0.06002671271562576,
            "actions_pred1": [
                [
                    [
                        0.1818745732307434,
                        -0.4472494423389435,
                        0.772083580493927,
                        0.6440775394439697
                    ],
                    [
                        0.18546003103256226,
                        -0.2703438699245453,
                        0.7548511028289795,
                        0.4976170063018799
                    ],
                    [
                        0.08090612292289734,
                        -0.12430307269096375,
                        0.7372645735740662,
                        0.3271694779396057
                    ],
                    [
                        0.059834569692611694,
                        -0.07859121263027191,
                        0.841995358467102,
                        0.29355818033218384
                    ],
                    [
                        -0.0016243010759353638,
                        -0.07408042252063751,
                        0.7470661997795105,
                        0.47319644689559937
                    ],
                    [
                        0.05237303301692009,
                        -0.008806228637695312,
                        0.7976318597793579,
                        0.5163428783416748
                    ],
                    [
                        0.04252418875694275,
                        -0.1393965631723404,
                        0.7419235110282898,
                        0.560978353023529
                    ],
                    [
                        -0.09451379626989365,
                        -0.11454221606254578,
                        0.8923835754394531,
                        0.4739815592765808
                    ],
                    [
                        -0.14602234959602356,
                        -0.03537454456090927,
                        0.9409533739089966,
                        0.45471274852752686
                    ],
                    [
                        -0.1470424234867096,
                        -0.11185532063245773,
                        0.8178091049194336,
                        0.5046767592430115
                    ],
                    [
                        -0.2118188738822937,
                        -0.03544642776250839,
                        0.8974424600601196,
                        0.41033339500427246
                    ],
                    [
                        -0.05248534679412842,
                        -0.014273829758167267,
                        1.0013929605484009,
                        0.6547236442565918
                    ],
                    [
                        -0.05829697847366333,
                        -0.018894001841545105,
                        0.9505082368850708,
                        0.32378464937210083
                    ],
                    [
                        -0.18308375775814056,
                        -0.002439051866531372,
                        0.9663660526275635,
                        0.4294144809246063
                    ],
                    [
                        -0.1876530796289444,
                        0.015417687594890594,
                        1.029311180114746,
                        0.44571635127067566
                    ],
                    [
                        -0.08789675682783127,
                        0.02009398117661476,
                        1.0184404850006104,
                        0.5583340525627136
                    ],
                    [
                        -0.1814907193183899,
                        -0.043727338314056396,
                        0.9758363962173462,
                        0.5872011184692383
                    ],
                    [
                        -0.302594393491745,
                        -0.07589175552129745,
                        0.8570916652679443,
                        0.5553269386291504
                    ],
                    [
                        -0.15435317158699036,
                        -0.1618473082780838,
                        0.8172159194946289,
                        0.6349058151245117
                    ],
                    [
                        -0.26194339990615845,
                        -0.08076036721467972,
                        0.8907613158226013,
                        0.5908969640731812
                    ]
                ]
            ],
            "actions_pred": [
                [
                    [
                        0.1818745732307434,
                        0.18546003103256226,
                        0.08090612292289734,
                        0.059834569692611694,
                        -0.0016243010759353638,
                        0.05237303301692009,
                        0.04252418875694275,
                        -0.09451379626989365,
                        -0.14602234959602356,
                        -0.1470424234867096,
                        -0.2118188738822937,
                        -0.05248534679412842,
                        -0.05829697847366333,
                        -0.18308375775814056,
                        -0.1876530796289444,
                        -0.08789675682783127,
                        -0.1814907193183899,
                        -0.302594393491745,
                        -0.15435317158699036,
                        -0.26194339990615845
                    ],
                    [
                        -0.4472494423389435,
                        -0.2703438699245453,
                        -0.12430307269096375,
                        -0.07859121263027191,
                        -0.07408042252063751,
                        -0.008806228637695312,
                        -0.1393965631723404,
                        -0.11454221606254578,
                        -0.03537454456090927,
                        -0.11185532063245773,
                        -0.03544642776250839,
                        -0.014273829758167267,
                        -0.018894001841545105,
                        -0.002439051866531372,
                        0.015417687594890594,
                        0.02009398117661476,
                        -0.043727338314056396,
                        -0.07589175552129745,
                        -0.1618473082780838,
                        -0.08076036721467972
                    ],
                    [
                        0.772083580493927,
                        0.7548511028289795,
                        0.7372645735740662,
                        0.841995358467102,
                        0.7470661997795105,
                        0.7976318597793579,
                        0.7419235110282898,
                        0.8923835754394531,
                        0.9409533739089966,
                        0.8178091049194336,
                        0.8974424600601196,
                        1.0013929605484009,
                        0.9505082368850708,
                        0.9663660526275635,
                        1.029311180114746,
                        1.0184404850006104,
                        0.9758363962173462,
                        0.8570916652679443,
                        0.8172159194946289,
                        0.8907613158226013
                    ],
                    [
                        0.6440775394439697,
                        0.4976170063018799,
                        0.3271694779396057,
                        0.29355818033218384,
                        0.47319644689559937,
                        0.5163428783416748,
                        0.560978353023529,
                        0.4739815592765808,
                        0.45471274852752686,
                        0.5046767592430115,
                        0.41033339500427246,
                        0.6547236442565918,
                        0.32378464937210083,
                        0.4294144809246063,
                        0.44571635127067566,
                        0.5583340525627136,
                        0.5872011184692383,
                        0.5553269386291504,
                        0.6349058151245117,
                        0.5908969640731812
                    ]
                ]
            ],
            "states": [
                [
                    [
                        4843560.0,
                        2.424415470159147e-05,
                        0.00033060877467505634,
                        578357.375
                    ],
                    [
                        5799240.0,
                        2.295832928211894e-05,
                        0.0031183171086013317,
                        515791.3125
                    ],
                    [
                        4623464.0,
                        2.2749398340238258e-05,
                        0.0025027666706591845,
                        635101.375
                    ],
                    [
                        4743648.0,
                        2.2564916434930637e-05,
                        0.0014389286516234279,
                        594770.9375
                    ],
                    [
                        2644227.0,
                        0.009791561402380466,
                        0.003044134471565485,
                        425038.1875
                    ],
                    [
                        9469920.0,
                        0.0006961323670111597,
                        0.00288664479739964,
                        440941.21875
                    ],
                    [
                        5718152.0,
                        0.00029342120978981256,
                        0.0027106136549264193,
                        528296.5625
                    ],
                    [
                        2943784.0,
                        0.00022529042325913906,
                        0.0027518118731677532,
                        461782.90625
                    ],
                    [
                        1387184.0,
                        0.0002022606786340475,
                        0.0026009255088865757,
                        650753.875
                    ],
                    [
                        490872.0,
                        0.00019373110262677073,
                        0.002423960482701659,
                        624566.0
                    ],
                    [
                        260640.0,
                        0.00019053270807489753,
                        0.002274049213156104,
                        567144.625
                    ],
                    [
                        201272.0,
                        0.00018862112483475357,
                        0.0023237415589392185,
                        604014.4375
                    ],
                    [
                        152040.0,
                        0.00018718479259405285,
                        0.0021793735213577747,
                        487596.375
                    ],
                    [
                        117288.0,
                        0.00018610460392665118,
                        0.002523052040487528,
                        579471.3125
                    ],
                    [
                        123080.0,
                        0.0001851513225119561,
                        0.002231767401099205,
                        401703.1875
                    ],
                    [
                        70952.0,
                        0.00018438858387526125,
                        0.0032643231097608805,
                        840606.75
                    ],
                    [
                        131768.0,
                        0.0001835990115068853,
                        0.0020812072325497866,
                        190522.296875
                    ],
                    [
                        144800.0,
                        0.00018253228336106986,
                        0.0015903349267318845,
                        318817.125
                    ],
                    [
                        173760.0,
                        0.0001813189737731591,
                        0.0016534600872546434,
                        316928.125
                    ],
                    [
                        181000.0,
                        0.0001799864403437823,
                        0.0014106292510405183,
                        219901.125
                    ]
                ]
            ],
            "actions": [
                [
                    [
                        0.5
                    ],
                    [
                        0.5
                    ],
                    [
                        0.5
                    ],
                    [
                        0.5
                    ],
                    [
                        0.25
                    ],
                    [
                        0.25
                    ],
                    [
                        0.25
                    ],
                    [
                        0.25
                    ],
                    [
                        0.25
                    ],
                    [
                        0.25
                    ],
                    [
                        0.25
                    ],
                    [
                        0.25
                    ],
                    [
                        0.25
                    ],
                    [
                        0.25
                    ],
                    [
                        0.25
                    ],
                    [
                        0.25
                    ],
                    [
                        0.25
                    ],
                    [
                        0.25
                    ],
                    [
                        0.25
                    ],
                    [
                        0.25
                    ]
                ]
            ],
            "returns": [
                [
                    [
                        0.09717193245887756
                    ],
                    [
                        0.09624720364809036
                    ],
                    [
                        0.09530650824308395
                    ],
                    [
                        0.09438589215278625
                    ],
                    [
                        0.09346301108598709
                    ],
                    [
                        0.09259194135665894
                    ],
                    [
                        0.09160776436328888
                    ],
                    [
                        0.09066831320524216
                    ],
                    [
                        0.08978772908449173
                    ],
                    [
                        0.08897385746240616
                    ],
                    [
                        0.08825208246707916
                    ],
                    [
                        0.0875864326953888
                    ],
                    [
                        0.08694369345903397
                    ],
                    [
                        0.08632583171129227
                    ],
                    [
                        0.08573097735643387
                    ],
                    [
                        0.08513184636831284
                    ],
                    [
                        0.08458154648542404
                    ],
                    [
                        0.0839763730764389
                    ],
                    [
                        0.08336283266544342
                    ],
                    [
                        0.08273313194513321
                    ]
                ]
            ],
            "timesteps": [
                [
                    520,
                    521,
                    522,
                    523,
                    524,
                    525,
                    526,
                    527,
                    528,
                    529,
                    530,
                    531,
                    532,
                    533,
                    534,
                    535,
                    536,
                    537,
                    538,
                    539
                ]
            ],
            "labels": [
                [
                    1,
                    1,
                    1,
                    1,
                    0,
                    0,
                    0,
                    0,
                    0,
                    0,
                    0,
                    0,
                    0,
                    0,
                    0,
                    0,
                    0,
                    0,
                    0,
                    0
                ]
            ],
            "CPU Usage": 45.7,
            "RAM Usage": 55.4,
            "GPU Usage": 0.0,
            "VRAM Usage": 355.0,
            "Disk Read Speed (MB/s)": 206022.890625,
            "Disk Write Speed (MB/s)": 336003.3603515625
        },
        {
            "step": 1,
            "train_loss": 0.051341451704502106,
            "actions_pred1": [
                [
                    [
                        -0.4010511636734009,
                        -0.33252188563346863,
                        0.21030253171920776,
                        0.2909442186355591
                    ],
                    [
                        -0.3496512770652771,
                        -0.29603520035743713,
                        0.4792744517326355,
                        0.33401644229888916
                    ],
                    [
                        -0.2710493803024292,
                        -0.2784377932548523,
                        0.4104119539260864,
                        0.24116137623786926
                    ],
                    [
                        -0.2300044447183609,
                        -0.25980114936828613,
                        0.4486546516418457,
                        0.16296428442001343
                    ],
                    [
                        -0.11464186012744904,
                        -0.2521190643310547,
                        0.20320914685726166,
                        -0.007255136966705322
                    ],
                    [
                        -0.008037999272346497,
                        -0.13091018795967102,
                        0.38293784856796265,
                        -0.040373265743255615
                    ],
                    [
                        -0.00996313989162445,
                        -0.023302555084228516,
                        0.48018479347229004,
                        -0.042859405279159546
                    ],
                    [
                        0.009029209613800049,
                        -0.007600903511047363,
                        0.5743802189826965,
                        0.1584007441997528
                    ],
                    [
                        -0.15781699120998383,
                        0.00883449986577034,
                        0.4524216055870056,
                        0.10787960886955261
                    ],
                    [
                        -0.1266692727804184,
                        -0.10499516129493713,
                        0.6688328981399536,
                        0.183643639087677
                    ],
                    [
                        -0.18722113966941833,
                        -0.19407841563224792,
                        0.6149343848228455,
                        0.1428324282169342
                    ],
                    [
                        -0.3762757480144501,
                        -0.18475693464279175,
                        0.6075760722160339,
                        0.13664761185646057
                    ],
                    [
                        -0.38740333914756775,
                        -0.06912219524383545,
                        0.6469936370849609,
                        0.18304723501205444
                    ],
                    [
                        -0.3649746775627136,
                        -0.015195667743682861,
                        0.647855281829834,
                        0.23717859387397766
                    ],
                    [
                        -0.3353825807571411,
                        -0.08896089345216751,
                        0.5603882074356079,
                        0.1965007185935974
                    ],
                    [
                        -0.3009724020957947,
                        -0.024701528251171112,
                        0.5404733419418335,
                        0.11991459131240845
                    ],
                    [
                        -0.12583813071250916,
                        -0.07007146626710892,
                        0.45956194400787354,
                        0.12642326951026917
                    ],
                    [
                        -0.18916714191436768,
                        -0.053139716386795044,
                        0.5247268676757812,
                        0.24846920371055603
                    ],
                    [
                        -0.2784082293510437,
                        -0.004920359700918198,
                        0.7075800895690918,
                        0.18825528025627136
                    ],
                    [
                        -0.24968400597572327,
                        -0.10448814183473587,
                        0.8452998399734497,
                        0.17456752061843872
                    ]
                ]
            ],
            "actions_pred": [
                [
                    [
                        -0.4010511636734009,
                        -0.3496512770652771,
                        -0.2710493803024292,
                        -0.2300044447183609,
                        -0.11464186012744904,
                        -0.008037999272346497,
                        -0.00996313989162445,
                        0.009029209613800049,
                        -0.15781699120998383,
                        -0.1266692727804184,
                        -0.18722113966941833,
                        -0.3762757480144501,
                        -0.38740333914756775,
                        -0.3649746775627136,
                        -0.3353825807571411,
                        -0.3009724020957947,
                        -0.12583813071250916,
                        -0.18916714191436768,
                        -0.2784082293510437,
                        -0.24968400597572327
                    ],
                    [
                        -0.33252188563346863,
                        -0.29603520035743713,
                        -0.2784377932548523,
                        -0.25980114936828613,
                        -0.2521190643310547,
                        -0.13091018795967102,
                        -0.023302555084228516,
                        -0.007600903511047363,
                        0.00883449986577034,
                        -0.10499516129493713,
                        -0.19407841563224792,
                        -0.18475693464279175,
                        -0.06912219524383545,
                        -0.015195667743682861,
                        -0.08896089345216751,
                        -0.024701528251171112,
                        -0.07007146626710892,
                        -0.053139716386795044,
                        -0.004920359700918198,
                        -0.10448814183473587
                    ],
                    [
                        0.21030253171920776,
                        0.4792744517326355,
                        0.4104119539260864,
                        0.4486546516418457,
                        0.20320914685726166,
                        0.38293784856796265,
                        0.48018479347229004,
                        0.5743802189826965,
                        0.4524216055870056,
                        0.6688328981399536,
                        0.6149343848228455,
                        0.6075760722160339,
                        0.6469936370849609,
                        0.647855281829834,
                        0.5603882074356079,
                        0.5404733419418335,
                        0.45956194400787354,
                        0.5247268676757812,
                        0.7075800895690918,
                        0.8452998399734497
                    ],
                    [
                        0.2909442186355591,
                        0.33401644229888916,
                        0.24116137623786926,
                        0.16296428442001343,
                        -0.007255136966705322,
                        -0.040373265743255615,
                        -0.042859405279159546,
                        0.1584007441997528,
                        0.10787960886955261,
                        0.183643639087677,
                        0.1428324282169342,
                        0.13664761185646057,
                        0.18304723501205444,
                        0.23717859387397766,
                        0.1965007185935974,
                        0.11991459131240845,
                        0.12642326951026917,
                        0.24846920371055603,
                        0.18825528025627136,
                        0.17456752061843872
                    ]
                ]
            ],
            "states": [
                [
                    [
                        6630392.0,
                        1.589785097166896e-05,
                        0.0030998915899544954,
                        575874.875
                    ],
                    [
                        6756368.0,
                        1.5517740393988788e-05,
                        0.00046779168769717216,
                        548346.8125
                    ],
                    [
                        6252464.0,
                        1.5165252079896163e-05,
                        0.0003139808541163802,
                        592422.1875
                    ],
                    [
                        6275632.0,
                        1.4840703443042003e-05,
                        0.0002766261750366539,
                        580548.75
                    ],
                    [
                        5845576.0,
                        1.4539574294758495e-05,
                        0.00026207882910966873,
                        570513.0
                    ],
                    [
                        6198888.0,
                        1.4252340406528674e-05,
                        0.00027697221958078444,
                        604356.0
                    ],
                    [
                        4525000.0,
                        1.4005720004206523e-05,
                        0.00037561735371127725,
                        519198.90625
                    ],
                    [
                        4878312.0,
                        1.3796614439343102e-05,
                        0.000348972505889833,
                        533459.0
                    ],
                    [
                        4776952.0,
                        1.3588255569629837e-05,
                        0.000344088242854923,
                        588163.3125
                    ],
                    [
                        4878312.0,
                        1.3386117643676698e-05,
                        0.00030916635296307504,
                        571568.5625
                    ],
                    [
                        4407712.0,
                        1.3197249245422427e-05,
                        0.00029186115716584027,
                        549308.25
                    ],
                    [
                        4623464.0,
                        1.3018668141739909e-05,
                        0.00031188191496767104,
                        567697.8125
                    ],
                    [
                        5241760.0,
                        1.2829074876208324e-05,
                        0.0003927450452465564,
                        616835.375
                    ],
                    [
                        4287528.0,
                        1.2650972166738939e-05,
                        0.00034627493005245924,
                        586416.5625
                    ],
                    [
                        4679936.0,
                        1.248793432750972e-05,
                        0.00028098482289351523,
                        591184.1875
                    ],
                    [
                        4293320.0,
                        1.2328885532042477e-05,
                        0.0002829945588018745,
                        595186.25
                    ],
                    [
                        2884416.0,
                        1.2204491213196889e-05,
                        0.00027779326774179935,
                        581960.9375
                    ],
                    [
                        4042816.0,
                        1.2086934475519229e-05,
                        0.00029917724896222353,
                        651221.5
                    ],
                    [
                        4267256.0,
                        1.1948805877182167e-05,
                        0.00037997434264980257,
                        587955.875
                    ],
                    [
                        4659664.0,
                        1.1803908819274511e-05,
                        0.00029415389872156084,
                        593533.5625
                    ]
                ]
            ],
            "actions": [
                [
                    [
                        0.5
                    ],
                    [
                        0.5
                    ],
                    [
                        0.5
                    ],
                    [
                        0.5
                    ],
                    [
                        0.5
                    ],
                    [
                        0.5
                    ],
                    [
                        0.5
                    ],
                    [
                        0.5
                    ],
                    [
                        0.5
                    ],
                    [
                        0.5
                    ],
                    [
                        0.5
                    ],
                    [
                        0.5
                    ],
                    [
                        0.5
                    ],
                    [
                        0.5
                    ],
                    [
                        0.5
                    ],
                    [
                        0.5
                    ],
                    [
                        0.5
                    ],
                    [
                        0.5
                    ],
                    [
                        0.5
                    ],
                    [
                        0.5
                    ]
                ]
            ],
            "returns": [
                [
                    [
                        0.4322150647640228
                    ],
                    [
                        0.4312624931335449
                    ],
                    [
                        0.4303082525730133
                    ],
                    [
                        0.42936089634895325
                    ],
                    [
                        0.42841318249702454
                    ],
                    [
                        0.427471786737442
                    ],
                    [
                        0.42652517557144165
                    ],
                    [
                        0.42560648918151855
                    ],
                    [
                        0.4246810972690582
                    ],
                    [
                        0.4237576127052307
                    ],
                    [
                        0.4228322505950928
                    ],
                    [
                        0.42191585898399353
                    ],
                    [
                        0.4209952652454376
                    ],
                    [
                        0.4200635254383087
                    ],
                    [
                        0.41914960741996765
                    ],
                    [
                        0.4182279109954834
                    ],
                    [
                        0.4173138737678528
                    ],
                    [
                        0.4164350926876068
                    ],
                    [
                        0.4155263900756836
                    ],
                    [
                        0.41461288928985596
                    ]
                ]
            ],
            "timesteps": [
                [
                    160,
                    161,
                    162,
                    163,
                    164,
                    165,
                    166,
                    167,
                    168,
                    169,
                    170,
                    171,
                    172,
                    173,
                    174,
                    175,
                    176,
                    177,
                    178,
                    179
                ]
            ],
            "labels": [
                [
                    1,
                    1,
                    1,
                    1,
                    1,
                    1,
                    1,
                    1,
                    1,
                    1,
                    1,
                    1,
                    1,
                    1,
                    1,
                    1,
                    1,
                    1,
                    1,
                    1
                ]
            ],
            "CPU Usage": 46.6,
            "RAM Usage": 55.6,
            "GPU Usage": 0.0,
            "VRAM Usage": 355.0,
            "Disk Read Speed (MB/s)": 206022.890625,
            "Disk Write Speed (MB/s)": 336003.5361328125
        },
        {
            "step": 2,
            "train_loss": 0.026283612474799156,
            "actions_pred1": [
                [
                    [
                        0.012487389147281647,
                        -0.21639874577522278,
                        0.5979487895965576,
                        0.3241402506828308
                    ],
                    [
                        -0.11173689365386963,
                        -0.1394808292388916,
                        0.6760311126708984,
                        0.26247313618659973
                    ],
                    [
                        -0.11423391103744507,
                        -0.18914669752120972,
                        0.75323086977005,
                        0.31401360034942627
                    ],
                    [
                        -0.11540809273719788,
                        -0.1935701072216034,
                        0.8953023552894592,
                        0.24167320132255554
                    ],
                    [
                        -0.09248442202806473,
                        -0.057273104786872864,
                        0.9406885504722595,
                        0.27390870451927185
                    ],
                    [
                        -0.016883719712495804,
                        -0.13887593150138855,
                        0.8478224277496338,
                        0.36556899547576904
                    ],
                    [
                        -0.11238057911396027,
                        -0.16869902610778809,
                        0.644234299659729,
                        0.3456936478614807
                    ],
                    [
                        -0.026558388024568558,
                        -0.06613809615373611,
                        0.7048261165618896,
                        0.3794430196285248
                    ],
                    [
                        -0.04459855705499649,
                        -0.05317801237106323,
                        0.7088070511817932,
                        0.37468382716178894
                    ],
                    [
                        -0.19712483882904053,
                        -0.1227349117398262,
                        0.8289119601249695,
                        0.29264360666275024
                    ],
                    [
                        -0.17611674964427948,
                        -0.03225262835621834,
                        1.0379444360733032,
                        0.2793728709220886
                    ],
                    [
                        -0.18738286197185516,
                        -0.06346036493778229,
                        0.9950360059738159,
                        0.33244696259498596
                    ],
                    [
                        -0.26180726289749146,
                        -0.18688136339187622,
                        0.9792320132255554,
                        0.2869243025779724
                    ],
                    [
                        -0.21078984439373016,
                        -0.1158197820186615,
                        1.0353806018829346,
                        0.2558116316795349
                    ],
                    [
                        -0.19548901915550232,
                        -0.12293635308742523,
                        1.0173473358154297,
                        0.2627401351928711
                    ],
                    [
                        -0.17763276398181915,
                        -0.1057787537574768,
                        0.9734181761741638,
                        0.30828553438186646
                    ],
                    [
                        -0.2661055326461792,
                        -0.14900660514831543,
                        0.9066463708877563,
                        0.3405107259750366
                    ],
                    [
                        -0.3068178594112396,
                        -0.031219374388456345,
                        0.9175741672515869,
                        0.3684157133102417
                    ],
                    [
                        -0.23478731513023376,
                        -0.04885818809270859,
                        0.9335709810256958,
                        0.36240631341934204
                    ],
                    [
                        -0.2511471211910248,
                        -0.03558652848005295,
                        0.9737038612365723,
                        0.3428991436958313
                    ]
                ]
            ],
            "actions_pred": [
                [
                    [
                        0.012487389147281647,
                        -0.11173689365386963,
                        -0.11423391103744507,
                        -0.11540809273719788,
