{
    "steps": [
        {
            "step": 0,
            "train_loss": 0.03878280892968178,
            "actions_pred1": [
                [
                    [
                        0.8290687203407288,
                        0.285619854927063,
                        0.39351221919059753,
                        -0.5321192741394043
                    ],
                    [
                        0.9608350396156311,
                        0.18071815371513367,
                        0.4220375418663025,
                        -0.5177822113037109
                    ],
                    [
                        0.7352789640426636,
                        0.3572182357311249,
                        0.3702380061149597,
                        -0.5916802883148193
                    ],
                    [
                        0.5392426252365112,
                        0.40043240785598755,
                        0.4072696566581726,
                        -0.6480220556259155
                    ],
                    [
                        0.5789171457290649,
                        0.41527998447418213,
                        0.42753416299819946,
                        -0.6951302289962769
                    ],
                    [
                        0.5458681583404541,
                        0.3940024971961975,
                        0.46233266592025757,
                        -0.8488446474075317
                    ],
                    [
                        0.5358433723449707,
                        0.4504745602607727,
                        0.4879884123802185,
                        -0.7848013639450073
                    ],
                    [
                        0.4533897638320923,
                        0.354122519493103,
                        0.2606077790260315,
                        -0.7056523561477661
                    ],
                    [
                        0.4518028497695923,
                        0.33374446630477905,
                        0.27128836512565613,
                        -0.7004399299621582
                    ],
                    [
                        0.5016511678695679,
                        0.4158598482608795,
                        0.3216882348060608,
                        -0.6283453702926636
                    ],
                    [
                        0.5731537938117981,
                        0.4454590678215027,
                        0.33262374997138977,
                        -0.553813636302948
                    ],
                    [
                        0.531853199005127,
                        0.4898339807987213,
                        0.38187384605407715,
                        -0.5349341630935669
                    ],
                    [
                        0.4541729986667633,
                        0.4535822570323944,
                        0.2774457037448883,
                        -0.5617858171463013
                    ],
                    [
                        0.3073480427265167,
                        0.5348061919212341,
                        0.3959572911262512,
                        -0.5218825340270996
                    ],
                    [
                        0.35755306482315063,
                        0.40731877088546753,
                        0.45718008279800415,
                        -0.8296164274215698
                    ],
                    [
                        0.32745161652565,
                        0.4126285910606384,
                        0.5101456046104431,
                        -0.7611965537071228
                    ],
                    [
                        0.3594455122947693,
                        0.4504806101322174,
                        0.6019161939620972,
                        -0.8018255233764648
                    ],
                    [
                        0.4612414836883545,
                        0.49169921875,
                        0.623855471611023,
                        -0.7413785457611084
                    ],
                    [
                        0.47914886474609375,
                        0.5174574851989746,
                        0.34847915172576904,
                        -0.711846113204956
                    ],
                    [
                        0.377210408449173,
                        0.5213603973388672,
                        0.4126318097114563,
                        -0.702914834022522
                    ]
                ]
            ],
            "actions_pred": [
                [
                    [
                        0.8290687203407288,
                        0.9608350396156311,
                        0.7352789640426636,
                        0.5392426252365112,
                        0.5789171457290649,
                        0.5458681583404541,
                        0.5358433723449707,
                        0.4533897638320923,
                        0.4518028497695923,
                        0.5016511678695679,
                        0.5731537938117981,
                        0.531853199005127,
                        0.4541729986667633,
                        0.3073480427265167,
                        0.35755306482315063,
                        0.32745161652565,
                        0.3594455122947693,
                        0.4612414836883545,
                        0.47914886474609375,
                        0.377210408449173
                    ],
                    [
                        0.285619854927063,
                        0.18071815371513367,
                        0.3572182357311249,
                        0.40043240785598755,
                        0.41527998447418213,
                        0.3940024971961975,
                        0.4504745602607727,
                        0.354122519493103,
                        0.33374446630477905,
                        0.4158598482608795,
                        0.4454590678215027,
                        0.4898339807987213,
                        0.4535822570323944,
                        0.5348061919212341,
                        0.40731877088546753,
                        0.4126285910606384,
                        0.4504806101322174,
                        0.49169921875,
                        0.5174574851989746,
                        0.5213603973388672
                    ],
                    [
                        0.39351221919059753,
                        0.4220375418663025,
                        0.3702380061149597,
                        0.4072696566581726,
                        0.42753416299819946,
                        0.46233266592025757,
                        0.4879884123802185,
                        0.2606077790260315,
                        0.27128836512565613,
                        0.3216882348060608,
                        0.33262374997138977,
                        0.38187384605407715,
                        0.2774457037448883,
                        0.3959572911262512,
                        0.45718008279800415,
                        0.5101456046104431,
                        0.6019161939620972,
                        0.623855471611023,
                        0.34847915172576904,
                        0.4126318097114563
                    ],
                    [
                        -0.5321192741394043,
                        -0.5177822113037109,
                        -0.5916802883148193,
                        -0.6480220556259155,
                        -0.6951302289962769,
                        -0.8488446474075317,
                        -0.7848013639450073,
                        -0.7056523561477661,
                        -0.7004399299621582,
                        -0.6283453702926636,
                        -0.553813636302948,
                        -0.5349341630935669,
                        -0.5617858171463013,
                        -0.5218825340270996,
                        -0.8296164274215698,
                        -0.7611965537071228,
                        -0.8018255233764648,
                        -0.7413785457611084,
                        -0.711846113204956,
                        -0.702914834022522
                    ]
                ]
            ],
            "states": [
                [
                    [
                        4019648.0,
                        3.81172176275868e-05,
                        0.00027542549651116133,
                        604074.25
                    ],
                    [
                        3591040.0,
                        3.7697544030379504e-05,
                        0.00025879128952510655,
                        645691.25
                    ],
                    [
                        4225264.0,
                        3.727625517058186e-05,
                        0.0002528103068470955,
                        514911.09375
                    ],
                    [
                        4439568.0,
                        3.6820012610405684e-05,
                        0.00020026147831231356,
                        552938.5
                    ],
                    [
                        5228728.0,
                        3.6324065149528906e-05,
                        0.00022364039614330977,
                        577892.375
                    ],
                    [
                        5965760.0,
                        3.5766250221058726e-05,
                        0.0002323320077266544,
                        503764.8125
                    ],
                    [
                        6114904.0,
                        3.518302401062101e-05,
                        0.00023472661268897355,
                        508360.15625
                    ],
                    [
                        5644304.0,
                        3.463315078988671e-05,
                        0.00024062122975010425,
                        571257.3125
                    ],
                    [
                        5870192.0,
                        3.411128273000941e-05,
                        0.0001874879380920902,
                        547187.9375
                    ],
                    [
                        5618240.0,
                        3.360593836987391e-05,
                        0.00025532711879350245,
                        590262.375
                    ],
                    [
                        6352376.0,
                        3.3095278922701254e-05,
                        0.0002452299522701651,
                        574275.5
                    ],
                    [
                        5702224.0,
                        3.259619916207157e-05,
                        0.00023082415282260627,
                        543057.75
                    ],
                    [
                        7646888.0,
                        3.206136170774698e-05,
                        0.00026125748991034925,
                        526472.875
                    ],
                    [
                        5964312.0,
                        3.153302532155067e-05,
                        0.00024003862927202135,
                        536332.125
                    ],
                    [
                        5580592.0,
                        3.109858516836539e-05,
                        0.00019315553072374314,
                        564225.875
                    ],
                    [
                        6007752.0,
                        3.0674520530737936e-05,
                        0.00022412248654291034,
                        547189.8125
                    ],
                    [
                        4469976.0,
                        3.0300650905701332e-05,
                        0.00023788119142409414,
                        655379.0
                    ],
                    [
                        3631584.0,
                        3.0017836252227426e-05,
                        0.0002484873402863741,
                        709152.875
                    ],
                    [
                        3940008.0,
                        2.9758366508758627e-05,
                        0.00025739934062585235,
                        659045.125
                    ],
                    [
                        3424520.0,
                        2.951018359453883e-05,
                        0.00019004895875696093,
                        668658.9375
                    ]
                ]
            ],
            "actions": [
                [
                    [
                        0.5
                    ],
                    [
                        0.5
                    ],
                    [
                        0.5
                    ],
                    [
                        0.5
                    ],
                    [
                        0.5
                    ],
                    [
                        0.5
                    ],
                    [
                        0.5
                    ],
                    [
                        0.5
                    ],
                    [
                        0.5
                    ],
                    [
                        0.5
                    ],
                    [
                        0.5
                    ],
                    [
                        0.5
                    ],
                    [
                        0.5
                    ],
                    [
                        0.5
                    ],
                    [
                        0.5
                    ],
                    [
                        0.5
                    ],
                    [
                        0.5
                    ],
                    [
                        0.5
                    ],
                    [
                        0.5
                    ],
                    [
                        0.5
                    ]
                ]
            ],
            "returns": [
                [
                    [
                        0.13405705988407135
                    ],
                    [
                        0.13314884901046753
                    ],
                    [
                        0.13225065171718597
                    ],
                    [
                        0.13133801519870758
                    ],
                    [
                        0.1304210126399994
                    ],
                    [
                        0.1294894963502884
                    ],
                    [
                        0.12854628264904022
                    ],
                    [
                        0.12760089337825775
                    ],
                    [
                        0.12666259706020355
                    ],
                    [
                        0.12572081387043
                    ],
                    [
                        0.12478292733430862
                    ],
                    [
                        0.12383415549993515
                    ],
                    [
                        0.12289495021104813
                    ],
                    [
                        0.12192973494529724
                    ],
                    [
                        0.12098655104637146
                    ],
                    [
                        0.12004926055669785
                    ],
                    [
                        0.11910542845726013
                    ],
                    [
                        0.118187814950943
                    ],
                    [
                        0.11728861182928085
                    ],
                    [
                        0.1163821816444397
                    ]
                ]
            ],
            "timesteps": [
                [
                    480,
                    481,
                    482,
                    483,
                    484,
                    485,
                    486,
                    487,
                    488,
                    489,
                    490,
                    491,
                    492,
                    493,
                    494,
                    495,
                    496,
                    497,
                    498,
                    499
                ]
            ],
            "labels": [
                [
                    1,
                    1,
                    1,
                    1,
                    1,
                    1,
                    1,
                    1,
                    1,
                    1,
                    1,
                    1,
                    1,
                    1,
                    1,
                    1,
                    1,
                    1,
                    1,
                    1
                ]
            ],
            "CPU Usage": 45.4,
            "RAM Usage": 55.2,
            "GPU Usage": 0.0,
            "VRAM Usage": 355.0,
            "Disk Read Speed (MB/s)": 206066.4970703125,
            "Disk Write Speed (MB/s)": 367306.0947265625
        },
        {
            "step": 1,
            "train_loss": 0.03910559415817261,
            "actions_pred1": [
                [
                    [
                        0.3914422392845154,
                        0.2022128403186798,
                        0.48478710651397705,
                        -0.7077505588531494
                    ],
                    [
                        0.4850863814353943,
                        0.3135146498680115,
                        0.3900202512741089,
                        -0.6969046592712402
                    ],
                    [
                        0.4514894485473633,
                        0.3695393204689026,
                        0.5421419739723206,
                        -0.5729913711547852
                    ],
                    [
                        0.55668705701828,
                        0.2397540956735611,
                        0.5385104417800903,
                        -0.6100593209266663
                    ],
                    [
                        0.5424710512161255,
                        0.22893422842025757,
                        0.6448226571083069,
                        -0.6092836856842041
                    ],
                    [
                        0.3856886923313141,
                        0.34288549423217773,
                        0.3455623984336853,
                        -0.7701034545898438
                    ],
                    [
                        0.3899840712547302,
                        0.3927454352378845,
                        0.4651604890823364,
                        -0.5362234115600586
                    ],
                    [
                        0.5619530081748962,
                        0.38815587759017944,
                        0.4653964638710022,
                        -0.4484134912490845
                    ],
                    [
                        0.5836498737335205,
                        0.4261391758918762,
                        0.41533467173576355,
                        -0.5248499512672424
                    ],
                    [
                        0.42631796002388,
                        0.40315693616867065,
                        0.6225671172142029,
                        -0.4525229334831238
                    ],
                    [
                        0.34576791524887085,
                        0.31337910890579224,
                        0.7375050783157349,
                        -0.4396641254425049
                    ],
                    [
                        0.35403305292129517,
                        0.29352596402168274,
                        0.7185006141662598,
                        -0.3800466060638428
                    ],
                    [
                        0.3377959728240967,
                        0.35126855969429016,
                        0.6442835330963135,
                        -0.39234453439712524
                    ],
                    [
                        0.36642903089523315,
                        0.35850298404693604,
                        0.6772562265396118,
                        -0.4158629775047302
                    ],
                    [
                        0.4502715766429901,
                        0.3099238872528076,
                        0.6957919597625732,
                        -0.5153250098228455
                    ],
                    [
                        0.42918944358825684,
                        0.3511432707309723,
                        0.8038965463638306,
                        -0.4577963054180145
                    ],
                    [
                        0.4219744801521301,
                        0.2641604542732239,
                        0.6135202050209045,
                        -0.49210748076438904
                    ],
                    [
                        0.4527316093444824,
                        0.44164904952049255,
                        0.6027112603187561,
                        -0.5385491251945496
                    ],
                    [
                        0.3579288125038147,
                        0.3430372476577759,
                        0.7179871201515198,
                        -0.5250098705291748
                    ],
                    [
                        0.23168689012527466,
                        0.316371887922287,
                        0.8100164532661438,
                        -0.500799834728241
                    ]
                ]
            ],
            "actions_pred": [
                [
                    [
                        0.3914422392845154,
                        0.4850863814353943,
                        0.4514894485473633,
                        0.55668705701828,
                        0.5424710512161255,
                        0.3856886923313141,
                        0.3899840712547302,
                        0.5619530081748962,
                        0.5836498737335205,
                        0.42631796002388,
                        0.34576791524887085,
                        0.35403305292129517,
                        0.3377959728240967,
                        0.36642903089523315,
                        0.4502715766429901,
                        0.42918944358825684,
                        0.4219744801521301,
                        0.4527316093444824,
                        0.3579288125038147,
                        0.23168689012527466
                    ],
                    [
                        0.2022128403186798,
                        0.3135146498680115,
                        0.3695393204689026,
                        0.2397540956735611,
                        0.22893422842025757,
                        0.34288549423217773,
                        0.3927454352378845,
                        0.38815587759017944,
                        0.4261391758918762,
                        0.40315693616867065,
                        0.31337910890579224,
                        0.29352596402168274,
                        0.35126855969429016,
                        0.35850298404693604,
                        0.3099238872528076,
                        0.3511432707309723,
                        0.2641604542732239,
                        0.44164904952049255,
                        0.3430372476577759,
                        0.316371887922287
                    ],
                    [
                        0.48478710651397705,
                        0.3900202512741089,
                        0.5421419739723206,
                        0.5385104417800903,
                        0.6448226571083069,
                        0.3455623984336853,
                        0.4651604890823364,
                        0.4653964638710022,
                        0.41533467173576355,
                        0.6225671172142029,
                        0.7375050783157349,
                        0.7185006141662598,
                        0.6442835330963135,
                        0.6772562265396118,
                        0.6957919597625732,
                        0.8038965463638306,
                        0.6135202050209045,
                        0.6027112603187561,
                        0.7179871201515198,
                        0.8100164532661438
                    ],
                    [
                        -0.7077505588531494,
                        -0.6969046592712402,
                        -0.5729913711547852,
                        -0.6100593209266663,
                        -0.6092836856842041,
                        -0.7701034545898438,
                        -0.5362234115600586,
                        -0.4484134912490845,
                        -0.5248499512672424,
                        -0.4525229334831238,
                        -0.4396641254425049,
                        -0.3800466060638428,
                        -0.39234453439712524,
                        -0.4158629775047302,
                        -0.5153250098228455,
                        -0.4577963054180145,
                        -0.49210748076438904,
                        -0.5385491251945496,
                        -0.5250098705291748,
                        -0.500799834728241
                    ]
                ]
            ],
            "states": [
                [
                    [
                        10534200.0,
                        2.6509645977057517e-05,
                        0.00013993013999424875,
                        443834.40625
                    ],
                    [
                        10761536.0,
                        2.5514371372992173e-05,
                        0.0001420098269591108,
                        437980.875
                    ],
                    [
                        9713184.0,
                        2.462484007992316e-05,
                        0.00013746164040639997,
                        438923.15625
                    ],
                    [
                        11058376.0,
                        2.37847361859167e-05,
                        0.00013166402641218156,
                        442931.21875
                    ],
                    [
                        10751400.0,
                        2.2961492504691705e-05,
                        0.00014091107004787773,
                        432700.84375
                    ],
                    [
                        10246048.0,
                        2.2220945538720116e-05,
                        0.0001376972795696929,
                        435969.53125
                    ],
                    [
                        9969480.0,
                        2.1551775716943666e-05,
                        0.00013403889897745103,
                        440537.53125
                    ],
                    [
                        10251840.0,
                        2.0921770556014962e-05,
                        0.00014748213288839906,
                        443483.875
                    ],
                    [
                        10121520.0,
                        2.0323142962297425e-05,
                        0.00013067024701740593,
                        443831.96875
                    ],
                    [
                        9543768.0,
                        1.977682586584706e-05,
                        0.00013482528447639197,
                        439055.96875
                    ],
                    [
                        8799496.0,
                        1.9293054720037617e-05,
                        0.00013897643657401204,
                        475444.21875
                    ],
                    [
                        9742144.0,
                        1.8827833628165536e-05,
                        0.00014449551235884428,
                        446623.25
                    ],
                    [
                        9966584.0,
                        1.835721377574373e-05,
                        0.00014116551028564572,
                        435027.78125
                    ],
                    [
                        9815992.0,
                        1.7907843357534148e-05,
                        0.0001414243597537279,
                        434458.03125
                    ],
                    [
                        10637008.0,
                        1.7465919881942682e-05,
                        0.00015197490574792027,
                        447300.9375
                    ],
                    [
                        9175976.0,
                        1.705779868643731e-05,
                        0.00016332330415025353,
                        457786.65625
                    ],
                    [
                        9695808.0,
                        1.6686690287315287e-05,
                        0.00014966299931984395,
                        442052.53125
                    ],
                    [
                        10571848.0,
                        1.6305739336530678e-05,
                        0.0001437981118215248,
                        454590.5
                    ],
                    [
                        9242584.0,
                        1.5949490261846222e-05,
                        0.0001480604405514896,
                        454658.375
                    ],
                    [
                        10438632.0,
                        1.5611025446560234e-05,
                        0.00013623677659779787,
                        451379.625
                    ]
                ]
            ],
            "actions": [
                [
                    [
                        0.25
                    ],
                    [
                        0.25
                    ],
                    [
                        0.25
                    ],
                    [
                        0.25
                    ],
                    [
                        0.25
                    ],
                    [
                        0.25
                    ],
                    [
                        0.25
                    ],
                    [
                        0.25
                    ],
                    [
                        0.25
                    ],
                    [
                        0.25
                    ],
                    [
                        0.25
                    ],
                    [
                        0.25
                    ],
                    [
                        0.25
                    ],
                    [
                        0.25
                    ],
                    [
                        0.25
                    ],
                    [
                        0.25
                    ],
                    [
                        0.25
                    ],
                    [
                        0.25
                    ],
                    [
                        0.25
                    ],
                    [
                        0.25
                    ]
                ]
            ],
            "returns": [
                [
                    [
                        0.2667037844657898
                    ],
                    [
                        0.26571014523506165
                    ],
                    [
                        0.26471462845802307
                    ],
                    [
                        0.26372823119163513
                    ],
                    [
                        0.26273030042648315
                    ],
                    [
                        0.26173487305641174
                    ],
                    [
                        0.2607437074184418
                    ],
                    [
                        0.2597549855709076
                    ],
                    [
                        0.25876376032829285
                    ],
                    [
                        0.2577736973762512
                    ],
                    [
                        0.25678882002830505
                    ],
                    [
                        0.2558111548423767
                    ],
                    [
                        0.2548244595527649
                    ],
                    [
                        0.2538357675075531
                    ],
                    [
                        0.25284841656684875
                    ],
                    [
                        0.25185394287109375
                    ],
                    [
                        0.25087255239486694
                    ],
                    [
                        0.24988628923892975
                    ],
                    [
                        0.24889235198497772
                    ],
                    [
                        0.24791033565998077
                    ]
                ]
            ],
            "timesteps": [
                [
                    340,
                    341,
                    342,
                    343,
                    344,
                    345,
                    346,
                    347,
                    348,
                    349,
                    350,
                    351,
                    352,
                    353,
                    354,
                    355,
                    356,
                    357,
                    358,
                    359
                ]
            ],
            "labels": [
                [
                    0,
                    0,
                    0,
                    0,
                    0,
                    0,
                    0,
                    0,
                    0,
                    0,
                    0,
                    0,
                    0,
                    0,
                    0,
                    0,
                    0,
                    0,
                    0,
                    0
                ]
            ],
            "CPU Usage": 46.7,
            "RAM Usage": 55.3,
            "GPU Usage": 0.0,
            "VRAM Usage": 355.0,
            "Disk Read Speed (MB/s)": 206066.4970703125,
            "Disk Write Speed (MB/s)": 367307.3056640625
        },
        {
            "step": 2,
            "train_loss": 0.03557978942990303,
            "actions_pred1": [
                [
                    [
                        0.1938762664794922,
                        0.7216092348098755,
                        0.31288790702819824,
                        -0.3862546384334564
                    ],
                    [
                        0.559150218963623,
                        0.5353046655654907,
                        0.3701061010360718,
                        -0.49966099858283997
                    ],
                    [
                        0.4387013912200928,
                        0.550916314125061,
                        0.33975672721862793,
                        -0.41619834303855896
                    ],
                    [
                        0.4262697100639343,
                        0.5463351607322693,
                        0.35346877574920654,
                        -0.44649919867515564
                    ],
                    [
                        0.4058603048324585,
                        0.46819350123405457,
                        0.334459125995636,
                        -0.4726629853248596
                    ],
                    [
                        0.3144655227661133,
                        0.42891108989715576,
                        0.5634252429008484,
                        -0.37523341178894043
                    ],
                    [
                        0.42073071002960205,
                        0.3190472424030304,
                        0.6151260137557983,
                        -0.3038938343524933
                    ],
                    [
                        0.44156455993652344,
                        0.3304867744445801,
                        0.5844048261642456,
                        -0.3156317174434662
                    ],
                    [
                        0.36758190393447876,
                        0.38829511404037476,
                        0.5720231533050537,
                        -0.3922244906425476
                    ],
                    [
                        0.3474491834640503,
                        0.46209990978240967,
                        0.5046977400779724,
                        -0.32861778140068054
                    ],
                    [
                        0.3507002890110016,
                        0.473504900932312,
                        0.5444921255111694,
                        -0.2932496964931488
                    ],
                    [
                        0.3315090537071228,
                        0.459852397441864,
                        0.47046568989753723,
                        -0.44319236278533936
                    ],
                    [
                        0.25038260221481323,
                        0.44886356592178345,
                        0.4046557545661926,
                        -0.39950454235076904
                    ],
                    [
                        0.25141918659210205,
                        0.45201578736305237,
                        0.5143854022026062,
                        -0.380289226770401
                    ],
                    [
                        0.11941193789243698,
                        0.16471253335475922,
                        0.7833715081214905,
                        -0.44471579790115356
                    ],
                    [
                        0.1800561547279358,
                        0.3536842465400696,
                        0.780441403388977,
                        -0.48449504375457764
                    ],
                    [
                        0.15158939361572266,
                        0.3872973322868347,
                        0.6971624493598938,
                        -0.4450750946998596
                    ],
                    [
                        0.22759661078453064,
                        0.4608643054962158,
                        0.5960032939910889,
                        -0.5877951383590698
                    ],
                    [
                        0.08024251461029053,
                        0.6061720848083496,
                        0.6963125467300415,
                        -0.6725453734397888
                    ],
                    [
                        0.19991472363471985,
                        0.5418728590011597,
                        0.6343561410903931,
                        -0.5578387379646301
                    ]
                ]
            ],
            "actions_pred": [
                [
                    [
                        0.1938762664794922,
                        0.559150218963623,
                        0.4387013912200928,
                        0.4262697100639343,
                        0.4058603048324585,
                        0.3144655227661133,
                        0.42073071002960205,
                        0.44156455993652344,
                        0.36758190393447876,
