{
    "steps": [
        {
            "step": 0,
            "train_loss": 0.03350830078125,
            "actions_pred1": [
                [
                    [
                        0.3623144030570984,
                        0.5522269606590271,
                        0.6848776340484619,
                        -0.7015867829322815
                    ],
                    [
                        0.37786734104156494,
                        0.5737523436546326,
                        0.703236997127533,
                        -0.7458165884017944
                    ],
                    [
                        0.33514702320098877,
                        0.6233246326446533,
                        0.7773781418800354,
                        -0.8953639268875122
                    ],
                    [
                        0.2240523248910904,
                        0.6496860384941101,
                        0.7194462418556213,
                        -0.9081844687461853
                    ],
                    [
                        0.20779530704021454,
                        0.8310503959655762,
                        0.6141709685325623,
                        -0.9730260968208313
                    ],
                    [
                        0.30145180225372314,
                        0.7217944860458374,
                        0.6559100151062012,
                        -0.8759660124778748
                    ],
                    [
                        0.42774268984794617,
                        0.7434350252151489,
                        0.5652593970298767,
                        -0.797412633895874
                    ],
                    [
                        0.1479794681072235,
                        0.8148350715637207,
                        0.8667075634002686,
                        -0.8010137677192688
                    ],
                    [
                        0.11901876330375671,
                        0.8837936520576477,
                        0.9482405781745911,
                        -0.7752056121826172
                    ],
                    [
                        0.011049211025238037,
                        0.8284063935279846,
                        0.9615611433982849,
                        -0.8393463492393494
                    ],
                    [
                        -0.0009195059537887573,
                        0.8585716485977173,
                        1.0425630807876587,
                        -0.9909700155258179
                    ],
                    [
                        0.17989172041416168,
                        0.7263623476028442,
                        0.8734076619148254,
                        -0.8367263078689575
                    ],
                    [
                        0.1953374147415161,
                        0.6757112741470337,
                        0.9214481115341187,
                        -0.9276885986328125
                    ],
                    [
                        0.12633755803108215,
                        0.5580598711967468,
                        0.9371404647827148,
                        -0.8512765765190125
                    ],
                    [
                        0.2888859510421753,
                        0.7147451043128967,
                        0.8858942985534668,
                        -0.9826455116271973
                    ],
                    [
                        0.3020976483821869,
                        0.6710159182548523,
                        0.6852815747261047,
                        -0.7801131010055542
                    ],
                    [
                        0.3650365173816681,
                        0.7172502279281616,
                        0.6451023817062378,
                        -0.7168964743614197
                    ],
                    [
                        0.3911058306694031,
                        0.685531497001648,
                        0.6208551526069641,
                        -0.7563906311988831
                    ],
                    [
                        0.5344105958938599,
                        0.6770981550216675,
                        0.744756817817688,
                        -0.8239913582801819
                    ],
                    [
                        0.3846374750137329,
                        0.7813171744346619,
                        0.7252722382545471,
                        -0.8244984745979309
                    ]
                ]
            ],
            "actions_pred": [
                [
                    [
                        0.3623144030570984,
                        0.37786734104156494,
                        0.33514702320098877,
                        0.2240523248910904,
                        0.20779530704021454,
                        0.30145180225372314,
                        0.42774268984794617,
                        0.1479794681072235,
                        0.11901876330375671,
                        0.011049211025238037,
                        -0.0009195059537887573,
                        0.17989172041416168,
                        0.1953374147415161,
                        0.12633755803108215,
                        0.2888859510421753,
                        0.3020976483821869,
                        0.3650365173816681,
                        0.3911058306694031,
                        0.5344105958938599,
                        0.3846374750137329
                    ],
                    [
                        0.5522269606590271,
                        0.5737523436546326,
                        0.6233246326446533,
                        0.6496860384941101,
                        0.8310503959655762,
                        0.7217944860458374,
                        0.7434350252151489,
                        0.8148350715637207,
                        0.8837936520576477,
                        0.8284063935279846,
                        0.8585716485977173,
                        0.7263623476028442,
                        0.6757112741470337,
                        0.5580598711967468,
                        0.7147451043128967,
                        0.6710159182548523,
                        0.7172502279281616,
                        0.685531497001648,
                        0.6770981550216675,
                        0.7813171744346619
                    ],
                    [
                        0.6848776340484619,
                        0.703236997127533,
                        0.7773781418800354,
                        0.7194462418556213,
                        0.6141709685325623,
                        0.6559100151062012,
                        0.5652593970298767,
                        0.8667075634002686,
                        0.9482405781745911,
                        0.9615611433982849,
                        1.0425630807876587,
                        0.8734076619148254,
                        0.9214481115341187,
                        0.9371404647827148,
                        0.8858942985534668,
                        0.6852815747261047,
                        0.6451023817062378,
                        0.6208551526069641,
                        0.744756817817688,
                        0.7252722382545471
                    ],
                    [
                        -0.7015867829322815,
                        -0.7458165884017944,
                        -0.8953639268875122,
                        -0.9081844687461853,
                        -0.9730260968208313,
                        -0.8759660124778748,
                        -0.797412633895874,
                        -0.8010137677192688,
                        -0.7752056121826172,
                        -0.8393463492393494,
                        -0.9909700155258179,
                        -0.8367263078689575,
                        -0.9276885986328125,
                        -0.8512765765190125,
                        -0.9826455116271973,
                        -0.7801131010055542,
                        -0.7168964743614197,
                        -0.7563906311988831,
                        -0.8239913582801819,
                        -0.8244984745979309
                    ]
                ]
            ],
            "states": [
                [
                    [
                        5847024.0,
                        7.17427474228316e-06,
                        0.0002797465131152421,
                        862261.25
                    ],
                    [
                        5130264.0,
                        7.109771104296669e-06,
                        0.00027696648612618446,
                        791462.9375
                    ],
                    [
                        5460408.0,
                        7.0486535150848795e-06,
                        0.0002747685939539224,
                        848104.9375
                    ],
                    [
                        5159224.0,
                        6.988396307860967e-06,
                        0.000255326071055606,
                        826896.4375
                    ],
                    [
                        5280856.0,
                        6.9301599978643935e-06,
                        0.0002729953557718545,
                        850071.375
                    ],
                    [
                        5415520.0,
                        6.871501227578847e-06,
                        0.00026464968686923385,
                        894284.875
                    ],
                    [
                        5138952.0,
                        6.81457140672137e-06,
                        0.000260901142610237,
                        824406.5
                    ],
                    [
                        5364840.0,
                        6.758851213817252e-06,
                        0.00026091569452546537,
                        837380.25
                    ],
                    [
                        8605643.0,
                        0.0036125751212239265,
                        0.0002766261750366539,
                        462352.0625
                    ],
                    [
                        10015816.0,
                        0.00033437556703574955,
                        0.00026207882910966873,
                        482968.0625
                    ],
                    [
                        7806168.0,
                        0.00019468956452328712,
                        0.00027697221958078444,
                        473153.5
                    ],
                    [
                        6004856.0,
                        0.00014804340025875717,
                        0.00037561735371127725,
                        563905.9375
                    ],
                    [
                        3835752.0,
                        0.00012653775047510862,
                        0.000348972505889833,
                        546822.625
                    ],
                    [
                        693592.0,
                        0.00011859468213515356,
                        0.000344088242854923,
                        536207.0
                    ],
                    [
                        1136680.0,
                        0.00011570940841920674,
                        0.00030916635296307504,
                        532932.75
                    ],
                    [
                        755856.0,
                        0.0001128598305513151,
                        0.00029186115716584027,
                        668301.125
                    ],
                    [
                        573408.0,
                        0.00011094257206423208,
                        0.00031188191496767104,
                        741689.6875
                    ],
                    [
                        432952.0,
                        0.0001095341140171513,
                        0.0003927450452465564,
                        678985.1875
                    ],
                    [
                        1216320.0,
                        0.00010730996291385964,
                        0.00034627493005245924,
                        618105.1875
                    ],
                    [
                        4131144.0,
                        0.00010072957229567692,
                        0.00028098482289351523,
                        571491.4375
                    ]
                ]
            ],
            "actions": [
                [
                    [
                        0.75
                    ],
                    [
                        0.75
                    ],
                    [
                        0.75
                    ],
                    [
                        0.75
                    ],
                    [
                        0.75
                    ],
                    [
                        0.75
                    ],
                    [
                        0.75
                    ],
                    [
                        0.75
                    ],
                    [
                        0.5
                    ],
                    [
                        0.5
                    ],
                    [
                        0.5
                    ],
                    [
                        0.5
                    ],
                    [
                        0.5
                    ],
                    [
                        0.5
                    ],
                    [
                        0.5
                    ],
                    [
                        0.5
                    ],
                    [
                        0.5
                    ],
                    [
                        0.5
                    ],
                    [
                        0.5
                    ],
                    [
                        0.5
                    ]
                ]
            ],
            "returns": [
                [
                    [
                        0.48685410618782043
                    ],
                    [
                        0.4859126806259155
                    ],
                    [
                        0.48498284816741943
                    ],
                    [
                        0.4840475022792816
                    ],
                    [
                        0.48311716318130493
                    ],
                    [
                        0.4821847677230835
                    ],
                    [
                        0.481250137090683
                    ],
                    [
                        0.48032015562057495
                    ],
                    [
                        0.4793863594532013
                    ],
                    [
                        0.47841066122055054
                    ],
                    [
                        0.47742152214050293
                    ],
                    [
                        0.4764544665813446
                    ],
                    [
                        0.47551068663597107
                    ],
                    [
                        0.47460663318634033
                    ],
                    [
                        0.4738542139530182
                    ],
                    [
                        0.47305798530578613
                    ],
                    [
                        0.4722979664802551
                    ],
                    [
                        0.47156238555908203
                    ],
                    [
                        0.47085174918174744
                    ],
                    [
                        0.47004953026771545
                    ]
                ]
            ],
            "timesteps": [
                [
                    100,
                    101,
                    102,
                    103,
                    104,
                    105,
                    106,
                    107,
                    108,
                    109,
                    110,
                    111,
                    112,
                    113,
                    114,
                    115,
                    116,
                    117,
                    118,
                    119
                ]
            ],
            "labels": [
                [
                    2,
                    2,
                    2,
                    2,
                    2,
                    2,
                    2,
                    2,
                    1,
                    1,
                    1,
                    1,
                    1,
                    1,
                    1,
                    1,
                    1,
                    1,
                    1,
                    1
                ]
            ],
            "CPU Usage": 45.9,
            "RAM Usage": 55.2,
            "GPU Usage": 0.0,
            "VRAM Usage": 355.0,
            "Disk Read Speed (MB/s)": 206066.6064453125,
            "Disk Write Speed (MB/s)": 371322.2119140625
        },
        {
            "step": 1,
            "train_loss": 0.03770170733332634,
            "actions_pred1": [
                [
                    [
                        0.45272067189216614,
                        0.36847981810569763,
                        0.589228093624115,
                        -0.557371973991394
                    ],
                    [
                        0.3708823323249817,
                        0.19223156571388245,
                        0.4076741337776184,
                        -0.5391582250595093
                    ],
                    [
                        0.2897270917892456,
                        0.23501107096672058,
                        0.506142258644104,
                        -0.6018171906471252
                    ],
                    [
                        0.09758033603429794,
                        0.3107035756111145,
                        0.4462653398513794,
                        -0.6280686259269714
                    ],
                    [
                        0.06056951731443405,
                        0.37424758076667786,
                        0.4944131374359131,
                        -0.6974682807922363
                    ],
                    [
                        0.09314035624265671,
                        0.41116297245025635,
                        0.5435042977333069,
                        -0.6140859127044678
                    ],
                    [
                        0.06529230624437332,
                        0.4833718538284302,
                        0.4525523781776428,
                        -0.620500922203064
                    ],
                    [
                        0.05580156296491623,
                        0.3771577775478363,
                        0.5131292343139648,
                        -0.6676033735275269
                    ],
                    [
                        0.04664041846990585,
                        0.3605331778526306,
                        0.5345110893249512,
                        -0.716856837272644
                    ],
                    [
                        0.06819739937782288,
                        0.39417317509651184,
                        0.6818358302116394,
                        -0.648421585559845
                    ],
                    [
                        0.2374185174703598,
                        0.40015316009521484,
                        0.6080653071403503,
                        -0.7508940696716309
                    ],
                    [
                        0.3743849992752075,
                        0.3629615902900696,
                        0.5949372053146362,
                        -0.8285197019577026
                    ],
                    [
                        0.23772411048412323,
                        0.46443188190460205,
                        0.7168008089065552,
                        -0.8418238759040833
                    ],
                    [
                        0.19505469501018524,
                        0.4544580578804016,
                        0.7386822700500488,
                        -0.7277199625968933
                    ],
                    [
                        0.11647341400384903,
                        0.5131316184997559,
                        0.7167034149169922,
                        -0.6959301233291626
                    ],
                    [
                        0.14746978878974915,
                        0.5759878158569336,
                        0.7361057996749878,
                        -0.6721298694610596
                    ],
                    [
                        0.1461726725101471,
                        0.4781440198421478,
                        0.771118700504303,
                        -0.7211599349975586
                    ],
                    [
                        0.1302722990512848,
                        0.44135600328445435,
                        0.7034019231796265,
                        -0.6773234009742737
                    ],
                    [
                        0.22497190535068512,
                        0.5022337436676025,
                        0.5894431471824646,
                        -0.599518895149231
                    ],
                    [
                        0.26781409978866577,
                        0.5623401999473572,
                        0.5141419768333435,
                        -0.6779558658599854
                    ]
                ]
            ],
            "actions_pred": [
                [
                    [
                        0.45272067189216614,
                        0.3708823323249817,
                        0.2897270917892456,
                        0.09758033603429794,
                        0.06056951731443405,
                        0.09314035624265671,
                        0.06529230624437332,
                        0.05580156296491623,
                        0.04664041846990585,
                        0.06819739937782288,
                        0.2374185174703598,
                        0.3743849992752075,
                        0.23772411048412323,
                        0.19505469501018524,
                        0.11647341400384903,
                        0.14746978878974915,
                        0.1461726725101471,
                        0.1302722990512848,
                        0.22497190535068512,
                        0.26781409978866577
                    ],
                    [
                        0.36847981810569763,
                        0.19223156571388245,
                        0.23501107096672058,
                        0.3107035756111145,
                        0.37424758076667786,
                        0.41116297245025635,
                        0.4833718538284302,
                        0.3771577775478363,
                        0.3605331778526306,
                        0.39417317509651184,
                        0.40015316009521484,
                        0.3629615902900696,
                        0.46443188190460205,
                        0.4544580578804016,
                        0.5131316184997559,
                        0.5759878158569336,
                        0.4781440198421478,
                        0.44135600328445435,
                        0.5022337436676025,
                        0.5623401999473572
                    ],
                    [
                        0.589228093624115,
                        0.4076741337776184,
                        0.506142258644104,
                        0.4462653398513794,
                        0.4944131374359131,
                        0.5435042977333069,
                        0.4525523781776428,
                        0.5131292343139648,
                        0.5345110893249512,
                        0.6818358302116394,
                        0.6080653071403503,
                        0.5949372053146362,
                        0.7168008089065552,
                        0.7386822700500488,
                        0.7167034149169922,
                        0.7361057996749878,
                        0.771118700504303,
                        0.7034019231796265,
                        0.5894431471824646,
                        0.5141419768333435
                    ],
                    [
                        -0.557371973991394,
                        -0.5391582250595093,
                        -0.6018171906471252,
                        -0.6280686259269714,
                        -0.6974682807922363,
                        -0.6140859127044678,
                        -0.620500922203064,
                        -0.6676033735275269,
                        -0.716856837272644,
                        -0.648421585559845,
                        -0.7508940696716309,
                        -0.8285197019577026,
                        -0.8418238759040833,
                        -0.7277199625968933,
                        -0.6959301233291626,
                        -0.6721298694610596,
                        -0.7211599349975586,
                        -0.6773234009742737,
                        -0.599518895149231,
                        -0.6779558658599854
                    ]
                ]
            ],
            "states": [
                [
                    [
                        5603760.0,
                        1.8195280063082464e-05,
                        0.00019109471759293228,
                        502731.65625
                    ],
                    [
                        5502400.0,
                        1.778137630026322e-05,
                        0.00025023153284564614,
                        515799.5
                    ],
                    [
                        3495337.0,
                        2.0890449377475306e-05,
                        0.000305382302030921,
                        476338.21875
                    ],
                    [
                        1255416.0,
                        5.187569695408456e-05,
                        0.00029567780438810587,
                        761957.25
                    ],
                    [
                        2240056.0,
                        5.151751611265354e-05,
                        0.00033060877467505634,
                        603144.3125
                    ],
                    [
                        3857472.0,
                        4.8557489208178595e-05,
                        0.0031183171086013317,
                        533986.8125
                    ],
                    [
                        4274496.0,
                        4.78329966426827e-05,
                        0.0025027666706591845,
                        540291.25
                    ],
                    [
                        4416400.0,
                        4.7082099627004936e-05,
                        0.0014389286516234279,
                        565093.875
                    ],
                    [
                        8094320.0,
                        4.604376954375766e-05,
                        0.0007658242247998714,
                        548988.375
                    ],
                    [
                        6445048.0,
                        4.488962440518662e-05,
                        0.00038344759377650917,
                        548654.4375
                    ],
                    [
                        5370632.0,
                        4.3993775761919096e-05,
                        0.00022289676417130977,
                        576383.875
                    ],
                    [
                        4669800.0,
                        4.3260322854621336e-05,
                        0.00016156068886630237,
                        587927.8125
                    ],
                    [
                        5024560.0,
                        4.257538603269495e-05,
                        0.0001406134688295424,
                        551057.8125
                    ],
                    [
                        5088272.0,
                        4.1883507947204635e-05,
                        0.00015407148748636246,
                        546541.25
                    ],
                    [
                        5479232.0,
                        4.118427023058757e-05,
                        0.00013193934864830226,
                        600107.125
                    ],
                    [
                        4853696.0,
                        4.0522416384192184e-05,
                        0.000135277965455316,
                        557284.125
                    ],
                    [
                        4022544.0,
                        3.997057501692325e-05,
                        0.0001415384467691183,
                        635772.1875
                    ],
                    [
                        3612760.0,
                        3.950786776840687e-05,
                        0.0001762084721121937,
                        576885.25
                    ],
                    [
                        3773488.0,
                        3.907046266249381e-05,
                        0.000310274597723037,
                        547162.9375
                    ],
                    [
                        4445360.0,
                        3.8595113437622786e-05,
                        0.00025462565827183425,
                        623805.0
                    ]
                ]
            ],
            "actions": [
                [
                    [
                        0.5
                    ],
                    [
                        0.5
                    ],
                    [
                        0.5
                    ],
                    [
                        0.5
                    ],
                    [
                        0.5
                    ],
                    [
                        0.5
                    ],
                    [
                        0.5
                    ],
                    [
                        0.5
                    ],
                    [
                        0.5
                    ],
                    [
                        0.5
                    ],
                    [
                        0.5
                    ],
                    [
                        0.5
                    ],
                    [
                        0.5
                    ],
                    [
                        0.5
                    ],
                    [
                        0.5
                    ],
                    [
                        0.5
                    ],
                    [
                        0.5
                    ],
                    [
                        0.5
                    ],
                    [
                        0.5
                    ],
                    [
                        0.5
                    ]
                ]
            ],
            "returns": [
                [
                    [
                        0.1523428112268448
                    ],
                    [
                        0.15140515565872192
                    ],
                    [
                        0.150469109416008
                    ],
                    [
                        0.14957329630851746
                    ],
                    [
                        0.14876827597618103
                    ],
                    [
                        0.1479119062423706
                    ],
                    [
                        0.14700736105442047
                    ],
                    [
                        0.1460937112569809
                    ],
                    [
                        0.14517715573310852
                    ],
                    [
                        0.14420689642429352
                    ],
                    [
                        0.14325684309005737
                    ],
                    [
                        0.14232294261455536
                    ],
                    [
                        0.14140145480632782
                    ],
                    [
                        0.14047347009181976
                    ],
                    [
                        0.13954436779022217
                    ],
                    [
                        0.13860870897769928
                    ],
                    [
                        0.13768377900123596
                    ],
                    [
                        0.13677552342414856
                    ],
                    [
                        0.13587677478790283
                    ],
                    [
                        0.1349741816520691
                    ]
                ]
            ],
            "timesteps": [
                [
                    460,
                    461,
                    462,
                    463,
                    464,
                    465,
                    466,
                    467,
                    468,
                    469,
                    470,
                    471,
                    472,
                    473,
                    474,
                    475,
                    476,
                    477,
                    478,
                    479
                ]
            ],
            "labels": [
                [
                    1,
                    1,
                    1,
                    1,
                    1,
                    1,
                    1,
                    1,
                    1,
                    1,
                    1,
                    1,
                    1,
                    1,
                    1,
                    1,
                    1,
                    1,
                    1,
                    1
                ]
            ],
            "CPU Usage": 46.7,
            "RAM Usage": 55.3,
            "GPU Usage": 0.0,
            "VRAM Usage": 355.0,
            "Disk Read Speed (MB/s)": 206066.6064453125,
            "Disk Write Speed (MB/s)": 371322.2666015625
        },
        {
            "step": 2,
            "train_loss": 0.03310133516788483,
            "actions_pred1": [
                [
                    [
                        0.598732054233551,
                        0.5430788993835449,
                        0.641436755657196,
                        -0.14648181200027466
                    ],
                    [
                        0.24765773117542267,
                        0.6663137674331665,
                        0.7072083950042725,
                        -0.376751184463501
                    ],
                    [
                        0.2167028784751892,
                        0.526997983455658,
                        0.5365990996360779,
                        -0.40485361218452454
                    ],
                    [
                        0.17816978693008423,
                        0.5683824419975281,
                        0.5553373098373413,
                        -0.48375794291496277
                    ],
                    [
                        0.13365387916564941,
                        0.6399851441383362,
                        0.5524415373802185,
                        -0.48993706703186035
                    ],
                    [
                        0.34732675552368164,
                        0.5968562364578247,
                        0.5360994935035706,
                        -0.6833345293998718
                    ],
                    [
                        0.20851433277130127,
                        0.4117938280105591,
                        0.683196485042572,
                        -0.6866209506988525
                    ],
                    [
                        0.23296710848808289,
                        0.4944826066493988,
                        0.7434592247009277,
                        -0.7012240886688232
                    ],
                    [
                        0.12719616293907166,
                        0.5489270687103271,
                        0.6458680629730225,
                        -0.5335873961448669
                    ],
                    [
                        0.18097999691963196,
                        0.5511447787284851,
                        0.619562029838562,
                        -0.612777054309845
                    ],
                    [
                        0.14941340684890747,
                        0.6076158285140991,
                        0.7342161536216736,
                        -0.5840426683425903
                    ],
                    [
                        0.291159987449646,
                        0.4503036439418793,
                        0.6449443101882935,
                        -0.47250404953956604
                    ],
                    [
                        0.19834452867507935,
                        0.48519402742385864,
                        0.7315360903739929,
                        -0.4665270149707794
                    ],
                    [
                        0.21514520049095154,
                        0.5903938412666321,
                        0.6531630754470825,
                        -0.5806275606155396
                    ],
                    [
                        0.264629602432251,
                        0.627705454826355,
                        0.7627517580986023,
                        -0.593562662601471
                    ],
                    [
                        0.42404788732528687,
                        0.6321367025375366,
                        0.6905063986778259,
                        -0.6162904500961304
                    ],
                    [
                        0.3801431357860565,
                        0.664502739906311,
                        0.786301851272583,
                        -0.5533672571182251
                    ],
                    [
                        0.26488420367240906,
                        0.723526120185852,
                        0.7688297033309937,
                        -0.734437108039856
                    ],
                    [
                        0.31011083722114563,
                        0.6646899580955505,
                        0.7449302673339844,
                        -0.7547829151153564
                    ],
                    [
                        0.3675788342952728,
                        0.6194067001342773,
                        0.6757398247718811,
                        -0.6118896007537842
                    ]
                ]
            ],
            "actions_pred": [
                [
                    [
                        0.598732054233551,
                        0.24765773117542267,
                        0.2167028784751892,
                        0.17816978693008423,
                        0.13365387916564941,
                        0.34732675552368164,
                        0.20851433277130127,
                        0.23296710848808289,
                        0.12719616293907166,
                        0.18097999691963196,
