{
    "steps": [
        {
            "step": 0,
            "train_loss": 9.693995525594801e-05,
            "actions_pred1": [
                [
                    [
                        -0.7967641353607178,
                        2.0736119747161865,
                        5.831040382385254,
                        -3.360590934753418
                    ],
                    [
                        -0.1558522880077362,
                        0.6925342082977295,
                        6.963902473449707,
                        -3.8999433517456055
                    ],
                    [
                        -0.040836453437805176,
                        0.5951485633850098,
                        7.3748674392700195,
                        -4.149410724639893
                    ],
                    [
                        0.2453879714012146,
                        0.5379073023796082,
                        7.314055919647217,
                        -4.296047210693359
                    ],
                    [
                        0.09938351809978485,
                        0.34603551030158997,
                        7.020171642303467,
                        -4.481576919555664
                    ],
                    [
                        0.03913140296936035,
                        -0.322182834148407,
                        6.747194766998291,
                        -4.2160210609436035
                    ],
                    [
                        -0.1961551308631897,
                        -0.5213315486907959,
                        6.7263665199279785,
                        -3.994117021560669
                    ],
                    [
                        -0.43621790409088135,
                        -0.5582644939422607,
                        6.789409637451172,
                        -4.111124038696289
                    ],
                    [
                        -0.4119301438331604,
                        -0.5024909377098083,
                        6.820715427398682,
                        -4.11700963973999
                    ],
                    [
                        -0.333477646112442,
                        -0.3815978169441223,
                        6.9065351486206055,
                        -4.405153274536133
                    ],
                    [
                        -0.41483327746391296,
                        -0.25742605328559875,
                        7.001547813415527,
                        -4.491011619567871
                    ],
                    [
                        -0.3817318081855774,
                        -0.14732810854911804,
                        7.020560264587402,
                        -4.503787040710449
                    ],
                    [
                        -0.4468075931072235,
                        0.013677209615707397,
                        6.998424530029297,
                        -4.354948043823242
                    ],
                    [
                        -0.3466531038284302,
                        -0.01799437403678894,
                        6.8793253898620605,
                        -4.3171210289001465
                    ],
                    [
                        -0.18458984792232513,
                        -0.009746074676513672,
                        6.8607563972473145,
                        -4.547303199768066
                    ],
                    [
                        -0.10861892998218536,
                        0.07184243202209473,
                        6.694390296936035,
                        -4.537981033325195
                    ],
                    [
                        0.07269579917192459,
                        -0.041220247745513916,
                        6.755436897277832,
                        -4.5345587730407715
                    ],
                    [
                        0.036904916167259216,
                        -0.001075834035873413,
                        6.671677589416504,
                        -4.491114616394043
                    ],
                    [
                        0.11031001061201096,
                        0.12802404165267944,
                        6.711501598358154,
                        -4.488368034362793
                    ],
                    [
                        0.07783134281635284,
                        0.12486088275909424,
                        6.681843280792236,
                        -4.4218339920043945
                    ]
                ]
            ],
            "actions_pred": [
                [
                    [
                        -0.7967641353607178,
                        -0.1558522880077362,
                        -0.040836453437805176,
                        0.2453879714012146,
                        0.09938351809978485,
                        0.03913140296936035,
                        -0.1961551308631897,
                        -0.43621790409088135,
                        -0.4119301438331604,
                        -0.333477646112442,
                        -0.41483327746391296,
                        -0.3817318081855774,
                        -0.4468075931072235,
                        -0.3466531038284302,
                        -0.18458984792232513,
                        -0.10861892998218536,
                        0.07269579917192459,
                        0.036904916167259216,
                        0.11031001061201096,
                        0.07783134281635284
                    ],
                    [
                        2.0736119747161865,
                        0.6925342082977295,
                        0.5951485633850098,
                        0.5379073023796082,
                        0.34603551030158997,
                        -0.322182834148407,
                        -0.5213315486907959,
                        -0.5582644939422607,
                        -0.5024909377098083,
                        -0.3815978169441223,
                        -0.25742605328559875,
                        -0.14732810854911804,
                        0.013677209615707397,
                        -0.01799437403678894,
                        -0.009746074676513672,
                        0.07184243202209473,
                        -0.041220247745513916,
                        -0.001075834035873413,
                        0.12802404165267944,
                        0.12486088275909424
                    ],
                    [
                        5.831040382385254,
                        6.963902473449707,
                        7.3748674392700195,
                        7.314055919647217,
                        7.020171642303467,
                        6.747194766998291,
                        6.7263665199279785,
                        6.789409637451172,
                        6.820715427398682,
                        6.9065351486206055,
                        7.001547813415527,
                        7.020560264587402,
                        6.998424530029297,
                        6.8793253898620605,
                        6.8607563972473145,
                        6.694390296936035,
                        6.755436897277832,
                        6.671677589416504,
                        6.711501598358154,
                        6.681843280792236
                    ],
                    [
                        -3.360590934753418,
                        -3.8999433517456055,
                        -4.149410724639893,
                        -4.296047210693359,
                        -4.481576919555664,
                        -4.2160210609436035,
                        -3.994117021560669,
                        -4.111124038696289,
                        -4.11700963973999,
                        -4.405153274536133,
                        -4.491011619567871,
                        -4.503787040710449,
                        -4.354948043823242,
                        -4.3171210289001465,
                        -4.547303199768066,
                        -4.537981033325195,
                        -4.5345587730407715,
                        -4.491114616394043,
                        -4.488368034362793,
                        -4.4218339920043945
                    ]
                ]
            ],
            "states": [
                [
                    [
                        5334432.0,
                        2.079466503346339e-05,
                        0.00026978878304362297,
                        822567.125
                    ],
                    [
                        5450272.0,
                        2.0477313228184357e-05,
                        0.00027627943200059235,
                        856531.375
                    ],
                    [
                        5496608.0,
                        2.0164978195680305e-05,
                        0.00025924446526914835,
                        796247.875
                    ],
                    [
                        5340224.0,
                        1.901392352010589e-05,
                        0.006524195894598961,
                        835512.25
                    ],
                    [
                        5366288.0,
                        1.8750137314782478e-05,
                        0.002146858023479581,
                        813363.3125
                    ],
                    [
                        5389456.0,
                        1.8492408344172873e-05,
                        0.0023773028515279293,
                        845072.375
                    ],
                    [
                        5118680.0,
                        1.8247363186674193e-05,
                        0.0020079242531210184,
                        804446.8125
                    ],
                    [
                        5463304.0,
                        1.8007134713116102e-05,
                        0.0019139255164191127,
                        824885.1875
                    ],
                    [
                        5337328.0,
                        1.7768334146239795e-05,
                        0.0013429223326966166,
                        814676.0
                    ],
                    [
                        5398144.0,
                        1.753715696395375e-05,
                        0.0011628043139353395,
                        805373.25
                    ],
                    [
                        5337328.0,
                        1.7311906049144454e-05,
                        0.0009117702720686793,
                        826102.5
                    ],
                    [
                        5053520.0,
                        1.709933530946728e-05,
                        0.000803604198154062,
                        828294.75
                    ],
                    [
                        5891912.0,
                        1.6881092960829847e-05,
                        0.000699773314408958,
                        791778.0625
                    ],
                    [
                        5104200.0,
                        1.6667219824739732e-05,
                        0.0006680691731162369,
                        868015.875
                    ],
                    [
                        5372080.0,
                        1.646851160330698e-05,
                        0.0005246230284683406,
                        748358.1875
                    ],
                    [
                        5262032.0,
                        1.6271596905426122e-05,
                        0.00046889804070815444,
                        796238.875
                    ],
                    [
                        5473440.0,
                        1.6077548934845254e-05,
                        0.00035997320082969964,
                        812237.5625
                    ],
                    [
                        4978224.0,
                        1.589297789905686e-05,
                        0.00037329201586544514,
                        806297.3125
                    ],
                    [
                        5450272.0,
                        1.571305256220512e-05,
                        0.00029995679506100714,
                        802099.3125
                    ],
                    [
                        5424208.0,
                        1.5529669326497242e-05,
                        0.0002722619683481753,
                        836648.625
                    ]
                ]
            ],
            "actions": [
                [
                    [
                        0.75
                    ],
                    [
                        0.75
                    ],
                    [
                        0.75
                    ],
                    [
                        0.75
                    ],
                    [
                        0.75
                    ],
                    [
                        0.75
                    ],
                    [
                        0.75
                    ],
                    [
                        0.75
                    ],
                    [
                        0.75
                    ],
                    [
                        0.75
                    ],
                    [
                        0.75
                    ],
                    [
                        0.75
                    ],
                    [
                        0.75
                    ],
                    [
                        0.75
                    ],
                    [
                        0.75
                    ],
                    [
                        0.75
                    ],
                    [
                        0.75
                    ],
                    [
                        0.75
                    ],
                    [
                        0.75
                    ],
                    [
                        0.75
                    ]
                ]
            ],
            "returns": [
                [
                    [
                        0.3232199251651764
                    ],
                    [
                        0.3222866356372833
                    ],
                    [
                        0.32135143876075745
                    ],
                    [
                        0.3204154968261719
                    ],
                    [
                        0.31948211789131165
                    ],
                    [
                        0.3185482919216156
                    ],
                    [
                        0.3176141083240509
                    ],
                    [
                        0.31668445467948914
                    ],
                    [
                        0.31574904918670654
                    ],
                    [
                        0.3148157298564911
                    ],
                    [
                        0.31388136744499207
                    ],
                    [
                        0.3129480481147766
                    ],
                    [
                        0.3120195269584656
                    ],
                    [
                        0.31107744574546814
                    ],
                    [
                        0.31014806032180786
                    ],
                    [
                        0.30921414494514465
                    ],
                    [
                        0.3082820773124695
                    ],
                    [
                        0.30734649300575256
                    ],
                    [
                        0.306419312953949
                    ],
                    [
                        0.3054841458797455
                    ]
                ]
            ],
            "timesteps": [
                [
                    280,
                    281,
                    282,
                    283,
                    284,
                    285,
                    286,
                    287,
                    288,
                    289,
                    290,
                    291,
                    292,
                    293,
                    294,
                    295,
                    296,
                    297,
                    298,
                    299
                ]
            ],
            "labels": [
                [
                    2,
                    2,
                    2,
                    2,
                    2,
                    2,
                    2,
                    2,
                    2,
                    2,
                    2,
                    2,
                    2,
                    2,
                    2,
                    2,
                    2,
                    2,
                    2,
                    2
                ]
            ],
            "CPU Usage": 45.6,
            "RAM Usage": 55.0,
            "GPU Usage": 0.0,
            "VRAM Usage": 355.0,
            "Disk Read Speed (MB/s)": 206667.4873046875,
            "Disk Write Speed (MB/s)": 434926.9072265625
        },
        {
            "step": 1,
            "train_loss": 0.013662862591445446,
            "actions_pred1": [
                [
                    [
                        -0.5689011216163635,
                        2.5726094245910645,
                        3.640596866607666,
                        -4.478908538818359
                    ],
                    [
                        0.10071521997451782,
                        2.6227128505706787,
                        4.360601902008057,
                        -4.383690357208252
                    ],
                    [
                        0.055440306663513184,
                        2.7907581329345703,
                        3.8814542293548584,
                        -4.675484657287598
                    ],
                    [
                        -0.16023403406143188,
                        2.926861524581909,
                        3.3448309898376465,
                        -4.708121299743652
                    ],
                    [
                        -0.26236072182655334,
                        3.506113290786743,
                        2.7769079208374023,
                        -4.904349327087402
                    ],
                    [
                        -0.09043306112289429,
                        3.7425808906555176,
                        2.7889811992645264,
                        -4.998970985412598
                    ],
                    [
                        0.08113197237253189,
                        3.986219644546509,
                        2.590484142303467,
                        -5.002063274383545
                    ],
                    [
                        -0.0336076021194458,
                        3.860896587371826,
                        2.4454758167266846,
                        -4.974565505981445
                    ],
                    [
                        -0.1992853432893753,
                        4.189358234405518,
                        2.2865710258483887,
                        -4.911892890930176
                    ],
                    [
                        -0.3523624539375305,
                        4.277264595031738,
                        2.153153657913208,
                        -4.984242916107178
                    ],
                    [
                        -0.5018018484115601,
                        4.306581497192383,
                        2.5214014053344727,
                        -4.872801780700684
                    ],
                    [
                        -0.5126283764839172,
                        4.216738224029541,
                        2.7049946784973145,
                        -4.873658657073975
                    ],
                    [
                        -0.3925492465496063,
                        4.377070426940918,
                        2.8016481399536133,
                        -4.901473522186279
                    ],
                    [
                        -0.5146026015281677,
                        4.442391395568848,
                        2.6953728199005127,
                        -5.014352798461914
                    ],
                    [
                        -0.4673483967781067,
                        4.549780368804932,
                        2.6868419647216797,
                        -4.845538139343262
                    ],
                    [
                        -0.6742126941680908,
                        4.611020565032959,
                        2.5832200050354004,
                        -4.719637393951416
                    ],
                    [
                        -0.682248592376709,
                        4.6790289878845215,
                        2.4109139442443848,
                        -4.715485095977783
                    ],
                    [
                        -0.6335049271583557,
                        4.52774715423584,
                        2.359138011932373,
                        -4.8165602684021
                    ],
                    [
                        -0.4691947102546692,
                        4.497587203979492,
                        2.360586166381836,
                        -4.921996593475342
                    ],
                    [
                        -0.4780506491661072,
                        4.575734615325928,
                        2.2948060035705566,
                        -4.848691940307617
                    ]
                ]
            ],
            "actions_pred": [
                [
                    [
                        -0.5689011216163635,
                        0.10071521997451782,
                        0.055440306663513184,
                        -0.16023403406143188,
                        -0.26236072182655334,
                        -0.09043306112289429,
                        0.08113197237253189,
                        -0.0336076021194458,
                        -0.1992853432893753,
                        -0.3523624539375305,
                        -0.5018018484115601,
                        -0.5126283764839172,
                        -0.3925492465496063,
                        -0.5146026015281677,
                        -0.4673483967781067,
                        -0.6742126941680908,
                        -0.682248592376709,
                        -0.6335049271583557,
                        -0.4691947102546692,
                        -0.4780506491661072
                    ],
                    [
                        2.5726094245910645,
                        2.6227128505706787,
                        2.7907581329345703,
                        2.926861524581909,
                        3.506113290786743,
                        3.7425808906555176,
                        3.986219644546509,
                        3.860896587371826,
                        4.189358234405518,
                        4.277264595031738,
                        4.306581497192383,
                        4.216738224029541,
                        4.377070426940918,
                        4.442391395568848,
                        4.549780368804932,
                        4.611020565032959,
                        4.6790289878845215,
                        4.52774715423584,
                        4.497587203979492,
                        4.575734615325928
                    ],
                    [
                        3.640596866607666,
                        4.360601902008057,
                        3.8814542293548584,
                        3.3448309898376465,
                        2.7769079208374023,
                        2.7889811992645264,
                        2.590484142303467,
                        2.4454758167266846,
                        2.2865710258483887,
                        2.153153657913208,
                        2.5214014053344727,
                        2.7049946784973145,
                        2.8016481399536133,
                        2.6953728199005127,
                        2.6868419647216797,
                        2.5832200050354004,
                        2.4109139442443848,
                        2.359138011932373,
                        2.360586166381836,
                        2.2948060035705566
                    ],
                    [
                        -4.478908538818359,
                        -4.383690357208252,
                        -4.675484657287598,
                        -4.708121299743652,
                        -4.904349327087402,
                        -4.998970985412598,
                        -5.002063274383545,
                        -4.974565505981445,
                        -4.911892890930176,
                        -4.984242916107178,
                        -4.872801780700684,
                        -4.873658657073975,
                        -4.901473522186279,
                        -5.014352798461914,
                        -4.845538139343262,
                        -4.719637393951416,
                        -4.715485095977783,
                        -4.8165602684021,
                        -4.921996593475342,
                        -4.848691940307617
                    ]
                ]
            ],
            "states": [
                [
                    [
                        5847024.0,
                        7.17427474228316e-06,
                        0.0002797465131152421,
                        862261.25
                    ],
                    [
                        5130264.0,
                        7.109771104296669e-06,
                        0.00027696648612618446,
                        791462.9375
                    ],
                    [
                        5460408.0,
                        7.0486535150848795e-06,
                        0.0002747685939539224,
                        848104.9375
                    ],
                    [
                        5159224.0,
                        6.988396307860967e-06,
                        0.000255326071055606,
                        826896.4375
                    ],
                    [
                        5280856.0,
                        6.9301599978643935e-06,
                        0.0002729953557718545,
                        850071.375
                    ],
                    [
                        5415520.0,
                        6.871501227578847e-06,
                        0.00026464968686923385,
                        894284.875
                    ],
                    [
                        5138952.0,
                        6.81457140672137e-06,
                        0.000260901142610237,
                        824406.5
                    ],
                    [
                        5364840.0,
                        6.758851213817252e-06,
                        0.00026091569452546537,
                        837380.25
                    ],
                    [
                        8605643.0,
                        0.0036125751212239265,
                        0.0002766261750366539,
                        462352.0625
                    ],
                    [
                        10015816.0,
                        0.00033437556703574955,
                        0.00026207882910966873,
                        482968.0625
                    ],
                    [
                        7806168.0,
                        0.00019468956452328712,
                        0.00027697221958078444,
                        473153.5
                    ],
                    [
                        6004856.0,
                        0.00014804340025875717,
                        0.00037561735371127725,
                        563905.9375
                    ],
                    [
                        3835752.0,
                        0.00012653775047510862,
                        0.000348972505889833,
                        546822.625
                    ],
                    [
                        693592.0,
                        0.00011859468213515356,
                        0.000344088242854923,
                        536207.0
                    ],
                    [
                        1136680.0,
                        0.00011570940841920674,
                        0.00030916635296307504,
                        532932.75
                    ],
                    [
                        755856.0,
                        0.0001128598305513151,
                        0.00029186115716584027,
                        668301.125
                    ],
                    [
                        573408.0,
                        0.00011094257206423208,
                        0.00031188191496767104,
                        741689.6875
                    ],
                    [
                        432952.0,
                        0.0001095341140171513,
                        0.0003927450452465564,
                        678985.1875
                    ],
                    [
                        1216320.0,
                        0.00010730996291385964,
                        0.00034627493005245924,
                        618105.1875
                    ],
                    [
                        4131144.0,
                        0.00010072957229567692,
                        0.00028098482289351523,
                        571491.4375
                    ]
                ]
            ],
            "actions": [
                [
                    [
                        0.75
                    ],
                    [
                        0.75
                    ],
                    [
                        0.75
                    ],
                    [
                        0.75
                    ],
                    [
                        0.75
                    ],
                    [
                        0.75
                    ],
                    [
                        0.75
                    ],
                    [
                        0.75
                    ],
                    [
                        0.5
                    ],
                    [
                        0.5
                    ],
                    [
                        0.5
                    ],
                    [
                        0.5
                    ],
                    [
                        0.5
                    ],
                    [
                        0.5
                    ],
                    [
                        0.5
                    ],
                    [
                        0.5
                    ],
                    [
                        0.5
                    ],
                    [
                        0.5
                    ],
                    [
                        0.5
                    ],
                    [
                        0.5
                    ]
                ]
            ],
            "returns": [
                [
                    [
                        0.48685410618782043
                    ],
                    [
                        0.4859126806259155
                    ],
                    [
                        0.48498284816741943
                    ],
                    [
                        0.4840475022792816
                    ],
                    [
                        0.48311716318130493
                    ],
                    [
                        0.4821847677230835
                    ],
                    [
                        0.481250137090683
                    ],
                    [
                        0.48032015562057495
                    ],
                    [
                        0.4793863594532013
                    ],
                    [
                        0.47841066122055054
                    ],
                    [
                        0.47742152214050293
                    ],
                    [
                        0.4764544665813446
                    ],
                    [
                        0.47551068663597107
                    ],
                    [
                        0.47460663318634033
                    ],
                    [
                        0.4738542139530182
                    ],
                    [
                        0.47305798530578613
                    ],
                    [
                        0.4722979664802551
                    ],
                    [
                        0.47156238555908203
                    ],
                    [
                        0.47085174918174744
                    ],
                    [
                        0.47004953026771545
                    ]
                ]
            ],
            "timesteps": [
                [
                    100,
                    101,
                    102,
                    103,
                    104,
                    105,
                    106,
                    107,
                    108,
                    109,
                    110,
                    111,
                    112,
                    113,
                    114,
                    115,
                    116,
                    117,
                    118,
                    119
                ]
            ],
            "labels": [
                [
                    2,
                    2,
                    2,
                    2,
                    2,
                    2,
                    2,
                    2,
                    1,
                    1,
                    1,
                    1,
                    1,
                    1,
                    1,
                    1,
                    1,
                    1,
                    1,
                    1
                ]
            ],
            "CPU Usage": 46.8,
            "RAM Usage": 55.1,
            "GPU Usage": 0.0,
            "VRAM Usage": 355.0,
            "Disk Read Speed (MB/s)": 206667.4873046875,
            "Disk Write Speed (MB/s)": 434927.0400390625
        },
        {
            "step": 2,
            "train_loss": 7.953590102260932e-05,
            "actions_pred1": [
                [
                    [
                        1.1908310651779175,
                        0.8934028744697571,
                        6.48760461807251,
                        -4.549698829650879
                    ],
                    [
                        0.8690507411956787,
                        0.4880160391330719,
                        6.8378143310546875,
                        -4.550467491149902
                    ],
                    [
                        0.7457354068756104,
                        0.8859344720840454,
                        6.641702651977539,
                        -4.336133003234863
                    ],
                    [
                        0.40577584505081177,
                        0.7538717985153198,
                        7.127840518951416,
                        -4.377506256103516
                    ],
                    [
                        0.12046542763710022,
                        0.6124568581581116,
                        7.179779529571533,
                        -4.448163032531738
                    ],
                    [
                        0.41936856508255005,
                        0.7582634687423706,
                        7.420275688171387,
                        -4.5460686683654785
                    ],
                    [
                        0.3459165096282959,
                        0.8986104130744934,
                        7.7161545753479,
                        -4.6687517166137695
                    ],
                    [
                        0.10898697376251221,
                        0.6028187274932861,
                        7.8886518478393555,
                        -4.920541286468506
                    ],
                    [
                        0.4711228609085083,
                        0.2641245722770691,
                        7.698188781738281,
                        -5.076723575592041
                    ],
                    [
                        0.6208231449127197,
                        0.28257623314857483,
                        7.497528553009033,
                        -5.1073126792907715
                    ],
                    [
                        0.5369136333465576,
                        0.24931547045707703,
                        7.525206565856934,
                        -5.080904006958008
                    ],
                    [
                        0.4410254955291748,
                        0.45931023359298706,
                        7.424988269805908,
                        -5.043193340301514
                    ],
                    [
                        0.5238476395606995,
                        0.5086727142333984,
                        7.54090690612793,
                        -5.082825183868408
                    ],
                    [
                        0.4079084098339081,
                        0.2927548587322235,
                        7.2250075340271,
                        -4.963163375854492
                    ],
                    [
                        0.2302120476961136,
                        0.14202916622161865,
                        7.047075271606445,
                        -4.997117042541504
                    ],
                    [
                        0.05044403672218323,
                        0.2694193422794342,
                        7.0856709480285645,
                        -4.936272621154785
                    ],
                    [
                        0.04196995496749878,
                        0.18399566411972046,
                        7.129454135894775,
                        -4.978664398193359
                    ],
                    [
                        -0.05728769302368164,
                        0.13230961561203003,
                        7.136073112487793,
                        -4.9545087814331055
                    ],
                    [
                        -0.20920783281326294,
                        0.3873351216316223,
                        7.190854549407959,
                        -4.93562126159668
                    ],
                    [
                        -0.13911455869674683,
                        0.4339430630207062,
                        7.068136215209961,
                        -5.079799175262451
                    ]
                ]
            ],
            "actions_pred": [
                [
                    [
                        1.1908310651779175,
                        0.8690507411956787,
                        0.7457354068756104,
                        0.40577584505081177,
                        0.12046542763710022,
                        0.41936856508255005,
                        0.3459165096282959,
                        0.10898697376251221,
                        0.4711228609085083,
                        0.6208231449127197,
                        0.5369136333465576,
                        0.4410254955291748,
