{
    "steps": [
        {
            "step": 0,
            "train_loss": 0.033957622945308685,
            "actions_pred1": [
                [
                    [
                        0.4614246189594269,
                        1.1638989448547363,
                        1.67979097366333,
                        -2.4157652854919434
                    ],
                    [
                        0.5014094114303589,
                        1.0740787982940674,
                        1.7017481327056885,
                        -2.442625045776367
                    ],
                    [
                        0.7451565861701965,
                        1.2207391262054443,
                        1.6207870244979858,
                        -2.718576431274414
                    ],
                    [
                        0.9497296214103699,
                        1.1114954948425293,
                        1.418891191482544,
                        -3.2205748558044434
                    ],
                    [
                        1.0557868480682373,
                        0.9410738945007324,
                        1.4034790992736816,
                        -3.276857852935791
                    ],
                    [
                        1.2507283687591553,
                        0.9423840641975403,
                        1.3621405363082886,
                        -3.5413875579833984
                    ],
                    [
                        1.5055394172668457,
                        1.6804189682006836,
                        1.4287590980529785,
                        -4.210290431976318
                    ],
                    [
                        1.5893032550811768,
                        1.6133415699005127,
                        1.6758661270141602,
                        -4.1087870597839355
                    ],
                    [
                        1.6922096014022827,
                        1.6521714925765991,
                        1.5039033889770508,
                        -4.333458423614502
                    ],
                    [
                        1.6925568580627441,
                        1.5497428178787231,
                        1.386927604675293,
                        -4.430449485778809
                    ],
                    [
                        1.6838066577911377,
                        1.5226564407348633,
                        1.3582839965820312,
                        -4.449103832244873
                    ],
                    [
                        1.676810622215271,
                        1.535437822341919,
                        1.2844657897949219,
                        -4.463777542114258
                    ],
                    [
                        1.6865434646606445,
                        1.5286996364593506,
                        1.4588559865951538,
                        -4.708308696746826
                    ],
                    [
                        1.7201632261276245,
                        1.5319631099700928,
                        1.4995909929275513,
                        -4.508760452270508
                    ],
                    [
                        1.7430888414382935,
                        1.6774624586105347,
                        1.5364742279052734,
                        -4.76614236831665
                    ],
                    [
                        1.6154804229736328,
                        1.764081597328186,
                        1.5925840139389038,
                        -4.918542385101318
                    ],
                    [
                        1.4746415615081787,
                        1.6619832515716553,
                        1.4917562007904053,
                        -4.899808406829834
                    ],
                    [
                        1.7702070474624634,
                        1.828568935394287,
                        1.576076865196228,
                        -5.030472755432129
                    ],
                    [
                        1.8001519441604614,
                        2.017989158630371,
                        1.5871124267578125,
                        -5.16165828704834
                    ],
                    [
                        1.8117656707763672,
                        1.9505581855773926,
                        1.7099940776824951,
                        -5.072623252868652
                    ]
                ]
            ],
            "actions_pred": [
                [
                    [
                        0.4614246189594269,
                        0.5014094114303589,
                        0.7451565861701965,
                        0.9497296214103699,
                        1.0557868480682373,
                        1.2507283687591553,
                        1.5055394172668457,
                        1.5893032550811768,
                        1.6922096014022827,
                        1.6925568580627441,
                        1.6838066577911377,
                        1.676810622215271,
                        1.6865434646606445,
                        1.7201632261276245,
                        1.7430888414382935,
                        1.6154804229736328,
                        1.4746415615081787,
                        1.7702070474624634,
                        1.8001519441604614,
                        1.8117656707763672
                    ],
                    [
                        1.1638989448547363,
                        1.0740787982940674,
                        1.2207391262054443,
                        1.1114954948425293,
                        0.9410738945007324,
                        0.9423840641975403,
                        1.6804189682006836,
                        1.6133415699005127,
                        1.6521714925765991,
                        1.5497428178787231,
                        1.5226564407348633,
                        1.535437822341919,
                        1.5286996364593506,
                        1.5319631099700928,
                        1.6774624586105347,
                        1.764081597328186,
                        1.6619832515716553,
                        1.828568935394287,
                        2.017989158630371,
                        1.9505581855773926
                    ],
                    [
                        1.67979097366333,
                        1.7017481327056885,
                        1.6207870244979858,
                        1.418891191482544,
                        1.4034790992736816,
                        1.3621405363082886,
                        1.4287590980529785,
                        1.6758661270141602,
                        1.5039033889770508,
                        1.386927604675293,
                        1.3582839965820312,
                        1.2844657897949219,
                        1.4588559865951538,
                        1.4995909929275513,
                        1.5364742279052734,
                        1.5925840139389038,
                        1.4917562007904053,
                        1.576076865196228,
                        1.5871124267578125,
                        1.7099940776824951
                    ],
                    [
                        -2.4157652854919434,
                        -2.442625045776367,
                        -2.718576431274414,
                        -3.2205748558044434,
                        -3.276857852935791,
                        -3.5413875579833984,
                        -4.210290431976318,
                        -4.1087870597839355,
                        -4.333458423614502,
                        -4.430449485778809,
                        -4.449103832244873,
                        -4.463777542114258,
                        -4.708308696746826,
                        -4.508760452270508,
                        -4.76614236831665,
                        -4.918542385101318,
                        -4.899808406829834,
                        -5.030472755432129,
                        -5.16165828704834,
                        -5.072623252868652
                    ]
                ]
            ],
            "states": [
                [
                    [
                        5451720.0,
                        5.395679545472376e-05,
                        0.00037329201586544514,
                        787492.0625
                    ],
                    [
                        5280856.0,
                        5.18798733537551e-05,
                        0.00029995679506100714,
                        814349.6875
                    ],
                    [
                        5398144.0,
                        4.996706411475316e-05,
                        0.0002722619683481753,
                        830635.1875
                    ],
                    [
                        5419864.0,
                        4.8167821660172194e-05,
                        0.0002737951872404665,
                        823458.5625
                    ],
                    [
                        5285200.0,
                        4.651026029023342e-05,
                        0.0002537628752179444,
                        847604.5625
                    ],
                    [
                        5632720.0,
                        4.493406231631525e-05,
                        0.0002845273702405393,
                        778198.5625
                    ],
                    [
                        4926096.0,
                        4.350659582996741e-05,
                        0.00027429292094893754,
                        769937.4375
                    ],
                    [
                        5379320.0,
                        4.219951370032504e-05,
                        0.0002784566895570606,
                        775819.3125
                    ],
                    [
                        5141848.0,
                        4.0942868508864194e-05,
                        0.00027366288122721016,
                        804782.8125
                    ],
                    [
                        5422760.0,
                        3.9754886529408395e-05,
                        0.0002617421268951148,
                        784755.125
                    ],
                    [
                        5163568.0,
                        3.8631129427812994e-05,
                        0.000270931632257998,
                        777998.8125
                    ],
                    [
                        5172256.0,
                        3.7593843444483355e-05,
                        0.00027350522577762604,
                        827638.0
                    ],
                    [
                        5228728.0,
                        3.6604818888008595e-05,
                        0.0002609447401482612,
                        836480.3125
                    ],
                    [
                        5215696.0,
                        3.566250597941689e-05,
                        0.0002695223083719611,
                        842399.5625
                    ],
                    [
                        5496608.0,
                        3.474534969427623e-05,
                        0.00026009109569713473,
                        814649.5
                    ],
                    [
                        5165016.0,
                        3.3877906389534473e-05,
                        0.0002577552804723382,
                        820590.75
                    ],
                    [
                        5712360.0,
                        3.3036900276783854e-05,
                        0.0002756010799203068,
                        835693.0625
                    ],
                    [
                        5086824.0,
                        3.224165993742645e-05,
                        0.0002540297864470631,
                        845564.6875
                    ],
                    [
                        5490816.0,
                        3.14996468659956e-05,
                        0.00027847016463056207,
                        824773.25
                    ],
                    [
                        5183840.0,
                        3.078411828028038e-05,
                        0.0002814441977534443,
                        810358.5625
                    ]
                ]
            ],
            "actions": [
                [
                    [
                        0.75
                    ],
                    [
                        0.75
                    ],
                    [
                        0.75
                    ],
                    [
                        0.75
                    ],
                    [
                        0.75
                    ],
                    [
                        0.75
                    ],
                    [
                        0.75
                    ],
                    [
                        0.75
                    ],
                    [
                        0.75
                    ],
                    [
                        0.75
                    ],
                    [
                        0.75
                    ],
                    [
                        0.75
                    ],
                    [
                        0.75
                    ],
                    [
                        0.75
                    ],
                    [
                        0.75
                    ],
                    [
                        0.75
                    ],
                    [
                        0.75
                    ],
                    [
                        0.75
                    ],
                    [
                        0.75
                    ],
                    [
                        0.75
                    ]
                ]
            ],
            "returns": [
                [
                    [
                        0.36055833101272583
                    ],
                    [
                        0.35962310433387756
                    ],
                    [
                        0.35869070887565613
                    ],
                    [
                        0.3577563464641571
                    ],
                    [
                        0.3568216562271118
                    ],
                    [
                        0.3558892011642456
                    ],
                    [
                        0.35495108366012573
                    ],
                    [
                        0.35402485728263855
                    ],
                    [
                        0.3530908226966858
                    ],
                    [
                        0.352160781621933
                    ],
                    [
                        0.3512260317802429
                    ],
                    [
                        0.35029563307762146
                    ],
                    [
                        0.34936508536338806
                    ],
                    [
                        0.34843355417251587
                    ],
                    [
                        0.3475022614002228
                    ],
                    [
                        0.3465663194656372
                    ],
                    [
                        0.34563589096069336
                    ],
                    [
                        0.3446965217590332
                    ],
                    [
                        0.3437674641609192
                    ],
                    [
                        0.3428316116333008
                    ]
                ]
            ],
            "timesteps": [
                [
                    240,
                    241,
                    242,
                    243,
                    244,
                    245,
                    246,
                    247,
                    248,
                    249,
                    250,
                    251,
                    252,
                    253,
                    254,
                    255,
                    256,
                    257,
                    258,
                    259
                ]
            ],
            "labels": [
                [
                    2,
                    2,
                    2,
                    2,
                    2,
                    2,
                    2,
                    2,
                    2,
                    2,
                    2,
                    2,
                    2,
                    2,
                    2,
                    2,
                    2,
                    2,
                    2,
                    2
                ]
            ],
            "CPU Usage": 45.0,
            "RAM Usage": 55.0,
            "GPU Usage": 0.0,
            "VRAM Usage": 355.0,
            "Disk Read Speed (MB/s)": 206645.8310546875,
            "Disk Write Speed (MB/s)": 416009.0126953125
        },
        {
            "step": 1,
            "train_loss": 0.011539184488356113,
            "actions_pred1": [
                [
                    [
                        0.6154353618621826,
                        2.223952531814575,
                        1.9201719760894775,
                        -3.734236478805542
                    ],
                    [
                        0.6021116971969604,
                        2.073927640914917,
                        2.0116257667541504,
                        -3.8743295669555664
                    ],
                    [
                        0.5558098554611206,
                        2.4297215938568115,
                        1.8926337957382202,
                        -4.392940998077393
                    ],
                    [
                        0.4474973678588867,
                        2.680640935897827,
                        1.752175211906433,
                        -4.82608699798584
                    ],
                    [
                        0.4075832664966583,
                        3.464390277862549,
                        1.6990234851837158,
                        -5.320048809051514
                    ],
                    [
                        0.7717432975769043,
                        3.54020619392395,
                        1.4305710792541504,
                        -5.77518367767334
                    ],
                    [
                        0.9448763132095337,
                        3.7210323810577393,
                        1.1664025783538818,
                        -6.065230369567871
                    ],
                    [
                        0.9755257368087769,
                        4.1194844245910645,
                        1.371537685394287,
                        -6.051700592041016
                    ],
                    [
                        1.1624263525009155,
                        4.102242469787598,
                        1.560910701751709,
                        -6.128879547119141
                    ],
                    [
                        1.3919966220855713,
                        4.156824588775635,
                        1.4013744592666626,
                        -6.658937454223633
                    ],
                    [
                        1.3838143348693848,
                        4.010575294494629,
                        1.1337013244628906,
                        -6.792095184326172
                    ],
                    [
                        1.3590528964996338,
                        4.252261161804199,
                        1.1057841777801514,
                        -7.101467132568359
                    ],
                    [
                        1.3148103952407837,
                        4.342188835144043,
                        1.226834774017334,
                        -7.035495281219482
                    ],
                    [
                        1.6313185691833496,
                        4.674051761627197,
                        1.4153258800506592,
                        -7.40167236328125
                    ],
                    [
                        1.676664113998413,
                        4.860368728637695,
                        1.217100977897644,
                        -7.316932678222656
                    ],
                    [
                        1.6701048612594604,
                        4.762763977050781,
                        1.3793935775756836,
                        -7.441882133483887
                    ],
                    [
                        1.8705551624298096,
                        4.545371055603027,
                        1.5112063884735107,
                        -7.481764793395996
                    ],
                    [
                        1.9013761281967163,
                        4.435850620269775,
                        1.511187195777893,
                        -7.547320365905762
                    ],
                    [
                        1.9333696365356445,
                        4.349013805389404,
                        1.5625982284545898,
                        -7.2013092041015625
                    ],
                    [
                        2.3726627826690674,
                        4.485240936279297,
                        1.5157623291015625,
                        -7.479630947113037
                    ]
                ]
            ],
            "actions_pred": [
                [
                    [
                        0.6154353618621826,
                        0.6021116971969604,
                        0.5558098554611206,
                        0.4474973678588867,
                        0.4075832664966583,
                        0.7717432975769043,
                        0.9448763132095337,
                        0.9755257368087769,
                        1.1624263525009155,
                        1.3919966220855713,
                        1.3838143348693848,
                        1.3590528964996338,
                        1.3148103952407837,
                        1.6313185691833496,
                        1.676664113998413,
                        1.6701048612594604,
                        1.8705551624298096,
                        1.9013761281967163,
                        1.9333696365356445,
                        2.3726627826690674
                    ],
                    [
                        2.223952531814575,
                        2.073927640914917,
                        2.4297215938568115,
                        2.680640935897827,
                        3.464390277862549,
                        3.54020619392395,
                        3.7210323810577393,
                        4.1194844245910645,
                        4.102242469787598,
                        4.156824588775635,
                        4.010575294494629,
                        4.252261161804199,
                        4.342188835144043,
                        4.674051761627197,
                        4.860368728637695,
                        4.762763977050781,
                        4.545371055603027,
                        4.435850620269775,
                        4.349013805389404,
                        4.485240936279297
                    ],
                    [
                        1.9201719760894775,
                        2.0116257667541504,
                        1.8926337957382202,
                        1.752175211906433,
                        1.6990234851837158,
                        1.4305710792541504,
                        1.1664025783538818,
                        1.371537685394287,
                        1.560910701751709,
                        1.4013744592666626,
                        1.1337013244628906,
                        1.1057841777801514,
                        1.226834774017334,
                        1.4153258800506592,
                        1.217100977897644,
                        1.3793935775756836,
                        1.5112063884735107,
                        1.511187195777893,
                        1.5625982284545898,
                        1.5157623291015625
                    ],
                    [
                        -3.734236478805542,
                        -3.8743295669555664,
                        -4.392940998077393,
                        -4.82608699798584,
                        -5.320048809051514,
                        -5.77518367767334,
                        -6.065230369567871,
                        -6.051700592041016,
                        -6.128879547119141,
                        -6.658937454223633,
                        -6.792095184326172,
                        -7.101467132568359,
                        -7.035495281219482,
                        -7.40167236328125,
                        -7.316932678222656,
                        -7.441882133483887,
                        -7.481764793395996,
                        -7.547320365905762,
                        -7.2013092041015625,
                        -7.479630947113037
                    ]
                ]
            ],
            "states": [
                [
                    [
                        5354704.0,
                        8.239823728217743e-06,
                        0.00025337765691801906,
                        501396.375
                    ],
                    [
                        6112008.0,
                        8.186386367015075e-06,
                        0.00023226119810715318,
                        493386.84375
                    ],
                    [
                        437474.0,
                        0.04059061408042908,
                        0.000310274597723037,
                        179519.703125
                    ],
                    [
                        742824.0,
                        0.00568061089143157,
                        0.00025462565827183425,
                        494869.5625
                    ],
                    [
                        1293064.0,
                        0.002463217591866851,
                        0.00027542549651116133,
                        568802.125
                    ],
                    [
                        2754096.0,
                        0.001175331766717136,
                        0.00025879128952510655,
                        506395.59375
                    ],
                    [
                        4959400.0,
                        0.0005831622984260321,
                        0.0002528103068470955,
                        510830.5
                    ],
                    [
                        7180632.0,
                        0.0003223789972253144,
                        0.00020026147831231356,
                        497092.78125
                    ],
                    [
                        10328584.0,
                        0.00019613979384303093,
                        0.00022364039614330977,
                        447740.25
                    ],
                    [
                        9514808.0,
                        0.00013474683510139585,
                        0.0002323320077266544,
                        458092.9375
                    ],
                    [
                        9614720.0,
                        0.00010378147271694615,
                        0.00023472661268897355,
                        451882.15625
                    ],
                    [
                        11055480.0,
                        8.32404475659132e-05,
                        0.00024062122975010425,
                        451078.96875
                    ],
                    [
                        10631216.0,
                        6.886368646519259e-05,
                        0.0001874879380920902,
                        454141.4375
                    ],
                    [
                        9736352.0,
                        5.92533870076295e-05,
                        0.00025532711879350245,
                        501440.96875
                    ],
                    [
                        5832544.0,
                        5.351470463210717e-05,
                        0.0002452299522701651,
                        514617.375
                    ],
                    [
                        4878312.0,
                        5.0193953939015046e-05,
                        0.00023082415282260627,
                        598373.25
                    ],
                    [
                        5687744.0,
                        4.730764703708701e-05,
                        0.00026125748991034925,
                        594833.125
                    ],
                    [
                        5154880.0,
                        4.466561586013995e-05,
                        0.00024003862927202135,
                        666985.1875
                    ],
                    [
                        5471992.0,
                        4.2350944568170235e-05,
                        0.00019315553072374314,
                        641558.875
                    ],
                    [
                        7102440.0,
                        3.9908583858050406e-05,
                        0.00022412248654291034,
                        477795.28125
                    ]
                ]
            ],
            "actions": [
                [
                    [
                        0.25
                    ],
                    [
                        0.25
                    ],
                    [
                        0.5
                    ],
                    [
                        0.5
                    ],
                    [
                        0.5
                    ],
                    [
                        0.5
                    ],
                    [
                        0.5
                    ],
                    [
                        0.5
                    ],
                    [
                        0.5
                    ],
                    [
                        0.5
                    ],
                    [
                        0.5
                    ],
                    [
                        0.5
                    ],
                    [
                        0.5
                    ],
                    [
                        0.5
                    ],
                    [
                        0.5
                    ],
                    [
                        0.5
                    ],
                    [
                        0.5
                    ],
                    [
                        0.5
                    ],
                    [
                        0.5
                    ],
                    [
                        0.5
                    ]
                ]
            ],
            "returns": [
                [
                    [
                        0.18974736332893372
                    ],
                    [
                        0.1888137310743332
                    ],
                    [
                        0.1878683865070343
                    ],
                    [
                        0.1871568113565445
                    ],
                    [
                        0.18639831244945526
                    ],
                    [
                        0.18559066951274872
                    ],
                    [
                        0.18471598625183105
                    ],
                    [
                        0.18378916382789612
                    ],
                    [
                        0.18282951414585114
                    ],
                    [
                        0.18183764815330505
                    ],
                    [
                        0.18085305392742157
                    ],
                    [
                        0.17986753582954407
                    ],
                    [
                        0.17886963486671448
                    ],
                    [
                        0.17787520587444305
                    ],
                    [
                        0.176888570189476
                    ],
                    [
                        0.17594735324382782
                    ],
                    [
                        0.17502199113368988
                    ],
                    [
                        0.17408300936222076
                    ],
                    [
                        0.17315275967121124
                    ],
                    [
                        0.1722172051668167
                    ]
                ]
            ],
            "timesteps": [
                [
                    420,
                    421,
                    422,
                    423,
                    424,
                    425,
                    426,
                    427,
                    428,
                    429,
                    430,
                    431,
                    432,
                    433,
                    434,
                    435,
                    436,
                    437,
                    438,
                    439
                ]
            ],
            "labels": [
                [
                    0,
                    0,
                    1,
                    1,
                    1,
                    1,
                    1,
                    1,
                    1,
                    1,
                    1,
                    1,
                    1,
                    1,
                    1,
                    1,
                    1,
                    1,
                    1,
                    1
                ]
            ],
            "CPU Usage": 47.1,
            "RAM Usage": 55.0,
            "GPU Usage": 0.0,
            "VRAM Usage": 355.0,
            "Disk Read Speed (MB/s)": 206645.8310546875,
            "Disk Write Speed (MB/s)": 416009.1923828125
        },
        {
            "step": 2,
            "train_loss": 0.06277073919773102,
            "actions_pred1": [
                [
                    [
                        1.5402222871780396,
                        3.2330892086029053,
                        2.011319398880005,
                        -6.349313259124756
                    ],
                    [
                        1.1873812675476074,
                        3.6719412803649902,
                        2.442145824432373,
                        -6.285720348358154
                    ],
                    [
                        1.6346015930175781,
                        3.318113327026367,
                        2.5135555267333984,
                        -5.7896575927734375
                    ],
                    [
                        1.7403039932250977,
                        3.150892734527588,
                        1.9731314182281494,
                        -5.662588119506836
                    ],
                    [
                        1.4714555740356445,
                        3.066077709197998,
                        2.001523494720459,
                        -5.820842742919922
                    ],
                    [
                        1.4609107971191406,
                        3.7474565505981445,
                        1.9394493103027344,
                        -5.891354560852051
                    ],
                    [
                        1.089446783065796,
                        3.589467763900757,
                        1.2747448682785034,
                        -4.128544330596924
                    ],
                    [
                        0.3538755774497986,
                        2.6570212841033936,
                        0.6286998391151428,
                        -1.663710117340088
                    ],
                    [
                        0.6030533313751221,
                        3.008242607116699,
                        0.8345614671707153,
                        -2.7033681869506836
                    ],
                    [
                        1.1856744289398193,
                        3.4943580627441406,
                        1.4461323022842407,
                        -5.876864910125732
                    ],
                    [
                        1.3470935821533203,
                        3.236671209335327,
                        1.4891512393951416,
                        -6.360816955566406
                    ],
                    [
                        1.5005154609680176,
                        3.427201747894287,
                        1.5511159896850586,
                        -6.7211408615112305
                    ],
                    [
                        1.314867377281189,
                        3.4713947772979736,
                        1.3558123111724854,
                        -4.985466480255127
                    ],
                    [
                        1.7749240398406982,
                        3.2848381996154785,
                        1.7463756799697876,
                        -6.76901388168335
                    ],
                    [
                        1.9252169132232666,
                        3.020599603652954,
                        1.6144758462905884,
                        -7.020373344421387
                    ],
                    [
                        1.9637781381607056,
                        3.010721445083618,
                        1.5273160934448242,
                        -7.097491264343262
                    ],
                    [
                        1.912495493888855,
                        3.167236804962158,
                        1.5707738399505615,
                        -6.812189102172852
                    ],
                    [
                        1.8845291137695312,
                        3.2568271160125732,
                        1.5986554622650146,
                        -7.025979042053223
                    ],
                    [
                        1.741410493850708,
                        3.5619380474090576,
                        1.3749580383300781,
                        -7.212714672088623
                    ],
                    [
                        1.9742004871368408,
                        3.594139575958252,
                        1.2919552326202393,
                        -7.133488178253174
                    ]
                ]
            ],
            "actions_pred": [
                [
                    [
                        1.5402222871780396,
                        1.1873812675476074,
                        1.6346015930175781,
                        1.7403039932250977,
                        1.4714555740356445,
                        1.4609107971191406,
                        1.089446783065796,
                        0.3538755774497986,
                        0.6030533313751221,
                        1.1856744289398193,
                        1.3470935821533203,
                        1.5005154609680176,
                        1.314867377281189,
                        1.7749240398406982,
                        1.9252169132232666,
