{
    "steps": [
        {
            "step": 0,
            "train_loss": 0.012309822253882885,
            "actions_pred1": [
                [
                    [
                        1.070263147354126,
                        0.05006144940853119,
                        1.2329109907150269,
                        -2.371978998184204
                    ],
                    [
                        1.1103168725967407,
                        0.22386299073696136,
                        1.2708228826522827,
                        -2.406193733215332
                    ],
                    [
                        1.3038854598999023,
                        0.5661221742630005,
                        1.204506754875183,
                        -2.6146926879882812
                    ],
                    [
                        1.8371860980987549,
                        0.540949821472168,
                        1.023400902748108,
                        -2.674740791320801
                    ],
                    [
                        2.1188971996307373,
                        0.20511701703071594,
                        1.0990984439849854,
                        -3.355424404144287
                    ],
                    [
                        2.7836203575134277,
                        0.43689990043640137,
                        1.3953291177749634,
                        -4.301015853881836
                    ],
                    [
                        3.1394362449645996,
                        0.6435214281082153,
                        1.5031570196151733,
                        -4.73704719543457
                    ],
                    [
                        2.9936468601226807,
                        1.1280745267868042,
                        1.4210584163665771,
                        -4.826796531677246
                    ],
                    [
                        2.8138620853424072,
                        0.9265284538269043,
                        1.3817530870437622,
                        -4.4581122398376465
                    ],
                    [
                        3.1108744144439697,
                        0.8239198923110962,
                        1.2612605094909668,
                        -4.467613220214844
                    ],
                    [
                        3.1366915702819824,
                        0.8436589241027832,
                        1.3364462852478027,
                        -4.757499694824219
                    ],
                    [
                        3.0626018047332764,
                        0.7495875358581543,
                        1.3815109729766846,
                        -4.413815021514893
                    ],
                    [
                        2.9421651363372803,
                        0.8761023283004761,
                        1.618870735168457,
                        -4.678488731384277
                    ],
                    [
                        3.399807929992676,
                        1.041914463043213,
                        1.85948646068573,
                        -5.2371721267700195
                    ],
                    [
                        3.348414182662964,
                        1.1034135818481445,
                        1.8121769428253174,
                        -5.217830657958984
                    ],
                    [
                        3.288594961166382,
                        0.8509106636047363,
                        1.6851381063461304,
                        -5.089221000671387
                    ],
                    [
                        3.116105079650879,
                        0.7450811266899109,
                        1.6903373003005981,
                        -5.065831184387207
                    ],
                    [
                        2.7946267127990723,
                        0.5662928819656372,
                        1.3143061399459839,
                        -4.841414451599121
                    ],
                    [
                        3.134794235229492,
                        0.5053664445877075,
                        1.5329771041870117,
                        -4.89769172668457
                    ],
                    [
                        3.0581140518188477,
                        0.9507805109024048,
                        1.4721914529800415,
                        -4.977534294128418
                    ]
                ]
            ],
            "actions_pred": [
                [
                    [
                        1.070263147354126,
                        1.1103168725967407,
                        1.3038854598999023,
                        1.8371860980987549,
                        2.1188971996307373,
                        2.7836203575134277,
                        3.1394362449645996,
                        2.9936468601226807,
                        2.8138620853424072,
                        3.1108744144439697,
                        3.1366915702819824,
                        3.0626018047332764,
                        2.9421651363372803,
                        3.399807929992676,
                        3.348414182662964,
                        3.288594961166382,
                        3.116105079650879,
                        2.7946267127990723,
                        3.134794235229492,
                        3.0581140518188477
                    ],
                    [
                        0.05006144940853119,
                        0.22386299073696136,
                        0.5661221742630005,
                        0.540949821472168,
                        0.20511701703071594,
                        0.43689990043640137,
                        0.6435214281082153,
                        1.1280745267868042,
                        0.9265284538269043,
                        0.8239198923110962,
                        0.8436589241027832,
                        0.7495875358581543,
                        0.8761023283004761,
                        1.041914463043213,
                        1.1034135818481445,
                        0.8509106636047363,
                        0.7450811266899109,
                        0.5662928819656372,
                        0.5053664445877075,
                        0.9507805109024048
                    ],
                    [
                        1.2329109907150269,
                        1.2708228826522827,
                        1.204506754875183,
                        1.023400902748108,
                        1.0990984439849854,
                        1.3953291177749634,
                        1.5031570196151733,
                        1.4210584163665771,
                        1.3817530870437622,
                        1.2612605094909668,
                        1.3364462852478027,
                        1.3815109729766846,
                        1.618870735168457,
                        1.85948646068573,
                        1.8121769428253174,
                        1.6851381063461304,
                        1.6903373003005981,
                        1.3143061399459839,
                        1.5329771041870117,
                        1.4721914529800415
                    ],
                    [
                        -2.371978998184204,
                        -2.406193733215332,
                        -2.6146926879882812,
                        -2.674740791320801,
                        -3.355424404144287,
                        -4.301015853881836,
                        -4.73704719543457,
                        -4.826796531677246,
                        -4.4581122398376465,
                        -4.467613220214844,
                        -4.757499694824219,
                        -4.413815021514893,
                        -4.678488731384277,
                        -5.2371721267700195,
                        -5.217830657958984,
                        -5.089221000671387,
                        -5.065831184387207,
                        -4.841414451599121,
                        -4.89769172668457,
                        -4.977534294128418
                    ]
                ]
            ],
            "states": [
                [
                    [
                        9174528.0,
                        1.5287421774701215e-05,
                        0.00015401413838844746,
                        462799.78125
                    ],
                    [
                        9721872.0,
                        1.4988291695772205e-05,
                        0.00014908269804436713,
                        471413.40625
                    ],
                    [
                        8650352.0,
                        1.4708337403135374e-05,
                        0.00013771618250757456,
                        476596.0
                    ],
                    [
                        9385704.0,
                        1.4443650798057206e-05,
                        0.000157010683324188,
                        448618.75
                    ],
                    [
                        9197696.0,
                        1.4180617654346861e-05,
                        0.00013674897491000593,
                        456343.53125
                    ],
                    [
                        9271544.0,
                        1.392852846038295e-05,
                        0.000155533998622559,
                        449987.3125
                    ],
                    [
                        8570712.0,
                        1.3693322216568049e-05,
                        0.00014997956168372184,
                        453578.0625
                    ],
                    [
                        9304848.0,
                        1.346561111859046e-05,
                        0.0001673756050877273,
                        435181.0625
                    ],
                    [
                        8921128.0,
                        1.3241030501376372e-05,
                        0.00015327449364122003,
                        460544.8125
                    ],
                    [
                        8646008.0,
                        1.303156568610575e-05,
                        0.00015547996736131608,
                        463163.09375
                    ],
                    [
                        8767640.0,
                        1.2830393643525895e-05,
                        0.00015675314352847636,
                        458172.0625
                    ],
                    [
                        8076944.0,
                        1.2641571629501414e-05,
                        0.00016837925068102777,
                        477030.90625
                    ],
                    [
                        8123280.0,
                        1.2465176951081958e-05,
                        0.00015461879957001656,
                        493767.40625
                    ],
                    [
                        8650352.0,
                        1.228769360750448e-05,
                        0.00016164440603461117,
                        451473.28125
                    ],
                    [
                        7982824.0,
                        1.211656035593478e-05,
                        0.00016790036170277745,
                        481186.15625
                    ],
                    [
                        7248688.0,
                        1.1963955330429599e-05,
                        0.00016397373110521585,
                        490311.46875
                    ],
                    [
                        7208144.0,
                        1.1822661690530367e-05,
                        0.00017705760546959937,
                        472943.71875
                    ],
                    [
                        7193664.0,
                        1.1685199751809705e-05,
                        0.000179134716745466,
                        469996.125
                    ],
                    [
                        6442152.0,
                        1.1557923244254198e-05,
                        0.00016420705651398748,
                        470480.40625
                    ],
                    [
                        6989496.0,
                        1.1435274245741311e-05,
                        0.00018320638628210872,
                        451753.78125
                    ]
                ]
            ],
            "actions": [
                [
                    [
                        0.25
                    ],
                    [
                        0.25
                    ],
                    [
                        0.25
                    ],
                    [
                        0.25
                    ],
                    [
                        0.25
                    ],
                    [
                        0.25
                    ],
                    [
                        0.25
                    ],
                    [
                        0.25
                    ],
                    [
                        0.25
                    ],
                    [
                        0.25
                    ],
                    [
                        0.25
                    ],
                    [
                        0.25
                    ],
                    [
                        0.25
                    ],
                    [
                        0.25
                    ],
                    [
                        0.25
                    ],
                    [
                        0.25
                    ],
                    [
                        0.25
                    ],
                    [
                        0.25
                    ],
                    [
                        0.25
                    ],
                    [
                        0.25
                    ]
                ]
            ],
            "returns": [
                [
                    [
                        0.2469175159931183
                    ],
                    [
                        0.24593615531921387
                    ],
                    [
                        0.24494965374469757
                    ],
                    [
                        0.2439734935760498
                    ],
                    [
                        0.24299012124538422
                    ],
                    [
                        0.2420085221529007
                    ],
                    [
                        0.24102622270584106
                    ],
                    [
                        0.24005089700222015
                    ],
                    [
                        0.23906828463077545
                    ],
                    [
                        0.2380893975496292
                    ],
                    [
                        0.23711329698562622
                    ],
                    [
                        0.23613594472408295
                    ],
                    [
                        0.23516587913036346
                    ],
                    [
                        0.2341953068971634
                    ],
                    [
                        0.23321916162967682
                    ],
                    [
                        0.2322501242160797
                    ],
                    [
                        0.23128965497016907
                    ],
                    [
                        0.23032966256141663
                    ],
                    [
                        0.2293698638677597
                    ],
                    [
                        0.22841985523700714
                    ]
                ]
            ],
            "timesteps": [
                [
                    360,
                    361,
                    362,
                    363,
                    364,
                    365,
                    366,
                    367,
                    368,
                    369,
                    370,
                    371,
                    372,
                    373,
                    374,
                    375,
                    376,
                    377,
                    378,
                    379
                ]
            ],
            "labels": [
                [
                    0,
                    0,
                    0,
                    0,
                    0,
                    0,
                    0,
                    0,
                    0,
                    0,
                    0,
                    0,
                    0,
                    0,
                    0,
                    0,
                    0,
                    0,
                    0,
                    0
                ]
            ],
            "CPU Usage": 45.6,
            "RAM Usage": 54.9,
            "GPU Usage": 0.0,
            "VRAM Usage": 355.0,
            "Disk Read Speed (MB/s)": 206646.7216796875,
            "Disk Write Speed (MB/s)": 419447.3212890625
        },
        {
            "step": 1,
            "train_loss": 0.015157145448029041,
            "actions_pred1": [
                [
                    [
                        -0.14881840348243713,
                        1.4478166103363037,
                        -0.06306321173906326,
                        -5.263867378234863
                    ],
                    [
                        -0.2592594623565674,
                        1.694641351699829,
                        -0.06332322955131531,
                        -5.879788398742676
                    ],
                    [
                        0.6321526765823364,
                        1.9117711782455444,
                        0.08259207010269165,
                        -5.24460506439209
                    ],
                    [
                        0.9666017889976501,
                        2.2201309204101562,
                        0.2320239245891571,
                        -5.355284214019775
                    ],
                    [
                        1.119993805885315,
                        1.9174597263336182,
                        0.3451559841632843,
                        -5.555455684661865
                    ],
                    [
                        1.0409595966339111,
                        1.8245258331298828,
                        0.38231244683265686,
                        -5.464454174041748
                    ],
                    [
                        1.0277814865112305,
                        1.5821466445922852,
                        0.378841757774353,
                        -5.1569366455078125
                    ],
                    [
                        1.1985849142074585,
                        1.8030976057052612,
                        0.4947671890258789,
                        -5.163801193237305
                    ],
                    [
                        1.175191879272461,
                        1.6330845355987549,
                        0.5676582455635071,
                        -5.5433831214904785
                    ],
                    [
                        0.9036635160446167,
                        1.6306679248809814,
                        0.3795033395290375,
                        -5.677649021148682
                    ],
                    [
                        0.9113360047340393,
                        2.054626941680908,
                        0.6116092801094055,
                        -5.714266777038574
                    ],
                    [
                        0.9551115036010742,
                        2.018293857574463,
                        0.580190896987915,
                        -5.225390434265137
                    ],
                    [
                        1.1155434846878052,
                        2.205671548843384,
                        0.6818748712539673,
                        -5.514232635498047
                    ],
                    [
                        1.002395749092102,
                        2.0265021324157715,
                        0.7484132051467896,
                        -5.327242851257324
                    ],
                    [
                        1.0465853214263916,
                        1.9456185102462769,
                        0.7039918899536133,
                        -5.329403877258301
                    ],
                    [
                        1.0401362180709839,
                        1.8273783922195435,
                        0.5387592315673828,
                        -5.37888765335083
                    ],
                    [
                        1.0345945358276367,
                        1.8785326480865479,
                        0.7488116025924683,
                        -5.641350746154785
                    ],
                    [
                        0.8081806302070618,
                        1.8826513290405273,
                        0.6857365965843201,
                        -5.353031158447266
                    ],
                    [
                        1.0437091588974,
                        2.373530864715576,
                        0.8101416230201721,
                        -5.42232084274292
                    ],
                    [
                        1.358904242515564,
                        2.359212636947632,
                        0.9810847043991089,
                        -5.956236362457275
                    ]
                ]
            ],
            "actions_pred": [
                [
                    [
                        -0.14881840348243713,
                        -0.2592594623565674,
                        0.6321526765823364,
                        0.9666017889976501,
                        1.119993805885315,
                        1.0409595966339111,
                        1.0277814865112305,
                        1.1985849142074585,
                        1.175191879272461,
                        0.9036635160446167,
                        0.9113360047340393,
                        0.9551115036010742,
                        1.1155434846878052,
                        1.002395749092102,
                        1.0465853214263916,
                        1.0401362180709839,
                        1.0345945358276367,
                        0.8081806302070618,
                        1.0437091588974,
                        1.358904242515564
                    ],
                    [
                        1.4478166103363037,
                        1.694641351699829,
                        1.9117711782455444,
                        2.2201309204101562,
                        1.9174597263336182,
                        1.8245258331298828,
                        1.5821466445922852,
                        1.8030976057052612,
                        1.6330845355987549,
                        1.6306679248809814,
                        2.054626941680908,
                        2.018293857574463,
                        2.205671548843384,
                        2.0265021324157715,
                        1.9456185102462769,
                        1.8273783922195435,
                        1.8785326480865479,
                        1.8826513290405273,
                        2.373530864715576,
                        2.359212636947632
                    ],
                    [
                        -0.06306321173906326,
                        -0.06332322955131531,
                        0.08259207010269165,
                        0.2320239245891571,
                        0.3451559841632843,
                        0.38231244683265686,
                        0.378841757774353,
                        0.4947671890258789,
                        0.5676582455635071,
                        0.3795033395290375,
                        0.6116092801094055,
                        0.580190896987915,
                        0.6818748712539673,
                        0.7484132051467896,
                        0.7039918899536133,
                        0.5387592315673828,
                        0.7488116025924683,
                        0.6857365965843201,
                        0.8101416230201721,
                        0.9810847043991089
                    ],
                    [
                        -5.263867378234863,
                        -5.879788398742676,
                        -5.24460506439209,
                        -5.355284214019775,
                        -5.555455684661865,
                        -5.464454174041748,
                        -5.1569366455078125,
                        -5.163801193237305,
                        -5.5433831214904785,
                        -5.677649021148682,
                        -5.714266777038574,
                        -5.225390434265137,
                        -5.514232635498047,
                        -5.327242851257324,
                        -5.329403877258301,
                        -5.37888765335083,
                        -5.641350746154785,
                        -5.353031158447266,
                        -5.42232084274292,
                        -5.956236362457275
                    ]
                ]
            ],
            "states": [
                [
                    [
                        3840096.0,
                        2.92694730887888e-05,
                        0.00022606240236200392,
                        669392.5
                    ],
                    [
                        5186736.0,
                        2.8975890018045902e-05,
                        0.0002532026555854827,
                        623919.4375
                    ],
                    [
                        4765368.0,
                        2.86587583104847e-05,
                        0.0002667571825440973,
                        632646.8125
                    ],
                    [
                        6161240.0,
                        2.8318694603512995e-05,
                        0.00026687141507864,
                        545136.5625
                    ],
                    [
                        6174272.0,
                        2.7944166504312307e-05,
                        0.0002529114135541022,
                        614846.3125
                    ],
                    [
                        5751456.0,
                        2.7591326215770096e-05,
                        0.0002583715249784291,
                        530205.9375
                    ],
                    [
                        7742456.0,
                        2.720300471992232e-05,
                        0.001365873496979475,
                        538990.625
                    ],
                    [
                        6206128.0,
                        2.6812451324076392e-05,
                        0.0008239395683631301,
                        520321.9375
                    ],
                    [
                        5211352.0,
                        2.6501078536966816e-05,
                        0.0005388445570133626,
                        565831.875
                    ],
                    [
                        4737856.0,
                        2.623563341330737e-05,
                        0.0005018769879825413,
                        557744.25
                    ],
                    [
                        3256552.0,
                        2.6026094928965904e-05,
                        0.0005396626074798405,
                        583406.625
                    ],
                    [
                        2370376.0,
                        2.588063398434315e-05,
                        0.00039070475031621754,
                        599303.875
                    ],
                    [
                        3150848.0,
                        2.573955680418294e-05,
                        0.00037147922557778656,
                        638024.3125
                    ],
                    [
                        4121008.0,
                        2.5556088075973094e-05,
                        0.00035373689024709165,
                        613075.625
                    ],
                    [
                        3627240.0,
                        2.5363364329678006e-05,
                        0.0003472233365755528,
                        713559.4375
                    ],
                    [
                        4171688.0,
                        2.5172355890390463e-05,
                        0.00021890846255701035,
                        610763.0
                    ],
                    [
                        2390648.0,
                        2.501373273844365e-05,
                        0.00019109471759293228,
                        629310.5
                    ],
                    [
                        3237728.0,
                        2.487938036210835e-05,
                        0.00025023153284564614,
                        525239.375
                    ],
                    [
                        5175152.0,
                        2.4681297873030417e-05,
                        0.000305382302030921,
                        610625.375
                    ],
                    [
                        4510520.0,
                        2.445693280606065e-05,
                        0.00029567780438810587,
                        582702.6875
                    ]
                ]
            ],
            "actions": [
                [
                    [
                        0.5
                    ],
                    [
                        0.5
                    ],
                    [
                        0.5
                    ],
                    [
                        0.5
                    ],
                    [
                        0.5
                    ],
                    [
                        0.5
                    ],
                    [
                        0.5
                    ],
                    [
                        0.5
                    ],
                    [
                        0.5
                    ],
                    [
                        0.5
                    ],
                    [
                        0.5
                    ],
                    [
                        0.5
                    ],
                    [
                        0.5
                    ],
                    [
                        0.5
                    ],
                    [
                        0.5
                    ],
                    [
                        0.5
                    ],
                    [
                        0.5
                    ],
                    [
                        0.5
                    ],
                    [
                        0.5
                    ],
                    [
                        0.5
                    ]
                ]
            ],
            "returns": [
                [
                    [
                        0.11548818647861481
                    ],
                    [
                        0.11458403617143631
                    ],
                    [
                        0.11365323513746262
                    ],
                    [
                        0.11272994428873062
                    ],
                    [
                        0.11178387701511383
                    ],
                    [
                        0.11083762347698212
                    ],
                    [
                        0.1098976582288742
                    ],
                    [
                        0.10893134027719498
                    ],
                    [
                        0.10798463225364685
                    ],
                    [
                        0.10705341398715973
                    ],
                    [
                        0.10613063722848892
                    ],
                    [
                        0.10524109750986099
                    ],
                    [
                        0.10437972098588943
                    ],
                    [
                        0.1034931093454361
                    ],
                    [
                        0.10258270055055618
                    ],
                    [
                        0.1016836017370224
                    ],
                    [
                        0.10077211260795593
                    ],
                    [
                        0.09990997612476349
                    ],
                    [
                        0.09902095794677734
                    ],
                    [
                        0.09809035062789917
                    ]
                ]
            ],
            "timesteps": [
                [
                    500,
                    501,
                    502,
                    503,
                    504,
                    505,
                    506,
                    507,
                    508,
                    509,
                    510,
                    511,
                    512,
                    513,
                    514,
                    515,
                    516,
                    517,
                    518,
                    519
                ]
            ],
            "labels": [
                [
                    1,
                    1,
                    1,
                    1,
                    1,
                    1,
                    1,
                    1,
                    1,
                    1,
                    1,
                    1,
                    1,
                    1,
                    1,
                    1,
                    1,
                    1,
                    1,
                    1
                ]
            ],
            "CPU Usage": 46.8,
            "RAM Usage": 55.4,
            "GPU Usage": 0.0,
            "VRAM Usage": 355.0,
            "Disk Read Speed (MB/s)": 206646.7216796875,
            "Disk Write Speed (MB/s)": 419447.4697265625
        },
        {
            "step": 2,
            "train_loss": 0.018505826592445374,
            "actions_pred1": [
                [
                    [
                        2.050180196762085,
                        2.642375946044922,
                        0.8888178467750549,
                        -4.141311168670654
                    ],
                    [
                        2.565929889678955,
                        1.911128044128418,
                        0.8770322799682617,
                        -4.954463481903076
                    ],
                    [
                        2.34352970123291,
                        2.380557060241699,
                        0.5049485564231873,
                        -5.376195430755615
                    ],
                    [
                        2.026264190673828,
                        2.622814893722534,
                        0.4721774458885193,
                        -5.627443313598633
                    ],
                    [
                        2.21993350982666,
                        2.599705219268799,
                        0.5706832408905029,
                        -6.080406665802002
                    ],
                    [
                        2.1705050468444824,
                        2.4536612033843994,
                        0.5634257197380066,
                        -6.360642433166504
                    ],
                    [
                        2.12581205368042,
                        2.797722816467285,
                        0.7367652058601379,
                        -6.633256912231445
                    ],
                    [
                        2.001183271408081,
                        2.683745861053467,
                        0.3792308568954468,
                        -6.600600719451904
                    ],
                    [
                        2.1166391372680664,
                        2.513320207595825,
                        0.19988062977790833,
                        -6.841467380523682
                    ],
                    [
                        2.256204843521118,
                        2.650850296020508,
                        0.3034440577030182,
                        -6.762103080749512
                    ],
                    [
                        2.3080689907073975,
                        2.6662118434906006,
                        0.34927898645401,
                        -6.648191928863525
                    ],
                    [
                        2.3025686740875244,
                        2.6791529655456543,
                        0.5438839197158813,
                        -6.52925968170166
                    ],
                    [
                        2.538456916809082,
                        2.668694496154785,
                        0.4644979238510132,
                        -6.490734100341797
                    ],
                    [
                        2.6392297744750977,
                        2.9746956825256348,
                        0.3600471615791321,
                        -6.569490432739258
                    ],
                    [
                        2.515927791595459,
                        3.256999969482422,
                        0.4783784747123718,
                        -7.11130952835083
                    ],
                    [
                        2.545421600341797,
                        3.421769618988037,
                        0.4862128794193268,
                        -7.0463480949401855
                    ],
                    [
                        2.4116876125335693,
                        3.3136422634124756,
                        0.815273106098175,
                        -7.290045738220215
                    ],
                    [
                        2.927980899810791,
                        3.1634511947631836,
                        0.7538352608680725,
                        -7.088006973266602
                    ],
                    [
                        2.8086142539978027,
                        3.1572060585021973,
                        0.47652682662010193,
                        -6.958465576171875
                    ],
                    [
                        2.8124046325683594,
                        3.0285773277282715,
                        0.49628931283950806,
                        -6.840380668640137
                    ]
                ]
            ],
            "actions_pred": [
                [
                    [
                        2.050180196762085,
                        2.565929889678955,
                        2.34352970123291,
                        2.026264190673828,
                        2.21993350982666,
                        2.1705050468444824,
                        2.12581205368042,
                        2.001183271408081,
                        2.1166391372680664,
                        2.256204843521118,
                        2.3080689907073975,
                        2.3025686740875244,
                        2.538456916809082,
                        2.6392297744750977,
