{
    "steps": [
        {
            "step": 0,
            "train_loss": 0.05340154841542244,
            "actions_pred1": [
                [
                    [
                        -0.016903892159461975,
                        -0.291748970746994,
                        0.5445873737335205,
                        0.47138679027557373
                    ],
                    [
                        -0.13417506217956543,
                        -0.05649751424789429,
                        0.7291269898414612,
                        0.5549705028533936
                    ],
                    [
                        -0.24253785610198975,
                        0.046723559498786926,
                        0.7060755491256714,
                        0.49103933572769165
                    ],
                    [
                        -0.2515984773635864,
                        0.01637059450149536,
                        0.7418661117553711,
                        0.492538183927536
                    ],
                    [
                        -0.20235471427440643,
                        0.07559090852737427,
                        0.7651000022888184,
                        0.4394671320915222
                    ],
                    [
                        -0.15908214449882507,
                        0.009426198899745941,
                        0.6645568609237671,
                        0.40564706921577454
                    ],
                    [
                        -0.09418706595897675,
                        0.05218768119812012,
                        0.7336088418960571,
                        0.32562974095344543
                    ],
                    [
                        -0.08631855994462967,
                        0.01026616245508194,
                        0.6785873174667358,
                        0.355533629655838
                    ],
                    [
                        -0.2094695270061493,
                        -0.05856604129076004,
                        0.769930362701416,
                        0.2899176776409149
                    ],
                    [
                        -0.20721915364265442,
                        0.03271649405360222,
                        0.8352782726287842,
                        0.2573171555995941
                    ],
                    [
                        -0.33184128999710083,
                        -0.09905379265546799,
                        0.9079007506370544,
                        0.11272063851356506
                    ],
                    [
                        -0.4043712615966797,
                        -0.07491655647754669,
                        0.7647852301597595,
                        0.07150021195411682
                    ],
                    [
                        -0.388317346572876,
                        -0.027715563774108887,
                        0.7475466728210449,
                        0.17149284482002258
                    ],
                    [
                        -0.3264181613922119,
                        0.027124926447868347,
                        0.8255237340927124,
                        0.24685975909233093
                    ],
                    [
                        -0.47830885648727417,
                        -0.25875309109687805,
                        0.8039417862892151,
                        0.14856088161468506
                    ],
                    [
                        -0.35486844182014465,
                        -0.26485350728034973,
                        0.7662379741668701,
                        0.16681349277496338
                    ],
                    [
                        -0.37420380115509033,
                        -0.14536669850349426,
                        0.8085174560546875,
                        0.13781887292861938
                    ],
                    [
                        -0.3934395909309387,
                        -0.05699080228805542,
                        0.7273991703987122,
                        0.24342334270477295
                    ],
                    [
                        -0.31678709387779236,
                        -0.07565639168024063,
                        0.8222250938415527,
                        0.21913909912109375
                    ],
                    [
                        -0.3166246712207794,
                        -0.06640354543924332,
                        0.7754260897636414,
                        0.21723932027816772
                    ]
                ]
            ],
            "actions_pred": [
                [
                    [
                        -0.016903892159461975,
                        -0.13417506217956543,
                        -0.24253785610198975,
                        -0.2515984773635864,
                        -0.20235471427440643,
                        -0.15908214449882507,
                        -0.09418706595897675,
                        -0.08631855994462967,
                        -0.2094695270061493,
                        -0.20721915364265442,
                        -0.33184128999710083,
                        -0.4043712615966797,
                        -0.388317346572876,
                        -0.3264181613922119,
                        -0.47830885648727417,
                        -0.35486844182014465,
                        -0.37420380115509033,
                        -0.3934395909309387,
                        -0.31678709387779236,
                        -0.3166246712207794
                    ],
                    [
                        -0.291748970746994,
                        -0.05649751424789429,
                        0.046723559498786926,
                        0.01637059450149536,
                        0.07559090852737427,
                        0.009426198899745941,
                        0.05218768119812012,
                        0.01026616245508194,
                        -0.05856604129076004,
                        0.03271649405360222,
                        -0.09905379265546799,
                        -0.07491655647754669,
                        -0.027715563774108887,
                        0.027124926447868347,
                        -0.25875309109687805,
                        -0.26485350728034973,
                        -0.14536669850349426,
                        -0.05699080228805542,
                        -0.07565639168024063,
                        -0.06640354543924332
                    ],
                    [
                        0.5445873737335205,
                        0.7291269898414612,
                        0.7060755491256714,
                        0.7418661117553711,
                        0.7651000022888184,
                        0.6645568609237671,
                        0.7336088418960571,
                        0.6785873174667358,
                        0.769930362701416,
                        0.8352782726287842,
                        0.9079007506370544,
                        0.7647852301597595,
                        0.7475466728210449,
                        0.8255237340927124,
                        0.8039417862892151,
                        0.7662379741668701,
                        0.8085174560546875,
                        0.7273991703987122,
                        0.8222250938415527,
                        0.7754260897636414
                    ],
                    [
                        0.47138679027557373,
                        0.5549705028533936,
                        0.49103933572769165,
                        0.492538183927536,
                        0.4394671320915222,
                        0.40564706921577454,
                        0.32562974095344543,
                        0.355533629655838,
                        0.2899176776409149,
                        0.2573171555995941,
                        0.11272063851356506,
                        0.07150021195411682,
                        0.17149284482002258,
                        0.24685975909233093,
                        0.14856088161468506,
                        0.16681349277496338,
                        0.13781887292861938,
                        0.24342334270477295,
                        0.21913909912109375,
                        0.21723932027816772
                    ]
                ]
            ],
            "states": [
                [
                    [
                        6436360.0,
                        3.756791920750402e-05,
                        0.00023788119142409414,
                        525420.0
                    ],
                    [
                        5822408.0,
                        3.5673747333930805e-05,
                        0.0002484873402863741,
                        540076.8125
                    ],
                    [
                        6120696.0,
                        3.400527930352837e-05,
                        0.00025739934062585235,
                        546681.375
                    ],
                    [
                        6143632.0,
                        3.2446547265863046e-05,
                        0.00019004895875696093,
                        549135.1875
                    ],
                    [
                        6290344.0,
                        3.100591857219115e-05,
                        0.00022606240236200392,
                        515628.96875
                    ],
                    [
                        7225288.0,
                        2.9579521651612595e-05,
                        0.0002532026555854827,
                        501138.75
                    ],
                    [
                        5695216.0,
                        2.8330134227871895e-05,
                        0.0002667571825440973,
                        501280.09375
                    ],
                    [
                        6048296.0,
                        2.72848174063256e-05,
                        0.00026687141507864,
                        520591.84375
                    ],
                    [
                        5956840.0,
                        2.6292696929886006e-05,
                        0.0002529114135541022,
                        510954.5
                    ],
                    [
                        5511320.0,
                        2.5409783120267093e-05,
                        0.0002583715249784291,
                        498321.25
                    ],
                    [
                        7421000.0,
                        2.448467603244353e-05,
                        0.001365873496979475,
                        470548.53125
                    ],
                    [
                        6653560.0,
                        2.3549235265818425e-05,
                        0.0008239395683631301,
                        489404.40625
                    ],
                    [
                        5919424.0,
                        2.2772055672248825e-05,
                        0.0005388445570133626,
                        494672.6875
                    ],
                    [
                        6049744.0,
                        2.2078909751144238e-05,
                        0.0005018769879825413,
                        522203.84375
                    ],
                    [
                        5699328.0,
                        2.1438178009702824e-05,
                        0.0005396626074798405,
                        525676.375
                    ],
                    [
                        5907840.0,
                        2.084095285681542e-05,
                        0.00039070475031621754,
                        484434.71875
                    ],
                    [
                        7654128.0,
                        2.0184714230708778e-05,
                        0.00037147922557778656,
                        485244.75
                    ],
                    [
                        6171376.0,
                        1.9555423932615668e-05,
                        0.00035373689024709165,
                        520211.9375
                    ],
                    [
                        5359048.0,
                        1.9060054910369217e-05,
                        0.0003472233365755528,
                        514446.75
                    ],
                    [
                        5344568.0,
                        1.8622442439664155e-05,
                        0.00021890846255701035,
                        526664.75
                    ]
                ]
            ],
            "actions": [
                [
                    [
                        0.5
                    ],
                    [
                        0.5
                    ],
                    [
                        0.5
                    ],
                    [
                        0.5
                    ],
                    [
                        0.5
                    ],
                    [
                        0.5
                    ],
                    [
                        0.5
                    ],
                    [
                        0.5
                    ],
                    [
                        0.5
                    ],
                    [
                        0.5
                    ],
                    [
                        0.5
                    ],
                    [
                        0.5
                    ],
                    [
                        0.5
                    ],
                    [
                        0.5
                    ],
                    [
                        0.5
                    ],
                    [
                        0.5
                    ],
                    [
                        0.5
                    ],
                    [
                        0.5
                    ],
                    [
                        0.5
                    ],
                    [
                        0.5
                    ]
                ]
            ],
            "returns": [
                [
                    [
                        0.17125853896141052
                    ],
                    [
                        0.17030860483646393
                    ],
                    [
                        0.16936755180358887
                    ],
                    [
                        0.16842207312583923
                    ],
                    [
                        0.16747625172138214
                    ],
                    [
                        0.1665283590555191
                    ],
                    [
                        0.16556815803050995
                    ],
                    [
                        0.16462907195091248
                    ],
                    [
                        0.1636846512556076
                    ],
                    [
                        0.16274157166481018
                    ],
                    [
                        0.1618053913116455
                    ],
                    [
                        0.16084282100200653
                    ],
                    [
                        0.15988995134830475
                    ],
                    [
                        0.1589474231004715
                    ],
                    [
                        0.15800298750400543
                    ],
                    [
                        0.157063826918602
                    ],
                    [
                        0.15612147748470306
                    ],
                    [
                        0.1551561802625656
                    ],
                    [
                        0.15420997142791748
                    ],
                    [
                        0.153276264667511
                    ]
                ]
            ],
            "timesteps": [
                [
                    440,
                    441,
                    442,
                    443,
                    444,
                    445,
                    446,
                    447,
                    448,
                    449,
                    450,
                    451,
                    452,
                    453,
                    454,
                    455,
                    456,
                    457,
                    458,
                    459
                ]
            ],
            "labels": [
                [
                    1,
                    1,
                    1,
                    1,
                    1,
                    1,
                    1,
                    1,
                    1,
                    1,
                    1,
                    1,
                    1,
                    1,
                    1,
                    1,
                    1,
                    1,
                    1,
                    1
                ]
            ],
            "CPU Usage": 45.3,
            "RAM Usage": 55.4,
            "GPU Usage": 0.0,
            "VRAM Usage": 355.0,
            "Disk Read Speed (MB/s)": 206022.8828125,
            "Disk Write Speed (MB/s)": 335432.5361328125
        },
        {
            "step": 1,
            "train_loss": 0.05536586791276932,
            "actions_pred1": [
                [
                    [
                        -0.159773588180542,
                        0.010351121425628662,
                        0.4588409662246704,
                        1.4275612831115723
                    ],
                    [
                        -0.023409083485603333,
                        0.0795428454875946,
                        0.20486542582511902,
                        1.4284183979034424
                    ],
                    [
                        -0.17016974091529846,
                        0.13862675428390503,
                        0.2976919710636139,
                        1.1220656633377075
                    ],
                    [
                        -0.2582697868347168,
                        0.14877545833587646,
                        0.3445625901222229,
                        1.0702117681503296
                    ],
                    [
                        -0.26964980363845825,
                        0.23042833805084229,
                        0.3897673487663269,
                        1.0496513843536377
                    ],
                    [
                        -0.24643436074256897,
                        0.23786768317222595,
                        0.4952433109283447,
                        0.9314610958099365
                    ],
                    [
                        -0.2655569314956665,
                        0.2660808563232422,
                        0.5055373311042786,
                        0.9423125982284546
                    ],
                    [
                        -0.2132919728755951,
                        -0.11018647253513336,
                        0.5114274024963379,
                        0.9041373133659363
                    ],
                    [
                        -0.14222468435764313,
                        -0.09015925228595734,
                        0.5333132147789001,
                        0.9149649143218994
                    ],
                    [
                        -0.24938473105430603,
                        -0.015319079160690308,
                        0.642657995223999,
                        0.8229597806930542
                    ],
                    [
                        -0.3400617241859436,
                        0.023869208991527557,
                        0.5820885896682739,
                        0.8320286273956299
                    ],
                    [
                        -0.36555638909339905,
                        0.07398819923400879,
                        0.4786361753940582,
                        0.9599591493606567
                    ],
                    [
                        -0.4240935444831848,
                        0.0020671337842941284,
                        0.4575549364089966,
                        0.9037333726882935
                    ],
                    [
                        -0.3615702688694,
                        -0.020636260509490967,
                        0.5313960909843445,
                        0.9734393358230591
                    ],
                    [
                        -0.4237534999847412,
                        -0.12632542848587036,
                        0.5031482577323914,
                        0.9048815965652466
                    ],
                    [
                        -0.3064877688884735,
                        0.024169042706489563,
                        0.49144279956817627,
                        0.9177498817443848
                    ],
                    [
                        -0.46804285049438477,
                        -0.06746339797973633,
                        0.533811628818512,
                        0.9152239561080933
                    ],
                    [
                        -0.5189594030380249,
                        -0.10033958405256271,
                        0.5312192440032959,
                        0.9196911454200745
                    ],
                    [
                        -0.46692129969596863,
                        -0.02958521991968155,
                        0.5888044834136963,
                        0.6425186991691589
                    ],
                    [
                        -0.27502959966659546,
                        0.02539946883916855,
                        0.6799506545066833,
                        0.7999998927116394
                    ]
                ]
            ],
            "actions_pred": [
                [
                    [
                        -0.159773588180542,
                        -0.023409083485603333,
                        -0.17016974091529846,
                        -0.2582697868347168,
                        -0.26964980363845825,
                        -0.24643436074256897,
                        -0.2655569314956665,
                        -0.2132919728755951,
                        -0.14222468435764313,
                        -0.24938473105430603,
                        -0.3400617241859436,
                        -0.36555638909339905,
                        -0.4240935444831848,
                        -0.3615702688694,
                        -0.4237534999847412,
                        -0.3064877688884735,
                        -0.46804285049438477,
                        -0.5189594030380249,
                        -0.46692129969596863,
                        -0.27502959966659546
                    ],
                    [
                        0.010351121425628662,
                        0.0795428454875946,
                        0.13862675428390503,
                        0.14877545833587646,
                        0.23042833805084229,
                        0.23786768317222595,
                        0.2660808563232422,
                        -0.11018647253513336,
                        -0.09015925228595734,
                        -0.015319079160690308,
                        0.023869208991527557,
                        0.07398819923400879,
                        0.0020671337842941284,
                        -0.020636260509490967,
                        -0.12632542848587036,
                        0.024169042706489563,
                        -0.06746339797973633,
                        -0.10033958405256271,
                        -0.02958521991968155,
                        0.02539946883916855
                    ],
                    [
                        0.4588409662246704,
                        0.20486542582511902,
                        0.2976919710636139,
                        0.3445625901222229,
                        0.3897673487663269,
                        0.4952433109283447,
                        0.5055373311042786,
                        0.5114274024963379,
                        0.5333132147789001,
                        0.642657995223999,
                        0.5820885896682739,
                        0.4786361753940582,
                        0.4575549364089966,
                        0.5313960909843445,
                        0.5031482577323914,
                        0.49144279956817627,
                        0.533811628818512,
                        0.5312192440032959,
                        0.5888044834136963,
                        0.6799506545066833
                    ],
                    [
                        1.4275612831115723,
                        1.4284183979034424,
                        1.1220656633377075,
                        1.0702117681503296,
                        1.0496513843536377,
                        0.9314610958099365,
                        0.9423125982284546,
                        0.9041373133659363,
                        0.9149649143218994,
                        0.8229597806930542,
                        0.8320286273956299,
                        0.9599591493606567,
                        0.9037333726882935,
                        0.9734393358230591,
                        0.9048815965652466,
                        0.9177498817443848,
                        0.9152239561080933,
                        0.9196911454200745,
                        0.6425186991691589,
                        0.7999998927116394
                    ]
                ]
            ],
            "states": [
                [
                    [
                        5059312.0,
                        9.1049492766615e-05,
                        0.0002829945588018745,
                        570940.9375
                    ],
                    [
                        5117232.0,
                        8.226631325669587e-05,
                        0.00027779326774179935,
                        553102.75
                    ],
                    [
                        5535704.0,
                        7.472792640328407e-05,
                        0.00029917724896222353,
                        546738.9375
                    ],
                    [
                        4970984.0,
                        6.851889338577166e-05,
                        0.00037997434264980257,
                        615590.1875
                    ],
                    [
                        2654184.0,
                        6.460718577727675e-05,
                        0.00029415389872156084,
                        481818.0625
                    ],
                    [
                        4494592.0,
                        6.135837611509487e-05,
                        0.00029440681100822985,
                        522992.78125
                    ],
                    [
                        4348344.0,
                        5.774946475867182e-05,
                        0.00028164629475213587,
                        491780.875
                    ],
                    [
                        4933336.0,
                        5.439664164441638e-05,
                        0.00027785348356701434,
                        520398.875
                    ],
                    [
                        4701656.0,
                        5.129960845806636e-05,
                        0.00038381022750400007,
                        575110.6875
                    ],
                    [
                        4578576.0,
                        4.8633406549924985e-05,
                        0.0002961547579616308,
                        495802.21875
                    ],
                    [
                        3149400.0,
                        4.661144339479506e-05,
                        0.00029962105327285826,
                        505119.28125
                    ],
                    [
                        4999944.0,
                        4.466465179575607e-05,
                        0.00029777659801766276,
                        484590.125
                    ],
                    [
                        5011528.0,
                        4.247795732226223e-05,
                        0.0002728095860220492,
                        482498.96875
                    ],
                    [
                        5127368.0,
                        4.047168113174848e-05,
                        0.0002930021146312356,
                        492467.5625
                    ],
                    [
                        5149088.0,
                        3.862225275952369e-05,
                        0.0005929499748162925,
                        510973.59375
                    ],
                    [
                        3434656.0,
                        3.7198835343588144e-05,
                        0.00017766767996363342,
                        518040.0625
                    ],
                    [
                        4734960.0,
                        3.594371446524747e-05,
                        0.00018339134112466127,
                        483570.8125
                    ],
                    [
                        4713240.0,
                        3.459137587924488e-05,
                        0.00019205290300305933,
                        485131.46875
                    ],
                    [
                        5099856.0,
                        3.3291154977632686e-05,
                        0.0002024973655352369,
                        498759.9375
                    ],
                    [
                        5243208.0,
                        3.2021918741520494e-05,
                        0.0002613598189782351,
                        496721.28125
                    ]
                ]
            ],
            "actions": [
                [
                    [
                        0.5
                    ],
                    [
                        0.5
                    ],
                    [
                        0.5
                    ],
                    [
                        0.5
                    ],
                    [
                        0.5
                    ],
                    [
                        0.5
                    ],
                    [
                        0.5
                    ],
                    [
                        0.5
                    ],
                    [
                        0.5
                    ],
                    [
                        0.5
                    ],
                    [
                        0.5
                    ],
                    [
                        0.5
                    ],
                    [
                        0.5
                    ],
                    [
                        0.5
                    ],
                    [
                        0.5
                    ],
                    [
                        0.5
                    ],
                    [
                        0.5
                    ],
                    [
                        0.5
                    ],
                    [
                        0.5
                    ],
                    [
                        0.5
                    ]
                ]
            ],
            "returns": [
                [
                    [
                        0.4691389203071594
                    ],
                    [
                        0.4682103097438812
                    ],
                    [
                        0.46728071570396423
                    ],
                    [
                        0.46634411811828613
                    ],
                    [
                        0.4654170870780945
                    ],
                    [
                        0.46454569697380066
                    ],
                    [
                        0.46362757682800293
                    ],
                    [
                        0.4627124071121216
                    ],
                    [
                        0.46178606152534485
                    ],
                    [
                        0.46086394786834717
                    ],
                    [
                        0.4599442183971405
                    ],
                    [
                        0.45905765891075134
                    ],
                    [
                        0.4581300914287567
                    ],
                    [
                        0.45720234513282776
                    ],
                    [
                        0.45627257227897644
                    ],
                    [
                        0.4553424119949341
                    ],
                    [
                        0.4544481337070465
                    ],
                    [
                        0.4535254240036011
                    ],
                    [
                        0.4526031017303467
                    ],
                    [
                        0.45167380571365356
                    ]
                ]
            ],
            "timesteps": [
                [
                    120,
                    121,
                    122,
                    123,
                    124,
                    125,
                    126,
                    127,
                    128,
                    129,
                    130,
                    131,
                    132,
                    133,
                    134,
                    135,
                    136,
                    137,
                    138,
                    139
                ]
            ],
            "labels": [
                [
                    1,
                    1,
                    1,
                    1,
                    1,
                    1,
                    1,
                    1,
                    1,
                    1,
                    1,
                    1,
                    1,
                    1,
                    1,
                    1,
                    1,
                    1,
                    1,
                    1
                ]
            ],
            "CPU Usage": 46.7,
            "RAM Usage": 55.6,
            "GPU Usage": 0.0,
            "VRAM Usage": 355.0,
            "Disk Read Speed (MB/s)": 206022.8828125,
            "Disk Write Speed (MB/s)": 335432.7744140625
        },
        {
            "step": 2,
            "train_loss": 0.060376424342393875,
            "actions_pred1": [
                [
                    [
                        -0.28460562229156494,
                        -0.3559892773628235,
                        0.7048801183700562,
                        0.49573755264282227
                    ],
                    [
                        -0.38813310861587524,
                        -0.21427984535694122,
                        0.7894047498703003,
                        0.39983606338500977
                    ],
                    [
                        -0.4798397421836853,
                        -0.1533779799938202,
                        0.6963503360748291,
                        0.3897530436515808
                    ],
                    [
                        -0.24274685978889465,
                        -0.16603752970695496,
                        0.6249406337738037,
                        0.47666677832603455
                    ],
                    [
                        -0.23588252067565918,
                        -0.12534761428833008,
                        0.6602179408073425,
                        0.3369889259338379
                    ],
                    [
                        -0.11712378263473511,
                        -0.023279570043087006,
                        0.7043295502662659,
                        0.24186217784881592
                    ],
                    [
                        -0.15689915418624878,
                        0.07698898017406464,
                        0.7706315517425537,
                        0.281170517206192
                    ],
                    [
                        -0.2950369119644165,
                        0.24292214214801788,
                        0.7808829545974731,
                        0.2807157039642334
                    ],
                    [
                        -0.31368309259414673,
                        0.09576334804296494,
                        0.8158016204833984,
                        0.40981853008270264
                    ],
                    [
                        -0.36053386330604553,
                        0.1748901903629303,
                        0.6564986109733582,
                        0.43959173560142517
                    ],
                    [
                        -0.353628933429718,
                        0.19437569379806519,
                        0.5833278894424438,
                        0.3502543866634369
                    ],
                    [
                        -0.2278231531381607,
                        0.09062128514051437,
                        0.5777876973152161,
                        0.29718852043151855
                    ],
                    [
                        -0.2830350995063782,
                        0.08345948904752731,
                        0.700495183467865,
                        0.3309769928455353
                    ],
                    [
                        -0.13734307885169983,
                        0.17504571378231049,
                        0.7036375999450684,
                        0.39254480600357056
                    ],
                    [
                        -0.16665945947170258,
                        0.1544552743434906,
                        0.6439189910888672,
                        0.4281007647514343
                    ],
                    [
                        -0.16613614559173584,
                        0.13297593593597412,
                        0.6716718673706055,
                        0.38090258836746216
                    ],
                    [
                        -0.23337805271148682,
                        0.09053391218185425,
                        0.6455038189888,
                        0.4117581248283386
                    ],
                    [
                        -0.4555484652519226,
                        0.051607340574264526,
                        0.5209648609161377,
                        0.4097970128059387
                    ],
                    [
                        -0.34732967615127563,
                        0.0164172425866127,
                        0.5874373316764832,
                        0.49632760882377625
                    ],
                    [
                        -0.24750107526779175,
                        0.17025575041770935,
                        0.6137357950210571,
                        0.4439528286457062
                    ]
                ]
            ],
            "actions_pred": [
                [
                    [
                        -0.28460562229156494,
                        -0.38813310861587524,
                        -0.4798397421836853,
                        -0.24274685978889465,
                        -0.23588252067565918,
                        -0.11712378263473511,
