{
    "steps": [
        {
            "step": 0,
            "train_loss": 0.04348093271255493,
            "actions_pred1": [
                [
                    [
                        1.116977572441101,
                        1.0279531478881836,
                        1.8328508138656616,
                        -2.3714828491210938
                    ],
                    [
                        1.0492204427719116,
                        0.9750117063522339,
                        1.792694091796875,
                        -2.42415189743042
                    ],
                    [
                        1.0763267278671265,
                        1.2378915548324585,
                        1.7179980278015137,
                        -2.434696912765503
                    ],
                    [
                        1.0317097902297974,
                        1.066500186920166,
                        1.5847439765930176,
                        -2.373544454574585
                    ],
                    [
                        1.0260589122772217,
                        0.8718367218971252,
                        1.5239202976226807,
                        -2.709622859954834
                    ],
                    [
                        0.9750614762306213,
                        0.7751071453094482,
                        1.5269488096237183,
                        -2.614408254623413
                    ],
                    [
                        0.9165785908699036,
                        0.7031512260437012,
                        1.5572458505630493,
                        -2.7092812061309814
                    ],
                    [
                        0.8877798914909363,
                        0.7559554576873779,
                        1.5250651836395264,
                        -2.741023302078247
                    ],
                    [
                        0.9888511896133423,
                        0.7951705455780029,
                        1.6043033599853516,
                        -2.9803788661956787
                    ],
                    [
                        0.8575529456138611,
                        1.0291099548339844,
                        1.4111262559890747,
                        -2.5413222312927246
                    ],
                    [
                        0.7093347311019897,
                        0.7835918664932251,
                        1.370376467704773,
                        -2.5454530715942383
                    ],
                    [
                        0.768713116645813,
                        0.6247919797897339,
                        1.471217155456543,
                        -2.6254465579986572
                    ],
                    [
                        0.8168497085571289,
                        0.8014540672302246,
                        1.7519112825393677,
                        -2.579380989074707
                    ],
                    [
                        0.8610451817512512,
                        0.7586584687232971,
                        1.6377440690994263,
                        -2.4933602809906006
                    ],
                    [
                        0.8167426586151123,
                        0.7580052614212036,
                        1.6007437705993652,
                        -2.5943660736083984
                    ],
                    [
                        0.8383474349975586,
                        0.5057233572006226,
                        1.7981109619140625,
                        -2.4895832538604736
                    ],
                    [
                        0.7020981311798096,
                        0.5091041326522827,
                        1.8329840898513794,
                        -2.4984054565429688
                    ],
                    [
                        0.8220763206481934,
                        0.6622605323791504,
                        1.6455605030059814,
                        -2.4732108116149902
                    ],
                    [
                        0.8595430850982666,
                        0.6317964196205139,
                        1.6037667989730835,
                        -2.5497372150421143
                    ],
                    [
                        0.8232494592666626,
                        0.8447684049606323,
                        1.569434642791748,
                        -2.6312739849090576
                    ]
                ]
            ],
            "actions_pred": [
                [
                    [
                        1.116977572441101,
                        1.0492204427719116,
                        1.0763267278671265,
                        1.0317097902297974,
                        1.0260589122772217,
                        0.9750614762306213,
                        0.9165785908699036,
                        0.8877798914909363,
                        0.9888511896133423,
                        0.8575529456138611,
                        0.7093347311019897,
                        0.768713116645813,
                        0.8168497085571289,
                        0.8610451817512512,
                        0.8167426586151123,
                        0.8383474349975586,
                        0.7020981311798096,
                        0.8220763206481934,
                        0.8595430850982666,
                        0.8232494592666626
                    ],
                    [
                        1.0279531478881836,
                        0.9750117063522339,
                        1.2378915548324585,
                        1.066500186920166,
                        0.8718367218971252,
                        0.7751071453094482,
                        0.7031512260437012,
                        0.7559554576873779,
                        0.7951705455780029,
                        1.0291099548339844,
                        0.7835918664932251,
                        0.6247919797897339,
                        0.8014540672302246,
                        0.7586584687232971,
                        0.7580052614212036,
                        0.5057233572006226,
                        0.5091041326522827,
                        0.6622605323791504,
                        0.6317964196205139,
                        0.8447684049606323
                    ],
                    [
                        1.8328508138656616,
                        1.792694091796875,
                        1.7179980278015137,
                        1.5847439765930176,
                        1.5239202976226807,
                        1.5269488096237183,
                        1.5572458505630493,
                        1.5250651836395264,
                        1.6043033599853516,
                        1.4111262559890747,
                        1.370376467704773,
                        1.471217155456543,
                        1.7519112825393677,
                        1.6377440690994263,
                        1.6007437705993652,
                        1.7981109619140625,
                        1.8329840898513794,
                        1.6455605030059814,
                        1.6037667989730835,
                        1.569434642791748
                    ],
                    [
                        -2.3714828491210938,
                        -2.42415189743042,
                        -2.434696912765503,
                        -2.373544454574585,
                        -2.709622859954834,
                        -2.614408254623413,
                        -2.7092812061309814,
                        -2.741023302078247,
                        -2.9803788661956787,
                        -2.5413222312927246,
                        -2.5454530715942383,
                        -2.6254465579986572,
                        -2.579380989074707,
                        -2.4933602809906006,
                        -2.5943660736083984,
                        -2.4895832538604736,
                        -2.4984054565429688,
                        -2.4732108116149902,
                        -2.5497372150421143,
                        -2.6312739849090576
                    ]
                ]
            ],
            "states": [
                [
                    [
                        195480.0,
                        0.00017859364743344486,
                        0.0014523763675242662,
                        455306.15625
                    ],
                    [
                        224440.0,
                        0.00017706550715956837,
                        0.0012122188927605748,
                        199210.375
                    ],
                    [
                        260640.0,
                        0.00017533254867885262,
                        0.0010567386634647846,
                        291813.4375
                    ],
                    [
                        231680.0,
                        0.00017360733181703836,
                        0.0010331012308597565,
                        619352.5625
                    ],
                    [
                        201272.0,
                        0.00017211795784533024,
                        0.0008577806875109673,
                        757621.5
                    ],
                    [
                        233128.0,
                        0.0001706496550468728,
                        0.002856994280591607,
                        402371.75
                    ],
                    [
                        238920.0,
                        0.00016908197721932083,
                        0.005327177233994007,
                        418626.09375
                    ],
                    [
                        185344.0,
                        0.00016769685316830873,
                        0.006734849885106087,
                        490648.125
                    ],
                    [
                        205616.0,
                        0.000166440979228355,
                        0.008968048729002476,
                        304516.78125
                    ],
                    [
                        195480.0,
                        0.00016517171752639115,
                        0.00019177634385414422,
                        553446.625
                    ],
                    [
                        202720.0,
                        0.00016393074474763125,
                        0.0001491233124397695,
                        853423.1875
                    ],
                    [
                        209960.0,
                        0.00016266417514998466,
                        0.0002625611668918282,
                        298799.9375
                    ],
                    [
                        209960.0,
                        0.0001613952626939863,
                        0.0004885925445705652,
                        376011.875
                    ],
                    [
                        144800.0,
                        0.00016033815336413682,
                        0.0010367168579250574,
                        94745.609375
                    ],
                    [
                        246160.0,
                        0.00015919026918709278,
                        0.0028569940477609634,
                        223245.734375
                    ],
                    [
                        253400.0,
                        0.000157746413606219,
                        0.005327177233994007,
                        267948.78125
                    ],
                    [
                        296840.0,
                        0.00015618640463799238,
                        0.006734849885106087,
                        291045.46875
                    ],
                    [
                        340280.0,
                        0.0001544181868666783,
                        0.008968048729002476,
                        376205.125
                    ],
                    [
                        405440.0,
                        0.0001523990067653358,
                        0.010990988463163376,
                        467932.84375
                    ],
                    [
                        463360.0,
                        0.0001501120423199609,
                        0.011323424987494946,
                        301846.5
                    ]
                ]
            ],
            "actions": [
                [
                    [
                        0.25
                    ],
                    [
                        0.25
                    ],
                    [
                        0.25
                    ],
                    [
                        0.25
                    ],
                    [
                        0.25
                    ],
                    [
                        0.25
                    ],
                    [
                        0.25
                    ],
                    [
                        0.25
                    ],
                    [
                        0.25
                    ],
                    [
                        0.25
                    ],
                    [
                        0.25
                    ],
                    [
                        0.25
                    ],
                    [
                        0.25
                    ],
                    [
                        0.25
                    ],
                    [
                        0.25
                    ],
                    [
                        0.25
                    ],
                    [
                        0.25
                    ],
                    [
                        0.25
                    ],
                    [
                        0.25
                    ],
                    [
                        0.25
                    ]
                ]
            ],
            "returns": [
                [
                    [
                        0.0820998102426529
                    ],
                    [
                        0.0814596638083458
                    ],
                    [
                        0.08080726861953735
                    ],
                    [
                        0.08014161884784698
                    ],
                    [
                        0.0794864147901535
                    ],
                    [
                        0.07884368300437927
                    ],
                    [
                        0.07818792015314102
                    ],
                    [
                        0.07752998173236847
                    ],
                    [
                        0.07689455896615982
                    ],
                    [
                        0.07624993473291397
                    ],
                    [
                        0.07560978829860687
                    ],
                    [
                        0.0749664157629013
                    ],
                    [
                        0.07431993633508682
                    ],
                    [
                        0.07367345690727234
                    ],
                    [
                        0.07305991649627686
                    ],
                    [
                        0.0723993331193924
                    ],
                    [
                        0.07173618674278259
                    ],
                    [
                        0.07105900347232819
                    ],
                    [
                        0.07036971300840378
                    ],
                    [
                        0.06966488808393478
                    ]
                ]
            ],
            "timesteps": [
                [
                    540,
                    541,
                    542,
                    543,
                    544,
                    545,
                    546,
                    547,
                    548,
                    549,
                    550,
                    551,
                    552,
                    553,
                    554,
                    555,
                    556,
                    557,
                    558,
                    559
                ]
            ],
            "labels": [
                [
                    0,
                    0,
                    0,
                    0,
                    0,
                    0,
                    0,
                    0,
                    0,
                    0,
                    0,
                    0,
                    0,
                    0,
                    0,
                    0,
                    0,
                    0,
                    0,
                    0
                ]
            ],
            "CPU Usage": 45.9,
            "RAM Usage": 55.0,
            "GPU Usage": 0.0,
            "VRAM Usage": 355.0,
            "Disk Read Speed (MB/s)": 206640.2841796875,
            "Disk Write Speed (MB/s)": 404544.6494140625
        },
        {
            "step": 1,
            "train_loss": 0.05352426692843437,
            "actions_pred1": [
                [
                    [
                        0.4801027476787567,
                        0.5081281661987305,
                        1.455034613609314,
                        -2.848512649536133
                    ],
                    [
                        0.46026718616485596,
                        0.7696365118026733,
                        2.084200620651245,
                        -3.276468276977539
                    ],
                    [
                        0.7203280925750732,
                        0.9195005297660828,
                        1.8139678239822388,
                        -3.90742826461792
                    ],
                    [
                        0.7647446393966675,
                        1.1219358444213867,
                        1.4406753778457642,
                        -3.9928252696990967
                    ],
                    [
                        0.5723124742507935,
                        0.9886791110038757,
                        1.314064383506775,
                        -3.570615768432617
                    ],
                    [
                        0.4153827428817749,
                        0.9523726105690002,
                        1.4678298234939575,
                        -3.631622791290283
                    ],
                    [
                        0.40711718797683716,
                        1.1320812702178955,
                        1.6412876844406128,
                        -3.996976852416992
                    ],
                    [
                        0.3208956718444824,
                        1.1477323770523071,
                        1.609336256980896,
                        -3.8025081157684326
                    ],
                    [
                        0.3299897611141205,
                        1.021957516670227,
                        1.6138336658477783,
                        -3.9312713146209717
                    ],
                    [
                        0.5597237944602966,
                        0.9119516611099243,
                        1.5043492317199707,
                        -3.91583251953125
                    ],
                    [
                        0.513321042060852,
                        0.8634371757507324,
                        1.5545557737350464,
                        -3.752533197402954
                    ],
                    [
                        0.31772860884666443,
                        0.950512707233429,
                        1.674952507019043,
                        -3.7567620277404785
                    ],
                    [
                        0.4821299910545349,
                        0.8799034357070923,
                        1.647722601890564,
                        -3.59226655960083
                    ],
                    [
                        0.5745394825935364,
                        0.8242672681808472,
                        1.5551259517669678,
                        -3.5796597003936768
                    ],
                    [
                        0.658044695854187,
                        0.9275128841400146,
                        1.6543182134628296,
                        -4.036081314086914
                    ],
                    [
                        0.6288731098175049,
                        0.9815272092819214,
                        1.757283091545105,
                        -3.9522945880889893
                    ],
                    [
                        0.48783808946609497,
                        0.7967231273651123,
                        1.5645756721496582,
                        -3.5839719772338867
                    ],
                    [
                        0.48947224020957947,
                        0.8870436549186707,
                        1.5185810327529907,
                        -3.5576024055480957
                    ],
                    [
                        0.5611724853515625,
                        1.0894482135772705,
                        1.5798710584640503,
                        -3.556858539581299
                    ],
                    [
                        0.5771860480308533,
                        1.0045180320739746,
                        1.6698648929595947,
                        -3.4296791553497314
                    ]
                ]
            ],
            "actions_pred": [
                [
                    [
                        0.4801027476787567,
                        0.46026718616485596,
                        0.7203280925750732,
                        0.7647446393966675,
                        0.5723124742507935,
                        0.4153827428817749,
                        0.40711718797683716,
                        0.3208956718444824,
                        0.3299897611141205,
                        0.5597237944602966,
                        0.513321042060852,
                        0.31772860884666443,
                        0.4821299910545349,
                        0.5745394825935364,
                        0.658044695854187,
                        0.6288731098175049,
                        0.48783808946609497,
                        0.48947224020957947,
                        0.5611724853515625,
                        0.5771860480308533
                    ],
                    [
                        0.5081281661987305,
                        0.7696365118026733,
                        0.9195005297660828,
                        1.1219358444213867,
                        0.9886791110038757,
                        0.9523726105690002,
                        1.1320812702178955,
                        1.1477323770523071,
                        1.021957516670227,
                        0.9119516611099243,
                        0.8634371757507324,
                        0.950512707233429,
                        0.8799034357070923,
                        0.8242672681808472,
                        0.9275128841400146,
                        0.9815272092819214,
                        0.7967231273651123,
                        0.8870436549186707,
                        1.0894482135772705,
                        1.0045180320739746
                    ],
                    [
                        1.455034613609314,
                        2.084200620651245,
                        1.8139678239822388,
                        1.4406753778457642,
                        1.314064383506775,
                        1.4678298234939575,
                        1.6412876844406128,
                        1.609336256980896,
                        1.6138336658477783,
                        1.5043492317199707,
                        1.5545557737350464,
                        1.674952507019043,
                        1.647722601890564,
                        1.5551259517669678,
                        1.6543182134628296,
                        1.757283091545105,
                        1.5645756721496582,
                        1.5185810327529907,
                        1.5798710584640503,
                        1.6698648929595947
                    ],
                    [
                        -2.848512649536133,
                        -3.276468276977539,
                        -3.90742826461792,
                        -3.9928252696990967,
                        -3.570615768432617,
                        -3.631622791290283,
                        -3.996976852416992,
                        -3.8025081157684326,
                        -3.9312713146209717,
                        -3.91583251953125,
                        -3.752533197402954,
                        -3.7567620277404785,
                        -3.59226655960083,
                        -3.5796597003936768,
                        -4.036081314086914,
                        -3.9522945880889893,
                        -3.5839719772338867,
                        -3.5576024055480957,
                        -3.556858539581299,
                        -3.4296791553497314
                    ]
                ]
            ],
            "states": [
                [
                    [
                        5346016.0,
                        3.834013477899134e-05,
                        0.0014523763675242662,
                        508420.875
                    ],
                    [
                        5408280.0,
                        3.6602417821995914e-05,
                        0.0012122188927605748,
                        493151.53125
                    ],
                    [
                        5290992.0,
                        3.502258914522827e-05,
                        0.0010567386634647846,
                        527754.375
                    ],
                    [
                        4871072.0,
                        3.364306758157909e-05,
                        0.0010331012308597565,
                        499436.125
                    ],
                    [
                        5112888.0,
                        3.239049328840338e-05,
                        0.0008577806875109673,
                        510007.28125
                    ],
                    [
                        5560320.0,
                        3.1150953873293474e-05,
                        0.009355437941849232,
                        487248.6875
                    ],
                    [
                        5574800.0,
                        1.764485568855889e-05,
                        0.005326922982931137,
                        503265.46875
                    ],
                    [
                        5363392.0,
                        1.8441511201672256e-05,
                        0.00705355079844594,
                        500775.59375
                    ],
                    [
                        5134608.0,
                        2.999954449478537e-05,
                        0.003215600736439228,
                        494512.125
                    ],
                    [
                        5509640.0,
                        1.6405823771492578e-05,
                        0.005743528250604868,
                        466303.4375
                    ],
                    [
                        5509640.0,
                        1.6405823771492578e-05,
                        0.005743528250604868,
                        466303.4375
                    ],
                    [
                        5069448.0,
                        2.8978191039641388e-05,
                        0.0006789364852011204,
                        506032.28125
                    ],
                    [
                        5574800.0,
                        1.764485568855889e-05,
                        0.005326922982931137,
                        503265.46875
                    ],
                    [
                        1811448.0,
                        2.832559766829945e-05,
                        0.006547329016029835,
                        511753.5625
                    ],
                    [
                        5228728.0,
                        2.7692145522451028e-05,
                        0.00019177634385414422,
                        489897.5625
                    ],
                    [
                        5105648.0,
                        2.680875695659779e-05,
                        0.0001491233124397695,
                        484135.40625
                    ],
                    [
                        5137504.0,
                        2.59872085734969e-05,
                        0.0002625611668918282,
                        463221.75
                    ],
                    [
                        5053520.0,
                        2.521825081203133e-05,
                        0.0004885925445705652,
                        468607.3125
                    ],
                    [
                        4761024.0,
                        2.4519293219782412e-05,
                        0.0010367168579250574,
                        491127.34375
                    ],
                    [
                        4991256.0,
                        2.386243431828916e-05,
                        0.0028569940477609634,
                        492679.28125
                    ]
                ]
            ],
            "actions": [
                [
                    [
                        0.25
                    ],
                    [
                        0.25
                    ],
                    [
                        0.25
                    ],
                    [
                        0.25
                    ],
                    [
                        0.25
                    ],
                    [
                        0.25
                    ],
                    [
                        0.25
                    ],
                    [
                        0.25
                    ],
                    [
                        0.25
                    ],
                    [
                        0.25
                    ],
                    [
                        0.25
                    ],
                    [
                        0.25
                    ],
                    [
                        0.25
                    ],
                    [
                        0.25
                    ],
                    [
                        0.25
                    ],
                    [
                        0.25
                    ],
                    [
                        0.25
                    ],
                    [
                        0.25
                    ],
                    [
                        0.25
                    ],
                    [
                        0.25
                    ]
                ]
            ],
            "returns": [
                [
                    [
                        0.03608226776123047
                    ],
                    [
                        0.03514878451824188
                    ],
                    [
                        0.03421427682042122
                    ],
                    [
                        0.033281709998846054
                    ],
                    [
                        0.03235647454857826
                    ],
                    [
                        0.031426943838596344
                    ],
                    [
                        0.030489977449178696
                    ],
                    [
                        0.029552778229117393
                    ],
                    [
                        0.028619008138775826
                    ],
                    [
                        0.027689101174473763
                    ],
                    [
                        0.02675294503569603
                    ],
                    [
                        0.025816788896918297
                    ],
                    [
                        0.024888014420866966
                    ],
                    [
                        0.023950817063450813
                    ],
                    [
                        0.023113280534744263
                    ],
                    [
                        0.022181764245033264
                    ],
                    [
                        0.021252360194921494
                    ],
                    [
                        0.02032240480184555
                    ],
                    [
                        0.019393909722566605
                    ],
                    [
                        0.018470700830221176
                    ]
                ]
            ],
            "timesteps": [
                [
                    600,
                    601,
                    602,
                    603,
                    604,
                    605,
                    606,
                    607,
                    608,
                    609,
                    610,
                    611,
                    612,
                    613,
                    614,
                    615,
                    616,
                    617,
                    618,
                    619
                ]
            ],
            "labels": [
                [
                    0,
                    0,
                    0,
                    0,
                    0,
                    0,
                    0,
                    0,
                    0,
                    0,
                    0,
                    0,
                    0,
                    0,
                    0,
                    0,
                    0,
                    0,
                    0,
                    0
                ]
            ],
            "CPU Usage": 46.7,
            "RAM Usage": 55.2,
            "GPU Usage": 0.0,
            "VRAM Usage": 355.0,
            "Disk Read Speed (MB/s)": 206640.2841796875,
            "Disk Write Speed (MB/s)": 404544.6962890625
        },
        {
            "step": 2,
            "train_loss": 0.03758346289396286,
            "actions_pred1": [
                [
                    [
                        0.4860643744468689,
                        0.7027780413627625,
                        1.5104560852050781,
                        -2.483471632003784
                    ],
                    [
                        0.6806683540344238,
                        0.9186078310012817,
                        1.4639039039611816,
                        -2.341158866882324
                    ],
                    [
                        0.6980625987052917,
                        0.9873420000076294,
                        1.4551122188568115,
                        -2.1419270038604736
                    ],
                    [
                        0.7766277194023132,
                        1.0640946626663208,
                        1.4909510612487793,
                        -2.2535128593444824
                    ],
                    [
                        0.6748059391975403,
                        1.228863000869751,
                        1.48837411403656,
                        -2.5621888637542725
                    ],
                    [
                        0.7961053848266602,
                        1.3576929569244385,
                        1.490587592124939,
                        -2.8203587532043457
                    ],
                    [
                        0.8236286640167236,
                        1.3161381483078003,
                        1.6015310287475586,
                        -2.8644931316375732
                    ],
                    [
                        0.8446078300476074,
                        1.291937232017517,
                        1.6051039695739746,
                        -2.716890811920166
                    ],
                    [
                        0.6947647333145142,
                        1.3824145793914795,
                        1.6108330488204956,
                        -2.7829055786132812
                    ],
                    [
                        0.6678192615509033,
                        1.1603761911392212,
                        1.5304805040359497,
                        -2.5295023918151855
                    ],
                    [
                        0.7962576150894165,
                        1.094764232635498,
                        1.5731611251831055,
                        -2.496269702911377
                    ],
                    [
                        0.7971209287643433,
                        0.967185378074646,
                        1.684617519378662,
                        -2.756732940673828
                    ],
                    [
                        0.6608642339706421,
                        1.1108074188232422,
                        1.5375876426696777,
                        -2.763597011566162
                    ],
                    [
                        0.7121957540512085,
                        1.1746184825897217,
                        1.5468072891235352,
                        -2.620824098587036
                    ],
                    [
                        0.7902681827545166,
                        1.0696759223937988,
                        1.5240564346313477,
                        -2.5717999935150146
                    ],
                    [
                        0.8334214687347412,
                        1.041111946105957,
                        1.5110814571380615,
                        -2.5513455867767334
                    ],
                    [
                        0.9010500907897949,
                        1.0647821426391602,
                        1.5357955694198608,
                        -2.6119890213012695
                    ],
                    [
                        0.9228476881980896,
                        0.9987965226173401,
                        1.4813555479049683,
                        -2.6771597862243652
                    ],
                    [
                        0.7401348352432251,
                        1.0044361352920532,
                        1.7622110843658447,
                        -3.0312399864196777
                    ],
                    [
                        0.7398384809494019,
                        1.036827802658081,
                        1.7688274383544922,
                        -3.024768352508545
                    ]
                ]
            ],
            "actions_pred": [
                [
                    [
                        0.4860643744468689,
                        0.6806683540344238,
                        0.6980625987052917,
                        0.7766277194023132,
                        0.6748059391975403,
                        0.7961053848266602,
                        0.8236286640167236,
                        0.8446078300476074,
                        0.6947647333145142,
                        0.6678192615509033,
                        0.7962576150894165,
                        0.7971209287643433,
                        0.6608642339706421,
