{
    "steps": [
        {
            "step": 0,
            "train_loss": 0.0001613131898920983,
            "actions_pred1": [
                [
                    [
                        -2.3827672004699707,
                        3.9936845302581787,
                        0.0364261120557785,
                        -4.42369270324707
                    ],
                    [
                        -2.2366573810577393,
                        4.44953727722168,
                        -0.30800384283065796,
                        -3.7649214267730713
                    ],
                    [
                        -2.394838333129883,
                        4.517380714416504,
                        -0.76481032371521,
                        -3.498023509979248
                    ],
                    [
                        -2.4407215118408203,
                        4.603287696838379,
                        -1.0125393867492676,
                        -4.034775733947754
                    ],
                    [
                        -2.361509323120117,
                        4.470266342163086,
                        -1.4756845235824585,
                        -4.3373942375183105
                    ],
                    [
                        -2.1366872787475586,
                        4.739002227783203,
                        -1.3306920528411865,
                        -4.341723442077637
                    ],
                    [
                        -2.097250461578369,
                        4.949991226196289,
                        -1.463257074356079,
                        -4.281177520751953
                    ],
                    [
                        -1.9288440942764282,
                        5.0229315757751465,
                        -1.3793957233428955,
                        -4.039316654205322
                    ],
                    [
                        -1.6956672668457031,
                        4.841497898101807,
                        -1.10480797290802,
                        -4.569468021392822
                    ],
                    [
                        -1.7147492170333862,
                        4.748563289642334,
                        -1.0576599836349487,
                        -4.565672874450684
                    ],
                    [
                        -1.6862268447875977,
                        4.786204814910889,
                        -1.1053587198257446,
                        -4.629667282104492
                    ],
                    [
                        -1.7074708938598633,
                        4.8018317222595215,
                        -1.1195709705352783,
                        -4.689408302307129
                    ],
                    [
                        -1.821572184562683,
                        4.8476715087890625,
                        -1.1457592248916626,
                        -4.674948215484619
                    ],
                    [
                        -1.933048963546753,
                        4.87935209274292,
                        -1.0665717124938965,
                        -4.661558151245117
                    ],
                    [
                        -1.9135286808013916,
                        5.029341697692871,
                        -1.0146950483322144,
                        -4.722998142242432
                    ],
                    [
                        -1.7743290662765503,
                        5.099643707275391,
                        -1.0335111618041992,
                        -4.792202949523926
                    ],
                    [
                        -1.606923222541809,
                        5.011324405670166,
                        -0.9942437410354614,
                        -4.726116180419922
                    ],
                    [
                        -1.542040228843689,
                        4.918431282043457,
                        -1.0974245071411133,
                        -4.766654014587402
                    ],
                    [
                        -1.5248416662216187,
                        4.771481513977051,
                        -1.0967861413955688,
                        -4.710306167602539
                    ],
                    [
                        -1.5626927614212036,
                        4.825614929199219,
                        -1.1163171529769897,
                        -4.572634696960449
                    ]
                ]
            ],
            "actions_pred": [
                [
                    [
                        -2.3827672004699707,
                        -2.2366573810577393,
                        -2.394838333129883,
                        -2.4407215118408203,
                        -2.361509323120117,
                        -2.1366872787475586,
                        -2.097250461578369,
                        -1.9288440942764282,
                        -1.6956672668457031,
                        -1.7147492170333862,
                        -1.6862268447875977,
                        -1.7074708938598633,
                        -1.821572184562683,
                        -1.933048963546753,
                        -1.9135286808013916,
                        -1.7743290662765503,
                        -1.606923222541809,
                        -1.542040228843689,
                        -1.5248416662216187,
                        -1.5626927614212036
                    ],
                    [
                        3.9936845302581787,
                        4.44953727722168,
                        4.517380714416504,
                        4.603287696838379,
                        4.470266342163086,
                        4.739002227783203,
                        4.949991226196289,
                        5.0229315757751465,
                        4.841497898101807,
                        4.748563289642334,
                        4.786204814910889,
                        4.8018317222595215,
                        4.8476715087890625,
                        4.87935209274292,
                        5.029341697692871,
                        5.099643707275391,
                        5.011324405670166,
                        4.918431282043457,
                        4.771481513977051,
                        4.825614929199219
                    ],
                    [
                        0.0364261120557785,
                        -0.30800384283065796,
                        -0.76481032371521,
                        -1.0125393867492676,
                        -1.4756845235824585,
                        -1.3306920528411865,
                        -1.463257074356079,
                        -1.3793957233428955,
                        -1.10480797290802,
                        -1.0576599836349487,
                        -1.1053587198257446,
                        -1.1195709705352783,
                        -1.1457592248916626,
                        -1.0665717124938965,
                        -1.0146950483322144,
                        -1.0335111618041992,
                        -0.9942437410354614,
                        -1.0974245071411133,
                        -1.0967861413955688,
                        -1.1163171529769897
                    ],
                    [
                        -4.42369270324707,
                        -3.7649214267730713,
                        -3.498023509979248,
                        -4.034775733947754,
                        -4.3373942375183105,
                        -4.341723442077637,
                        -4.281177520751953,
                        -4.039316654205322,
                        -4.569468021392822,
                        -4.565672874450684,
                        -4.629667282104492,
                        -4.689408302307129,
                        -4.674948215484619,
                        -4.661558151245117,
                        -4.722998142242432,
                        -4.792202949523926,
                        -4.726116180419922,
                        -4.766654014587402,
                        -4.710306167602539,
                        -4.572634696960449
                    ]
                ]
            ],
            "states": [
                [
                    [
                        6630392.0,
                        1.589785097166896e-05,
                        0.0030998915899544954,
                        575874.875
                    ],
                    [
                        6756368.0,
                        1.5517740393988788e-05,
                        0.00046779168769717216,
                        548346.8125
                    ],
                    [
                        6252464.0,
                        1.5165252079896163e-05,
                        0.0003139808541163802,
                        592422.1875
                    ],
                    [
                        6275632.0,
                        1.4840703443042003e-05,
                        0.0002766261750366539,
                        580548.75
                    ],
                    [
                        5845576.0,
                        1.4539574294758495e-05,
                        0.00026207882910966873,
                        570513.0
                    ],
                    [
                        6198888.0,
                        1.4252340406528674e-05,
                        0.00027697221958078444,
                        604356.0
                    ],
                    [
                        4525000.0,
                        1.4005720004206523e-05,
                        0.00037561735371127725,
                        519198.90625
                    ],
                    [
                        4878312.0,
                        1.3796614439343102e-05,
                        0.000348972505889833,
                        533459.0
                    ],
                    [
                        4776952.0,
                        1.3588255569629837e-05,
                        0.000344088242854923,
                        588163.3125
                    ],
                    [
                        4878312.0,
                        1.3386117643676698e-05,
                        0.00030916635296307504,
                        571568.5625
                    ],
                    [
                        4407712.0,
                        1.3197249245422427e-05,
                        0.00029186115716584027,
                        549308.25
                    ],
                    [
                        4623464.0,
                        1.3018668141739909e-05,
                        0.00031188191496767104,
                        567697.8125
                    ],
                    [
                        5241760.0,
                        1.2829074876208324e-05,
                        0.0003927450452465564,
                        616835.375
                    ],
                    [
                        4287528.0,
                        1.2650972166738939e-05,
                        0.00034627493005245924,
                        586416.5625
                    ],
                    [
                        4679936.0,
                        1.248793432750972e-05,
                        0.00028098482289351523,
                        591184.1875
                    ],
                    [
                        4293320.0,
                        1.2328885532042477e-05,
                        0.0002829945588018745,
                        595186.25
                    ],
                    [
                        2884416.0,
                        1.2204491213196889e-05,
                        0.00027779326774179935,
                        581960.9375
                    ],
                    [
                        4042816.0,
                        1.2086934475519229e-05,
                        0.00029917724896222353,
                        651221.5
                    ],
                    [
                        4267256.0,
                        1.1948805877182167e-05,
                        0.00037997434264980257,
                        587955.875
                    ],
                    [
                        4659664.0,
                        1.1803908819274511e-05,
                        0.00029415389872156084,
                        593533.5625
                    ]
                ]
            ],
            "actions": [
                [
                    [
                        0.5
                    ],
                    [
                        0.5
                    ],
                    [
                        0.5
                    ],
                    [
                        0.5
                    ],
                    [
                        0.5
                    ],
                    [
                        0.5
                    ],
                    [
                        0.5
                    ],
                    [
                        0.5
                    ],
                    [
                        0.5
                    ],
                    [
                        0.5
                    ],
                    [
                        0.5
                    ],
                    [
                        0.5
                    ],
                    [
                        0.5
                    ],
                    [
                        0.5
                    ],
                    [
                        0.5
                    ],
                    [
                        0.5
                    ],
                    [
                        0.5
                    ],
                    [
                        0.5
                    ],
                    [
                        0.5
                    ],
                    [
                        0.5
                    ]
                ]
            ],
            "returns": [
                [
                    [
                        0.4322150647640228
                    ],
                    [
                        0.4312624931335449
                    ],
                    [
                        0.4303082525730133
                    ],
                    [
                        0.42936089634895325
                    ],
                    [
                        0.42841318249702454
                    ],
                    [
                        0.427471786737442
                    ],
                    [
                        0.42652517557144165
                    ],
                    [
                        0.42560648918151855
                    ],
                    [
                        0.4246810972690582
                    ],
                    [
                        0.4237576127052307
                    ],
                    [
                        0.4228322505950928
                    ],
                    [
                        0.42191585898399353
                    ],
                    [
                        0.4209952652454376
                    ],
                    [
                        0.4200635254383087
                    ],
                    [
                        0.41914960741996765
                    ],
                    [
                        0.4182279109954834
                    ],
                    [
                        0.4173138737678528
                    ],
                    [
                        0.4164350926876068
                    ],
                    [
                        0.4155263900756836
                    ],
                    [
                        0.41461288928985596
                    ]
                ]
            ],
            "timesteps": [
                [
                    160,
                    161,
                    162,
                    163,
                    164,
                    165,
                    166,
                    167,
                    168,
                    169,
                    170,
                    171,
                    172,
                    173,
                    174,
                    175,
                    176,
                    177,
                    178,
                    179
                ]
            ],
            "labels": [
                [
                    1,
                    1,
                    1,
                    1,
                    1,
                    1,
                    1,
                    1,
                    1,
                    1,
                    1,
                    1,
                    1,
                    1,
                    1,
                    1,
                    1,
                    1,
                    1,
                    1
                ]
            ],
            "CPU Usage": 45.4,
            "RAM Usage": 55.0,
            "GPU Usage": 0.0,
            "VRAM Usage": 355.0,
            "Disk Read Speed (MB/s)": 206652.5068359375,
            "Disk Write Speed (MB/s)": 426324.5244140625
        },
        {
            "step": 1,
            "train_loss": 0.008016027510166168,
            "actions_pred1": [
                [
                    [
                        1.7060010433197021,
                        0.5015333890914917,
                        1.6560313701629639,
                        -4.260115623474121
                    ],
                    [
                        2.024245023727417,
                        0.9399524331092834,
                        1.6889805793762207,
                        -4.395853042602539
                    ],
                    [
                        2.299877166748047,
                        2.117699146270752,
                        1.6135351657867432,
                        -4.735227584838867
                    ],
                    [
                        3.3410074710845947,
                        2.119596481323242,
                        1.346591830253601,
                        -4.907894134521484
                    ],
                    [
                        3.8144688606262207,
                        1.2249394655227661,
                        1.470048189163208,
                        -5.628868103027344
                    ],
                    [
                        4.10442590713501,
                        1.2257732152938843,
                        1.7786434888839722,
                        -6.220581531524658
                    ],
                    [
                        4.118306636810303,
                        1.4615728855133057,
                        1.7369353771209717,
                        -6.4256391525268555
                    ],
                    [
                        4.002562046051025,
                        1.9963531494140625,
                        1.570195198059082,
                        -6.572461128234863
                    ],
                    [
                        4.047991752624512,
                        1.841374397277832,
                        1.3345012664794922,
                        -6.406588554382324
                    ],
                    [
                        4.544286727905273,
                        1.6913402080535889,
                        1.3609853982925415,
                        -6.353809833526611
                    ],
                    [
                        4.627989768981934,
                        1.7518268823623657,
                        1.516401767730713,
                        -6.835013389587402
                    ],
                    [
                        4.795819282531738,
                        1.7121728658676147,
                        1.7396843433380127,
                        -6.806504249572754
                    ],
                    [
                        4.532190799713135,
                        1.8000770807266235,
                        1.9462534189224243,
                        -6.7437849044799805
                    ],
                    [
                        4.386270999908447,
                        1.8766146898269653,
                        2.037186861038208,
                        -6.723940849304199
                    ],
                    [
                        4.333062648773193,
                        2.086219310760498,
                        1.9825948476791382,
                        -6.6841583251953125
                    ],
                    [
                        4.328640460968018,
                        1.9664627313613892,
                        1.9809634685516357,
                        -6.905030250549316
                    ],
                    [
                        4.241364002227783,
                        1.935896873474121,
                        2.031407356262207,
                        -6.86884880065918
                    ],
                    [
                        4.141615390777588,
                        1.8234341144561768,
                        1.7912994623184204,
                        -6.637379169464111
                    ],
                    [
                        4.302027702331543,
                        1.5476863384246826,
                        1.8493061065673828,
                        -6.551204204559326
                    ],
                    [
                        4.411982536315918,
                        1.7710163593292236,
                        1.8332600593566895,
                        -6.7149763107299805
                    ]
                ]
            ],
            "actions_pred": [
                [
                    [
                        1.7060010433197021,
                        2.024245023727417,
                        2.299877166748047,
                        3.3410074710845947,
                        3.8144688606262207,
                        4.10442590713501,
                        4.118306636810303,
                        4.002562046051025,
                        4.047991752624512,
                        4.544286727905273,
                        4.627989768981934,
                        4.795819282531738,
                        4.532190799713135,
                        4.386270999908447,
                        4.333062648773193,
                        4.328640460968018,
                        4.241364002227783,
                        4.141615390777588,
                        4.302027702331543,
                        4.411982536315918
                    ],
                    [
                        0.5015333890914917,
                        0.9399524331092834,
                        2.117699146270752,
                        2.119596481323242,
                        1.2249394655227661,
                        1.2257732152938843,
                        1.4615728855133057,
                        1.9963531494140625,
                        1.841374397277832,
                        1.6913402080535889,
                        1.7518268823623657,
                        1.7121728658676147,
                        1.8000770807266235,
                        1.8766146898269653,
                        2.086219310760498,
                        1.9664627313613892,
                        1.935896873474121,
                        1.8234341144561768,
                        1.5476863384246826,
                        1.7710163593292236
                    ],
                    [
                        1.6560313701629639,
                        1.6889805793762207,
                        1.6135351657867432,
                        1.346591830253601,
                        1.470048189163208,
                        1.7786434888839722,
                        1.7369353771209717,
                        1.570195198059082,
                        1.3345012664794922,
                        1.3609853982925415,
                        1.516401767730713,
                        1.7396843433380127,
                        1.9462534189224243,
                        2.037186861038208,
                        1.9825948476791382,
                        1.9809634685516357,
                        2.031407356262207,
                        1.7912994623184204,
                        1.8493061065673828,
                        1.8332600593566895
                    ],
                    [
                        -4.260115623474121,
                        -4.395853042602539,
                        -4.735227584838867,
                        -4.907894134521484,
                        -5.628868103027344,
                        -6.220581531524658,
                        -6.4256391525268555,
                        -6.572461128234863,
                        -6.406588554382324,
                        -6.353809833526611,
                        -6.835013389587402,
                        -6.806504249572754,
                        -6.7437849044799805,
                        -6.723940849304199,
                        -6.6841583251953125,
                        -6.905030250549316,
                        -6.86884880065918,
                        -6.637379169464111,
                        -6.551204204559326,
                        -6.7149763107299805
                    ]
                ]
            ],
            "states": [
                [
                    [
                        9174528.0,
                        1.5287421774701215e-05,
                        0.00015401413838844746,
                        462799.78125
                    ],
                    [
                        9721872.0,
                        1.4988291695772205e-05,
                        0.00014908269804436713,
                        471413.40625
                    ],
                    [
                        8650352.0,
                        1.4708337403135374e-05,
                        0.00013771618250757456,
                        476596.0
                    ],
                    [
                        9385704.0,
                        1.4443650798057206e-05,
                        0.000157010683324188,
                        448618.75
                    ],
                    [
                        9197696.0,
                        1.4180617654346861e-05,
                        0.00013674897491000593,
                        456343.53125
                    ],
                    [
                        9271544.0,
                        1.392852846038295e-05,
                        0.000155533998622559,
                        449987.3125
                    ],
                    [
                        8570712.0,
                        1.3693322216568049e-05,
                        0.00014997956168372184,
                        453578.0625
                    ],
                    [
                        9304848.0,
                        1.346561111859046e-05,
                        0.0001673756050877273,
                        435181.0625
                    ],
                    [
                        8921128.0,
                        1.3241030501376372e-05,
                        0.00015327449364122003,
                        460544.8125
                    ],
                    [
                        8646008.0,
                        1.303156568610575e-05,
                        0.00015547996736131608,
                        463163.09375
                    ],
                    [
                        8767640.0,
                        1.2830393643525895e-05,
                        0.00015675314352847636,
                        458172.0625
                    ],
                    [
                        8076944.0,
                        1.2641571629501414e-05,
                        0.00016837925068102777,
                        477030.90625
                    ],
                    [
                        8123280.0,
                        1.2465176951081958e-05,
                        0.00015461879957001656,
                        493767.40625
                    ],
                    [
                        8650352.0,
                        1.228769360750448e-05,
                        0.00016164440603461117,
                        451473.28125
                    ],
                    [
                        7982824.0,
                        1.211656035593478e-05,
                        0.00016790036170277745,
                        481186.15625
                    ],
                    [
                        7248688.0,
                        1.1963955330429599e-05,
                        0.00016397373110521585,
                        490311.46875
                    ],
                    [
                        7208144.0,
                        1.1822661690530367e-05,
                        0.00017705760546959937,
                        472943.71875
                    ],
                    [
                        7193664.0,
                        1.1685199751809705e-05,
                        0.000179134716745466,
                        469996.125
                    ],
                    [
                        6442152.0,
                        1.1557923244254198e-05,
                        0.00016420705651398748,
                        470480.40625
                    ],
                    [
                        6989496.0,
                        1.1435274245741311e-05,
                        0.00018320638628210872,
                        451753.78125
                    ]
                ]
            ],
            "actions": [
                [
                    [
                        0.25
                    ],
                    [
                        0.25
                    ],
                    [
                        0.25
                    ],
                    [
                        0.25
                    ],
                    [
                        0.25
                    ],
                    [
                        0.25
                    ],
                    [
                        0.25
                    ],
                    [
                        0.25
                    ],
                    [
                        0.25
                    ],
                    [
                        0.25
                    ],
                    [
                        0.25
                    ],
                    [
                        0.25
                    ],
                    [
                        0.25
                    ],
                    [
                        0.25
                    ],
                    [
                        0.25
                    ],
                    [
                        0.25
                    ],
                    [
                        0.25
                    ],
                    [
                        0.25
                    ],
                    [
                        0.25
                    ],
                    [
                        0.25
                    ]
                ]
            ],
            "returns": [
                [
                    [
                        0.2469175159931183
                    ],
                    [
                        0.24593615531921387
                    ],
                    [
                        0.24494965374469757
                    ],
                    [
                        0.2439734935760498
                    ],
                    [
                        0.24299012124538422
                    ],
                    [
                        0.2420085221529007
                    ],
                    [
                        0.24102622270584106
                    ],
                    [
                        0.24005089700222015
                    ],
                    [
                        0.23906828463077545
                    ],
                    [
                        0.2380893975496292
                    ],
                    [
                        0.23711329698562622
                    ],
                    [
                        0.23613594472408295
                    ],
                    [
                        0.23516587913036346
                    ],
                    [
                        0.2341953068971634
                    ],
                    [
                        0.23321916162967682
                    ],
                    [
                        0.2322501242160797
                    ],
                    [
                        0.23128965497016907
                    ],
                    [
                        0.23032966256141663
                    ],
                    [
                        0.2293698638677597
                    ],
                    [
                        0.22841985523700714
                    ]
                ]
            ],
            "timesteps": [
                [
                    360,
                    361,
                    362,
                    363,
                    364,
                    365,
                    366,
                    367,
                    368,
                    369,
                    370,
                    371,
                    372,
                    373,
                    374,
                    375,
                    376,
                    377,
                    378,
                    379
                ]
            ],
            "labels": [
                [
                    0,
                    0,
                    0,
                    0,
                    0,
                    0,
                    0,
                    0,
                    0,
                    0,
                    0,
                    0,
                    0,
                    0,
                    0,
                    0,
                    0,
                    0,
                    0,
                    0
                ]
            ],
            "CPU Usage": 46.7,
            "RAM Usage": 55.1,
            "GPU Usage": 0.0,
            "VRAM Usage": 355.0,
            "Disk Read Speed (MB/s)": 206652.5068359375,
            "Disk Write Speed (MB/s)": 426324.7080078125
        },
        {
            "step": 2,
            "train_loss": 0.002119941171258688,
            "actions_pred1": [
                [
                    [
                        0.031407713890075684,
                        1.4413046836853027,
                        3.906707525253296,
                        -5.356192111968994
                    ],
                    [
                        0.5146797895431519,
                        1.7888014316558838,
                        4.046884536743164,
                        -6.160383224487305
                    ],
                    [
                        0.5206300616264343,
                        1.96498703956604,
                        4.458847999572754,
                        -6.523150444030762
                    ],
                    [
                        0.5253815650939941,
                        1.636476993560791,
                        4.645994186401367,
                        -6.273989677429199
                    ],
                    [
                        0.5321043729782104,
                        1.9672863483428955,
                        4.661495208740234,
                        -6.483867645263672
                    ],
                    [
                        0.10431835800409317,
                        1.6561051607131958,
                        4.533377647399902,
                        -6.202164649963379
                    ],
                    [
                        -0.13819894194602966,
                        1.5734310150146484,
                        4.698259353637695,
                        -6.15639591217041
                    ],
                    [
                        -0.18996024131774902,
                        1.840601921081543,
                        4.668464660644531,
                        -6.0602827072143555
                    ],
                    [
                        -0.11410550028085709,
                        1.538353443145752,
                        4.674881458282471,
                        -6.36208438873291
                    ],
                    [
                        -0.18494224548339844,
                        1.5741429328918457,
                        4.5428361892700195,
                        -6.725772857666016
                    ],
                    [
                        -0.22573941946029663,
                        1.438035488128662,
                        4.471850395202637,
                        -6.912642478942871
                    ],
                    [
                        -0.2034120261669159,
                        1.439659595489502,
                        4.438823699951172,
                        -7.00283145904541
                    ],
                    [
                        -0.13818441331386566,
                        1.4374847412109375,
                        4.62008810043335,
                        -6.991647720336914
                    ],
                    [
                        -0.151373028755188,
                        1.1854028701782227,
                        4.618701457977295,
                        -7.155941009521484
                    ],
                    [
                        -0.031469762325286865,
                        1.1805880069732666,
                        4.390269756317139,
                        -6.960237979888916
                    ],
                    [
                        -0.06887412816286087,
                        1.3678611516952515,
                        4.317313194274902,
                        -6.8067946434021
                    ],
                    [
                        -0.11587639153003693,
                        1.312554955482483,
                        4.251748085021973,
                        -6.854758262634277
                    ],
                    [
                        -0.08000077307224274,
                        1.4150604009628296,
                        4.255885124206543,
                        -6.978869438171387
                    ],
                    [
                        -0.06732180714607239,
                        1.5865623950958252,
                        4.360739707946777,
                        -7.16533088684082
                    ],
                    [
                        -0.1436014175415039,
                        1.7642680406570435,
                        4.405519485473633,
                        -6.999021053314209
                    ]
                ]
            ],
            "actions_pred": [
                [
                    [
                        0.031407713890075684,
                        0.5146797895431519,
                        0.5206300616264343,
                        0.5253815650939941,
                        0.5321043729782104,
                        0.10431835800409317,
                        -0.13819894194602966,
                        -0.18996024131774902,
                        -0.11410550028085709,
                        -0.18494224548339844,
                        -0.22573941946029663,
                        -0.2034120261669159,
                        -0.13818441331386566,
