{
    "steps": [
        {
            "step": 0,
            "train_loss": 0.03525792807340622,
            "actions_pred1": [
                [
                    [
                        0.18632131814956665,
                        0.7673459053039551,
                        0.33425769209861755,
                        -0.44683125615119934
                    ],
                    [
                        0.5538866519927979,
                        0.5765670537948608,
                        0.39307981729507446,
                        -0.561141848564148
                    ],
                    [
                        0.4337097406387329,
                        0.5882277488708496,
                        0.360545814037323,
                        -0.4745911955833435
                    ],
                    [
                        0.42310965061187744,
                        0.5822127461433411,
                        0.3733517527580261,
                        -0.5036606788635254
                    ],
                    [
                        0.4021737277507782,
                        0.5025302171707153,
                        0.35330188274383545,
                        -0.5300284624099731
                    ],
                    [
                        0.3133595883846283,
                        0.46748271584510803,
                        0.5834910273551941,
                        -0.44559431076049805
                    ],
                    [
                        0.4199346899986267,
                        0.3559047281742096,
                        0.6345137357711792,
                        -0.3713810443878174
                    ],
                    [
                        0.4415789544582367,
                        0.3674882650375366,
                        0.6035482883453369,
                        -0.3829471468925476
                    ],
                    [
                        0.3697187006473541,
                        0.42575985193252563,
                        0.5912007689476013,
                        -0.4598918557167053
                    ],
                    [
                        0.3511236011981964,
                        0.49718958139419556,
                        0.525410532951355,
                        -0.3920557200908661
                    ],
                    [
                        0.3549181818962097,
                        0.5086521506309509,
                        0.5665372014045715,
                        -0.35469403862953186
                    ],
                    [
                        0.33788764476776123,
                        0.4968034625053406,
                        0.4913524389266968,
                        -0.5035995244979858
                    ],
                    [
                        0.25552743673324585,
                        0.48746633529663086,
                        0.42767003178596497,
                        -0.456182599067688
                    ],
                    [
                        0.2566148638725281,
                        0.489827960729599,
                        0.5339987277984619,
                        -0.43759071826934814
                    ],
                    [
                        0.12582771480083466,
                        0.20122000575065613,
                        0.806016206741333,
                        -0.5137457847595215
                    ],
                    [
                        0.1865139752626419,
                        0.39066049456596375,
                        0.8028703331947327,
                        -0.5532147884368896
                    ],
                    [
                        0.15641260147094727,
                        0.4234631061553955,
                        0.723731517791748,
                        -0.507759690284729
                    ],
                    [
                        0.23245322704315186,
                        0.4960643947124481,
                        0.6226205229759216,
                        -0.6518431305885315
                    ],
                    [
                        0.0865454226732254,
                        0.6404416561126709,
                        0.7184436321258545,
                        -0.7340400218963623
                    ],
                    [
                        0.20491060614585876,
                        0.5775657892227173,
                        0.6570094227790833,
                        -0.618151068687439
                    ]
                ]
            ],
            "actions_pred": [
                [
                    [
                        0.18632131814956665,
                        0.5538866519927979,
                        0.4337097406387329,
                        0.42310965061187744,
                        0.4021737277507782,
                        0.3133595883846283,
                        0.4199346899986267,
                        0.4415789544582367,
                        0.3697187006473541,
                        0.3511236011981964,
                        0.3549181818962097,
                        0.33788764476776123,
                        0.25552743673324585,
                        0.2566148638725281,
                        0.12582771480083466,
                        0.1865139752626419,
                        0.15641260147094727,
                        0.23245322704315186,
                        0.0865454226732254,
                        0.20491060614585876
                    ],
                    [
                        0.7673459053039551,
                        0.5765670537948608,
                        0.5882277488708496,
                        0.5822127461433411,
                        0.5025302171707153,
                        0.46748271584510803,
                        0.3559047281742096,
                        0.3674882650375366,
                        0.42575985193252563,
                        0.49718958139419556,
                        0.5086521506309509,
                        0.4968034625053406,
                        0.48746633529663086,
                        0.489827960729599,
                        0.20122000575065613,
                        0.39066049456596375,
                        0.4234631061553955,
                        0.4960643947124481,
                        0.6404416561126709,
                        0.5775657892227173
                    ],
                    [
                        0.33425769209861755,
                        0.39307981729507446,
                        0.360545814037323,
                        0.3733517527580261,
                        0.35330188274383545,
                        0.5834910273551941,
                        0.6345137357711792,
                        0.6035482883453369,
                        0.5912007689476013,
                        0.525410532951355,
                        0.5665372014045715,
                        0.4913524389266968,
                        0.42767003178596497,
                        0.5339987277984619,
                        0.806016206741333,
                        0.8028703331947327,
                        0.723731517791748,
                        0.6226205229759216,
                        0.7184436321258545,
                        0.6570094227790833
                    ],
                    [
                        -0.44683125615119934,
                        -0.561141848564148,
                        -0.4745911955833435,
                        -0.5036606788635254,
                        -0.5300284624099731,
                        -0.44559431076049805,
                        -0.3713810443878174,
                        -0.3829471468925476,
                        -0.4598918557167053,
                        -0.3920557200908661,
                        -0.35469403862953186,
                        -0.5035995244979858,
                        -0.456182599067688,
                        -0.43759071826934814,
                        -0.5137457847595215,
                        -0.5532147884368896,
                        -0.507759690284729,
                        -0.6518431305885315,
                        -0.7340400218963623,
                        -0.618151068687439
                    ]
                ]
            ],
            "states": [
                [
                    [
                        5334432.0,
                        2.079466503346339e-05,
                        0.00026978878304362297,
                        822567.125
                    ],
                    [
                        5450272.0,
                        2.0477313228184357e-05,
                        0.00027627943200059235,
                        856531.375
                    ],
                    [
                        5496608.0,
                        2.0164978195680305e-05,
                        0.00025924446526914835,
                        796247.875
                    ],
                    [
                        5340224.0,
                        1.901392352010589e-05,
                        0.006524195894598961,
                        835512.25
                    ],
                    [
                        5366288.0,
                        1.8750137314782478e-05,
                        0.002146858023479581,
                        813363.3125
                    ],
                    [
                        5389456.0,
                        1.8492408344172873e-05,
                        0.0023773028515279293,
                        845072.375
                    ],
                    [
                        5118680.0,
                        1.8247363186674193e-05,
                        0.0020079242531210184,
                        804446.8125
                    ],
                    [
                        5463304.0,
                        1.8007134713116102e-05,
                        0.0019139255164191127,
                        824885.1875
                    ],
                    [
                        5337328.0,
                        1.7768334146239795e-05,
                        0.0013429223326966166,
                        814676.0
                    ],
                    [
                        5398144.0,
                        1.753715696395375e-05,
                        0.0011628043139353395,
                        805373.25
                    ],
                    [
                        5337328.0,
                        1.7311906049144454e-05,
                        0.0009117702720686793,
                        826102.5
                    ],
                    [
                        5053520.0,
                        1.709933530946728e-05,
                        0.000803604198154062,
                        828294.75
                    ],
                    [
                        5891912.0,
                        1.6881092960829847e-05,
                        0.000699773314408958,
                        791778.0625
                    ],
                    [
                        5104200.0,
                        1.6667219824739732e-05,
                        0.0006680691731162369,
                        868015.875
                    ],
                    [
                        5372080.0,
                        1.646851160330698e-05,
                        0.0005246230284683406,
                        748358.1875
                    ],
                    [
                        5262032.0,
                        1.6271596905426122e-05,
                        0.00046889804070815444,
                        796238.875
                    ],
                    [
                        5473440.0,
                        1.6077548934845254e-05,
                        0.00035997320082969964,
                        812237.5625
                    ],
                    [
                        4978224.0,
                        1.589297789905686e-05,
                        0.00037329201586544514,
                        806297.3125
                    ],
                    [
                        5450272.0,
                        1.571305256220512e-05,
                        0.00029995679506100714,
                        802099.3125
                    ],
                    [
                        5424208.0,
                        1.5529669326497242e-05,
                        0.0002722619683481753,
                        836648.625
                    ]
                ]
            ],
            "actions": [
                [
                    [
                        0.75
                    ],
                    [
                        0.75
                    ],
                    [
                        0.75
                    ],
                    [
                        0.75
                    ],
                    [
                        0.75
                    ],
                    [
                        0.75
                    ],
                    [
                        0.75
                    ],
                    [
                        0.75
                    ],
                    [
                        0.75
                    ],
                    [
                        0.75
                    ],
                    [
                        0.75
                    ],
                    [
                        0.75
                    ],
                    [
                        0.75
                    ],
                    [
                        0.75
                    ],
                    [
                        0.75
                    ],
                    [
                        0.75
                    ],
                    [
                        0.75
                    ],
                    [
                        0.75
                    ],
                    [
                        0.75
                    ],
                    [
                        0.75
                    ]
                ]
            ],
            "returns": [
                [
                    [
                        0.3232199251651764
                    ],
                    [
                        0.3222866356372833
                    ],
                    [
                        0.32135143876075745
                    ],
                    [
                        0.3204154968261719
                    ],
                    [
                        0.31948211789131165
                    ],
                    [
                        0.3185482919216156
                    ],
                    [
                        0.3176141083240509
                    ],
                    [
                        0.31668445467948914
                    ],
                    [
                        0.31574904918670654
                    ],
                    [
                        0.3148157298564911
                    ],
                    [
                        0.31388136744499207
                    ],
                    [
                        0.3129480481147766
                    ],
                    [
                        0.3120195269584656
                    ],
                    [
                        0.31107744574546814
                    ],
                    [
                        0.31014806032180786
                    ],
                    [
                        0.30921414494514465
                    ],
                    [
                        0.3082820773124695
                    ],
                    [
                        0.30734649300575256
                    ],
                    [
                        0.306419312953949
                    ],
                    [
                        0.3054841458797455
                    ]
                ]
            ],
            "timesteps": [
                [
                    280,
                    281,
                    282,
                    283,
                    284,
                    285,
                    286,
                    287,
                    288,
                    289,
                    290,
                    291,
                    292,
                    293,
                    294,
                    295,
                    296,
                    297,
                    298,
                    299
                ]
            ],
            "labels": [
                [
                    2,
                    2,
                    2,
                    2,
                    2,
                    2,
                    2,
                    2,
                    2,
                    2,
                    2,
                    2,
                    2,
                    2,
                    2,
                    2,
                    2,
                    2,
                    2,
                    2
                ]
            ],
            "CPU Usage": 45.9,
            "RAM Usage": 55.1,
            "GPU Usage": 0.0,
            "VRAM Usage": 355.0,
            "Disk Read Speed (MB/s)": 206066.5009765625,
            "Disk Write Speed (MB/s)": 368736.4970703125
        },
        {
            "step": 1,
            "train_loss": 0.03469940274953842,
            "actions_pred1": [
                [
                    [
                        0.6446950435638428,
                        0.3986772298812866,
                        0.3577113151550293,
                        -0.40836793184280396
                    ],
                    [
                        0.5731214880943298,
                        0.5795232057571411,
                        0.4107511341571808,
                        -0.3547852039337158
                    ],
                    [
                        0.6068330407142639,
                        0.6108422875404358,
                        0.4045562148094177,
                        -0.5058403015136719
                    ],
                    [
                        0.5726652145385742,
                        0.5484127998352051,
                        0.29097479581832886,
                        -0.5395342707633972
                    ],
                    [
                        0.3423357605934143,
                        0.7603137493133545,
                        0.5114893913269043,
                        -0.6595950722694397
                    ],
                    [
                        0.22543826699256897,
                        0.5572680830955505,
                        0.5654324889183044,
                        -0.6079310774803162
                    ],
                    [
                        0.4393562078475952,
                        0.5894381403923035,
                        0.6044766306877136,
                        -0.47791457176208496
                    ],
                    [
                        0.6715651750564575,
                        0.3535017967224121,
                        0.6686447858810425,
                        -0.6323879957199097
                    ],
                    [
                        0.46805816888809204,
                        0.4891386330127716,
                        0.8302608728408813,
                        -0.6644425392150879
                    ],
                    [
                        0.36819252371788025,
                        0.5318586826324463,
                        0.7783674001693726,
                        -0.613776683807373
                    ],
                    [
                        0.4818771481513977,
                        0.4331907033920288,
                        0.6528472900390625,
                        -0.6255954504013062
                    ],
                    [
                        0.5452510714530945,
                        0.5174346566200256,
                        0.7264008522033691,
                        -0.5413457751274109
                    ],
                    [
                        0.49377089738845825,
                        0.479611873626709,
                        0.6950215101242065,
                        -0.6002129316329956
                    ],
                    [
                        0.41084155440330505,
                        0.3379758894443512,
                        0.7212299704551697,
                        -0.6304124593734741
                    ],
                    [
                        0.3680593967437744,
                        0.39019444584846497,
                        0.6741112470626831,
                        -0.5526904463768005
                    ],
                    [
                        0.31687840819358826,
                        0.4062425494194031,
                        0.6366881728172302,
                        -0.42180511355400085
                    ],
                    [
                        0.4081078767776489,
                        0.4487563967704773,
                        0.6897792220115662,
                        -0.4024689793586731
                    ],
                    [
                        0.44962844252586365,
                        0.454719603061676,
                        0.7748415470123291,
                        -0.3650854825973511
                    ],
                    [
                        0.5112139582633972,
                        0.5174809098243713,
                        0.9841312766075134,
                        -0.48807936906814575
                    ],
                    [
                        0.48659548163414,
                        0.4731748104095459,
                        0.8498119115829468,
                        -0.5416680574417114
                    ]
                ]
            ],
            "actions_pred": [
                [
                    [
                        0.6446950435638428,
                        0.5731214880943298,
                        0.6068330407142639,
                        0.5726652145385742,
                        0.3423357605934143,
                        0.22543826699256897,
                        0.4393562078475952,
                        0.6715651750564575,
                        0.46805816888809204,
                        0.36819252371788025,
                        0.4818771481513977,
                        0.5452510714530945,
                        0.49377089738845825,
                        0.41084155440330505,
                        0.3680593967437744,
                        0.31687840819358826,
                        0.4081078767776489,
                        0.44962844252586365,
                        0.5112139582633972,
                        0.48659548163414
                    ],
                    [
                        0.3986772298812866,
                        0.5795232057571411,
                        0.6108422875404358,
                        0.5484127998352051,
                        0.7603137493133545,
                        0.5572680830955505,
                        0.5894381403923035,
                        0.3535017967224121,
                        0.4891386330127716,
                        0.5318586826324463,
                        0.4331907033920288,
                        0.5174346566200256,
                        0.479611873626709,
                        0.3379758894443512,
                        0.39019444584846497,
                        0.4062425494194031,
                        0.4487563967704773,
                        0.454719603061676,
                        0.5174809098243713,
                        0.4731748104095459
                    ],
                    [
                        0.3577113151550293,
                        0.4107511341571808,
                        0.4045562148094177,
                        0.29097479581832886,
                        0.5114893913269043,
                        0.5654324889183044,
                        0.6044766306877136,
                        0.6686447858810425,
                        0.8302608728408813,
                        0.7783674001693726,
                        0.6528472900390625,
                        0.7264008522033691,
                        0.6950215101242065,
                        0.7212299704551697,
                        0.6741112470626831,
                        0.6366881728172302,
                        0.6897792220115662,
                        0.7748415470123291,
                        0.9841312766075134,
                        0.8498119115829468
                    ],
                    [
                        -0.40836793184280396,
                        -0.3547852039337158,
                        -0.5058403015136719,
                        -0.5395342707633972,
                        -0.6595950722694397,
                        -0.6079310774803162,
                        -0.47791457176208496,
                        -0.6323879957199097,
                        -0.6644425392150879,
                        -0.613776683807373,
                        -0.6255954504013062,
                        -0.5413457751274109,
                        -0.6002129316329956,
                        -0.6304124593734741,
                        -0.5526904463768005,
                        -0.42180511355400085,
                        -0.4024689793586731,
                        -0.3650854825973511,
                        -0.48807936906814575,
                        -0.5416680574417114
                    ]
                ]
            ],
            "states": [
                [
                    [
                        5325744.0,
                        3.011092121596448e-05,
                        0.00027277067420072854,
                        851925.625
                    ],
                    [
                        5357600.0,
                        2.9456161428242922e-05,
                        0.00027305487310513854,
                        832487.0625
                    ],
                    [
                        5618240.0,
                        2.881258842535317e-05,
                        0.0002689558023121208,
                        866650.0
                    ],
                    [
                        5764488.0,
                        2.8174086764920503e-05,
                        0.0002797737834043801,
                        885137.0
                    ],
                    [
                        5370632.0,
                        2.7576063075684942e-05,
                        0.00025503398501314223,
                        827897.4375
                    ],
                    [
                        5432896.0,
                        2.7019848857889883e-05,
                        0.00027816780493594706,
                        880666.4375
                    ],
                    [
                        5364840.0,
                        2.6485795387998223e-05,
                        0.00026209698989987373,
                        834819.0
                    ],
                    [
                        5233072.0,
                        2.598174069134984e-05,
                        0.0002851165772881359,
                        880287.1875
                    ],
                    [
                        5114336.0,
                        2.5507837563054636e-05,
                        0.000267517170868814,
                        884475.5
                    ],
                    [
                        5458960.0,
                        2.504124859115109e-05,
                        0.00027258697082288563,
                        833080.1875
                    ],
                    [
                        5170808.0,
                        2.4588902306277305e-05,
                        0.00027191461413167417,
                        830618.8125
                    ],
                    [
                        5131712.0,
                        2.416586175968405e-05,
                        0.00027577357832342386,
                        795031.0
                    ],
                    [
                        5137504.0,
                        2.3758442694088444e-05,
                        0.00027702987426891923,
                        830415.5625
                    ],
                    [
                        5460408.0,
                        2.3352160496870056e-05,
                        0.0002779100905172527,
                        812805.0
                    ],
                    [
                        5332984.0,
                        2.2952330255066045e-05,
                        0.00026160795823670924,
                        784998.0
                    ],
                    [
                        5464752.0,
                        2.256591324112378e-05,
                        0.0002753763983491808,
                        843504.25
                    ],
                    [
                        5461856.0,
                        2.2187881768331863e-05,
                        0.0002731475979089737,
                        901654.0625
                    ],
                    [
                        5571904.0,
                        2.181875788664911e-05,
                        0.0002628508664201945,
                        880942.125
                    ],
                    [
                        5370632.0,
                        2.146460974472575e-05,
                        0.00026417680783197284,
                        856475.0625
                    ],
                    [
                        5508192.0,
                        2.1123838450876065e-05,
                        0.0002805523981805891,
                        865747.5
                    ]
                ]
            ],
            "actions": [
                [
                    [
                        0.75
                    ],
                    [
                        0.75
                    ],
                    [
                        0.75
                    ],
                    [
                        0.75
                    ],
                    [
                        0.75
                    ],
                    [
                        0.75
                    ],
                    [
                        0.75
                    ],
                    [
                        0.75
                    ],
                    [
                        0.75
                    ],
                    [
                        0.75
                    ],
                    [
                        0.75
                    ],
                    [
                        0.75
                    ],
                    [
                        0.75
                    ],
                    [
                        0.75
                    ],
                    [
                        0.75
                    ],
                    [
                        0.75
                    ],
                    [
                        0.75
                    ],
                    [
                        0.75
                    ],
                    [
                        0.75
                    ],
                    [
                        0.75
                    ]
                ]
            ],
            "returns": [
                [
                    [
                        0.34190085530281067
                    ],
                    [
                        0.34096771478652954
                    ],
                    [
                        0.34003403782844543
                    ],
                    [
                        0.3390961289405823
                    ],
                    [
                        0.33815598487854004
                    ],
                    [
                        0.33722206950187683
                    ],
                    [
                        0.33628717064857483
                    ],
                    [
                        0.33535337448120117
                    ],
                    [
                        0.3344217836856842
                    ],
                    [
                        0.3334922194480896
                    ],
                    [
                        0.33255690336227417
                    ],
                    [
                        0.33162635564804077
                    ],
                    [
                        0.3306964933872223
                    ],
                    [
                        0.32976654171943665
                    ],
                    [
                        0.32883119583129883
                    ],
                    [
                        0.32789793610572815
                    ],
                    [
                        0.32696250081062317
                    ],
                    [
                        0.3260270953178406
                    ],
                    [
                        0.3250899612903595
                    ],
                    [
                        0.3241560757160187
                    ]
                ]
            ],
            "timesteps": [
                [
                    260,
                    261,
                    262,
                    263,
                    264,
                    265,
                    266,
                    267,
                    268,
                    269,
                    270,
                    271,
                    272,
                    273,
                    274,
                    275,
                    276,
                    277,
                    278,
                    279
                ]
            ],
            "labels": [
                [
                    2,
                    2,
                    2,
                    2,
                    2,
                    2,
                    2,
                    2,
                    2,
                    2,
                    2,
                    2,
                    2,
                    2,
                    2,
                    2,
                    2,
                    2,
                    2,
                    2
                ]
            ],
            "CPU Usage": 46.7,
            "RAM Usage": 55.3,
            "GPU Usage": 0.0,
            "VRAM Usage": 355.0,
            "Disk Read Speed (MB/s)": 206066.5009765625,
            "Disk Write Speed (MB/s)": 368736.6884765625
        },
        {
            "step": 2,
            "train_loss": 0.0342688225209713,
            "actions_pred1": [
                [
                    [
                        0.3532254993915558,
                        0.4723852276802063,
                        0.6574809551239014,
                        -0.5674260854721069
                    ],
                    [
                        0.3622651696205139,
                        0.5014373064041138,
                        0.6776064038276672,
                        -0.618193507194519
                    ],
                    [
                        0.3128293752670288,
                        0.5517680644989014,
                        0.7522592544555664,
                        -0.7663660049438477
                    ],
                    [
                        0.20439934730529785,
                        0.5753191113471985,
                        0.6965768337249756,
                        -0.7724679112434387
                    ],
                    [
                        0.18571649491786957,
                        0.7534371614456177,
                        0.5953108072280884,
                        -0.8363404870033264
                    ],
                    [
                        0.27991846203804016,
                        0.6450775861740112,
                        0.6400826573371887,
                        -0.7444555759429932
                    ],
                    [
                        0.40386098623275757,
                        0.6689886450767517,
                        0.5527944564819336,
                        -0.6669219732284546
                    ],
                    [
                        0.11986012756824493,
                        0.7408260107040405,
                        0.848807692527771,
                        -0.6756094694137573
                    ],
                    [
                        0.09235933423042297,
                        0.8123797178268433,
                        0.9313156008720398,
                        -0.6537231206893921
                    ],
                    [
                        -0.013499431312084198,
                        0.7562031149864197,
                        0.9450190663337708,
                        -0.7151776552200317
                    ],
                    [
                        -0.023485802114009857,
                        0.783011794090271,
                        1.0200992822647095,
                        -0.8594890236854553
                    ],
                    [
                        0.15967100858688354,
                        0.651511549949646,
                        0.8515101671218872,
                        -0.7078135013580322
                    ],
                    [
                        0.17316479980945587,
                        0.6025862097740173,
                        0.9006736278533936,
                        -0.7985520958900452
                    ],
                    [
                        0.10397009551525116,
                        0.49181902408599854,
                        0.9172019362449646,
                        -0.7299760580062866
                    ],
                    [
                        0.26615893840789795,
                        0.6522514820098877,
                        0.8558852672576904,
                        -0.8278095126152039
                    ],
                    [
                        0.27809321880340576,
                        0.5976598262786865,
                        0.6625146269798279,
                        -0.6452382802963257
                    ],
                    [
                        0.3382576107978821,
                        0.6413803696632385,
                        0.6261587738990784,
                        -0.59098219871521
                    ],
                    [
                        0.3641490936279297,
                        0.6150832176208496,
                        0.6031477451324463,
                        -0.6305351257324219
                    ],
                    [
                        0.505407452583313,
                        0.6058485507965088,
                        0.7231665849685669,
                        -0.6963434219360352
                    ],
                    [
                        0.3560682535171509,
                        0.7081385850906372,
                        0.7024878263473511,
                        -0.6922588348388672
                    ]
                ]
            ],
            "actions_pred": [
                [
                    [
                        0.3532254993915558,
                        0.3622651696205139,
                        0.3128293752670288,
                        0.20439934730529785,
                        0.18571649491786957,
                        0.27991846203804016,
                        0.40386098623275757,
                        0.11986012756824493,
                        0.09235933423042297,
                        -0.013499431312084198,
