{
    "steps": [
        {
            "step": 0,
            "train_loss": 0.037377648055553436,
            "actions_pred1": [
                [
                    [
                        0.6910691261291504,
                        0.8578406572341919,
                        0.9575193524360657,
                        -1.203059196472168
                    ],
                    [
                        0.585079550743103,
                        0.7126554846763611,
                        0.761421799659729,
                        -1.1080658435821533
                    ],
                    [
                        0.5119127631187439,
                        0.38216090202331543,
                        0.589668333530426,
                        -1.2826621532440186
                    ],
                    [
                        0.5847030878067017,
                        0.43564659357070923,
                        0.511744499206543,
                        -1.334897518157959
                    ],
                    [
                        0.5646674633026123,
                        0.4727279841899872,
                        0.6017281413078308,
                        -1.4044318199157715
                    ],
                    [
                        0.4625265896320343,
                        0.5874384045600891,
                        0.7026768922805786,
                        -1.4068683385849
                    ],
                    [
                        0.6334179043769836,
                        0.529780387878418,
                        0.6612101793289185,
                        -1.5316272974014282
                    ],
                    [
                        0.5944282412528992,
                        0.5504519939422607,
                        0.6527218818664551,
                        -1.5351529121398926
                    ],
                    [
                        0.596088171005249,
                        0.7061597108840942,
                        0.8537123799324036,
                        -1.6029694080352783
                    ],
                    [
                        0.6894665956497192,
                        0.755518913269043,
                        0.8317182064056396,
                        -1.538543701171875
                    ],
                    [
                        0.6151971220970154,
                        0.6452991366386414,
                        0.8205907344818115,
                        -1.514082670211792
                    ],
                    [
                        0.575453519821167,
                        0.6642407774925232,
                        0.761812150478363,
                        -1.471278190612793
                    ],
                    [
                        0.6272242069244385,
                        0.6881783604621887,
                        0.7627215385437012,
                        -1.4531922340393066
                    ],
                    [
                        0.6204731464385986,
                        0.7364459037780762,
                        0.8812716603279114,
                        -1.2935261726379395
                    ],
                    [
                        0.6549810767173767,
                        0.6940281391143799,
                        0.8732299208641052,
                        -1.2961251735687256
                    ],
                    [
                        0.6541845798492432,
                        0.5006428360939026,
                        0.688671350479126,
                        -1.330945372581482
                    ],
                    [
                        0.6827511191368103,
                        0.6205950975418091,
                        0.7037968635559082,
                        -1.4182209968566895
                    ],
                    [
                        0.6168259382247925,
                        0.6360284090042114,
                        0.694400429725647,
                        -1.34516441822052
                    ],
                    [
                        0.598700761795044,
                        0.6604611873626709,
                        0.7659801244735718,
                        -1.3461577892303467
                    ],
                    [
                        0.5847306251525879,
                        0.6623533964157104,
                        0.8406976461410522,
                        -1.4192936420440674
                    ]
                ]
            ],
            "actions_pred": [
                [
                    [
                        0.6910691261291504,
                        0.585079550743103,
                        0.5119127631187439,
                        0.5847030878067017,
                        0.5646674633026123,
                        0.4625265896320343,
                        0.6334179043769836,
                        0.5944282412528992,
                        0.596088171005249,
                        0.6894665956497192,
                        0.6151971220970154,
                        0.575453519821167,
                        0.6272242069244385,
                        0.6204731464385986,
                        0.6549810767173767,
                        0.6541845798492432,
                        0.6827511191368103,
                        0.6168259382247925,
                        0.598700761795044,
                        0.5847306251525879
                    ],
                    [
                        0.8578406572341919,
                        0.7126554846763611,
                        0.38216090202331543,
                        0.43564659357070923,
                        0.4727279841899872,
                        0.5874384045600891,
                        0.529780387878418,
                        0.5504519939422607,
                        0.7061597108840942,
                        0.755518913269043,
                        0.6452991366386414,
                        0.6642407774925232,
                        0.6881783604621887,
                        0.7364459037780762,
                        0.6940281391143799,
                        0.5006428360939026,
                        0.6205950975418091,
                        0.6360284090042114,
                        0.6604611873626709,
                        0.6623533964157104
                    ],
                    [
                        0.9575193524360657,
                        0.761421799659729,
                        0.589668333530426,
                        0.511744499206543,
                        0.6017281413078308,
                        0.7026768922805786,
                        0.6612101793289185,
                        0.6527218818664551,
                        0.8537123799324036,
                        0.8317182064056396,
                        0.8205907344818115,
                        0.761812150478363,
                        0.7627215385437012,
                        0.8812716603279114,
                        0.8732299208641052,
                        0.688671350479126,
                        0.7037968635559082,
                        0.694400429725647,
                        0.7659801244735718,
                        0.8406976461410522
                    ],
                    [
                        -1.203059196472168,
                        -1.1080658435821533,
                        -1.2826621532440186,
                        -1.334897518157959,
                        -1.4044318199157715,
                        -1.4068683385849,
                        -1.5316272974014282,
                        -1.5351529121398926,
                        -1.6029694080352783,
                        -1.538543701171875,
                        -1.514082670211792,
                        -1.471278190612793,
                        -1.4531922340393066,
                        -1.2935261726379395,
                        -1.2961251735687256,
                        -1.330945372581482,
                        -1.4182209968566895,
                        -1.34516441822052,
                        -1.3461577892303467,
                        -1.4192936420440674
                    ]
                ]
            ],
            "states": [
                [
                    [
                        5130264.0,
                        9.53052585828118e-06,
                        0.00017112551722675562,
                        484343.53125
                    ],
                    [
                        5473440.0,
                        9.464440154260956e-06,
                        0.00025726869353093207,
                        530369.25
                    ],
                    [
                        5615344.0,
                        9.396303539688233e-06,
                        0.000244751397985965,
                        507658.4375
                    ],
                    [
                        5705120.0,
                        9.327747648057994e-06,
                        0.0002547030453570187,
                        475297.125
                    ],
                    [
                        5661680.0,
                        9.25990843825275e-06,
                        0.0002602769818622619,
                        509474.46875
                    ],
                    [
                        5626928.0,
                        9.193505320581608e-06,
                        0.00028401854797266424,
                        512406.875
                    ],
                    [
                        7240000.0,
                        9.118992238654755e-06,
                        0.00026182830333709717,
                        473767.34375
                    ],
                    [
                        6098976.0,
                        9.042967576533556e-06,
                        0.00025427230866625905,
                        486137.84375
                    ],
                    [
                        5957072.0,
                        8.975355740403756e-06,
                        0.00025071317213587463,
                        481721.90625
                    ],
                    [
                        6045400.0,
                        8.909044481697492e-06,
                        0.000257556646829471,
                        512695.15625
                    ],
                    [
                        5554528.0,
                        8.845872798701748e-06,
                        0.0002534309751354158,
                        490408.03125
                    ],
                    [
                        5395248.0,
                        8.787061233306304e-06,
                        0.00019772094674408436,
                        502051.125
                    ],
                    [
                        6014992.0,
                        8.726612577447668e-06,
                        0.00023689404770266265,
                        496127.90625
                    ],
                    [
                        5615344.0,
                        8.665836503496394e-06,
                        0.00024040597782004625,
                        497831.1875
                    ],
                    [
                        5961416.0,
                        8.60618456499651e-06,
                        0.00023798528127372265,
                        498399.9375
                    ],
                    [
                        5690640.0,
                        8.546960089006461e-06,
                        0.0002599294239189476,
                        501903.53125
                    ],
                    [
                        6043952.0,
                        8.48813488119049e-06,
                        0.0002636733988765627,
                        501576.46875
                    ],
                    [
                        7975584.0,
                        8.418936886300799e-06,
                        0.00023683813924435526,
                        444337.65625
                    ],
                    [
                        5891912.0,
                        8.351544238394126e-06,
                        0.0002558637352194637,
                        498428.25
                    ],
                    [
                        6125040.0,
                        8.294033250422217e-06,
                        0.00024174025747925043,
                        501703.09375
                    ]
                ]
            ],
            "actions": [
                [
                    [
                        0.25
                    ],
                    [
                        0.25
                    ],
                    [
                        0.25
                    ],
                    [
                        0.25
                    ],
                    [
                        0.25
                    ],
                    [
                        0.25
                    ],
                    [
                        0.25
                    ],
                    [
                        0.25
                    ],
                    [
                        0.25
                    ],
                    [
                        0.25
                    ],
                    [
                        0.25
                    ],
                    [
                        0.25
                    ],
                    [
                        0.25
                    ],
                    [
                        0.25
                    ],
                    [
                        0.25
                    ],
                    [
                        0.25
                    ],
                    [
                        0.25
                    ],
                    [
                        0.25
                    ],
                    [
                        0.25
                    ],
                    [
                        0.25
                    ]
                ]
            ],
            "returns": [
                [
                    [
                        0.20859551429748535
                    ],
                    [
                        0.20766568183898926
                    ],
                    [
                        0.20673011243343353
                    ],
                    [
                        0.20579227805137634
                    ],
                    [
                        0.20485302805900574
                    ],
                    [
                        0.20391446352005005
                    ],
                    [
                        0.20297643542289734
                    ],
                    [
                        0.20201605558395386
                    ],
                    [
                        0.2010708898305893
                    ],
                    [
                        0.20012782514095306
                    ],
                    [
                        0.19918343424797058
                    ],
                    [
                        0.1982465535402298
                    ],
                    [
                        0.19731226563453674
                    ],
                    [
                        0.19636832177639008
                    ],
                    [
                        0.19543048739433289
                    ],
                    [
                        0.19448734819889069
                    ],
                    [
                        0.193548321723938
                    ],
                    [
                        0.1926039606332779
                    ],
                    [
                        0.19163501262664795
                    ],
                    [
                        0.19069290161132812
                    ]
                ]
            ],
            "timesteps": [
                [
                    400,
                    401,
                    402,
                    403,
                    404,
                    405,
                    406,
                    407,
                    408,
                    409,
                    410,
                    411,
                    412,
                    413,
                    414,
                    415,
                    416,
                    417,
                    418,
                    419
                ]
            ],
            "labels": [
                [
                    0,
                    0,
                    0,
                    0,
                    0,
                    0,
                    0,
                    0,
                    0,
                    0,
                    0,
                    0,
                    0,
                    0,
                    0,
                    0,
                    0,
                    0,
                    0,
                    0
                ]
            ],
            "CPU Usage": 46.5,
            "RAM Usage": 55.2,
            "GPU Usage": 0.0,
            "VRAM Usage": 356.0,
            "Disk Read Speed (MB/s)": 206398.1416015625,
            "Disk Write Speed (MB/s)": 382841.0244140625
        },
        {
            "step": 1,
            "train_loss": 0.04325037822127342,
            "actions_pred1": [
                [
                    [
                        0.8298612833023071,
                        0.2637522518634796,
                        1.134639024734497,
                        -0.7726870179176331
                    ],
                    [
                        0.768677830696106,
                        0.3646414279937744,
                        1.10004460811615,
                        -0.8598771691322327
                    ],
                    [
                        0.4594608545303345,
                        0.4268593192100525,
                        0.9734682440757751,
                        -1.0411059856414795
                    ],
                    [
                        0.3075809180736542,
                        0.43054771423339844,
                        0.9563170075416565,
                        -1.0971179008483887
                    ],
                    [
                        0.25425392389297485,
                        0.4695308208465576,
                        0.9219058156013489,
                        -1.1253345012664795
                    ],
                    [
                        0.19156219065189362,
                        0.407678484916687,
                        0.9506675601005554,
                        -1.1712301969528198
                    ],
                    [
                        0.14151427149772644,
                        0.37500083446502686,
                        0.9921415448188782,
                        -1.2235379219055176
                    ],
                    [
                        0.10819041728973389,
                        0.46573102474212646,
                        1.0450365543365479,
                        -1.308260440826416
                    ],
                    [
                        0.3668253719806671,
                        0.5251600742340088,
                        1.0180699825286865,
                        -1.3192994594573975
                    ],
                    [
                        0.5291435122489929,
                        0.47405895590782166,
                        1.0099718570709229,
                        -1.4372367858886719
                    ],
                    [
                        0.5679052472114563,
                        0.5268754959106445,
                        0.8254694938659668,
                        -1.3608622550964355
                    ],
                    [
                        0.5877347588539124,
                        0.538528561592102,
                        0.9054549932479858,
                        -1.3995640277862549
                    ],
                    [
                        0.5656986236572266,
                        0.5909549593925476,
                        0.7895886898040771,
                        -1.3287714719772339
                    ],
                    [
                        0.5190107822418213,
                        0.6334402561187744,
                        0.9024451375007629,
                        -1.3089463710784912
                    ],
                    [
                        0.5231015682220459,
                        0.6674089431762695,
                        0.9963966608047485,
                        -1.401872992515564
                    ],
                    [
                        0.4828052818775177,
                        0.6553391814231873,
                        0.9871132969856262,
                        -1.4184447526931763
                    ],
                    [
                        0.5132020711898804,
                        0.5435377359390259,
                        0.8888986706733704,
                        -1.401688814163208
                    ],
                    [
                        0.32833173871040344,
                        0.671022355556488,
                        0.9820247888565063,
                        -1.4883944988250732
                    ],
                    [
                        0.3341667652130127,
                        0.7572073936462402,
                        0.978074848651886,
                        -1.3837207555770874
                    ],
                    [
                        0.40281611680984497,
                        0.77540123462677,
                        0.8769262433052063,
                        -1.3074710369110107
                    ]
                ]
            ],
            "actions_pred": [
                [
                    [
                        0.8298612833023071,
                        0.768677830696106,
                        0.4594608545303345,
                        0.3075809180736542,
                        0.25425392389297485,
                        0.19156219065189362,
                        0.14151427149772644,
                        0.10819041728973389,
                        0.3668253719806671,
                        0.5291435122489929,
                        0.5679052472114563,
                        0.5877347588539124,
                        0.5656986236572266,
                        0.5190107822418213,
                        0.5231015682220459,
                        0.4828052818775177,
                        0.5132020711898804,
                        0.32833173871040344,
                        0.3341667652130127,
                        0.40281611680984497
                    ],
                    [
                        0.2637522518634796,
                        0.3646414279937744,
                        0.4268593192100525,
                        0.43054771423339844,
                        0.4695308208465576,
                        0.407678484916687,
                        0.37500083446502686,
                        0.46573102474212646,
                        0.5251600742340088,
                        0.47405895590782166,
                        0.5268754959106445,
                        0.538528561592102,
                        0.5909549593925476,
                        0.6334402561187744,
                        0.6674089431762695,
                        0.6553391814231873,
                        0.5435377359390259,
                        0.671022355556488,
                        0.7572073936462402,
                        0.77540123462677
                    ],
                    [
                        1.134639024734497,
                        1.10004460811615,
                        0.9734682440757751,
                        0.9563170075416565,
                        0.9219058156013489,
                        0.9506675601005554,
                        0.9921415448188782,
                        1.0450365543365479,
                        1.0180699825286865,
                        1.0099718570709229,
                        0.8254694938659668,
                        0.9054549932479858,
                        0.7895886898040771,
                        0.9024451375007629,
                        0.9963966608047485,
                        0.9871132969856262,
                        0.8888986706733704,
                        0.9820247888565063,
                        0.978074848651886,
                        0.8769262433052063
                    ],
                    [
                        -0.7726870179176331,
                        -0.8598771691322327,
                        -1.0411059856414795,
                        -1.0971179008483887,
                        -1.1253345012664795,
                        -1.1712301969528198,
                        -1.2235379219055176,
                        -1.308260440826416,
                        -1.3192994594573975,
                        -1.4372367858886719,
                        -1.3608622550964355,
                        -1.3995640277862549,
                        -1.3287714719772339,
                        -1.3089463710784912,
                        -1.401872992515564,
                        -1.4184447526931763,
                        -1.401688814163208,
                        -1.4883944988250732,
                        -1.3837207555770874,
                        -1.3074710369110107
                    ]
                ]
            ],
            "states": [
                [
                    [
                        10490760.0,
                        0.00010820227180374786,
                        0.00015429843915626407,
                        444121.375
                    ],
                    [
                        10112832.0,
                        9.372556087328121e-05,
                        0.00014512072084471583,
                        443784.5
                    ],
                    [
                        10076632.0,
                        8.28753545647487e-05,
                        0.00015239186177495867,
                        427008.3125
                    ],
                    [
                        10218536.0,
                        7.424143404932693e-05,
                        0.00013630501052830368,
                        433225.1875
                    ],
                    [
                        10903440.0,
                        6.698495417367667e-05,
                        0.0001300903531955555,
                        434838.78125
                    ],
                    [
                        10177992.0,
                        6.102009865571745e-05,
                        0.0001368058001389727,
                        431759.375
                    ],
                    [
                        10500896.0,
                        5.612600944004953e-05,
                        0.00014432381431106478,
                        435333.53125
                    ],
                    [
                        10752848.0,
                        5.185119152883999e-05,
                        0.00014270890096668154,
                        438961.46875
                    ],
                    [
                        10833936.0,
                        4.812757106265053e-05,
                        0.00014136718527879566,
                        432069.78125
                    ],
                    [
                        10654384.0,
                        4.491618892643601e-05,
                        0.00013239651161711663,
                        433675.4375
                    ],
                    [
                        10524064.0,
                        4.214471118757501e-05,
                        0.00014063461276236922,
                        436827.0
                    ],
                    [
                        8511344.0,
                        3.9926697354530916e-05,
                        0.00013637621304951608,
                        473364.125
                    ],
                    [
                        10828144.0,
                        3.790804112213664e-05,
                        0.00013436605513561517,
                        430273.59375
                    ],
                    [
                        10288040.0,
                        3.5919863876188174e-05,
                        0.00013586058048531413,
                        455927.09375
                    ],
                    [
                        9009456.0,
                        3.427618867135607e-05,
                        0.00013340605073608458,
                        453153.21875
                    ],
                    [
                        10348856.0,
                        3.2774834835436195e-05,
                        0.0001376099098706618,
                        434225.03125
                    ],
                    [
                        10166408.0,
                        3.131924677290954e-05,
                        0.00017068465240299702,
                        438236.6875
                    ],
                    [
                        10539992.0,
                        2.9976108635310084e-05,
                        0.0001329061051364988,
                        436937.3125
                    ],
                    [
                        10836832.0,
                        2.8705166187137365e-05,
                        0.00013878877507522702,
                        435041.5
                    ],
                    [
                        10188128.0,
                        2.755545938271098e-05,
                        0.00015914233517833054,
                        427912.71875
                    ]
                ]
            ],
            "actions": [
                [
                    [
                        0.25
                    ],
                    [
                        0.25
                    ],
                    [
                        0.25
                    ],
                    [
                        0.25
                    ],
                    [
                        0.25
                    ],
                    [
                        0.25
                    ],
                    [
                        0.25
                    ],
                    [
                        0.25
                    ],
                    [
                        0.25
                    ],
                    [
                        0.25
                    ],
                    [
                        0.25
                    ],
                    [
                        0.25
                    ],
                    [
                        0.25
                    ],
                    [
                        0.25
                    ],
                    [
                        0.25
                    ],
                    [
                        0.25
                    ],
                    [
                        0.25
                    ],
                    [
                        0.25
                    ],
                    [
                        0.25
                    ],
                    [
                        0.25
                    ]
                ]
            ],
            "returns": [
                [
                    [
                        0.2865329086780548
                    ],
                    [
                        0.2855396568775177
                    ],
                    [
                        0.28454965353012085
                    ],
                    [
                        0.28355997800827026
                    ],
                    [
                        0.2825690507888794
                    ],
                    [
                        0.2815724015235901
                    ],
                    [
                        0.28058183193206787
                    ],
                    [
                        0.2795884907245636
                    ],
                    [
                        0.2785930335521698
                    ],
                    [
                        0.27759695053100586
                    ],
                    [
                        0.2766023278236389
                    ],
                    [
                        0.27560877799987793
                    ],
                    [
                        0.27463406324386597
                    ],
                    [
                        0.2736380100250244
                    ],
                    [
                        0.2726464867591858
                    ],
                    [
                        0.2716667354106903
                    ],
                    [
                        0.2706746757030487
                    ],
                    [
                        0.26968422532081604
                    ],
                    [
                        0.2686905562877655
                    ],
                    [
                        0.2676944136619568
                    ]
                ]
            ],
            "timesteps": [
                [
                    320,
                    321,
                    322,
                    323,
                    324,
                    325,
                    326,
                    327,
                    328,
                    329,
                    330,
                    331,
                    332,
                    333,
                    334,
                    335,
                    336,
                    337,
                    338,
                    339
                ]
            ],
            "labels": [
                [
                    0,
                    0,
                    0,
                    0,
                    0,
                    0,
                    0,
                    0,
                    0,
                    0,
                    0,
                    0,
                    0,
                    0,
                    0,
                    0,
                    0,
                    0,
                    0,
                    0
                ]
            ],
            "CPU Usage": 46.9,
            "RAM Usage": 55.3,
            "GPU Usage": 0.0,
            "VRAM Usage": 356.0,
            "Disk Read Speed (MB/s)": 206398.1416015625,
            "Disk Write Speed (MB/s)": 382841.1064453125
        },
        {
            "step": 2,
            "train_loss": 0.030325517058372498,
            "actions_pred1": [
                [
                    [
                        0.04152882099151611,
                        0.5368101000785828,
                        0.5286679267883301,
                        -1.5155792236328125
                    ],
                    [
                        0.15463778376579285,
                        0.5571230053901672,
                        0.7175423502922058,
                        -1.5987985134124756
                    ],
                    [
                        0.25064098834991455,
                        0.5993003845214844,
                        0.5230979919433594,
                        -1.8794150352478027
                    ],
                    [
                        0.3398745059967041,
                        0.6515599489212036,
                        0.5836260318756104,
                        -2.0071113109588623
                    ],
                    [
                        0.5375068783760071,
                        0.6993402242660522,
                        0.35836437344551086,
                        -2.570373296737671
                    ],
                    [
                        0.716852068901062,
                        0.7525773644447327,
                        0.5427271127700806,
                        -2.519841194152832
                    ],
                    [
                        0.7460132837295532,
                        0.8992221355438232,
                        0.6549521684646606,
                        -2.631511688232422
                    ],
                    [
                        0.7862862348556519,
                        1.0105289220809937,
                        0.7048576474189758,
                        -2.243685245513916
                    ],
                    [
                        0.598827600479126,
                        0.9975823760032654,
                        0.5406132936477661,
                        -2.2825264930725098
                    ],
                    [
                        0.6194106340408325,
                        0.8970701694488525,
                        0.7367697954177856,
                        -2.145720958709717
                    ],
                    [
                        0.5654278993606567,
                        0.7592608332633972,
                        0.6652154922485352,
                        -2.1137783527374268
                    ],
                    [
                        0.3288753032684326,
                        0.7469297051429749,
                        0.5855843424797058,
                        -1.9177639484405518
                    ],
                    [
                        0.2761291563510895,
                        0.8036869764328003,
                        0.6696389317512512,
                        -1.8993886709213257
                    ],
                    [
                        0.3013812303543091,
                        0.8717490434646606,
                        0.681784451007843,
                        -1.860438585281372
                    ],
                    [
                        0.34782588481903076,
                        0.8007071614265442,
                        0.5927565097808838,
                        -1.8327858448028564
                    ],
                    [
                        0.3880652189254761,
                        0.8620399236679077,
                        0.5830284953117371,
                        -1.9467732906341553
                    ],
                    [
                        0.5289137959480286,
                        0.8763654232025146,
                        0.6114532947540283,
                        -1.9984794855117798
                    ],
                    [
                        0.5220897793769836,
                        0.9000402092933655,
                        0.6437721252441406,
                        -1.8293622732162476
                    ],
                    [
                        0.41922542452812195,
                        0.7930148839950562,
                        0.8048258423805237,
                        -1.981041431427002
                    ],
                    [
                        0.4387885332107544,
                        0.7718149423599243,
                        0.919610857963562,
                        -1.9202167987823486
                    ]
                ]
            ],
            "actions_pred": [
                [
                    [
                        0.04152882099151611,
                        0.15463778376579285,
                        0.25064098834991455,
                        0.3398745059967041,
                        0.5375068783760071,
                        0.716852068901062,
                        0.7460132837295532,
                        0.7862862348556519,
                        0.598827600479126,
                        0.6194106340408325,
                        0.5654278993606567,
