{
    "steps": [
        {
            "step": 0,
            "train_loss": 0.031860001385211945,
            "actions_pred1": [
                [
                    [
                        0.43723899126052856,
                        0.5362907648086548,
                        0.7107791900634766,
                        -1.197919249534607
                    ],
                    [
                        0.3282146453857422,
                        0.7486644983291626,
                        0.9474737644195557,
                        -1.0674381256103516
                    ],
                    [
                        0.28168946504592896,
                        0.9489831924438477,
                        0.9351568222045898,
                        -1.1879966259002686
                    ],
                    [
                        0.2875955402851105,
                        0.95426344871521,
                        0.973843514919281,
                        -1.2305647134780884
                    ],
                    [
                        0.3464946150779724,
                        1.0016076564788818,
                        0.9773715138435364,
                        -1.3033236265182495
                    ],
                    [
                        0.4087687134742737,
                        0.918715238571167,
                        0.8684939742088318,
                        -1.3669648170471191
                    ],
                    [
                        0.46563175320625305,
                        1.0288251638412476,
                        0.9631152749061584,
                        -1.4862477779388428
                    ],
                    [
                        0.4786888360977173,
                        0.9919756650924683,
                        0.9043484330177307,
                        -1.4368958473205566
                    ],
                    [
                        0.3564276099205017,
                        0.9038025140762329,
                        0.9668936729431152,
                        -1.489851713180542
                    ],
                    [
                        0.3580546975135803,
                        0.9660921096801758,
                        1.0006911754608154,
                        -1.5150675773620605
                    ],
                    [
                        0.2564443051815033,
                        0.829047441482544,
                        1.099022626876831,
                        -1.6729934215545654
                    ],
                    [
                        0.18259474635124207,
                        0.8478146195411682,
                        1.0092030763626099,
                        -1.7841542959213257
                    ],
                    [
                        0.20255674421787262,
                        0.89962238073349,
                        0.9995551109313965,
                        -1.7139114141464233
                    ],
                    [
                        0.22867299616336823,
                        0.9377478361129761,
                        1.036027431488037,
                        -1.5981720685958862
                    ],
                    [
                        0.08119191974401474,
                        0.7339195013046265,
                        1.0490037202835083,
                        -1.8464410305023193
                    ],
                    [
                        0.2465473860502243,
                        0.7023085951805115,
                        0.9893240928649902,
                        -1.7935562133789062
                    ],
                    [
                        0.21964243054389954,
                        0.8115765452384949,
                        1.041398286819458,
                        -1.8313241004943848
                    ],
                    [
                        0.2442198097705841,
                        0.9047375917434692,
                        0.9176872968673706,
                        -1.6433286666870117
                    ],
                    [
                        0.3295096158981323,
                        0.9002523422241211,
                        1.061164140701294,
                        -1.7177528142929077
                    ],
                    [
                        0.3084120750427246,
                        0.9157099723815918,
                        1.048891305923462,
                        -1.7307837009429932
                    ]
                ]
            ],
            "actions_pred": [
                [
                    [
                        0.43723899126052856,
                        0.3282146453857422,
                        0.28168946504592896,
                        0.2875955402851105,
                        0.3464946150779724,
                        0.4087687134742737,
                        0.46563175320625305,
                        0.4786888360977173,
                        0.3564276099205017,
                        0.3580546975135803,
                        0.2564443051815033,
                        0.18259474635124207,
                        0.20255674421787262,
                        0.22867299616336823,
                        0.08119191974401474,
                        0.2465473860502243,
                        0.21964243054389954,
                        0.2442198097705841,
                        0.3295096158981323,
                        0.3084120750427246
                    ],
                    [
                        0.5362907648086548,
                        0.7486644983291626,
                        0.9489831924438477,
                        0.95426344871521,
                        1.0016076564788818,
                        0.918715238571167,
                        1.0288251638412476,
                        0.9919756650924683,
                        0.9038025140762329,
                        0.9660921096801758,
                        0.829047441482544,
                        0.8478146195411682,
                        0.89962238073349,
                        0.9377478361129761,
                        0.7339195013046265,
                        0.7023085951805115,
                        0.8115765452384949,
                        0.9047375917434692,
                        0.9002523422241211,
                        0.9157099723815918
                    ],
                    [
                        0.7107791900634766,
                        0.9474737644195557,
                        0.9351568222045898,
                        0.973843514919281,
                        0.9773715138435364,
                        0.8684939742088318,
                        0.9631152749061584,
                        0.9043484330177307,
                        0.9668936729431152,
                        1.0006911754608154,
                        1.099022626876831,
                        1.0092030763626099,
                        0.9995551109313965,
                        1.036027431488037,
                        1.0490037202835083,
                        0.9893240928649902,
                        1.041398286819458,
                        0.9176872968673706,
                        1.061164140701294,
                        1.048891305923462
                    ],
                    [
                        -1.197919249534607,
                        -1.0674381256103516,
                        -1.1879966259002686,
                        -1.2305647134780884,
                        -1.3033236265182495,
                        -1.3669648170471191,
                        -1.4862477779388428,
                        -1.4368958473205566,
                        -1.489851713180542,
                        -1.5150675773620605,
                        -1.6729934215545654,
                        -1.7841542959213257,
                        -1.7139114141464233,
                        -1.5981720685958862,
                        -1.8464410305023193,
                        -1.7935562133789062,
                        -1.8313241004943848,
                        -1.6433286666870117,
                        -1.7177528142929077,
                        -1.7307837009429932
                    ]
                ]
            ],
            "states": [
                [
                    [
                        6436360.0,
                        3.756791920750402e-05,
                        0.00023788119142409414,
                        525420.0
                    ],
                    [
                        5822408.0,
                        3.5673747333930805e-05,
                        0.0002484873402863741,
                        540076.8125
                    ],
                    [
                        6120696.0,
                        3.400527930352837e-05,
                        0.00025739934062585235,
                        546681.375
                    ],
                    [
                        6143632.0,
                        3.2446547265863046e-05,
                        0.00019004895875696093,
                        549135.1875
                    ],
                    [
                        6290344.0,
                        3.100591857219115e-05,
                        0.00022606240236200392,
                        515628.96875
                    ],
                    [
                        7225288.0,
                        2.9579521651612595e-05,
                        0.0002532026555854827,
                        501138.75
                    ],
                    [
                        5695216.0,
                        2.8330134227871895e-05,
                        0.0002667571825440973,
                        501280.09375
                    ],
                    [
                        6048296.0,
                        2.72848174063256e-05,
                        0.00026687141507864,
                        520591.84375
                    ],
                    [
                        5956840.0,
                        2.6292696929886006e-05,
                        0.0002529114135541022,
                        510954.5
                    ],
                    [
                        5511320.0,
                        2.5409783120267093e-05,
                        0.0002583715249784291,
                        498321.25
                    ],
                    [
                        7421000.0,
                        2.448467603244353e-05,
                        0.001365873496979475,
                        470548.53125
                    ],
                    [
                        6653560.0,
                        2.3549235265818425e-05,
                        0.0008239395683631301,
                        489404.40625
                    ],
                    [
                        5919424.0,
                        2.2772055672248825e-05,
                        0.0005388445570133626,
                        494672.6875
                    ],
                    [
                        6049744.0,
                        2.2078909751144238e-05,
                        0.0005018769879825413,
                        522203.84375
                    ],
                    [
                        5699328.0,
                        2.1438178009702824e-05,
                        0.0005396626074798405,
                        525676.375
                    ],
                    [
                        5907840.0,
                        2.084095285681542e-05,
                        0.00039070475031621754,
                        484434.71875
                    ],
                    [
                        7654128.0,
                        2.0184714230708778e-05,
                        0.00037147922557778656,
                        485244.75
                    ],
                    [
                        6171376.0,
                        1.9555423932615668e-05,
                        0.00035373689024709165,
                        520211.9375
                    ],
                    [
                        5359048.0,
                        1.9060054910369217e-05,
                        0.0003472233365755528,
                        514446.75
                    ],
                    [
                        5344568.0,
                        1.8622442439664155e-05,
                        0.00021890846255701035,
                        526664.75
                    ]
                ]
            ],
            "actions": [
                [
                    [
                        0.5
                    ],
                    [
                        0.5
                    ],
                    [
                        0.5
                    ],
                    [
                        0.5
                    ],
                    [
                        0.5
                    ],
                    [
                        0.5
                    ],
                    [
                        0.5
                    ],
                    [
                        0.5
                    ],
                    [
                        0.5
                    ],
                    [
                        0.5
                    ],
                    [
                        0.5
                    ],
                    [
                        0.5
                    ],
                    [
                        0.5
                    ],
                    [
                        0.5
                    ],
                    [
                        0.5
                    ],
                    [
                        0.5
                    ],
                    [
                        0.5
                    ],
                    [
                        0.5
                    ],
                    [
                        0.5
                    ],
                    [
                        0.5
                    ]
                ]
            ],
            "returns": [
                [
                    [
                        0.17125853896141052
                    ],
                    [
                        0.17030860483646393
                    ],
                    [
                        0.16936755180358887
                    ],
                    [
                        0.16842207312583923
                    ],
                    [
                        0.16747625172138214
                    ],
                    [
                        0.1665283590555191
                    ],
                    [
                        0.16556815803050995
                    ],
                    [
                        0.16462907195091248
                    ],
                    [
                        0.1636846512556076
                    ],
                    [
                        0.16274157166481018
                    ],
                    [
                        0.1618053913116455
                    ],
                    [
                        0.16084282100200653
                    ],
                    [
                        0.15988995134830475
                    ],
                    [
                        0.1589474231004715
                    ],
                    [
                        0.15800298750400543
                    ],
                    [
                        0.157063826918602
                    ],
                    [
                        0.15612147748470306
                    ],
                    [
                        0.1551561802625656
                    ],
                    [
                        0.15420997142791748
                    ],
                    [
                        0.153276264667511
                    ]
                ]
            ],
            "timesteps": [
                [
                    440,
                    441,
                    442,
                    443,
                    444,
                    445,
                    446,
                    447,
                    448,
                    449,
                    450,
                    451,
                    452,
                    453,
                    454,
                    455,
                    456,
                    457,
                    458,
                    459
                ]
            ],
            "labels": [
                [
                    1,
                    1,
                    1,
                    1,
                    1,
                    1,
                    1,
                    1,
                    1,
                    1,
                    1,
                    1,
                    1,
                    1,
                    1,
                    1,
                    1,
                    1,
                    1,
                    1
                ]
            ],
            "CPU Usage": 45.3,
            "RAM Usage": 55.1,
            "GPU Usage": 0.0,
            "VRAM Usage": 356.0,
            "Disk Read Speed (MB/s)": 206398.1923828125,
            "Disk Write Speed (MB/s)": 384847.9580078125
        },
        {
            "step": 1,
            "train_loss": 0.029072368517518044,
            "actions_pred1": [
                [
                    [
                        -0.22488954663276672,
                        0.19599059224128723,
                        0.19621218740940094,
                        -2.3647148609161377
                    ],
                    [
                        -0.3362028896808624,
                        0.6135997176170349,
                        0.18019318580627441,
                        -1.595367670059204
                    ],
                    [
                        -0.1838505119085312,
                        0.608501672744751,
                        0.2918094992637634,
                        -1.5265522003173828
                    ],
                    [
                        -0.12486109137535095,
                        0.7051821947097778,
                        0.4289860725402832,
                        -1.5782638788223267
                    ],
                    [
                        -0.10209285467863083,
                        0.5700814127922058,
                        0.4624146521091461,
                        -1.6516884565353394
                    ],
                    [
                        -0.1303716003894806,
                        0.6371589303016663,
                        0.6110597252845764,
                        -1.7273635864257812
                    ],
                    [
                        -0.12203182280063629,
                        0.5316863059997559,
                        0.6082735657691956,
                        -1.611051321029663
                    ],
                    [
                        -0.07472973316907883,
                        0.519973635673523,
                        0.5343947410583496,
                        -1.4671181440353394
                    ],
                    [
                        -0.17686131596565247,
                        0.4467054009437561,
                        0.5465646982192993,
                        -1.5641080141067505
                    ],
                    [
                        -0.2600761950016022,
                        0.46608445048332214,
                        0.5009442567825317,
                        -1.5930254459381104
                    ],
                    [
                        -0.17183828353881836,
                        0.6748535633087158,
                        0.6529391407966614,
                        -1.5232570171356201
                    ],
                    [
                        -0.2489040493965149,
                        0.6354943513870239,
                        0.6480938792228699,
                        -1.340453863143921
                    ],
                    [
                        -0.2576155364513397,
                        0.6287214756011963,
                        0.6974042057991028,
                        -1.3988423347473145
                    ],
                    [
                        -0.24962648749351501,
                        0.6668963432312012,
                        0.7546554207801819,
                        -1.413232445716858
                    ],
                    [
                        -0.25526848435401917,
                        0.6295472979545593,
                        0.6996933221817017,
                        -1.5273572206497192
                    ],
                    [
                        -0.291788250207901,
                        0.6159176826477051,
                        0.6268147230148315,
                        -1.4535938501358032
                    ],
                    [
                        -0.2564871907234192,
                        0.5959782600402832,
                        0.6784031391143799,
                        -1.5570093393325806
                    ],
                    [
                        -0.2824338674545288,
                        0.5795061588287354,
                        0.634779155254364,
                        -1.5613987445831299
                    ],
                    [
                        -0.20218852162361145,
                        0.8438003063201904,
                        0.6054480671882629,
                        -1.3893314599990845
                    ],
                    [
                        -0.1348176896572113,
                        0.7085608243942261,
                        0.6889123320579529,
                        -1.4568991661071777
                    ]
                ]
            ],
            "actions_pred": [
                [
                    [
                        -0.22488954663276672,
                        -0.3362028896808624,
                        -0.1838505119085312,
                        -0.12486109137535095,
                        -0.10209285467863083,
                        -0.1303716003894806,
                        -0.12203182280063629,
                        -0.07472973316907883,
                        -0.17686131596565247,
                        -0.2600761950016022,
                        -0.17183828353881836,
                        -0.2489040493965149,
                        -0.2576155364513397,
                        -0.24962648749351501,
                        -0.25526848435401917,
                        -0.291788250207901,
                        -0.2564871907234192,
                        -0.2824338674545288,
                        -0.20218852162361145,
                        -0.1348176896572113
                    ],
                    [
                        0.19599059224128723,
                        0.6135997176170349,
                        0.608501672744751,
                        0.7051821947097778,
                        0.5700814127922058,
                        0.6371589303016663,
                        0.5316863059997559,
                        0.519973635673523,
                        0.4467054009437561,
                        0.46608445048332214,
                        0.6748535633087158,
                        0.6354943513870239,
                        0.6287214756011963,
                        0.6668963432312012,
                        0.6295472979545593,
                        0.6159176826477051,
                        0.5959782600402832,
                        0.5795061588287354,
                        0.8438003063201904,
                        0.7085608243942261
                    ],
                    [
                        0.19621218740940094,
                        0.18019318580627441,
                        0.2918094992637634,
                        0.4289860725402832,
                        0.4624146521091461,
                        0.6110597252845764,
                        0.6082735657691956,
                        0.5343947410583496,
                        0.5465646982192993,
                        0.5009442567825317,
                        0.6529391407966614,
                        0.6480938792228699,
                        0.6974042057991028,
                        0.7546554207801819,
                        0.6996933221817017,
                        0.6268147230148315,
                        0.6784031391143799,
                        0.634779155254364,
                        0.6054480671882629,
                        0.6889123320579529
                    ],
                    [
                        -2.3647148609161377,
                        -1.595367670059204,
                        -1.5265522003173828,
                        -1.5782638788223267,
                        -1.6516884565353394,
                        -1.7273635864257812,
                        -1.611051321029663,
                        -1.4671181440353394,
                        -1.5641080141067505,
                        -1.5930254459381104,
                        -1.5232570171356201,
                        -1.340453863143921,
                        -1.3988423347473145,
                        -1.413232445716858,
                        -1.5273572206497192,
                        -1.4535938501358032,
                        -1.5570093393325806,
                        -1.5613987445831299,
                        -1.3893314599990845,
                        -1.4568991661071777
                    ]
                ]
            ],
            "states": [
                [
                    [
                        3840096.0,
                        2.92694730887888e-05,
                        0.00022606240236200392,
                        669392.5
                    ],
                    [
                        5186736.0,
                        2.8975890018045902e-05,
                        0.0002532026555854827,
                        623919.4375
                    ],
                    [
                        4765368.0,
                        2.86587583104847e-05,
                        0.0002667571825440973,
                        632646.8125
                    ],
                    [
                        6161240.0,
                        2.8318694603512995e-05,
                        0.00026687141507864,
                        545136.5625
                    ],
                    [
                        6174272.0,
                        2.7944166504312307e-05,
                        0.0002529114135541022,
                        614846.3125
                    ],
                    [
                        5751456.0,
                        2.7591326215770096e-05,
                        0.0002583715249784291,
                        530205.9375
                    ],
                    [
                        7742456.0,
                        2.720300471992232e-05,
                        0.001365873496979475,
                        538990.625
                    ],
                    [
                        6206128.0,
                        2.6812451324076392e-05,
                        0.0008239395683631301,
                        520321.9375
                    ],
                    [
                        5211352.0,
                        2.6501078536966816e-05,
                        0.0005388445570133626,
                        565831.875
                    ],
                    [
                        4737856.0,
                        2.623563341330737e-05,
                        0.0005018769879825413,
                        557744.25
                    ],
                    [
                        3256552.0,
                        2.6026094928965904e-05,
                        0.0005396626074798405,
                        583406.625
                    ],
                    [
                        2370376.0,
                        2.588063398434315e-05,
                        0.00039070475031621754,
                        599303.875
                    ],
                    [
                        3150848.0,
                        2.573955680418294e-05,
                        0.00037147922557778656,
                        638024.3125
                    ],
                    [
                        4121008.0,
                        2.5556088075973094e-05,
                        0.00035373689024709165,
                        613075.625
                    ],
                    [
                        3627240.0,
                        2.5363364329678006e-05,
                        0.0003472233365755528,
                        713559.4375
                    ],
                    [
                        4171688.0,
                        2.5172355890390463e-05,
                        0.00021890846255701035,
                        610763.0
                    ],
                    [
                        2390648.0,
                        2.501373273844365e-05,
                        0.00019109471759293228,
                        629310.5
                    ],
                    [
                        3237728.0,
                        2.487938036210835e-05,
                        0.00025023153284564614,
                        525239.375
                    ],
                    [
                        5175152.0,
                        2.4681297873030417e-05,
                        0.000305382302030921,
                        610625.375
                    ],
                    [
                        4510520.0,
                        2.445693280606065e-05,
                        0.00029567780438810587,
                        582702.6875
                    ]
                ]
            ],
            "actions": [
                [
                    [
                        0.5
                    ],
                    [
                        0.5
                    ],
                    [
                        0.5
                    ],
                    [
                        0.5
                    ],
                    [
                        0.5
                    ],
                    [
                        0.5
                    ],
                    [
                        0.5
                    ],
                    [
                        0.5
                    ],
                    [
                        0.5
                    ],
                    [
                        0.5
                    ],
                    [
                        0.5
                    ],
                    [
                        0.5
                    ],
                    [
                        0.5
                    ],
                    [
                        0.5
                    ],
                    [
                        0.5
                    ],
                    [
                        0.5
                    ],
                    [
                        0.5
                    ],
                    [
                        0.5
                    ],
                    [
                        0.5
                    ],
                    [
                        0.5
                    ]
                ]
            ],
            "returns": [
                [
                    [
                        0.11548818647861481
                    ],
                    [
                        0.11458403617143631
                    ],
                    [
                        0.11365323513746262
                    ],
                    [
                        0.11272994428873062
                    ],
                    [
                        0.11178387701511383
                    ],
                    [
                        0.11083762347698212
                    ],
                    [
                        0.1098976582288742
                    ],
                    [
                        0.10893134027719498
                    ],
                    [
                        0.10798463225364685
                    ],
                    [
                        0.10705341398715973
                    ],
                    [
                        0.10613063722848892
                    ],
                    [
                        0.10524109750986099
                    ],
                    [
                        0.10437972098588943
                    ],
                    [
                        0.1034931093454361
                    ],
                    [
                        0.10258270055055618
                    ],
                    [
                        0.1016836017370224
                    ],
                    [
                        0.10077211260795593
                    ],
                    [
                        0.09990997612476349
                    ],
                    [
                        0.09902095794677734
                    ],
                    [
                        0.09809035062789917
                    ]
                ]
            ],
            "timesteps": [
                [
                    500,
                    501,
                    502,
                    503,
                    504,
                    505,
                    506,
                    507,
                    508,
                    509,
                    510,
                    511,
                    512,
                    513,
                    514,
                    515,
                    516,
                    517,
                    518,
                    519
                ]
            ],
            "labels": [
                [
                    1,
                    1,
                    1,
                    1,
                    1,
                    1,
                    1,
                    1,
                    1,
                    1,
                    1,
                    1,
                    1,
                    1,
                    1,
                    1,
                    1,
                    1,
                    1,
                    1
                ]
            ],
            "CPU Usage": 46.7,
            "RAM Usage": 55.2,
            "GPU Usage": 0.0,
            "VRAM Usage": 356.0,
            "Disk Read Speed (MB/s)": 206398.1923828125,
            "Disk Write Speed (MB/s)": 384848.0048828125
        },
        {
            "step": 2,
            "train_loss": 0.022416291758418083,
            "actions_pred1": [
                [
                    [
                        0.21632301807403564,
                        0.4955378472805023,
                        0.9747430086135864,
                        -1.1077243089675903
                    ],
                    [
                        0.10763367265462875,
                        0.4594176411628723,
                        1.0924123525619507,
                        -1.1264598369598389
                    ],
                    [
                        0.22582712769508362,
                        0.550735354423523,
                        1.0592918395996094,
                        -1.0370523929595947
                    ],
                    [
                        0.3260038495063782,
                        0.5591413974761963,
                        1.0822117328643799,
                        -1.126288652420044
                    ],
                    [
                        0.37805646657943726,
                        0.6030910015106201,
                        1.0231913328170776,
                        -1.2886407375335693
                    ],
                    [
                        0.20165389776229858,
                        0.5211048126220703,
                        0.9746819138526917,
                        -1.2321977615356445
                    ],
                    [
                        0.20372730493545532,
                        0.4587070941925049,
                        1.0776309967041016,
                        -1.2249596118927002
                    ],
                    [
                        0.20439663529396057,
                        0.5323240756988525,
                        1.1188557147979736,
                        -1.2901456356048584
                    ],
                    [
                        0.3588770031929016,
                        0.5819630026817322,
                        1.183600902557373,
                        -1.1925171613693237
                    ],
                    [
                        0.3234575092792511,
                        0.5141951441764832,
                        1.152202844619751,
                        -1.2247302532196045
                    ],
                    [
                        0.3353167772293091,
                        0.62462317943573,
                        1.1858129501342773,
                        -1.2204885482788086
                    ],
                    [
                        0.381377637386322,
                        0.5609420537948608,
                        1.127038836479187,
                        -1.2434040307998657
                    ],
                    [
                        0.3832979202270508,
                        0.5524497628211975,
                        1.132841944694519,
                        -1.2113888263702393
                    ],
                    [
                        0.41291072964668274,
                        0.6660151481628418,
                        1.3300373554229736,
                        -1.1625362634658813
                    ],
                    [
                        0.40855973958969116,
                        0.7045660018920898,
                        1.3505780696868896,
                        -1.085829734802246
                    ],
                    [
                        0.41356009244918823,
                        0.7029269933700562,
                        1.426192045211792,
                        -1.0851304531097412
                    ],
                    [
                        0.2053246647119522,
                        0.6586316823959351,
                        1.3551127910614014,
                        -1.2259385585784912
                    ],
                    [
                        0.09986458718776703,
                        0.6761528849601746,
                        1.3887286186218262,
                        -1.1853437423706055
                    ],
                    [
                        0.10492493957281113,
                        0.6848900318145752,
                        1.309349775314331,
                        -1.1986961364746094
                    ],
                    [
                        0.07121145725250244,
                        0.8062037825584412,
                        1.4615123271942139,
                        -1.191488265991211
                    ]
                ]
            ],
            "actions_pred": [
                [
                    [
                        0.21632301807403564,
                        0.10763367265462875,
                        0.22582712769508362,
                        0.3260038495063782,
                        0.37805646657943726,
                        0.20165389776229858,
                        0.20372730493545532,
                        0.20439663529396057,
                        0.3588770031929016,
                        0.3234575092792511,
                        0.3353167772293091,
