{
    "steps": [
        {
            "step": 0,
            "train_loss": 0.04278123378753662,
            "actions_pred1": [
                [
                    [
                        0.7025815844535828,
                        0.2869678735733032,
                        0.8407750725746155,
                        -0.7800766229629517
                    ],
                    [
                        0.7744187116622925,
                        0.45911288261413574,
                        0.8170519471168518,
                        -0.9583624601364136
                    ],
                    [
                        0.6954635381698608,
                        0.6186872720718384,
                        0.7744813561439514,
                        -1.1475924253463745
                    ],
                    [
                        0.6988950967788696,
                        0.6280259490013123,
                        0.8653274774551392,
                        -1.1211580038070679
                    ],
                    [
                        0.629198431968689,
                        0.6049875020980835,
                        0.7666256427764893,
                        -0.89443039894104
                    ],
                    [
                        0.6623327136039734,
                        0.6620191335678101,
                        0.8510347008705139,
                        -0.8432228565216064
                    ],
                    [
                        0.6493663787841797,
                        0.5462452173233032,
                        0.831320583820343,
                        -0.8306151628494263
                    ],
                    [
                        0.5222512483596802,
                        0.5547291040420532,
                        0.9577337503433228,
                        -0.9320738315582275
                    ],
                    [
                        0.47233283519744873,
                        0.6255781650543213,
                        1.0086109638214111,
                        -0.956965446472168
                    ],
                    [
                        0.4823717176914215,
                        0.5413132309913635,
                        0.8913156986236572,
                        -0.8510938882827759
                    ],
                    [
                        0.40762096643447876,
                        0.6351823210716248,
                        0.9543359875679016,
                        -0.9583801031112671
                    ],
                    [
                        0.5383229851722717,
                        0.6714913249015808,
                        1.066371202468872,
                        -0.6712478399276733
                    ],
                    [
                        0.5816200971603394,
                        0.6585008502006531,
                        1.0136176347732544,
                        -1.0097118616104126
                    ],
                    [
                        0.4720243215560913,
                        0.6642155051231384,
                        1.017491340637207,
                        -0.8845424652099609
                    ],
                    [
                        0.45734065771102905,
                        0.6938744783401489,
                        1.066489815711975,
                        -0.8794457912445068
                    ],
                    [
                        0.5339994430541992,
                        0.7021638751029968,
                        1.0734708309173584,
                        -0.8031012415885925
                    ],
                    [
                        0.4901933968067169,
                        0.6491646766662598,
                        1.0650900602340698,
                        -0.8095417022705078
                    ],
                    [
                        0.36718326807022095,
                        0.6066775321960449,
                        0.9087625741958618,
                        -0.8209507465362549
                    ],
                    [
                        0.49999919533729553,
                        0.5219229459762573,
                        0.8936077952384949,
                        -0.7774262428283691
                    ],
                    [
                        0.38010406494140625,
                        0.5921814441680908,
                        0.9669045805931091,
                        -0.829789400100708
                    ]
                ]
            ],
            "actions_pred": [
                [
                    [
                        0.7025815844535828,
                        0.7744187116622925,
                        0.6954635381698608,
                        0.6988950967788696,
                        0.629198431968689,
                        0.6623327136039734,
                        0.6493663787841797,
                        0.5222512483596802,
                        0.47233283519744873,
                        0.4823717176914215,
                        0.40762096643447876,
                        0.5383229851722717,
                        0.5816200971603394,
                        0.4720243215560913,
                        0.45734065771102905,
                        0.5339994430541992,
                        0.4901933968067169,
                        0.36718326807022095,
                        0.49999919533729553,
                        0.38010406494140625
                    ],
                    [
                        0.2869678735733032,
                        0.45911288261413574,
                        0.6186872720718384,
                        0.6280259490013123,
                        0.6049875020980835,
                        0.6620191335678101,
                        0.5462452173233032,
                        0.5547291040420532,
                        0.6255781650543213,
                        0.5413132309913635,
                        0.6351823210716248,
                        0.6714913249015808,
                        0.6585008502006531,
                        0.6642155051231384,
                        0.6938744783401489,
                        0.7021638751029968,
                        0.6491646766662598,
                        0.6066775321960449,
                        0.5219229459762573,
                        0.5921814441680908
                    ],
                    [
                        0.8407750725746155,
                        0.8170519471168518,
                        0.7744813561439514,
                        0.8653274774551392,
                        0.7666256427764893,
                        0.8510347008705139,
                        0.831320583820343,
                        0.9577337503433228,
                        1.0086109638214111,
                        0.8913156986236572,
                        0.9543359875679016,
                        1.066371202468872,
                        1.0136176347732544,
                        1.017491340637207,
                        1.066489815711975,
                        1.0734708309173584,
                        1.0650900602340698,
                        0.9087625741958618,
                        0.8936077952384949,
                        0.9669045805931091
                    ],
                    [
                        -0.7800766229629517,
                        -0.9583624601364136,
                        -1.1475924253463745,
                        -1.1211580038070679,
                        -0.89443039894104,
                        -0.8432228565216064,
                        -0.8306151628494263,
                        -0.9320738315582275,
                        -0.956965446472168,
                        -0.8510938882827759,
                        -0.9583801031112671,
                        -0.6712478399276733,
                        -1.0097118616104126,
                        -0.8845424652099609,
                        -0.8794457912445068,
                        -0.8031012415885925,
                        -0.8095417022705078,
                        -0.8209507465362549,
                        -0.7774262428283691,
                        -0.829789400100708
                    ]
                ]
            ],
            "states": [
                [
                    [
                        4843560.0,
                        2.424415470159147e-05,
                        0.00033060877467505634,
                        578357.375
                    ],
                    [
                        5799240.0,
                        2.295832928211894e-05,
                        0.0031183171086013317,
                        515791.3125
                    ],
                    [
                        4623464.0,
                        2.2749398340238258e-05,
                        0.0025027666706591845,
                        635101.375
                    ],
                    [
                        4743648.0,
                        2.2564916434930637e-05,
                        0.0014389286516234279,
                        594770.9375
                    ],
                    [
                        2644227.0,
                        0.009791561402380466,
                        0.003044134471565485,
                        425038.1875
                    ],
                    [
                        9469920.0,
                        0.0006961323670111597,
                        0.00288664479739964,
                        440941.21875
                    ],
                    [
                        5718152.0,
                        0.00029342120978981256,
                        0.0027106136549264193,
                        528296.5625
                    ],
                    [
                        2943784.0,
                        0.00022529042325913906,
                        0.0027518118731677532,
                        461782.90625
                    ],
                    [
                        1387184.0,
                        0.0002022606786340475,
                        0.0026009255088865757,
                        650753.875
                    ],
                    [
                        490872.0,
                        0.00019373110262677073,
                        0.002423960482701659,
                        624566.0
                    ],
                    [
                        260640.0,
                        0.00019053270807489753,
                        0.002274049213156104,
                        567144.625
                    ],
                    [
                        201272.0,
                        0.00018862112483475357,
                        0.0023237415589392185,
                        604014.4375
                    ],
                    [
                        152040.0,
                        0.00018718479259405285,
                        0.0021793735213577747,
                        487596.375
                    ],
                    [
                        117288.0,
                        0.00018610460392665118,
                        0.002523052040487528,
                        579471.3125
                    ],
                    [
                        123080.0,
                        0.0001851513225119561,
                        0.002231767401099205,
                        401703.1875
                    ],
                    [
                        70952.0,
                        0.00018438858387526125,
                        0.0032643231097608805,
                        840606.75
                    ],
                    [
                        131768.0,
                        0.0001835990115068853,
                        0.0020812072325497866,
                        190522.296875
                    ],
                    [
                        144800.0,
                        0.00018253228336106986,
                        0.0015903349267318845,
                        318817.125
                    ],
                    [
                        173760.0,
                        0.0001813189737731591,
                        0.0016534600872546434,
                        316928.125
                    ],
                    [
                        181000.0,
                        0.0001799864403437823,
                        0.0014106292510405183,
                        219901.125
                    ]
                ]
            ],
            "actions": [
                [
                    [
                        0.5
                    ],
                    [
                        0.5
                    ],
                    [
                        0.5
                    ],
                    [
                        0.5
                    ],
                    [
                        0.25
                    ],
                    [
                        0.25
                    ],
                    [
                        0.25
                    ],
                    [
                        0.25
                    ],
                    [
                        0.25
                    ],
                    [
                        0.25
                    ],
                    [
                        0.25
                    ],
                    [
                        0.25
                    ],
                    [
                        0.25
                    ],
                    [
                        0.25
                    ],
                    [
                        0.25
                    ],
                    [
                        0.25
                    ],
                    [
                        0.25
                    ],
                    [
                        0.25
                    ],
                    [
                        0.25
                    ],
                    [
                        0.25
                    ]
                ]
            ],
            "returns": [
                [
                    [
                        0.09717193245887756
                    ],
                    [
                        0.09624720364809036
                    ],
                    [
                        0.09530650824308395
                    ],
                    [
                        0.09438589215278625
                    ],
                    [
                        0.09346301108598709
                    ],
                    [
                        0.09259194135665894
                    ],
                    [
                        0.09160776436328888
                    ],
                    [
                        0.09066831320524216
                    ],
                    [
                        0.08978772908449173
                    ],
                    [
                        0.08897385746240616
                    ],
                    [
                        0.08825208246707916
                    ],
                    [
                        0.0875864326953888
                    ],
                    [
                        0.08694369345903397
                    ],
                    [
                        0.08632583171129227
                    ],
                    [
                        0.08573097735643387
                    ],
                    [
                        0.08513184636831284
                    ],
                    [
                        0.08458154648542404
                    ],
                    [
                        0.0839763730764389
                    ],
                    [
                        0.08336283266544342
                    ],
                    [
                        0.08273313194513321
                    ]
                ]
            ],
            "timesteps": [
                [
                    520,
                    521,
                    522,
                    523,
                    524,
                    525,
                    526,
                    527,
                    528,
                    529,
                    530,
                    531,
                    532,
                    533,
                    534,
                    535,
                    536,
                    537,
                    538,
                    539
                ]
            ],
            "labels": [
                [
                    1,
                    1,
                    1,
                    1,
                    0,
                    0,
                    0,
                    0,
                    0,
                    0,
                    0,
                    0,
                    0,
                    0,
                    0,
                    0,
                    0,
                    0,
                    0,
                    0
                ]
            ],
            "CPU Usage": 46.8,
            "RAM Usage": 55.1,
            "GPU Usage": 0.0,
            "VRAM Usage": 355.0,
            "Disk Read Speed (MB/s)": 206068.3291015625,
            "Disk Write Speed (MB/s)": 378219.4072265625
        },
        {
            "step": 1,
            "train_loss": 0.04668549448251724,
            "actions_pred1": [
                [
                    [
                        0.3429168462753296,
                        0.5884443521499634,
                        0.7560762763023376,
                        -1.0198795795440674
                    ],
                    [
                        0.3634864389896393,
                        0.7755299210548401,
                        0.6954450607299805,
                        -0.8186634182929993
                    ],
                    [
                        0.28067663311958313,
                        0.7013168931007385,
                        0.4189054071903229,
                        -0.6699343323707581
                    ],
                    [
                        0.25392624735832214,
                        0.6870887279510498,
                        0.41133958101272583,
                        -0.7497015595436096
                    ],
                    [
                        0.36470019817352295,
                        0.6333378553390503,
                        0.608191967010498,
                        -0.9405199289321899
                    ],
                    [
                        0.30029192566871643,
                        0.6733781695365906,
                        0.7648428678512573,
                        -0.9145066738128662
                    ],
                    [
                        0.2288769781589508,
                        0.6215074062347412,
                        0.8643931746482849,
                        -0.9924753904342651
                    ],
                    [
                        0.032632410526275635,
                        0.64776611328125,
                        0.8419662714004517,
                        -1.0331768989562988
                    ],
                    [
                        0.17870394885540009,
                        0.690430223941803,
                        0.9253787398338318,
                        -1.012488603591919
                    ],
                    [
                        0.14118385314941406,
                        0.6738452315330505,
                        1.026777982711792,
                        -1.013177752494812
                    ],
                    [
                        0.11114765703678131,
                        0.6633651256561279,
                        0.9435661435127258,
                        -1.0451747179031372
                    ],
                    [
                        0.41427189111709595,
                        0.4623500108718872,
                        0.9462366104125977,
                        -1.0790812969207764
                    ],
                    [
                        0.2731558084487915,
                        0.47745299339294434,
                        0.9348530173301697,
                        -0.970763087272644
                    ],
                    [
                        0.2795976400375366,
                        0.4398486614227295,
                        0.8583060503005981,
                        -1.0862969160079956
                    ],
                    [
                        0.35104432702064514,
                        0.5641835331916809,
                        0.8371411561965942,
                        -1.0287538766860962
                    ],
                    [
                        0.3142275810241699,
                        0.5896638035774231,
                        0.892277717590332,
                        -1.1203036308288574
                    ],
                    [
                        0.2761339247226715,
                        0.6997373700141907,
                        0.9211315512657166,
                        -1.1188565492630005
                    ],
                    [
                        0.29661113023757935,
                        0.6813762187957764,
                        0.8541092872619629,
                        -0.9953066110610962
                    ],
                    [
                        0.2917044162750244,
                        0.6290647983551025,
                        0.905781626701355,
                        -1.0597119331359863
                    ],
                    [
                        0.30292415618896484,
                        0.4881116449832916,
                        0.8677254915237427,
                        -0.998698353767395
                    ]
                ]
            ],
            "actions_pred": [
                [
                    [
                        0.3429168462753296,
                        0.3634864389896393,
                        0.28067663311958313,
                        0.25392624735832214,
                        0.36470019817352295,
                        0.30029192566871643,
                        0.2288769781589508,
                        0.032632410526275635,
                        0.17870394885540009,
                        0.14118385314941406,
                        0.11114765703678131,
                        0.41427189111709595,
                        0.2731558084487915,
                        0.2795976400375366,
                        0.35104432702064514,
                        0.3142275810241699,
                        0.2761339247226715,
                        0.29661113023757935,
                        0.2917044162750244,
                        0.30292415618896484
                    ],
                    [
                        0.5884443521499634,
                        0.7755299210548401,
                        0.7013168931007385,
                        0.6870887279510498,
                        0.6333378553390503,
                        0.6733781695365906,
                        0.6215074062347412,
                        0.64776611328125,
                        0.690430223941803,
                        0.6738452315330505,
                        0.6633651256561279,
                        0.4623500108718872,
                        0.47745299339294434,
                        0.4398486614227295,
                        0.5641835331916809,
                        0.5896638035774231,
                        0.6997373700141907,
                        0.6813762187957764,
                        0.6290647983551025,
                        0.4881116449832916
                    ],
                    [
                        0.7560762763023376,
                        0.6954450607299805,
                        0.4189054071903229,
                        0.41133958101272583,
                        0.608191967010498,
                        0.7648428678512573,
                        0.8643931746482849,
                        0.8419662714004517,
                        0.9253787398338318,
                        1.026777982711792,
                        0.9435661435127258,
                        0.9462366104125977,
                        0.9348530173301697,
                        0.8583060503005981,
                        0.8371411561965942,
                        0.892277717590332,
                        0.9211315512657166,
                        0.8541092872619629,
                        0.905781626701355,
                        0.8677254915237427
                    ],
                    [
                        -1.0198795795440674,
                        -0.8186634182929993,
                        -0.6699343323707581,
                        -0.7497015595436096,
                        -0.9405199289321899,
                        -0.9145066738128662,
                        -0.9924753904342651,
                        -1.0331768989562988,
                        -1.012488603591919,
                        -1.013177752494812,
                        -1.0451747179031372,
                        -1.0790812969207764,
                        -0.970763087272644,
                        -1.0862969160079956,
                        -1.0287538766860962,
                        -1.1203036308288574,
                        -1.1188565492630005,
                        -0.9953066110610962,
                        -1.0597119331359863,
                        -0.998698353767395
                    ]
                ]
            ],
            "states": [
                [
                    [
                        6621704.0,
                        1.1313585673633497e-05,
                        0.0001999229716602713,
                        484312.6875
                    ],
                    [
                        5593624.0,
                        1.1206535418750718e-05,
                        0.0002002958208322525,
                        482520.40625
                    ],
                    [
                        5813720.0,
                        1.1108420039818157e-05,
                        0.0002003357367357239,
                        504661.125
                    ],
                    [
                        6207576.0,
                        1.1006884960806929e-05,
                        0.00022690219338983297,
                        474948.0
                    ],
                    [
                        8008888.0,
                        1.0889214536291547e-05,
                        0.00020534798386506736,
                        464277.84375
                    ],
                    [
                        6072912.0,
                        1.0774994734674692e-05,
                        0.00021573639241978526,
                        487907.71875
                    ],
                    [
                        5771728.0,
                        1.0680801096896175e-05,
                        0.00024723794194869697,
                        495985.625
                    ],
                    [
                        6184408.0,
                        1.058739326253999e-05,
                        0.00024693002342246473,
                        490380.28125
                    ],
                    [
                        5453168.0,
                        1.0498003575776238e-05,
                        0.00023204070748761296,
                        479010.4375
                    ],
                    [
                        5473440.0,
                        1.0415451470180415e-05,
                        0.00018021401774603873,
                        503120.46875
                    ],
                    [
                        5495160.0,
                        1.0333877071388997e-05,
                        0.0002400711819063872,
                        501130.78125
                    ],
                    [
                        5522672.0,
                        1.0253213076794054e-05,
                        0.000246424344368279,
                        482833.53125
                    ],
                    [
                        5845344.0,
                        1.0171300345973577e-05,
                        0.0002318411279702559,
                        521404.9375
                    ],
                    [
                        5531592.0,
                        1.0090602700074669e-05,
                        0.00026174713275395334,
                        512859.59375
                    ],
                    [
                        5728288.0,
                        1.0011996891989838e-05,
                        0.0002589555806480348,
                        492848.15625
                    ],
                    [
                        8446184.0,
                        9.914833754010033e-06,
                        0.0002588448696769774,
                        439526.84375
                    ],
                    [
                        5611000.0,
                        9.82020083029056e-06,
                        0.0002629015070851892,
                        482211.375
                    ],
                    [
                        5854264.0,
                        9.744398084876593e-06,
                        0.00024613598361611366,
                        493941.5
                    ],
                    [
                        5595072.0,
                        9.669850442151073e-06,
                        0.00026028408319689333,
                        487503.5625
                    ],
                    [
                        5576248.0,
                        9.598206816008314e-06,
                        0.000249440228799358,
                        493113.71875
                    ]
                ]
            ],
            "actions": [
                [
                    [
                        0.25
                    ],
                    [
                        0.25
                    ],
                    [
                        0.25
                    ],
                    [
                        0.25
                    ],
                    [
                        0.25
                    ],
                    [
                        0.25
                    ],
                    [
                        0.25
                    ],
                    [
                        0.25
                    ],
                    [
                        0.25
                    ],
                    [
                        0.25
                    ],
                    [
                        0.25
                    ],
                    [
                        0.25
                    ],
                    [
                        0.25
                    ],
                    [
                        0.25
                    ],
                    [
                        0.25
                    ],
                    [
                        0.25
                    ],
                    [
                        0.25
                    ],
                    [
                        0.25
                    ],
                    [
                        0.25
                    ],
                    [
                        0.25
                    ]
                ]
            ],
            "returns": [
                [
                    [
                        0.22746260464191437
                    ],
                    [
                        0.22651013731956482
                    ],
                    [
                        0.2255726456642151
                    ],
                    [
                        0.22463172674179077
                    ],
                    [
                        0.22368499636650085
                    ],
                    [
                        0.22271567583084106
                    ],
                    [
                        0.22177089750766754
                    ],
                    [
                        0.22083061933517456
                    ],
                    [
                        0.2198842167854309
                    ],
                    [
                        0.21894897520542145
                    ],
                    [
                        0.21801340579986572
                    ],
                    [
                        0.21707747876644135
                    ],
                    [
                        0.21614111959934235
                    ],
                    [
                        0.21519970893859863
                    ],
                    [
                        0.2142632007598877
                    ],
                    [
                        0.21332359313964844
                    ],
                    [
                        0.2123495638370514
                    ],
                    [
                        0.21141178905963898
                    ],
                    [
                        0.2104702591896057
                    ],
                    [
                        0.2095327377319336
                    ]
                ]
            ],
            "timesteps": [
                [
                    380,
                    381,
                    382,
                    383,
                    384,
                    385,
                    386,
                    387,
                    388,
                    389,
                    390,
                    391,
                    392,
                    393,
                    394,
                    395,
                    396,
                    397,
                    398,
                    399
                ]
            ],
            "labels": [
                [
                    0,
                    0,
                    0,
                    0,
                    0,
                    0,
                    0,
                    0,
                    0,
                    0,
                    0,
                    0,
                    0,
                    0,
                    0,
                    0,
                    0,
                    0,
                    0,
                    0
                ]
            ],
            "CPU Usage": 46.8,
            "RAM Usage": 55.2,
            "GPU Usage": 0.0,
            "VRAM Usage": 355.0,
            "Disk Read Speed (MB/s)": 206068.3291015625,
            "Disk Write Speed (MB/s)": 378219.4541015625
        },
        {
            "step": 2,
            "train_loss": 0.032213058322668076,
            "actions_pred1": [
                [
                    [
                        0.5454092621803284,
                        0.4248621165752411,
                        0.4949151277542114,
                        -0.9105661511421204
                    ],
                    [
                        0.4345509707927704,
                        0.646449089050293,
                        0.7203331589698792,
                        -0.7959139347076416
                    ],
                    [
                        0.3814705014228821,
                        0.8324151039123535,
                        0.6982778906822205,
                        -0.9069830775260925
                    ],
                    [
                        0.3901726305484772,
                        0.8336167335510254,
                        0.7220526933670044,
                        -0.9420415163040161
                    ],
                    [
                        0.4467223584651947,
                        0.887077808380127,
                        0.7269730567932129,
                        -1.0100823640823364
                    ],
                    [
                        0.5098523497581482,
                        0.8072731494903564,
                        0.61443692445755,
                        -1.0686458349227905
                    ],
                    [
                        0.5708364844322205,
                        0.9122201204299927,
                        0.7027544379234314,
                        -1.1778364181518555
                    ],
                    [
                        0.5794364213943481,
                        0.8752106428146362,
                        0.6461669206619263,
                        -1.1326656341552734
                    ],
                    [
                        0.45563939213752747,
                        0.7903034687042236,
                        0.7122204303741455,
                        -1.187996506690979
                    ],
                    [
                        0.45914900302886963,
                        0.8574191927909851,
                        0.7478036284446716,
                        -1.2145957946777344
                    ],
                    [
                        0.3510453701019287,
                        0.7205948233604431,
                        0.8421396017074585,
                        -1.37067449092865
                    ],
                    [
                        0.27391380071640015,
                        0.7399322390556335,
                        0.740580677986145,
                        -1.4703532457351685
                    ],
                    [
                        0.29986223578453064,
                        0.7898076772689819,
                        0.7201311588287354,
                        -1.3923254013061523
                    ],
                    [
                        0.32880765199661255,
                        0.8316525816917419,
                        0.7692331671714783,
                        -1.2828521728515625
                    ],
                    [
                        0.18801738321781158,
                        0.6140419244766235,
                        0.7674232721328735,
                        -1.503619909286499
                    ],
                    [
                        0.34076395630836487,
                        0.5857085585594177,
                        0.7179273366928101,
                        -1.456754446029663
                    ],
                    [
                        0.322742223739624,
                        0.6953538656234741,
                        0.7656882405281067,
                        -1.4924355745315552
                    ],
                    [
                        0.3373982906341553,
                        0.7881666421890259,
                        0.6508259773254395,
                        -1.3197567462921143
                    ],
                    [
                        0.42514121532440186,
                        0.785885751247406,
                        0.7888415455818176,
                        -1.3812751770019531
                    ],
                    [
                        0.41399887204170227,
                        0.804629385471344,
                        0.7668865323066711,
                        -1.3916367292404175
                    ]
                ]
            ],
            "actions_pred": [
                [
                    [
                        0.5454092621803284,
                        0.4345509707927704,
                        0.3814705014228821,
                        0.3901726305484772,
                        0.4467223584651947,
                        0.5098523497581482,
                        0.5708364844322205,
                        0.5794364213943481,
                        0.45563939213752747,
                        0.45914900302886963,
                        0.3510453701019287,
