{
    "steps": [
        {
            "step": 0,
            "train_loss": 0.014009443111717701,
            "actions_pred1": [
                [
                    [
                        0.9922289848327637,
                        2.0922865867614746,
                        1.5692150592803955,
                        -4.039228439331055
                    ],
                    [
                        0.7987626791000366,
                        2.666408061981201,
                        1.4731509685516357,
                        -4.476815223693848
                    ],
                    [
                        0.8023866415023804,
                        2.556868314743042,
                        1.423638939857483,
                        -5.049614906311035
                    ],
                    [
                        0.3572269082069397,
                        2.3817296028137207,
                        2.074049949645996,
                        -5.5763726234436035
                    ],
                    [
                        0.276114821434021,
                        2.4411158561706543,
                        2.424970865249634,
                        -5.887785911560059
                    ],
                    [
                        0.6282250285148621,
                        2.3156325817108154,
                        2.3837122917175293,
                        -6.110835552215576
                    ],
                    [
                        0.8808744549751282,
                        1.9859076738357544,
                        2.491046667098999,
                        -6.151472091674805
                    ],
                    [
                        1.036857008934021,
                        1.8114711046218872,
                        2.9457004070281982,
                        -6.466751575469971
                    ],
                    [
                        1.3294546604156494,
                        1.7086290121078491,
                        3.0317325592041016,
                        -6.484625339508057
                    ],
                    [
                        1.3164957761764526,
                        1.63826322555542,
                        3.2776193618774414,
                        -6.711209774017334
                    ],
                    [
                        1.329012393951416,
                        1.3738112449645996,
                        3.3279170989990234,
                        -6.7077131271362305
                    ],
                    [
                        1.552771806716919,
                        1.3369567394256592,
                        3.524944305419922,
                        -6.847687244415283
                    ],
                    [
                        1.729658603668213,
                        1.369840145111084,
                        3.630561351776123,
                        -6.887791156768799
                    ],
                    [
                        1.5927691459655762,
                        1.5237674713134766,
                        3.847353458404541,
                        -6.971950531005859
                    ],
                    [
                        1.4539015293121338,
                        1.4612984657287598,
                        3.8120028972625732,
                        -6.910168647766113
                    ],
                    [
                        1.5902217626571655,
                        1.3405587673187256,
                        3.808717966079712,
                        -7.189119815826416
                    ],
                    [
                        1.3892555236816406,
                        1.3735461235046387,
                        3.718259334564209,
                        -7.239243984222412
                    ],
                    [
                        1.6451977491378784,
                        1.4291900396347046,
                        3.6685733795166016,
                        -7.270214080810547
                    ],
                    [
                        1.7015985250473022,
                        1.4872781038284302,
                        3.714658260345459,
                        -7.158127784729004
                    ],
                    [
                        1.8601503372192383,
                        1.5230026245117188,
                        3.708621025085449,
                        -7.2836809158325195
                    ]
                ]
            ],
            "actions_pred": [
                [
                    [
                        0.9922289848327637,
                        0.7987626791000366,
                        0.8023866415023804,
                        0.3572269082069397,
                        0.276114821434021,
                        0.6282250285148621,
                        0.8808744549751282,
                        1.036857008934021,
                        1.3294546604156494,
                        1.3164957761764526,
                        1.329012393951416,
                        1.552771806716919,
                        1.729658603668213,
                        1.5927691459655762,
                        1.4539015293121338,
                        1.5902217626571655,
                        1.3892555236816406,
                        1.6451977491378784,
                        1.7015985250473022,
                        1.8601503372192383
                    ],
                    [
                        2.0922865867614746,
                        2.666408061981201,
                        2.556868314743042,
                        2.3817296028137207,
                        2.4411158561706543,
                        2.3156325817108154,
                        1.9859076738357544,
                        1.8114711046218872,
                        1.7086290121078491,
                        1.63826322555542,
                        1.3738112449645996,
                        1.3369567394256592,
                        1.369840145111084,
                        1.5237674713134766,
                        1.4612984657287598,
                        1.3405587673187256,
                        1.3735461235046387,
                        1.4291900396347046,
                        1.4872781038284302,
                        1.5230026245117188
                    ],
                    [
                        1.5692150592803955,
                        1.4731509685516357,
                        1.423638939857483,
                        2.074049949645996,
                        2.424970865249634,
                        2.3837122917175293,
                        2.491046667098999,
                        2.9457004070281982,
                        3.0317325592041016,
                        3.2776193618774414,
                        3.3279170989990234,
                        3.524944305419922,
                        3.630561351776123,
                        3.847353458404541,
                        3.8120028972625732,
                        3.808717966079712,
                        3.718259334564209,
                        3.6685733795166016,
                        3.714658260345459,
                        3.708621025085449
                    ],
                    [
                        -4.039228439331055,
                        -4.476815223693848,
                        -5.049614906311035,
                        -5.5763726234436035,
                        -5.887785911560059,
                        -6.110835552215576,
                        -6.151472091674805,
                        -6.466751575469971,
                        -6.484625339508057,
                        -6.711209774017334,
                        -6.7077131271362305,
                        -6.847687244415283,
                        -6.887791156768799,
                        -6.971950531005859,
                        -6.910168647766113,
                        -7.189119815826416,
                        -7.239243984222412,
                        -7.270214080810547,
                        -7.158127784729004,
                        -7.2836809158325195
                    ]
                ]
            ],
            "states": [
                [
                    [
                        5457512.0,
                        9.714517545944545e-06,
                        0.0004527103737927973,
                        552968.1875
                    ],
                    [
                        4474320.0,
                        9.607780157239176e-06,
                        0.00029970589093863964,
                        640429.75
                    ],
                    [
                        3226144.0,
                        9.52661685005296e-06,
                        0.00026218051789328456,
                        614909.3125
                    ],
                    [
                        4174584.0,
                        9.44995554164052e-06,
                        0.0002925366861745715,
                        607098.5
                    ],
                    [
                        4522104.0,
                        9.361412594444118e-06,
                        0.00028024095809087157,
                        568885.75
                    ],
                    [
                        2825048.0,
                        8.919517313188408e-06,
                        0.0001758198341121897,
                        690901.5625
                    ],
                    [
                        5196872.0,
                        8.846717719279695e-06,
                        0.00013516498438548297,
                        601105.3125
                    ],
                    [
                        7633856.0,
                        8.732715286896564e-06,
                        0.0001646996388444677,
                        547900.5625
                    ],
                    [
                        47963.0,
                        0.2136354148387909,
                        0.00027816780493594706,
                        871190.125
                    ],
                    [
                        608160.0,
                        0.027683094143867493,
                        0.00026209698989987373,
                        1030414.6875
                    ],
                    [
                        537208.0,
                        0.007899114862084389,
                        0.0002851165772881359,
                        949322.9375
                    ],
                    [
                        671872.0,
                        0.004755145870149136,
                        0.000267517170868814,
                        888587.6875
                    ],
                    [
                        858664.0,
                        0.003167606657370925,
                        0.00027258697082288563,
                        909664.5625
                    ],
                    [
                        877488.0,
                        0.0022909550461918116,
                        0.00027191461413167417,
                        989545.25
                    ],
                    [
                        1255416.0,
                        0.0017173178493976593,
                        0.00027577357832342386,
                        1043241.4375
                    ],
                    [
                        1436416.0,
                        0.0013016851153224707,
                        0.00027702987426891923,
                        939221.25
                    ],
                    [
                        1715880.0,
                        0.0010147599969059229,
                        0.0002779100905172527,
                        989890.625
                    ],
                    [
                        1867920.0,
                        0.0008108949987217784,
                        0.00026160795823670924,
                        1001348.25
                    ],
                    [
                        2189376.0,
                        0.0006609969423152506,
                        0.0002753763983491808,
                        969961.0625
                    ],
                    [
                        2552824.0,
                        0.000543545582331717,
                        0.0002731475979089737,
                        970656.1875
                    ]
                ]
            ],
            "actions": [
                [
                    [
                        0.5
                    ],
                    [
                        0.5
                    ],
                    [
                        0.5
                    ],
                    [
                        0.5
                    ],
                    [
                        0.5
                    ],
                    [
                        0.5
                    ],
                    [
                        0.5
                    ],
                    [
                        0.5
                    ],
                    [
                        0.75
                    ],
                    [
                        0.75
                    ],
                    [
                        0.75
                    ],
                    [
                        0.75
                    ],
                    [
                        0.75
                    ],
                    [
                        0.75
                    ],
                    [
                        0.75
                    ],
                    [
                        0.75
                    ],
                    [
                        0.75
                    ],
                    [
                        0.75
                    ],
                    [
                        0.75
                    ],
                    [
                        0.75
                    ]
                ]
            ],
            "returns": [
                [
                    [
                        0.39574772119522095
                    ],
                    [
                        0.3948124051094055
                    ],
                    [
                        0.3938947021961212
                    ],
                    [
                        0.39300599694252014
                    ],
                    [
                        0.3920944333076477
                    ],
                    [
                        0.3911758065223694
                    ],
                    [
                        0.39029887318611145
                    ],
                    [
                        0.38936787843704224
                    ],
                    [
                        0.3884028196334839
                    ],
                    [
                        0.38788723945617676
                    ],
                    [
                        0.3871464729309082
                    ],
                    [
                        0.3864167034626007
                    ],
                    [
                        0.385667085647583
                    ],
                    [
                        0.3848957419395447
                    ],
                    [
                        0.38412246108055115
                    ],
                    [
                        0.3833174407482147
                    ],
                    [
                        0.38250046968460083
                    ],
                    [
                        0.38166773319244385
                    ],
                    [
                        0.38082748651504517
                    ],
                    [
                        0.3799731433391571
                    ]
                ]
            ],
            "timesteps": [
                [
                    200,
                    201,
                    202,
                    203,
                    204,
                    205,
                    206,
                    207,
                    208,
                    209,
                    210,
                    211,
                    212,
                    213,
                    214,
                    215,
                    216,
                    217,
                    218,
                    219
                ]
            ],
            "labels": [
                [
                    1,
                    1,
                    1,
                    1,
                    1,
                    1,
                    1,
                    1,
                    2,
                    2,
                    2,
                    2,
                    2,
                    2,
                    2,
                    2,
                    2,
                    2,
                    2,
                    2
                ]
            ],
            "CPU Usage": 44.9,
            "RAM Usage": 55.0,
            "GPU Usage": 0.0,
            "VRAM Usage": 355.0,
            "Disk Read Speed (MB/s)": 206647.1474609375,
            "Disk Write Speed (MB/s)": 424604.2119140625
        },
        {
            "step": 1,
            "train_loss": 0.009497825987637043,
            "actions_pred1": [
                [
                    [
                        1.2383193969726562,
                        2.904271125793457,
                        1.850606918334961,
                        -4.673555850982666
                    ],
                    [
                        1.490425705909729,
                        3.650495767593384,
                        1.5223745107650757,
                        -4.633665084838867
                    ],
                    [
                        1.5842485427856445,
                        3.813368320465088,
                        1.5469533205032349,
                        -5.240934371948242
                    ],
                    [
                        1.574690341949463,
                        3.375589370727539,
                        1.7206778526306152,
                        -5.540827751159668
                    ],
                    [
                        1.4017484188079834,
                        3.3050785064697266,
                        1.9330015182495117,
                        -5.667120933532715
                    ],
                    [
                        1.042590618133545,
                        3.3964500427246094,
                        1.6896172761917114,
                        -5.655430793762207
                    ],
                    [
                        0.9944544434547424,
                        3.522846221923828,
                        1.6000621318817139,
                        -5.742414951324463
                    ],
                    [
                        1.201977014541626,
                        3.2743563652038574,
                        1.4502359628677368,
                        -5.752353668212891
                    ],
                    [
                        1.4133539199829102,
                        3.15022349357605,
                        1.459376573562622,
                        -5.916396617889404
                    ],
                    [
                        1.2418192625045776,
                        3.0905606746673584,
                        1.3066082000732422,
                        -6.05256462097168
                    ],
                    [
                        1.427984356880188,
                        3.18037748336792,
                        1.3956433534622192,
                        -6.1322479248046875
                    ],
                    [
                        1.657047152519226,
                        3.15944242477417,
                        1.438267469406128,
                        -6.141630172729492
                    ],
                    [
                        1.7578675746917725,
                        3.209348440170288,
                        1.5428212881088257,
                        -6.367927551269531
                    ],
                    [
                        1.672866702079773,
                        3.5312700271606445,
                        1.6534111499786377,
                        -6.560059547424316
                    ],
                    [
                        1.7874890565872192,
                        3.4454784393310547,
                        1.7915621995925903,
                        -6.413347244262695
                    ],
                    [
                        1.5995521545410156,
                        3.4224987030029297,
                        1.806366205215454,
                        -6.478908538818359
                    ],
                    [
                        1.6058804988861084,
                        3.4179134368896484,
                        1.8401296138763428,
                        -6.509728908538818
                    ],
                    [
                        1.6414991617202759,
                        3.4013969898223877,
                        1.9011859893798828,
                        -6.443452835083008
                    ],
                    [
                        1.765441656112671,
                        3.3530566692352295,
                        1.9499152898788452,
                        -6.334155082702637
                    ],
                    [
                        1.7543498277664185,
                        3.2001702785491943,
                        1.8841298818588257,
                        -6.424307823181152
                    ]
                ]
            ],
            "actions_pred": [
                [
                    [
                        1.2383193969726562,
                        1.490425705909729,
                        1.5842485427856445,
                        1.574690341949463,
                        1.4017484188079834,
                        1.042590618133545,
                        0.9944544434547424,
                        1.201977014541626,
                        1.4133539199829102,
                        1.2418192625045776,
                        1.427984356880188,
                        1.657047152519226,
                        1.7578675746917725,
                        1.672866702079773,
                        1.7874890565872192,
                        1.5995521545410156,
                        1.6058804988861084,
                        1.6414991617202759,
                        1.765441656112671,
                        1.7543498277664185
                    ],
                    [
                        2.904271125793457,
                        3.650495767593384,
                        3.813368320465088,
                        3.375589370727539,
                        3.3050785064697266,
                        3.3964500427246094,
                        3.522846221923828,
                        3.2743563652038574,
                        3.15022349357605,
                        3.0905606746673584,
                        3.18037748336792,
                        3.15944242477417,
                        3.209348440170288,
                        3.5312700271606445,
                        3.4454784393310547,
                        3.4224987030029297,
                        3.4179134368896484,
                        3.4013969898223877,
                        3.3530566692352295,
                        3.2001702785491943
                    ],
                    [
                        1.850606918334961,
                        1.5223745107650757,
                        1.5469533205032349,
                        1.7206778526306152,
                        1.9330015182495117,
                        1.6896172761917114,
                        1.6000621318817139,
                        1.4502359628677368,
                        1.459376573562622,
                        1.3066082000732422,
                        1.3956433534622192,
                        1.438267469406128,
                        1.5428212881088257,
                        1.6534111499786377,
                        1.7915621995925903,
                        1.806366205215454,
                        1.8401296138763428,
                        1.9011859893798828,
                        1.9499152898788452,
                        1.8841298818588257
                    ],
                    [
                        -4.673555850982666,
                        -4.633665084838867,
                        -5.240934371948242,
                        -5.540827751159668,
                        -5.667120933532715,
                        -5.655430793762207,
                        -5.742414951324463,
                        -5.752353668212891,
                        -5.916396617889404,
                        -6.05256462097168,
                        -6.1322479248046875,
                        -6.141630172729492,
                        -6.367927551269531,
                        -6.560059547424316,
                        -6.413347244262695,
                        -6.478908538818359,
                        -6.509728908538818,
                        -6.443452835083008,
                        -6.334155082702637,
                        -6.424307823181152
                    ]
                ]
            ],
            "states": [
                [
                    [
                        3453480.0,
                        1.1675143468892202e-05,
                        0.00029440681100822985,
                        672821.0625
                    ],
                    [
                        4107976.0,
                        1.1557735888345633e-05,
                        0.00028164629475213587,
                        683579.125
                    ],
                    [
                        4089152.0,
                        1.1433058716647793e-05,
                        0.00027785348356701434,
                        696568.625
                    ],
                    [
                        3556288.0,
                        1.131914814322954e-05,
                        0.00038381022750400007,
                        634586.1875
                    ],
                    [
                        2583232.0,
                        1.1229288247704972e-05,
                        0.0002961547579616308,
                        661987.4375
                    ],
                    [
                        1912808.0,
                        1.1164392162754666e-05,
                        0.00029962105327285826,
                        693806.25
                    ],
                    [
                        2088016.0,
                        1.1107291356893256e-05,
                        0.00029777659801766276,
                        580816.75
                    ],
                    [
                        2896000.0,
                        1.103698832594091e-05,
                        0.0002728095860220492,
                        525629.9375
                    ],
                    [
                        2564408.0,
                        1.0960944564430974e-05,
                        0.0002930021146312356,
                        619511.5625
                    ],
                    [
                        3921184.0,
                        1.087203600036446e-05,
                        0.0005929499748162925,
                        538834.625
                    ],
                    [
                        2794640.0,
                        1.0781384844449349e-05,
                        0.00017766767996363342,
                        677916.4375
                    ],
                    [
                        4726272.0,
                        1.0681769708753563e-05,
                        0.00018339134112466127,
                        599563.375
                    ],
                    [
                        4927544.0,
                        1.0556481356616132e-05,
                        0.00019205290300305933,
                        583179.3125
                    ],
                    [
                        5944040.0,
                        1.0418904821563046e-05,
                        0.0002024973655352369,
                        603427.0
                    ],
                    [
                        5063656.0,
                        1.0283110896125436e-05,
                        0.0002613598189782351,
                        607061.125
                    ],
                    [
                        5221488.0,
                        1.015944144455716e-05,
                        0.00023075626813806593,
                        620602.0625
                    ],
                    [
                        3421624.0,
                        1.0057716281153262e-05,
                        0.00032322804327122867,
                        608652.25
                    ],
                    [
                        3476648.0,
                        9.978034540836234e-06,
                        0.0002578554267529398,
                        617310.8125
                    ],
                    [
                        3407144.0,
                        9.899765245791059e-06,
                        0.00022438736050389707,
                        706043.875
                    ],
                    [
                        3938560.0,
                        9.817606041906402e-06,
                        0.00038321700412780046,
                        631372.625
                    ]
                ]
            ],
            "actions": [
                [
                    [
                        0.5
                    ],
                    [
                        0.5
                    ],
                    [
                        0.5
                    ],
                    [
                        0.5
                    ],
                    [
                        0.5
                    ],
                    [
                        0.5
                    ],
                    [
                        0.5
                    ],
                    [
                        0.5
                    ],
                    [
                        0.5
                    ],
                    [
                        0.5
                    ],
                    [
                        0.5
                    ],
                    [
                        0.5
                    ],
                    [
                        0.5
                    ],
                    [
                        0.5
                    ],
                    [
                        0.5
                    ],
                    [
                        0.5
                    ],
                    [
                        0.5
                    ],
                    [
                        0.5
                    ],
                    [
                        0.5
                    ],
                    [
                        0.5
                    ]
                ]
            ],
            "returns": [
                [
                    [
                        0.41369158029556274
                    ],
                    [
                        0.41279682517051697
                    ],
                    [
                        0.41188669204711914
                    ],
                    [
                        0.41097697615623474
                    ],
                    [
                        0.41007962822914124
                    ],
                    [
                        0.4092106521129608
                    ],
                    [
                        0.4083682894706726
                    ],
                    [
                        0.4075181484222412
                    ],
                    [
                        0.4066390097141266
                    ],
                    [
                        0.4057706594467163
                    ],
                    [
                        0.40486466884613037
                    ],
                    [
                        0.40398868918418884
                    ],
                    [
                        0.40306612849235535
                    ],
                    [
                        0.4021398723125458
                    ],
                    [
                        0.40119698643684387
                    ],
                    [
                        0.4002683162689209
                    ],
                    [
                        0.39933690428733826
                    ],
                    [
                        0.39844298362731934
                    ],
                    [
                        0.3975476622581482
                    ],
                    [
                        0.3966540992259979
                    ]
                ]
            ],
            "timesteps": [
                [
                    180,
                    181,
                    182,
                    183,
                    184,
                    185,
                    186,
                    187,
                    188,
                    189,
                    190,
                    191,
                    192,
                    193,
                    194,
                    195,
                    196,
                    197,
                    198,
                    199
                ]
            ],
            "labels": [
                [
                    1,
                    1,
                    1,
                    1,
                    1,
                    1,
                    1,
                    1,
                    1,
                    1,
                    1,
                    1,
                    1,
                    1,
                    1,
                    1,
                    1,
                    1,
                    1,
                    1
                ]
            ],
            "CPU Usage": 46.8,
            "RAM Usage": 55.0,
            "GPU Usage": 0.0,
            "VRAM Usage": 355.0,
            "Disk Read Speed (MB/s)": 206647.1474609375,
            "Disk Write Speed (MB/s)": 424604.2705078125
        },
        {
            "step": 2,
            "train_loss": 0.006040441337972879,
            "actions_pred1": [
                [
                    [
                        1.5943305492401123,
                        0.003505915403366089,
                        1.5491585731506348,
                        -3.4166641235351562
                    ],
                    [
                        1.8230503797531128,
                        0.28223729133605957,
                        1.6048264503479004,
                        -3.499849557876587
                    ],
                    [
                        2.2665019035339355,
                        1.0847824811935425,
                        1.7022420167922974,
                        -4.092639446258545
                    ],
                    [
                        3.3475751876831055,
                        1.1169579029083252,
                        1.563773274421692,
                        -4.503956317901611
                    ],
                    [
                        3.894840717315674,
                        0.31172704696655273,
                        1.719160795211792,
                        -5.483232021331787
                    ],
                    [
                        4.485637187957764,
                        0.42764681577682495,
                        2.1445565223693848,
                        -6.443668842315674
                    ],
                    [
                        4.647657871246338,
                        0.7042666673660278,
                        2.18013072013855,
                        -6.760556697845459
                    ],
                    [
                        4.5593366622924805,
                        1.3072421550750732,
                        2.0291988849639893,
                        -6.943726539611816
                    ],
                    [
                        4.5838823318481445,
                        1.1073637008666992,
                        1.8747093677520752,
                        -6.755559921264648
                    ],
                    [
                        5.124920845031738,
                        0.8853812217712402,
                        1.875841498374939,
                        -6.755621910095215
                    ],
                    [
                        5.220915794372559,
                        0.9096542596817017,
                        2.0598862171173096,
                        -7.241202354431152
                    ],
                    [
                        5.40168571472168,
                        0.8405349850654602,
                        2.3028879165649414,
                        -7.138882637023926
                    ],
                    [
                        5.104231834411621,
                        0.9980471134185791,
                        2.5613043308258057,
                        -7.2043633460998535
                    ],
                    [
                        5.010199546813965,
                        1.059306263923645,
                        2.643404960632324,
                        -7.176436901092529
                    ],
                    [
                        4.970038414001465,
                        1.2782657146453857,
                        2.6053566932678223,
                        -7.164888381958008
                    ],
                    [
                        4.999326705932617,
                        1.069873571395874,
                        2.574054002761841,
                        -7.4114508628845215
                    ],
                    [
                        4.898530960083008,
                        0.9578918218612671,
                        2.64169979095459,
                        -7.450091361999512
                    ],
                    [
                        4.689008712768555,
                        0.7652531862258911,
                        2.3068859577178955,
                        -7.189797401428223
                    ],
                    [
                        4.938527584075928,
                        0.5052535533905029,
                        2.4407081604003906,
                        -7.128386497497559
                    ],
                    [
                        5.053867340087891,
                        0.8894989490509033,
                        2.4332358837127686,
                        -7.324857711791992
                    ]
                ]
            ],
            "actions_pred": [
                [
                    [
                        1.5943305492401123,
                        1.8230503797531128,
                        2.2665019035339355,
                        3.3475751876831055,
                        3.894840717315674,
                        4.485637187957764,
                        4.647657871246338,
                        4.5593366622924805,
                        4.5838823318481445,
                        5.124920845031738,
                        5.220915794372559,
                        5.40168571472168,
                        5.104231834411621,
                        5.010199546813965,
                        4.970038414001465,
                        4.999326705932617,
                        4.898530960083008,
