{
    "steps": [
        {
            "step": 0,
            "train_loss": 0.028132373467087746,
            "actions_pred1": [
                [
                    [
                        0.04842481017112732,
                        -0.27878427505493164,
                        0.7460945844650269,
                        0.40303683280944824
                    ],
                    [
                        -0.012583926320075989,
                        -0.13386225700378418,
                        0.708227813243866,
                        0.4233795702457428
                    ],
                    [
                        -0.021765805780887604,
                        -0.02892512083053589,
                        0.6638169884681702,
                        0.47768473625183105
                    ],
                    [
                        0.1461402177810669,
                        0.014604009687900543,
                        0.860442578792572,
                        0.46287816762924194
                    ],
                    [
                        0.06776043772697449,
                        0.042811810970306396,
                        0.9066408276557922,
                        0.3886570930480957
                    ],
                    [
                        -0.24567079544067383,
                        -0.1615917682647705,
                        0.8927062153816223,
                        0.4173012971878052
                    ],
                    [
                        -0.3017960786819458,
                        -0.19686710834503174,
                        0.8115402460098267,
                        0.34663140773773193
                    ],
                    [
                        -0.17172670364379883,
                        -0.1453624665737152,
                        0.7651643753051758,
                        0.4302220642566681
                    ],
                    [
                        -0.1789090782403946,
                        -0.11342759430408478,
                        0.6835377812385559,
                        0.34346041083335876
                    ],
                    [
                        -0.1930312216281891,
                        -0.07233873009681702,
                        0.7085044384002686,
                        0.19069375097751617
                    ],
                    [
                        -0.109080970287323,
                        -0.1591247320175171,
                        0.6007418036460876,
                        0.23396733403205872
                    ],
                    [
                        -0.1475003957748413,
                        -0.072657510638237,
                        0.7690665125846863,
                        0.1689501851797104
                    ],
                    [
                        -0.11537773907184601,
                        -0.08409494161605835,
                        0.8482179641723633,
                        0.22372981905937195
                    ],
                    [
                        -0.0986333042383194,
                        -0.18461434543132782,
                        0.8795909285545349,
                        0.13728247582912445
                    ],
                    [
                        -0.06131276488304138,
                        -0.1999254822731018,
                        0.7877456545829773,
                        0.21494722366333008
                    ],
                    [
                        -0.21368345618247986,
                        -0.18581990897655487,
                        0.6853722333908081,
                        0.22972199320793152
                    ],
                    [
                        -0.13438734412193298,
                        -0.13900935649871826,
                        0.7450580596923828,
                        0.3377266824245453
                    ],
                    [
                        -0.13172540068626404,
                        -0.08296279609203339,
                        0.7836693525314331,
                        0.2748556435108185
                    ],
                    [
                        -0.1422623097896576,
                        -0.08083681762218475,
                        0.7936077117919922,
                        0.17826735973358154
                    ],
                    [
                        -0.14435610175132751,
                        -0.03709042817354202,
                        0.7631601691246033,
                        0.1373889446258545
                    ]
                ]
            ],
            "actions_pred": [
                [
                    [
                        0.04842481017112732,
                        -0.012583926320075989,
                        -0.021765805780887604,
                        0.1461402177810669,
                        0.06776043772697449,
                        -0.24567079544067383,
                        -0.3017960786819458,
                        -0.17172670364379883,
                        -0.1789090782403946,
                        -0.1930312216281891,
                        -0.109080970287323,
                        -0.1475003957748413,
                        -0.11537773907184601,
                        -0.0986333042383194,
                        -0.06131276488304138,
                        -0.21368345618247986,
                        -0.13438734412193298,
                        -0.13172540068626404,
                        -0.1422623097896576,
                        -0.14435610175132751
                    ],
                    [
                        -0.27878427505493164,
                        -0.13386225700378418,
                        -0.02892512083053589,
                        0.014604009687900543,
                        0.042811810970306396,
                        -0.1615917682647705,
                        -0.19686710834503174,
                        -0.1453624665737152,
                        -0.11342759430408478,
                        -0.07233873009681702,
                        -0.1591247320175171,
                        -0.072657510638237,
                        -0.08409494161605835,
                        -0.18461434543132782,
                        -0.1999254822731018,
                        -0.18581990897655487,
                        -0.13900935649871826,
                        -0.08296279609203339,
                        -0.08083681762218475,
                        -0.03709042817354202
                    ],
                    [
                        0.7460945844650269,
                        0.708227813243866,
                        0.6638169884681702,
                        0.860442578792572,
                        0.9066408276557922,
                        0.8927062153816223,
                        0.8115402460098267,
                        0.7651643753051758,
                        0.6835377812385559,
                        0.7085044384002686,
                        0.6007418036460876,
                        0.7690665125846863,
                        0.8482179641723633,
                        0.8795909285545349,
                        0.7877456545829773,
                        0.6853722333908081,
                        0.7450580596923828,
                        0.7836693525314331,
                        0.7936077117919922,
                        0.7631601691246033
                    ],
                    [
                        0.40303683280944824,
                        0.4233795702457428,
                        0.47768473625183105,
                        0.46287816762924194,
                        0.3886570930480957,
                        0.4173012971878052,
                        0.34663140773773193,
                        0.4302220642566681,
                        0.34346041083335876,
                        0.19069375097751617,
                        0.23396733403205872,
                        0.1689501851797104,
                        0.22372981905937195,
                        0.13728247582912445,
                        0.21494722366333008,
                        0.22972199320793152,
                        0.3377266824245453,
                        0.2748556435108185,
                        0.17826735973358154,
                        0.1373889446258545
                    ]
                ]
            ],
            "states": [
                [
                    [
                        5583488.0,
                        1.565206184750423e-05,
                        0.00026454709586687386,
                        777972.9375
                    ],
                    [
                        4978224.0,
                        1.5359531971625984e-05,
                        0.0002797465131152421,
                        855686.3125
                    ],
                    [
                        5334432.0,
                        1.5084374354046304e-05,
                        0.00027696648612618446,
                        816815.875
                    ],
                    [
                        5159224.0,
                        1.4814246242167428e-05,
                        0.0002747685939539224,
                        799861.375
                    ],
                    [
                        5513984.0,
                        1.4549360457749572e-05,
                        0.000255326071055606,
                        807912.1875
                    ],
                    [
                        5082480.0,
                        1.4295442269940395e-05,
                        0.0002729953557718545,
                        779605.9375
                    ],
                    [
                        5376424.0,
                        1.4053456652618479e-05,
                        0.00026464968686923385,
                        853596.25
                    ],
                    [
                        5073792.0,
                        1.3819644664181396e-05,
                        0.000260901142610237,
                        865763.5
                    ],
                    [
                        5425656.0,
                        1.3592515642812941e-05,
                        0.00026091569452546537,
                        896600.0
                    ],
                    [
                        5301128.0,
                        1.3368029613047838e-05,
                        0.00027603365015238523,
                        844597.4375
                    ],
                    [
                        5346016.0,
                        1.3152442988939583e-05,
                        0.0002529293124098331,
                        839011.5
                    ],
                    [
                        5652992.0,
                        1.2936916391481645e-05,
                        0.0002769185812212527,
                        874385.5625
                    ],
                    [
                        5185288.0,
                        1.2731260540022049e-05,
                        0.0002480096882209182,
                        820181.0625
                    ],
                    [
                        5438688.0,
                        1.2536010217445437e-05,
                        0.00027678909827955067,
                        838090.6875
                    ],
                    [
                        5221488.0,
                        1.2345956747594755e-05,
                        0.0002834639744833112,
                        979366.25
                    ],
                    [
                        5306920.0,
                        1.2163849532953463e-05,
                        0.00027035834500566125,
                        858373.0
                    ],
                    [
                        5419864.0,
                        1.1983782314928249e-05,
                        0.0002671718248166144,
                        825702.5
                    ],
                    [
                        5708016.0,
                        1.1802524568338413e-05,
                        0.00027032653451897204,
                        851358.6875
                    ],
                    [
                        5637064.0,
                        1.1623262253124267e-05,
                        0.0002656110445968807,
                        872734.375
                    ],
                    [
                        5471992.0,
                        1.1452919352450408e-05,
                        0.0002651966060511768,
                        865487.25
                    ]
                ]
            ],
            "actions": [
                [
                    [
                        0.75
                    ],
                    [
                        0.75
                    ],
                    [
                        0.75
                    ],
                    [
                        0.75
                    ],
                    [
                        0.75
                    ],
                    [
                        0.75
                    ],
                    [
                        0.75
                    ],
                    [
                        0.75
                    ],
                    [
                        0.75
                    ],
                    [
                        0.75
                    ],
                    [
                        0.75
                    ],
                    [
                        0.75
                    ],
                    [
                        0.75
                    ],
                    [
                        0.75
                    ],
                    [
                        0.75
                    ],
                    [
                        0.75
                    ],
                    [
                        0.75
                    ],
                    [
                        0.75
                    ],
                    [
                        0.75
                    ],
                    [
                        0.75
                    ]
                ]
            ],
            "returns": [
                [
                    [
                        0.5428837537765503
                    ],
                    [
                        0.5419464111328125
                    ],
                    [
                        0.5410192608833313
                    ],
                    [
                        0.5400859713554382
                    ],
                    [
                        0.5391556620597839
                    ],
                    [
                        0.5382193922996521
                    ],
                    [
                        0.5372903943061829
                    ],
                    [
                        0.5363564491271973
                    ],
                    [
                        0.5354275703430176
                    ],
                    [
                        0.5344927906990051
                    ],
                    [
                        0.533560037612915
                    ],
                    [
                        0.5326265692710876
                    ],
                    [
                        0.5316881537437439
                    ],
                    [
                        0.5307573676109314
                    ],
                    [
                        0.5298223495483398
                    ],
                    [
                        0.5288909673690796
                    ],
                    [
                        0.5279580950737
                    ],
                    [
                        0.527023434638977
                    ],
                    [
                        0.5260841250419617
                    ],
                    [
                        0.525145947933197
                    ]
                ]
            ],
            "timesteps": [
                [
                    40,
                    41,
                    42,
                    43,
                    44,
                    45,
                    46,
                    47,
                    48,
                    49,
                    50,
                    51,
                    52,
                    53,
                    54,
                    55,
                    56,
                    57,
                    58,
                    59
                ]
            ],
            "labels": [
                [
                    2,
                    2,
                    2,
                    2,
                    2,
                    2,
                    2,
                    2,
                    2,
                    2,
                    2,
                    2,
                    2,
                    2,
                    2,
                    2,
                    2,
                    2,
                    2,
                    2
                ]
            ],
            "CPU Usage": 45.0,
            "RAM Usage": 55.4,
            "GPU Usage": 0.0,
            "VRAM Usage": 356.0,
            "Disk Read Speed (MB/s)": 206024.3720703125,
            "Disk Write Speed (MB/s)": 338013.1806640625
        },
        {
            "step": 1,
            "train_loss": 0.053053803741931915,
            "actions_pred1": [
                [
                    [
                        0.012695401906967163,
                        -0.2837742567062378,
                        0.5507106184959412,
                        0.42619776725769043
                    ],
                    [
                        -0.10422438383102417,
                        -0.04830391705036163,
                        0.7372549176216125,
                        0.5112352967262268
                    ],
                    [
                        -0.20951750874519348,
                        0.055826738476753235,
                        0.7132941484451294,
                        0.44534045457839966
                    ],
                    [
                        -0.2177356481552124,
                        0.025968536734580994,
                        0.7488341331481934,
                        0.44604700803756714
                    ],
                    [
                        -0.16919377446174622,
                        0.08477003872394562,
                        0.7717790603637695,
                        0.39300936460494995
                    ],
                    [
                        -0.12506085634231567,
                        0.01780441403388977,
                        0.6711273193359375,
                        0.3586246967315674
                    ],
                    [
                        -0.06180708110332489,
                        0.06175411492586136,
                        0.7412496209144592,
                        0.27819886803627014
                    ],
                    [
                        -0.054075971245765686,
                        0.019582323729991913,
                        0.6859892010688782,
                        0.30879077315330505
                    ],
                    [
                        -0.17720653116703033,
                        -0.04965127259492874,
                        0.7773422002792358,
                        0.24355381727218628
                    ],
                    [
                        -0.17469748854637146,
                        0.041363675147295,
                        0.842321515083313,
                        0.21089091897010803
                    ],
                    [
                        -0.29967644810676575,
                        -0.09034030884504318,
                        0.9156543612480164,
                        0.06604662537574768
                    ],
                    [
                        -0.37306466698646545,
                        -0.06613709032535553,
                        0.7733691334724426,
                        0.024021625518798828
                    ],
                    [
                        -0.35647052526474,
                        -0.019114144146442413,
                        0.7560685873031616,
                        0.12379923462867737
                    ],
                    [
                        -0.29521694779396057,
                        0.035828158259391785,
                        0.8337955474853516,
                        0.20016637444496155
                    ],
                    [
                        -0.4461628198623657,
                        -0.249784916639328,
                        0.811744749546051,
                        0.09935212135314941
                    ],
                    [
                        -0.32273536920547485,
                        -0.25617173314094543,
                        0.7733288407325745,
                        0.118559330701828
                    ],
                    [
                        -0.34158357977867126,
                        -0.137128084897995,
                        0.8154453039169312,
                        0.08904188871383667
                    ],
                    [
                        -0.36076176166534424,
                        -0.047956205904483795,
                        0.7345993518829346,
                        0.19544389843940735
                    ],
                    [
                        -0.2828945815563202,
                        -0.06688597053289413,
                        0.8301529884338379,
                        0.16981565952301025
                    ],
                    [
                        -0.2838067412376404,
                        -0.05734673887491226,
                        0.7846666574478149,
                        0.16745588183403015
                    ]
                ]
            ],
            "actions_pred": [
                [
                    [
                        0.012695401906967163,
                        -0.10422438383102417,
                        -0.20951750874519348,
                        -0.2177356481552124,
                        -0.16919377446174622,
                        -0.12506085634231567,
                        -0.06180708110332489,
                        -0.054075971245765686,
                        -0.17720653116703033,
                        -0.17469748854637146,
                        -0.29967644810676575,
                        -0.37306466698646545,
                        -0.35647052526474,
                        -0.29521694779396057,
                        -0.4461628198623657,
                        -0.32273536920547485,
                        -0.34158357977867126,
                        -0.36076176166534424,
                        -0.2828945815563202,
                        -0.2838067412376404
                    ],
                    [
                        -0.2837742567062378,
                        -0.04830391705036163,
                        0.055826738476753235,
                        0.025968536734580994,
                        0.08477003872394562,
                        0.01780441403388977,
                        0.06175411492586136,
                        0.019582323729991913,
                        -0.04965127259492874,
                        0.041363675147295,
                        -0.09034030884504318,
                        -0.06613709032535553,
                        -0.019114144146442413,
                        0.035828158259391785,
                        -0.249784916639328,
                        -0.25617173314094543,
                        -0.137128084897995,
                        -0.047956205904483795,
                        -0.06688597053289413,
                        -0.05734673887491226
                    ],
                    [
                        0.5507106184959412,
                        0.7372549176216125,
                        0.7132941484451294,
                        0.7488341331481934,
                        0.7717790603637695,
                        0.6711273193359375,
                        0.7412496209144592,
                        0.6859892010688782,
                        0.7773422002792358,
                        0.842321515083313,
                        0.9156543612480164,
                        0.7733691334724426,
                        0.7560685873031616,
                        0.8337955474853516,
                        0.811744749546051,
                        0.7733288407325745,
                        0.8154453039169312,
                        0.7345993518829346,
                        0.8301529884338379,
                        0.7846666574478149
                    ],
                    [
                        0.42619776725769043,
                        0.5112352967262268,
                        0.44534045457839966,
                        0.44604700803756714,
                        0.39300936460494995,
                        0.3586246967315674,
                        0.27819886803627014,
                        0.30879077315330505,
                        0.24355381727218628,
                        0.21089091897010803,
                        0.06604662537574768,
                        0.024021625518798828,
                        0.12379923462867737,
                        0.20016637444496155,
                        0.09935212135314941,
                        0.118559330701828,
                        0.08904188871383667,
                        0.19544389843940735,
                        0.16981565952301025,
                        0.16745588183403015
                    ]
                ]
            ],
            "states": [
                [
                    [
                        6436360.0,
                        3.756791920750402e-05,
                        0.00023788119142409414,
                        525420.0
                    ],
                    [
                        5822408.0,
                        3.5673747333930805e-05,
                        0.0002484873402863741,
                        540076.8125
                    ],
                    [
                        6120696.0,
                        3.400527930352837e-05,
                        0.00025739934062585235,
                        546681.375
                    ],
                    [
                        6143632.0,
                        3.2446547265863046e-05,
                        0.00019004895875696093,
                        549135.1875
                    ],
                    [
                        6290344.0,
                        3.100591857219115e-05,
                        0.00022606240236200392,
                        515628.96875
                    ],
                    [
                        7225288.0,
                        2.9579521651612595e-05,
                        0.0002532026555854827,
                        501138.75
                    ],
                    [
                        5695216.0,
                        2.8330134227871895e-05,
                        0.0002667571825440973,
                        501280.09375
                    ],
                    [
                        6048296.0,
                        2.72848174063256e-05,
                        0.00026687141507864,
                        520591.84375
                    ],
                    [
                        5956840.0,
                        2.6292696929886006e-05,
                        0.0002529114135541022,
                        510954.5
                    ],
                    [
                        5511320.0,
                        2.5409783120267093e-05,
                        0.0002583715249784291,
                        498321.25
                    ],
                    [
                        7421000.0,
                        2.448467603244353e-05,
                        0.001365873496979475,
                        470548.53125
                    ],
                    [
                        6653560.0,
                        2.3549235265818425e-05,
                        0.0008239395683631301,
                        489404.40625
                    ],
                    [
                        5919424.0,
                        2.2772055672248825e-05,
                        0.0005388445570133626,
                        494672.6875
                    ],
                    [
                        6049744.0,
                        2.2078909751144238e-05,
                        0.0005018769879825413,
                        522203.84375
                    ],
                    [
                        5699328.0,
                        2.1438178009702824e-05,
                        0.0005396626074798405,
                        525676.375
                    ],
                    [
                        5907840.0,
                        2.084095285681542e-05,
                        0.00039070475031621754,
                        484434.71875
                    ],
                    [
                        7654128.0,
                        2.0184714230708778e-05,
                        0.00037147922557778656,
                        485244.75
                    ],
                    [
                        6171376.0,
                        1.9555423932615668e-05,
                        0.00035373689024709165,
                        520211.9375
                    ],
                    [
                        5359048.0,
                        1.9060054910369217e-05,
                        0.0003472233365755528,
                        514446.75
                    ],
                    [
                        5344568.0,
                        1.8622442439664155e-05,
                        0.00021890846255701035,
                        526664.75
                    ]
                ]
            ],
            "actions": [
                [
                    [
                        0.5
                    ],
                    [
                        0.5
                    ],
                    [
                        0.5
                    ],
                    [
                        0.5
                    ],
                    [
                        0.5
                    ],
                    [
                        0.5
                    ],
                    [
                        0.5
                    ],
                    [
                        0.5
                    ],
                    [
                        0.5
                    ],
                    [
                        0.5
                    ],
                    [
                        0.5
                    ],
                    [
                        0.5
                    ],
                    [
                        0.5
                    ],
                    [
                        0.5
                    ],
                    [
                        0.5
                    ],
                    [
                        0.5
                    ],
                    [
                        0.5
                    ],
                    [
                        0.5
                    ],
                    [
                        0.5
                    ],
                    [
                        0.5
                    ]
                ]
            ],
            "returns": [
                [
                    [
                        0.17125853896141052
                    ],
                    [
                        0.17030860483646393
                    ],
                    [
                        0.16936755180358887
                    ],
                    [
                        0.16842207312583923
                    ],
                    [
                        0.16747625172138214
                    ],
                    [
                        0.1665283590555191
                    ],
                    [
                        0.16556815803050995
                    ],
                    [
                        0.16462907195091248
                    ],
                    [
                        0.1636846512556076
                    ],
                    [
                        0.16274157166481018
                    ],
                    [
                        0.1618053913116455
                    ],
                    [
                        0.16084282100200653
                    ],
                    [
                        0.15988995134830475
                    ],
                    [
                        0.1589474231004715
                    ],
                    [
                        0.15800298750400543
                    ],
                    [
                        0.157063826918602
                    ],
                    [
                        0.15612147748470306
                    ],
                    [
                        0.1551561802625656
                    ],
                    [
                        0.15420997142791748
                    ],
                    [
                        0.153276264667511
                    ]
                ]
            ],
            "timesteps": [
                [
                    440,
                    441,
                    442,
                    443,
                    444,
                    445,
                    446,
                    447,
                    448,
                    449,
                    450,
                    451,
                    452,
                    453,
                    454,
                    455,
                    456,
                    457,
                    458,
                    459
                ]
            ],
            "labels": [
                [
                    1,
                    1,
                    1,
                    1,
                    1,
                    1,
                    1,
                    1,
                    1,
                    1,
                    1,
                    1,
                    1,
                    1,
                    1,
                    1,
                    1,
                    1,
                    1,
                    1
                ]
            ],
            "CPU Usage": 46.8,
            "RAM Usage": 55.6,
            "GPU Usage": 0.0,
            "VRAM Usage": 356.0,
            "Disk Read Speed (MB/s)": 206024.3720703125,
            "Disk Write Speed (MB/s)": 338013.3603515625
        },
        {
            "step": 2,
            "train_loss": 0.055038340389728546,
            "actions_pred1": [
                [
                    [
                        0.3115190267562866,
                        0.07772672921419144,
                        0.914038896560669,
                        0.3833196461200714
                    ],
                    [
                        0.21253594756126404,
                        0.026237331330776215,
                        0.6577401161193848,
                        0.6935629844665527
                    ],
                    [
                        0.17835883796215057,
                        0.11534304916858673,
                        0.5316154956817627,
                        0.6836849451065063
                    ],
                    [
                        0.10846135020256042,
                        0.09184466302394867,
                        0.5702052116394043,
                        0.557550311088562
                    ],
                    [
                        0.08086493611335754,
                        0.059478551149368286,
                        0.6139583587646484,
                        0.2073346972465515
                    ],
                    [
                        -0.005924791097640991,
                        0.0582285150885582,
                        0.6567507982254028,
                        0.27058547735214233
                    ],
                    [
                        -0.09266630560159683,
                        -0.011106006801128387,
                        0.6971981525421143,
                        0.22894345223903656
                    ],
                    [
                        -0.07250920683145523,
                        0.03945080190896988,
                        0.6297526359558105,
                        0.20688152313232422
                    ],
                    [
                        -0.07196857035160065,
                        0.09452198445796967,
                        0.6738491654396057,
                        0.08853746950626373
                    ],
                    [
                        -0.10050026327371597,
                        0.2340516448020935,
                        0.6390399932861328,
                        0.23601919412612915
                    ],
                    [
                        -0.21307909488677979,
                        -0.006545260548591614,
                        0.6706962585449219,
                        0.25199824571609497
                    ],
                    [
                        -0.20413224399089813,
                        -0.06617598980665207,
                        0.6644741892814636,
                        0.15315057337284088
                    ],
                    [
                        -0.1257283091545105,
                        0.11144169420003891,
                        0.9291481971740723,
                        0.2239048331975937
                    ],
                    [
                        -0.12984292209148407,
                        0.06376347690820694,
                        0.8105796575546265,
                        0.28400367498397827
                    ],
                    [
                        -0.19771817326545715,
                        0.06782819330692291,
                        0.787402868270874,
                        0.21465425193309784
                    ],
                    [
                        -0.20033805072307587,
                        -0.16280800104141235,
                        0.9884532690048218,
                        0.2773703932762146
                    ],
                    [
                        -0.2584480047225952,
                        -0.14935655891895294,
                        1.0511783361434937,
                        0.16797953844070435
                    ],
                    [
                        -0.2069878876209259,
                        0.010615706443786621,
                        0.8829414248466492,
                        0.23497755825519562
                    ],
                    [
                        -0.14367274940013885,
                        -0.014357075095176697,
                        0.8209438323974609,
                        0.18189290165901184
                    ],
                    [
                        -0.13435021042823792,
                        0.1063774898648262,
                        0.7162725329399109,
                        0.23804159462451935
                    ]
                ]
            ],
            "actions_pred": [
                [
                    [
                        0.3115190267562866,
                        0.21253594756126404,
                        0.17835883796215057,
                        0.10846135020256042,
                        0.08086493611335754,
                        -0.005924791097640991,
