{
    "steps": [
        {
            "step": 0,
            "train_loss": 0.026049163192510605,
            "actions_pred1": [
                [
                    [
                        0.3726113438606262,
                        1.308972716331482,
                        0.5935076475143433,
                        -0.43714219331741333
                    ],
                    [
                        0.5191591382026672,
                        1.3900794982910156,
                        0.32209092378616333,
                        -0.5930583477020264
                    ],
                    [
                        0.34114256501197815,
                        1.300727128982544,
                        0.3649868965148926,
                        -0.7710800170898438
                    ],
                    [
                        0.3033747673034668,
                        1.2599072456359863,
                        0.3745206594467163,
                        -0.7439852952957153
                    ],
                    [
                        0.315371036529541,
                        1.299401044845581,
                        0.45223522186279297,
                        -0.7379352450370789
                    ],
                    [
                        0.30246397852897644,
                        1.2859599590301514,
                        0.5465415120124817,
                        -0.8199410438537598
                    ],
                    [
                        0.2729598581790924,
                        1.2312208414077759,
                        0.5411930680274963,
                        -0.7467684745788574
                    ],
                    [
                        0.3367115259170532,
                        0.8579420447349548,
                        0.5828151702880859,
                        -0.7698482275009155
                    ],
                    [
                        0.45537301898002625,
                        0.8482445478439331,
                        0.5970916152000427,
                        -0.7208857536315918
                    ],
                    [
                        0.3499652147293091,
                        0.8876292705535889,
                        0.6923359036445618,
                        -0.7650193572044373
                    ],
                    [
                        0.26172447204589844,
                        0.9283417463302612,
                        0.6141761541366577,
                        -0.796661913394928
                    ],
                    [
                        0.34684979915618896,
                        1.07686448097229,
                        0.579918384552002,
                        -0.707085371017456
                    ],
                    [
                        0.2833101749420166,
                        0.981779932975769,
                        0.585761308670044,
                        -0.7285217046737671
                    ],
                    [
                        0.2986923158168793,
                        0.9328247308731079,
                        0.614141583442688,
                        -0.6581897735595703
                    ],
                    [
                        0.24405306577682495,
                        0.8353235721588135,
                        0.5965552926063538,
                        -0.7528814077377319
                    ],
                    [
                        0.31698375940322876,
                        0.9562991857528687,
                        0.6384684443473816,
                        -0.7563780546188354
                    ],
                    [
                        0.19952324032783508,
                        0.8686014413833618,
                        0.6910073757171631,
                        -0.7643828392028809
                    ],
                    [
                        0.14266067743301392,
                        0.8015668988227844,
                        0.6913324594497681,
                        -0.7520520687103271
                    ],
                    [
                        0.1254715919494629,
                        0.835188627243042,
                        0.713089644908905,
                        -0.9408382177352905
                    ],
                    [
                        0.23671922087669373,
                        0.8777419328689575,
                        0.8332613110542297,
                        -0.7955659627914429
                    ]
                ]
            ],
            "actions_pred": [
                [
                    [
                        0.3726113438606262,
                        0.5191591382026672,
                        0.34114256501197815,
                        0.3033747673034668,
                        0.315371036529541,
                        0.30246397852897644,
                        0.2729598581790924,
                        0.3367115259170532,
                        0.45537301898002625,
                        0.3499652147293091,
                        0.26172447204589844,
                        0.34684979915618896,
                        0.2833101749420166,
                        0.2986923158168793,
                        0.24405306577682495,
                        0.31698375940322876,
                        0.19952324032783508,
                        0.14266067743301392,
                        0.1254715919494629,
                        0.23671922087669373
                    ],
                    [
                        1.308972716331482,
                        1.3900794982910156,
                        1.300727128982544,
                        1.2599072456359863,
                        1.299401044845581,
                        1.2859599590301514,
                        1.2312208414077759,
                        0.8579420447349548,
                        0.8482445478439331,
                        0.8876292705535889,
                        0.9283417463302612,
                        1.07686448097229,
                        0.981779932975769,
                        0.9328247308731079,
                        0.8353235721588135,
                        0.9562991857528687,
                        0.8686014413833618,
                        0.8015668988227844,
                        0.835188627243042,
                        0.8777419328689575
                    ],
                    [
                        0.5935076475143433,
                        0.32209092378616333,
                        0.3649868965148926,
                        0.3745206594467163,
                        0.45223522186279297,
                        0.5465415120124817,
                        0.5411930680274963,
                        0.5828151702880859,
                        0.5970916152000427,
                        0.6923359036445618,
                        0.6141761541366577,
                        0.579918384552002,
                        0.585761308670044,
                        0.614141583442688,
                        0.5965552926063538,
                        0.6384684443473816,
                        0.6910073757171631,
                        0.6913324594497681,
                        0.713089644908905,
                        0.8332613110542297
                    ],
                    [
                        -0.43714219331741333,
                        -0.5930583477020264,
                        -0.7710800170898438,
                        -0.7439852952957153,
                        -0.7379352450370789,
                        -0.8199410438537598,
                        -0.7467684745788574,
                        -0.7698482275009155,
                        -0.7208857536315918,
                        -0.7650193572044373,
                        -0.796661913394928,
                        -0.707085371017456,
                        -0.7285217046737671,
                        -0.6581897735595703,
                        -0.7528814077377319,
                        -0.7563780546188354,
                        -0.7643828392028809,
                        -0.7520520687103271,
                        -0.9408382177352905,
                        -0.7955659627914429
                    ]
                ]
            ],
            "states": [
                [
                    [
                        5059312.0,
                        9.1049492766615e-05,
                        0.0002829945588018745,
                        570940.9375
                    ],
                    [
                        5117232.0,
                        8.226631325669587e-05,
                        0.00027779326774179935,
                        553102.75
                    ],
                    [
                        5535704.0,
                        7.472792640328407e-05,
                        0.00029917724896222353,
                        546738.9375
                    ],
                    [
                        4970984.0,
                        6.851889338577166e-05,
                        0.00037997434264980257,
                        615590.1875
                    ],
                    [
                        2654184.0,
                        6.460718577727675e-05,
                        0.00029415389872156084,
                        481818.0625
                    ],
                    [
                        4494592.0,
                        6.135837611509487e-05,
                        0.00029440681100822985,
                        522992.78125
                    ],
                    [
                        4348344.0,
                        5.774946475867182e-05,
                        0.00028164629475213587,
                        491780.875
                    ],
                    [
                        4933336.0,
                        5.439664164441638e-05,
                        0.00027785348356701434,
                        520398.875
                    ],
                    [
                        4701656.0,
                        5.129960845806636e-05,
                        0.00038381022750400007,
                        575110.6875
                    ],
                    [
                        4578576.0,
                        4.8633406549924985e-05,
                        0.0002961547579616308,
                        495802.21875
                    ],
                    [
                        3149400.0,
                        4.661144339479506e-05,
                        0.00029962105327285826,
                        505119.28125
                    ],
                    [
                        4999944.0,
                        4.466465179575607e-05,
                        0.00029777659801766276,
                        484590.125
                    ],
                    [
                        5011528.0,
                        4.247795732226223e-05,
                        0.0002728095860220492,
                        482498.96875
                    ],
                    [
                        5127368.0,
                        4.047168113174848e-05,
                        0.0002930021146312356,
                        492467.5625
                    ],
                    [
                        5149088.0,
                        3.862225275952369e-05,
                        0.0005929499748162925,
                        510973.59375
                    ],
                    [
                        3434656.0,
                        3.7198835343588144e-05,
                        0.00017766767996363342,
                        518040.0625
                    ],
                    [
                        4734960.0,
                        3.594371446524747e-05,
                        0.00018339134112466127,
                        483570.8125
                    ],
                    [
                        4713240.0,
                        3.459137587924488e-05,
                        0.00019205290300305933,
                        485131.46875
                    ],
                    [
                        5099856.0,
                        3.3291154977632686e-05,
                        0.0002024973655352369,
                        498759.9375
                    ],
                    [
                        5243208.0,
                        3.2021918741520494e-05,
                        0.0002613598189782351,
                        496721.28125
                    ]
                ]
            ],
            "actions": [
                [
                    [
                        0.5
                    ],
                    [
                        0.5
                    ],
                    [
                        0.5
                    ],
                    [
                        0.5
                    ],
                    [
                        0.5
                    ],
                    [
                        0.5
                    ],
                    [
                        0.5
                    ],
                    [
                        0.5
                    ],
                    [
                        0.5
                    ],
                    [
                        0.5
                    ],
                    [
                        0.5
                    ],
                    [
                        0.5
                    ],
                    [
                        0.5
                    ],
                    [
                        0.5
                    ],
                    [
                        0.5
                    ],
                    [
                        0.5
                    ],
                    [
                        0.5
                    ],
                    [
                        0.5
                    ],
                    [
                        0.5
                    ],
                    [
                        0.5
                    ]
                ]
            ],
            "returns": [
                [
                    [
                        0.4691389203071594
                    ],
                    [
                        0.4682103097438812
                    ],
                    [
                        0.46728071570396423
                    ],
                    [
                        0.46634411811828613
                    ],
                    [
                        0.4654170870780945
                    ],
                    [
                        0.46454569697380066
                    ],
                    [
                        0.46362757682800293
                    ],
                    [
                        0.4627124071121216
                    ],
                    [
                        0.46178606152534485
                    ],
                    [
                        0.46086394786834717
                    ],
                    [
                        0.4599442183971405
                    ],
                    [
                        0.45905765891075134
                    ],
                    [
                        0.4581300914287567
                    ],
                    [
                        0.45720234513282776
                    ],
                    [
                        0.45627257227897644
                    ],
                    [
                        0.4553424119949341
                    ],
                    [
                        0.4544481337070465
                    ],
                    [
                        0.4535254240036011
                    ],
                    [
                        0.4526031017303467
                    ],
                    [
                        0.45167380571365356
                    ]
                ]
            ],
            "timesteps": [
                [
                    120,
                    121,
                    122,
                    123,
                    124,
                    125,
                    126,
                    127,
                    128,
                    129,
                    130,
                    131,
                    132,
                    133,
                    134,
                    135,
                    136,
                    137,
                    138,
                    139
                ]
            ],
            "labels": [
                [
                    1,
                    1,
                    1,
                    1,
                    1,
                    1,
                    1,
                    1,
                    1,
                    1,
                    1,
                    1,
                    1,
                    1,
                    1,
                    1,
                    1,
                    1,
                    1,
                    1
                ]
            ],
            "CPU Usage": 45.0,
            "RAM Usage": 55.1,
            "GPU Usage": 0.0,
            "VRAM Usage": 355.0,
            "Disk Read Speed (MB/s)": 206068.3330078125,
            "Disk Write Speed (MB/s)": 378508.3955078125
        },
        {
            "step": 1,
            "train_loss": 0.038766998797655106,
            "actions_pred1": [
                [
                    [
                        0.4540559649467468,
                        0.45300519466400146,
                        0.5526458621025085,
                        -1.1858785152435303
                    ],
                    [
                        0.5418190956115723,
                        0.5661625862121582,
                        0.48073017597198486,
                        -1.1838765144348145
                    ],
                    [
                        0.5151346921920776,
                        0.6263077259063721,
                        0.6319385170936584,
                        -1.0519635677337646
                    ],
                    [
                        0.6248961687088013,
                        0.5101125836372375,
                        0.636465311050415,
                        -1.1046539545059204
                    ],
                    [
                        0.6320457458496094,
                        0.4935654401779175,
                        0.7381291389465332,
                        -1.1414088010787964
                    ],
                    [
                        0.5120640993118286,
                        0.6436173915863037,
                        0.4146425127983093,
                        -1.3472414016723633
                    ],
                    [
                        0.5144156217575073,
                        0.6769328713417053,
                        0.5242081880569458,
                        -1.0871385335922241
                    ],
                    [
                        0.6788420677185059,
                        0.659907341003418,
                        0.5307086110115051,
                        -0.9687708616256714
                    ],
                    [
                        0.7042931318283081,
                        0.7080243229866028,
                        0.49600669741630554,
                        -1.03982675075531
                    ],
                    [
                        0.5500677227973938,
                        0.6824705004692078,
                        0.7057749629020691,
                        -0.9585883021354675
                    ],
                    [
                        0.45988109707832336,
                        0.592351496219635,
                        0.8234857320785522,
                        -0.9372221231460571
                    ],
                    [
                        0.4768128991127014,
                        0.5628490447998047,
                        0.8041902780532837,
                        -0.8786747455596924
                    ],
                    [
                        0.4730295240879059,
                        0.6237658262252808,
                        0.7368846535682678,
                        -0.9062252044677734
                    ],
                    [
                        0.4813617169857025,
                        0.6275533437728882,
                        0.7546766400337219,
                        -0.9219204783439636
                    ],
                    [
                        0.5675730109214783,
                        0.5947592854499817,
                        0.7803524732589722,
                        -1.0643457174301147
                    ],
                    [
                        0.5518710613250732,
                        0.6367932558059692,
                        0.9022053480148315,
                        -1.0062105655670166
                    ],
                    [
                        0.5497854948043823,
                        0.5437160730361938,
                        0.7219206094741821,
                        -1.0199413299560547
                    ],
                    [
                        0.5676183104515076,
                        0.727794885635376,
                        0.7051442861557007,
                        -1.0727348327636719
                    ],
                    [
                        0.47857773303985596,
                        0.6300896406173706,
                        0.8144153356552124,
                        -1.044058084487915
                    ],
                    [
                        0.3509369492530823,
                        0.603218138217926,
                        0.9212751984596252,
                        -1.024282693862915
                    ]
                ]
            ],
            "actions_pred": [
                [
                    [
                        0.4540559649467468,
                        0.5418190956115723,
                        0.5151346921920776,
                        0.6248961687088013,
                        0.6320457458496094,
                        0.5120640993118286,
                        0.5144156217575073,
                        0.6788420677185059,
                        0.7042931318283081,
                        0.5500677227973938,
                        0.45988109707832336,
                        0.4768128991127014,
                        0.4730295240879059,
                        0.4813617169857025,
                        0.5675730109214783,
                        0.5518710613250732,
                        0.5497854948043823,
                        0.5676183104515076,
                        0.47857773303985596,
                        0.3509369492530823
                    ],
                    [
                        0.45300519466400146,
                        0.5661625862121582,
                        0.6263077259063721,
                        0.5101125836372375,
                        0.4935654401779175,
                        0.6436173915863037,
                        0.6769328713417053,
                        0.659907341003418,
                        0.7080243229866028,
                        0.6824705004692078,
                        0.592351496219635,
                        0.5628490447998047,
                        0.6237658262252808,
                        0.6275533437728882,
                        0.5947592854499817,
                        0.6367932558059692,
                        0.5437160730361938,
                        0.727794885635376,
                        0.6300896406173706,
                        0.603218138217926
                    ],
                    [
                        0.5526458621025085,
                        0.48073017597198486,
                        0.6319385170936584,
                        0.636465311050415,
                        0.7381291389465332,
                        0.4146425127983093,
                        0.5242081880569458,
                        0.5307086110115051,
                        0.49600669741630554,
                        0.7057749629020691,
                        0.8234857320785522,
                        0.8041902780532837,
                        0.7368846535682678,
                        0.7546766400337219,
                        0.7803524732589722,
                        0.9022053480148315,
                        0.7219206094741821,
                        0.7051442861557007,
                        0.8144153356552124,
                        0.9212751984596252
                    ],
                    [
                        -1.1858785152435303,
                        -1.1838765144348145,
                        -1.0519635677337646,
                        -1.1046539545059204,
                        -1.1414088010787964,
                        -1.3472414016723633,
                        -1.0871385335922241,
                        -0.9687708616256714,
                        -1.03982675075531,
                        -0.9585883021354675,
                        -0.9372221231460571,
                        -0.8786747455596924,
                        -0.9062252044677734,
                        -0.9219204783439636,
                        -1.0643457174301147,
                        -1.0062105655670166,
                        -1.0199413299560547,
                        -1.0727348327636719,
                        -1.044058084487915,
                        -1.024282693862915
                    ]
                ]
            ],
            "states": [
                [
                    [
                        10534200.0,
                        2.6509645977057517e-05,
                        0.00013993013999424875,
                        443834.40625
                    ],
                    [
                        10761536.0,
                        2.5514371372992173e-05,
                        0.0001420098269591108,
                        437980.875
                    ],
                    [
                        9713184.0,
                        2.462484007992316e-05,
                        0.00013746164040639997,
                        438923.15625
                    ],
                    [
                        11058376.0,
                        2.37847361859167e-05,
                        0.00013166402641218156,
                        442931.21875
                    ],
                    [
                        10751400.0,
                        2.2961492504691705e-05,
                        0.00014091107004787773,
                        432700.84375
                    ],
                    [
                        10246048.0,
                        2.2220945538720116e-05,
                        0.0001376972795696929,
                        435969.53125
                    ],
                    [
                        9969480.0,
                        2.1551775716943666e-05,
                        0.00013403889897745103,
                        440537.53125
                    ],
                    [
                        10251840.0,
                        2.0921770556014962e-05,
                        0.00014748213288839906,
                        443483.875
                    ],
                    [
                        10121520.0,
                        2.0323142962297425e-05,
                        0.00013067024701740593,
                        443831.96875
                    ],
                    [
                        9543768.0,
                        1.977682586584706e-05,
                        0.00013482528447639197,
                        439055.96875
                    ],
                    [
                        8799496.0,
                        1.9293054720037617e-05,
                        0.00013897643657401204,
                        475444.21875
                    ],
                    [
                        9742144.0,
                        1.8827833628165536e-05,
                        0.00014449551235884428,
                        446623.25
                    ],
                    [
                        9966584.0,
                        1.835721377574373e-05,
                        0.00014116551028564572,
                        435027.78125
                    ],
                    [
                        9815992.0,
                        1.7907843357534148e-05,
                        0.0001414243597537279,
                        434458.03125
                    ],
                    [
                        10637008.0,
                        1.7465919881942682e-05,
                        0.00015197490574792027,
                        447300.9375
                    ],
                    [
                        9175976.0,
                        1.705779868643731e-05,
                        0.00016332330415025353,
                        457786.65625
                    ],
                    [
                        9695808.0,
                        1.6686690287315287e-05,
                        0.00014966299931984395,
                        442052.53125
                    ],
                    [
                        10571848.0,
                        1.6305739336530678e-05,
                        0.0001437981118215248,
                        454590.5
                    ],
                    [
                        9242584.0,
                        1.5949490261846222e-05,
                        0.0001480604405514896,
                        454658.375
                    ],
                    [
                        10438632.0,
                        1.5611025446560234e-05,
                        0.00013623677659779787,
                        451379.625
                    ]
                ]
            ],
            "actions": [
                [
                    [
                        0.25
                    ],
                    [
                        0.25
                    ],
                    [
                        0.25
                    ],
                    [
                        0.25
                    ],
                    [
                        0.25
                    ],
                    [
                        0.25
                    ],
                    [
                        0.25
                    ],
                    [
                        0.25
                    ],
                    [
                        0.25
                    ],
                    [
                        0.25
                    ],
                    [
                        0.25
                    ],
                    [
                        0.25
                    ],
                    [
                        0.25
                    ],
                    [
                        0.25
                    ],
                    [
                        0.25
                    ],
                    [
                        0.25
                    ],
                    [
                        0.25
                    ],
                    [
                        0.25
                    ],
                    [
                        0.25
                    ],
                    [
                        0.25
                    ]
                ]
            ],
            "returns": [
                [
                    [
                        0.2667037844657898
                    ],
                    [
                        0.26571014523506165
                    ],
                    [
                        0.26471462845802307
                    ],
                    [
                        0.26372823119163513
                    ],
                    [
                        0.26273030042648315
                    ],
                    [
                        0.26173487305641174
                    ],
                    [
                        0.2607437074184418
                    ],
                    [
                        0.2597549855709076
                    ],
                    [
                        0.25876376032829285
                    ],
                    [
                        0.2577736973762512
                    ],
                    [
                        0.25678882002830505
                    ],
                    [
                        0.2558111548423767
                    ],
                    [
                        0.2548244595527649
                    ],
                    [
                        0.2538357675075531
                    ],
                    [
                        0.25284841656684875
                    ],
                    [
                        0.25185394287109375
                    ],
                    [
                        0.25087255239486694
                    ],
                    [
                        0.24988628923892975
                    ],
                    [
                        0.24889235198497772
                    ],
                    [
                        0.24791033565998077
                    ]
                ]
            ],
            "timesteps": [
                [
                    340,
                    341,
                    342,
                    343,
                    344,
                    345,
                    346,
                    347,
                    348,
                    349,
                    350,
                    351,
                    352,
                    353,
                    354,
                    355,
                    356,
                    357,
                    358,
                    359
                ]
            ],
            "labels": [
                [
                    0,
                    0,
                    0,
                    0,
                    0,
                    0,
                    0,
                    0,
                    0,
                    0,
                    0,
                    0,
                    0,
                    0,
                    0,
                    0,
                    0,
                    0,
                    0,
                    0
                ]
            ],
            "CPU Usage": 46.6,
            "RAM Usage": 55.2,
            "GPU Usage": 0.0,
            "VRAM Usage": 355.0,
            "Disk Read Speed (MB/s)": 206068.3330078125,
            "Disk Write Speed (MB/s)": 378508.5322265625
        },
        {
            "step": 2,
            "train_loss": 0.02726580761373043,
            "actions_pred1": [
                [
                    [
                        0.335036039352417,
                        0.41098690032958984,
                        0.749320387840271,
                        -0.856552243232727
                    ],
                    [
                        0.2217186987400055,
                        0.3847334384918213,
                        0.8670264482498169,
                        -0.889025866985321
                    ],
                    [
                        0.33725929260253906,
                        0.4756801724433899,
                        0.8275617957115173,
                        -0.8008036613464355
                    ],
                    [
                        0.43238258361816406,
                        0.4838378429412842,
                        0.8552330136299133,
                        -0.8889209032058716
                    ],
                    [
                        0.4855557084083557,
                        0.5210279226303101,
                        0.7926419377326965,
                        -1.0444830656051636
                    ],
                    [
                        0.3116312623023987,
                        0.44313210248947144,
                        0.7340377569198608,
                        -0.9846792221069336
                    ],
                    [
                        0.3130049705505371,
                        0.3823752701282501,
                        0.829372763633728,
                        -0.9775298833847046
                    ],
                    [
                        0.30987095832824707,
                        0.4580598771572113,
                        0.8727349042892456,
                        -1.0359532833099365
                    ],
                    [
                        0.4652259051799774,
                        0.5023974180221558,
                        0.9241719245910645,
                        -0.9288719892501831
                    ],
                    [
                        0.43064695596694946,
                        0.42967137694358826,
                        0.890536367893219,
                        -0.9552056789398193
                    ],
                    [
                        0.44253650307655334,
                        0.5403412580490112,
                        0.9270062446594238,
                        -0.9551488757133484
                    ],
                    [
                        0.48972994089126587,
                        0.4770728647708893,
                        0.8675588369369507,
                        -0.9798292517662048
                    ],
                    [
                        0.4944342374801636,
                        0.46641314029693604,
                        0.8652523159980774,
                        -0.9460817575454712
                    ],
                    [
                        0.5305403470993042,
                        0.5775132179260254,
                        1.0598502159118652,
                        -0.8908153772354126
                    ],
                    [
                        0.5280596017837524,
                        0.6127715110778809,
                        1.08214271068573,
                        -0.8097889423370361
                    ],
                    [
                        0.5317546129226685,
                        0.6062619090080261,
                        1.1448583602905273,
                        -0.8056726455688477
                    ],
                    [
                        0.3218526542186737,
                        0.5613806247711182,
                        1.0738943815231323,
                        -0.9287060499191284
                    ],
                    [
                        0.22816525399684906,
                        0.5827885866165161,
                        1.10845947265625,
                        -0.8908659219741821
                    ],
                    [
                        0.22598685324192047,
                        0.5948907732963562,
                        1.0351128578186035,
                        -0.9082145690917969
                    ],
                    [
                        0.19475211203098297,
                        0.7278569936752319,
                        1.200911045074463,
                        -0.9127795696258545
                    ]
                ]
            ],
            "actions_pred": [
                [
                    [
                        0.335036039352417,
                        0.2217186987400055,
                        0.33725929260253906,
                        0.43238258361816406,
                        0.4855557084083557,
                        0.3116312623023987,
                        0.3130049705505371,
                        0.30987095832824707,
                        0.4652259051799774,
                        0.43064695596694946,
