{
    "steps": [
        {
            "step": 0,
            "train_loss": 0.04285036399960518,
            "actions_pred1": [
                [
                    [
                        0.7631925344467163,
                        -0.22489257156848907,
                        0.8592605590820312,
                        0.11125734448432922
                    ],
                    [
                        0.6864038705825806,
                        -0.09669999778270721,
                        0.8663095831871033,
                        -0.010647833347320557
                    ],
                    [
                        0.36144742369651794,
                        -0.009586848318576813,
                        0.7557435035705566,
                        -0.19755154848098755
                    ],
                    [
                        0.19721205532550812,
                        -0.011007644236087799,
                        0.7392784357070923,
                        -0.2430744469165802
                    ],
                    [
                        0.14256501197814941,
                        0.026910841464996338,
                        0.7124587893486023,
                        -0.26044100522994995
                    ],
                    [
                        0.08680535852909088,
                        -0.036998920142650604,
                        0.7444109916687012,
                        -0.2932063341140747
                    ],
                    [
                        0.04499354213476181,
                        -0.07063327729701996,
                        0.7791257500648499,
                        -0.32594406604766846
                    ],
                    [
                        -0.01650543510913849,
                        0.02453683689236641,
                        0.8263336420059204,
                        -0.36927905678749084
                    ],
                    [
                        0.2175264060497284,
                        0.050305113196372986,
                        0.8140116930007935,
                        -0.36266565322875977
                    ],
                    [
                        0.340573787689209,
                        -0.02121850848197937,
                        0.8371647596359253,
                        -0.4698627293109894
                    ],
                    [
                        0.3777238428592682,
                        0.009196750819683075,
                        0.5907853841781616,
                        -0.34429240226745605
                    ],
                    [
                        0.39182552695274353,
                        0.026350274682044983,
                        0.6785244941711426,
                        -0.3673568367958069
                    ],
                    [
                        0.37544527649879456,
                        0.07625028491020203,
                        0.6012529134750366,
                        -0.27317696809768677
                    ],
                    [
                        0.305772602558136,
                        0.14029671251773834,
                        0.7370575070381165,
                        -0.2997806668281555
                    ],
                    [
                        0.2930101156234741,
                        0.1737360954284668,
                        0.8228794932365417,
                        -0.4144585132598877
                    ],
                    [
                        0.2696648836135864,
                        0.15065672993659973,
                        0.8153044581413269,
                        -0.4119683504104614
                    ],
                    [
                        0.28137028217315674,
                        0.051996082067489624,
                        0.7091647982597351,
                        -0.3847846984863281
                    ],
                    [
                        0.19968736171722412,
                        0.1293388307094574,
                        0.7648686766624451,
                        -0.43294721841812134
                    ],
                    [
                        0.2334039807319641,
                        0.24411290884017944,
                        0.7690504789352417,
                        -0.4029923677444458
                    ],
                    [
                        0.3145139217376709,
                        0.26198863983154297,
                        0.6785873174667358,
                        -0.31441742181777954
                    ]
                ]
            ],
            "actions_pred": [
                [
                    [
                        0.7631925344467163,
                        0.6864038705825806,
                        0.36144742369651794,
                        0.19721205532550812,
                        0.14256501197814941,
                        0.08680535852909088,
                        0.04499354213476181,
                        -0.01650543510913849,
                        0.2175264060497284,
                        0.340573787689209,
                        0.3777238428592682,
                        0.39182552695274353,
                        0.37544527649879456,
                        0.305772602558136,
                        0.2930101156234741,
                        0.2696648836135864,
                        0.28137028217315674,
                        0.19968736171722412,
                        0.2334039807319641,
                        0.3145139217376709
                    ],
                    [
                        -0.22489257156848907,
                        -0.09669999778270721,
                        -0.009586848318576813,
                        -0.011007644236087799,
                        0.026910841464996338,
                        -0.036998920142650604,
                        -0.07063327729701996,
                        0.02453683689236641,
                        0.050305113196372986,
                        -0.02121850848197937,
                        0.009196750819683075,
                        0.026350274682044983,
                        0.07625028491020203,
                        0.14029671251773834,
                        0.1737360954284668,
                        0.15065672993659973,
                        0.051996082067489624,
                        0.1293388307094574,
                        0.24411290884017944,
                        0.26198863983154297
                    ],
                    [
                        0.8592605590820312,
                        0.8663095831871033,
                        0.7557435035705566,
                        0.7392784357070923,
                        0.7124587893486023,
                        0.7444109916687012,
                        0.7791257500648499,
                        0.8263336420059204,
                        0.8140116930007935,
                        0.8371647596359253,
                        0.5907853841781616,
                        0.6785244941711426,
                        0.6012529134750366,
                        0.7370575070381165,
                        0.8228794932365417,
                        0.8153044581413269,
                        0.7091647982597351,
                        0.7648686766624451,
                        0.7690504789352417,
                        0.6785873174667358
                    ],
                    [
                        0.11125734448432922,
                        -0.010647833347320557,
                        -0.19755154848098755,
                        -0.2430744469165802,
                        -0.26044100522994995,
                        -0.2932063341140747,
                        -0.32594406604766846,
                        -0.36927905678749084,
                        -0.36266565322875977,
                        -0.4698627293109894,
                        -0.34429240226745605,
                        -0.3673568367958069,
                        -0.27317696809768677,
                        -0.2997806668281555,
                        -0.4144585132598877,
                        -0.4119683504104614,
                        -0.3847846984863281,
                        -0.43294721841812134,
                        -0.4029923677444458,
                        -0.31441742181777954
                    ]
                ]
            ],
            "states": [
                [
                    [
                        10490760.0,
                        0.00010820227180374786,
                        0.00015429843915626407,
                        444121.375
                    ],
                    [
                        10112832.0,
                        9.372556087328121e-05,
                        0.00014512072084471583,
                        443784.5
                    ],
                    [
                        10076632.0,
                        8.28753545647487e-05,
                        0.00015239186177495867,
                        427008.3125
                    ],
                    [
                        10218536.0,
                        7.424143404932693e-05,
                        0.00013630501052830368,
                        433225.1875
                    ],
                    [
                        10903440.0,
                        6.698495417367667e-05,
                        0.0001300903531955555,
                        434838.78125
                    ],
                    [
                        10177992.0,
                        6.102009865571745e-05,
                        0.0001368058001389727,
                        431759.375
                    ],
                    [
                        10500896.0,
                        5.612600944004953e-05,
                        0.00014432381431106478,
                        435333.53125
                    ],
                    [
                        10752848.0,
                        5.185119152883999e-05,
                        0.00014270890096668154,
                        438961.46875
                    ],
                    [
                        10833936.0,
                        4.812757106265053e-05,
                        0.00014136718527879566,
                        432069.78125
                    ],
                    [
                        10654384.0,
                        4.491618892643601e-05,
                        0.00013239651161711663,
                        433675.4375
                    ],
                    [
                        10524064.0,
                        4.214471118757501e-05,
                        0.00014063461276236922,
                        436827.0
                    ],
                    [
                        8511344.0,
                        3.9926697354530916e-05,
                        0.00013637621304951608,
                        473364.125
                    ],
                    [
                        10828144.0,
                        3.790804112213664e-05,
                        0.00013436605513561517,
                        430273.59375
                    ],
                    [
                        10288040.0,
                        3.5919863876188174e-05,
                        0.00013586058048531413,
                        455927.09375
                    ],
                    [
                        9009456.0,
                        3.427618867135607e-05,
                        0.00013340605073608458,
                        453153.21875
                    ],
                    [
                        10348856.0,
                        3.2774834835436195e-05,
                        0.0001376099098706618,
                        434225.03125
                    ],
                    [
                        10166408.0,
                        3.131924677290954e-05,
                        0.00017068465240299702,
                        438236.6875
                    ],
                    [
                        10539992.0,
                        2.9976108635310084e-05,
                        0.0001329061051364988,
                        436937.3125
                    ],
                    [
                        10836832.0,
                        2.8705166187137365e-05,
                        0.00013878877507522702,
                        435041.5
                    ],
                    [
                        10188128.0,
                        2.755545938271098e-05,
                        0.00015914233517833054,
                        427912.71875
                    ]
                ]
            ],
            "actions": [
                [
                    [
                        0.25
                    ],
                    [
                        0.25
                    ],
                    [
                        0.25
                    ],
                    [
                        0.25
                    ],
                    [
                        0.25
                    ],
                    [
                        0.25
                    ],
                    [
                        0.25
                    ],
                    [
                        0.25
                    ],
                    [
                        0.25
                    ],
                    [
                        0.25
                    ],
                    [
                        0.25
                    ],
                    [
                        0.25
                    ],
                    [
                        0.25
                    ],
                    [
                        0.25
                    ],
                    [
                        0.25
                    ],
                    [
                        0.25
                    ],
                    [
                        0.25
                    ],
                    [
                        0.25
                    ],
                    [
                        0.25
                    ],
                    [
                        0.25
                    ]
                ]
            ],
            "returns": [
                [
                    [
                        0.2865329086780548
                    ],
                    [
                        0.2855396568775177
                    ],
                    [
                        0.28454965353012085
                    ],
                    [
                        0.28355997800827026
                    ],
                    [
                        0.2825690507888794
                    ],
                    [
                        0.2815724015235901
                    ],
                    [
                        0.28058183193206787
                    ],
                    [
                        0.2795884907245636
                    ],
                    [
                        0.2785930335521698
                    ],
                    [
                        0.27759695053100586
                    ],
                    [
                        0.2766023278236389
                    ],
                    [
                        0.27560877799987793
                    ],
                    [
                        0.27463406324386597
                    ],
                    [
                        0.2736380100250244
                    ],
                    [
                        0.2726464867591858
                    ],
                    [
                        0.2716667354106903
                    ],
                    [
                        0.2706746757030487
                    ],
                    [
                        0.26968422532081604
                    ],
                    [
                        0.2686905562877655
                    ],
                    [
                        0.2676944136619568
                    ]
                ]
            ],
            "timesteps": [
                [
                    320,
                    321,
                    322,
                    323,
                    324,
                    325,
                    326,
                    327,
                    328,
                    329,
                    330,
                    331,
                    332,
                    333,
                    334,
                    335,
                    336,
                    337,
                    338,
                    339
                ]
            ],
            "labels": [
                [
                    0,
                    0,
                    0,
                    0,
                    0,
                    0,
                    0,
                    0,
                    0,
                    0,
                    0,
                    0,
                    0,
                    0,
                    0,
                    0,
                    0,
                    0,
                    0,
                    0
                ]
            ],
            "CPU Usage": 44.8,
            "RAM Usage": 55.2,
            "GPU Usage": 0.0,
            "VRAM Usage": 355.0,
            "Disk Read Speed (MB/s)": 206065.4775390625,
            "Disk Write Speed (MB/s)": 362126.8486328125
        },
        {
            "step": 1,
            "train_loss": 0.032781489193439484,
            "actions_pred1": [
                [
                    [
                        0.563230574131012,
                        0.1879151612520218,
                        0.49811553955078125,
                        -0.39549386501312256
                    ],
                    [
                        0.32296013832092285,
                        0.46797865629196167,
                        0.6638879179954529,
                        -0.6070582866668701
                    ],
                    [
                        0.47116997838020325,
                        0.250457227230072,
                        0.73943030834198,
                        -0.371442973613739
                    ],
                    [
                        0.6986678838729858,
                        -0.06062746047973633,
                        0.46325579285621643,
                        -0.821663498878479
                    ],
                    [
                        0.3923276662826538,
                        0.20226797461509705,
                        0.36996251344680786,
                        -0.3625211715698242
                    ],
                    [
                        0.3902762532234192,
                        0.2699185013771057,
                        0.5664845108985901,
                        -0.5207170248031616
                    ],
                    [
                        0.38658472895622253,
                        0.3460995554924011,
                        0.5139955878257751,
                        -0.4292683005332947
                    ],
                    [
                        0.2665894031524658,
                        0.23908954858779907,
                        0.4913597106933594,
                        -0.3936857581138611
                    ],
                    [
                        0.053447186946868896,
                        0.3127286434173584,
                        0.5328415632247925,
                        -0.26582592725753784
                    ],
                    [
                        0.02339012175798416,
                        0.23782892525196075,
                        0.5703189969062805,
                        -0.30543389916419983
                    ],
                    [
                        0.08411548286676407,
                        0.3285057246685028,
                        0.4744741916656494,
                        -0.3228680491447449
                    ],
                    [
                        0.00785335898399353,
                        0.3137446939945221,
                        0.4790303111076355,
                        -0.4063359498977661
                    ],
                    [
                        -0.15626105666160583,
                        0.2282150685787201,
                        0.6617051959037781,
                        -0.5108555555343628
                    ],
                    [
                        0.11141500622034073,
                        0.20769062638282776,
                        0.6994516253471375,
                        -0.38071566820144653
                    ],
                    [
                        0.13947787880897522,
                        0.16390013694763184,
                        0.5612592101097107,
                        -0.40715253353118896
                    ],
                    [
                        -0.012972116470336914,
                        0.1624392569065094,
                        0.5358433127403259,
                        -0.416450560092926
                    ],
                    [
                        0.07995861768722534,
                        0.32092544436454773,
                        0.6109833121299744,
                        -0.31667670607566833
                    ],
                    [
                        0.1012473925948143,
                        0.32380473613739014,
                        0.6334257125854492,
                        -0.35058802366256714
                    ],
                    [
                        0.1195688247680664,
                        0.38017380237579346,
                        0.5464438796043396,
                        -0.284324049949646
                    ],
                    [
                        0.21029894053936005,
                        0.4059012532234192,
                        0.5784530639648438,
                        -0.28182917833328247
                    ]
                ]
            ],
            "actions_pred": [
                [
                    [
                        0.563230574131012,
                        0.32296013832092285,
                        0.47116997838020325,
                        0.6986678838729858,
                        0.3923276662826538,
                        0.3902762532234192,
                        0.38658472895622253,
                        0.2665894031524658,
                        0.053447186946868896,
                        0.02339012175798416,
                        0.08411548286676407,
                        0.00785335898399353,
                        -0.15626105666160583,
                        0.11141500622034073,
                        0.13947787880897522,
                        -0.012972116470336914,
                        0.07995861768722534,
                        0.1012473925948143,
                        0.1195688247680664,
                        0.21029894053936005
                    ],
                    [
                        0.1879151612520218,
                        0.46797865629196167,
                        0.250457227230072,
                        -0.06062746047973633,
                        0.20226797461509705,
                        0.2699185013771057,
                        0.3460995554924011,
                        0.23908954858779907,
                        0.3127286434173584,
                        0.23782892525196075,
                        0.3285057246685028,
                        0.3137446939945221,
                        0.2282150685787201,
                        0.20769062638282776,
                        0.16390013694763184,
                        0.1624392569065094,
                        0.32092544436454773,
                        0.32380473613739014,
                        0.38017380237579346,
                        0.4059012532234192
                    ],
                    [
                        0.49811553955078125,
                        0.6638879179954529,
                        0.73943030834198,
                        0.46325579285621643,
                        0.36996251344680786,
                        0.5664845108985901,
                        0.5139955878257751,
                        0.4913597106933594,
                        0.5328415632247925,
                        0.5703189969062805,
                        0.4744741916656494,
                        0.4790303111076355,
                        0.6617051959037781,
                        0.6994516253471375,
                        0.5612592101097107,
                        0.5358433127403259,
                        0.6109833121299744,
                        0.6334257125854492,
                        0.5464438796043396,
                        0.5784530639648438
                    ],
                    [
                        -0.39549386501312256,
                        -0.6070582866668701,
                        -0.371442973613739,
                        -0.821663498878479,
                        -0.3625211715698242,
                        -0.5207170248031616,
                        -0.4292683005332947,
                        -0.3936857581138611,
                        -0.26582592725753784,
                        -0.30543389916419983,
                        -0.3228680491447449,
                        -0.4063359498977661,
                        -0.5108555555343628,
                        -0.38071566820144653,
                        -0.40715253353118896,
                        -0.416450560092926,
                        -0.31667670607566833,
                        -0.35058802366256714,
                        -0.284324049949646,
                        -0.28182917833328247
                    ]
                ]
            ],
            "states": [
                [
                    [
                        5057864.0,
                        2.556295476097148e-05,
                        0.00012937834253534675,
                        777561.25
                    ],
                    [
                        5348912.0,
                        2.480310831742827e-05,
                        0.00013201982073951513,
                        791966.9375
                    ],
                    [
                        5101304.0,
                        2.4083872631308623e-05,
                        0.00013791865785606205,
                        790369.0625
                    ],
                    [
                        5538600.0,
                        2.3393640731228516e-05,
                        0.00014453318726737052,
                        780343.4375
                    ],
                    [
                        5412624.0,
                        2.272302663186565e-05,
                        0.00014699026360176504,
                        758450.9375
                    ],
                    [
                        5321400.0,
                        2.2102101866039447e-05,
                        0.00016071676509454846,
                        845866.875
                    ],
                    [
                        5683400.0,
                        2.1499938156921417e-05,
                        0.00016249381587840617,
                        821531.0
                    ],
                    [
                        5282304.0,
                        2.0931340259267017e-05,
                        0.0001488575799157843,
                        840709.875
                    ],
                    [
                        5545840.0,
                        2.0398911146912724e-05,
                        0.00016087492986116558,
                        823198.9375
                    ],
                    [
                        5474888.0,
                        1.9883997083525173e-05,
                        0.00016716374375391752,
                        838579.125
                    ],
                    [
                        5364840.0,
                        1.9402330508455634e-05,
                        0.00019032474665436894,
                        800380.6875
                    ],
                    [
                        5569008.0,
                        1.8939608708024025e-05,
                        0.00018542619363870472,
                        823891.875
                    ],
                    [
                        5332984.0,
                        1.849955879151821e-05,
                        0.000198170033399947,
                        846311.4375
                    ],
                    [
                        5224384.0,
                        1.8092512618750334e-05,
                        0.0001916241308208555,
                        900435.5625
                    ],
                    [
                        5133160.0,
                        1.771021015883889e-05,
                        0.0002063407882815227,
                        866428.5625
                    ],
                    [
                        5361944.0,
                        1.733909812173806e-05,
                        0.00023895764024928212,
                        862112.4375
                    ],
                    [
                        5535704.0,
                        1.6969803255051374e-05,
                        0.00025051896227523685,
                        868913.125
                    ],
                    [
                        5189632.0,
                        1.662127579038497e-05,
                        0.0002676467993296683,
                        810234.1875
                    ],
                    [
                        5453168.0,
                        1.6289424820570275e-05,
                        0.0002700872428249568,
                        842694.5
                    ],
                    [
                        5334432.0,
                        1.5966239516274072e-05,
                        0.0002660537720657885,
                        825795.9375
                    ]
                ]
            ],
            "actions": [
                [
                    [
                        0.75
                    ],
                    [
                        0.75
                    ],
                    [
                        0.75
                    ],
                    [
                        0.75
                    ],
                    [
                        0.75
                    ],
                    [
                        0.75
                    ],
                    [
                        0.75
                    ],
                    [
                        0.75
                    ],
                    [
                        0.75
                    ],
                    [
                        0.75
                    ],
                    [
                        0.75
                    ],
                    [
                        0.75
                    ],
                    [
                        0.75
                    ],
                    [
                        0.75
                    ],
                    [
                        0.75
                    ],
                    [
                        0.75
                    ],
                    [
                        0.75
                    ],
                    [
                        0.75
                    ],
                    [
                        0.75
                    ],
                    [
                        0.75
                    ]
                ]
            ],
            "returns": [
                [
                    [
                        0.5615583062171936
                    ],
                    [
                        0.5606297850608826
                    ],
                    [
                        0.5596962571144104
                    ],
                    [
                        0.5587669014930725
                    ],
                    [
                        0.557830274105072
                    ],
                    [
                        0.5568956732749939
                    ],
                    [
                        0.5559626221656799
                    ],
                    [
                        0.555023729801178
                    ],
                    [
                        0.5540912747383118
                    ],
                    [
                        0.5531545877456665
                    ],
                    [
                        0.5522189736366272
                    ],
                    [
                        0.5512851476669312
                    ],
                    [
                        0.5503480434417725
                    ],
                    [
                        0.5494148135185242
                    ],
                    [
                        0.5484833717346191
                    ],
                    [
                        0.5475534796714783
                    ],
                    [
                        0.546619713306427
                    ],
                    [
                        0.5456831455230713
                    ],
                    [
                        0.544752299785614
                    ],
                    [
                        0.5438170433044434
                    ]
                ]
            ],
            "timesteps": [
                [
                    20,
                    21,
                    22,
                    23,
                    24,
                    25,
                    26,
                    27,
                    28,
                    29,
                    30,
                    31,
                    32,
                    33,
                    34,
                    35,
                    36,
                    37,
                    38,
                    39
                ]
            ],
            "labels": [
                [
                    2,
                    2,
                    2,
                    2,
                    2,
                    2,
                    2,
                    2,
                    2,
                    2,
                    2,
                    2,
                    2,
                    2,
                    2,
                    2,
                    2,
                    2,
                    2,
                    2
                ]
            ],
            "CPU Usage": 47.4,
            "RAM Usage": 55.3,
            "GPU Usage": 0.0,
            "VRAM Usage": 355.0,
            "Disk Read Speed (MB/s)": 206065.4775390625,
            "Disk Write Speed (MB/s)": 362126.9580078125
        },
        {
            "step": 2,
            "train_loss": 0.02977941557765007,
            "actions_pred1": [
                [
                    [
                        0.47614550590515137,
                        -0.046059176325798035,
                        0.7234448194503784,
                        -0.251368910074234
                    ],
                    [
                        0.4436282813549042,
                        0.10683371126651764,
                        0.6732900738716125,
                        -0.2537645995616913
                    ],
                    [
                        0.4481391906738281,
                        0.22107689082622528,
                        0.6273926496505737,
                        -0.20860439538955688
                    ],
                    [
                        0.6198294162750244,
                        0.27521225810050964,
                        0.8414416909217834,
                        -0.2434765100479126
                    ],
                    [
                        0.5466905236244202,
                        0.3019285202026367,
                        0.8821203708648682,
                        -0.3247963786125183
                    ],
                    [
                        0.23900747299194336,
                        0.08646716177463531,
                        0.8602131009101868,
                        -0.2768186926841736
                    ],
                    [
                        0.1752338409423828,
                        0.05388091132044792,
                        0.7776893973350525,
                        -0.343607097864151
                    ],
                    [
                        0.32514676451683044,
                        0.11987590044736862,
                        0.7278408408164978,
                        -0.2729266285896301
                    ],
                    [
                        0.33028510212898254,
                        0.14189326763153076,
                        0.6602501273155212,
                        -0.383779913187027
                    ],
                    [
                        0.3063768446445465,
                        0.1738096922636032,
                        0.6757310628890991,
                        -0.5396126508712769
                    ],
                    [
                        0.4005907475948334,
                        0.07145901769399643,
                        0.5649203062057495,
                        -0.49243074655532837
                    ],
                    [
                        0.35414302349090576,
                        0.16451498866081238,
                        0.7295693159103394,
                        -0.5494507551193237
                    ],
                    [
                        0.3832704722881317,
                        0.14457333087921143,
                        0.7995649576187134,
                        -0.4817030727863312
                    ],
                    [
                        0.44366928935050964,
                        0.037342220544815063,
                        0.8078504800796509,
                        -0.6069860458374023
                    ],
                    [
                        0.4968937337398529,
                        0.027837008237838745,
                        0.7392590641975403,
                        -0.533793568611145
                    ],
                    [
                        0.38449880480766296,
                        0.06699962913990021,
                        0.6357178092002869,
                        -0.5600011944770813
                    ],
                    [
                        0.4559250473976135,
                        0.1114683747291565,
                        0.6960088014602661,
                        -0.42616525292396545
                    ],
                    [
                        0.4473858177661896,
                        0.15756401419639587,
                        0.7351047992706299,
                        -0.47678834199905396
                    ],
                    [
                        0.42484331130981445,
                        0.17086133360862732,
                        0.7480206489562988,
                        -0.5651408433914185
                    ],
                    [
                        0.3981841802597046,
                        0.20973092317581177,
                        0.719146192073822,
                        -0.5767694115638733
                    ]
                ]
            ],
            "actions_pred": [
                [
                    [
                        0.47614550590515137,
                        0.4436282813549042,
                        0.4481391906738281,
                        0.6198294162750244,
                        0.5466905236244202,
                        0.23900747299194336,
