{
    "steps": [
        {
            "step": 0,
            "train_loss": 0.019598085433244705,
            "actions_pred1": [
                [
                    [
                        0.33914637565612793,
                        1.2212015390396118,
                        2.138652801513672,
                        -3.363097667694092
                    ],
                    [
                        0.47213077545166016,
                        1.4588284492492676,
                        2.0691299438476562,
                        -3.6647891998291016
                    ],
                    [
                        0.5820143222808838,
                        1.7555012702941895,
                        2.244821071624756,
                        -4.127639293670654
                    ],
                    [
                        0.8788424730300903,
                        1.8719499111175537,
                        2.6979830265045166,
                        -4.5845770835876465
                    ],
                    [
                        0.9618321061134338,
                        2.117009401321411,
                        2.75274920463562,
                        -4.941238880157471
                    ],
                    [
                        0.4720800817012787,
                        2.0237061977386475,
                        2.836820125579834,
                        -5.165910243988037
                    ],
                    [
                        0.26525384187698364,
                        2.1125588417053223,
                        2.957632541656494,
                        -5.39525842666626
                    ],
                    [
                        0.3540819585323334,
                        2.458380937576294,
                        2.9494917392730713,
                        -5.614475727081299
                    ],
                    [
                        0.5408117771148682,
                        2.363368511199951,
                        2.971933126449585,
                        -6.22048282623291
                    ],
                    [
                        0.4597618281841278,
                        2.399308443069458,
                        2.6870131492614746,
                        -6.76863956451416
                    ],
                    [
                        0.39040568470954895,
                        2.4027276039123535,
                        2.442889928817749,
                        -7.054117202758789
                    ],
                    [
                        0.6106566190719604,
                        2.5877795219421387,
                        2.569350242614746,
                        -7.244325637817383
                    ],
                    [
                        0.7422387003898621,
                        2.7220702171325684,
                        2.813934564590454,
                        -7.467539310455322
                    ],
                    [
                        0.6553851962089539,
                        2.2724199295043945,
                        2.742354154586792,
                        -7.395907878875732
                    ],
                    [
                        0.8475547432899475,
                        2.523982524871826,
                        2.756700038909912,
                        -7.785163879394531
                    ],
                    [
                        0.7251532077789307,
                        2.630819082260132,
                        2.7736072540283203,
                        -8.02369499206543
                    ],
                    [
                        0.75310218334198,
                        2.8170204162597656,
                        2.9167211055755615,
                        -8.217390060424805
                    ],
                    [
                        0.6956402063369751,
                        3.01743221282959,
                        2.9157755374908447,
                        -8.341973304748535
                    ],
                    [
                        0.8139158487319946,
                        3.214989185333252,
                        2.9123072624206543,
                        -8.530394554138184
                    ],
                    [
                        0.5632014274597168,
                        3.2870841026306152,
                        2.905416965484619,
                        -8.486174583435059
                    ]
                ]
            ],
            "actions_pred": [
                [
                    [
                        0.33914637565612793,
                        0.47213077545166016,
                        0.5820143222808838,
                        0.8788424730300903,
                        0.9618321061134338,
                        0.4720800817012787,
                        0.26525384187698364,
                        0.3540819585323334,
                        0.5408117771148682,
                        0.4597618281841278,
                        0.39040568470954895,
                        0.6106566190719604,
                        0.7422387003898621,
                        0.6553851962089539,
                        0.8475547432899475,
                        0.7251532077789307,
                        0.75310218334198,
                        0.6956402063369751,
                        0.8139158487319946,
                        0.5632014274597168
                    ],
                    [
                        1.2212015390396118,
                        1.4588284492492676,
                        1.7555012702941895,
                        1.8719499111175537,
                        2.117009401321411,
                        2.0237061977386475,
                        2.1125588417053223,
                        2.458380937576294,
                        2.363368511199951,
                        2.399308443069458,
                        2.4027276039123535,
                        2.5877795219421387,
                        2.7220702171325684,
                        2.2724199295043945,
                        2.523982524871826,
                        2.630819082260132,
                        2.8170204162597656,
                        3.01743221282959,
                        3.214989185333252,
                        3.2870841026306152
                    ],
                    [
                        2.138652801513672,
                        2.0691299438476562,
                        2.244821071624756,
                        2.6979830265045166,
                        2.75274920463562,
                        2.836820125579834,
                        2.957632541656494,
                        2.9494917392730713,
                        2.971933126449585,
                        2.6870131492614746,
                        2.442889928817749,
                        2.569350242614746,
                        2.813934564590454,
                        2.742354154586792,
                        2.756700038909912,
                        2.7736072540283203,
                        2.9167211055755615,
                        2.9157755374908447,
                        2.9123072624206543,
                        2.905416965484619
                    ],
                    [
                        -3.363097667694092,
                        -3.6647891998291016,
                        -4.127639293670654,
                        -4.5845770835876465,
                        -4.941238880157471,
                        -5.165910243988037,
                        -5.39525842666626,
                        -5.614475727081299,
                        -6.22048282623291,
                        -6.76863956451416,
                        -7.054117202758789,
                        -7.244325637817383,
                        -7.467539310455322,
                        -7.395907878875732,
                        -7.785163879394531,
                        -8.02369499206543,
                        -8.217390060424805,
                        -8.341973304748535,
                        -8.530394554138184,
                        -8.486174583435059
                    ]
                ]
            ],
            "states": [
                [
                    [
                        5583488.0,
                        1.565206184750423e-05,
                        0.00026454709586687386,
                        777972.9375
                    ],
                    [
                        4978224.0,
                        1.5359531971625984e-05,
                        0.0002797465131152421,
                        855686.3125
                    ],
                    [
                        5334432.0,
                        1.5084374354046304e-05,
                        0.00027696648612618446,
                        816815.875
                    ],
                    [
                        5159224.0,
                        1.4814246242167428e-05,
                        0.0002747685939539224,
                        799861.375
                    ],
                    [
                        5513984.0,
                        1.4549360457749572e-05,
                        0.000255326071055606,
                        807912.1875
                    ],
                    [
                        5082480.0,
                        1.4295442269940395e-05,
                        0.0002729953557718545,
                        779605.9375
                    ],
                    [
                        5376424.0,
                        1.4053456652618479e-05,
                        0.00026464968686923385,
                        853596.25
                    ],
                    [
                        5073792.0,
                        1.3819644664181396e-05,
                        0.000260901142610237,
                        865763.5
                    ],
                    [
                        5425656.0,
                        1.3592515642812941e-05,
                        0.00026091569452546537,
                        896600.0
                    ],
                    [
                        5301128.0,
                        1.3368029613047838e-05,
                        0.00027603365015238523,
                        844597.4375
                    ],
                    [
                        5346016.0,
                        1.3152442988939583e-05,
                        0.0002529293124098331,
                        839011.5
                    ],
                    [
                        5652992.0,
                        1.2936916391481645e-05,
                        0.0002769185812212527,
                        874385.5625
                    ],
                    [
                        5185288.0,
                        1.2731260540022049e-05,
                        0.0002480096882209182,
                        820181.0625
                    ],
                    [
                        5438688.0,
                        1.2536010217445437e-05,
                        0.00027678909827955067,
                        838090.6875
                    ],
                    [
                        5221488.0,
                        1.2345956747594755e-05,
                        0.0002834639744833112,
                        979366.25
                    ],
                    [
                        5306920.0,
                        1.2163849532953463e-05,
                        0.00027035834500566125,
                        858373.0
                    ],
                    [
                        5419864.0,
                        1.1983782314928249e-05,
                        0.0002671718248166144,
                        825702.5
                    ],
                    [
                        5708016.0,
                        1.1802524568338413e-05,
                        0.00027032653451897204,
                        851358.6875
                    ],
                    [
                        5637064.0,
                        1.1623262253124267e-05,
                        0.0002656110445968807,
                        872734.375
                    ],
                    [
                        5471992.0,
                        1.1452919352450408e-05,
                        0.0002651966060511768,
                        865487.25
                    ]
                ]
            ],
            "actions": [
                [
                    [
                        0.75
                    ],
                    [
                        0.75
                    ],
                    [
                        0.75
                    ],
                    [
                        0.75
                    ],
                    [
                        0.75
                    ],
                    [
                        0.75
                    ],
                    [
                        0.75
                    ],
                    [
                        0.75
                    ],
                    [
                        0.75
                    ],
                    [
                        0.75
                    ],
                    [
                        0.75
                    ],
                    [
                        0.75
                    ],
                    [
                        0.75
                    ],
                    [
                        0.75
                    ],
                    [
                        0.75
                    ],
                    [
                        0.75
                    ],
                    [
                        0.75
                    ],
                    [
                        0.75
                    ],
                    [
                        0.75
                    ],
                    [
                        0.75
                    ]
                ]
            ],
            "returns": [
                [
                    [
                        0.5428837537765503
                    ],
                    [
                        0.5419464111328125
                    ],
                    [
                        0.5410192608833313
                    ],
                    [
                        0.5400859713554382
                    ],
                    [
                        0.5391556620597839
                    ],
                    [
                        0.5382193922996521
                    ],
                    [
                        0.5372903943061829
                    ],
                    [
                        0.5363564491271973
                    ],
                    [
                        0.5354275703430176
                    ],
                    [
                        0.5344927906990051
                    ],
                    [
                        0.533560037612915
                    ],
                    [
                        0.5326265692710876
                    ],
                    [
                        0.5316881537437439
                    ],
                    [
                        0.5307573676109314
                    ],
                    [
                        0.5298223495483398
                    ],
                    [
                        0.5288909673690796
                    ],
                    [
                        0.5279580950737
                    ],
                    [
                        0.527023434638977
                    ],
                    [
                        0.5260841250419617
                    ],
                    [
                        0.525145947933197
                    ]
                ]
            ],
            "timesteps": [
                [
                    40,
                    41,
                    42,
                    43,
                    44,
                    45,
                    46,
                    47,
                    48,
                    49,
                    50,
                    51,
                    52,
                    53,
                    54,
                    55,
                    56,
                    57,
                    58,
                    59
                ]
            ],
            "labels": [
                [
                    2,
                    2,
                    2,
                    2,
                    2,
                    2,
                    2,
                    2,
                    2,
                    2,
                    2,
                    2,
                    2,
                    2,
                    2,
                    2,
                    2,
                    2,
                    2,
                    2
                ]
            ],
            "CPU Usage": 45.3,
            "RAM Usage": 55.0,
            "GPU Usage": 0.0,
            "VRAM Usage": 356.0,
            "Disk Read Speed (MB/s)": 206645.2412109375,
            "Disk Write Speed (MB/s)": 413432.5361328125
        },
        {
            "step": 1,
            "train_loss": 0.014995157718658447,
            "actions_pred1": [
                [
                    [
                        0.7731661796569824,
                        1.6073625087738037,
                        1.3194164037704468,
                        -3.635019302368164
                    ],
                    [
                        0.6518174409866333,
                        1.672212839126587,
                        1.1312439441680908,
                        -3.4510350227355957
                    ],
                    [
                        0.5501348972320557,
                        1.5996251106262207,
                        1.0466082096099854,
                        -3.309743881225586
                    ],
                    [
                        0.4821070432662964,
                        1.628981590270996,
                        0.7207144498825073,
                        -3.0821306705474854
                    ],
                    [
                        0.3368127942085266,
                        1.6652894020080566,
                        0.5832728743553162,
                        -3.328564167022705
                    ],
                    [
                        0.3653818964958191,
                        1.607573390007019,
                        0.6972905397415161,
                        -3.2016255855560303
                    ],
                    [
                        0.5363314151763916,
                        2.0160911083221436,
                        0.6473330855369568,
                        -3.477590560913086
                    ],
                    [
                        0.5128944516181946,
                        1.8227531909942627,
                        0.7443649768829346,
                        -3.631281852722168
                    ],
                    [
                        0.6174585819244385,
                        1.8200843334197998,
                        0.7741648554801941,
                        -3.918813705444336
                    ],
                    [
                        0.5727875232696533,
                        1.9189388751983643,
                        1.058140754699707,
                        -3.815263032913208
                    ],
                    [
                        0.8101621270179749,
                        2.0484862327575684,
                        1.0317254066467285,
                        -4.180059432983398
                    ],
                    [
                        1.120140552520752,
                        2.3180336952209473,
                        1.0805026292800903,
                        -4.475517272949219
                    ],
                    [
                        0.9592940211296082,
                        2.394360065460205,
                        1.0483604669570923,
                        -4.394909858703613
                    ],
                    [
                        0.9073923826217651,
                        2.406604766845703,
                        1.0300183296203613,
                        -4.31141471862793
                    ],
                    [
                        0.7614091038703918,
                        2.4961843490600586,
                        1.1271969079971313,
                        -4.2736616134643555
                    ],
                    [
                        0.7574644088745117,
                        2.4587087631225586,
                        1.1954479217529297,
                        -4.261056900024414
                    ],
                    [
                        0.7626909613609314,
                        2.37564754486084,
                        1.3398840427398682,
                        -4.361852645874023
                    ],
                    [
                        0.7163467407226562,
                        2.2510881423950195,
                        1.2441736459732056,
                        -4.177384853363037
                    ],
                    [
                        0.9498324394226074,
                        2.5730884075164795,
                        1.1294053792953491,
                        -4.0425333976745605
                    ],
                    [
                        1.099774956703186,
                        2.9280660152435303,
                        0.9654445052146912,
                        -4.472772598266602
                    ]
                ]
            ],
            "actions_pred": [
                [
                    [
                        0.7731661796569824,
                        0.6518174409866333,
                        0.5501348972320557,
                        0.4821070432662964,
                        0.3368127942085266,
                        0.3653818964958191,
                        0.5363314151763916,
                        0.5128944516181946,
                        0.6174585819244385,
                        0.5727875232696533,
                        0.8101621270179749,
                        1.120140552520752,
                        0.9592940211296082,
                        0.9073923826217651,
                        0.7614091038703918,
                        0.7574644088745117,
                        0.7626909613609314,
                        0.7163467407226562,
                        0.9498324394226074,
                        1.099774956703186
                    ],
                    [
                        1.6073625087738037,
                        1.672212839126587,
                        1.5996251106262207,
                        1.628981590270996,
                        1.6652894020080566,
                        1.607573390007019,
                        2.0160911083221436,
                        1.8227531909942627,
                        1.8200843334197998,
                        1.9189388751983643,
                        2.0484862327575684,
                        2.3180336952209473,
                        2.394360065460205,
                        2.406604766845703,
                        2.4961843490600586,
                        2.4587087631225586,
                        2.37564754486084,
                        2.2510881423950195,
                        2.5730884075164795,
                        2.9280660152435303
                    ],
                    [
                        1.3194164037704468,
                        1.1312439441680908,
                        1.0466082096099854,
                        0.7207144498825073,
                        0.5832728743553162,
                        0.6972905397415161,
                        0.6473330855369568,
                        0.7443649768829346,
                        0.7741648554801941,
                        1.058140754699707,
                        1.0317254066467285,
                        1.0805026292800903,
                        1.0483604669570923,
                        1.0300183296203613,
                        1.1271969079971313,
                        1.1954479217529297,
                        1.3398840427398682,
                        1.2441736459732056,
                        1.1294053792953491,
                        0.9654445052146912
                    ],
                    [
                        -3.635019302368164,
                        -3.4510350227355957,
                        -3.309743881225586,
                        -3.0821306705474854,
                        -3.328564167022705,
                        -3.2016255855560303,
                        -3.477590560913086,
                        -3.631281852722168,
                        -3.918813705444336,
                        -3.815263032913208,
                        -4.180059432983398,
                        -4.475517272949219,
                        -4.394909858703613,
                        -4.31141471862793,
                        -4.2736616134643555,
                        -4.261056900024414,
                        -4.361852645874023,
                        -4.177384853363037,
                        -4.0425333976745605,
                        -4.472772598266602
                    ]
                ]
            ],
            "states": [
                [
                    [
                        5603760.0,
                        1.8195280063082464e-05,
                        0.00019109471759293228,
                        502731.65625
                    ],
                    [
                        5502400.0,
                        1.778137630026322e-05,
                        0.00025023153284564614,
                        515799.5
                    ],
                    [
                        3495337.0,
                        2.0890449377475306e-05,
                        0.000305382302030921,
                        476338.21875
                    ],
                    [
                        1255416.0,
                        5.187569695408456e-05,
                        0.00029567780438810587,
                        761957.25
                    ],
                    [
                        2240056.0,
                        5.151751611265354e-05,
                        0.00033060877467505634,
                        603144.3125
                    ],
                    [
                        3857472.0,
                        4.8557489208178595e-05,
                        0.0031183171086013317,
                        533986.8125
                    ],
                    [
                        4274496.0,
                        4.78329966426827e-05,
                        0.0025027666706591845,
                        540291.25
                    ],
                    [
                        4416400.0,
                        4.7082099627004936e-05,
                        0.0014389286516234279,
                        565093.875
                    ],
                    [
                        8094320.0,
                        4.604376954375766e-05,
                        0.0007658242247998714,
                        548988.375
                    ],
                    [
                        6445048.0,
                        4.488962440518662e-05,
                        0.00038344759377650917,
                        548654.4375
                    ],
                    [
                        5370632.0,
                        4.3993775761919096e-05,
                        0.00022289676417130977,
                        576383.875
                    ],
                    [
                        4669800.0,
                        4.3260322854621336e-05,
                        0.00016156068886630237,
                        587927.8125
                    ],
                    [
                        5024560.0,
                        4.257538603269495e-05,
                        0.0001406134688295424,
                        551057.8125
                    ],
                    [
                        5088272.0,
                        4.1883507947204635e-05,
                        0.00015407148748636246,
                        546541.25
                    ],
                    [
                        5479232.0,
                        4.118427023058757e-05,
                        0.00013193934864830226,
                        600107.125
                    ],
                    [
                        4853696.0,
                        4.0522416384192184e-05,
                        0.000135277965455316,
                        557284.125
                    ],
                    [
                        4022544.0,
                        3.997057501692325e-05,
                        0.0001415384467691183,
                        635772.1875
                    ],
                    [
                        3612760.0,
                        3.950786776840687e-05,
                        0.0001762084721121937,
                        576885.25
                    ],
                    [
                        3773488.0,
                        3.907046266249381e-05,
                        0.000310274597723037,
                        547162.9375
                    ],
                    [
                        4445360.0,
                        3.8595113437622786e-05,
                        0.00025462565827183425,
                        623805.0
                    ]
                ]
            ],
            "actions": [
                [
                    [
                        0.5
                    ],
                    [
                        0.5
                    ],
                    [
                        0.5
                    ],
                    [
                        0.5
                    ],
                    [
                        0.5
                    ],
                    [
                        0.5
                    ],
                    [
                        0.5
                    ],
                    [
                        0.5
                    ],
                    [
                        0.5
                    ],
                    [
                        0.5
                    ],
                    [
                        0.5
                    ],
                    [
                        0.5
                    ],
                    [
                        0.5
                    ],
                    [
                        0.5
                    ],
                    [
                        0.5
                    ],
                    [
                        0.5
                    ],
                    [
                        0.5
                    ],
                    [
                        0.5
                    ],
                    [
                        0.5
                    ],
                    [
                        0.5
                    ]
                ]
            ],
            "returns": [
                [
                    [
                        0.1523428112268448
                    ],
                    [
                        0.15140515565872192
                    ],
                    [
                        0.150469109416008
                    ],
                    [
                        0.14957329630851746
                    ],
                    [
                        0.14876827597618103
                    ],
                    [
                        0.1479119062423706
                    ],
                    [
                        0.14700736105442047
                    ],
                    [
                        0.1460937112569809
                    ],
                    [
                        0.14517715573310852
                    ],
                    [
                        0.14420689642429352
                    ],
                    [
                        0.14325684309005737
                    ],
                    [
                        0.14232294261455536
                    ],
                    [
                        0.14140145480632782
                    ],
                    [
                        0.14047347009181976
                    ],
                    [
                        0.13954436779022217
                    ],
                    [
                        0.13860870897769928
                    ],
                    [
                        0.13768377900123596
                    ],
                    [
                        0.13677552342414856
                    ],
                    [
                        0.13587677478790283
                    ],
                    [
                        0.1349741816520691
                    ]
                ]
            ],
            "timesteps": [
                [
                    460,
                    461,
                    462,
                    463,
                    464,
                    465,
                    466,
                    467,
                    468,
                    469,
                    470,
                    471,
                    472,
                    473,
                    474,
                    475,
                    476,
                    477,
                    478,
                    479
                ]
            ],
            "labels": [
                [
                    1,
                    1,
                    1,
                    1,
                    1,
                    1,
                    1,
                    1,
                    1,
                    1,
                    1,
                    1,
                    1,
                    1,
                    1,
                    1,
                    1,
                    1,
                    1,
                    1
                ]
            ],
            "CPU Usage": 46.7,
            "RAM Usage": 55.1,
            "GPU Usage": 0.0,
            "VRAM Usage": 356.0,
            "Disk Read Speed (MB/s)": 206645.2412109375,
            "Disk Write Speed (MB/s)": 413432.8173828125
        },
        {
            "step": 2,
            "train_loss": 0.01362580619752407,
            "actions_pred1": [
                [
                    [
                        -0.26989614963531494,
                        3.868823528289795,
                        3.1046271324157715,
                        -4.275207996368408
                    ],
                    [
                        0.3965097963809967,
                        3.174452543258667,
                        3.567753791809082,
                        -4.8607635498046875
                    ],
                    [
                        0.3589382767677307,
                        2.676032304763794,
                        3.5124621391296387,
                        -4.812952995300293
                    ],
                    [
                        0.6343722939491272,
                        2.880096673965454,
                        3.413947105407715,
                        -5.285097599029541
                    ],
                    [
                        0.6303313970565796,
                        2.677997589111328,
                        3.3020095825195312,
                        -5.74049186706543
                    ],
                    [
                        0.5120577216148376,
                        2.0843536853790283,
                        3.3728222846984863,
                        -5.846070766448975
                    ],
                    [
                        0.5410548448562622,
                        2.0828804969787598,
                        3.51444411277771,
                        -5.880477428436279
                    ],
                    [
                        0.448361873626709,
                        2.199157238006592,
                        3.5572245121002197,
                        -6.23664665222168
                    ],
                    [
                        0.5342625379562378,
                        2.352390766143799,
                        3.4946765899658203,
                        -6.394387245178223
                    ],
                    [
                        0.6481872200965881,
                        2.434868335723877,
                        3.382659912109375,
                        -6.597439765930176
                    ],
                    [
                        0.6695363521575928,
                        2.5176987648010254,
                        3.5867600440979004,
                        -6.587135314941406
                    ],
                    [
                        0.7184911370277405,
                        2.643350124359131,
                        3.52323317527771,
                        -6.457879543304443
                    ],
                    [
                        0.6211272478103638,
                        2.7154970169067383,
                        3.3379619121551514,
                        -6.357688903808594
                    ],
                    [
                        0.7061086893081665,
                        2.845881462097168,
                        3.316906452178955,
                        -6.52155065536499
                    ],
                    [
                        0.7573745846748352,
                        2.654139518737793,
                        3.529128313064575,
                        -6.641173362731934
                    ],
                    [
                        0.7474351525306702,
                        2.6607859134674072,
                        3.4562222957611084,
                        -6.644906044006348
                    ],
                    [
                        0.9771509766578674,
                        2.6213185787200928,
                        3.608511209487915,
                        -6.8391218185424805
                    ],
                    [
                        1.0592455863952637,
                        2.6857683658599854,
                        3.5321741104125977,
                        -7.115549087524414
                    ],
                    [
                        1.1816743612289429,
                        2.8052568435668945,
                        3.545285224914551,
                        -7.21243143081665
                    ],
                    [
                        1.1232645511627197,
                        2.873166799545288,
                        3.751473903656006,
                        -7.256063938140869
                    ]
                ]
            ],
            "actions_pred": [
                [
                    [
                        -0.26989614963531494,
                        0.3965097963809967,
                        0.3589382767677307,
                        0.6343722939491272,
                        0.6303313970565796,
                        0.5120577216148376,
                        0.5410548448562622,
                        0.448361873626709,
                        0.5342625379562378,
                        0.6481872200965881,
                        0.6695363521575928,
                        0.7184911370277405,
                        0.6211272478103638,
                        0.7061086893081665,
                        0.7573745846748352,
                        0.7474351525306702,
