{
    "steps": [
        {
            "step": 0,
            "train_loss": 0.029594531282782555,
            "actions_pred1": [
                [
                    [
                        -0.1574898511171341,
                        -0.2603059709072113,
                        0.5785282254219055,
                        0.576693058013916
                    ],
                    [
                        -0.3173750042915344,
                        -0.24092867970466614,
                        0.7021589875221252,
                        0.5369311571121216
                    ],
                    [
                        -0.24902209639549255,
                        -0.16505223512649536,
                        0.6575943231582642,
                        0.6278132200241089
                    ],
                    [
                        -0.18450096249580383,
                        -0.15564697980880737,
                        0.7135068774223328,
                        0.5319709777832031
                    ],
                    [
                        -0.14301858842372894,
                        -0.14967533946037292,
                        0.6312155723571777,
                        0.41879329085350037
                    ],
                    [
                        -0.320284903049469,
                        -0.20946981012821198,
                        0.5722392797470093,
                        0.4994760751724243
                    ],
                    [
                        -0.3331979811191559,
                        -0.2601108253002167,
                        0.6553483009338379,
                        0.5155799388885498
                    ],
                    [
                        -0.3361625075340271,
                        -0.16979601979255676,
                        0.7102949023246765,
                        0.45720723271369934
                    ],
                    [
                        -0.20200291275978088,
                        -0.16134443879127502,
                        0.7369749546051025,
                        0.5720796585083008
                    ],
                    [
                        -0.24108868837356567,
                        -0.25760942697525024,
                        0.7172499895095825,
                        0.5788373947143555
                    ],
                    [
                        -0.24625615775585175,
                        -0.13706135749816895,
                        0.7548192739486694,
                        0.5658811330795288
                    ],
                    [
                        -0.1842709481716156,
                        -0.20559269189834595,
                        0.6762754321098328,
                        0.5389671325683594
                    ],
                    [
                        -0.18273019790649414,
                        -0.2230841964483261,
                        0.6671673059463501,
                        0.5792990922927856
                    ],
                    [
                        -0.19389992952346802,
                        -0.14835526049137115,
                        0.908737301826477,
                        0.6929501295089722
                    ],
                    [
                        -0.20435595512390137,
                        -0.12112653255462646,
                        0.9664967656135559,
                        0.7667049169540405
                    ],
                    [
                        -0.21069824695587158,
                        -0.15003471076488495,
                        1.0211875438690186,
                        0.784116268157959
                    ],
                    [
                        -0.41998744010925293,
                        -0.17780345678329468,
                        0.9605985879898071,
                        0.7220724821090698
                    ],
                    [
                        -0.4962189197540283,
                        -0.15482059121131897,
                        0.9655897617340088,
                        0.7476398944854736
                    ],
                    [
                        -0.49925726652145386,
                        -0.13419686257839203,
                        0.9079186320304871,
                        0.727834165096283
                    ],
                    [
                        -0.4768337607383728,
                        0.02296384423971176,
                        1.1135790348052979,
                        0.6310957670211792
                    ]
                ]
            ],
            "actions_pred": [
                [
                    [
                        -0.1574898511171341,
                        -0.3173750042915344,
                        -0.24902209639549255,
                        -0.18450096249580383,
                        -0.14301858842372894,
                        -0.320284903049469,
                        -0.3331979811191559,
                        -0.3361625075340271,
                        -0.20200291275978088,
                        -0.24108868837356567,
                        -0.24625615775585175,
                        -0.1842709481716156,
                        -0.18273019790649414,
                        -0.19389992952346802,
                        -0.20435595512390137,
                        -0.21069824695587158,
                        -0.41998744010925293,
                        -0.4962189197540283,
                        -0.49925726652145386,
                        -0.4768337607383728
                    ],
                    [
                        -0.2603059709072113,
                        -0.24092867970466614,
                        -0.16505223512649536,
                        -0.15564697980880737,
                        -0.14967533946037292,
                        -0.20946981012821198,
                        -0.2601108253002167,
                        -0.16979601979255676,
                        -0.16134443879127502,
                        -0.25760942697525024,
                        -0.13706135749816895,
                        -0.20559269189834595,
                        -0.2230841964483261,
                        -0.14835526049137115,
                        -0.12112653255462646,
                        -0.15003471076488495,
                        -0.17780345678329468,
                        -0.15482059121131897,
                        -0.13419686257839203,
                        0.02296384423971176
                    ],
                    [
                        0.5785282254219055,
                        0.7021589875221252,
                        0.6575943231582642,
                        0.7135068774223328,
                        0.6312155723571777,
                        0.5722392797470093,
                        0.6553483009338379,
                        0.7102949023246765,
                        0.7369749546051025,
                        0.7172499895095825,
                        0.7548192739486694,
                        0.6762754321098328,
                        0.6671673059463501,
                        0.908737301826477,
                        0.9664967656135559,
                        1.0211875438690186,
                        0.9605985879898071,
                        0.9655897617340088,
                        0.9079186320304871,
                        1.1135790348052979
                    ],
                    [
                        0.576693058013916,
                        0.5369311571121216,
                        0.6278132200241089,
                        0.5319709777832031,
                        0.41879329085350037,
                        0.4994760751724243,
                        0.5155799388885498,
                        0.45720723271369934,
                        0.5720796585083008,
                        0.5788373947143555,
                        0.5658811330795288,
                        0.5389671325683594,
                        0.5792990922927856,
                        0.6929501295089722,
                        0.7667049169540405,
                        0.784116268157959,
                        0.7220724821090698,
                        0.7476398944854736,
                        0.727834165096283,
                        0.6310957670211792
                    ]
                ]
            ],
            "states": [
                [
                    [
                        9069003.0,
                        0.0034533278085291386,
                        0.0002651966060511768,
                        441188.5625
                    ],
                    [
                        11320464.0,
                        0.000310528528643772,
                        0.0002789112040773034,
                        436995.21875
                    ],
                    [
                        10438632.0,
                        0.00017193457460962236,
                        0.00025781430304050446,
                        493798.40625
                    ],
                    [
                        10012920.0,
                        0.00012196777242934331,
                        0.0002818313369061798,
                        466062.65625
                    ],
                    [
                        10120072.0,
                        9.498456347500905e-05,
                        0.00027022496215067804,
                        484496.1875
                    ],
                    [
                        9115160.0,
                        7.838496094336733e-05,
                        0.00027221045456826687,
                        480218.375
                    ],
                    [
                        8819768.0,
                        6.74370166962035e-05,
                        0.0002733847650233656,
                        463188.125
                    ],
                    [
                        9522048.0,
                        5.902954944758676e-05,
                        0.00026607781182974577,
                        571538.5
                    ],
                    [
                        9099232.0,
                        5.2383467846084386e-05,
                        0.00028466759249567986,
                        601120.625
                    ],
                    [
                        8877688.0,
                        4.72521896881517e-05,
                        0.0002693114511203021,
                        590414.6875
                    ],
                    [
                        7406288.0,
                        4.339466249803081e-05,
                        0.0002695369767025113,
                        529230.5625
                    ],
                    [
                        7668840.0,
                        4.0354032535105944e-05,
                        0.00026757299201563,
                        612860.8125
                    ],
                    [
                        7531048.0,
                        3.768979149754159e-05,
                        0.0002770914288703352,
                        740788.0625
                    ],
                    [
                        7394936.0,
                        3.539538010954857e-05,
                        0.0002540841815061867,
                        705727.25
                    ],
                    [
                        6951848.0,
                        3.34380820277147e-05,
                        0.0002650599053595215,
                        732259.125
                    ],
                    [
                        6330656.0,
                        3.180928251822479e-05,
                        0.00027801760006695986,
                        722867.4375
                    ],
                    [
                        5884672.0,
                        3.0445722586591728e-05,
                        0.0002704633225221187,
                        677627.4375
                    ],
                    [
                        5363392.0,
                        2.9289631129358895e-05,
                        0.0002756867033895105,
                        805457.5625
                    ],
                    [
                        5311264.0,
                        2.82715027424274e-05,
                        0.00025344316964037716,
                        860605.0
                    ],
                    [
                        5401040.0,
                        2.6375411835033447e-05,
                        0.000413205154472962,
                        833632.5625
                    ]
                ]
            ],
            "actions": [
                [
                    [
                        0.75
                    ],
                    [
                        0.75
                    ],
                    [
                        0.75
                    ],
                    [
                        0.75
                    ],
                    [
                        0.75
                    ],
                    [
                        0.75
                    ],
                    [
                        0.75
                    ],
                    [
                        0.75
                    ],
                    [
                        0.75
                    ],
                    [
                        0.75
                    ],
                    [
                        0.75
                    ],
                    [
                        0.75
                    ],
                    [
                        0.75
                    ],
                    [
                        0.75
                    ],
                    [
                        0.75
                    ],
                    [
                        0.75
                    ],
                    [
                        0.75
                    ],
                    [
                        0.75
                    ],
                    [
                        0.75
                    ],
                    [
                        0.75
                    ]
                ]
            ],
            "returns": [
                [
                    [
                        0.5809153318405151
                    ],
                    [
                        0.5799350142478943
                    ],
                    [
                        0.5789350271224976
                    ],
                    [
                        0.5779421925544739
                    ],
                    [
                        0.5769530534744263
                    ],
                    [
                        0.575963020324707
                    ],
                    [
                        0.574982225894928
                    ],
                    [
                        0.5740043520927429
                    ],
                    [
                        0.5730196833610535
                    ],
                    [
                        0.5720390677452087
                    ],
                    [
                        0.5710605978965759
                    ],
                    [
                        0.5700982213020325
                    ],
                    [
                        0.5691327452659607
                    ],
                    [
                        0.5681688785552979
                    ],
                    [
                        0.567206621170044
                    ],
                    [
                        0.5662498474121094
                    ],
                    [
                        0.5653014183044434
                    ],
                    [
                        0.5643594264984131
                    ],
                    [
                        0.563425600528717
                    ],
                    [
                        0.5624927282333374
                    ]
                ]
            ],
            "timesteps": [
                [
                    0,
                    1,
                    2,
                    3,
                    4,
                    5,
                    6,
                    7,
                    8,
                    9,
                    10,
                    11,
                    12,
                    13,
                    14,
                    15,
                    16,
                    17,
                    18,
                    19
                ]
            ],
            "labels": [
                [
                    2,
                    2,
                    2,
                    2,
                    2,
                    2,
                    2,
                    2,
                    2,
                    2,
                    2,
                    2,
                    2,
                    2,
                    2,
                    2,
                    2,
                    2,
                    2,
                    2
                ]
            ],
            "CPU Usage": 46.0,
            "RAM Usage": 55.5,
            "GPU Usage": 0.0,
            "VRAM Usage": 357.0,
            "Disk Read Speed (MB/s)": 206021.3662109375,
            "Disk Write Speed (MB/s)": 328273.0791015625
        },
        {
            "step": 1,
            "train_loss": 0.0549420528113842,
            "actions_pred1": [
                [
                    [
                        0.00038601458072662354,
                        -0.06835773587226868,
                        0.6725142002105713,
                        0.6460523009300232
                    ],
                    [
                        -0.12018612027168274,
                        -0.060849547386169434,
                        0.5571655035018921,
                        0.6052387952804565
                    ],
                    [
                        -0.2022106945514679,
                        -0.3349801301956177,
                        0.37426555156707764,
                        0.43699270486831665
                    ],
                    [
                        -0.13279737532138824,
                        -0.27077555656433105,
                        0.3312821090221405,
                        0.35034990310668945
                    ],
                    [
                        -0.1793144792318344,
                        -0.2443075180053711,
                        0.43367457389831543,
                        0.3206673860549927
                    ],
                    [
                        -0.2757878303527832,
                        -0.10180221498012543,
                        0.5226724147796631,
                        0.2945636212825775
                    ],
                    [
                        -0.08617854118347168,
                        -0.21558958292007446,
                        0.465554416179657,
                        0.2702408730983734
                    ],
                    [
                        -0.14256775379180908,
                        -0.16938206553459167,
                        0.4495920240879059,
                        0.2635720372200012
                    ],
                    [
                        -0.19059139490127563,
                        -0.0775870531797409,
                        0.7109488248825073,
                        0.19862794876098633
                    ],
                    [
                        -0.10401663184165955,
                        -0.024403385818004608,
                        0.7015693783760071,
                        0.2596619129180908
                    ],
                    [
                        -0.1733681708574295,
                        -0.12191460281610489,
                        0.6993069648742676,
                        0.30335932970046997
                    ],
                    [
                        -0.15627166628837585,
                        -0.09879877418279648,
                        0.5935863852500916,
                        0.32657286524772644
                    ],
                    [
                        -0.1493626981973648,
                        -0.07458697259426117,
                        0.6111729145050049,
                        0.3716910481452942
                    ],
                    [
                        -0.16442853212356567,
                        -0.046494364738464355,
                        0.6947505474090576,
                        0.5030776262283325
                    ],
                    [
                        -0.15228232741355896,
                        -0.09970199316740036,
                        0.691875696182251,
                        0.4895628094673157
                    ],
                    [
                        -0.13755956292152405,
                        -0.24191197752952576,
                        0.4475715160369873,
                        0.4627016484737396
                    ],
                    [
                        -0.13199083507061005,
                        -0.1285535842180252,
                        0.49167829751968384,
                        0.3592492341995239
                    ],
                    [
                        -0.19584769010543823,
                        -0.12662751972675323,
                        0.4843176603317261,
                        0.40970227122306824
                    ],
                    [
                        -0.2305804044008255,
                        -0.11467910557985306,
                        0.5765312910079956,
                        0.4337523877620697
                    ],
                    [
                        -0.22085703909397125,
                        -0.09217090904712677,
                        0.6711962819099426,
                        0.3573926091194153
                    ]
                ]
            ],
            "actions_pred": [
                [
                    [
                        0.00038601458072662354,
                        -0.12018612027168274,
                        -0.2022106945514679,
                        -0.13279737532138824,
                        -0.1793144792318344,
                        -0.2757878303527832,
                        -0.08617854118347168,
                        -0.14256775379180908,
                        -0.19059139490127563,
                        -0.10401663184165955,
                        -0.1733681708574295,
                        -0.15627166628837585,
                        -0.1493626981973648,
                        -0.16442853212356567,
                        -0.15228232741355896,
                        -0.13755956292152405,
                        -0.13199083507061005,
                        -0.19584769010543823,
                        -0.2305804044008255,
                        -0.22085703909397125
                    ],
                    [
                        -0.06835773587226868,
                        -0.060849547386169434,
                        -0.3349801301956177,
                        -0.27077555656433105,
                        -0.2443075180053711,
                        -0.10180221498012543,
                        -0.21558958292007446,
                        -0.16938206553459167,
                        -0.0775870531797409,
                        -0.024403385818004608,
                        -0.12191460281610489,
                        -0.09879877418279648,
                        -0.07458697259426117,
                        -0.046494364738464355,
                        -0.09970199316740036,
                        -0.24191197752952576,
                        -0.1285535842180252,
                        -0.12662751972675323,
                        -0.11467910557985306,
                        -0.09217090904712677
                    ],
                    [
                        0.6725142002105713,
                        0.5571655035018921,
                        0.37426555156707764,
                        0.3312821090221405,
                        0.43367457389831543,
                        0.5226724147796631,
                        0.465554416179657,
                        0.4495920240879059,
                        0.7109488248825073,
                        0.7015693783760071,
                        0.6993069648742676,
                        0.5935863852500916,
                        0.6111729145050049,
                        0.6947505474090576,
                        0.691875696182251,
                        0.4475715160369873,
                        0.49167829751968384,
                        0.4843176603317261,
                        0.5765312910079956,
                        0.6711962819099426
                    ],
                    [
                        0.6460523009300232,
                        0.6052387952804565,
                        0.43699270486831665,
                        0.35034990310668945,
                        0.3206673860549927,
                        0.2945636212825775,
                        0.2702408730983734,
                        0.2635720372200012,
                        0.19862794876098633,
                        0.2596619129180908,
                        0.30335932970046997,
                        0.32657286524772644,
                        0.3716910481452942,
                        0.5030776262283325,
                        0.4895628094673157,
                        0.4627016484737396,
                        0.3592492341995239,
                        0.40970227122306824,
                        0.4337523877620697,
                        0.3573926091194153
                    ]
                ]
            ],
            "states": [
                [
                    [
                        5130264.0,
                        9.53052585828118e-06,
                        0.00017112551722675562,
                        484343.53125
                    ],
                    [
                        5473440.0,
                        9.464440154260956e-06,
                        0.00025726869353093207,
                        530369.25
                    ],
                    [
                        5615344.0,
                        9.396303539688233e-06,
                        0.000244751397985965,
                        507658.4375
                    ],
                    [
                        5705120.0,
                        9.327747648057994e-06,
                        0.0002547030453570187,
                        475297.125
                    ],
                    [
                        5661680.0,
                        9.25990843825275e-06,
                        0.0002602769818622619,
                        509474.46875
                    ],
                    [
                        5626928.0,
                        9.193505320581608e-06,
                        0.00028401854797266424,
                        512406.875
                    ],
                    [
                        7240000.0,
                        9.118992238654755e-06,
                        0.00026182830333709717,
                        473767.34375
                    ],
                    [
                        6098976.0,
                        9.042967576533556e-06,
                        0.00025427230866625905,
                        486137.84375
                    ],
                    [
                        5957072.0,
                        8.975355740403756e-06,
                        0.00025071317213587463,
                        481721.90625
                    ],
                    [
                        6045400.0,
                        8.909044481697492e-06,
                        0.000257556646829471,
                        512695.15625
                    ],
                    [
                        5554528.0,
                        8.845872798701748e-06,
                        0.0002534309751354158,
                        490408.03125
                    ],
                    [
                        5395248.0,
                        8.787061233306304e-06,
                        0.00019772094674408436,
                        502051.125
                    ],
                    [
                        6014992.0,
                        8.726612577447668e-06,
                        0.00023689404770266265,
                        496127.90625
                    ],
                    [
                        5615344.0,
                        8.665836503496394e-06,
                        0.00024040597782004625,
                        497831.1875
                    ],
                    [
                        5961416.0,
                        8.60618456499651e-06,
                        0.00023798528127372265,
                        498399.9375
                    ],
                    [
                        5690640.0,
                        8.546960089006461e-06,
                        0.0002599294239189476,
                        501903.53125
                    ],
                    [
                        6043952.0,
                        8.48813488119049e-06,
                        0.0002636733988765627,
                        501576.46875
                    ],
                    [
                        7975584.0,
                        8.418936886300799e-06,
                        0.00023683813924435526,
                        444337.65625
                    ],
                    [
                        5891912.0,
                        8.351544238394126e-06,
                        0.0002558637352194637,
                        498428.25
                    ],
                    [
                        6125040.0,
                        8.294033250422217e-06,
                        0.00024174025747925043,
                        501703.09375
                    ]
                ]
            ],
            "actions": [
                [
                    [
                        0.25
                    ],
                    [
                        0.25
                    ],
                    [
                        0.25
                    ],
                    [
                        0.25
                    ],
                    [
                        0.25
                    ],
                    [
                        0.25
                    ],
                    [
                        0.25
                    ],
                    [
                        0.25
                    ],
                    [
                        0.25
                    ],
                    [
                        0.25
                    ],
                    [
                        0.25
                    ],
                    [
                        0.25
                    ],
                    [
                        0.25
                    ],
                    [
                        0.25
                    ],
                    [
                        0.25
                    ],
                    [
                        0.25
                    ],
                    [
                        0.25
                    ],
                    [
                        0.25
                    ],
                    [
                        0.25
                    ],
                    [
                        0.25
                    ]
                ]
            ],
            "returns": [
                [
                    [
                        0.20859551429748535
                    ],
                    [
                        0.20766568183898926
                    ],
                    [
                        0.20673011243343353
                    ],
                    [
                        0.20579227805137634
                    ],
                    [
                        0.20485302805900574
                    ],
                    [
                        0.20391446352005005
                    ],
                    [
                        0.20297643542289734
                    ],
                    [
                        0.20201605558395386
                    ],
                    [
                        0.2010708898305893
                    ],
                    [
                        0.20012782514095306
                    ],
                    [
                        0.19918343424797058
                    ],
                    [
                        0.1982465535402298
                    ],
                    [
                        0.19731226563453674
                    ],
                    [
                        0.19636832177639008
                    ],
                    [
                        0.19543048739433289
                    ],
                    [
                        0.19448734819889069
                    ],
                    [
                        0.193548321723938
                    ],
                    [
                        0.1926039606332779
                    ],
                    [
                        0.19163501262664795
                    ],
                    [
                        0.19069290161132812
                    ]
                ]
            ],
            "timesteps": [
                [
                    400,
                    401,
                    402,
                    403,
                    404,
                    405,
                    406,
                    407,
                    408,
                    409,
                    410,
                    411,
                    412,
                    413,
                    414,
                    415,
                    416,
                    417,
                    418,
                    419
                ]
            ],
            "labels": [
                [
                    0,
                    0,
                    0,
                    0,
                    0,
                    0,
                    0,
                    0,
                    0,
                    0,
                    0,
                    0,
                    0,
                    0,
                    0,
                    0,
                    0,
                    0,
                    0,
                    0
                ]
            ],
            "CPU Usage": 46.6,
            "RAM Usage": 55.5,
            "GPU Usage": 0.0,
            "VRAM Usage": 355.0,
            "Disk Read Speed (MB/s)": 206021.3857421875,
            "Disk Write Speed (MB/s)": 328273.1298828125
        },
        {
            "step": 2,
            "train_loss": 0.05228976160287857,
            "actions_pred1": [
                [
                    [
                        -0.4820002317428589,
                        -0.3562706410884857,
                        0.19336752593517303,
                        0.4087982177734375
                    ],
                    [
                        -0.43295907974243164,
                        -0.31655561923980713,
                        0.44488638639450073,
                        0.4528336524963379
                    ],
                    [
                        -0.3556133806705475,
                        -0.2977212369441986,
                        0.3854164183139801,
                        0.3671811521053314
                    ],
                    [
                        -0.3173708915710449,
                        -0.2801777124404907,
                        0.4238514304161072,
                        0.2882053554058075
                    ],
                    [
                        -0.19757328927516937,
                        -0.274777889251709,
                        0.18313121795654297,
                        0.12677627801895142
                    ],
                    [
                        -0.09242656826972961,
                        -0.15522605180740356,
                        0.36234793066978455,
                        0.0961155891418457
                    ],
                    [
                        -0.0964815765619278,
                        -0.050300151109695435,
                        0.4593185484409332,
                        0.09307518601417542
                    ],
                    [
                        -0.07744887471199036,
                        -0.032020628452301025,
                        0.5506736636161804,
                        0.29124996066093445
                    ],
                    [
                        -0.24027398228645325,
                        -0.015627648681402206,
                        0.43098607659339905,
                        0.2412489354610443
                    ],
                    [
                        -0.2078455686569214,
                        -0.12719660997390747,
                        0.6449785232543945,
                        0.3157751262187958
                    ],
                    [
                        -0.2696310877799988,
                        -0.21614842116832733,
                        0.5920431613922119,
                        0.2734319567680359
                    ],
                    [
                        -0.4559086561203003,
                        -0.2059524804353714,
                        0.5845631957054138,
                        0.26266220211982727
                    ],
                    [
                        -0.46606871485710144,
                        -0.0910075306892395,
                        0.6208845376968384,
                        0.30841493606567383
                    ],
                    [
                        -0.4421519339084625,
                        -0.03765283524990082,
                        0.6209426522254944,
                        0.36264410614967346
                    ],
                    [
                        -0.41326045989990234,
                        -0.11027508229017258,
                        0.5369318723678589,
                        0.31995147466659546
                    ],
                    [
                        -0.37976112961769104,
                        -0.04559224843978882,
                        0.5168696045875549,
                        0.24490782618522644
                    ],
                    [
                        -0.20673954486846924,
                        -0.09404480457305908,
                        0.4332984685897827,
                        0.25461047887802124
                    ],
                    [
                        -0.27255475521087646,
                        -0.07931230217218399,
                        0.4967208504676819,
                        0.3753705620765686
                    ],
                    [
                        -0.35442641377449036,
                        -0.029912680387496948,
                        0.6808684468269348,
                        0.3091750144958496
                    ],
                    [
                        -0.32627227902412415,
                        -0.12700295448303223,
                        0.8167052865028381,
                        0.29482001066207886
                    ]
                ]
            ],
            "actions_pred": [
                [
                    [
                        -0.4820002317428589,
                        -0.43295907974243164,
                        -0.3556133806705475,
                        -0.3173708915710449,
                        -0.19757328927516937,
