{
    "steps": [
        {
            "step": 0,
            "train_loss": 0.007818566635251045,
            "actions_pred1": [
                [
                    [
                        1.343415379524231,
                        2.2693421840667725,
                        2.0751819610595703,
                        -4.212949752807617
                    ],
                    [
                        1.2379131317138672,
                        2.344181537628174,
                        2.2576699256896973,
                        -4.604169845581055
                    ],
                    [
                        1.2346181869506836,
                        3.094797134399414,
                        1.9730119705200195,
                        -5.431142807006836
                    ],
                    [
                        1.0887503623962402,
                        3.6732425689697266,
                        1.553188681602478,
                        -6.060359954833984
                    ],
                    [
                        0.5778220891952515,
                        4.359928607940674,
                        1.2604420185089111,
                        -5.683838844299316
                    ],
                    [
                        0.845967710018158,
                        4.47144889831543,
                        0.9849003553390503,
                        -5.926128387451172
                    ],
                    [
                        0.9425466060638428,
                        4.54329776763916,
                        0.6136301159858704,
                        -5.964237213134766
                    ],
                    [
                        1.0178613662719727,
                        4.996055603027344,
                        0.9101330041885376,
                        -6.002320289611816
                    ],
                    [
                        1.1295666694641113,
                        4.906319618225098,
                        1.1116405725479126,
                        -5.947466850280762
                    ],
                    [
                        1.3561992645263672,
                        4.887901782989502,
                        1.0530059337615967,
                        -6.142454147338867
                    ],
                    [
                        1.27926766872406,
                        4.636855125427246,
                        0.7139843106269836,
                        -5.938220500946045
                    ],
                    [
                        1.2365632057189941,
                        4.698577404022217,
                        0.6412969827651978,
                        -5.880503177642822
                    ],
                    [
                        1.123450756072998,
                        4.667443752288818,
                        0.7003377079963684,
                        -5.8314995765686035
                    ],
                    [
                        1.2033032178878784,
                        4.82434606552124,
                        0.8766713738441467,
                        -6.044111251831055
                    ],
                    [
                        1.2164947986602783,
                        5.1399455070495605,
                        0.7128186821937561,
                        -5.802706718444824
                    ],
                    [
                        1.2471729516983032,
                        5.086777687072754,
                        0.8589043617248535,
                        -5.88364839553833
                    ],
                    [
                        1.3688774108886719,
                        4.929646015167236,
                        0.9806086421012878,
                        -5.830686092376709
                    ],
                    [
                        1.3445700407028198,
                        4.870493412017822,
                        1.079735279083252,
                        -5.980165481567383
                    ],
                    [
                        1.4056684970855713,
                        4.709455966949463,
                        1.2266461849212646,
                        -5.752572059631348
                    ],
                    [
                        1.7883764505386353,
                        4.753077030181885,
                        1.0477046966552734,
                        -5.83958625793457
                    ]
                ]
            ],
            "actions_pred": [
                [
                    [
                        1.343415379524231,
                        1.2379131317138672,
                        1.2346181869506836,
                        1.0887503623962402,
                        0.5778220891952515,
                        0.845967710018158,
                        0.9425466060638428,
                        1.0178613662719727,
                        1.1295666694641113,
                        1.3561992645263672,
                        1.27926766872406,
                        1.2365632057189941,
                        1.123450756072998,
                        1.2033032178878784,
                        1.2164947986602783,
                        1.2471729516983032,
                        1.3688774108886719,
                        1.3445700407028198,
                        1.4056684970855713,
                        1.7883764505386353
                    ],
                    [
                        2.2693421840667725,
                        2.344181537628174,
                        3.094797134399414,
                        3.6732425689697266,
                        4.359928607940674,
                        4.47144889831543,
                        4.54329776763916,
                        4.996055603027344,
                        4.906319618225098,
                        4.887901782989502,
                        4.636855125427246,
                        4.698577404022217,
                        4.667443752288818,
                        4.82434606552124,
                        5.1399455070495605,
                        5.086777687072754,
                        4.929646015167236,
                        4.870493412017822,
                        4.709455966949463,
                        4.753077030181885
                    ],
                    [
                        2.0751819610595703,
                        2.2576699256896973,
                        1.9730119705200195,
                        1.553188681602478,
                        1.2604420185089111,
                        0.9849003553390503,
                        0.6136301159858704,
                        0.9101330041885376,
                        1.1116405725479126,
                        1.0530059337615967,
                        0.7139843106269836,
                        0.6412969827651978,
                        0.7003377079963684,
                        0.8766713738441467,
                        0.7128186821937561,
                        0.8589043617248535,
                        0.9806086421012878,
                        1.079735279083252,
                        1.2266461849212646,
                        1.0477046966552734
                    ],
                    [
                        -4.212949752807617,
                        -4.604169845581055,
                        -5.431142807006836,
                        -6.060359954833984,
                        -5.683838844299316,
                        -5.926128387451172,
                        -5.964237213134766,
                        -6.002320289611816,
                        -5.947466850280762,
                        -6.142454147338867,
                        -5.938220500946045,
                        -5.880503177642822,
                        -5.8314995765686035,
                        -6.044111251831055,
                        -5.802706718444824,
                        -5.88364839553833,
                        -5.830686092376709,
                        -5.980165481567383,
                        -5.752572059631348,
                        -5.83958625793457
                    ]
                ]
            ],
            "states": [
                [
                    [
                        5354704.0,
                        8.239823728217743e-06,
                        0.00025337765691801906,
                        501396.375
                    ],
                    [
                        6112008.0,
                        8.186386367015075e-06,
                        0.00023226119810715318,
                        493386.84375
                    ],
                    [
                        437474.0,
                        0.04059061408042908,
                        0.000310274597723037,
                        179519.703125
                    ],
                    [
                        742824.0,
                        0.00568061089143157,
                        0.00025462565827183425,
                        494869.5625
                    ],
                    [
                        1293064.0,
                        0.002463217591866851,
                        0.00027542549651116133,
                        568802.125
                    ],
                    [
                        2754096.0,
                        0.001175331766717136,
                        0.00025879128952510655,
                        506395.59375
                    ],
                    [
                        4959400.0,
                        0.0005831622984260321,
                        0.0002528103068470955,
                        510830.5
                    ],
                    [
                        7180632.0,
                        0.0003223789972253144,
                        0.00020026147831231356,
                        497092.78125
                    ],
                    [
                        10328584.0,
                        0.00019613979384303093,
                        0.00022364039614330977,
                        447740.25
                    ],
                    [
                        9514808.0,
                        0.00013474683510139585,
                        0.0002323320077266544,
                        458092.9375
                    ],
                    [
                        9614720.0,
                        0.00010378147271694615,
                        0.00023472661268897355,
                        451882.15625
                    ],
                    [
                        11055480.0,
                        8.32404475659132e-05,
                        0.00024062122975010425,
                        451078.96875
                    ],
                    [
                        10631216.0,
                        6.886368646519259e-05,
                        0.0001874879380920902,
                        454141.4375
                    ],
                    [
                        9736352.0,
                        5.92533870076295e-05,
                        0.00025532711879350245,
                        501440.96875
                    ],
                    [
                        5832544.0,
                        5.351470463210717e-05,
                        0.0002452299522701651,
                        514617.375
                    ],
                    [
                        4878312.0,
                        5.0193953939015046e-05,
                        0.00023082415282260627,
                        598373.25
                    ],
                    [
                        5687744.0,
                        4.730764703708701e-05,
                        0.00026125748991034925,
                        594833.125
                    ],
                    [
                        5154880.0,
                        4.466561586013995e-05,
                        0.00024003862927202135,
                        666985.1875
                    ],
                    [
                        5471992.0,
                        4.2350944568170235e-05,
                        0.00019315553072374314,
                        641558.875
                    ],
                    [
                        7102440.0,
                        3.9908583858050406e-05,
                        0.00022412248654291034,
                        477795.28125
                    ]
                ]
            ],
            "actions": [
                [
                    [
                        0.25
                    ],
                    [
                        0.25
                    ],
                    [
                        0.5
                    ],
                    [
                        0.5
                    ],
                    [
                        0.5
                    ],
                    [
                        0.5
                    ],
                    [
                        0.5
                    ],
                    [
                        0.5
                    ],
                    [
                        0.5
                    ],
                    [
                        0.5
                    ],
                    [
                        0.5
                    ],
                    [
                        0.5
                    ],
                    [
                        0.5
                    ],
                    [
                        0.5
                    ],
                    [
                        0.5
                    ],
                    [
                        0.5
                    ],
                    [
                        0.5
                    ],
                    [
                        0.5
                    ],
                    [
                        0.5
                    ],
                    [
                        0.5
                    ]
                ]
            ],
            "returns": [
                [
                    [
                        0.18974736332893372
                    ],
                    [
                        0.1888137310743332
                    ],
                    [
                        0.1878683865070343
                    ],
                    [
                        0.1871568113565445
                    ],
                    [
                        0.18639831244945526
                    ],
                    [
                        0.18559066951274872
                    ],
                    [
                        0.18471598625183105
                    ],
                    [
                        0.18378916382789612
                    ],
                    [
                        0.18282951414585114
                    ],
                    [
                        0.18183764815330505
                    ],
                    [
                        0.18085305392742157
                    ],
                    [
                        0.17986753582954407
                    ],
                    [
                        0.17886963486671448
                    ],
                    [
                        0.17787520587444305
                    ],
                    [
                        0.176888570189476
                    ],
                    [
                        0.17594735324382782
                    ],
                    [
                        0.17502199113368988
                    ],
                    [
                        0.17408300936222076
                    ],
                    [
                        0.17315275967121124
                    ],
                    [
                        0.1722172051668167
                    ]
                ]
            ],
            "timesteps": [
                [
                    420,
                    421,
                    422,
                    423,
                    424,
                    425,
                    426,
                    427,
                    428,
                    429,
                    430,
                    431,
                    432,
                    433,
                    434,
                    435,
                    436,
                    437,
                    438,
                    439
                ]
            ],
            "labels": [
                [
                    0,
                    0,
                    1,
                    1,
                    1,
                    1,
                    1,
                    1,
                    1,
                    1,
                    1,
                    1,
                    1,
                    1,
                    1,
                    1,
                    1,
                    1,
                    1,
                    1
                ]
            ],
            "CPU Usage": 46.4,
            "RAM Usage": 55.0,
            "GPU Usage": 0.0,
            "VRAM Usage": 355.0,
            "Disk Read Speed (MB/s)": 206667.4873046875,
            "Disk Write Speed (MB/s)": 435497.4306640625
        },
        {
            "step": 1,
            "train_loss": 0.012633469887077808,
            "actions_pred1": [
                [
                    [
                        -0.6226398348808289,
                        2.47410249710083,
                        3.800477981567383,
                        -4.454498291015625
                    ],
                    [
                        0.036063194274902344,
                        2.530733108520508,
                        4.521847724914551,
                        -4.338700771331787
                    ],
                    [
                        -0.022207647562026978,
                        2.697434902191162,
                        4.0339460372924805,
                        -4.6260576248168945
                    ],
                    [
                        -0.2437039017677307,
                        2.836899757385254,
                        3.49501895904541,
                        -4.658047199249268
                    ],
                    [
                        -0.3450767993927002,
                        3.4170279502868652,
                        2.931572198867798,
                        -4.851417541503906
                    ],
                    [
                        -0.17354542016983032,
                        3.660205602645874,
                        2.942606210708618,
                        -4.945003032684326
                    ],
                    [
                        -0.0038425400853157043,
                        3.9121341705322266,
                        2.739724636077881,
                        -4.953132629394531
                    ],
                    [
                        -0.12193708121776581,
                        3.801093578338623,
                        2.587071418762207,
                        -4.924470901489258
                    ],
                    [
                        -0.29287514090538025,
                        4.136733531951904,
                        2.4201130867004395,
                        -4.856717586517334
                    ],
                    [
                        -0.4429848790168762,
                        4.230341911315918,
                        2.2852180004119873,
                        -4.924785137176514
                    ],
                    [
                        -0.5918858647346497,
                        4.265929698944092,
                        2.6458866596221924,
                        -4.81261682510376
                    ],
                    [
                        -0.6056490540504456,
                        4.178299903869629,
                        2.8263556957244873,
                        -4.811944484710693
                    ],
                    [
                        -0.48775169253349304,
                        4.339351177215576,
                        2.9194698333740234,
                        -4.838812828063965
                    ],
                    [
                        -0.6120976805686951,
                        4.408787727355957,
                        2.8102872371673584,
                        -4.946660995483398
                    ],
                    [
                        -0.5657841563224792,
                        4.522656440734863,
                        2.802794933319092,
                        -4.771868705749512
                    ],
                    [
                        -0.774665117263794,
                        4.5833892822265625,
                        2.7010974884033203,
                        -4.648760795593262
                    ],
                    [
                        -0.7830631732940674,
                        4.650802135467529,
                        2.529386520385742,
                        -4.646069049835205
                    ],
                    [
                        -0.7364031076431274,
                        4.49773645401001,
                        2.47662353515625,
                        -4.746920108795166
                    ],
                    [
                        -0.576828122138977,
                        4.467780590057373,
                        2.475177049636841,
                        -4.8493123054504395
                    ],
                    [
                        -0.5873681306838989,
                        4.545185565948486,
                        2.407566785812378,
                        -4.7743449211120605
                    ]
                ]
            ],
            "actions_pred": [
                [
                    [
                        -0.6226398348808289,
                        0.036063194274902344,
                        -0.022207647562026978,
                        -0.2437039017677307,
                        -0.3450767993927002,
                        -0.17354542016983032,
                        -0.0038425400853157043,
                        -0.12193708121776581,
                        -0.29287514090538025,
                        -0.4429848790168762,
                        -0.5918858647346497,
                        -0.6056490540504456,
                        -0.48775169253349304,
                        -0.6120976805686951,
                        -0.5657841563224792,
                        -0.774665117263794,
                        -0.7830631732940674,
                        -0.7364031076431274,
                        -0.576828122138977,
                        -0.5873681306838989
                    ],
                    [
                        2.47410249710083,
                        2.530733108520508,
                        2.697434902191162,
                        2.836899757385254,
                        3.4170279502868652,
                        3.660205602645874,
                        3.9121341705322266,
                        3.801093578338623,
                        4.136733531951904,
                        4.230341911315918,
                        4.265929698944092,
                        4.178299903869629,
                        4.339351177215576,
                        4.408787727355957,
                        4.522656440734863,
                        4.5833892822265625,
                        4.650802135467529,
                        4.49773645401001,
                        4.467780590057373,
                        4.545185565948486
                    ],
                    [
                        3.800477981567383,
                        4.521847724914551,
                        4.0339460372924805,
                        3.49501895904541,
                        2.931572198867798,
                        2.942606210708618,
                        2.739724636077881,
                        2.587071418762207,
                        2.4201130867004395,
                        2.2852180004119873,
                        2.6458866596221924,
                        2.8263556957244873,
                        2.9194698333740234,
                        2.8102872371673584,
                        2.802794933319092,
                        2.7010974884033203,
                        2.529386520385742,
                        2.47662353515625,
                        2.475177049636841,
                        2.407566785812378
                    ],
                    [
                        -4.454498291015625,
                        -4.338700771331787,
                        -4.6260576248168945,
                        -4.658047199249268,
                        -4.851417541503906,
                        -4.945003032684326,
                        -4.953132629394531,
                        -4.924470901489258,
                        -4.856717586517334,
                        -4.924785137176514,
                        -4.81261682510376,
                        -4.811944484710693,
                        -4.838812828063965,
                        -4.946660995483398,
                        -4.771868705749512,
                        -4.648760795593262,
                        -4.646069049835205,
                        -4.746920108795166,
                        -4.8493123054504395,
                        -4.7743449211120605
                    ]
                ]
            ],
            "states": [
                [
                    [
                        5847024.0,
                        7.17427474228316e-06,
                        0.0002797465131152421,
                        862261.25
                    ],
                    [
                        5130264.0,
                        7.109771104296669e-06,
                        0.00027696648612618446,
                        791462.9375
                    ],
                    [
                        5460408.0,
                        7.0486535150848795e-06,
                        0.0002747685939539224,
                        848104.9375
                    ],
                    [
                        5159224.0,
                        6.988396307860967e-06,
                        0.000255326071055606,
                        826896.4375
                    ],
                    [
                        5280856.0,
                        6.9301599978643935e-06,
                        0.0002729953557718545,
                        850071.375
                    ],
                    [
                        5415520.0,
                        6.871501227578847e-06,
                        0.00026464968686923385,
                        894284.875
                    ],
                    [
                        5138952.0,
                        6.81457140672137e-06,
                        0.000260901142610237,
                        824406.5
                    ],
                    [
                        5364840.0,
                        6.758851213817252e-06,
                        0.00026091569452546537,
                        837380.25
                    ],
                    [
                        8605643.0,
                        0.0036125751212239265,
                        0.0002766261750366539,
                        462352.0625
                    ],
                    [
                        10015816.0,
                        0.00033437556703574955,
                        0.00026207882910966873,
                        482968.0625
                    ],
                    [
                        7806168.0,
                        0.00019468956452328712,
                        0.00027697221958078444,
                        473153.5
                    ],
                    [
                        6004856.0,
                        0.00014804340025875717,
                        0.00037561735371127725,
                        563905.9375
                    ],
                    [
                        3835752.0,
                        0.00012653775047510862,
                        0.000348972505889833,
                        546822.625
                    ],
                    [
                        693592.0,
                        0.00011859468213515356,
                        0.000344088242854923,
                        536207.0
                    ],
                    [
                        1136680.0,
                        0.00011570940841920674,
                        0.00030916635296307504,
                        532932.75
                    ],
                    [
                        755856.0,
                        0.0001128598305513151,
                        0.00029186115716584027,
                        668301.125
                    ],
                    [
                        573408.0,
                        0.00011094257206423208,
                        0.00031188191496767104,
                        741689.6875
                    ],
                    [
                        432952.0,
                        0.0001095341140171513,
                        0.0003927450452465564,
                        678985.1875
                    ],
                    [
                        1216320.0,
                        0.00010730996291385964,
                        0.00034627493005245924,
                        618105.1875
                    ],
                    [
                        4131144.0,
                        0.00010072957229567692,
                        0.00028098482289351523,
                        571491.4375
                    ]
                ]
            ],
            "actions": [
                [
                    [
                        0.75
                    ],
                    [
                        0.75
                    ],
                    [
                        0.75
                    ],
                    [
                        0.75
                    ],
                    [
                        0.75
                    ],
                    [
                        0.75
                    ],
                    [
                        0.75
                    ],
                    [
                        0.75
                    ],
                    [
                        0.5
                    ],
                    [
                        0.5
                    ],
                    [
                        0.5
                    ],
                    [
                        0.5
                    ],
                    [
                        0.5
                    ],
                    [
                        0.5
                    ],
                    [
                        0.5
                    ],
                    [
                        0.5
                    ],
                    [
                        0.5
                    ],
                    [
                        0.5
                    ],
                    [
                        0.5
                    ],
                    [
                        0.5
                    ]
                ]
            ],
            "returns": [
                [
                    [
                        0.48685410618782043
                    ],
                    [
                        0.4859126806259155
                    ],
                    [
                        0.48498284816741943
                    ],
                    [
                        0.4840475022792816
                    ],
                    [
                        0.48311716318130493
                    ],
                    [
                        0.4821847677230835
                    ],
                    [
                        0.481250137090683
                    ],
                    [
                        0.48032015562057495
                    ],
                    [
                        0.4793863594532013
                    ],
                    [
                        0.47841066122055054
                    ],
                    [
                        0.47742152214050293
                    ],
                    [
                        0.4764544665813446
                    ],
                    [
                        0.47551068663597107
                    ],
                    [
                        0.47460663318634033
                    ],
                    [
                        0.4738542139530182
                    ],
                    [
                        0.47305798530578613
                    ],
                    [
                        0.4722979664802551
                    ],
                    [
                        0.47156238555908203
                    ],
                    [
                        0.47085174918174744
                    ],
                    [
                        0.47004953026771545
                    ]
                ]
            ],
            "timesteps": [
                [
                    100,
                    101,
                    102,
                    103,
                    104,
                    105,
                    106,
                    107,
                    108,
                    109,
                    110,
                    111,
                    112,
                    113,
                    114,
                    115,
                    116,
                    117,
                    118,
                    119
                ]
            ],
            "labels": [
                [
                    2,
                    2,
                    2,
                    2,
                    2,
                    2,
                    2,
                    2,
                    1,
                    1,
                    1,
                    1,
                    1,
                    1,
                    1,
                    1,
                    1,
                    1,
                    1,
                    1
                ]
            ],
            "CPU Usage": 47.1,
            "RAM Usage": 55.1,
            "GPU Usage": 0.0,
            "VRAM Usage": 355.0,
            "Disk Read Speed (MB/s)": 206667.4873046875,
            "Disk Write Speed (MB/s)": 435497.5791015625
        },
        {
            "step": 2,
            "train_loss": 0.0006271039601415396,
            "actions_pred1": [
                [
                    [
                        -0.8733599781990051,
                        2.344559907913208,
                        -1.0360362529754639,
                        -4.861773490905762
                    ],
                    [
                        -1.3596409559249878,
                        2.826765537261963,
                        -1.177642822265625,
                        -5.578505516052246
                    ],
                    [
                        -0.7093302011489868,
                        3.4978744983673096,
                        -1.1835566759109497,
                        -5.387844085693359
                    ],
                    [
                        -0.5261626243591309,
                        4.067286491394043,
                        -1.3009334802627563,
                        -5.233015537261963
                    ],
                    [
                        -0.5586512088775635,
                        4.131352424621582,
                        -1.2704732418060303,
                        -5.686514854431152
                    ],
                    [
                        -0.6344274282455444,
                        4.171045780181885,
                        -1.2888579368591309,
                        -5.78235387802124
                    ],
                    [
                        -0.6207602024078369,
                        3.9805009365081787,
                        -1.192999243736267,
                        -5.643130302429199
                    ],
                    [
                        -0.5490754246711731,
                        4.20935583114624,
                        -0.9585951566696167,
                        -5.698529243469238
                    ],
                    [
                        -0.5268047451972961,
                        3.986689329147339,
                        -0.8777106404304504,
                        -5.696579456329346
                    ],
                    [
                        -0.5887444615364075,
                        3.9418272972106934,
                        -0.8695761561393738,
                        -5.892334938049316
                    ],
                    [
                        -0.6818106770515442,
                        4.120029926300049,
                        -0.8795490264892578,
                        -5.894412994384766
                    ],
                    [
                        -0.48520028591156006,
                        4.118494987487793,
                        -0.8951461315155029,
                        -5.809875011444092
                    ],
                    [
                        -0.38106366991996765,
                        4.2671217918396,
                        -0.8443094491958618,
                        -5.856884479522705
                    ],
                    [
                        -0.45301908254623413,
                        4.27181339263916,
                        -0.786061704158783,
                        -5.9699320793151855
                    ],
                    [
                        -0.4070424437522888,
                        4.279424667358398,
                        -0.7594100832939148,
                        -6.063739776611328
                    ],
                    [
                        -0.3600742816925049,
                        4.157873630523682,
                        -0.9421176314353943,
                        -6.012911796569824
                    ],
                    [
                        -0.37599432468414307,
                        4.189123153686523,
                        -0.839011013507843,
                        -6.14385986328125
                    ],
                    [
                        -0.3348179757595062,
                        4.137589931488037,
                        -0.7780879735946655,
                        -6.182428359985352
                    ],
                    [
                        -0.31640106439590454,
                        4.379500865936279,
                        -0.7521934509277344,
                        -6.259708881378174
                    ],
                    [
                        -0.18742887675762177,
                        4.258110046386719,
                        -0.6472610235214233,
                        -6.100504398345947
                    ]
                ]
            ],
            "actions_pred": [
                [
                    [
                        -0.8733599781990051,
                        -1.3596409559249878,
                        -0.7093302011489868,
                        -0.5261626243591309,
                        -0.5586512088775635,
                        -0.6344274282455444,
                        -0.6207602024078369,
                        -0.5490754246711731,
                        -0.5268047451972961,
                        -0.5887444615364075,
                        -0.6818106770515442,
                        -0.48520028591156006,
                        -0.38106366991996765,
                        -0.45301908254623413,
