{
    "steps": [
        {
            "step": 0,
            "train_loss": 0.013185235671699047,
            "actions_pred1": [
                [
                    [
                        0.44273996353149414,
                        0.45653772354125977,
                        1.588113784790039,
                        -2.079496383666992
                    ],
                    [
                        0.3144461214542389,
                        0.5594961047172546,
                        1.6646428108215332,
                        -2.163252115249634
                    ],
                    [
                        0.35585230588912964,
                        0.5144780874252319,
                        1.6930756568908691,
                        -2.0180888175964355
                    ],
                    [
                        0.3917233943939209,
                        0.4683386981487274,
                        1.9323875904083252,
                        -2.1767144203186035
                    ],
                    [
                        0.3993797302246094,
                        0.6466544270515442,
                        2.0570602416992188,
                        -2.298445701599121
                    ],
                    [
                        0.554168701171875,
                        0.5657869577407837,
                        1.9415624141693115,
                        -2.2613964080810547
                    ],
                    [
                        0.4219427704811096,
                        0.5439915060997009,
                        1.7584595680236816,
                        -2.317551374435425
                    ],
                    [
                        0.5782917141914368,
                        0.7077686786651611,
                        1.7710391283035278,
                        -2.2726662158966064
                    ],
                    [
                        0.6270759105682373,
                        0.7307571172714233,
                        1.7078436613082886,
                        -2.200809955596924
                    ],
                    [
                        0.4508054256439209,
                        0.6820943355560303,
                        1.8389043807983398,
                        -2.2367794513702393
                    ],
                    [
                        0.5580170750617981,
                        0.7137289047241211,
                        2.2122926712036133,
                        -2.4887404441833496
                    ],
                    [
                        0.5193666219711304,
                        0.6487443447113037,
                        2.059105157852173,
                        -2.2663180828094482
                    ],
                    [
                        0.4908718466758728,
                        0.4762879014015198,
                        2.0389912128448486,
                        -2.355069160461426
                    ],
                    [
                        0.5631130933761597,
                        0.529102623462677,
                        2.067263126373291,
                        -2.465569496154785
                    ],
                    [
                        0.6085383892059326,
                        0.5692497491836548,
                        2.110807180404663,
                        -2.541386604309082
                    ],
                    [
                        0.6060530543327332,
                        0.6204997301101685,
                        2.106942653656006,
                        -2.5081288814544678
                    ],
                    [
                        0.5612328052520752,
                        0.6021039485931396,
                        2.035278081893921,
                        -2.417398452758789
                    ],
                    [
                        0.47782716155052185,
                        0.7234548330307007,
                        1.9487841129302979,
                        -2.292342185974121
                    ],
                    [
                        0.4388585090637207,
                        0.8175004720687866,
                        2.0510451793670654,
                        -2.4381601810455322
                    ],
                    [
                        0.4976056218147278,
                        0.8514138460159302,
                        2.1263315677642822,
                        -2.459597587585449
                    ]
                ]
            ],
            "actions_pred": [
                [
                    [
                        0.44273996353149414,
                        0.3144461214542389,
                        0.35585230588912964,
                        0.3917233943939209,
                        0.3993797302246094,
                        0.554168701171875,
                        0.4219427704811096,
                        0.5782917141914368,
                        0.6270759105682373,
                        0.4508054256439209,
                        0.5580170750617981,
                        0.5193666219711304,
                        0.4908718466758728,
                        0.5631130933761597,
                        0.6085383892059326,
                        0.6060530543327332,
                        0.5612328052520752,
                        0.47782716155052185,
                        0.4388585090637207,
                        0.4976056218147278
                    ],
                    [
                        0.45653772354125977,
                        0.5594961047172546,
                        0.5144780874252319,
                        0.4683386981487274,
                        0.6466544270515442,
                        0.5657869577407837,
                        0.5439915060997009,
                        0.7077686786651611,
                        0.7307571172714233,
                        0.6820943355560303,
                        0.7137289047241211,
                        0.6487443447113037,
                        0.4762879014015198,
                        0.529102623462677,
                        0.5692497491836548,
                        0.6204997301101685,
                        0.6021039485931396,
                        0.7234548330307007,
                        0.8175004720687866,
                        0.8514138460159302
                    ],
                    [
                        1.588113784790039,
                        1.6646428108215332,
                        1.6930756568908691,
                        1.9323875904083252,
                        2.0570602416992188,
                        1.9415624141693115,
                        1.7584595680236816,
                        1.7710391283035278,
                        1.7078436613082886,
                        1.8389043807983398,
                        2.2122926712036133,
                        2.059105157852173,
                        2.0389912128448486,
                        2.067263126373291,
                        2.110807180404663,
                        2.106942653656006,
                        2.035278081893921,
                        1.9487841129302979,
                        2.0510451793670654,
                        2.1263315677642822
                    ],
                    [
                        -2.079496383666992,
                        -2.163252115249634,
                        -2.0180888175964355,
                        -2.1767144203186035,
                        -2.298445701599121,
                        -2.2613964080810547,
                        -2.317551374435425,
                        -2.2726662158966064,
                        -2.200809955596924,
                        -2.2367794513702393,
                        -2.4887404441833496,
                        -2.2663180828094482,
                        -2.355069160461426,
                        -2.465569496154785,
                        -2.541386604309082,
                        -2.5081288814544678,
                        -2.417398452758789,
                        -2.292342185974121,
                        -2.4381601810455322,
                        -2.459597587585449
                    ]
                ]
            ],
            "states": [
                [
                    [
                        3105960.0,
                        0.00044856633758172393,
                        0.0002628508664201945,
                        907599.4375
                    ],
                    [
                        3777832.0,
                        0.00036993034882470965,
                        0.00026417680783197284,
                        946940.1875
                    ],
                    [
                        4115216.0,
                        0.00030784233240410686,
                        0.0002805523981805891,
                        868017.4375
                    ],
                    [
                        4368616.0,
                        0.0002607771893963218,
                        0.00026978878304362297,
                        839353.625
                    ],
                    [
                        5060760.0,
                        0.0002229743986390531,
                        0.00027627943200059235,
                        780951.6875
                    ],
                    [
                        5356152.0,
                        0.00019212921324651688,
                        0.00025924446526914835,
                        788666.125
                    ],
                    [
                        5373528.0,
                        0.00012254947796463966,
                        0.006524195894598961,
                        846197.875
                    ],
                    [
                        5111440.0,
                        0.00011254391574766487,
                        0.002146858023479581,
                        777919.5
                    ],
                    [
                        5496608.0,
                        0.00010397062578704208,
                        0.0023773028515279293,
                        803926.1875
                    ],
                    [
                        5341672.0,
                        9.645324462326244e-05,
                        0.0020079242531210184,
                        853121.5
                    ],
                    [
                        5344568.0,
                        9.003730519907549e-05,
                        0.0019139255164191127,
                        790495.3125
                    ],
                    [
                        5479232.0,
                        8.435636846115813e-05,
                        0.0013429223326966166,
                        807753.3125
                    ],
                    [
                        5356152.0,
                        7.934254972497001e-05,
                        0.0011628043139353395,
                        855534.6875
                    ],
                    [
                        5398144.0,
                        7.492363511119038e-05,
                        0.0009117702720686793,
                        841216.6875
                    ],
                    [
                        5729736.0,
                        7.084311073413119e-05,
                        0.000803604198154062,
                        821157.125
                    ],
                    [
                        5244656.0,
                        6.722798570990562e-05,
                        0.000699773314408958,
                        790182.875
                    ],
                    [
                        5503848.0,
                        6.403109728125855e-05,
                        0.0006680691731162369,
                        817074.375
                    ],
                    [
                        5367736.0,
                        6.109109381213784e-05,
                        0.0005246230284683406,
                        814748.3125
                    ],
                    [
                        5217144.0,
                        5.847758802701719e-05,
                        0.00046889804070815444,
                        836873.125
                    ],
                    [
                        5033248.0,
                        5.6151271564885974e-05,
                        0.00035997320082969964,
                        833663.1875
                    ]
                ]
            ],
            "actions": [
                [
                    [
                        0.75
                    ],
                    [
                        0.75
                    ],
                    [
                        0.75
                    ],
                    [
                        0.75
                    ],
                    [
                        0.75
                    ],
                    [
                        0.75
                    ],
                    [
                        0.75
                    ],
                    [
                        0.75
                    ],
                    [
                        0.75
                    ],
                    [
                        0.75
                    ],
                    [
                        0.75
                    ],
                    [
                        0.75
                    ],
                    [
                        0.75
                    ],
                    [
                        0.75
                    ],
                    [
                        0.75
                    ],
                    [
                        0.75
                    ],
                    [
                        0.75
                    ],
                    [
                        0.75
                    ],
                    [
                        0.75
                    ],
                    [
                        0.75
                    ]
                ]
            ],
            "returns": [
                [
                    [
                        0.37910521030426025
                    ],
                    [
                        0.378219872713089
                    ],
                    [
                        0.3773171603679657
                    ],
                    [
                        0.37640687823295593
                    ],
                    [
                        0.37549129128456116
                    ],
                    [
                        0.37456268072128296
                    ],
                    [
                        0.37362903356552124
                    ],
                    [
                        0.37269508838653564
                    ],
                    [
                        0.3717655837535858
                    ],
                    [
                        0.37082964181900024
                    ],
                    [
                        0.3698962330818176
                    ],
                    [
                        0.36896276473999023
                    ],
                    [
                        0.36802709102630615
                    ],
                    [
                        0.36709344387054443
                    ],
                    [
                        0.3661591112613678
                    ],
                    [
                        0.36521947383880615
                    ],
                    [
                        0.36428767442703247
                    ],
                    [
                        0.36335161328315735
                    ],
                    [
                        0.3624177873134613
                    ],
                    [
                        0.3614864647388458
                    ]
                ]
            ],
            "timesteps": [
                [
                    220,
                    221,
                    222,
                    223,
                    224,
                    225,
                    226,
                    227,
                    228,
                    229,
                    230,
                    231,
                    232,
                    233,
                    234,
                    235,
                    236,
                    237,
                    238,
                    239
                ]
            ],
            "labels": [
                [
                    2,
                    2,
                    2,
                    2,
                    2,
                    2,
                    2,
                    2,
                    2,
                    2,
                    2,
                    2,
                    2,
                    2,
                    2,
                    2,
                    2,
                    2,
                    2,
                    2
                ]
            ],
            "CPU Usage": 45.9,
            "RAM Usage": 54.9,
            "GPU Usage": 0.0,
            "VRAM Usage": 355.0,
            "Disk Read Speed (MB/s)": 206640.3857421875,
            "Disk Write Speed (MB/s)": 407123.5791015625
        },
        {
            "step": 1,
            "train_loss": 0.049427472054958344,
            "actions_pred1": [
                [
                    [
                        0.20836937427520752,
                        1.1000666618347168,
                        1.9142379760742188,
                        -2.402233839035034
                    ],
                    [
                        0.32435473799705505,
                        0.8128012418746948,
                        1.8152767419815063,
                        -2.197175979614258
                    ],
                    [
                        0.4432399868965149,
                        0.7310091257095337,
                        1.8553476333618164,
                        -2.366652727127075
                    ],
                    [
                        0.557449221611023,
                        0.7363425493240356,
                        1.9182729721069336,
                        -2.2193245887756348
                    ],
                    [
                        0.7641903162002563,
                        0.7186910510063171,
                        2.0040652751922607,
                        -2.333188533782959
                    ],
                    [
                        0.8061477541923523,
                        0.8069292902946472,
                        1.9283506870269775,
                        -2.3449394702911377
                    ],
                    [
                        0.6282130479812622,
                        0.8743393421173096,
                        1.8618320226669312,
                        -2.3706817626953125
                    ],
                    [
                        0.6715183258056641,
                        0.8018782138824463,
                        1.7032909393310547,
                        -2.6151282787323
                    ],
                    [
                        0.6190807819366455,
                        0.739237368106842,
                        1.7718571424484253,
                        -2.607022523880005
                    ],
                    [
                        0.9271019697189331,
                        1.0378811359405518,
                        2.0037026405334473,
                        -2.9865822792053223
                    ],
                    [
                        1.2419041395187378,
                        1.165621280670166,
                        2.0734071731567383,
                        -2.8509981632232666
                    ],
                    [
                        1.320552110671997,
                        1.1151738166809082,
                        1.8763340711593628,
                        -2.7463595867156982
                    ],
                    [
                        1.2498819828033447,
                        1.2466901540756226,
                        1.9224261045455933,
                        -2.8319244384765625
                    ],
                    [
                        1.1134605407714844,
                        1.1698174476623535,
                        2.0293140411376953,
                        -2.8129959106445312
                    ],
                    [
                        1.0824599266052246,
                        1.028600811958313,
                        1.8479937314987183,
                        -2.8747878074645996
                    ],
                    [
                        1.1693415641784668,
                        1.0143649578094482,
                        1.8438444137573242,
                        -2.947338581085205
                    ],
                    [
                        1.0619003772735596,
                        1.0704054832458496,
                        1.9262897968292236,
                        -2.893112897872925
                    ],
                    [
                        1.3591535091400146,
                        1.2422889471054077,
                        2.028475046157837,
                        -3.092966079711914
                    ],
                    [
                        1.287123680114746,
                        1.094720482826233,
                        1.7396447658538818,
                        -2.841242551803589
                    ],
                    [
                        1.2149839401245117,
                        1.0541361570358276,
                        1.913231611251831,
                        -2.6527233123779297
                    ]
                ]
            ],
            "actions_pred": [
                [
                    [
                        0.20836937427520752,
                        0.32435473799705505,
                        0.4432399868965149,
                        0.557449221611023,
                        0.7641903162002563,
                        0.8061477541923523,
                        0.6282130479812622,
                        0.6715183258056641,
                        0.6190807819366455,
                        0.9271019697189331,
                        1.2419041395187378,
                        1.320552110671997,
                        1.2498819828033447,
                        1.1134605407714844,
                        1.0824599266052246,
                        1.1693415641784668,
                        1.0619003772735596,
                        1.3591535091400146,
                        1.287123680114746,
                        1.2149839401245117
                    ],
                    [
                        1.1000666618347168,
                        0.8128012418746948,
                        0.7310091257095337,
                        0.7363425493240356,
                        0.7186910510063171,
                        0.8069292902946472,
                        0.8743393421173096,
                        0.8018782138824463,
                        0.739237368106842,
                        1.0378811359405518,
                        1.165621280670166,
                        1.1151738166809082,
                        1.2466901540756226,
                        1.1698174476623535,
                        1.028600811958313,
                        1.0143649578094482,
                        1.0704054832458496,
                        1.2422889471054077,
                        1.094720482826233,
                        1.0541361570358276
                    ],
                    [
                        1.9142379760742188,
                        1.8152767419815063,
                        1.8553476333618164,
                        1.9182729721069336,
                        2.0040652751922607,
                        1.9283506870269775,
                        1.8618320226669312,
                        1.7032909393310547,
                        1.7718571424484253,
                        2.0037026405334473,
                        2.0734071731567383,
                        1.8763340711593628,
                        1.9224261045455933,
                        2.0293140411376953,
                        1.8479937314987183,
                        1.8438444137573242,
                        1.9262897968292236,
                        2.028475046157837,
                        1.7396447658538818,
                        1.913231611251831
                    ],
                    [
                        -2.402233839035034,
                        -2.197175979614258,
                        -2.366652727127075,
                        -2.2193245887756348,
                        -2.333188533782959,
                        -2.3449394702911377,
                        -2.3706817626953125,
                        -2.6151282787323,
                        -2.607022523880005,
                        -2.9865822792053223,
                        -2.8509981632232666,
                        -2.7463595867156982,
                        -2.8319244384765625,
                        -2.8129959106445312,
                        -2.8747878074645996,
                        -2.947338581085205,
                        -2.893112897872925,
                        -3.092966079711914,
                        -2.841242551803589,
                        -2.6527233123779297
                    ]
                ]
            ],
            "states": [
                [
                    [
                        1715880.0,
                        9.430604404769838e-05,
                        0.0053657107055187225,
                        470709.75
                    ],
                    [
                        1967832.0,
                        9.068279905477539e-05,
                        0.004402399994432926,
                        434480.75
                    ],
                    [
                        2130008.0,
                        8.69646537466906e-05,
                        0.004303366411477327,
                        508551.15625
                    ],
                    [
                        2267568.0,
                        8.329902630066499e-05,
                        0.003460775362327695,
                        467240.71875
                    ],
                    [
                        2448568.0,
                        7.969679427333176e-05,
                        0.003044134471565485,
                        537034.5
                    ],
                    [
                        2646944.0,
                        7.613936031702906e-05,
                        0.00288664479739964,
                        500456.03125
                    ],
                    [
                        1710088.0,
                        7.333141547860578e-05,
                        0.0027106136549264193,
                        490357.90625
                    ],
                    [
                        2580336.0,
                        7.077431655488908e-05,
                        0.0027518118731677532,
                        546850.6875
                    ],
                    [
                        2927856.0,
                        6.773720087949187e-05,
                        0.0026009255088865757,
                        496203.71875
                    ],
                    [
                        3168224.0,
                        6.466506602009758e-05,
                        0.002423960482701659,
                        507070.15625
                    ],
                    [
                        3505608.0,
                        6.160674092825502e-05,
                        0.002274049213156104,
                        516057.96875
                    ],
                    [
                        3553392.0,
                        5.866973879165016e-05,
                        0.0023237415589392185,
                        471484.09375
                    ],
                    [
                        4039920.0,
                        5.581038931268267e-05,
                        0.0021793735213577747,
                        501229.875
                    ],
                    [
                        4028336.0,
                        5.305969170876779e-05,
                        0.002523052040487528,
                        561908.75
                    ],
                    [
                        4312144.0,
                        5.04888485011179e-05,
                        0.002231767401099205,
                        502897.96875
                    ],
                    [
                        4776952.0,
                        4.795741187990643e-05,
                        0.0032643231097608805,
                        459673.25
                    ],
                    [
                        4743648.0,
                        4.5562293962575495e-05,
                        0.0020812072325497866,
                        515212.4375
                    ],
                    [
                        2971296.0,
                        4.3785152229247615e-05,
                        0.0015903349267318845,
                        502955.46875
                    ],
                    [
                        4981120.0,
                        4.21030999859795e-05,
                        0.0016534600872546434,
                        511202.4375
                    ],
                    [
                        4962296.0,
                        4.016688762931153e-05,
                        0.0014106292510405183,
                        493895.1875
                    ]
                ]
            ],
            "actions": [
                [
                    [
                        0.25
                    ],
                    [
                        0.25
                    ],
                    [
                        0.25
                    ],
                    [
                        0.25
                    ],
                    [
                        0.25
                    ],
                    [
                        0.25
                    ],
                    [
                        0.25
                    ],
                    [
                        0.25
                    ],
                    [
                        0.25
                    ],
                    [
                        0.25
                    ],
                    [
                        0.25
                    ],
                    [
                        0.25
                    ],
                    [
                        0.25
                    ],
                    [
                        0.25
                    ],
                    [
                        0.25
                    ],
                    [
                        0.25
                    ],
                    [
                        0.25
                    ],
                    [
                        0.25
                    ],
                    [
                        0.25
                    ],
                    [
                        0.25
                    ]
                ]
            ],
            "returns": [
                [
                    [
                        0.053779877722263336
                    ],
                    [
                        0.05294714868068695
                    ],
                    [
                        0.05210227146744728
                    ],
                    [
                        0.05125037208199501
                    ],
                    [
                        0.05039292573928833
                    ],
                    [
                        0.04952867329120636
                    ],
                    [
                        0.04865751042962074
                    ],
                    [
                        0.047825079411268234
                    ],
                    [
                        0.046956177800893784
                    ],
                    [
                        0.04607607424259186
                    ],
                    [
                        0.04518897458910942
                    ],
                    [
                        0.04429290443658829
                    ],
                    [
                        0.04339563474059105
                    ],
                    [
                        0.04248698428273201
                    ],
                    [
                        0.04157859459519386
                    ],
                    [
                        0.04066416248679161
                    ],
                    [
                        0.039740659296512604
                    ],
                    [
                        0.03881777450442314
                    ],
                    [
                        0.037936363369226456
                    ],
                    [
                        0.03700914978981018
                    ]
                ]
            ],
            "timesteps": [
                [
                    580,
                    581,
                    582,
                    583,
                    584,
                    585,
                    586,
                    587,
                    588,
                    589,
                    590,
                    591,
                    592,
                    593,
                    594,
                    595,
                    596,
                    597,
                    598,
                    599
                ]
            ],
            "labels": [
                [
                    0,
                    0,
                    0,
                    0,
                    0,
                    0,
                    0,
                    0,
                    0,
                    0,
                    0,
                    0,
                    0,
                    0,
                    0,
                    0,
                    0,
                    0,
                    0,
                    0
                ]
            ],
            "CPU Usage": 46.7,
            "RAM Usage": 55.0,
            "GPU Usage": 0.0,
            "VRAM Usage": 355.0,
            "Disk Read Speed (MB/s)": 206640.3857421875,
            "Disk Write Speed (MB/s)": 407123.7392578125
        },
        {
            "step": 2,
            "train_loss": 0.0355491042137146,
            "actions_pred1": [
                [
                    [
                        0.4797273278236389,
                        0.8102441430091858,
                        1.4117134809494019,
                        -2.242932081222534
                    ],
                    [
                        0.4032570719718933,
                        0.6515107750892639,
                        1.1741818189620972,
                        -2.103938341140747
                    ],
                    [
                        0.3261697590351105,
                        0.664944052696228,
                        1.2135165929794312,
                        -2.0690505504608154
                    ],
                    [
                        0.2098865658044815,
                        0.7617425918579102,
                        1.0513529777526855,
                        -2.042752742767334
                    ],
                    [
                        0.1462121158838272,
                        0.8020021915435791,
                        1.0210288763046265,
                        -2.195573329925537
                    ],
                    [
                        0.17712610960006714,
                        0.812874436378479,
                        1.103564739227295,
                        -2.0921363830566406
                    ],
                    [
                        0.20769956707954407,
                        0.9989142417907715,
                        1.0715227127075195,
                        -2.208078145980835
                    ],
                    [
                        0.19970056414604187,
                        0.8087615966796875,
                        1.1666735410690308,
                        -2.237900972366333
                    ],
                    [
                        0.2384243607521057,
                        0.7764447331428528,
                        1.167872428894043,
                        -2.3359663486480713
                    ],
                    [
                        0.24674595892429352,
                        0.8365190625190735,
                        1.3766732215881348,
                        -2.2405524253845215
                    ],
                    [
                        0.4102606773376465,
                        0.885869026184082,
                        1.3023300170898438,
                        -2.403498888015747
                    ],
                    [
                        0.6722760200500488,
                        0.8829286694526672,
                        1.3220661878585815,
                        -2.571336269378662
                    ],
                    [
                        0.5259068012237549,
                        0.985760509967804,
                        1.4285576343536377,
                        -2.5938143730163574
                    ],
                    [
                        0.48593974113464355,
                        0.9749373197555542,
                        1.4534579515457153,
                        -2.488801956176758
                    ],
                    [
                        0.3629899024963379,
                        1.0327672958374023,
                        1.4977397918701172,
                        -2.43402361869812
                    ],
                    [
                        0.37219926714897156,
                        1.071883201599121,
                        1.5245133638381958,
                        -2.4176883697509766
                    ],
                    [
                        0.4009617567062378,
                        0.9855798482894897,
                        1.5895514488220215,
                        -2.479151487350464
                    ],
                    [
                        0.37304458022117615,
                        0.9100038409233093,
                        1.5111604928970337,
                        -2.412578821182251
                    ],
                    [
                        0.4559594988822937,
                        1.130844235420227,
                        1.320943832397461,
                        -2.3650100231170654
                    ],
                    [
                        0.47980695962905884,
                        1.2763170003890991,
                        1.2643229961395264,
                        -2.5205039978027344
                    ]
                ]
            ],
            "actions_pred": [
                [
                    [
                        0.4797273278236389,
                        0.4032570719718933,
                        0.3261697590351105,
                        0.2098865658044815,
                        0.1462121158838272,
                        0.17712610960006714,
                        0.20769956707954407,
                        0.19970056414604187,
                        0.2384243607521057,
                        0.24674595892429352,
                        0.4102606773376465,
                        0.6722760200500488,
                        0.5259068012237549,
