{
    "steps": [
        {
            "step": 0,
            "train_loss": 0.05443090945482254,
            "actions_pred1": [
                [
                    [
                        -0.08196796476840973,
                        -0.31845399737358093,
                        0.5161027908325195,
                        0.5940805077552795
                    ],
                    [
                        -0.19922703504562378,
                        -0.08499887585639954,
                        0.694226086139679,
                        0.6712159514427185
                    ],
                    [
                        -0.3185461759567261,
                        0.017227590084075928,
                        0.675460696220398,
                        0.6129459142684937
                    ],
                    [
                        -0.3309306502342224,
                        -0.014584749937057495,
                        0.7115745544433594,
                        0.6162471771240234
                    ],
                    [
                        -0.2797308564186096,
                        0.045767538249492645,
                        0.7356879711151123,
                        0.5633591413497925
                    ],
                    [
                        -0.23832014203071594,
                        -0.01755155622959137,
                        0.6349703669548035,
                        0.5305136442184448
                    ],
                    [
                        -0.16509269177913666,
                        0.02269604802131653,
                        0.6996929049491882,
                        0.4519156217575073
                    ],
                    [
                        -0.158502459526062,
                        -0.017303675413131714,
                        0.6460782885551453,
                        0.4794553518295288
                    ],
                    [
                        -0.28310510516166687,
                        -0.08525871485471725,
                        0.7371741533279419,
                        0.41281071305274963
                    ],
                    [
                        -0.2807561159133911,
                        0.006203528493642807,
                        0.8024654388427734,
                        0.3808426260948181
                    ],
                    [
                        -0.4033840596675873,
                        -0.12578096985816956,
                        0.8733766674995422,
                        0.2371279001235962
                    ],
                    [
                        -0.47501301765441895,
                        -0.102094866335392,
                        0.7294424772262573,
                        0.19634032249450684
                    ],
                    [
                        -0.45976415276527405,
                        -0.05457431823015213,
                        0.7113954424858093,
                        0.29671743512153625
                    ],
                    [
                        -0.3979777693748474,
                        -0.00018156319856643677,
                        0.7897518277168274,
                        0.36931782960891724
                    ],
                    [
                        -0.5498663783073425,
                        -0.2831132411956787,
                        0.7712134122848511,
                        0.275654673576355
                    ],
                    [
                        -0.42716193199157715,
                        -0.289074182510376,
                        0.7361702919006348,
                        0.2913717031478882
                    ],
                    [
                        -0.44725942611694336,
                        -0.169655904173851,
                        0.778605043888092,
                        0.26438167691230774
                    ],
                    [
                        -0.46560022234916687,
                        -0.08425518125295639,
                        0.695838451385498,
                        0.36859703063964844
                    ],
                    [
                        -0.39298129081726074,
                        -0.10193969309329987,
                        0.789082407951355,
                        0.34759870171546936
                    ],
                    [
                        -0.38907358050346375,
                        -0.09345690906047821,
                        0.7388959527015686,
                        0.34697604179382324
                    ]
                ]
            ],
            "actions_pred": [
                [
                    [
                        -0.08196796476840973,
                        -0.19922703504562378,
                        -0.3185461759567261,
                        -0.3309306502342224,
                        -0.2797308564186096,
                        -0.23832014203071594,
                        -0.16509269177913666,
                        -0.158502459526062,
                        -0.28310510516166687,
                        -0.2807561159133911,
                        -0.4033840596675873,
                        -0.47501301765441895,
                        -0.45976415276527405,
                        -0.3979777693748474,
                        -0.5498663783073425,
                        -0.42716193199157715,
                        -0.44725942611694336,
                        -0.46560022234916687,
                        -0.39298129081726074,
                        -0.38907358050346375
                    ],
                    [
                        -0.31845399737358093,
                        -0.08499887585639954,
                        0.017227590084075928,
                        -0.014584749937057495,
                        0.045767538249492645,
                        -0.01755155622959137,
                        0.02269604802131653,
                        -0.017303675413131714,
                        -0.08525871485471725,
                        0.006203528493642807,
                        -0.12578096985816956,
                        -0.102094866335392,
                        -0.05457431823015213,
                        -0.00018156319856643677,
                        -0.2831132411956787,
                        -0.289074182510376,
                        -0.169655904173851,
                        -0.08425518125295639,
                        -0.10193969309329987,
                        -0.09345690906047821
                    ],
                    [
                        0.5161027908325195,
                        0.694226086139679,
                        0.675460696220398,
                        0.7115745544433594,
                        0.7356879711151123,
                        0.6349703669548035,
                        0.6996929049491882,
                        0.6460782885551453,
                        0.7371741533279419,
                        0.8024654388427734,
                        0.8733766674995422,
                        0.7294424772262573,
                        0.7113954424858093,
                        0.7897518277168274,
                        0.7712134122848511,
                        0.7361702919006348,
                        0.778605043888092,
                        0.695838451385498,
                        0.789082407951355,
                        0.7388959527015686
                    ],
                    [
                        0.5940805077552795,
                        0.6712159514427185,
                        0.6129459142684937,
                        0.6162471771240234,
                        0.5633591413497925,
                        0.5305136442184448,
                        0.4519156217575073,
                        0.4794553518295288,
                        0.41281071305274963,
                        0.3808426260948181,
                        0.2371279001235962,
                        0.19634032249450684,
                        0.29671743512153625,
                        0.36931782960891724,
                        0.275654673576355,
                        0.2913717031478882,
                        0.26438167691230774,
                        0.36859703063964844,
                        0.34759870171546936,
                        0.34697604179382324
                    ]
                ]
            ],
            "states": [
                [
                    [
                        6436360.0,
                        3.756791920750402e-05,
                        0.00023788119142409414,
                        525420.0
                    ],
                    [
                        5822408.0,
                        3.5673747333930805e-05,
                        0.0002484873402863741,
                        540076.8125
                    ],
                    [
                        6120696.0,
                        3.400527930352837e-05,
                        0.00025739934062585235,
                        546681.375
                    ],
                    [
                        6143632.0,
                        3.2446547265863046e-05,
                        0.00019004895875696093,
                        549135.1875
                    ],
                    [
                        6290344.0,
                        3.100591857219115e-05,
                        0.00022606240236200392,
                        515628.96875
                    ],
                    [
                        7225288.0,
                        2.9579521651612595e-05,
                        0.0002532026555854827,
                        501138.75
                    ],
                    [
                        5695216.0,
                        2.8330134227871895e-05,
                        0.0002667571825440973,
                        501280.09375
                    ],
                    [
                        6048296.0,
                        2.72848174063256e-05,
                        0.00026687141507864,
                        520591.84375
                    ],
                    [
                        5956840.0,
                        2.6292696929886006e-05,
                        0.0002529114135541022,
                        510954.5
                    ],
                    [
                        5511320.0,
                        2.5409783120267093e-05,
                        0.0002583715249784291,
                        498321.25
                    ],
                    [
                        7421000.0,
                        2.448467603244353e-05,
                        0.001365873496979475,
                        470548.53125
                    ],
                    [
                        6653560.0,
                        2.3549235265818425e-05,
                        0.0008239395683631301,
                        489404.40625
                    ],
                    [
                        5919424.0,
                        2.2772055672248825e-05,
                        0.0005388445570133626,
                        494672.6875
                    ],
                    [
                        6049744.0,
                        2.2078909751144238e-05,
                        0.0005018769879825413,
                        522203.84375
                    ],
                    [
                        5699328.0,
                        2.1438178009702824e-05,
                        0.0005396626074798405,
                        525676.375
                    ],
                    [
                        5907840.0,
                        2.084095285681542e-05,
                        0.00039070475031621754,
                        484434.71875
                    ],
                    [
                        7654128.0,
                        2.0184714230708778e-05,
                        0.00037147922557778656,
                        485244.75
                    ],
                    [
                        6171376.0,
                        1.9555423932615668e-05,
                        0.00035373689024709165,
                        520211.9375
                    ],
                    [
                        5359048.0,
                        1.9060054910369217e-05,
                        0.0003472233365755528,
                        514446.75
                    ],
                    [
                        5344568.0,
                        1.8622442439664155e-05,
                        0.00021890846255701035,
                        526664.75
                    ]
                ]
            ],
            "actions": [
                [
                    [
                        0.5
                    ],
                    [
                        0.5
                    ],
                    [
                        0.5
                    ],
                    [
                        0.5
                    ],
                    [
                        0.5
                    ],
                    [
                        0.5
                    ],
                    [
                        0.5
                    ],
                    [
                        0.5
                    ],
                    [
                        0.5
                    ],
                    [
                        0.5
                    ],
                    [
                        0.5
                    ],
                    [
                        0.5
                    ],
                    [
                        0.5
                    ],
                    [
                        0.5
                    ],
                    [
                        0.5
                    ],
                    [
                        0.5
                    ],
                    [
                        0.5
                    ],
                    [
                        0.5
                    ],
                    [
                        0.5
                    ],
                    [
                        0.5
                    ]
                ]
            ],
            "returns": [
                [
                    [
                        0.17125853896141052
                    ],
                    [
                        0.17030860483646393
                    ],
                    [
                        0.16936755180358887
                    ],
                    [
                        0.16842207312583923
                    ],
                    [
                        0.16747625172138214
                    ],
                    [
                        0.1665283590555191
                    ],
                    [
                        0.16556815803050995
                    ],
                    [
                        0.16462907195091248
                    ],
                    [
                        0.1636846512556076
                    ],
                    [
                        0.16274157166481018
                    ],
                    [
                        0.1618053913116455
                    ],
                    [
                        0.16084282100200653
                    ],
                    [
                        0.15988995134830475
                    ],
                    [
                        0.1589474231004715
                    ],
                    [
                        0.15800298750400543
                    ],
                    [
                        0.157063826918602
                    ],
                    [
                        0.15612147748470306
                    ],
                    [
                        0.1551561802625656
                    ],
                    [
                        0.15420997142791748
                    ],
                    [
                        0.153276264667511
                    ]
                ]
            ],
            "timesteps": [
                [
                    440,
                    441,
                    442,
                    443,
                    444,
                    445,
                    446,
                    447,
                    448,
                    449,
                    450,
                    451,
                    452,
                    453,
                    454,
                    455,
                    456,
                    457,
                    458,
                    459
                ]
            ],
            "labels": [
                [
                    1,
                    1,
                    1,
                    1,
                    1,
                    1,
                    1,
                    1,
                    1,
                    1,
                    1,
                    1,
                    1,
                    1,
                    1,
                    1,
                    1,
                    1,
                    1,
                    1
                ]
            ],
            "CPU Usage": 46.3,
            "RAM Usage": 55.5,
            "GPU Usage": 0.0,
            "VRAM Usage": 357.0,
            "Disk Read Speed (MB/s)": 206021.1552734375,
            "Disk Write Speed (MB/s)": 326556.3916015625
        },
        {
            "step": 1,
            "train_loss": 0.0587586872279644,
            "actions_pred1": [
                [
                    [
                        0.20838862657546997,
                        0.05015697330236435,
                        0.878614068031311,
                        0.5541515350341797
                    ],
                    [
                        0.10208503901958466,
                        -0.0003497488796710968,
                        0.6231082677841187,
                        0.8665010333061218
                    ],
                    [
                        0.06644424796104431,
                        0.08707842975854874,
                        0.4937398433685303,
                        0.862869381904602
                    ],
                    [
                        -0.004912182688713074,
                        0.06491992622613907,
                        0.5313830971717834,
                        0.7368316650390625
                    ],
                    [
                        -0.030141592025756836,
                        0.035939350724220276,
                        0.5775824189186096,
                        0.3860355615615845
                    ],
                    [
                        -0.11700844764709473,
                        0.03399256616830826,
                        0.6179399490356445,
                        0.45047086477279663
                    ],
                    [
                        -0.20309823751449585,
                        -0.03665345162153244,
                        0.6579338908195496,
                        0.41004282236099243
                    ],
                    [
                        -0.18345873057842255,
                        0.011929087340831757,
                        0.5915032625198364,
                        0.38924187421798706
                    ],
                    [
                        -0.18410883843898773,
                        0.06747429817914963,
                        0.6338713765144348,
                        0.2749756872653961
                    ],
                    [
                        -0.2046911120414734,
                        0.20236733555793762,
                        0.6013038158416748,
                        0.40979403257369995
                    ],
                    [
                        -0.32021021842956543,
                        -0.03434903174638748,
                        0.6327689290046692,
                        0.42270326614379883
                    ],
                    [
                        -0.3146078288555145,
                        -0.09513958543539047,
                        0.6244490742683411,
                        0.3298305869102478
                    ],
                    [
                        -0.2338961660861969,
                        0.08321471512317657,
                        0.8901368379592896,
                        0.3982904553413391
                    ],
                    [
                        -0.2423352599143982,
                        0.03690984845161438,
                        0.7718621492385864,
                        0.4644586443901062
                    ],
                    [
                        -0.30685317516326904,
                        0.03997097164392471,
                        0.7473102807998657,
                        0.39449748396873474
                    ],
                    [
                        -0.30427923798561096,
                        -0.19129636883735657,
                        0.948398232460022,
                        0.447698175907135
                    ],
                    [
                        -0.36482250690460205,
                        -0.17442956566810608,
                        1.0113980770111084,
                        0.3348011374473572
                    ],
                    [
                        -0.3177729845046997,
                        -0.01693018525838852,
                        0.84273761510849,
                        0.4072280526161194
                    ],
                    [
                        -0.25630420446395874,
                        -0.04033937305212021,
                        0.7800933718681335,
                        0.36047863960266113
                    ],
                    [
                        -0.24269108474254608,
                        0.07988125830888748,
                        0.6787751317024231,
                        0.4123309254646301
                    ]
                ]
            ],
            "actions_pred": [
                [
                    [
                        0.20838862657546997,
                        0.10208503901958466,
                        0.06644424796104431,
                        -0.004912182688713074,
                        -0.030141592025756836,
                        -0.11700844764709473,
                        -0.20309823751449585,
                        -0.18345873057842255,
                        -0.18410883843898773,
                        -0.2046911120414734,
                        -0.32021021842956543,
                        -0.3146078288555145,
                        -0.2338961660861969,
                        -0.2423352599143982,
                        -0.30685317516326904,
                        -0.30427923798561096,
                        -0.36482250690460205,
                        -0.3177729845046997,
                        -0.25630420446395874,
                        -0.24269108474254608
                    ],
                    [
                        0.05015697330236435,
                        -0.0003497488796710968,
                        0.08707842975854874,
                        0.06491992622613907,
                        0.035939350724220276,
                        0.03399256616830826,
                        -0.03665345162153244,
                        0.011929087340831757,
                        0.06747429817914963,
                        0.20236733555793762,
                        -0.03434903174638748,
                        -0.09513958543539047,
                        0.08321471512317657,
                        0.03690984845161438,
                        0.03997097164392471,
                        -0.19129636883735657,
                        -0.17442956566810608,
                        -0.01693018525838852,
                        -0.04033937305212021,
                        0.07988125830888748
                    ],
                    [
                        0.878614068031311,
                        0.6231082677841187,
                        0.4937398433685303,
                        0.5313830971717834,
                        0.5775824189186096,
                        0.6179399490356445,
                        0.6579338908195496,
                        0.5915032625198364,
                        0.6338713765144348,
                        0.6013038158416748,
                        0.6327689290046692,
                        0.6244490742683411,
                        0.8901368379592896,
                        0.7718621492385864,
                        0.7473102807998657,
                        0.948398232460022,
                        1.0113980770111084,
                        0.84273761510849,
                        0.7800933718681335,
                        0.6787751317024231
                    ],
                    [
                        0.5541515350341797,
                        0.8665010333061218,
                        0.862869381904602,
                        0.7368316650390625,
                        0.3860355615615845,
                        0.45047086477279663,
                        0.41004282236099243,
                        0.38924187421798706,
                        0.2749756872653961,
                        0.40979403257369995,
                        0.42270326614379883,
                        0.3298305869102478,
                        0.3982904553413391,
                        0.4644586443901062,
                        0.39449748396873474,
                        0.447698175907135,
                        0.3348011374473572,
                        0.4072280526161194,
                        0.36047863960266113,
                        0.4123309254646301
                    ]
                ]
            ],
            "states": [
                [
                    [
                        195480.0,
                        0.00017859364743344486,
                        0.0014523763675242662,
                        455306.15625
                    ],
                    [
                        224440.0,
                        0.00017706550715956837,
                        0.0012122188927605748,
                        199210.375
                    ],
                    [
                        260640.0,
                        0.00017533254867885262,
                        0.0010567386634647846,
                        291813.4375
                    ],
                    [
                        231680.0,
                        0.00017360733181703836,
                        0.0010331012308597565,
                        619352.5625
                    ],
                    [
                        201272.0,
                        0.00017211795784533024,
                        0.0008577806875109673,
                        757621.5
                    ],
                    [
                        233128.0,
                        0.0001706496550468728,
                        0.002856994280591607,
                        402371.75
                    ],
                    [
                        238920.0,
                        0.00016908197721932083,
                        0.005327177233994007,
                        418626.09375
                    ],
                    [
                        185344.0,
                        0.00016769685316830873,
                        0.006734849885106087,
                        490648.125
                    ],
                    [
                        205616.0,
                        0.000166440979228355,
                        0.008968048729002476,
                        304516.78125
                    ],
                    [
                        195480.0,
                        0.00016517171752639115,
                        0.00019177634385414422,
                        553446.625
                    ],
                    [
                        202720.0,
                        0.00016393074474763125,
                        0.0001491233124397695,
                        853423.1875
                    ],
                    [
                        209960.0,
                        0.00016266417514998466,
                        0.0002625611668918282,
                        298799.9375
                    ],
                    [
                        209960.0,
                        0.0001613952626939863,
                        0.0004885925445705652,
                        376011.875
                    ],
                    [
                        144800.0,
                        0.00016033815336413682,
                        0.0010367168579250574,
                        94745.609375
                    ],
                    [
                        246160.0,
                        0.00015919026918709278,
                        0.0028569940477609634,
                        223245.734375
                    ],
                    [
                        253400.0,
                        0.000157746413606219,
                        0.005327177233994007,
                        267948.78125
                    ],
                    [
                        296840.0,
                        0.00015618640463799238,
                        0.006734849885106087,
                        291045.46875
                    ],
                    [
                        340280.0,
                        0.0001544181868666783,
                        0.008968048729002476,
                        376205.125
                    ],
                    [
                        405440.0,
                        0.0001523990067653358,
                        0.010990988463163376,
                        467932.84375
                    ],
                    [
                        463360.0,
                        0.0001501120423199609,
                        0.011323424987494946,
                        301846.5
                    ]
                ]
            ],
            "actions": [
                [
                    [
                        0.25
                    ],
                    [
                        0.25
                    ],
                    [
                        0.25
                    ],
                    [
                        0.25
                    ],
                    [
                        0.25
                    ],
                    [
                        0.25
                    ],
                    [
                        0.25
                    ],
                    [
                        0.25
                    ],
                    [
                        0.25
                    ],
                    [
                        0.25
                    ],
                    [
                        0.25
                    ],
                    [
                        0.25
                    ],
                    [
                        0.25
                    ],
                    [
                        0.25
                    ],
                    [
                        0.25
                    ],
                    [
                        0.25
                    ],
                    [
                        0.25
                    ],
                    [
                        0.25
                    ],
                    [
                        0.25
                    ],
                    [
                        0.25
                    ]
                ]
            ],
            "returns": [
                [
                    [
                        0.0820998102426529
                    ],
                    [
                        0.0814596638083458
                    ],
                    [
                        0.08080726861953735
                    ],
                    [
                        0.08014161884784698
                    ],
                    [
                        0.0794864147901535
                    ],
                    [
                        0.07884368300437927
                    ],
                    [
                        0.07818792015314102
                    ],
                    [
                        0.07752998173236847
                    ],
                    [
                        0.07689455896615982
                    ],
                    [
                        0.07624993473291397
                    ],
                    [
                        0.07560978829860687
                    ],
                    [
                        0.0749664157629013
                    ],
                    [
                        0.07431993633508682
                    ],
                    [
                        0.07367345690727234
                    ],
                    [
                        0.07305991649627686
                    ],
                    [
                        0.0723993331193924
                    ],
                    [
                        0.07173618674278259
                    ],
                    [
                        0.07105900347232819
                    ],
                    [
                        0.07036971300840378
                    ],
                    [
                        0.06966488808393478
                    ]
                ]
            ],
            "timesteps": [
                [
                    540,
                    541,
                    542,
                    543,
                    544,
                    545,
                    546,
                    547,
                    548,
                    549,
                    550,
                    551,
                    552,
                    553,
                    554,
                    555,
                    556,
                    557,
                    558,
                    559
                ]
            ],
            "labels": [
                [
                    0,
                    0,
                    0,
                    0,
                    0,
                    0,
                    0,
                    0,
                    0,
                    0,
                    0,
                    0,
                    0,
                    0,
                    0,
                    0,
                    0,
                    0,
                    0,
                    0
                ]
            ],
            "CPU Usage": 46.6,
            "RAM Usage": 55.6,
            "GPU Usage": 0.0,
            "VRAM Usage": 355.0,
            "Disk Read Speed (MB/s)": 206021.1552734375,
            "Disk Write Speed (MB/s)": 326556.4384765625
        },
        {
            "step": 2,
            "train_loss": 0.0422620065510273,
            "actions_pred1": [
                [
                    [
                        -0.5231155753135681,
                        -0.5101007223129272,
                        0.6261157989501953,
                        0.450558066368103
                    ],
                    [
                        -0.4613855183124542,
                        -0.44089651107788086,
                        0.5899257659912109,
                        0.3715384602546692
                    ],
                    [
                        -0.4174678325653076,
                        -0.20660074055194855,
                        0.6081598997116089,
                        0.33193907141685486
                    ],
                    [
                        -0.3946964144706726,
                        -0.21535131335258484,
                        0.5409440994262695,
                        0.41631364822387695
                    ],
                    [
                        -0.5395634770393372,
                        -0.028987161815166473,
                        0.6737070083618164,
                        0.42572957277297974
                    ],
                    [
                        -0.6148732304573059,
                        -0.03348745405673981,
                        0.6646904945373535,
                        0.42175784707069397
                    ],
                    [
                        -0.4262666404247284,
                        -0.16025587916374207,
                        0.5687328577041626,
                        0.5301146507263184
                    ],
                    [
                        -0.335567831993103,
                        -0.07327209413051605,
                        0.609614372253418,
                        0.6189525127410889
                    ],
                    [
                        -0.3846893906593323,
                        -0.09670596569776535,
                        0.5954879522323608,
                        0.5676825642585754
                    ],
                    [
                        -0.40761858224868774,
                        -0.01438605785369873,
                        0.6682470440864563,
                        0.3760243058204651
                    ],
                    [
                        -0.38948288559913635,
                        -0.007426522672176361,
                        0.6640489101409912,
                        0.532553493976593
                    ],
                    [
                        -0.40980058908462524,
                        -0.028282582759857178,
                        0.6596818566322327,
                        0.4645030200481415
                    ],
                    [
                        -0.203752338886261,
                        -0.10509371757507324,
                        0.6986091136932373,
                        0.41831499338150024
                    ],
                    [
                        -0.2108331173658371,
                        -0.146955206990242,
                        0.5988062620162964,
                        0.5540101528167725
                    ],
                    [
                        -0.10742907226085663,
                        -0.15563152730464935,
                        0.5689957141876221,
                        0.532526969909668
                    ],
                    [
                        -0.22967754304409027,
                        -0.17558541893959045,
                        0.5643004775047302,
                        0.47976547479629517
                    ],
                    [
                        -0.4222715497016907,
                        -0.14982298016548157,
                        0.5692211389541626,
                        0.45993801951408386
                    ],
                    [
                        -0.4019644856452942,
                        -0.1113772839307785,
                        0.6441342830657959,
                        0.3528352379798889
                    ],
                    [
                        -0.3708340525627136,
                        -0.06814435869455338,
                        0.7207273244857788,
                        0.44726675748825073
                    ],
                    [
                        -0.3702153265476227,
                        -0.13366971909999847,
                        0.5262818932533264,
                        0.458305686712265
                    ]
                ]
            ],
            "actions_pred": [
                [
                    [
                        -0.5231155753135681,
                        -0.4613855183124542,
                        -0.4174678325653076,
                        -0.3946964144706726,
                        -0.5395634770393372,
                        -0.6148732304573059,
