{
    "steps": [
        {
            "step": 0,
            "train_loss": 0.028176579624414444,
            "actions_pred1": [
                [
                    [
                        -0.5426061153411865,
                        0.796075165271759,
                        0.6188229918479919,
                        -3.5685060024261475
                    ],
                    [
                        -0.630272626876831,
                        0.9620013236999512,
                        0.6277804374694824,
                        -3.15964937210083
                    ],
                    [
                        -0.17973558604717255,
                        0.9442610144615173,
                        0.7382184267044067,
                        -2.778881072998047
                    ],
                    [
                        -0.05654679238796234,
                        1.0572067499160767,
                        0.8599883317947388,
                        -2.7905280590057373
                    ],
                    [
                        0.030483931303024292,
                        0.8808194398880005,
                        0.9129544496536255,
                        -2.8860323429107666
                    ],
                    [
                        -0.009907528758049011,
                        0.9140108823776245,
                        0.9986079931259155,
                        -2.916569948196411
                    ],
                    [
                        -0.012468419969081879,
                        0.7968027591705322,
                        1.008041262626648,
                        -2.7787742614746094
                    ],
                    [
                        0.07830000668764114,
                        0.831416130065918,
                        0.9801090359687805,
                        -2.661111831665039
                    ],
                    [
                        -0.029348865151405334,
                        0.7269704341888428,
                        1.0173197984695435,
                        -2.754220485687256
                    ],
                    [
                        -0.15476727485656738,
                        0.7449936866760254,
                        0.9384744167327881,
                        -2.798004150390625
                    ],
                    [
                        -0.09090064465999603,
                        0.9730279445648193,
                        1.0970994234085083,
                        -2.6955766677856445
                    ],
                    [
                        -0.13114461302757263,
                        0.9449527859687805,
                        1.0855495929718018,
                        -2.451575517654419
                    ],
                    [
                        -0.12184672802686691,
                        0.9884722232818604,
                        1.14491605758667,
                        -2.5558841228485107
                    ],
                    [
                        -0.1185472384095192,
                        0.9780604243278503,
                        1.2009146213531494,
                        -2.5723459720611572
                    ],
                    [
                        -0.10855124145746231,
                        0.924197256565094,
                        1.1448363065719604,
                        -2.664759635925293
                    ],
                    [
                        -0.12955600023269653,
                        0.8911780118942261,
                        1.0654845237731934,
                        -2.6161811351776123
                    ],
                    [
                        -0.14289754629135132,
                        0.9076061248779297,
                        1.1511667966842651,
                        -2.731208562850952
                    ],
                    [
                        -0.17277178168296814,
                        0.8765950202941895,
                        1.0845235586166382,
                        -2.667649745941162
                    ],
                    [
                        -0.08493964374065399,
                        1.221987009048462,
                        1.1334621906280518,
                        -2.5251474380493164
                    ],
                    [
                        -0.022363752126693726,
                        1.1668384075164795,
                        1.2576055526733398,
                        -2.761777877807617
                    ]
                ]
            ],
            "actions_pred": [
                [
                    [
                        -0.5426061153411865,
                        -0.630272626876831,
                        -0.17973558604717255,
                        -0.05654679238796234,
                        0.030483931303024292,
                        -0.009907528758049011,
                        -0.012468419969081879,
                        0.07830000668764114,
                        -0.029348865151405334,
                        -0.15476727485656738,
                        -0.09090064465999603,
                        -0.13114461302757263,
                        -0.12184672802686691,
                        -0.1185472384095192,
                        -0.10855124145746231,
                        -0.12955600023269653,
                        -0.14289754629135132,
                        -0.17277178168296814,
                        -0.08493964374065399,
                        -0.022363752126693726
                    ],
                    [
                        0.796075165271759,
                        0.9620013236999512,
                        0.9442610144615173,
                        1.0572067499160767,
                        0.8808194398880005,
                        0.9140108823776245,
                        0.7968027591705322,
                        0.831416130065918,
                        0.7269704341888428,
                        0.7449936866760254,
                        0.9730279445648193,
                        0.9449527859687805,
                        0.9884722232818604,
                        0.9780604243278503,
                        0.924197256565094,
                        0.8911780118942261,
                        0.9076061248779297,
                        0.8765950202941895,
                        1.221987009048462,
                        1.1668384075164795
                    ],
                    [
                        0.6188229918479919,
                        0.6277804374694824,
                        0.7382184267044067,
                        0.8599883317947388,
                        0.9129544496536255,
                        0.9986079931259155,
                        1.008041262626648,
                        0.9801090359687805,
                        1.0173197984695435,
                        0.9384744167327881,
                        1.0970994234085083,
                        1.0855495929718018,
                        1.14491605758667,
                        1.2009146213531494,
                        1.1448363065719604,
                        1.0654845237731934,
                        1.1511667966842651,
                        1.0845235586166382,
                        1.1334621906280518,
                        1.2576055526733398
                    ],
                    [
                        -3.5685060024261475,
                        -3.15964937210083,
                        -2.778881072998047,
                        -2.7905280590057373,
                        -2.8860323429107666,
                        -2.916569948196411,
                        -2.7787742614746094,
                        -2.661111831665039,
                        -2.754220485687256,
                        -2.798004150390625,
                        -2.6955766677856445,
                        -2.451575517654419,
                        -2.5558841228485107,
                        -2.5723459720611572,
                        -2.664759635925293,
                        -2.6161811351776123,
                        -2.731208562850952,
                        -2.667649745941162,
                        -2.5251474380493164,
                        -2.761777877807617
                    ]
                ]
            ],
            "states": [
                [
                    [
                        3840096.0,
                        2.92694730887888e-05,
                        0.00022606240236200392,
                        669392.5
                    ],
                    [
                        5186736.0,
                        2.8975890018045902e-05,
                        0.0002532026555854827,
                        623919.4375
                    ],
                    [
                        4765368.0,
                        2.86587583104847e-05,
                        0.0002667571825440973,
                        632646.8125
                    ],
                    [
                        6161240.0,
                        2.8318694603512995e-05,
                        0.00026687141507864,
                        545136.5625
                    ],
                    [
                        6174272.0,
                        2.7944166504312307e-05,
                        0.0002529114135541022,
                        614846.3125
                    ],
                    [
                        5751456.0,
                        2.7591326215770096e-05,
                        0.0002583715249784291,
                        530205.9375
                    ],
                    [
                        7742456.0,
                        2.720300471992232e-05,
                        0.001365873496979475,
                        538990.625
                    ],
                    [
                        6206128.0,
                        2.6812451324076392e-05,
                        0.0008239395683631301,
                        520321.9375
                    ],
                    [
                        5211352.0,
                        2.6501078536966816e-05,
                        0.0005388445570133626,
                        565831.875
                    ],
                    [
                        4737856.0,
                        2.623563341330737e-05,
                        0.0005018769879825413,
                        557744.25
                    ],
                    [
                        3256552.0,
                        2.6026094928965904e-05,
                        0.0005396626074798405,
                        583406.625
                    ],
                    [
                        2370376.0,
                        2.588063398434315e-05,
                        0.00039070475031621754,
                        599303.875
                    ],
                    [
                        3150848.0,
                        2.573955680418294e-05,
                        0.00037147922557778656,
                        638024.3125
                    ],
                    [
                        4121008.0,
                        2.5556088075973094e-05,
                        0.00035373689024709165,
                        613075.625
                    ],
                    [
                        3627240.0,
                        2.5363364329678006e-05,
                        0.0003472233365755528,
                        713559.4375
                    ],
                    [
                        4171688.0,
                        2.5172355890390463e-05,
                        0.00021890846255701035,
                        610763.0
                    ],
                    [
                        2390648.0,
                        2.501373273844365e-05,
                        0.00019109471759293228,
                        629310.5
                    ],
                    [
                        3237728.0,
                        2.487938036210835e-05,
                        0.00025023153284564614,
                        525239.375
                    ],
                    [
                        5175152.0,
                        2.4681297873030417e-05,
                        0.000305382302030921,
                        610625.375
                    ],
                    [
                        4510520.0,
                        2.445693280606065e-05,
                        0.00029567780438810587,
                        582702.6875
                    ]
                ]
            ],
            "actions": [
                [
                    [
                        0.5
                    ],
                    [
                        0.5
                    ],
                    [
                        0.5
                    ],
                    [
                        0.5
                    ],
                    [
                        0.5
                    ],
                    [
                        0.5
                    ],
                    [
                        0.5
                    ],
                    [
                        0.5
                    ],
                    [
                        0.5
                    ],
                    [
                        0.5
                    ],
                    [
                        0.5
                    ],
                    [
                        0.5
                    ],
                    [
                        0.5
                    ],
                    [
                        0.5
                    ],
                    [
                        0.5
                    ],
                    [
                        0.5
                    ],
                    [
                        0.5
                    ],
                    [
                        0.5
                    ],
                    [
                        0.5
                    ],
                    [
                        0.5
                    ]
                ]
            ],
            "returns": [
                [
                    [
                        0.11548818647861481
                    ],
                    [
                        0.11458403617143631
                    ],
                    [
                        0.11365323513746262
                    ],
                    [
                        0.11272994428873062
                    ],
                    [
                        0.11178387701511383
                    ],
                    [
                        0.11083762347698212
                    ],
                    [
                        0.1098976582288742
                    ],
                    [
                        0.10893134027719498
                    ],
                    [
                        0.10798463225364685
                    ],
                    [
                        0.10705341398715973
                    ],
                    [
                        0.10613063722848892
                    ],
                    [
                        0.10524109750986099
                    ],
                    [
                        0.10437972098588943
                    ],
                    [
                        0.1034931093454361
                    ],
                    [
                        0.10258270055055618
                    ],
                    [
                        0.1016836017370224
                    ],
                    [
                        0.10077211260795593
                    ],
                    [
                        0.09990997612476349
                    ],
                    [
                        0.09902095794677734
                    ],
                    [
                        0.09809035062789917
                    ]
                ]
            ],
            "timesteps": [
                [
                    500,
                    501,
                    502,
                    503,
                    504,
                    505,
                    506,
                    507,
                    508,
                    509,
                    510,
                    511,
                    512,
                    513,
                    514,
                    515,
                    516,
                    517,
                    518,
                    519
                ]
            ],
            "labels": [
                [
                    1,
                    1,
                    1,
                    1,
                    1,
                    1,
                    1,
                    1,
                    1,
                    1,
                    1,
                    1,
                    1,
                    1,
                    1,
                    1,
                    1,
                    1,
                    1,
                    1
                ]
            ],
            "CPU Usage": 45.4,
            "RAM Usage": 55.1,
            "GPU Usage": 0.0,
            "VRAM Usage": 356.0,
            "Disk Read Speed (MB/s)": 206640.3818359375,
            "Disk Write Speed (MB/s)": 406553.1533203125
        },
        {
            "step": 1,
            "train_loss": 0.012659704312682152,
            "actions_pred1": [
                [
                    [
                        0.37432795763015747,
                        0.5298295021057129,
                        1.8126394748687744,
                        -2.1095850467681885
                    ],
                    [
                        0.40443554520606995,
                        0.7070667743682861,
                        1.754504919052124,
                        -2.2181196212768555
                    ],
                    [
                        0.41324156522750854,
                        0.8570950627326965,
                        1.7932822704315186,
                        -2.3252577781677246
                    ],
                    [
                        0.6282528042793274,
                        0.885528028011322,
                        2.1432089805603027,
                        -2.469757318496704
                    ],
                    [
                        0.6365952491760254,
                        0.9228472709655762,
                        2.1903553009033203,
                        -2.6063902378082275
                    ],
                    [
                        0.23201198875904083,
                        0.6918429136276245,
                        2.2187697887420654,
                        -2.6454696655273438
                    ],
                    [
                        0.14778491854667664,
                        0.7083083391189575,
                        2.171612501144409,
                        -2.71527099609375
                    ],
                    [
                        0.32602325081825256,
                        0.8280353546142578,
                        2.1014504432678223,
                        -2.6644158363342285
                    ],
                    [
                        0.3871825933456421,
                        0.7657893896102905,
                        2.0059759616851807,
                        -2.861532211303711
                    ],
                    [
                        0.36382949352264404,
                        0.7723280191421509,
                        1.8600115776062012,
                        -3.1101739406585693
                    ],
                    [
                        0.39038461446762085,
                        0.6875132322311401,
                        1.7362313270568848,
                        -3.094217300415039
                    ],
                    [
                        0.4408062994480133,
                        0.7768819332122803,
                        1.9208872318267822,
                        -3.167381763458252
                    ],
                    [
                        0.5010202527046204,
                        0.8217729330062866,
                        2.0414323806762695,
                        -3.164750099182129
                    ],
                    [
                        0.5483336448669434,
                        0.6264711618423462,
                        2.086421251296997,
                        -3.404787540435791
                    ],
                    [
                        0.616687536239624,
                        0.7137528657913208,
                        2.1173298358917236,
                        -3.6503219604492188
                    ],
                    [
                        0.43210938572883606,
                        0.8084061145782471,
                        2.178959369659424,
                        -3.925377368927002
                    ],
                    [
                        0.4733569920063019,
                        0.9138246774673462,
                        2.262284517288208,
                        -3.7277023792266846
                    ],
                    [
                        0.4920545518398285,
                        0.973051905632019,
                        2.2276999950408936,
                        -3.6755318641662598
                    ],
                    [
                        0.4929705262184143,
                        1.0242602825164795,
                        2.1884372234344482,
                        -3.761723279953003
                    ],
                    [
                        0.39088526368141174,
                        1.0131988525390625,
                        2.1337053775787354,
                        -3.702303647994995
                    ]
                ]
            ],
            "actions_pred": [
                [
                    [
                        0.37432795763015747,
                        0.40443554520606995,
                        0.41324156522750854,
                        0.6282528042793274,
                        0.6365952491760254,
                        0.23201198875904083,
                        0.14778491854667664,
                        0.32602325081825256,
                        0.3871825933456421,
                        0.36382949352264404,
                        0.39038461446762085,
                        0.4408062994480133,
                        0.5010202527046204,
                        0.5483336448669434,
                        0.616687536239624,
                        0.43210938572883606,
                        0.4733569920063019,
                        0.4920545518398285,
                        0.4929705262184143,
                        0.39088526368141174
                    ],
                    [
                        0.5298295021057129,
                        0.7070667743682861,
                        0.8570950627326965,
                        0.885528028011322,
                        0.9228472709655762,
                        0.6918429136276245,
                        0.7083083391189575,
                        0.8280353546142578,
                        0.7657893896102905,
                        0.7723280191421509,
                        0.6875132322311401,
                        0.7768819332122803,
                        0.8217729330062866,
                        0.6264711618423462,
                        0.7137528657913208,
                        0.8084061145782471,
                        0.9138246774673462,
                        0.973051905632019,
                        1.0242602825164795,
                        1.0131988525390625
                    ],
                    [
                        1.8126394748687744,
                        1.754504919052124,
                        1.7932822704315186,
                        2.1432089805603027,
                        2.1903553009033203,
                        2.2187697887420654,
                        2.171612501144409,
                        2.1014504432678223,
                        2.0059759616851807,
                        1.8600115776062012,
                        1.7362313270568848,
                        1.9208872318267822,
                        2.0414323806762695,
                        2.086421251296997,
                        2.1173298358917236,
                        2.178959369659424,
                        2.262284517288208,
                        2.2276999950408936,
                        2.1884372234344482,
                        2.1337053775787354
                    ],
                    [
                        -2.1095850467681885,
                        -2.2181196212768555,
                        -2.3252577781677246,
                        -2.469757318496704,
                        -2.6063902378082275,
                        -2.6454696655273438,
                        -2.71527099609375,
                        -2.6644158363342285,
                        -2.861532211303711,
                        -3.1101739406585693,
                        -3.094217300415039,
                        -3.167381763458252,
                        -3.164750099182129,
                        -3.404787540435791,
                        -3.6503219604492188,
                        -3.925377368927002,
                        -3.7277023792266846,
                        -3.6755318641662598,
                        -3.761723279953003,
                        -3.702303647994995
                    ]
                ]
            ],
            "states": [
                [
                    [
                        5583488.0,
                        1.565206184750423e-05,
                        0.00026454709586687386,
                        777972.9375
                    ],
                    [
                        4978224.0,
                        1.5359531971625984e-05,
                        0.0002797465131152421,
                        855686.3125
                    ],
                    [
                        5334432.0,
                        1.5084374354046304e-05,
                        0.00027696648612618446,
                        816815.875
                    ],
                    [
                        5159224.0,
                        1.4814246242167428e-05,
                        0.0002747685939539224,
                        799861.375
                    ],
                    [
                        5513984.0,
                        1.4549360457749572e-05,
                        0.000255326071055606,
                        807912.1875
                    ],
                    [
                        5082480.0,
                        1.4295442269940395e-05,
                        0.0002729953557718545,
                        779605.9375
                    ],
                    [
                        5376424.0,
                        1.4053456652618479e-05,
                        0.00026464968686923385,
                        853596.25
                    ],
                    [
                        5073792.0,
                        1.3819644664181396e-05,
                        0.000260901142610237,
                        865763.5
                    ],
                    [
                        5425656.0,
                        1.3592515642812941e-05,
                        0.00026091569452546537,
                        896600.0
                    ],
                    [
                        5301128.0,
                        1.3368029613047838e-05,
                        0.00027603365015238523,
                        844597.4375
                    ],
                    [
                        5346016.0,
                        1.3152442988939583e-05,
                        0.0002529293124098331,
                        839011.5
                    ],
                    [
                        5652992.0,
                        1.2936916391481645e-05,
                        0.0002769185812212527,
                        874385.5625
                    ],
                    [
                        5185288.0,
                        1.2731260540022049e-05,
                        0.0002480096882209182,
                        820181.0625
                    ],
                    [
                        5438688.0,
                        1.2536010217445437e-05,
                        0.00027678909827955067,
                        838090.6875
                    ],
                    [
                        5221488.0,
                        1.2345956747594755e-05,
                        0.0002834639744833112,
                        979366.25
                    ],
                    [
                        5306920.0,
                        1.2163849532953463e-05,
                        0.00027035834500566125,
                        858373.0
                    ],
                    [
                        5419864.0,
                        1.1983782314928249e-05,
                        0.0002671718248166144,
                        825702.5
                    ],
                    [
                        5708016.0,
                        1.1802524568338413e-05,
                        0.00027032653451897204,
                        851358.6875
                    ],
                    [
                        5637064.0,
                        1.1623262253124267e-05,
                        0.0002656110445968807,
                        872734.375
                    ],
                    [
                        5471992.0,
                        1.1452919352450408e-05,
                        0.0002651966060511768,
                        865487.25
                    ]
                ]
            ],
            "actions": [
                [
                    [
                        0.75
                    ],
                    [
                        0.75
                    ],
                    [
                        0.75
                    ],
                    [
                        0.75
                    ],
                    [
                        0.75
                    ],
                    [
                        0.75
                    ],
                    [
                        0.75
                    ],
                    [
                        0.75
                    ],
                    [
                        0.75
                    ],
                    [
                        0.75
                    ],
                    [
                        0.75
                    ],
                    [
                        0.75
                    ],
                    [
                        0.75
                    ],
                    [
                        0.75
                    ],
                    [
                        0.75
                    ],
                    [
                        0.75
                    ],
                    [
                        0.75
                    ],
                    [
                        0.75
                    ],
                    [
                        0.75
                    ],
                    [
                        0.75
                    ]
                ]
            ],
            "returns": [
                [
                    [
                        0.5428837537765503
                    ],
                    [
                        0.5419464111328125
                    ],
                    [
                        0.5410192608833313
                    ],
                    [
                        0.5400859713554382
                    ],
                    [
                        0.5391556620597839
                    ],
                    [
                        0.5382193922996521
                    ],
                    [
                        0.5372903943061829
                    ],
                    [
                        0.5363564491271973
                    ],
                    [
                        0.5354275703430176
                    ],
                    [
                        0.5344927906990051
                    ],
                    [
                        0.533560037612915
                    ],
                    [
                        0.5326265692710876
                    ],
                    [
                        0.5316881537437439
                    ],
                    [
                        0.5307573676109314
                    ],
                    [
                        0.5298223495483398
                    ],
                    [
                        0.5288909673690796
                    ],
                    [
                        0.5279580950737
                    ],
                    [
                        0.527023434638977
                    ],
                    [
                        0.5260841250419617
                    ],
                    [
                        0.525145947933197
                    ]
                ]
            ],
            "timesteps": [
                [
                    40,
                    41,
                    42,
                    43,
                    44,
                    45,
                    46,
                    47,
                    48,
                    49,
                    50,
                    51,
                    52,
                    53,
                    54,
                    55,
                    56,
                    57,
                    58,
                    59
                ]
            ],
            "labels": [
                [
                    2,
                    2,
                    2,
                    2,
                    2,
                    2,
                    2,
                    2,
                    2,
                    2,
                    2,
                    2,
                    2,
                    2,
                    2,
                    2,
                    2,
                    2,
                    2,
                    2
                ]
            ],
            "CPU Usage": 46.7,
            "RAM Usage": 55.2,
            "GPU Usage": 0.0,
            "VRAM Usage": 356.0,
            "Disk Read Speed (MB/s)": 206640.3818359375,
            "Disk Write Speed (MB/s)": 406553.3876953125
        },
        {
            "step": 2,
            "train_loss": 0.01652652956545353,
            "actions_pred1": [
                [
                    [
                        -0.316275417804718,
                        1.1763666868209839,
                        1.3286430835723877,
                        -3.3287439346313477
                    ],
                    [
                        -0.22076794505119324,
                        1.4268604516983032,
                        1.464996337890625,
                        -3.7366909980773926
                    ],
                    [
                        -0.22018128633499146,
                        1.6249748468399048,
                        1.1904524564743042,
                        -4.456728935241699
                    ],
                    [
                        -0.11395907402038574,
                        1.6902744770050049,
                        1.3689552545547485,
                        -4.725462436676025
                    ],
                    [
                        0.04577876627445221,
                        2.0533573627471924,
                        1.0818073749542236,
                        -5.777209758758545
                    ],
                    [
                        0.4225311875343323,
                        2.308009147644043,
                        1.3117671012878418,
                        -5.848875522613525
                    ],
                    [
                        0.639851450920105,
                        2.532836437225342,
                        1.4057106971740723,
                        -6.129051685333252
                    ],
                    [
                        0.881889820098877,
                        2.672365188598633,
                        1.6159210205078125,
                        -5.919557571411133
                    ],
                    [
                        0.8356961011886597,
                        2.681759834289551,
                        1.4941372871398926,
                        -6.311709403991699
                    ],
                    [
                        0.8514145016670227,
                        2.3794729709625244,
                        1.6767444610595703,
                        -6.1022820472717285
                    ],
                    [
                        0.8139752745628357,
                        2.1774187088012695,
                        1.5492860078811646,
                        -6.012429714202881
                    ],
                    [
                        0.5857015252113342,
                        2.0138888359069824,
                        1.2423597574234009,
                        -5.660793304443359
                    ],
                    [
                        0.48263823986053467,
                        2.0554637908935547,
                        1.2858307361602783,
                        -5.526235580444336
                    ],
                    [
                        0.44395118951797485,
                        2.1735482215881348,
                        1.3426978588104248,
                        -5.381994247436523
                    ],
                    [
                        0.4627332389354706,
                        2.0815277099609375,
                        1.19584059715271,
                        -5.395328521728516
                    ],
                    [
                        0.5294314622879028,
                        2.1557302474975586,
                        1.2089203596115112,
                        -5.711003303527832
                    ],
                    [
                        0.6094728112220764,
                        2.2516942024230957,
                        1.3741317987442017,
                        -5.893819808959961
                    ],
                    [
                        0.6960352063179016,
                        2.1631085872650146,
                        1.3869640827178955,
                        -5.589033603668213
                    ],
                    [
                        0.5991299748420715,
                        2.3198020458221436,
                        1.5356303453445435,
                        -5.761997222900391
                    ],
                    [
                        0.6815995573997498,
                        2.1671643257141113,
                        1.5657540559768677,
                        -5.717953681945801
                    ]
                ]
            ],
            "actions_pred": [
                [
                    [
                        -0.316275417804718,
                        -0.22076794505119324,
                        -0.22018128633499146,
                        -0.11395907402038574,
                        0.04577876627445221,
                        0.4225311875343323,
                        0.639851450920105,
                        0.881889820098877,
                        0.8356961011886597,
                        0.8514145016670227,
                        0.8139752745628357,
                        0.5857015252113342,
