{
    "steps": [
        {
            "step": 0,
            "train_loss": 0.03463310748338699,
            "actions_pred1": [
                [
                    [
                        0.19969810545444489,
                        0.8493353128433228,
                        0.38619446754455566,
                        -0.5948001146316528
                    ],
                    [
                        0.5750410556793213,
                        0.6487274169921875,
                        0.44793015718460083,
                        -0.7134344577789307
                    ],
                    [
                        0.45332348346710205,
                        0.6527056097984314,
                        0.40994057059288025,
                        -0.6182935833930969
                    ],
                    [
                        0.44616520404815674,
                        0.6433597803115845,
                        0.41979578137397766,
                        -0.6434828042984009
                    ],
                    [
                        0.4241994619369507,
                        0.5604282021522522,
                        0.39724525809288025,
                        -0.6689836978912354
                    ],
                    [
                        0.3466776907444,
                        0.5321513414382935,
                        0.6341077089309692,
                        -0.6182378530502319
                    ],
                    [
                        0.45420485734939575,
                        0.4165785312652588,
                        0.6813418865203857,
                        -0.5345675349235535
                    ],
                    [
                        0.47773271799087524,
                        0.4287835359573364,
                        0.6492758989334106,
                        -0.5470792055130005
                    ],
                    [
                        0.41130155324935913,
                        0.4878692030906677,
                        0.6370857357978821,
                        -0.625211238861084
                    ],
                    [
                        0.39498305320739746,
                        0.5553489923477173,
                        0.573188066482544,
                        -0.5488309860229492
                    ],
                    [
                        0.40018975734710693,
                        0.5682052373886108,
                        0.6171947717666626,
                        -0.5069064497947693
                    ],
                    [
                        0.38782262802124023,
                        0.5582541227340698,
                        0.5397777557373047,
                        -0.6529366374015808
                    ],
                    [
                        0.30258023738861084,
                        0.5544829964637756,
                        0.4825636148452759,
                        -0.5971229076385498
                    ],
                    [
                        0.3043408989906311,
                        0.5543234944343567,
                        0.5806124210357666,
                        -0.5792903304100037
                    ],
                    [
                        0.17818903923034668,
                        0.26288866996765137,
                        0.8554643392562866,
                        -0.6804503798484802
                    ],
                    [
                        0.2407040297985077,
                        0.45325756072998047,
                        0.8518070578575134,
                        -0.7200300097465515
                    ],
                    [
                        0.2060210108757019,
                        0.4851398468017578,
                        0.7824259996414185,
                        -0.6607805490493774
                    ],
                    [
                        0.2831568121910095,
                        0.5556769371032715,
                        0.6821067333221436,
                        -0.810085654258728
                    ],
                    [
                        0.14011451601982117,
                        0.6983711123466492,
                        0.7688182592391968,
                        -0.88734370470047
                    ],
                    [
                        0.25523585081100464,
                        0.6373767852783203,
                        0.7089022397994995,
                        -0.7674274444580078
                    ]
                ]
            ],
            "actions_pred": [
                [
                    [
                        0.19969810545444489,
                        0.5750410556793213,
                        0.45332348346710205,
                        0.44616520404815674,
                        0.4241994619369507,
                        0.3466776907444,
                        0.45420485734939575,
                        0.47773271799087524,
                        0.41130155324935913,
                        0.39498305320739746,
                        0.40018975734710693,
                        0.38782262802124023,
                        0.30258023738861084,
                        0.3043408989906311,
                        0.17818903923034668,
                        0.2407040297985077,
                        0.2060210108757019,
                        0.2831568121910095,
                        0.14011451601982117,
                        0.25523585081100464
                    ],
                    [
                        0.8493353128433228,
                        0.6487274169921875,
                        0.6527056097984314,
                        0.6433597803115845,
                        0.5604282021522522,
                        0.5321513414382935,
                        0.4165785312652588,
                        0.4287835359573364,
                        0.4878692030906677,
                        0.5553489923477173,
                        0.5682052373886108,
                        0.5582541227340698,
                        0.5544829964637756,
                        0.5543234944343567,
                        0.26288866996765137,
                        0.45325756072998047,
                        0.4851398468017578,
                        0.5556769371032715,
                        0.6983711123466492,
                        0.6373767852783203
                    ],
                    [
                        0.38619446754455566,
                        0.44793015718460083,
                        0.40994057059288025,
                        0.41979578137397766,
                        0.39724525809288025,
                        0.6341077089309692,
                        0.6813418865203857,
                        0.6492758989334106,
                        0.6370857357978821,
                        0.573188066482544,
                        0.6171947717666626,
                        0.5397777557373047,
                        0.4825636148452759,
                        0.5806124210357666,
                        0.8554643392562866,
                        0.8518070578575134,
                        0.7824259996414185,
                        0.6821067333221436,
                        0.7688182592391968,
                        0.7089022397994995
                    ],
                    [
                        -0.5948001146316528,
                        -0.7134344577789307,
                        -0.6182935833930969,
                        -0.6434828042984009,
                        -0.6689836978912354,
                        -0.6182378530502319,
                        -0.5345675349235535,
                        -0.5470792055130005,
                        -0.625211238861084,
                        -0.5488309860229492,
                        -0.5069064497947693,
                        -0.6529366374015808,
                        -0.5971229076385498,
                        -0.5792903304100037,
                        -0.6804503798484802,
                        -0.7200300097465515,
                        -0.6607805490493774,
                        -0.810085654258728,
                        -0.88734370470047,
                        -0.7674274444580078
                    ]
                ]
            ],
            "states": [
                [
                    [
                        5334432.0,
                        2.079466503346339e-05,
                        0.00026978878304362297,
                        822567.125
                    ],
                    [
                        5450272.0,
                        2.0477313228184357e-05,
                        0.00027627943200059235,
                        856531.375
                    ],
                    [
                        5496608.0,
                        2.0164978195680305e-05,
                        0.00025924446526914835,
                        796247.875
                    ],
                    [
                        5340224.0,
                        1.901392352010589e-05,
                        0.006524195894598961,
                        835512.25
                    ],
                    [
                        5366288.0,
                        1.8750137314782478e-05,
                        0.002146858023479581,
                        813363.3125
                    ],
                    [
                        5389456.0,
                        1.8492408344172873e-05,
                        0.0023773028515279293,
                        845072.375
                    ],
                    [
                        5118680.0,
                        1.8247363186674193e-05,
                        0.0020079242531210184,
                        804446.8125
                    ],
                    [
                        5463304.0,
                        1.8007134713116102e-05,
                        0.0019139255164191127,
                        824885.1875
                    ],
                    [
                        5337328.0,
                        1.7768334146239795e-05,
                        0.0013429223326966166,
                        814676.0
                    ],
                    [
                        5398144.0,
                        1.753715696395375e-05,
                        0.0011628043139353395,
                        805373.25
                    ],
                    [
                        5337328.0,
                        1.7311906049144454e-05,
                        0.0009117702720686793,
                        826102.5
                    ],
                    [
                        5053520.0,
                        1.709933530946728e-05,
                        0.000803604198154062,
                        828294.75
                    ],
                    [
                        5891912.0,
                        1.6881092960829847e-05,
                        0.000699773314408958,
                        791778.0625
                    ],
                    [
                        5104200.0,
                        1.6667219824739732e-05,
                        0.0006680691731162369,
                        868015.875
                    ],
                    [
                        5372080.0,
                        1.646851160330698e-05,
                        0.0005246230284683406,
                        748358.1875
                    ],
                    [
                        5262032.0,
                        1.6271596905426122e-05,
                        0.00046889804070815444,
                        796238.875
                    ],
                    [
                        5473440.0,
                        1.6077548934845254e-05,
                        0.00035997320082969964,
                        812237.5625
                    ],
                    [
                        4978224.0,
                        1.589297789905686e-05,
                        0.00037329201586544514,
                        806297.3125
                    ],
                    [
                        5450272.0,
                        1.571305256220512e-05,
                        0.00029995679506100714,
                        802099.3125
                    ],
                    [
                        5424208.0,
                        1.5529669326497242e-05,
                        0.0002722619683481753,
                        836648.625
                    ]
                ]
            ],
            "actions": [
                [
                    [
                        0.75
                    ],
                    [
                        0.75
                    ],
                    [
                        0.75
                    ],
                    [
                        0.75
                    ],
                    [
                        0.75
                    ],
                    [
                        0.75
                    ],
                    [
                        0.75
                    ],
                    [
                        0.75
                    ],
                    [
                        0.75
                    ],
                    [
                        0.75
                    ],
                    [
                        0.75
                    ],
                    [
                        0.75
                    ],
                    [
                        0.75
                    ],
                    [
                        0.75
                    ],
                    [
                        0.75
                    ],
                    [
                        0.75
                    ],
                    [
                        0.75
                    ],
                    [
                        0.75
                    ],
                    [
                        0.75
                    ],
                    [
                        0.75
                    ]
                ]
            ],
            "returns": [
                [
                    [
                        0.3232199251651764
                    ],
                    [
                        0.3222866356372833
                    ],
                    [
                        0.32135143876075745
                    ],
                    [
                        0.3204154968261719
                    ],
                    [
                        0.31948211789131165
                    ],
                    [
                        0.3185482919216156
                    ],
                    [
                        0.3176141083240509
                    ],
                    [
                        0.31668445467948914
                    ],
                    [
                        0.31574904918670654
                    ],
                    [
                        0.3148157298564911
                    ],
                    [
                        0.31388136744499207
                    ],
                    [
                        0.3129480481147766
                    ],
                    [
                        0.3120195269584656
                    ],
                    [
                        0.31107744574546814
                    ],
                    [
                        0.31014806032180786
                    ],
                    [
                        0.30921414494514465
                    ],
                    [
                        0.3082820773124695
                    ],
                    [
                        0.30734649300575256
                    ],
                    [
                        0.306419312953949
                    ],
                    [
                        0.3054841458797455
                    ]
                ]
            ],
            "timesteps": [
                [
                    280,
                    281,
                    282,
                    283,
                    284,
                    285,
                    286,
                    287,
                    288,
                    289,
                    290,
                    291,
                    292,
                    293,
                    294,
                    295,
                    296,
                    297,
                    298,
                    299
                ]
            ],
            "labels": [
                [
                    2,
                    2,
                    2,
                    2,
                    2,
                    2,
                    2,
                    2,
                    2,
                    2,
                    2,
                    2,
                    2,
                    2,
                    2,
                    2,
                    2,
                    2,
                    2,
                    2
                ]
            ],
            "CPU Usage": 45.3,
            "RAM Usage": 55.2,
            "GPU Usage": 1.0,
            "VRAM Usage": 355.0,
            "Disk Read Speed (MB/s)": 206066.6533203125,
            "Disk Write Speed (MB/s)": 371614.7509765625
        },
        {
            "step": 1,
            "train_loss": 0.03626374900341034,
            "actions_pred1": [
                [
                    [
                        0.49132996797561646,
                        0.24622415006160736,
                        0.4793967008590698,
                        -0.6089867949485779
                    ],
                    [
                        0.3825719952583313,
                        0.47545093297958374,
                        0.6952759027481079,
                        -0.5053663849830627
                    ],
                    [
                        0.3276423215866089,
                        0.6387888789176941,
                        0.6658201813697815,
                        -0.6113680601119995
                    ],
                    [
                        0.33457058668136597,
                        0.6309399604797363,
                        0.6876212358474731,
                        -0.6349771618843079
                    ],
                    [
                        0.3859313428401947,
                        0.6865108013153076,
                        0.6963112950325012,
                        -0.6985888481140137
                    ],
                    [
                        0.4462754428386688,
                        0.6074464321136475,
                        0.5875802636146545,
                        -0.7494813203811646
                    ],
                    [
                        0.5010385513305664,
                        0.699522078037262,
                        0.6738519668579102,
                        -0.8498668670654297
                    ],
                    [
                        0.5078314542770386,
                        0.6580659747123718,
                        0.6174726486206055,
                        -0.807132363319397
                    ],
                    [
                        0.38498246669769287,
                        0.5761890411376953,
                        0.690527081489563,
                        -0.8626883625984192
                    ],
                    [
                        0.3896680772304535,
                        0.6493916511535645,
                        0.732265055179596,
                        -0.8917801380157471
                    ],
                    [
                        0.2746783494949341,
                        0.5158295631408691,
                        0.8211845755577087,
                        -1.0450184345245361
                    ],
                    [
                        0.19557501375675201,
                        0.5361156463623047,
                        0.7092714309692383,
                        -1.1276037693023682
                    ],
                    [
                        0.22246141731739044,
                        0.5840933322906494,
                        0.6878454685211182,
                        -1.0422204732894897
                    ],
                    [
                        0.2585420608520508,
                        0.6299172043800354,
                        0.7467225790023804,
                        -0.940205454826355
                    ],
                    [
                        0.11759587377309799,
                        0.3899326026439667,
                        0.7333533763885498,
                        -1.1228227615356445
                    ],
                    [
                        0.25848451256752014,
                        0.36881500482559204,
                        0.6876167058944702,
                        -1.0835776329040527
                    ],
                    [
                        0.2435179501771927,
                        0.4806722402572632,
                        0.7322949171066284,
                        -1.1199450492858887
                    ],
                    [
                        0.24822816252708435,
                        0.5739372372627258,
                        0.629713237285614,
                        -0.9679348468780518
                    ],
                    [
                        0.33729690313339233,
                        0.5689665079116821,
                        0.7558709383010864,
                        -1.0211193561553955
                    ],
                    [
                        0.325960636138916,
                        0.5866788625717163,
                        0.7312606573104858,
                        -1.0286678075790405
                    ]
                ]
            ],
            "actions_pred": [
                [
                    [
                        0.49132996797561646,
                        0.3825719952583313,
                        0.3276423215866089,
                        0.33457058668136597,
                        0.3859313428401947,
                        0.4462754428386688,
                        0.5010385513305664,
                        0.5078314542770386,
                        0.38498246669769287,
                        0.3896680772304535,
                        0.2746783494949341,
                        0.19557501375675201,
                        0.22246141731739044,
                        0.2585420608520508,
                        0.11759587377309799,
                        0.25848451256752014,
                        0.2435179501771927,
                        0.24822816252708435,
                        0.33729690313339233,
                        0.325960636138916
                    ],
                    [
                        0.24622415006160736,
                        0.47545093297958374,
                        0.6387888789176941,
                        0.6309399604797363,
                        0.6865108013153076,
                        0.6074464321136475,
                        0.699522078037262,
                        0.6580659747123718,
                        0.5761890411376953,
                        0.6493916511535645,
                        0.5158295631408691,
                        0.5361156463623047,
                        0.5840933322906494,
                        0.6299172043800354,
                        0.3899326026439667,
                        0.36881500482559204,
                        0.4806722402572632,
                        0.5739372372627258,
                        0.5689665079116821,
                        0.5866788625717163
                    ],
                    [
                        0.4793967008590698,
                        0.6952759027481079,
                        0.6658201813697815,
                        0.6876212358474731,
                        0.6963112950325012,
                        0.5875802636146545,
                        0.6738519668579102,
                        0.6174726486206055,
                        0.690527081489563,
                        0.732265055179596,
                        0.8211845755577087,
                        0.7092714309692383,
                        0.6878454685211182,
                        0.7467225790023804,
                        0.7333533763885498,
                        0.6876167058944702,
                        0.7322949171066284,
                        0.629713237285614,
                        0.7558709383010864,
                        0.7312606573104858
                    ],
                    [
                        -0.6089867949485779,
                        -0.5053663849830627,
                        -0.6113680601119995,
                        -0.6349771618843079,
                        -0.6985888481140137,
                        -0.7494813203811646,
                        -0.8498668670654297,
                        -0.807132363319397,
                        -0.8626883625984192,
                        -0.8917801380157471,
                        -1.0450184345245361,
                        -1.1276037693023682,
                        -1.0422204732894897,
                        -0.940205454826355,
                        -1.1228227615356445,
                        -1.0835776329040527,
                        -1.1199450492858887,
                        -0.9679348468780518,
                        -1.0211193561553955,
                        -1.0286678075790405
                    ]
                ]
            ],
            "states": [
                [
                    [
                        6436360.0,
                        3.756791920750402e-05,
                        0.00023788119142409414,
                        525420.0
                    ],
                    [
                        5822408.0,
                        3.5673747333930805e-05,
                        0.0002484873402863741,
                        540076.8125
                    ],
                    [
                        6120696.0,
                        3.400527930352837e-05,
                        0.00025739934062585235,
                        546681.375
                    ],
                    [
                        6143632.0,
                        3.2446547265863046e-05,
                        0.00019004895875696093,
                        549135.1875
                    ],
                    [
                        6290344.0,
                        3.100591857219115e-05,
                        0.00022606240236200392,
                        515628.96875
                    ],
                    [
                        7225288.0,
                        2.9579521651612595e-05,
                        0.0002532026555854827,
                        501138.75
                    ],
                    [
                        5695216.0,
                        2.8330134227871895e-05,
                        0.0002667571825440973,
                        501280.09375
                    ],
                    [
                        6048296.0,
                        2.72848174063256e-05,
                        0.00026687141507864,
                        520591.84375
                    ],
                    [
                        5956840.0,
                        2.6292696929886006e-05,
                        0.0002529114135541022,
                        510954.5
                    ],
                    [
                        5511320.0,
                        2.5409783120267093e-05,
                        0.0002583715249784291,
                        498321.25
                    ],
                    [
                        7421000.0,
                        2.448467603244353e-05,
                        0.001365873496979475,
                        470548.53125
                    ],
                    [
                        6653560.0,
                        2.3549235265818425e-05,
                        0.0008239395683631301,
                        489404.40625
                    ],
                    [
                        5919424.0,
                        2.2772055672248825e-05,
                        0.0005388445570133626,
                        494672.6875
                    ],
                    [
                        6049744.0,
                        2.2078909751144238e-05,
                        0.0005018769879825413,
                        522203.84375
                    ],
                    [
                        5699328.0,
                        2.1438178009702824e-05,
                        0.0005396626074798405,
                        525676.375
                    ],
                    [
                        5907840.0,
                        2.084095285681542e-05,
                        0.00039070475031621754,
                        484434.71875
                    ],
                    [
                        7654128.0,
                        2.0184714230708778e-05,
                        0.00037147922557778656,
                        485244.75
                    ],
                    [
                        6171376.0,
                        1.9555423932615668e-05,
                        0.00035373689024709165,
                        520211.9375
                    ],
                    [
                        5359048.0,
                        1.9060054910369217e-05,
                        0.0003472233365755528,
                        514446.75
                    ],
                    [
                        5344568.0,
                        1.8622442439664155e-05,
                        0.00021890846255701035,
                        526664.75
                    ]
                ]
            ],
            "actions": [
                [
                    [
                        0.5
                    ],
                    [
                        0.5
                    ],
                    [
                        0.5
                    ],
                    [
                        0.5
                    ],
                    [
                        0.5
                    ],
                    [
                        0.5
                    ],
                    [
                        0.5
                    ],
                    [
                        0.5
                    ],
                    [
                        0.5
                    ],
                    [
                        0.5
                    ],
                    [
                        0.5
                    ],
                    [
                        0.5
                    ],
                    [
                        0.5
                    ],
                    [
                        0.5
                    ],
                    [
                        0.5
                    ],
                    [
                        0.5
                    ],
                    [
                        0.5
                    ],
                    [
                        0.5
                    ],
                    [
                        0.5
                    ],
                    [
                        0.5
                    ]
                ]
            ],
            "returns": [
                [
                    [
                        0.17125853896141052
                    ],
                    [
                        0.17030860483646393
                    ],
                    [
                        0.16936755180358887
                    ],
                    [
                        0.16842207312583923
                    ],
                    [
                        0.16747625172138214
                    ],
                    [
                        0.1665283590555191
                    ],
                    [
                        0.16556815803050995
                    ],
                    [
                        0.16462907195091248
                    ],
                    [
                        0.1636846512556076
                    ],
                    [
                        0.16274157166481018
                    ],
                    [
                        0.1618053913116455
                    ],
                    [
                        0.16084282100200653
                    ],
                    [
                        0.15988995134830475
                    ],
                    [
                        0.1589474231004715
                    ],
                    [
                        0.15800298750400543
                    ],
                    [
                        0.157063826918602
                    ],
                    [
                        0.15612147748470306
                    ],
                    [
                        0.1551561802625656
                    ],
                    [
                        0.15420997142791748
                    ],
                    [
                        0.153276264667511
                    ]
                ]
            ],
            "timesteps": [
                [
                    440,
                    441,
                    442,
                    443,
                    444,
                    445,
                    446,
                    447,
                    448,
                    449,
                    450,
                    451,
                    452,
                    453,
                    454,
                    455,
                    456,
                    457,
                    458,
                    459
                ]
            ],
            "labels": [
                [
                    1,
                    1,
                    1,
                    1,
                    1,
                    1,
                    1,
                    1,
                    1,
                    1,
                    1,
                    1,
                    1,
                    1,
                    1,
                    1,
                    1,
                    1,
                    1,
                    1
                ]
            ],
            "CPU Usage": 46.6,
            "RAM Usage": 55.5,
            "GPU Usage": 0.0,
            "VRAM Usage": 356.0,
            "Disk Read Speed (MB/s)": 206066.7392578125,
            "Disk Write Speed (MB/s)": 371618.1416015625
        },
        {
            "step": 2,
            "train_loss": 0.039077453315258026,
            "actions_pred1": [
                [
                    [
                        0.4080018401145935,
                        0.29557889699935913,
                        0.5133158564567566,
                        -0.8822615742683411
                    ],
                    [
                        0.49964839220046997,
                        0.40858200192451477,
                        0.428764283657074,
                        -0.8760801553726196
                    ],
                    [
                        0.4672453999519348,
                        0.46865952014923096,
                        0.580491304397583,
                        -0.7497907876968384
                    ],
                    [
                        0.5742509365081787,
                        0.34361106157302856,
                        0.5793952941894531,
                        -0.7923900485038757
                    ],
                    [
                        0.5658872127532959,
                        0.33139219880104065,
                        0.6834291219711304,
                        -0.8047296404838562
                    ],
                    [
                        0.4228579103946686,
                        0.45791399478912354,
                        0.3730399012565613,
                        -0.9803217053413391
                    ],
                    [
                        0.42548489570617676,
                        0.5012352466583252,
                        0.4885061979293823,
                        -0.7367150783538818
                    ],
                    [
                        0.5955910682678223,
                        0.493633508682251,
                        0.4895387589931488,
                        -0.6377660036087036
                    ],
                    [
                        0.6191750764846802,
                        0.5341036319732666,
                        0.4461924433708191,
                        -0.7135375738143921
                    ],
                    [
                        0.4633868336677551,
                        0.5104601979255676,
                        0.6539994478225708,
                        -0.6375665664672852
                    ],
                    [
                        0.3790156841278076,
                        0.4217962324619293,
                        0.7711151242256165,
                        -0.6222472190856934
                    ],
                    [
                        0.3908907175064087,
                        0.39766234159469604,
                        0.7514878511428833,
                        -0.5640401244163513
                    ],
                    [
                        0.37939974665641785,
                        0.45697715878486633,
                        0.6797261238098145,
                        -0.5818652510643005
                    ],
                    [
                        0.40033650398254395,
                        0.46330028772354126,
                        0.7070932984352112,
                        -0.6019397974014282
                    ],
                    [
                        0.4853193759918213,
                        0.4214687943458557,
                        0.7279458045959473,
                        -0.7167091965675354
                    ],
                    [
                        0.4663604497909546,
                        0.462303102016449,
                        0.8406621813774109,
                        -0.6595474481582642
                    ],
                    [
                        0.4606466591358185,
                        0.37146633863449097,
                        0.6546604037284851,
                        -0.6849546432495117
                    ],
                    [
                        0.487393856048584,
                        0.5523118376731873,
                        0.6394345164299011,
                        -0.7344939708709717
                    ],
                    [
                        0.3949999213218689,
                        0.4558115005493164,
                        0.7539058923721313,
                        -0.7149888277053833
                    ],
                    [
                        0.2688244879245758,
                        0.42848509550094604,
                        0.8509764671325684,
                        -0.6920022368431091
                    ]
                ]
            ],
            "actions_pred": [
                [
                    [
                        0.4080018401145935,
                        0.49964839220046997,
                        0.4672453999519348,
                        0.5742509365081787,
                        0.5658872127532959,
                        0.4228579103946686,
                        0.42548489570617676,
                        0.5955910682678223,
                        0.6191750764846802,
                        0.4633868336677551,
