{
    "steps": [
        {
            "step": 0,
            "train_loss": 0.015734044834971428,
            "actions_pred1": [
                [
                    [
                        1.712998390197754,
                        1.6447643041610718,
                        2.9558346271514893,
                        -2.900278091430664
                    ],
                    [
                        0.752149224281311,
                        1.8298676013946533,
                        3.129732608795166,
                        -3.765371561050415
                    ],
                    [
                        0.744167685508728,
                        1.6705427169799805,
                        2.850771188735962,
                        -4.181162357330322
                    ],
                    [
                        0.9992784261703491,
                        1.5985281467437744,
                        2.6719799041748047,
                        -4.753900527954102
                    ],
                    [
                        1.1528908014297485,
                        1.7876901626586914,
                        2.642765760421753,
                        -4.759034156799316
                    ],
                    [
                        1.6738097667694092,
                        1.6590992212295532,
                        2.5254878997802734,
                        -5.246596336364746
                    ],
                    [
                        1.401414155960083,
                        1.2547346353530884,
                        2.3954718112945557,
                        -5.080578804016113
                    ],
                    [
                        1.3847708702087402,
                        1.2272236347198486,
                        2.437377691268921,
                        -5.054156303405762
                    ],
                    [
                        1.3876250982284546,
                        1.260387897491455,
                        2.4185950756073,
                        -4.898531913757324
                    ],
                    [
                        1.5178579092025757,
                        1.2155085802078247,
                        2.3976097106933594,
                        -5.037669658660889
                    ],
                    [
                        1.565094232559204,
                        1.3586533069610596,
                        2.6816272735595703,
                        -5.110820770263672
                    ],
                    [
                        1.799673080444336,
                        1.0260100364685059,
                        2.732973098754883,
                        -5.405675888061523
                    ],
                    [
                        1.6104782819747925,
                        0.7857968807220459,
                        2.7590346336364746,
                        -5.117356777191162
                    ],
                    [
                        1.6779893636703491,
                        0.9963229894638062,
                        2.8027079105377197,
                        -5.358954429626465
                    ],
                    [
                        1.8324140310287476,
                        1.032162070274353,
                        2.670886516571045,
                        -5.235853672027588
                    ],
                    [
                        2.027324676513672,
                        1.0426586866378784,
                        2.497836112976074,
                        -5.196026802062988
                    ],
                    [
                        2.2679412364959717,
                        0.9979206919670105,
                        2.7359321117401123,
                        -5.421234130859375
                    ],
                    [
                        2.4356682300567627,
                        1.3774760961532593,
                        2.8278636932373047,
                        -5.740647792816162
                    ],
                    [
                        2.2647156715393066,
                        1.2971985340118408,
                        2.702291965484619,
                        -5.6002068519592285
                    ],
                    [
                        2.350419044494629,
                        1.371347188949585,
                        2.7419357299804688,
                        -5.49742317199707
                    ]
                ]
            ],
            "actions_pred": [
                [
                    [
                        1.712998390197754,
                        0.752149224281311,
                        0.744167685508728,
                        0.9992784261703491,
                        1.1528908014297485,
                        1.6738097667694092,
                        1.401414155960083,
                        1.3847708702087402,
                        1.3876250982284546,
                        1.5178579092025757,
                        1.565094232559204,
                        1.799673080444336,
                        1.6104782819747925,
                        1.6779893636703491,
                        1.8324140310287476,
                        2.027324676513672,
                        2.2679412364959717,
                        2.4356682300567627,
                        2.2647156715393066,
                        2.350419044494629
                    ],
                    [
                        1.6447643041610718,
                        1.8298676013946533,
                        1.6705427169799805,
                        1.5985281467437744,
                        1.7876901626586914,
                        1.6590992212295532,
                        1.2547346353530884,
                        1.2272236347198486,
                        1.260387897491455,
                        1.2155085802078247,
                        1.3586533069610596,
                        1.0260100364685059,
                        0.7857968807220459,
                        0.9963229894638062,
                        1.032162070274353,
                        1.0426586866378784,
                        0.9979206919670105,
                        1.3774760961532593,
                        1.2971985340118408,
                        1.371347188949585
                    ],
                    [
                        2.9558346271514893,
                        3.129732608795166,
                        2.850771188735962,
                        2.6719799041748047,
                        2.642765760421753,
                        2.5254878997802734,
                        2.3954718112945557,
                        2.437377691268921,
                        2.4185950756073,
                        2.3976097106933594,
                        2.6816272735595703,
                        2.732973098754883,
                        2.7590346336364746,
                        2.8027079105377197,
                        2.670886516571045,
                        2.497836112976074,
                        2.7359321117401123,
                        2.8278636932373047,
                        2.702291965484619,
                        2.7419357299804688
                    ],
                    [
                        -2.900278091430664,
                        -3.765371561050415,
                        -4.181162357330322,
                        -4.753900527954102,
                        -4.759034156799316,
                        -5.246596336364746,
                        -5.080578804016113,
                        -5.054156303405762,
                        -4.898531913757324,
                        -5.037669658660889,
                        -5.110820770263672,
                        -5.405675888061523,
                        -5.117356777191162,
                        -5.358954429626465,
                        -5.235853672027588,
                        -5.196026802062988,
                        -5.421234130859375,
                        -5.740647792816162,
                        -5.6002068519592285,
                        -5.49742317199707
                    ]
                ]
            ],
            "states": [
                [
                    [
                        5466200.0,
                        1.129001520894235e-05,
                        0.0002789112040773034,
                        818770.4375
                    ],
                    [
                        5612448.0,
                        1.1129687663924415e-05,
                        0.00025781430304050446,
                        898413.75
                    ],
                    [
                        5046280.0,
                        1.0979628314089496e-05,
                        0.0002818313369061798,
                        909004.75
                    ],
                    [
                        5249000.0,
                        1.0838540219992865e-05,
                        0.00027022496215067804,
                        810422.3125
                    ],
                    [
                        5515432.0,
                        1.0694837328628637e-05,
                        0.00027221045456826687,
                        891063.1875
                    ],
                    [
                        5182392.0,
                        1.0555714652582537e-05,
                        0.0002733847650233656,
                        862686.6875
                    ],
                    [
                        5021664.0,
                        1.0426368135085795e-05,
                        0.00026607781182974577,
                        893778.125
                    ],
                    [
                        5292440.0,
                        1.0298814231646247e-05,
                        0.00028466759249567986,
                        852371.5625
                    ],
                    [
                        5366288.0,
                        1.0170228961214889e-05,
                        0.0002693114511203021,
                        775255.625
                    ],
                    [
                        5483576.0,
                        1.0042614121630322e-05,
                        0.0002695369767025113,
                        802315.875
                    ],
                    [
                        5369184.0,
                        9.918102477968205e-06,
                        0.00026757299201563,
                        854250.0
                    ],
                    [
                        5670368.0,
                        9.794596735446248e-06,
                        0.0002770914288703352,
                        851009.75
                    ],
                    [
                        5537152.0,
                        9.67230062087765e-06,
                        0.0002540841815061867,
                        843244.5625
                    ],
                    [
                        5557424.0,
                        9.554213647788856e-06,
                        0.0002650599053595215,
                        914621.5625
                    ],
                    [
                        5403936.0,
                        9.440349458600394e-06,
                        0.00027801760006695986,
                        829670.8125
                    ],
                    [
                        5246104.0,
                        9.332287845609244e-06,
                        0.0002704633225221187,
                        839801.4375
                    ],
                    [
                        5603760.0,
                        9.224719178746454e-06,
                        0.0002756867033895105,
                        804814.3125
                    ],
                    [
                        5383664.0,
                        9.118263733398635e-06,
                        0.00025344316964037716,
                        920753.0625
                    ],
                    [
                        5525568.0,
                        8.914936188375577e-06,
                        0.000413205154472962,
                        941023.9375
                    ],
                    [
                        5521224.0,
                        8.814949069346767e-06,
                        0.00012937834253534675,
                        850908.25
                    ]
                ]
            ],
            "actions": [
                [
                    [
                        0.75
                    ],
                    [
                        0.75
                    ],
                    [
                        0.75
                    ],
                    [
                        0.75
                    ],
                    [
                        0.75
                    ],
                    [
                        0.75
                    ],
                    [
                        0.75
                    ],
                    [
                        0.75
                    ],
                    [
                        0.75
                    ],
                    [
                        0.75
                    ],
                    [
                        0.75
                    ],
                    [
                        0.75
                    ],
                    [
                        0.75
                    ],
                    [
                        0.75
                    ],
                    [
                        0.75
                    ],
                    [
                        0.75
                    ],
                    [
                        0.75
                    ],
                    [
                        0.75
                    ],
                    [
                        0.75
                    ],
                    [
                        0.75
                    ]
                ]
            ],
            "returns": [
                [
                    [
                        0.5242103934288025
                    ],
                    [
                        0.5232749581336975
                    ],
                    [
                        0.5223371386528015
                    ],
                    [
                        0.5214087963104248
                    ],
                    [
                        0.5204769372940063
                    ],
                    [
                        0.5195406675338745
                    ],
                    [
                        0.5186099410057068
                    ],
                    [
                        0.5176820158958435
                    ],
                    [
                        0.5167494416236877
                    ],
                    [
                        0.5158156156539917
                    ],
                    [
                        0.5148798823356628
                    ],
                    [
                        0.513945996761322
                    ],
                    [
                        0.5130072832107544
                    ],
                    [
                        0.5120707154273987
                    ],
                    [
                        0.5111337900161743
                    ],
                    [
                        0.5101993083953857
                    ],
                    [
                        0.5092675089836121
                    ],
                    [
                        0.5083298683166504
                    ],
                    [
                        0.5073957443237305
                    ],
                    [
                        0.5064593553543091
                    ]
                ]
            ],
            "timesteps": [
                [
                    60,
                    61,
                    62,
                    63,
                    64,
                    65,
                    66,
                    67,
                    68,
                    69,
                    70,
                    71,
                    72,
                    73,
                    74,
                    75,
                    76,
                    77,
                    78,
                    79
                ]
            ],
            "labels": [
                [
                    2,
                    2,
                    2,
                    2,
                    2,
                    2,
                    2,
                    2,
                    2,
                    2,
                    2,
                    2,
                    2,
                    2,
                    2,
                    2,
                    2,
                    2,
                    2,
                    2
                ]
            ],
            "CPU Usage": 45.8,
            "RAM Usage": 55.0,
            "GPU Usage": 0.0,
            "VRAM Usage": 356.0,
            "Disk Read Speed (MB/s)": 206646.7138671875,
            "Disk Write Speed (MB/s)": 419158.6142578125
        },
        {
            "step": 1,
            "train_loss": 0.00199318490922451,
            "actions_pred1": [
                [
                    [
                        -0.43320053815841675,
                        3.272143840789795,
                        -0.06678736209869385,
                        -5.853353977203369
                    ],
                    [
                        -0.09726586937904358,
                        3.6425552368164062,
                        -0.4160539507865906,
                        -5.311968803405762
                    ],
                    [
                        -0.23024982213974,
                        3.6390271186828613,
                        -0.9171155095100403,
                        -5.468259334564209
                    ],
                    [
                        -0.23800623416900635,
                        3.6819570064544678,
                        -0.863273024559021,
                        -5.703841686248779
                    ],
                    [
                        -0.14379772543907166,
                        3.68263840675354,
                        -1.3945033550262451,
                        -6.010290145874023
                    ],
                    [
                        0.3592117428779602,
                        3.8577728271484375,
                        -1.1098426580429077,
                        -6.270053386688232
                    ],
                    [
                        0.6254233121871948,
                        4.021990776062012,
                        -1.1795727014541626,
                        -6.4427409172058105
                    ],
                    [
                        0.9530918002128601,
                        4.06086540222168,
                        -1.0663671493530273,
                        -6.155298233032227
                    ],
                    [
                        1.179187536239624,
                        3.938736915588379,
                        -0.9219996929168701,
                        -6.531316757202148
                    ],
                    [
                        1.224130392074585,
                        3.786691665649414,
                        -0.8520770072937012,
                        -6.577820301055908
                    ],
                    [
                        1.2875220775604248,
                        3.8536014556884766,
                        -0.8974073529243469,
                        -6.791958332061768
                    ],
                    [
                        1.2354727983474731,
                        3.8659703731536865,
                        -1.036797046661377,
                        -6.8858537673950195
                    ],
                    [
                        1.141435146331787,
                        3.938126564025879,
                        -1.0345380306243896,
                        -6.8570556640625
                    ],
                    [
                        1.0952812433242798,
                        3.958045721054077,
                        -0.9306585192680359,
                        -6.831811428070068
                    ],
                    [
                        1.1556668281555176,
                        3.9851534366607666,
                        -0.9864029884338379,
                        -6.970071792602539
                    ],
                    [
                        1.3212810754776,
                        4.021430969238281,
                        -1.0274654626846313,
                        -7.192627429962158
                    ],
                    [
                        1.4235585927963257,
                        3.9677274227142334,
                        -0.9995722770690918,
                        -7.128474235534668
                    ],
                    [
                        1.516972541809082,
                        3.8992981910705566,
                        -1.0621156692504883,
                        -7.148027420043945
                    ],
                    [
                        1.5182580947875977,
                        3.815200090408325,
                        -0.9924050569534302,
                        -7.0730719566345215
                    ],
                    [
                        1.569596529006958,
                        3.792306661605835,
                        -1.0454339981079102,
                        -7.059032440185547
                    ]
                ]
            ],
            "actions_pred": [
                [
                    [
                        -0.43320053815841675,
                        -0.09726586937904358,
                        -0.23024982213974,
                        -0.23800623416900635,
                        -0.14379772543907166,
                        0.3592117428779602,
                        0.6254233121871948,
                        0.9530918002128601,
                        1.179187536239624,
                        1.224130392074585,
                        1.2875220775604248,
                        1.2354727983474731,
                        1.141435146331787,
                        1.0952812433242798,
                        1.1556668281555176,
                        1.3212810754776,
                        1.4235585927963257,
                        1.516972541809082,
                        1.5182580947875977,
                        1.569596529006958
                    ],
                    [
                        3.272143840789795,
                        3.6425552368164062,
                        3.6390271186828613,
                        3.6819570064544678,
                        3.68263840675354,
                        3.8577728271484375,
                        4.021990776062012,
                        4.06086540222168,
                        3.938736915588379,
                        3.786691665649414,
                        3.8536014556884766,
                        3.8659703731536865,
                        3.938126564025879,
                        3.958045721054077,
                        3.9851534366607666,
                        4.021430969238281,
                        3.9677274227142334,
                        3.8992981910705566,
                        3.815200090408325,
                        3.792306661605835
                    ],
                    [
                        -0.06678736209869385,
                        -0.4160539507865906,
                        -0.9171155095100403,
                        -0.863273024559021,
                        -1.3945033550262451,
                        -1.1098426580429077,
                        -1.1795727014541626,
                        -1.0663671493530273,
                        -0.9219996929168701,
                        -0.8520770072937012,
                        -0.8974073529243469,
                        -1.036797046661377,
                        -1.0345380306243896,
                        -0.9306585192680359,
                        -0.9864029884338379,
                        -1.0274654626846313,
                        -0.9995722770690918,
                        -1.0621156692504883,
                        -0.9924050569534302,
                        -1.0454339981079102
                    ],
                    [
                        -5.853353977203369,
                        -5.311968803405762,
                        -5.468259334564209,
                        -5.703841686248779,
                        -6.010290145874023,
                        -6.270053386688232,
                        -6.4427409172058105,
                        -6.155298233032227,
                        -6.531316757202148,
                        -6.577820301055908,
                        -6.791958332061768,
                        -6.8858537673950195,
                        -6.8570556640625,
                        -6.831811428070068,
                        -6.970071792602539,
                        -7.192627429962158,
                        -7.128474235534668,
                        -7.148027420043945,
                        -7.0730719566345215,
                        -7.059032440185547
                    ]
                ]
            ],
            "states": [
                [
                    [
                        6630392.0,
                        1.589785097166896e-05,
                        0.0030998915899544954,
                        575874.875
                    ],
                    [
                        6756368.0,
                        1.5517740393988788e-05,
                        0.00046779168769717216,
                        548346.8125
                    ],
                    [
                        6252464.0,
                        1.5165252079896163e-05,
                        0.0003139808541163802,
                        592422.1875
                    ],
                    [
                        6275632.0,
                        1.4840703443042003e-05,
                        0.0002766261750366539,
                        580548.75
                    ],
                    [
                        5845576.0,
                        1.4539574294758495e-05,
                        0.00026207882910966873,
                        570513.0
                    ],
                    [
                        6198888.0,
                        1.4252340406528674e-05,
                        0.00027697221958078444,
                        604356.0
                    ],
                    [
                        4525000.0,
                        1.4005720004206523e-05,
                        0.00037561735371127725,
                        519198.90625
                    ],
                    [
                        4878312.0,
                        1.3796614439343102e-05,
                        0.000348972505889833,
                        533459.0
                    ],
                    [
                        4776952.0,
                        1.3588255569629837e-05,
                        0.000344088242854923,
                        588163.3125
                    ],
                    [
                        4878312.0,
                        1.3386117643676698e-05,
                        0.00030916635296307504,
                        571568.5625
                    ],
                    [
                        4407712.0,
                        1.3197249245422427e-05,
                        0.00029186115716584027,
                        549308.25
                    ],
                    [
                        4623464.0,
                        1.3018668141739909e-05,
                        0.00031188191496767104,
                        567697.8125
                    ],
                    [
                        5241760.0,
                        1.2829074876208324e-05,
                        0.0003927450452465564,
                        616835.375
                    ],
                    [
                        4287528.0,
                        1.2650972166738939e-05,
                        0.00034627493005245924,
                        586416.5625
                    ],
                    [
                        4679936.0,
                        1.248793432750972e-05,
                        0.00028098482289351523,
                        591184.1875
                    ],
                    [
                        4293320.0,
                        1.2328885532042477e-05,
                        0.0002829945588018745,
                        595186.25
                    ],
                    [
                        2884416.0,
                        1.2204491213196889e-05,
                        0.00027779326774179935,
                        581960.9375
                    ],
                    [
                        4042816.0,
                        1.2086934475519229e-05,
                        0.00029917724896222353,
                        651221.5
                    ],
                    [
                        4267256.0,
                        1.1948805877182167e-05,
                        0.00037997434264980257,
                        587955.875
                    ],
                    [
                        4659664.0,
                        1.1803908819274511e-05,
                        0.00029415389872156084,
                        593533.5625
                    ]
                ]
            ],
            "actions": [
                [
                    [
                        0.5
                    ],
                    [
                        0.5
                    ],
                    [
                        0.5
                    ],
                    [
                        0.5
                    ],
                    [
                        0.5
                    ],
                    [
                        0.5
                    ],
                    [
                        0.5
                    ],
                    [
                        0.5
                    ],
                    [
                        0.5
                    ],
                    [
                        0.5
                    ],
                    [
                        0.5
                    ],
                    [
                        0.5
                    ],
                    [
                        0.5
                    ],
                    [
                        0.5
                    ],
                    [
                        0.5
                    ],
                    [
                        0.5
                    ],
                    [
                        0.5
                    ],
                    [
                        0.5
                    ],
                    [
                        0.5
                    ],
                    [
                        0.5
                    ]
                ]
            ],
            "returns": [
                [
                    [
                        0.4322150647640228
                    ],
                    [
                        0.4312624931335449
                    ],
                    [
                        0.4303082525730133
                    ],
                    [
                        0.42936089634895325
                    ],
                    [
                        0.42841318249702454
                    ],
                    [
                        0.427471786737442
                    ],
                    [
                        0.42652517557144165
                    ],
                    [
                        0.42560648918151855
                    ],
                    [
                        0.4246810972690582
                    ],
                    [
                        0.4237576127052307
                    ],
                    [
                        0.4228322505950928
                    ],
                    [
                        0.42191585898399353
                    ],
                    [
                        0.4209952652454376
                    ],
                    [
                        0.4200635254383087
                    ],
                    [
                        0.41914960741996765
                    ],
                    [
                        0.4182279109954834
                    ],
                    [
                        0.4173138737678528
                    ],
                    [
                        0.4164350926876068
                    ],
                    [
                        0.4155263900756836
                    ],
                    [
                        0.41461288928985596
                    ]
                ]
            ],
            "timesteps": [
                [
                    160,
                    161,
                    162,
                    163,
                    164,
                    165,
                    166,
                    167,
                    168,
                    169,
                    170,
                    171,
                    172,
                    173,
                    174,
                    175,
                    176,
                    177,
                    178,
                    179
                ]
            ],
            "labels": [
                [
                    1,
                    1,
                    1,
                    1,
                    1,
                    1,
                    1,
                    1,
                    1,
                    1,
                    1,
                    1,
                    1,
                    1,
                    1,
                    1,
                    1,
                    1,
                    1,
                    1
                ]
            ],
            "CPU Usage": 46.7,
            "RAM Usage": 55.1,
            "GPU Usage": 0.0,
            "VRAM Usage": 356.0,
            "Disk Read Speed (MB/s)": 206646.7138671875,
            "Disk Write Speed (MB/s)": 419158.6611328125
        },
        {
            "step": 2,
            "train_loss": 0.019883032888174057,
            "actions_pred1": [
                [
                    [
                        0.7876585125923157,
                        0.2658121585845947,
                        2.362412452697754,
                        -4.058996200561523
                    ],
                    [
                        0.8782773613929749,
                        0.2881796360015869,
                        1.9557114839553833,
                        -4.326676845550537
                    ],
                    [
                        1.1572331190109253,
                        0.6310505867004395,
                        1.8749157190322876,
                        -4.564525604248047
                    ],
                    [
                        1.2464231252670288,
                        0.6040199995040894,
                        1.873469591140747,
                        -4.456063270568848
                    ],
                    [
                        1.1727254390716553,
                        0.8836603760719299,
                        1.9689475297927856,
                        -4.29812479019165
                    ],
                    [
                        1.3424677848815918,
                        1.1672697067260742,
                        1.867208480834961,
                        -4.642621994018555
                    ],
                    [
                        1.7203056812286377,
                        1.3601043224334717,
                        1.857164978981018,
                        -4.802976608276367
                    ],
                    [
                        2.1486363410949707,
                        1.4877368211746216,
                        1.9562565088272095,
                        -4.971477508544922
                    ],
                    [
                        2.1039931774139404,
                        1.4097819328308105,
                        1.9907002449035645,
                        -5.1125006675720215
                    ],
                    [
                        2.102548837661743,
                        1.422605276107788,
                        1.957784652709961,
                        -5.034537315368652
                    ],
                    [
                        2.137584686279297,
                        1.3681731224060059,
                        1.8109400272369385,
                        -4.882377624511719
                    ],
                    [
                        2.17832612991333,
                        1.1536610126495361,
                        1.7776724100112915,
                        -4.968138694763184
                    ],
                    [
                        2.6351327896118164,
                        1.0436187982559204,
                        1.6930252313613892,
                        -5.228997230529785
                    ],
                    [
                        2.6623668670654297,
                        1.192460298538208,
                        1.633671522140503,
                        -5.184515953063965
                    ],
                    [
                        2.850348472595215,
                        1.1205636262893677,
                        1.6273778676986694,
                        -5.139289379119873
                    ],
                    [
                        2.8765883445739746,
                        1.1234850883483887,
                        1.6825761795043945,
                        -5.161839962005615
                    ],
                    [
                        2.6644434928894043,
                        1.0515624284744263,
                        1.5021775960922241,
                        -4.866811752319336
                    ],
                    [
                        2.7152185440063477,
                        1.0270955562591553,
                        1.5837867259979248,
                        -5.034892559051514
                    ],
                    [
                        2.681931495666504,
                        0.9938924312591553,
                        1.619295597076416,
                        -5.00273323059082
                    ],
                    [
                        2.7717273235321045,
                        1.093780279159546,
                        1.5899664163589478,
                        -5.110942840576172
                    ]
                ]
            ],
            "actions_pred": [
                [
                    [
                        0.7876585125923157,
                        0.8782773613929749,
                        1.1572331190109253,
                        1.2464231252670288,
                        1.1727254390716553,
                        1.3424677848815918,
                        1.7203056812286377,
                        2.1486363410949707,
                        2.1039931774139404,
                        2.102548837661743,
                        2.137584686279297,
                        2.17832612991333,
                        2.6351327896118164,
                        2.6623668670654297,
                        2.850348472595215,
                        2.8765883445739746,
