{
    "steps": [
        {
            "step": 0,
            "train_loss": 0.044707246124744415,
            "actions_pred1": [
                [
                    [
                        0.4992635250091553,
                        0.5848045349121094,
                        1.8757818937301636,
                        -2.080533266067505
                    ],
                    [
                        0.4770682156085968,
                        0.5520876049995422,
                        1.9511244297027588,
                        -2.09816837310791
                    ],
                    [
                        0.42524170875549316,
                        0.718166708946228,
                        1.8341020345687866,
                        -2.2234368324279785
                    ],
                    [
                        0.24850411713123322,
                        0.8391599655151367,
                        1.9145102500915527,
                        -2.3814008235931396
                    ],
                    [
                        0.3411286473274231,
                        1.0440787076950073,
                        1.8397564888000488,
                        -2.3457913398742676
                    ],
                    [
                        0.47458669543266296,
                        0.8356081247329712,
                        1.5766531229019165,
                        -2.3429133892059326
                    ],
                    [
                        0.5147128105163574,
                        0.8561321496963501,
                        1.5239619016647339,
                        -2.3561153411865234
                    ],
                    [
                        0.4872649908065796,
                        1.0735043287277222,
                        1.6396379470825195,
                        -2.2681891918182373
                    ],
                    [
                        0.5704361796379089,
                        0.9879521727561951,
                        1.7717822790145874,
                        -2.3171908855438232
                    ],
                    [
                        0.6497412323951721,
                        0.9349096417427063,
                        1.6993054151535034,
                        -2.455306053161621
                    ],
                    [
                        0.6170552968978882,
                        0.933439314365387,
                        1.6760417222976685,
                        -2.502951145172119
                    ],
                    [
                        0.6153721213340759,
                        1.0200648307800293,
                        1.6763299703598022,
                        -2.595025062561035
                    ],
                    [
                        0.5549020171165466,
                        1.1215349435806274,
                        1.8213493824005127,
                        -2.722571849822998
                    ],
                    [
                        0.8298977017402649,
                        1.1757458448410034,
                        1.855316162109375,
                        -2.7627313137054443
                    ],
                    [
                        0.8394670486450195,
                        1.2436494827270508,
                        1.7940454483032227,
                        -2.7085213661193848
                    ],
                    [
                        0.8433657288551331,
                        1.1193727254867554,
                        1.8279386758804321,
                        -2.8115899562835693
                    ],
                    [
                        0.8174649477005005,
                        0.9191412329673767,
                        1.9223508834838867,
                        -2.7285592555999756
                    ],
                    [
                        0.834748387336731,
                        0.8686255216598511,
                        1.7992100715637207,
                        -2.5963945388793945
                    ],
                    [
                        0.7589132785797119,
                        0.9839869737625122,
                        1.9793531894683838,
                        -2.668172836303711
                    ],
                    [
                        0.8930323123931885,
                        0.9709699749946594,
                        2.0200235843658447,
                        -2.6567556858062744
                    ]
                ]
            ],
            "actions_pred": [
                [
                    [
                        0.4992635250091553,
                        0.4770682156085968,
                        0.42524170875549316,
                        0.24850411713123322,
                        0.3411286473274231,
                        0.47458669543266296,
                        0.5147128105163574,
                        0.4872649908065796,
                        0.5704361796379089,
                        0.6497412323951721,
                        0.6170552968978882,
                        0.6153721213340759,
                        0.5549020171165466,
                        0.8298977017402649,
                        0.8394670486450195,
                        0.8433657288551331,
                        0.8174649477005005,
                        0.834748387336731,
                        0.7589132785797119,
                        0.8930323123931885
                    ],
                    [
                        0.5848045349121094,
                        0.5520876049995422,
                        0.718166708946228,
                        0.8391599655151367,
                        1.0440787076950073,
                        0.8356081247329712,
                        0.8561321496963501,
                        1.0735043287277222,
                        0.9879521727561951,
                        0.9349096417427063,
                        0.933439314365387,
                        1.0200648307800293,
                        1.1215349435806274,
                        1.1757458448410034,
                        1.2436494827270508,
                        1.1193727254867554,
                        0.9191412329673767,
                        0.8686255216598511,
                        0.9839869737625122,
                        0.9709699749946594
                    ],
                    [
                        1.8757818937301636,
                        1.9511244297027588,
                        1.8341020345687866,
                        1.9145102500915527,
                        1.8397564888000488,
                        1.5766531229019165,
                        1.5239619016647339,
                        1.6396379470825195,
                        1.7717822790145874,
                        1.6993054151535034,
                        1.6760417222976685,
                        1.6763299703598022,
                        1.8213493824005127,
                        1.855316162109375,
                        1.7940454483032227,
                        1.8279386758804321,
                        1.9223508834838867,
                        1.7992100715637207,
                        1.9793531894683838,
                        2.0200235843658447
                    ],
                    [
                        -2.080533266067505,
                        -2.09816837310791,
                        -2.2234368324279785,
                        -2.3814008235931396,
                        -2.3457913398742676,
                        -2.3429133892059326,
                        -2.3561153411865234,
                        -2.2681891918182373,
                        -2.3171908855438232,
                        -2.455306053161621,
                        -2.502951145172119,
                        -2.595025062561035,
                        -2.722571849822998,
                        -2.7627313137054443,
                        -2.7085213661193848,
                        -2.8115899562835693,
                        -2.7285592555999756,
                        -2.5963945388793945,
                        -2.668172836303711,
                        -2.6567556858062744
                    ]
                ]
            ],
            "states": [
                [
                    [
                        5354704.0,
                        8.239823728217743e-06,
                        0.00025337765691801906,
                        501396.375
                    ],
                    [
                        6112008.0,
                        8.186386367015075e-06,
                        0.00023226119810715318,
                        493386.84375
                    ],
                    [
                        437474.0,
                        0.04059061408042908,
                        0.000310274597723037,
                        179519.703125
                    ],
                    [
                        742824.0,
                        0.00568061089143157,
                        0.00025462565827183425,
                        494869.5625
                    ],
                    [
                        1293064.0,
                        0.002463217591866851,
                        0.00027542549651116133,
                        568802.125
                    ],
                    [
                        2754096.0,
                        0.001175331766717136,
                        0.00025879128952510655,
                        506395.59375
                    ],
                    [
                        4959400.0,
                        0.0005831622984260321,
                        0.0002528103068470955,
                        510830.5
                    ],
                    [
                        7180632.0,
                        0.0003223789972253144,
                        0.00020026147831231356,
                        497092.78125
                    ],
                    [
                        10328584.0,
                        0.00019613979384303093,
                        0.00022364039614330977,
                        447740.25
                    ],
                    [
                        9514808.0,
                        0.00013474683510139585,
                        0.0002323320077266544,
                        458092.9375
                    ],
                    [
                        9614720.0,
                        0.00010378147271694615,
                        0.00023472661268897355,
                        451882.15625
                    ],
                    [
                        11055480.0,
                        8.32404475659132e-05,
                        0.00024062122975010425,
                        451078.96875
                    ],
                    [
                        10631216.0,
                        6.886368646519259e-05,
                        0.0001874879380920902,
                        454141.4375
                    ],
                    [
                        9736352.0,
                        5.92533870076295e-05,
                        0.00025532711879350245,
                        501440.96875
                    ],
                    [
                        5832544.0,
                        5.351470463210717e-05,
                        0.0002452299522701651,
                        514617.375
                    ],
                    [
                        4878312.0,
                        5.0193953939015046e-05,
                        0.00023082415282260627,
                        598373.25
                    ],
                    [
                        5687744.0,
                        4.730764703708701e-05,
                        0.00026125748991034925,
                        594833.125
                    ],
                    [
                        5154880.0,
                        4.466561586013995e-05,
                        0.00024003862927202135,
                        666985.1875
                    ],
                    [
                        5471992.0,
                        4.2350944568170235e-05,
                        0.00019315553072374314,
                        641558.875
                    ],
                    [
                        7102440.0,
                        3.9908583858050406e-05,
                        0.00022412248654291034,
                        477795.28125
                    ]
                ]
            ],
            "actions": [
                [
                    [
                        0.25
                    ],
                    [
                        0.25
                    ],
                    [
                        0.5
                    ],
                    [
                        0.5
                    ],
                    [
                        0.5
                    ],
                    [
                        0.5
                    ],
                    [
                        0.5
                    ],
                    [
                        0.5
                    ],
                    [
                        0.5
                    ],
                    [
                        0.5
                    ],
                    [
                        0.5
                    ],
                    [
                        0.5
                    ],
                    [
                        0.5
                    ],
                    [
                        0.5
                    ],
                    [
                        0.5
                    ],
                    [
                        0.5
                    ],
                    [
                        0.5
                    ],
                    [
                        0.5
                    ],
                    [
                        0.5
                    ],
                    [
                        0.5
                    ]
                ]
            ],
            "returns": [
                [
                    [
                        0.18974736332893372
                    ],
                    [
                        0.1888137310743332
                    ],
                    [
                        0.1878683865070343
                    ],
                    [
                        0.1871568113565445
                    ],
                    [
                        0.18639831244945526
                    ],
                    [
                        0.18559066951274872
                    ],
                    [
                        0.18471598625183105
                    ],
                    [
                        0.18378916382789612
                    ],
                    [
                        0.18282951414585114
                    ],
                    [
                        0.18183764815330505
                    ],
                    [
                        0.18085305392742157
                    ],
                    [
                        0.17986753582954407
                    ],
                    [
                        0.17886963486671448
                    ],
                    [
                        0.17787520587444305
                    ],
                    [
                        0.176888570189476
                    ],
                    [
                        0.17594735324382782
                    ],
                    [
                        0.17502199113368988
                    ],
                    [
                        0.17408300936222076
                    ],
                    [
                        0.17315275967121124
                    ],
                    [
                        0.1722172051668167
                    ]
                ]
            ],
            "timesteps": [
                [
                    420,
                    421,
                    422,
                    423,
                    424,
                    425,
                    426,
                    427,
                    428,
                    429,
                    430,
                    431,
                    432,
                    433,
                    434,
                    435,
                    436,
                    437,
                    438,
                    439
                ]
            ],
            "labels": [
                [
                    0,
                    0,
                    1,
                    1,
                    1,
                    1,
                    1,
                    1,
                    1,
                    1,
                    1,
                    1,
                    1,
                    1,
                    1,
                    1,
                    1,
                    1,
                    1,
                    1
                ]
            ],
            "CPU Usage": 45.4,
            "RAM Usage": 54.9,
            "GPU Usage": 0.0,
            "VRAM Usage": 356.0,
            "Disk Read Speed (MB/s)": 206640.3115234375,
            "Disk Write Speed (MB/s)": 405693.1923828125
        },
        {
            "step": 1,
            "train_loss": 0.024983834475278854,
            "actions_pred1": [
                [
                    [
                        0.022437684237957,
                        0.1891976296901703,
                        1.8112961053848267,
                        -2.227076530456543
                    ],
                    [
                        0.11343681812286377,
                        0.24907246232032776,
                        1.669474482536316,
                        -2.327061891555786
                    ],
                    [
                        0.23405882716178894,
                        0.46927496790885925,
                        1.6344568729400635,
                        -2.386721134185791
                    ],
                    [
                        0.25472092628479004,
                        0.4519733786582947,
                        1.603874921798706,
                        -2.349038600921631
                    ],
                    [
                        0.13316884636878967,
                        0.6537216305732727,
                        1.7117923498153687,
                        -2.2905688285827637
                    ],
                    [
                        0.09366977214813232,
                        0.7643979787826538,
                        1.695232629776001,
                        -2.4175567626953125
                    ],
                    [
                        0.41276121139526367,
                        0.7618495225906372,
                        1.7187409400939941,
                        -2.4585354328155518
                    ],
                    [
                        0.6134901642799377,
                        0.7963695526123047,
                        1.7028429508209229,
                        -2.348845958709717
                    ],
                    [
                        0.6295623779296875,
                        0.7468743920326233,
                        1.6972852945327759,
                        -2.351783275604248
                    ],
                    [
                        0.6207435131072998,
                        0.777578592300415,
                        1.6899328231811523,
                        -2.4117472171783447
                    ],
                    [
                        0.628294825553894,
                        0.7558810114860535,
                        1.599487543106079,
                        -2.288950204849243
                    ],
                    [
                        0.6603974103927612,
                        0.7115537524223328,
                        1.5539917945861816,
                        -2.4016969203948975
                    ],
                    [
                        0.9656785130500793,
                        0.7649080157279968,
                        1.5810129642486572,
                        -2.648712396621704
                    ],
                    [
                        0.9944998025894165,
                        0.7590936422348022,
                        1.4736067056655884,
                        -2.402353525161743
                    ],
                    [
                        1.0941033363342285,
                        0.7131556272506714,
                        1.428745985031128,
                        -2.3132710456848145
                    ],
                    [
                        1.0375398397445679,
                        0.677808403968811,
                        1.4705896377563477,
                        -2.3942370414733887
                    ],
                    [
                        0.8773882389068604,
                        0.6565308570861816,
                        1.3895859718322754,
                        -2.315812110900879
                    ],
                    [
                        0.8831221461296082,
                        0.6607234477996826,
                        1.4529626369476318,
                        -2.439889669418335
                    ],
                    [
                        0.8848646879196167,
                        0.6880881190299988,
                        1.5119823217391968,
                        -2.378288507461548
                    ],
                    [
                        0.8817909955978394,
                        0.7095044255256653,
                        1.432915210723877,
                        -2.4497666358947754
                    ]
                ]
            ],
            "actions_pred": [
                [
                    [
                        0.022437684237957,
                        0.11343681812286377,
                        0.23405882716178894,
                        0.25472092628479004,
                        0.13316884636878967,
                        0.09366977214813232,
                        0.41276121139526367,
                        0.6134901642799377,
                        0.6295623779296875,
                        0.6207435131072998,
                        0.628294825553894,
                        0.6603974103927612,
                        0.9656785130500793,
                        0.9944998025894165,
                        1.0941033363342285,
                        1.0375398397445679,
                        0.8773882389068604,
                        0.8831221461296082,
                        0.8848646879196167,
                        0.8817909955978394
                    ],
                    [
                        0.1891976296901703,
                        0.24907246232032776,
                        0.46927496790885925,
                        0.4519733786582947,
                        0.6537216305732727,
                        0.7643979787826538,
                        0.7618495225906372,
                        0.7963695526123047,
                        0.7468743920326233,
                        0.777578592300415,
                        0.7558810114860535,
                        0.7115537524223328,
                        0.7649080157279968,
                        0.7590936422348022,
                        0.7131556272506714,
                        0.677808403968811,
                        0.6565308570861816,
                        0.6607234477996826,
                        0.6880881190299988,
                        0.7095044255256653
                    ],
                    [
                        1.8112961053848267,
                        1.669474482536316,
                        1.6344568729400635,
                        1.603874921798706,
                        1.7117923498153687,
                        1.695232629776001,
                        1.7187409400939941,
                        1.7028429508209229,
                        1.6972852945327759,
                        1.6899328231811523,
                        1.599487543106079,
                        1.5539917945861816,
                        1.5810129642486572,
                        1.4736067056655884,
                        1.428745985031128,
                        1.4705896377563477,
                        1.3895859718322754,
                        1.4529626369476318,
                        1.5119823217391968,
                        1.432915210723877
                    ],
                    [
                        -2.227076530456543,
                        -2.327061891555786,
                        -2.386721134185791,
                        -2.349038600921631,
                        -2.2905688285827637,
                        -2.4175567626953125,
                        -2.4585354328155518,
                        -2.348845958709717,
                        -2.351783275604248,
                        -2.4117472171783447,
                        -2.288950204849243,
                        -2.4016969203948975,
                        -2.648712396621704,
                        -2.402353525161743,
                        -2.3132710456848145,
                        -2.3942370414733887,
                        -2.315812110900879,
                        -2.439889669418335,
                        -2.378288507461548,
                        -2.4497666358947754
                    ]
                ]
            ],
            "states": [
                [
                    [
                        5527016.0,
                        1.5349276509368792e-05,
                        0.0002737951872404665,
                        805844.5
                    ],
                    [
                        5095512.0,
                        1.517824421171099e-05,
                        0.0002537628752179444,
                        822709.0625
                    ],
                    [
                        5057864.0,
                        1.501830956840422e-05,
                        0.0002845273702405393,
                        817377.8125
                    ],
                    [
                        5703672.0,
                        1.4852455933578312e-05,
                        0.00027429292094893754,
                        848477.75
                    ],
                    [
                        5414072.0,
                        1.4684866982861422e-05,
                        0.0002784566895570606,
                        829260.1875
                    ],
                    [
                        5337328.0,
                        1.452638753107749e-05,
                        0.00027366288122721016,
                        838067.9375
                    ],
                    [
                        5141848.0,
                        1.4375169484992512e-05,
                        0.0002617421268951148,
                        823064.0
                    ],
                    [
                        5211352.0,
                        1.422882269253023e-05,
                        0.000270931632257998,
                        844933.9375
                    ],
                    [
                        5386560.0,
                        1.4082077541388571e-05,
                        0.00027350522577762604,
                        861893.1875
                    ],
                    [
                        5118680.0,
                        1.3939571545051876e-05,
                        0.0002609447401482612,
                        831639.4375
                    ],
                    [
                        5401040.0,
                        1.3799754015053622e-05,
                        0.0002695223083719611,
                        814358.625
                    ],
                    [
                        5211352.0,
                        1.3661498996953014e-05,
                        0.00026009109569713473,
                        868776.75
                    ],
                    [
                        142.0,
                        0.21944443881511688,
                        0.00015429843915626407,
                        853.0870361328125
                    ],
                    [
                        4879797.0,
                        0.008871808648109436,
                        0.0001451207062928006,
                        568995.3125
                    ],
                    [
                        6620256.0,
                        0.0009351735934615135,
                        0.00015239168715197593,
                        450753.09375
                    ],
                    [
                        9419240.0,
                        0.00045934959780424833,
                        0.0001363051705993712,
                        480722.0
                    ],
                    [
                        9852192.0,
                        0.0002833923790603876,
                        0.0001300903531955555,
                        459858.53125
                    ],
                    [
                        9448200.0,
                        0.0002050806797342375,
                        0.026162419468164444,
                        444324.5625
                    ],
                    [
                        10519720.0,
                        0.00015983681078068912,
                        0.00028762174770236015,
                        442793.625
                    ],
                    [
                        11032312.0,
                        0.00012905527546536177,
                        0.00021737493807449937,
                        442420.15625
                    ]
                ]
            ],
            "actions": [
                [
                    [
                        0.75
                    ],
                    [
                        0.75
                    ],
                    [
                        0.75
                    ],
                    [
                        0.75
                    ],
                    [
                        0.75
                    ],
                    [
                        0.75
                    ],
                    [
                        0.75
                    ],
                    [
                        0.75
                    ],
                    [
                        0.75
                    ],
                    [
                        0.75
                    ],
                    [
                        0.75
                    ],
                    [
                        0.75
                    ],
                    [
                        0.25
                    ],
                    [
                        0.25
                    ],
                    [
                        0.25
                    ],
                    [
                        0.25
                    ],
                    [
                        0.25
                    ],
                    [
                        0.25
                    ],
                    [
                        0.25
                    ],
                    [
                        0.25
                    ]
                ]
            ],
            "returns": [
                [
                    [
                        0.30454936623573303
                    ],
                    [
                        0.30361291766166687
                    ],
                    [
                        0.3026837110519409
                    ],
                    [
                        0.3017551302909851
                    ],
                    [
                        0.3008159101009369
                    ],
                    [
                        0.29988130927085876
                    ],
                    [
                        0.2989479601383209
                    ],
                    [
                        0.2980179190635681
                    ],
                    [
                        0.2970867156982422
                    ],
                    [
                        0.2961525619029999
                    ],
                    [
                        0.2952229082584381
                    ],
                    [
                        0.2942885160446167
                    ],
                    [
                        0.29335731267929077
                    ],
                    [
                        0.29335731267929077
                    ],
                    [
                        0.29243192076683044
                    ],
                    [
                        0.2914794683456421
                    ],
                    [
                        0.29049578309059143
                    ],
                    [
                        0.2895081043243408
                    ],
                    [
                        0.2885241210460663
                    ],
                    [
                        0.2875306308269501
                    ]
                ]
            ],
            "timesteps": [
                [
                    300,
                    301,
                    302,
                    303,
                    304,
                    305,
                    306,
                    307,
                    308,
                    309,
                    310,
                    311,
                    312,
                    313,
                    314,
                    315,
                    316,
                    317,
                    318,
                    319
                ]
            ],
            "labels": [
                [
                    2,
                    2,
                    2,
                    2,
                    2,
                    2,
                    2,
                    2,
                    2,
                    2,
                    2,
                    2,
                    0,
                    0,
                    0,
                    0,
                    0,
                    0,
                    0,
                    0
                ]
            ],
            "CPU Usage": 46.8,
            "RAM Usage": 55.0,
            "GPU Usage": 0.0,
            "VRAM Usage": 356.0,
            "Disk Read Speed (MB/s)": 206640.3115234375,
            "Disk Write Speed (MB/s)": 405693.2392578125
        },
        {
            "step": 2,
            "train_loss": 0.03517688438296318,
            "actions_pred1": [
                [
                    [
                        0.6654030680656433,
                        0.6107600927352905,
                        1.0746877193450928,
                        -2.0802860260009766
                    ],
                    [
                        0.5720789432525635,
                        0.8062591552734375,
                        1.3810231685638428,
                        -1.8430331945419312
                    ],
                    [
                        0.57030189037323,
                        1.126997709274292,
                        1.387483835220337,
                        -2.017765522003174
                    ],
                    [
                        0.5717256665229797,
                        1.1994380950927734,
                        1.4649579524993896,
                        -2.14443302154541
                    ],
                    [
                        0.6634750366210938,
                        1.2667551040649414,
                        1.4901039600372314,
                        -2.2811994552612305
                    ],
                    [
                        0.731451153755188,
                        1.1605043411254883,
                        1.3859783411026,
                        -2.4057974815368652
                    ],
                    [
                        0.8175749182701111,
                        1.3083115816116333,
                        1.5187830924987793,
                        -2.61763858795166
                    ],
                    [
                        0.8582860827445984,
                        1.3121337890625,
                        1.4196970462799072,
                        -2.550445318222046
                    ],
                    [
                        0.7207274436950684,
                        1.2113860845565796,
                        1.4568791389465332,
                        -2.5954627990722656
                    ],
                    [
                        0.7344969511032104,
                        1.2684131860733032,
                        1.4688552618026733,
                        -2.6082143783569336
                    ],
                    [
                        0.6661359071731567,
                        1.104487419128418,
                        1.5745534896850586,
                        -2.813793659210205
                    ],
                    [
                        0.6011650562286377,
                        1.1332836151123047,
                        1.5549919605255127,
                        -3.0769524574279785
                    ],
                    [
                        0.6034194231033325,
                        1.193716049194336,
                        1.5787330865859985,
                        -3.0657076835632324
                    ],
                    [
                        0.5945025682449341,
                        1.2387664318084717,
                        1.570361614227295,
                        -2.9079082012176514
                    ],
                    [
                        0.49858736991882324,
                        1.1489336490631104,
                        1.7009239196777344,
                        -3.4629645347595215
                    ],
                    [
                        0.7426132559776306,
                        1.0975263118743896,
                        1.6636285781860352,
                        -3.473954916000366
                    ],
                    [
                        0.6849889755249023,
                        1.1868462562561035,
                        1.741001009941101,
                        -3.514068841934204
                    ],
                    [
                        0.7364393472671509,
                        1.2898342609405518,
                        1.48605215549469,
                        -3.172332286834717
                    ],
                    [
                        0.7915009260177612,
                        1.29345703125,
                        1.734426736831665,
                        -3.333425283432007
                    ],
                    [
                        0.8154898881912231,
                        1.3016093969345093,
                        1.7379982471466064,
                        -3.369843006134033
                    ]
                ]
            ],
            "actions_pred": [
                [
                    [
                        0.6654030680656433,
                        0.5720789432525635,
                        0.57030189037323,
                        0.5717256665229797,
                        0.6634750366210938,
                        0.731451153755188,
                        0.8175749182701111,
                        0.8582860827445984,
                        0.7207274436950684,
                        0.7344969511032104,
                        0.6661359071731567,
                        0.6011650562286377,
                        0.6034194231033325,
