{
    "steps": [
        {
            "step": 0,
            "train_loss": 0.048903774470090866,
            "actions_pred1": [
                [
                    [
                        0.8363851308822632,
                        1.0047463178634644,
                        1.621052861213684,
                        -1.9182130098342896
                    ],
                    [
                        0.7456110715866089,
                        0.9552673101425171,
                        1.4872843027114868,
                        -1.8436568975448608
                    ],
                    [
                        0.7438817024230957,
                        1.1257474422454834,
                        1.3896688222885132,
                        -1.8431068658828735
                    ],
                    [
                        0.7158932685852051,
                        1.016092300415039,
                        1.3368052244186401,
                        -1.85646390914917
                    ],
                    [
                        0.7184035778045654,
                        0.8871254920959473,
                        1.313093662261963,
                        -2.1858747005462646
                    ],
                    [
                        0.6618427634239197,
                        0.8351068496704102,
                        1.3469046354293823,
                        -2.1164956092834473
                    ],
                    [
                        0.5940839052200317,
                        0.7722231149673462,
                        1.3820384740829468,
                        -2.1882495880126953
                    ],
                    [
                        0.5734597444534302,
                        0.8221074938774109,
                        1.3390721082687378,
                        -2.2335352897644043
                    ],
                    [
                        0.6210986375808716,
                        0.8761177062988281,
                        1.407349705696106,
                        -2.424637794494629
                    ],
                    [
                        0.5208559632301331,
                        1.0671195983886719,
                        1.2746411561965942,
                        -2.057262897491455
                    ],
                    [
                        0.3981298506259918,
                        0.8122321367263794,
                        1.271132230758667,
                        -2.0395290851593018
                    ],
                    [
                        0.43868038058280945,
                        0.7057981491088867,
                        1.345428228378296,
                        -2.1502346992492676
                    ],
                    [
                        0.5161107778549194,
                        0.87743079662323,
                        1.597898244857788,
                        -2.092066764831543
                    ],
                    [
                        0.5442293882369995,
                        0.8435649275779724,
                        1.4801697731018066,
                        -2.0411338806152344
                    ],
                    [
                        0.47837740182876587,
                        0.8312724828720093,
                        1.4460499286651611,
                        -2.132087230682373
                    ],
                    [
                        0.4798790514469147,
                        0.5996498465538025,
                        1.6418836116790771,
                        -1.984771966934204
                    ],
                    [
                        0.3898577094078064,
                        0.600441575050354,
                        1.6713119745254517,
                        -2.038647174835205
                    ],
                    [
                        0.48904070258140564,
                        0.7576311826705933,
                        1.4998679161071777,
                        -2.0267279148101807
                    ],
                    [
                        0.5290340781211853,
                        0.7371125221252441,
                        1.4574780464172363,
                        -2.117121458053589
                    ],
                    [
                        0.49317941069602966,
                        0.9063490629196167,
                        1.4113752841949463,
                        -2.1221272945404053
                    ]
                ]
            ],
            "actions_pred": [
                [
                    [
                        0.8363851308822632,
                        0.7456110715866089,
                        0.7438817024230957,
                        0.7158932685852051,
                        0.7184035778045654,
                        0.6618427634239197,
                        0.5940839052200317,
                        0.5734597444534302,
                        0.6210986375808716,
                        0.5208559632301331,
                        0.3981298506259918,
                        0.43868038058280945,
                        0.5161107778549194,
                        0.5442293882369995,
                        0.47837740182876587,
                        0.4798790514469147,
                        0.3898577094078064,
                        0.48904070258140564,
                        0.5290340781211853,
                        0.49317941069602966
                    ],
                    [
                        1.0047463178634644,
                        0.9552673101425171,
                        1.1257474422454834,
                        1.016092300415039,
                        0.8871254920959473,
                        0.8351068496704102,
                        0.7722231149673462,
                        0.8221074938774109,
                        0.8761177062988281,
                        1.0671195983886719,
                        0.8122321367263794,
                        0.7057981491088867,
                        0.87743079662323,
                        0.8435649275779724,
                        0.8312724828720093,
                        0.5996498465538025,
                        0.600441575050354,
                        0.7576311826705933,
                        0.7371125221252441,
                        0.9063490629196167
                    ],
                    [
                        1.621052861213684,
                        1.4872843027114868,
                        1.3896688222885132,
                        1.3368052244186401,
                        1.313093662261963,
                        1.3469046354293823,
                        1.3820384740829468,
                        1.3390721082687378,
                        1.407349705696106,
                        1.2746411561965942,
                        1.271132230758667,
                        1.345428228378296,
                        1.597898244857788,
                        1.4801697731018066,
                        1.4460499286651611,
                        1.6418836116790771,
                        1.6713119745254517,
                        1.4998679161071777,
                        1.4574780464172363,
                        1.4113752841949463
                    ],
                    [
                        -1.9182130098342896,
                        -1.8436568975448608,
                        -1.8431068658828735,
                        -1.85646390914917,
                        -2.1858747005462646,
                        -2.1164956092834473,
                        -2.1882495880126953,
                        -2.2335352897644043,
                        -2.424637794494629,
                        -2.057262897491455,
                        -2.0395290851593018,
                        -2.1502346992492676,
                        -2.092066764831543,
                        -2.0411338806152344,
                        -2.132087230682373,
                        -1.984771966934204,
                        -2.038647174835205,
                        -2.0267279148101807,
                        -2.117121458053589,
                        -2.1221272945404053
                    ]
                ]
            ],
            "states": [
                [
                    [
                        195480.0,
                        0.00017859364743344486,
                        0.0014523763675242662,
                        455306.15625
                    ],
                    [
                        224440.0,
                        0.00017706550715956837,
                        0.0012122188927605748,
                        199210.375
                    ],
                    [
                        260640.0,
                        0.00017533254867885262,
                        0.0010567386634647846,
                        291813.4375
                    ],
                    [
                        231680.0,
                        0.00017360733181703836,
                        0.0010331012308597565,
                        619352.5625
                    ],
                    [
                        201272.0,
                        0.00017211795784533024,
                        0.0008577806875109673,
                        757621.5
                    ],
                    [
                        233128.0,
                        0.0001706496550468728,
                        0.002856994280591607,
                        402371.75
                    ],
                    [
                        238920.0,
                        0.00016908197721932083,
                        0.005327177233994007,
                        418626.09375
                    ],
                    [
                        185344.0,
                        0.00016769685316830873,
                        0.006734849885106087,
                        490648.125
                    ],
                    [
                        205616.0,
                        0.000166440979228355,
                        0.008968048729002476,
                        304516.78125
                    ],
                    [
                        195480.0,
                        0.00016517171752639115,
                        0.00019177634385414422,
                        553446.625
                    ],
                    [
                        202720.0,
                        0.00016393074474763125,
                        0.0001491233124397695,
                        853423.1875
                    ],
                    [
                        209960.0,
                        0.00016266417514998466,
                        0.0002625611668918282,
                        298799.9375
                    ],
                    [
                        209960.0,
                        0.0001613952626939863,
                        0.0004885925445705652,
                        376011.875
                    ],
                    [
                        144800.0,
                        0.00016033815336413682,
                        0.0010367168579250574,
                        94745.609375
                    ],
                    [
                        246160.0,
                        0.00015919026918709278,
                        0.0028569940477609634,
                        223245.734375
                    ],
                    [
                        253400.0,
                        0.000157746413606219,
                        0.005327177233994007,
                        267948.78125
                    ],
                    [
                        296840.0,
                        0.00015618640463799238,
                        0.006734849885106087,
                        291045.46875
                    ],
                    [
                        340280.0,
                        0.0001544181868666783,
                        0.008968048729002476,
                        376205.125
                    ],
                    [
                        405440.0,
                        0.0001523990067653358,
                        0.010990988463163376,
                        467932.84375
                    ],
                    [
                        463360.0,
                        0.0001501120423199609,
                        0.011323424987494946,
                        301846.5
                    ]
                ]
            ],
            "actions": [
                [
                    [
                        0.25
                    ],
                    [
                        0.25
                    ],
                    [
                        0.25
                    ],
                    [
                        0.25
                    ],
                    [
                        0.25
                    ],
                    [
                        0.25
                    ],
                    [
                        0.25
                    ],
                    [
                        0.25
                    ],
                    [
                        0.25
                    ],
                    [
                        0.25
                    ],
                    [
                        0.25
                    ],
                    [
                        0.25
                    ],
                    [
                        0.25
                    ],
                    [
                        0.25
                    ],
                    [
                        0.25
                    ],
                    [
                        0.25
                    ],
                    [
                        0.25
                    ],
                    [
                        0.25
                    ],
                    [
                        0.25
                    ],
                    [
                        0.25
                    ]
                ]
            ],
            "returns": [
                [
                    [
                        0.0820998102426529
                    ],
                    [
                        0.0814596638083458
                    ],
                    [
                        0.08080726861953735
                    ],
                    [
                        0.08014161884784698
                    ],
                    [
                        0.0794864147901535
                    ],
                    [
                        0.07884368300437927
                    ],
                    [
                        0.07818792015314102
                    ],
                    [
                        0.07752998173236847
                    ],
                    [
                        0.07689455896615982
                    ],
                    [
                        0.07624993473291397
                    ],
                    [
                        0.07560978829860687
                    ],
                    [
                        0.0749664157629013
                    ],
                    [
                        0.07431993633508682
                    ],
                    [
                        0.07367345690727234
                    ],
                    [
                        0.07305991649627686
                    ],
                    [
                        0.0723993331193924
                    ],
                    [
                        0.07173618674278259
                    ],
                    [
                        0.07105900347232819
                    ],
                    [
                        0.07036971300840378
                    ],
                    [
                        0.06966488808393478
                    ]
                ]
            ],
            "timesteps": [
                [
                    540,
                    541,
                    542,
                    543,
                    544,
                    545,
                    546,
                    547,
                    548,
                    549,
                    550,
                    551,
                    552,
                    553,
                    554,
                    555,
                    556,
                    557,
                    558,
                    559
                ]
            ],
            "labels": [
                [
                    0,
                    0,
                    0,
                    0,
                    0,
                    0,
                    0,
                    0,
                    0,
                    0,
                    0,
                    0,
                    0,
                    0,
                    0,
                    0,
                    0,
                    0,
                    0,
                    0
                ]
            ],
            "CPU Usage": 45.8,
            "RAM Usage": 54.9,
            "GPU Usage": 0.0,
            "VRAM Usage": 355.0,
            "Disk Read Speed (MB/s)": 206568.5869140625,
            "Disk Write Speed (MB/s)": 397097.6845703125
        },
        {
            "step": 1,
            "train_loss": 0.035847119987010956,
            "actions_pred1": [
                [
                    [
                        0.5036569237709045,
                        0.5559476017951965,
                        1.019081711769104,
                        -1.6768569946289062
                    ],
                    [
                        0.40437427163124084,
                        0.7553664445877075,
                        1.2765430212020874,
                        -1.501725673675537
                    ],
                    [
                        0.3790856599807739,
                        1.0023508071899414,
                        1.2750164270401,
                        -1.643839716911316
                    ],
                    [
                        0.38240909576416016,
                        1.0317802429199219,
                        1.3341988325119019,
                        -1.7157413959503174
                    ],
                    [
                        0.4533001780509949,
                        1.07899808883667,
                        1.3411647081375122,
                        -1.808426022529602
                    ],
                    [
                        0.5192691683769226,
                        0.9862496852874756,
                        1.2367323637008667,
                        -1.8886916637420654
                    ],
                    [
                        0.5750926733016968,
                        1.1078330278396606,
                        1.346350073814392,
                        -2.046199083328247
                    ],
                    [
                        0.5993162393569946,
                        1.0862950086593628,
                        1.2741847038269043,
                        -1.9867855310440063
                    ],
                    [
                        0.4737609922885895,
                        0.992801308631897,
                        1.3260772228240967,
                        -2.033726692199707
                    ],
                    [
                        0.47871220111846924,
                        1.047041893005371,
                        1.3513022661209106,
                        -2.0565056800842285
                    ],
                    [
                        0.39203888177871704,
                        0.8989536762237549,
                        1.4582102298736572,
                        -2.232895612716675
                    ],
                    [
                        0.3182116448879242,
                        0.9230847358703613,
                        1.4026672840118408,
                        -2.3931362628936768
                    ],
                    [
                        0.3304578959941864,
                        0.9775044918060303,
                        1.409227728843689,
                        -2.341771125793457
                    ],
                    [
                        0.34182390570640564,
                        1.0156021118164062,
                        1.4183375835418701,
                        -2.2060399055480957
                    ],
                    [
                        0.20588266849517822,
                        0.8401147723197937,
                        1.4735027551651,
                        -2.556476593017578
                    ],
                    [
                        0.40085291862487793,
                        0.798042893409729,
                        1.4098374843597412,
                        -2.5063586235046387
                    ],
                    [
                        0.36221328377723694,
                        0.8993300795555115,
                        1.4665017127990723,
                        -2.540367603302002
                    ],
                    [
                        0.40608030557632446,
                        0.9998654127120972,
                        1.2966312170028687,
                        -2.2987060546875
                    ],
                    [
                        0.4862959384918213,
                        0.9950903654098511,
                        1.4752615690231323,
                        -2.406216621398926
                    ],
                    [
                        0.4734640419483185,
                        0.9995443820953369,
                        1.4750250577926636,
                        -2.4248013496398926
                    ]
                ]
            ],
            "actions_pred": [
                [
                    [
                        0.5036569237709045,
                        0.40437427163124084,
                        0.3790856599807739,
                        0.38240909576416016,
                        0.4533001780509949,
                        0.5192691683769226,
                        0.5750926733016968,
                        0.5993162393569946,
                        0.4737609922885895,
                        0.47871220111846924,
                        0.39203888177871704,
                        0.3182116448879242,
                        0.3304578959941864,
                        0.34182390570640564,
                        0.20588266849517822,
                        0.40085291862487793,
                        0.36221328377723694,
                        0.40608030557632446,
                        0.4862959384918213,
                        0.4734640419483185
                    ],
                    [
                        0.5559476017951965,
                        0.7553664445877075,
                        1.0023508071899414,
                        1.0317802429199219,
                        1.07899808883667,
                        0.9862496852874756,
                        1.1078330278396606,
                        1.0862950086593628,
                        0.992801308631897,
                        1.047041893005371,
                        0.8989536762237549,
                        0.9230847358703613,
                        0.9775044918060303,
                        1.0156021118164062,
                        0.8401147723197937,
                        0.798042893409729,
                        0.8993300795555115,
                        0.9998654127120972,
                        0.9950903654098511,
                        0.9995443820953369
                    ],
                    [
                        1.019081711769104,
                        1.2765430212020874,
                        1.2750164270401,
                        1.3341988325119019,
                        1.3411647081375122,
                        1.2367323637008667,
                        1.346350073814392,
                        1.2741847038269043,
                        1.3260772228240967,
                        1.3513022661209106,
                        1.4582102298736572,
                        1.4026672840118408,
                        1.409227728843689,
                        1.4183375835418701,
                        1.4735027551651,
                        1.4098374843597412,
                        1.4665017127990723,
                        1.2966312170028687,
                        1.4752615690231323,
                        1.4750250577926636
                    ],
                    [
                        -1.6768569946289062,
                        -1.501725673675537,
                        -1.643839716911316,
                        -1.7157413959503174,
                        -1.808426022529602,
                        -1.8886916637420654,
                        -2.046199083328247,
                        -1.9867855310440063,
                        -2.033726692199707,
                        -2.0565056800842285,
                        -2.232895612716675,
                        -2.3931362628936768,
                        -2.341771125793457,
                        -2.2060399055480957,
                        -2.556476593017578,
                        -2.5063586235046387,
                        -2.540367603302002,
                        -2.2987060546875,
                        -2.406216621398926,
                        -2.4248013496398926
                    ]
                ]
            ],
            "states": [
                [
                    [
                        6436360.0,
                        3.756791920750402e-05,
                        0.00023788119142409414,
                        525420.0
                    ],
                    [
                        5822408.0,
                        3.5673747333930805e-05,
                        0.0002484873402863741,
                        540076.8125
                    ],
                    [
                        6120696.0,
                        3.400527930352837e-05,
                        0.00025739934062585235,
                        546681.375
                    ],
                    [
                        6143632.0,
                        3.2446547265863046e-05,
                        0.00019004895875696093,
                        549135.1875
                    ],
                    [
                        6290344.0,
                        3.100591857219115e-05,
                        0.00022606240236200392,
                        515628.96875
                    ],
                    [
                        7225288.0,
                        2.9579521651612595e-05,
                        0.0002532026555854827,
                        501138.75
                    ],
                    [
                        5695216.0,
                        2.8330134227871895e-05,
                        0.0002667571825440973,
                        501280.09375
                    ],
                    [
                        6048296.0,
                        2.72848174063256e-05,
                        0.00026687141507864,
                        520591.84375
                    ],
                    [
                        5956840.0,
                        2.6292696929886006e-05,
                        0.0002529114135541022,
                        510954.5
                    ],
                    [
                        5511320.0,
                        2.5409783120267093e-05,
                        0.0002583715249784291,
                        498321.25
                    ],
                    [
                        7421000.0,
                        2.448467603244353e-05,
                        0.001365873496979475,
                        470548.53125
                    ],
                    [
                        6653560.0,
                        2.3549235265818425e-05,
                        0.0008239395683631301,
                        489404.40625
                    ],
                    [
                        5919424.0,
                        2.2772055672248825e-05,
                        0.0005388445570133626,
                        494672.6875
                    ],
                    [
                        6049744.0,
                        2.2078909751144238e-05,
                        0.0005018769879825413,
                        522203.84375
                    ],
                    [
                        5699328.0,
                        2.1438178009702824e-05,
                        0.0005396626074798405,
                        525676.375
                    ],
                    [
                        5907840.0,
                        2.084095285681542e-05,
                        0.00039070475031621754,
                        484434.71875
                    ],
                    [
                        7654128.0,
                        2.0184714230708778e-05,
                        0.00037147922557778656,
                        485244.75
                    ],
                    [
                        6171376.0,
                        1.9555423932615668e-05,
                        0.00035373689024709165,
                        520211.9375
                    ],
                    [
                        5359048.0,
                        1.9060054910369217e-05,
                        0.0003472233365755528,
                        514446.75
                    ],
                    [
                        5344568.0,
                        1.8622442439664155e-05,
                        0.00021890846255701035,
                        526664.75
                    ]
                ]
            ],
            "actions": [
                [
                    [
                        0.5
                    ],
                    [
                        0.5
                    ],
                    [
                        0.5
                    ],
                    [
                        0.5
                    ],
                    [
                        0.5
                    ],
                    [
                        0.5
                    ],
                    [
                        0.5
                    ],
                    [
                        0.5
                    ],
                    [
                        0.5
                    ],
                    [
                        0.5
                    ],
                    [
                        0.5
                    ],
                    [
                        0.5
                    ],
                    [
                        0.5
                    ],
                    [
                        0.5
                    ],
                    [
                        0.5
                    ],
                    [
                        0.5
                    ],
                    [
                        0.5
                    ],
                    [
                        0.5
                    ],
                    [
                        0.5
                    ],
                    [
                        0.5
                    ]
                ]
            ],
            "returns": [
                [
                    [
                        0.17125853896141052
                    ],
                    [
                        0.17030860483646393
                    ],
                    [
                        0.16936755180358887
                    ],
                    [
                        0.16842207312583923
                    ],
                    [
                        0.16747625172138214
                    ],
                    [
                        0.1665283590555191
                    ],
                    [
                        0.16556815803050995
                    ],
                    [
                        0.16462907195091248
                    ],
                    [
                        0.1636846512556076
                    ],
                    [
                        0.16274157166481018
                    ],
                    [
                        0.1618053913116455
                    ],
                    [
                        0.16084282100200653
                    ],
                    [
                        0.15988995134830475
                    ],
                    [
                        0.1589474231004715
                    ],
                    [
                        0.15800298750400543
                    ],
                    [
                        0.157063826918602
                    ],
                    [
                        0.15612147748470306
                    ],
                    [
                        0.1551561802625656
                    ],
                    [
                        0.15420997142791748
                    ],
                    [
                        0.153276264667511
                    ]
                ]
            ],
            "timesteps": [
                [
                    440,
                    441,
                    442,
                    443,
                    444,
                    445,
                    446,
                    447,
                    448,
                    449,
                    450,
                    451,
                    452,
                    453,
                    454,
                    455,
                    456,
                    457,
                    458,
                    459
                ]
            ],
            "labels": [
                [
                    1,
                    1,
                    1,
                    1,
                    1,
                    1,
                    1,
                    1,
                    1,
                    1,
                    1,
                    1,
                    1,
                    1,
                    1,
                    1,
                    1,
                    1,
                    1,
                    1
                ]
            ],
            "CPU Usage": 46.7,
            "RAM Usage": 55.0,
            "GPU Usage": 0.0,
            "VRAM Usage": 355.0,
            "Disk Read Speed (MB/s)": 206568.5869140625,
            "Disk Write Speed (MB/s)": 397097.7392578125
        },
        {
            "step": 2,
            "train_loss": 0.01899806223809719,
            "actions_pred1": [
                [
                    [
                        0.22998270392417908,
                        0.5588371753692627,
                        1.5250487327575684,
                        -1.3052080869674683
                    ],
                    [
                        0.20350706577301025,
                        0.5346497893333435,
                        1.498553991317749,
                        -1.338436245918274
                    ],
                    [
                        0.2861148715019226,
                        0.5691936016082764,
                        1.420500636100769,
                        -1.4383387565612793
                    ],
                    [
                        0.3357808589935303,
                        0.40826183557510376,
                        1.3226619958877563,
                        -1.6716371774673462
                    ],
                    [
                        0.470417857170105,
                        0.375468909740448,
                        1.3439608812332153,
                        -1.7329176664352417
                    ],
                    [
                        0.4669817090034485,
                        0.3518313765525818,
                        1.2938640117645264,
                        -1.6862318515777588
                    ],
                    [
                        0.46927064657211304,
                        0.6705082058906555,
                        1.2494436502456665,
                        -1.7399218082427979
                    ],
                    [
                        0.5031486749649048,
                        0.6292868852615356,
                        1.3793777227401733,
                        -1.639122724533081
                    ],
                    [
                        0.6032397747039795,
                        0.676669180393219,
                        1.3708175420761108,
                        -1.77224600315094
                    ],
                    [
                        0.5253697037696838,
                        0.6487496495246887,
                        1.3770153522491455,
                        -1.8339481353759766
                    ],
                    [
                        0.517875075340271,
                        0.6299333572387695,
                        1.4105733633041382,
                        -1.8081865310668945
                    ],
                    [
                        0.4456331133842468,
                        0.6461739540100098,
                        1.369887113571167,
                        -1.7855762243270874
                    ],
                    [
                        0.5400402545928955,
                        0.569907546043396,
                        1.5439982414245605,
                        -1.8882737159729004
                    ],
                    [
                        0.5117502212524414,
                        0.6160074472427368,
                        1.5600407123565674,
                        -1.8623700141906738
                    ],
                    [
                        0.4692007005214691,
                        0.6478206515312195,
                        1.4751495122909546,
                        -1.897276520729065
                    ],
                    [
                        0.37817609310150146,
                        0.6674769520759583,
                        1.5629899501800537,
                        -1.9788516759872437
                    ],
                    [
                        0.23485693335533142,
                        0.6830691695213318,
                        1.5568933486938477,
                        -1.939301609992981
                    ],
                    [
                        0.4541957378387451,
                        0.7304247617721558,
                        1.4888721704483032,
                        -1.942509651184082
                    ],
                    [
                        0.3907287120819092,
                        0.709960401058197,
                        1.5138797760009766,
                        -1.9238042831420898
                    ],
                    [
                        0.35747724771499634,
                        0.647223711013794,
                        1.5946204662322998,
                        -1.8740532398223877
                    ]
                ]
            ],
            "actions_pred": [
                [
                    [
                        0.22998270392417908,
                        0.20350706577301025,
                        0.2861148715019226,
                        0.3357808589935303,
                        0.470417857170105,
                        0.4669817090034485,
                        0.46927064657211304,
                        0.5031486749649048,
                        0.6032397747039795,
                        0.5253697037696838,
                        0.517875075340271,
                        0.4456331133842468,
                        0.5400402545928955,
