{
    "steps": [
        {
            "step": 0,
            "train_loss": 0.03063283860683441,
            "actions_pred1": [
                [
                    [
                        0.45890069007873535,
                        0.3941737413406372,
                        0.8019919395446777,
                        -0.858062207698822
                    ],
                    [
                        0.44245609641075134,
                        0.5666399002075195,
                        0.7414922714233398,
                        -0.8842424154281616
                    ],
                    [
                        0.44078004360198975,
                        0.6953265070915222,
                        0.7073181867599487,
                        -0.8651015758514404
                    ],
                    [
                        0.6071475744247437,
                        0.7535761594772339,
                        0.9371200203895569,
                        -0.9268869161605835
                    ],
                    [
                        0.5508679151535034,
                        0.7795594930648804,
                        0.9766719341278076,
                        -1.0094974040985107
                    ],
                    [
                        0.24860987067222595,
                        0.5625424385070801,
                        0.9417074918746948,
                        -0.9703845977783203
                    ],
                    [
                        0.18828794360160828,
                        0.5374622941017151,
                        0.868034839630127,
                        -1.0366265773773193
                    ],
                    [
                        0.34023159742355347,
                        0.6195877194404602,
                        0.8072735667228699,
                        -0.9824907183647156
                    ],
                    [
                        0.3496280908584595,
                        0.6294780373573303,
                        0.7570099234580994,
                        -1.1156142950057983
                    ],
                    [
                        0.33661192655563354,
                        0.6463462114334106,
                        0.7465462684631348,
                        -1.278825044631958
                    ],
                    [
                        0.41401535272598267,
                        0.5466324090957642,
                        0.63230961561203,
                        -1.2359356880187988
                    ],
                    [
                        0.36495256423950195,
                        0.6421546339988708,
                        0.7967722415924072,
                        -1.2868069410324097
                    ],
                    [
                        0.39987701177597046,
                        0.6247616410255432,
                        0.8586093783378601,
                        -1.210412621498108
                    ],
                    [
                        0.46475332975387573,
                        0.5122887492179871,
                        0.8475390672683716,
                        -1.365584373474121
                    ],
                    [
                        0.5189013481140137,
                        0.5255081653594971,
                        0.7963100075721741,
                        -1.3294153213500977
                    ],
                    [
                        0.4169975519180298,
                        0.6152692437171936,
                        0.6982695460319519,
                        -1.3931196928024292
                    ],
                    [
                        0.4876686632633209,
                        0.6538869142532349,
                        0.7667827606201172,
                        -1.2426834106445312
                    ],
                    [
                        0.479544997215271,
                        0.6821615695953369,
                        0.795825719833374,
                        -1.2775049209594727
                    ],
                    [
                        0.4506821930408478,
                        0.7081645727157593,
                        0.7936925888061523,
                        -1.3533594608306885
                    ],
                    [
                        0.42173004150390625,
                        0.7248538136482239,
                        0.7817180156707764,
                        -1.3480825424194336
                    ]
                ]
            ],
            "actions_pred": [
                [
                    [
                        0.45890069007873535,
                        0.44245609641075134,
                        0.44078004360198975,
                        0.6071475744247437,
                        0.5508679151535034,
                        0.24860987067222595,
                        0.18828794360160828,
                        0.34023159742355347,
                        0.3496280908584595,
                        0.33661192655563354,
                        0.41401535272598267,
                        0.36495256423950195,
                        0.39987701177597046,
                        0.46475332975387573,
                        0.5189013481140137,
                        0.4169975519180298,
                        0.4876686632633209,
                        0.479544997215271,
                        0.4506821930408478,
                        0.42173004150390625
                    ],
                    [
                        0.3941737413406372,
                        0.5666399002075195,
                        0.6953265070915222,
                        0.7535761594772339,
                        0.7795594930648804,
                        0.5625424385070801,
                        0.5374622941017151,
                        0.6195877194404602,
                        0.6294780373573303,
                        0.6463462114334106,
                        0.5466324090957642,
                        0.6421546339988708,
                        0.6247616410255432,
                        0.5122887492179871,
                        0.5255081653594971,
                        0.6152692437171936,
                        0.6538869142532349,
                        0.6821615695953369,
                        0.7081645727157593,
                        0.7248538136482239
                    ],
                    [
                        0.8019919395446777,
                        0.7414922714233398,
                        0.7073181867599487,
                        0.9371200203895569,
                        0.9766719341278076,
                        0.9417074918746948,
                        0.868034839630127,
                        0.8072735667228699,
                        0.7570099234580994,
                        0.7465462684631348,
                        0.63230961561203,
                        0.7967722415924072,
                        0.8586093783378601,
                        0.8475390672683716,
                        0.7963100075721741,
                        0.6982695460319519,
                        0.7667827606201172,
                        0.795825719833374,
                        0.7936925888061523,
                        0.7817180156707764
                    ],
                    [
                        -0.858062207698822,
                        -0.8842424154281616,
                        -0.8651015758514404,
                        -0.9268869161605835,
                        -1.0094974040985107,
                        -0.9703845977783203,
                        -1.0366265773773193,
                        -0.9824907183647156,
                        -1.1156142950057983,
                        -1.278825044631958,
                        -1.2359356880187988,
                        -1.2868069410324097,
                        -1.210412621498108,
                        -1.365584373474121,
                        -1.3294153213500977,
                        -1.3931196928024292,
                        -1.2426834106445312,
                        -1.2775049209594727,
                        -1.3533594608306885,
                        -1.3480825424194336
                    ]
                ]
            ],
            "states": [
                [
                    [
                        5583488.0,
                        1.565206184750423e-05,
                        0.00026454709586687386,
                        777972.9375
                    ],
                    [
                        4978224.0,
                        1.5359531971625984e-05,
                        0.0002797465131152421,
                        855686.3125
                    ],
                    [
                        5334432.0,
                        1.5084374354046304e-05,
                        0.00027696648612618446,
                        816815.875
                    ],
                    [
                        5159224.0,
                        1.4814246242167428e-05,
                        0.0002747685939539224,
                        799861.375
                    ],
                    [
                        5513984.0,
                        1.4549360457749572e-05,
                        0.000255326071055606,
                        807912.1875
                    ],
                    [
                        5082480.0,
                        1.4295442269940395e-05,
                        0.0002729953557718545,
                        779605.9375
                    ],
                    [
                        5376424.0,
                        1.4053456652618479e-05,
                        0.00026464968686923385,
                        853596.25
                    ],
                    [
                        5073792.0,
                        1.3819644664181396e-05,
                        0.000260901142610237,
                        865763.5
                    ],
                    [
                        5425656.0,
                        1.3592515642812941e-05,
                        0.00026091569452546537,
                        896600.0
                    ],
                    [
                        5301128.0,
                        1.3368029613047838e-05,
                        0.00027603365015238523,
                        844597.4375
                    ],
                    [
                        5346016.0,
                        1.3152442988939583e-05,
                        0.0002529293124098331,
                        839011.5
                    ],
                    [
                        5652992.0,
                        1.2936916391481645e-05,
                        0.0002769185812212527,
                        874385.5625
                    ],
                    [
                        5185288.0,
                        1.2731260540022049e-05,
                        0.0002480096882209182,
                        820181.0625
                    ],
                    [
                        5438688.0,
                        1.2536010217445437e-05,
                        0.00027678909827955067,
                        838090.6875
                    ],
                    [
                        5221488.0,
                        1.2345956747594755e-05,
                        0.0002834639744833112,
                        979366.25
                    ],
                    [
                        5306920.0,
                        1.2163849532953463e-05,
                        0.00027035834500566125,
                        858373.0
                    ],
                    [
                        5419864.0,
                        1.1983782314928249e-05,
                        0.0002671718248166144,
                        825702.5
                    ],
                    [
                        5708016.0,
                        1.1802524568338413e-05,
                        0.00027032653451897204,
                        851358.6875
                    ],
                    [
                        5637064.0,
                        1.1623262253124267e-05,
                        0.0002656110445968807,
                        872734.375
                    ],
                    [
                        5471992.0,
                        1.1452919352450408e-05,
                        0.0002651966060511768,
                        865487.25
                    ]
                ]
            ],
            "actions": [
                [
                    [
                        0.75
                    ],
                    [
                        0.75
                    ],
                    [
                        0.75
                    ],
                    [
                        0.75
                    ],
                    [
                        0.75
                    ],
                    [
                        0.75
                    ],
                    [
                        0.75
                    ],
                    [
                        0.75
                    ],
                    [
                        0.75
                    ],
                    [
                        0.75
                    ],
                    [
                        0.75
                    ],
                    [
                        0.75
                    ],
                    [
                        0.75
                    ],
                    [
                        0.75
                    ],
                    [
                        0.75
                    ],
                    [
                        0.75
                    ],
                    [
                        0.75
                    ],
                    [
                        0.75
                    ],
                    [
                        0.75
                    ],
                    [
                        0.75
                    ]
                ]
            ],
            "returns": [
                [
                    [
                        0.5428837537765503
                    ],
                    [
                        0.5419464111328125
                    ],
                    [
                        0.5410192608833313
                    ],
                    [
                        0.5400859713554382
                    ],
                    [
                        0.5391556620597839
                    ],
                    [
                        0.5382193922996521
                    ],
                    [
                        0.5372903943061829
                    ],
                    [
                        0.5363564491271973
                    ],
                    [
                        0.5354275703430176
                    ],
                    [
                        0.5344927906990051
                    ],
                    [
                        0.533560037612915
                    ],
                    [
                        0.5326265692710876
                    ],
                    [
                        0.5316881537437439
                    ],
                    [
                        0.5307573676109314
                    ],
                    [
                        0.5298223495483398
                    ],
                    [
                        0.5288909673690796
                    ],
                    [
                        0.5279580950737
                    ],
                    [
                        0.527023434638977
                    ],
                    [
                        0.5260841250419617
                    ],
                    [
                        0.525145947933197
                    ]
                ]
            ],
            "timesteps": [
                [
                    40,
                    41,
                    42,
                    43,
                    44,
                    45,
                    46,
                    47,
                    48,
                    49,
                    50,
                    51,
                    52,
                    53,
                    54,
                    55,
                    56,
                    57,
                    58,
                    59
                ]
            ],
            "labels": [
                [
                    2,
                    2,
                    2,
                    2,
                    2,
                    2,
                    2,
                    2,
                    2,
                    2,
                    2,
                    2,
                    2,
                    2,
                    2,
                    2,
                    2,
                    2,
                    2,
                    2
                ]
            ],
            "CPU Usage": 46.3,
            "RAM Usage": 55.2,
            "GPU Usage": 0.0,
            "VRAM Usage": 356.0,
            "Disk Read Speed (MB/s)": 206068.2587890625,
            "Disk Write Speed (MB/s)": 377359.1298828125
        },
        {
            "step": 1,
            "train_loss": 0.03909580782055855,
            "actions_pred1": [
                [
                    [
                        0.43677473068237305,
                        0.45437297224998474,
                        0.5215924382209778,
                        -1.1315405368804932
                    ],
                    [
                        0.5237240791320801,
                        0.5689934492111206,
                        0.4475032091140747,
                        -1.1279493570327759
                    ],
                    [
                        0.49637001752853394,
                        0.630836546421051,
                        0.5985939502716064,
                        -0.9975935220718384
                    ],
                    [
                        0.6052287817001343,
                        0.5145399570465088,
                        0.601476788520813,
                        -1.048482894897461
                    ],
                    [
                        0.6088306307792664,
                        0.5011249780654907,
                        0.7017790079116821,
                        -1.0813920497894287
                    ],
                    [
                        0.48544371128082275,
                        0.6493774652481079,
                        0.37705662846565247,
                        -1.2828311920166016
                    ],
                    [
                        0.4875134229660034,
                        0.684009850025177,
                        0.4890066683292389,
                        -1.0258183479309082
                    ],
                    [
                        0.6533250212669373,
                        0.6671321988105774,
                        0.49482303857803345,
                        -0.9114999771118164
                    ],
                    [
                        0.6790519952774048,
                        0.7143501043319702,
                        0.4594154357910156,
                        -0.9827436804771423
                    ],
                    [
                        0.5249246954917908,
                        0.6890343427658081,
                        0.6689704060554504,
                        -0.901848554611206
                    ],
                    [
                        0.43508395552635193,
                        0.5983713865280151,
                        0.7870504856109619,
                        -0.8816496729850769
                    ],
                    [
                        0.4512426257133484,
                        0.5700881481170654,
                        0.767155647277832,
                        -0.8232462406158447
                    ],
                    [
                        0.44582855701446533,
                        0.6310192942619324,
                        0.6988852620124817,
                        -0.8493622541427612
                    ],
                    [
                        0.4561600387096405,
                        0.6354201436042786,
                        0.7199032306671143,
                        -0.8662638664245605
                    ],
                    [
                        0.5414613485336304,
                        0.6034573912620544,
                        0.7427021861076355,
                        -1.0035877227783203
                    ],
                    [
                        0.5253389477729797,
                        0.6457587480545044,
                        0.862366795539856,
                        -0.9469089508056641
                    ],
                    [
                        0.5233086943626404,
                        0.5516624450683594,
                        0.682532012462616,
                        -0.961217999458313
                    ],
                    [
                        0.5430576801300049,
                        0.7347995638847351,
                        0.6647552847862244,
                        -1.013838768005371
                    ],
                    [
                        0.45408952236175537,
                        0.6383522748947144,
                        0.7766908407211304,
                        -0.9864493608474731
                    ],
                    [
                        0.32629483938217163,
                        0.610784113407135,
                        0.8816071152687073,
                        -0.9663465023040771
                    ]
                ]
            ],
            "actions_pred": [
                [
                    [
                        0.43677473068237305,
                        0.5237240791320801,
                        0.49637001752853394,
                        0.6052287817001343,
                        0.6088306307792664,
                        0.48544371128082275,
                        0.4875134229660034,
                        0.6533250212669373,
                        0.6790519952774048,
                        0.5249246954917908,
                        0.43508395552635193,
                        0.4512426257133484,
                        0.44582855701446533,
                        0.4561600387096405,
                        0.5414613485336304,
                        0.5253389477729797,
                        0.5233086943626404,
                        0.5430576801300049,
                        0.45408952236175537,
                        0.32629483938217163
                    ],
                    [
                        0.45437297224998474,
                        0.5689934492111206,
                        0.630836546421051,
                        0.5145399570465088,
                        0.5011249780654907,
                        0.6493774652481079,
                        0.684009850025177,
                        0.6671321988105774,
                        0.7143501043319702,
                        0.6890343427658081,
                        0.5983713865280151,
                        0.5700881481170654,
                        0.6310192942619324,
                        0.6354201436042786,
                        0.6034573912620544,
                        0.6457587480545044,
                        0.5516624450683594,
                        0.7347995638847351,
                        0.6383522748947144,
                        0.610784113407135
                    ],
                    [
                        0.5215924382209778,
                        0.4475032091140747,
                        0.5985939502716064,
                        0.601476788520813,
                        0.7017790079116821,
                        0.37705662846565247,
                        0.4890066683292389,
                        0.49482303857803345,
                        0.4594154357910156,
                        0.6689704060554504,
                        0.7870504856109619,
                        0.767155647277832,
                        0.6988852620124817,
                        0.7199032306671143,
                        0.7427021861076355,
                        0.862366795539856,
                        0.682532012462616,
                        0.6647552847862244,
                        0.7766908407211304,
                        0.8816071152687073
                    ],
                    [
                        -1.1315405368804932,
                        -1.1279493570327759,
                        -0.9975935220718384,
                        -1.048482894897461,
                        -1.0813920497894287,
                        -1.2828311920166016,
                        -1.0258183479309082,
                        -0.9114999771118164,
                        -0.9827436804771423,
                        -0.901848554611206,
                        -0.8816496729850769,
                        -0.8232462406158447,
                        -0.8493622541427612,
                        -0.8662638664245605,
                        -1.0035877227783203,
                        -0.9469089508056641,
                        -0.961217999458313,
                        -1.013838768005371,
                        -0.9864493608474731,
                        -0.9663465023040771
                    ]
                ]
            ],
            "states": [
                [
                    [
                        10534200.0,
                        2.6509645977057517e-05,
                        0.00013993013999424875,
                        443834.40625
                    ],
                    [
                        10761536.0,
                        2.5514371372992173e-05,
                        0.0001420098269591108,
                        437980.875
                    ],
                    [
                        9713184.0,
                        2.462484007992316e-05,
                        0.00013746164040639997,
                        438923.15625
                    ],
                    [
                        11058376.0,
                        2.37847361859167e-05,
                        0.00013166402641218156,
                        442931.21875
                    ],
                    [
                        10751400.0,
                        2.2961492504691705e-05,
                        0.00014091107004787773,
                        432700.84375
                    ],
                    [
                        10246048.0,
                        2.2220945538720116e-05,
                        0.0001376972795696929,
                        435969.53125
                    ],
                    [
                        9969480.0,
                        2.1551775716943666e-05,
                        0.00013403889897745103,
                        440537.53125
                    ],
                    [
                        10251840.0,
                        2.0921770556014962e-05,
                        0.00014748213288839906,
                        443483.875
                    ],
                    [
                        10121520.0,
                        2.0323142962297425e-05,
                        0.00013067024701740593,
                        443831.96875
                    ],
                    [
                        9543768.0,
                        1.977682586584706e-05,
                        0.00013482528447639197,
                        439055.96875
                    ],
                    [
                        8799496.0,
                        1.9293054720037617e-05,
                        0.00013897643657401204,
                        475444.21875
                    ],
                    [
                        9742144.0,
                        1.8827833628165536e-05,
                        0.00014449551235884428,
                        446623.25
                    ],
                    [
                        9966584.0,
                        1.835721377574373e-05,
                        0.00014116551028564572,
                        435027.78125
                    ],
                    [
                        9815992.0,
                        1.7907843357534148e-05,
                        0.0001414243597537279,
                        434458.03125
                    ],
                    [
                        10637008.0,
                        1.7465919881942682e-05,
                        0.00015197490574792027,
                        447300.9375
                    ],
                    [
                        9175976.0,
                        1.705779868643731e-05,
                        0.00016332330415025353,
                        457786.65625
                    ],
                    [
                        9695808.0,
                        1.6686690287315287e-05,
                        0.00014966299931984395,
                        442052.53125
                    ],
                    [
                        10571848.0,
                        1.6305739336530678e-05,
                        0.0001437981118215248,
                        454590.5
                    ],
                    [
                        9242584.0,
                        1.5949490261846222e-05,
                        0.0001480604405514896,
                        454658.375
                    ],
                    [
                        10438632.0,
                        1.5611025446560234e-05,
                        0.00013623677659779787,
                        451379.625
                    ]
                ]
            ],
            "actions": [
                [
                    [
                        0.25
                    ],
                    [
                        0.25
                    ],
                    [
                        0.25
                    ],
                    [
                        0.25
                    ],
                    [
                        0.25
                    ],
                    [
                        0.25
                    ],
                    [
                        0.25
                    ],
                    [
                        0.25
                    ],
                    [
                        0.25
                    ],
                    [
                        0.25
                    ],
                    [
                        0.25
                    ],
                    [
                        0.25
                    ],
                    [
                        0.25
                    ],
                    [
                        0.25
                    ],
                    [
                        0.25
                    ],
                    [
                        0.25
                    ],
                    [
                        0.25
                    ],
                    [
                        0.25
                    ],
                    [
                        0.25
                    ],
                    [
                        0.25
                    ]
                ]
            ],
            "returns": [
                [
                    [
                        0.2667037844657898
                    ],
                    [
                        0.26571014523506165
                    ],
                    [
                        0.26471462845802307
                    ],
                    [
                        0.26372823119163513
                    ],
                    [
                        0.26273030042648315
                    ],
                    [
                        0.26173487305641174
                    ],
                    [
                        0.2607437074184418
                    ],
                    [
                        0.2597549855709076
                    ],
                    [
                        0.25876376032829285
                    ],
                    [
                        0.2577736973762512
                    ],
                    [
                        0.25678882002830505
                    ],
                    [
                        0.2558111548423767
                    ],
                    [
                        0.2548244595527649
                    ],
                    [
                        0.2538357675075531
                    ],
                    [
                        0.25284841656684875
                    ],
                    [
                        0.25185394287109375
                    ],
                    [
                        0.25087255239486694
                    ],
                    [
                        0.24988628923892975
                    ],
                    [
                        0.24889235198497772
                    ],
                    [
                        0.24791033565998077
                    ]
                ]
            ],
            "timesteps": [
                [
                    340,
                    341,
                    342,
                    343,
                    344,
                    345,
                    346,
                    347,
                    348,
                    349,
                    350,
                    351,
                    352,
                    353,
                    354,
                    355,
                    356,
                    357,
                    358,
                    359
                ]
            ],
            "labels": [
                [
                    0,
                    0,
                    0,
                    0,
                    0,
                    0,
                    0,
                    0,
                    0,
                    0,
                    0,
                    0,
                    0,
                    0,
                    0,
                    0,
                    0,
                    0,
                    0,
                    0
                ]
            ],
            "CPU Usage": 46.7,
            "RAM Usage": 55.2,
            "GPU Usage": 0.0,
            "VRAM Usage": 356.0,
            "Disk Read Speed (MB/s)": 206068.2587890625,
            "Disk Write Speed (MB/s)": 377359.2119140625
        },
        {
            "step": 2,
            "train_loss": 0.03540831804275513,
            "actions_pred1": [
                [
                    [
                        0.6579190492630005,
                        0.6985610723495483,
                        0.4167318344116211,
                        -0.8670496940612793
                    ],
                    [
                        0.5819605588912964,
                        0.8712880611419678,
                        0.4725821614265442,
                        -0.7948846817016602
                    ],
                    [
                        0.6293944120407104,
                        0.8776917457580566,
                        0.4695224165916443,
                        -0.9376671314239502
                    ],
                    [
                        0.597699761390686,
                        0.813103973865509,
                        0.3582676351070404,
                        -0.9733084440231323
                    ],
                    [
                        0.3721829354763031,
                        1.0218167304992676,
                        0.5765536427497864,
                        -1.0893309116363525
                    ],
                    [
                        0.2631221413612366,
                        0.8157105445861816,
                        0.6403028964996338,
                        -1.028374433517456
                    ],
                    [
                        0.4988572895526886,
                        0.8511907458305359,
                        0.6769475340843201,
                        -0.8920210599899292
                    ],
                    [
                        0.7643610239028931,
                        0.6460564136505127,
                        0.7391296625137329,
                        -1.0761773586273193
                    ],
                    [
                        0.5528256893157959,
                        0.7824472188949585,
                        0.9048895835876465,
                        -1.1203796863555908
                    ],
                    [
                        0.4435221552848816,
                        0.8118505477905273,
                        0.8580333590507507,
                        -1.056719422340393
                    ],
                    [
                        0.5552002191543579,
                        0.6998322010040283,
                        0.7176862955093384,
                        -1.0655910968780518
                    ],
                    [
                        0.6097778677940369,
                        0.7772623896598816,
                        0.792186439037323,
                        -0.9704824090003967
                    ],
                    [
                        0.5655134320259094,
                        0.7365174889564514,
                        0.7602396011352539,
                        -1.0314133167266846
                    ],
                    [
                        0.49856647849082947,
                        0.5841389298439026,
                        0.7736729383468628,
                        -1.0625720024108887
                    ],
                    [
                        0.45966148376464844,
                        0.6382259130477905,
                        0.7214788794517517,
                        -0.9858183860778809
                    ],
                    [
                        0.40517616271972656,
                        0.648190975189209,
                        0.6934373378753662,
                        -0.8448441028594971
                    ],
                    [
                        0.48660776019096375,
                        0.7068415880203247,
                        0.7434629201889038,
                        -0.8269708752632141
                    ],
                    [
                        0.5185726284980774,
                        0.706375777721405,
                        0.830176591873169,
                        -0.7805768251419067
                    ],
                    [
                        0.5770021677017212,
                        0.7628244161605835,
                        1.0400131940841675,
                        -0.9006503224372864
                    ],
                    [
                        0.5539551973342896,
                        0.7304770946502686,
                        0.9037843346595764,
                        -0.968328595161438
                    ]
                ]
            ],
            "actions_pred": [
                [
                    [
                        0.6579190492630005,
                        0.5819605588912964,
                        0.6293944120407104,
                        0.597699761390686,
                        0.3721829354763031,
                        0.2631221413612366,
                        0.4988572895526886,
                        0.7643610239028931,
                        0.5528256893157959,
                        0.4435221552848816,
                        0.5552002191543579,
