{
    "steps": [
        {
            "step": 0,
            "train_loss": 0.033892013132572174,
            "actions_pred1": [
                [
                    [
                        0.35254475474357605,
                        0.5046471357345581,
                        0.6827919483184814,
                        -0.6330760717391968
                    ],
                    [
                        0.36433011293411255,
                        0.5302255153656006,
                        0.7018232345581055,
                        -0.6803017258644104
                    ],
                    [
                        0.3182016611099243,
                        0.5803617238998413,
                        0.7767998576164246,
                        -0.8300384283065796
                    ],
                    [
                        0.20837530493736267,
                        0.6051657199859619,
                        0.720641016960144,
                        -0.8394937515258789
                    ],
                    [
                        0.1905333697795868,
                        0.7842651605606079,
                        0.6175136566162109,
                        -0.9029735326766968
                    ],
                    [
                        0.28436484932899475,
                        0.6757103204727173,
                        0.6605935096740723,
                        -0.8083180785179138
                    ],
                    [
                        0.4094536304473877,
                        0.6987461447715759,
                        0.5719579458236694,
                        -0.730826735496521
                    ],
                    [
                        0.1268744319677353,
                        0.7696908116340637,
                        0.8698062300682068,
                        -0.7352917790412903
                    ],
                    [
                        0.09911150485277176,
                        0.8402033448219299,
                        0.9516766667366028,
                        -0.7120012044906616
                    ],
                    [
                        -0.007587909698486328,
                        0.7843790650367737,
                        0.9653154015541077,
                        -0.7745537757873535
                    ],
                    [
                        -0.018799737095832825,
                        0.8128141760826111,
                        1.0443522930145264,
                        -0.922757089138031
                    ],
                    [
                        0.16355790197849274,
                        0.6809151768684387,
                        0.8752370476722717,
                        -0.770483136177063
                    ],
                    [
                        0.17800095677375793,
                        0.6311936974525452,
                        0.9238134622573853,
                        -0.8614863157272339
                    ],
                    [
                        0.10946808755397797,
                        0.5175167918205261,
                        0.9389317035675049,
                        -0.7893989086151123
                    ],
                    [
                        0.27262356877326965,
                        0.6785187721252441,
                        0.8830533027648926,
                        -0.9023319482803345
                    ],
                    [
                        0.2847548723220825,
                        0.6272961497306824,
                        0.686631977558136,
                        -0.7115672826766968
                    ],
                    [
                        0.34608036279678345,
                        0.6714010238647461,
                        0.6485124826431274,
                        -0.6535871028900146
                    ],
                    [
                        0.37168392539024353,
                        0.6428571939468384,
                        0.6247408986091614,
                        -0.6926900148391724
                    ],
                    [
                        0.5135223865509033,
                        0.6341543197631836,
                        0.7462314367294312,
                        -0.7593611478805542
                    ],
                    [
                        0.3636969327926636,
                        0.7368377447128296,
                        0.7266708016395569,
                        -0.7568931579589844
                    ]
                ]
            ],
            "actions_pred": [
                [
                    [
                        0.35254475474357605,
                        0.36433011293411255,
                        0.3182016611099243,
                        0.20837530493736267,
                        0.1905333697795868,
                        0.28436484932899475,
                        0.4094536304473877,
                        0.1268744319677353,
                        0.09911150485277176,
                        -0.007587909698486328,
                        -0.018799737095832825,
                        0.16355790197849274,
                        0.17800095677375793,
                        0.10946808755397797,
                        0.27262356877326965,
                        0.2847548723220825,
                        0.34608036279678345,
                        0.37168392539024353,
                        0.5135223865509033,
                        0.3636969327926636
                    ],
                    [
                        0.5046471357345581,
                        0.5302255153656006,
                        0.5803617238998413,
                        0.6051657199859619,
                        0.7842651605606079,
                        0.6757103204727173,
                        0.6987461447715759,
                        0.7696908116340637,
                        0.8402033448219299,
                        0.7843790650367737,
                        0.8128141760826111,
                        0.6809151768684387,
                        0.6311936974525452,
                        0.5175167918205261,
                        0.6785187721252441,
                        0.6272961497306824,
                        0.6714010238647461,
                        0.6428571939468384,
                        0.6341543197631836,
                        0.7368377447128296
                    ],
                    [
                        0.6827919483184814,
                        0.7018232345581055,
                        0.7767998576164246,
                        0.720641016960144,
                        0.6175136566162109,
                        0.6605935096740723,
                        0.5719579458236694,
                        0.8698062300682068,
                        0.9516766667366028,
                        0.9653154015541077,
                        1.0443522930145264,
                        0.8752370476722717,
                        0.9238134622573853,
                        0.9389317035675049,
                        0.8830533027648926,
                        0.686631977558136,
                        0.6485124826431274,
                        0.6247408986091614,
                        0.7462314367294312,
                        0.7266708016395569
                    ],
                    [
                        -0.6330760717391968,
                        -0.6803017258644104,
                        -0.8300384283065796,
                        -0.8394937515258789,
                        -0.9029735326766968,
                        -0.8083180785179138,
                        -0.730826735496521,
                        -0.7352917790412903,
                        -0.7120012044906616,
                        -0.7745537757873535,
                        -0.922757089138031,
                        -0.770483136177063,
                        -0.8614863157272339,
                        -0.7893989086151123,
                        -0.9023319482803345,
                        -0.7115672826766968,
                        -0.6535871028900146,
                        -0.6926900148391724,
                        -0.7593611478805542,
                        -0.7568931579589844
                    ]
                ]
            ],
            "states": [
                [
                    [
                        5847024.0,
                        7.17427474228316e-06,
                        0.0002797465131152421,
                        862261.25
                    ],
                    [
                        5130264.0,
                        7.109771104296669e-06,
                        0.00027696648612618446,
                        791462.9375
                    ],
                    [
                        5460408.0,
                        7.0486535150848795e-06,
                        0.0002747685939539224,
                        848104.9375
                    ],
                    [
                        5159224.0,
                        6.988396307860967e-06,
                        0.000255326071055606,
                        826896.4375
                    ],
                    [
                        5280856.0,
                        6.9301599978643935e-06,
                        0.0002729953557718545,
                        850071.375
                    ],
                    [
                        5415520.0,
                        6.871501227578847e-06,
                        0.00026464968686923385,
                        894284.875
                    ],
                    [
                        5138952.0,
                        6.81457140672137e-06,
                        0.000260901142610237,
                        824406.5
                    ],
                    [
                        5364840.0,
                        6.758851213817252e-06,
                        0.00026091569452546537,
                        837380.25
                    ],
                    [
                        8605643.0,
                        0.0036125751212239265,
                        0.0002766261750366539,
                        462352.0625
                    ],
                    [
                        10015816.0,
                        0.00033437556703574955,
                        0.00026207882910966873,
                        482968.0625
                    ],
                    [
                        7806168.0,
                        0.00019468956452328712,
                        0.00027697221958078444,
                        473153.5
                    ],
                    [
                        6004856.0,
                        0.00014804340025875717,
                        0.00037561735371127725,
                        563905.9375
                    ],
                    [
                        3835752.0,
                        0.00012653775047510862,
                        0.000348972505889833,
                        546822.625
                    ],
                    [
                        693592.0,
                        0.00011859468213515356,
                        0.000344088242854923,
                        536207.0
                    ],
                    [
                        1136680.0,
                        0.00011570940841920674,
                        0.00030916635296307504,
                        532932.75
                    ],
                    [
                        755856.0,
                        0.0001128598305513151,
                        0.00029186115716584027,
                        668301.125
                    ],
                    [
                        573408.0,
                        0.00011094257206423208,
                        0.00031188191496767104,
                        741689.6875
                    ],
                    [
                        432952.0,
                        0.0001095341140171513,
                        0.0003927450452465564,
                        678985.1875
                    ],
                    [
                        1216320.0,
                        0.00010730996291385964,
                        0.00034627493005245924,
                        618105.1875
                    ],
                    [
                        4131144.0,
                        0.00010072957229567692,
                        0.00028098482289351523,
                        571491.4375
                    ]
                ]
            ],
            "actions": [
                [
                    [
                        0.75
                    ],
                    [
                        0.75
                    ],
                    [
                        0.75
                    ],
                    [
                        0.75
                    ],
                    [
                        0.75
                    ],
                    [
                        0.75
                    ],
                    [
                        0.75
                    ],
                    [
                        0.75
                    ],
                    [
                        0.5
                    ],
                    [
                        0.5
                    ],
                    [
                        0.5
                    ],
                    [
                        0.5
                    ],
                    [
                        0.5
                    ],
                    [
                        0.5
                    ],
                    [
                        0.5
                    ],
                    [
                        0.5
                    ],
                    [
                        0.5
                    ],
                    [
                        0.5
                    ],
                    [
                        0.5
                    ],
                    [
                        0.5
                    ]
                ]
            ],
            "returns": [
                [
                    [
                        0.48685410618782043
                    ],
                    [
                        0.4859126806259155
                    ],
                    [
                        0.48498284816741943
                    ],
                    [
                        0.4840475022792816
                    ],
                    [
                        0.48311716318130493
                    ],
                    [
                        0.4821847677230835
                    ],
                    [
                        0.481250137090683
                    ],
                    [
                        0.48032015562057495
                    ],
                    [
                        0.4793863594532013
                    ],
                    [
                        0.47841066122055054
                    ],
                    [
                        0.47742152214050293
                    ],
                    [
                        0.4764544665813446
                    ],
                    [
                        0.47551068663597107
                    ],
                    [
                        0.47460663318634033
                    ],
                    [
                        0.4738542139530182
                    ],
                    [
                        0.47305798530578613
                    ],
                    [
                        0.4722979664802551
                    ],
                    [
                        0.47156238555908203
                    ],
                    [
                        0.47085174918174744
                    ],
                    [
                        0.47004953026771545
                    ]
                ]
            ],
            "timesteps": [
                [
                    100,
                    101,
                    102,
                    103,
                    104,
                    105,
                    106,
                    107,
                    108,
                    109,
                    110,
                    111,
                    112,
                    113,
                    114,
                    115,
                    116,
                    117,
                    118,
                    119
                ]
            ],
            "labels": [
                [
                    2,
                    2,
                    2,
                    2,
                    2,
                    2,
                    2,
                    2,
                    1,
                    1,
                    1,
                    1,
                    1,
                    1,
                    1,
                    1,
                    1,
                    1,
                    1,
                    1
                ]
            ],
            "CPU Usage": 45.4,
            "RAM Usage": 55.1,
            "GPU Usage": 0.0,
            "VRAM Usage": 355.0,
            "Disk Read Speed (MB/s)": 206066.5869140625,
            "Disk Write Speed (MB/s)": 369888.6884765625
        },
        {
            "step": 1,
            "train_loss": 0.0401005819439888,
            "actions_pred1": [
                [
                    [
                        0.4555976688861847,
                        0.18874433636665344,
                        0.9414239525794983,
                        -0.586275577545166
                    ],
                    [
                        0.39532187581062317,
                        0.2245141863822937,
                        1.051249384880066,
                        -0.6430667042732239
                    ],
                    [
                        0.337941437959671,
                        0.3558712601661682,
                        0.9242161512374878,
                        -0.6986867189407349
                    ],
                    [
                        0.12721319496631622,
                        0.45327508449554443,
                        1.04517662525177,
                        -0.8021522760391235
                    ],
                    [
                        0.2354367971420288,
                        0.5486869215965271,
                        0.9173529148101807,
                        -0.6482187509536743
                    ],
                    [
                        0.30477434396743774,
                        0.3952562212944031,
                        0.7222761511802673,
                        -0.7020152807235718
                    ],
                    [
                        0.3051273822784424,
                        0.4014037251472473,
                        0.7294625043869019,
                        -0.7366024851799011
                    ],
                    [
                        0.2850416302680969,
                        0.6160492897033691,
                        0.8329225778579712,
                        -0.6788289546966553
                    ],
                    [
                        0.31190139055252075,
                        0.5185403823852539,
                        0.867451012134552,
                        -0.6602239608764648
                    ],
                    [
                        0.3536936044692993,
                        0.4939984679222107,
                        0.830416202545166,
                        -0.739755392074585
                    ],
                    [
                        0.34889182448387146,
                        0.5121586322784424,
                        0.7984761595726013,
                        -0.6775459051132202
                    ],
                    [
                        0.35654371976852417,
                        0.5583625435829163,
                        0.7618293762207031,
                        -0.7248461246490479
                    ],
                    [
                        0.29781025648117065,
                        0.6129115223884583,
                        0.8513103127479553,
                        -0.819993257522583
                    ],
                    [
                        0.5605793595314026,
                        0.6523036360740662,
                        0.8578142523765564,
                        -0.8107159733772278
                    ],
                    [
                        0.49372977018356323,
                        0.6821227669715881,
                        0.8421362042427063,
                        -0.7468888759613037
                    ],
                    [
                        0.4323650002479553,
                        0.5787302851676941,
                        0.8503656983375549,
                        -0.7786566019058228
                    ],
                    [
                        0.383524090051651,
                        0.4595995545387268,
                        0.9565039277076721,
                        -0.7563128471374512
                    ],
                    [
                        0.41778624057769775,
                        0.45770788192749023,
                        0.8694255948066711,
                        -0.7248216867446899
                    ],
                    [
                        0.45813679695129395,
                        0.5345954895019531,
                        0.9914605617523193,
                        -0.7901687026023865
                    ],
                    [
                        0.47187331318855286,
                        0.5118889212608337,
                        1.090097188949585,
                        -0.7705891728401184
                    ]
                ]
            ],
            "actions_pred": [
                [
                    [
                        0.4555976688861847,
                        0.39532187581062317,
                        0.337941437959671,
                        0.12721319496631622,
                        0.2354367971420288,
                        0.30477434396743774,
                        0.3051273822784424,
                        0.2850416302680969,
                        0.31190139055252075,
                        0.3536936044692993,
                        0.34889182448387146,
                        0.35654371976852417,
                        0.29781025648117065,
                        0.5605793595314026,
                        0.49372977018356323,
                        0.4323650002479553,
                        0.383524090051651,
                        0.41778624057769775,
                        0.45813679695129395,
                        0.47187331318855286
                    ],
                    [
                        0.18874433636665344,
                        0.2245141863822937,
                        0.3558712601661682,
                        0.45327508449554443,
                        0.5486869215965271,
                        0.3952562212944031,
                        0.4014037251472473,
                        0.6160492897033691,
                        0.5185403823852539,
                        0.4939984679222107,
                        0.5121586322784424,
                        0.5583625435829163,
                        0.6129115223884583,
                        0.6523036360740662,
                        0.6821227669715881,
                        0.5787302851676941,
                        0.4595995545387268,
                        0.45770788192749023,
                        0.5345954895019531,
                        0.5118889212608337
                    ],
                    [
                        0.9414239525794983,
                        1.051249384880066,
                        0.9242161512374878,
                        1.04517662525177,
                        0.9173529148101807,
                        0.7222761511802673,
                        0.7294625043869019,
                        0.8329225778579712,
                        0.867451012134552,
                        0.830416202545166,
                        0.7984761595726013,
                        0.7618293762207031,
                        0.8513103127479553,
                        0.8578142523765564,
                        0.8421362042427063,
                        0.8503656983375549,
                        0.9565039277076721,
                        0.8694255948066711,
                        0.9914605617523193,
                        1.090097188949585
                    ],
                    [
                        -0.586275577545166,
                        -0.6430667042732239,
                        -0.6986867189407349,
                        -0.8021522760391235,
                        -0.6482187509536743,
                        -0.7020152807235718,
                        -0.7366024851799011,
                        -0.6788289546966553,
                        -0.6602239608764648,
                        -0.739755392074585,
                        -0.6775459051132202,
                        -0.7248461246490479,
                        -0.819993257522583,
                        -0.8107159733772278,
                        -0.7468888759613037,
                        -0.7786566019058228,
                        -0.7563128471374512,
                        -0.7248216867446899,
                        -0.7901687026023865,
                        -0.7705891728401184
                    ]
                ]
            ],
            "states": [
                [
                    [
                        5354704.0,
                        8.239823728217743e-06,
                        0.00025337765691801906,
                        501396.375
                    ],
                    [
                        6112008.0,
                        8.186386367015075e-06,
                        0.00023226119810715318,
                        493386.84375
                    ],
                    [
                        437474.0,
                        0.04059061408042908,
                        0.000310274597723037,
                        179519.703125
                    ],
                    [
                        742824.0,
                        0.00568061089143157,
                        0.00025462565827183425,
                        494869.5625
                    ],
                    [
                        1293064.0,
                        0.002463217591866851,
                        0.00027542549651116133,
                        568802.125
                    ],
                    [
                        2754096.0,
                        0.001175331766717136,
                        0.00025879128952510655,
                        506395.59375
                    ],
                    [
                        4959400.0,
                        0.0005831622984260321,
                        0.0002528103068470955,
                        510830.5
                    ],
                    [
                        7180632.0,
                        0.0003223789972253144,
                        0.00020026147831231356,
                        497092.78125
                    ],
                    [
                        10328584.0,
                        0.00019613979384303093,
                        0.00022364039614330977,
                        447740.25
                    ],
                    [
                        9514808.0,
                        0.00013474683510139585,
                        0.0002323320077266544,
                        458092.9375
                    ],
                    [
                        9614720.0,
                        0.00010378147271694615,
                        0.00023472661268897355,
                        451882.15625
                    ],
                    [
                        11055480.0,
                        8.32404475659132e-05,
                        0.00024062122975010425,
                        451078.96875
                    ],
                    [
                        10631216.0,
                        6.886368646519259e-05,
                        0.0001874879380920902,
                        454141.4375
                    ],
                    [
                        9736352.0,
                        5.92533870076295e-05,
                        0.00025532711879350245,
                        501440.96875
                    ],
                    [
                        5832544.0,
                        5.351470463210717e-05,
                        0.0002452299522701651,
                        514617.375
                    ],
                    [
                        4878312.0,
                        5.0193953939015046e-05,
                        0.00023082415282260627,
                        598373.25
                    ],
                    [
                        5687744.0,
                        4.730764703708701e-05,
                        0.00026125748991034925,
                        594833.125
                    ],
                    [
                        5154880.0,
                        4.466561586013995e-05,
                        0.00024003862927202135,
                        666985.1875
                    ],
                    [
                        5471992.0,
                        4.2350944568170235e-05,
                        0.00019315553072374314,
                        641558.875
                    ],
                    [
                        7102440.0,
                        3.9908583858050406e-05,
                        0.00022412248654291034,
                        477795.28125
                    ]
                ]
            ],
            "actions": [
                [
                    [
                        0.25
                    ],
                    [
                        0.25
                    ],
                    [
                        0.5
                    ],
                    [
                        0.5
                    ],
                    [
                        0.5
                    ],
                    [
                        0.5
                    ],
                    [
                        0.5
                    ],
                    [
                        0.5
                    ],
                    [
                        0.5
                    ],
                    [
                        0.5
                    ],
                    [
                        0.5
                    ],
                    [
                        0.5
                    ],
                    [
                        0.5
                    ],
                    [
                        0.5
                    ],
                    [
                        0.5
                    ],
                    [
                        0.5
                    ],
                    [
                        0.5
                    ],
                    [
                        0.5
                    ],
                    [
                        0.5
                    ],
                    [
                        0.5
                    ]
                ]
            ],
            "returns": [
                [
                    [
                        0.18974736332893372
                    ],
                    [
                        0.1888137310743332
                    ],
                    [
                        0.1878683865070343
                    ],
                    [
                        0.1871568113565445
                    ],
                    [
                        0.18639831244945526
                    ],
                    [
                        0.18559066951274872
                    ],
                    [
                        0.18471598625183105
                    ],
                    [
                        0.18378916382789612
                    ],
                    [
                        0.18282951414585114
                    ],
                    [
                        0.18183764815330505
                    ],
                    [
                        0.18085305392742157
                    ],
                    [
                        0.17986753582954407
                    ],
                    [
                        0.17886963486671448
                    ],
                    [
                        0.17787520587444305
                    ],
                    [
                        0.176888570189476
                    ],
                    [
                        0.17594735324382782
                    ],
                    [
                        0.17502199113368988
                    ],
                    [
                        0.17408300936222076
                    ],
                    [
                        0.17315275967121124
                    ],
                    [
                        0.1722172051668167
                    ]
                ]
            ],
            "timesteps": [
                [
                    420,
                    421,
                    422,
                    423,
                    424,
                    425,
                    426,
                    427,
                    428,
                    429,
                    430,
                    431,
                    432,
                    433,
                    434,
                    435,
                    436,
                    437,
                    438,
                    439
                ]
            ],
            "labels": [
                [
                    0,
                    0,
                    1,
                    1,
                    1,
                    1,
                    1,
                    1,
                    1,
                    1,
                    1,
                    1,
                    1,
                    1,
                    1,
                    1,
                    1,
                    1,
                    1,
                    1
                ]
            ],
            "CPU Usage": 46.7,
            "RAM Usage": 55.2,
            "GPU Usage": 0.0,
            "VRAM Usage": 355.0,
            "Disk Read Speed (MB/s)": 206066.5869140625,
            "Disk Write Speed (MB/s)": 369888.7939453125
        },
        {
            "step": 2,
            "train_loss": 0.03306325525045395,
            "actions_pred1": [
                [
                    [
                        -0.032487258315086365,
                        -0.0441843718290329,
                        0.76236891746521,
                        -0.6649739742279053
                    ],
                    [
                        0.04856666922569275,
                        0.02845597267150879,
                        0.7165690660476685,
                        -0.7606005668640137
                    ],
                    [
                        0.11137635260820389,
                        0.2506950795650482,
                        0.7112874388694763,
                        -0.807205319404602
                    ],
                    [
                        0.14206743240356445,
                        0.2405792772769928,
                        0.6459653973579407,
                        -0.7277032136917114
                    ],
                    [
                        0.00888841599225998,
                        0.42032381892204285,
                        0.7632333636283875,
                        -0.7119016051292419
                    ],
                    [
                        -0.06348487734794617,
                        0.43906980752944946,
                        0.7494449615478516,
                        -0.7259522676467896
                    ],
                    [
                        0.19592681527137756,
                        0.3683212697505951,
                        0.685259222984314,
                        -0.6791003346443176
                    ],
                    [
                        0.3177332580089569,
                        0.4428209662437439,
                        0.7070609927177429,
                        -0.5780123472213745
                    ],
                    [
                        0.28318825364112854,
                        0.41538381576538086,
                        0.7131531238555908,
                        -0.6245091557502747
                    ],
                    [
                        0.24272868037223816,
                        0.4576509892940521,
                        0.7593886256217957,
                        -0.7546501159667969
                    ],
                    [
                        0.24578049778938293,
                        0.461285799741745,
                        0.7195338010787964,
                        -0.6127158403396606
                    ],
                    [
                        0.2537752389907837,
                        0.4408160150051117,
                        0.6985252499580383,
                        -0.7018491625785828
                    ],
                    [
                        0.491195946931839,
                        0.4454716145992279,
                        0.7438091039657593,
                        -0.7573786973953247
                    ],
                    [
                        0.5053271055221558,
                        0.41339653730392456,
                        0.6323207020759583,
                        -0.5981581211090088
                    ],
                    [
                        0.6099504828453064,
                        0.3871508836746216,
                        0.6205616593360901,
                        -0.6067989468574524
                    ],
                    [
                        0.4839164614677429,
                        0.37350884079933167,
                        0.6380287408828735,
                        -0.6892558336257935
                    ],
                    [
                        0.3072969317436218,
                        0.37460649013519287,
                        0.6443848013877869,
                        -0.6832525730133057
                    ],
                    [
                        0.3313000202178955,
                        0.413362592458725,
                        0.6991127133369446,
                        -0.7903417348861694
                    ],
                    [
                        0.35589104890823364,
                        0.4431045949459076,
                        0.779642641544342,
                        -0.7015763521194458
                    ],
                    [
                        0.3525264263153076,
                        0.3908470869064331,
                        0.6265131235122681,
                        -0.7293490171432495
                    ]
                ]
            ],
            "actions_pred": [
                [
                    [
                        -0.032487258315086365,
                        0.04856666922569275,
                        0.11137635260820389,
                        0.14206743240356445,
                        0.00888841599225998,
                        -0.06348487734794617,
                        0.19592681527137756,
                        0.3177332580089569,
                        0.28318825364112854,
                        0.24272868037223816,
