{
    "steps": [
        {
            "step": 0,
            "train_loss": 0.009491232223808765,
            "actions_pred1": [
                [
                    [
                        2.909052610397339,
                        2.4099655151367188,
                        0.8910313844680786,
                        -5.499266624450684
                    ],
                    [
                        2.8842358589172363,
                        2.6263747215270996,
                        0.7023249864578247,
                        -5.005539894104004
                    ],
                    [
                        3.252937078475952,
                        2.5968265533447266,
                        0.8680869340896606,
                        -5.49981689453125
                    ],
                    [
                        4.098328590393066,
                        2.3970203399658203,
                        0.5275323390960693,
                        -6.212068557739258
                    ],
                    [
                        4.037110328674316,
                        2.6216025352478027,
                        0.35250112414360046,
                        -6.597097396850586
                    ],
                    [
                        4.179150581359863,
                        2.8056015968322754,
                        -0.05294772982597351,
                        -6.818163871765137
                    ],
                    [
                        4.32004451751709,
                        3.075305461883545,
                        -0.04270896315574646,
                        -6.824820041656494
                    ],
                    [
                        4.4621992111206055,
                        2.940260410308838,
                        -0.03488892316818237,
                        -6.930932521820068
                    ],
                    [
                        4.59961462020874,
                        3.016911745071411,
                        0.3591262102127075,
                        -7.091156482696533
                    ],
                    [
                        4.572545528411865,
                        2.944734573364258,
                        0.5858914852142334,
                        -7.196484088897705
                    ],
                    [
                        4.112940788269043,
                        2.8715333938598633,
                        0.07717171311378479,
                        -7.27778959274292
                    ],
                    [
                        4.142239570617676,
                        2.941859722137451,
                        0.06770825386047363,
                        -6.918343544006348
                    ],
                    [
                        4.462222099304199,
                        2.8999695777893066,
                        -0.03693315386772156,
                        -6.794425964355469
                    ],
                    [
                        4.483233451843262,
                        3.1156153678894043,
                        -0.33754584193229675,
                        -6.787600040435791
                    ],
                    [
                        4.68891716003418,
                        3.05486798286438,
                        -0.405242919921875,
                        -6.919774055480957
                    ],
                    [
                        4.55068302154541,
                        3.0730843544006348,
                        -0.48066478967666626,
                        -7.123808860778809
                    ],
                    [
                        4.161800384521484,
                        3.179659366607666,
                        -0.24479085206985474,
                        -7.1756367683410645
                    ],
                    [
                        4.016724586486816,
                        3.3098268508911133,
                        -0.06552749872207642,
                        -7.074957847595215
                    ],
                    [
                        4.012476444244385,
                        3.4133057594299316,
                        -0.18425601720809937,
                        -7.188838958740234
                    ],
                    [
                        4.130389213562012,
                        3.1159169673919678,
                        0.15682601928710938,
                        -7.351318836212158
                    ]
                ]
            ],
            "actions_pred": [
                [
                    [
                        2.909052610397339,
                        2.8842358589172363,
                        3.252937078475952,
                        4.098328590393066,
                        4.037110328674316,
                        4.179150581359863,
                        4.32004451751709,
                        4.4621992111206055,
                        4.59961462020874,
                        4.572545528411865,
                        4.112940788269043,
                        4.142239570617676,
                        4.462222099304199,
                        4.483233451843262,
                        4.68891716003418,
                        4.55068302154541,
                        4.161800384521484,
                        4.016724586486816,
                        4.012476444244385,
                        4.130389213562012
                    ],
                    [
                        2.4099655151367188,
                        2.6263747215270996,
                        2.5968265533447266,
                        2.3970203399658203,
                        2.6216025352478027,
                        2.8056015968322754,
                        3.075305461883545,
                        2.940260410308838,
                        3.016911745071411,
                        2.944734573364258,
                        2.8715333938598633,
                        2.941859722137451,
                        2.8999695777893066,
                        3.1156153678894043,
                        3.05486798286438,
                        3.0730843544006348,
                        3.179659366607666,
                        3.3098268508911133,
                        3.4133057594299316,
                        3.1159169673919678
                    ],
                    [
                        0.8910313844680786,
                        0.7023249864578247,
                        0.8680869340896606,
                        0.5275323390960693,
                        0.35250112414360046,
                        -0.05294772982597351,
                        -0.04270896315574646,
                        -0.03488892316818237,
                        0.3591262102127075,
                        0.5858914852142334,
                        0.07717171311378479,
                        0.06770825386047363,
                        -0.03693315386772156,
                        -0.33754584193229675,
                        -0.405242919921875,
                        -0.48066478967666626,
                        -0.24479085206985474,
                        -0.06552749872207642,
                        -0.18425601720809937,
                        0.15682601928710938
                    ],
                    [
                        -5.499266624450684,
                        -5.005539894104004,
                        -5.49981689453125,
                        -6.212068557739258,
                        -6.597097396850586,
                        -6.818163871765137,
                        -6.824820041656494,
                        -6.930932521820068,
                        -7.091156482696533,
                        -7.196484088897705,
                        -7.27778959274292,
                        -6.918343544006348,
                        -6.794425964355469,
                        -6.787600040435791,
                        -6.919774055480957,
                        -7.123808860778809,
                        -7.1756367683410645,
                        -7.074957847595215,
                        -7.188838958740234,
                        -7.351318836212158
                    ]
                ]
            ],
            "states": [
                [
                    [
                        492320.0,
                        0.00014767394168302417,
                        0.018082506954669952,
                        363027.84375
                    ],
                    [
                        506800.0,
                        0.00014520809054374695,
                        0.01018515508621931,
                        441748.1875
                    ],
                    [
                        501008.0,
                        0.00014280257164500654,
                        0.009355437941849232,
                        481891.75
                    ],
                    [
                        543000.0,
                        0.00014039389498066157,
                        0.008023547939956188,
                        309271.0625
                    ],
                    [
                        571960.0,
                        0.00013790946104563773,
                        0.007616695482283831,
                        326690.1875
                    ],
                    [
                        626984.0,
                        0.00013533451419789344,
                        0.00705355079844594,
                        304830.28125
                    ],
                    [
                        582096.0,
                        0.00013283209409564734,
                        0.006484133191406727,
                        283344.0
                    ],
                    [
                        638568.0,
                        0.00013039908662904054,
                        0.005326922982931137,
                        341204.21875
                    ],
                    [
                        584992.0,
                        0.00012804687139578164,
                        0.005689277779310942,
                        350770.6875
                    ],
                    [
                        631328.0,
                        0.00012579229951370507,
                        0.0069713592529296875,
                        304207.3125
                    ],
                    [
                        438744.0,
                        0.00012387130118440837,
                        0.005918858107179403,
                        445445.40625
                    ],
                    [
                        682008.0,
                        0.00012192520807730034,
                        0.005743528250604868,
                        443906.625
                    ],
                    [
                        894864.0,
                        0.00011928792810067534,
                        0.007119554560631514,
                        502220.71875
                    ],
                    [
                        799296.0,
                        0.00011657496361294761,
                        0.006755398586392403,
                        559882.4375
                    ],
                    [
                        1003464.0,
                        0.000113823996798601,
                        0.007165591698139906,
                        431313.21875
                    ],
                    [
                        990432.0,
                        0.00011092599743278697,
                        0.006897749379277229,
                        501689.5625
                    ],
                    [
                        1185912.0,
                        0.00010792924149427563,
                        0.00677958969026804,
                        421160.84375
                    ],
                    [
                        1324920.0,
                        0.00010466613457538188,
                        0.006738434080034494,
                        445300.59375
                    ],
                    [
                        1403112.0,
                        0.00010133643809240311,
                        0.008364989422261715,
                        440591.6875
                    ],
                    [
                        1637688.0,
                        9.786803275346756e-05,
                        0.005549952387809753,
                        381840.25
                    ]
                ]
            ],
            "actions": [
                [
                    [
                        0.25
                    ],
                    [
                        0.25
                    ],
                    [
                        0.25
                    ],
                    [
                        0.25
                    ],
                    [
                        0.25
                    ],
                    [
                        0.25
                    ],
                    [
                        0.25
                    ],
                    [
                        0.25
                    ],
                    [
                        0.25
                    ],
                    [
                        0.25
                    ],
                    [
                        0.25
                    ],
                    [
                        0.25
                    ],
                    [
                        0.25
                    ],
                    [
                        0.25
                    ],
                    [
                        0.25
                    ],
                    [
                        0.25
                    ],
                    [
                        0.25
                    ],
                    [
                        0.25
                    ],
                    [
                        0.25
                    ],
                    [
                        0.25
                    ]
                ]
            ],
            "returns": [
                [
                    [
                        0.06894823163747787
                    ],
                    [
                        0.06822619587182999
                    ],
                    [
                        0.06750158965587616
                    ],
                    [
                        0.06677800416946411
                    ],
                    [
                        0.06604728102684021
                    ],
                    [
                        0.06531195342540741
                    ],
                    [
                        0.06456847488880157
                    ],
                    [
                        0.06383159011602402
                    ],
                    [
                        0.06308649480342865
                    ],
                    [
                        0.062349170446395874
                    ],
                    [
                        0.06160508468747139
                    ],
                    [
                        0.060893263667821884
                    ],
                    [
                        0.060142334550619125
                    ],
                    [
                        0.05936732143163681
                    ],
                    [
                        0.05860232189297676
                    ],
                    [
                        0.05781715363264084
                    ],
                    [
                        0.05703314393758774
                    ],
                    [
                        0.05623316764831543
                    ],
                    [
                        0.05542336031794548
                    ],
                    [
                        0.05460847169160843
                    ]
                ]
            ],
            "timesteps": [
                [
                    560,
                    561,
                    562,
                    563,
                    564,
                    565,
                    566,
                    567,
                    568,
                    569,
                    570,
                    571,
                    572,
                    573,
                    574,
                    575,
                    576,
                    577,
                    578,
                    579
                ]
            ],
            "labels": [
                [
                    0,
                    0,
                    0,
                    0,
                    0,
                    0,
                    0,
                    0,
                    0,
                    0,
                    0,
                    0,
                    0,
                    0,
                    0,
                    0,
                    0,
                    0,
                    0,
                    0
                ]
            ],
            "CPU Usage": 46.7,
            "RAM Usage": 55.0,
            "GPU Usage": 0.0,
            "VRAM Usage": 356.0,
            "Disk Read Speed (MB/s)": 206646.0849609375,
            "Disk Write Speed (MB/s)": 416581.0517578125
        },
        {
            "step": 1,
            "train_loss": 0.0023710329551249743,
            "actions_pred1": [
                [
                    [
                        -0.32750803232192993,
                        2.06315541267395,
                        -0.6265713572502136,
                        -5.395450592041016
                    ],
                    [
                        -0.5803070068359375,
                        2.6548690795898438,
                        -0.754361629486084,
                        -6.182306289672852
                    ],
                    [
                        0.25411614775657654,
                        3.1680092811584473,
                        -0.6481671333312988,
                        -5.839970588684082
                    ],
                    [
                        0.5873130559921265,
                        3.556243896484375,
                        -0.5892331004142761,
                        -5.958176612854004
                    ],
                    [
                        0.740208625793457,
                        3.3252949714660645,
                        -0.4843071699142456,
                        -6.3221564292907715
                    ],
                    [
                        0.6404579877853394,
                        3.288557529449463,
                        -0.4447885751724243,
                        -6.366186618804932
                    ],
                    [
                        0.6129775047302246,
                        3.0968613624572754,
                        -0.44839751720428467,
                        -6.119415760040283
                    ],
                    [
                        0.7636376619338989,
                        3.4117555618286133,
                        -0.320370614528656,
                        -6.145477771759033
                    ],
                    [
                        0.7547136545181274,
                        3.2718067169189453,
                        -0.2821834087371826,
                        -6.5459160804748535
                    ],
                    [
                        0.4819953441619873,
                        3.3459086418151855,
                        -0.4630261957645416,
                        -6.80332088470459
                    ],
                    [
                        0.45341306924819946,
                        3.7689313888549805,
                        -0.27464187145233154,
                        -6.913049697875977
                    ],
                    [
                        0.5847980380058289,
                        3.761617660522461,
                        -0.2937973141670227,
                        -6.520571231842041
                    ],
                    [
                        0.7221325635910034,
                        3.9963481426239014,
                        -0.24709820747375488,
                        -6.7326250076293945
                    ],
                    [
                        0.6224086284637451,
                        3.791591167449951,
                        -0.11494371294975281,
                        -6.6249895095825195
                    ],
                    [
                        0.7153298258781433,
                        3.710608959197998,
                        -0.12796220183372498,
                        -6.682814121246338
                    ],
                    [
                        0.6849406361579895,
                        3.552551507949829,
                        -0.33492979407310486,
                        -6.6839680671691895
                    ],
                    [
                        0.6198377013206482,
                        3.6199240684509277,
                        -0.12752529978752136,
                        -6.875277519226074
                    ],
                    [
                        0.4506465792655945,
                        3.6393837928771973,
                        -0.11186617612838745,
                        -6.707266807556152
                    ],
                    [
                        0.6661446690559387,
                        4.1457133293151855,
                        -0.020275592803955078,
                        -6.764898300170898
                    ],
                    [
                        0.9545907974243164,
                        4.163171768188477,
                        0.08674639463424683,
                        -7.108831405639648
                    ]
                ]
            ],
            "actions_pred": [
                [
                    [
                        -0.32750803232192993,
                        -0.5803070068359375,
                        0.25411614775657654,
                        0.5873130559921265,
                        0.740208625793457,
                        0.6404579877853394,
                        0.6129775047302246,
                        0.7636376619338989,
                        0.7547136545181274,
                        0.4819953441619873,
                        0.45341306924819946,
                        0.5847980380058289,
                        0.7221325635910034,
                        0.6224086284637451,
                        0.7153298258781433,
                        0.6849406361579895,
                        0.6198377013206482,
                        0.4506465792655945,
                        0.6661446690559387,
                        0.9545907974243164
                    ],
                    [
                        2.06315541267395,
                        2.6548690795898438,
                        3.1680092811584473,
                        3.556243896484375,
                        3.3252949714660645,
                        3.288557529449463,
                        3.0968613624572754,
                        3.4117555618286133,
                        3.2718067169189453,
                        3.3459086418151855,
                        3.7689313888549805,
                        3.761617660522461,
                        3.9963481426239014,
                        3.791591167449951,
                        3.710608959197998,
                        3.552551507949829,
                        3.6199240684509277,
                        3.6393837928771973,
                        4.1457133293151855,
                        4.163171768188477
                    ],
                    [
                        -0.6265713572502136,
                        -0.754361629486084,
                        -0.6481671333312988,
                        -0.5892331004142761,
                        -0.4843071699142456,
                        -0.4447885751724243,
                        -0.44839751720428467,
                        -0.320370614528656,
                        -0.2821834087371826,
                        -0.4630261957645416,
                        -0.27464187145233154,
                        -0.2937973141670227,
                        -0.24709820747375488,
                        -0.11494371294975281,
                        -0.12796220183372498,
                        -0.33492979407310486,
                        -0.12752529978752136,
                        -0.11186617612838745,
                        -0.020275592803955078,
                        0.08674639463424683
                    ],
                    [
                        -5.395450592041016,
                        -6.182306289672852,
                        -5.839970588684082,
                        -5.958176612854004,
                        -6.3221564292907715,
                        -6.366186618804932,
                        -6.119415760040283,
                        -6.145477771759033,
                        -6.5459160804748535,
                        -6.80332088470459,
                        -6.913049697875977,
                        -6.520571231842041,
                        -6.7326250076293945,
                        -6.6249895095825195,
                        -6.682814121246338,
                        -6.6839680671691895,
                        -6.875277519226074,
                        -6.707266807556152,
                        -6.764898300170898,
                        -7.108831405639648
                    ]
                ]
            ],
            "states": [
                [
                    [
                        3840096.0,
                        2.92694730887888e-05,
                        0.00022606240236200392,
                        669392.5
                    ],
                    [
                        5186736.0,
                        2.8975890018045902e-05,
                        0.0002532026555854827,
                        623919.4375
                    ],
                    [
                        4765368.0,
                        2.86587583104847e-05,
                        0.0002667571825440973,
                        632646.8125
                    ],
                    [
                        6161240.0,
                        2.8318694603512995e-05,
                        0.00026687141507864,
                        545136.5625
                    ],
                    [
                        6174272.0,
                        2.7944166504312307e-05,
                        0.0002529114135541022,
                        614846.3125
                    ],
                    [
                        5751456.0,
                        2.7591326215770096e-05,
                        0.0002583715249784291,
                        530205.9375
                    ],
                    [
                        7742456.0,
                        2.720300471992232e-05,
                        0.001365873496979475,
                        538990.625
                    ],
                    [
                        6206128.0,
                        2.6812451324076392e-05,
                        0.0008239395683631301,
                        520321.9375
                    ],
                    [
                        5211352.0,
                        2.6501078536966816e-05,
                        0.0005388445570133626,
                        565831.875
                    ],
                    [
                        4737856.0,
                        2.623563341330737e-05,
                        0.0005018769879825413,
                        557744.25
                    ],
                    [
                        3256552.0,
                        2.6026094928965904e-05,
                        0.0005396626074798405,
                        583406.625
                    ],
                    [
                        2370376.0,
                        2.588063398434315e-05,
                        0.00039070475031621754,
                        599303.875
                    ],
                    [
                        3150848.0,
                        2.573955680418294e-05,
                        0.00037147922557778656,
                        638024.3125
                    ],
                    [
                        4121008.0,
                        2.5556088075973094e-05,
                        0.00035373689024709165,
                        613075.625
                    ],
                    [
                        3627240.0,
                        2.5363364329678006e-05,
                        0.0003472233365755528,
                        713559.4375
                    ],
                    [
                        4171688.0,
                        2.5172355890390463e-05,
                        0.00021890846255701035,
                        610763.0
                    ],
                    [
                        2390648.0,
                        2.501373273844365e-05,
                        0.00019109471759293228,
                        629310.5
                    ],
                    [
                        3237728.0,
                        2.487938036210835e-05,
                        0.00025023153284564614,
                        525239.375
                    ],
                    [
                        5175152.0,
                        2.4681297873030417e-05,
                        0.000305382302030921,
                        610625.375
                    ],
                    [
                        4510520.0,
                        2.445693280606065e-05,
                        0.00029567780438810587,
                        582702.6875
                    ]
                ]
            ],
            "actions": [
                [
                    [
                        0.5
                    ],
                    [
                        0.5
                    ],
                    [
                        0.5
                    ],
                    [
                        0.5
                    ],
                    [
                        0.5
                    ],
                    [
                        0.5
                    ],
                    [
                        0.5
                    ],
                    [
                        0.5
                    ],
                    [
                        0.5
                    ],
                    [
                        0.5
                    ],
                    [
                        0.5
                    ],
                    [
                        0.5
                    ],
                    [
                        0.5
                    ],
                    [
                        0.5
                    ],
                    [
                        0.5
                    ],
                    [
                        0.5
                    ],
                    [
                        0.5
                    ],
                    [
                        0.5
                    ],
                    [
                        0.5
                    ],
                    [
                        0.5
                    ]
                ]
            ],
            "returns": [
                [
                    [
                        0.11548818647861481
                    ],
                    [
                        0.11458403617143631
                    ],
                    [
                        0.11365323513746262
                    ],
                    [
                        0.11272994428873062
                    ],
                    [
                        0.11178387701511383
                    ],
                    [
                        0.11083762347698212
                    ],
                    [
                        0.1098976582288742
                    ],
                    [
                        0.10893134027719498
                    ],
                    [
                        0.10798463225364685
                    ],
                    [
                        0.10705341398715973
                    ],
                    [
                        0.10613063722848892
                    ],
                    [
                        0.10524109750986099
                    ],
                    [
                        0.10437972098588943
                    ],
                    [
                        0.1034931093454361
                    ],
                    [
                        0.10258270055055618
                    ],
                    [
                        0.1016836017370224
                    ],
                    [
                        0.10077211260795593
                    ],
                    [
                        0.09990997612476349
                    ],
                    [
                        0.09902095794677734
                    ],
                    [
                        0.09809035062789917
                    ]
                ]
            ],
            "timesteps": [
                [
                    500,
                    501,
                    502,
                    503,
                    504,
                    505,
                    506,
                    507,
                    508,
                    509,
                    510,
                    511,
                    512,
                    513,
                    514,
                    515,
                    516,
                    517,
                    518,
                    519
                ]
            ],
            "labels": [
                [
                    1,
                    1,
                    1,
                    1,
                    1,
                    1,
                    1,
                    1,
                    1,
                    1,
                    1,
                    1,
                    1,
                    1,
                    1,
                    1,
                    1,
                    1,
                    1,
                    1
                ]
            ],
            "CPU Usage": 46.8,
            "RAM Usage": 55.1,
            "GPU Usage": 0.0,
            "VRAM Usage": 356.0,
            "Disk Read Speed (MB/s)": 206646.0849609375,
            "Disk Write Speed (MB/s)": 416581.1845703125
        },
        {
            "step": 2,
            "train_loss": 0.0034007919020950794,
            "actions_pred1": [
                [
                    [
                        1.556288719177246,
                        3.5616981983184814,
                        0.4676592946052551,
                        -4.864948272705078
                    ],
                    [
                        1.7710132598876953,
                        4.121334552764893,
                        0.2761884331703186,
                        -4.784293174743652
                    ],
                    [
                        1.896848201751709,
                        4.249151706695557,
                        0.29456382989883423,
                        -5.49550724029541
                    ],
                    [
                        1.8889195919036865,
                        3.8027873039245605,
                        0.3947887122631073,
                        -5.701456069946289
                    ],
                    [
                        1.821770429611206,
                        3.988682270050049,
                        0.5575258731842041,
                        -6.088652610778809
                    ],
                    [
                        1.5209476947784424,
                        4.273360252380371,
                        0.23472054302692413,
                        -6.272242546081543
                    ],
                    [
                        1.5835837125778198,
                        4.506905555725098,
                        0.09693007171154022,
                        -6.460386276245117
                    ],
                    [
                        1.802000641822815,
                        4.312012672424316,
                        -0.11911007761955261,
                        -6.503408432006836
                    ],
                    [
                        2.0891807079315186,
                        4.225632667541504,
                        -0.09726141393184662,
                        -6.683340072631836
                    ],
                    [
                        1.877816915512085,
                        4.167294025421143,
                        -0.2539016902446747,
                        -6.720975399017334
                    ],
                    [
                        2.071134567260742,
                        4.348413467407227,
                        -0.19608676433563232,
                        -6.787363052368164
                    ],
                    [
                        2.275204658508301,
                        4.295780658721924,
                        -0.15231868624687195,
                        -6.825697898864746
                    ],
                    [
                        2.2982125282287598,
                        4.44849967956543,
                        -0.010809779167175293,
                        -7.194859504699707
                    ],
                    [
                        2.1512153148651123,
                        4.801645278930664,
                        0.042623862624168396,
                        -7.435746669769287
                    ],
                    [
                        2.218022584915161,
                        4.61580228805542,
                        0.2544991970062256,
                        -7.256669998168945
                    ],
                    [
                        2.1108484268188477,
                        4.611820220947266,
                        0.18513455986976624,
                        -7.340388298034668
                    ],
                    [
                        2.1231069564819336,
                        4.626736164093018,
                        0.22288772463798523,
                        -7.332794666290283
                    ],
                    [
                        2.120513916015625,
                        4.615413665771484,
                        0.29579436779022217,
                        -7.29850435256958
                    ],
                    [
                        2.332090377807617,
                        4.680564880371094,
                        0.35230186581611633,
                        -7.216090679168701
                    ],
                    [
                        2.2897086143493652,
                        4.517919540405273,
                        0.2683306932449341,
                        -7.31434440612793
                    ]
                ]
            ],
            "actions_pred": [
                [
                    [
                        1.556288719177246,
                        1.7710132598876953,
                        1.896848201751709,
                        1.8889195919036865,
                        1.821770429611206,
                        1.5209476947784424,
                        1.5835837125778198,
                        1.802000641822815,
                        2.0891807079315186,
                        1.877816915512085,
                        2.071134567260742,
                        2.275204658508301,
                        2.2982125282287598,
