{
    "steps": [
        {
            "step": 0,
            "train_loss": 0.041467390954494476,
            "actions_pred1": [
                [
                    [
                        0.8518991470336914,
                        0.19406573474407196,
                        0.37770718336105347,
                        -0.429609090089798
                    ],
                    [
                        0.9923854470252991,
                        0.08373036980628967,
                        0.4097815155982971,
                        -0.41078510880470276
                    ],
                    [
                        0.7673617005348206,
                        0.2623048722743988,
                        0.35895028710365295,
                        -0.49083930253982544
                    ],
                    [
                        0.5688953399658203,
                        0.30843520164489746,
                        0.39740219712257385,
                        -0.5478165149688721
                    ],
                    [
                        0.6086977124214172,
                        0.32357603311538696,
                        0.4192042648792267,
                        -0.5928178429603577
                    ],
                    [
                        0.5757803916931152,
                        0.30068185925483704,
                        0.45355623960494995,
                        -0.7452841401100159
                    ],
                    [
                        0.5698831677436829,
                        0.35358312726020813,
                        0.4767375588417053,
                        -0.6808459758758545
                    ],
                    [
                        0.48816734552383423,
                        0.2591063976287842,
                        0.24626491963863373,
                        -0.6049304008483887
                    ],
                    [
                        0.48569414019584656,
                        0.23966802656650543,
                        0.25865936279296875,
                        -0.5990536212921143
                    ],
                    [
                        0.5346038341522217,
                        0.32310688495635986,
                        0.3093695044517517,
                        -0.5288591384887695
                    ],
                    [
                        0.6083455681800842,
                        0.3529793620109558,
                        0.3195996880531311,
                        -0.45486003160476685
                    ],
                    [
                        0.5670084953308105,
                        0.3937605023384094,
                        0.3669026494026184,
                        -0.432775616645813
                    ],
                    [
                        0.4889112710952759,
                        0.3592694103717804,
                        0.261048287153244,
                        -0.4631569981575012
                    ],
                    [
                        0.3361493945121765,
                        0.43610161542892456,
                        0.38474729657173157,
                        -0.4185195565223694
                    ],
                    [
                        0.3868349492549896,
                        0.3068459928035736,
                        0.44265756011009216,
                        -0.719683051109314
                    ],
                    [
                        0.35428386926651,
                        0.3145843744277954,
                        0.4972624182701111,
                        -0.6545788645744324
                    ],
                    [
                        0.3857284486293793,
                        0.3549223244190216,
                        0.5893007516860962,
                        -0.6951577663421631
                    ],
                    [
                        0.4844019114971161,
                        0.39814087748527527,
                        0.6131707429885864,
                        -0.635089635848999
                    ],
                    [
                        0.497516930103302,
                        0.41594794392585754,
                        0.3389825224876404,
                        -0.5973498225212097
                    ],
                    [
                        0.3944880962371826,
                        0.42100220918655396,
                        0.40453022718429565,
                        -0.5939325094223022
                    ]
                ]
            ],
            "actions_pred": [
                [
                    [
                        0.8518991470336914,
                        0.9923854470252991,
                        0.7673617005348206,
                        0.5688953399658203,
                        0.6086977124214172,
                        0.5757803916931152,
                        0.5698831677436829,
                        0.48816734552383423,
                        0.48569414019584656,
                        0.5346038341522217,
                        0.6083455681800842,
                        0.5670084953308105,
                        0.4889112710952759,
                        0.3361493945121765,
                        0.3868349492549896,
                        0.35428386926651,
                        0.3857284486293793,
                        0.4844019114971161,
                        0.497516930103302,
                        0.3944880962371826
                    ],
                    [
                        0.19406573474407196,
                        0.08373036980628967,
                        0.2623048722743988,
                        0.30843520164489746,
                        0.32357603311538696,
                        0.30068185925483704,
                        0.35358312726020813,
                        0.2591063976287842,
                        0.23966802656650543,
                        0.32310688495635986,
                        0.3529793620109558,
                        0.3937605023384094,
                        0.3592694103717804,
                        0.43610161542892456,
                        0.3068459928035736,
                        0.3145843744277954,
                        0.3549223244190216,
                        0.39814087748527527,
                        0.41594794392585754,
                        0.42100220918655396
                    ],
                    [
                        0.37770718336105347,
                        0.4097815155982971,
                        0.35895028710365295,
                        0.39740219712257385,
                        0.4192042648792267,
                        0.45355623960494995,
                        0.4767375588417053,
                        0.24626491963863373,
                        0.25865936279296875,
                        0.3093695044517517,
                        0.3195996880531311,
                        0.3669026494026184,
                        0.261048287153244,
                        0.38474729657173157,
                        0.44265756011009216,
                        0.4972624182701111,
                        0.5893007516860962,
                        0.6131707429885864,
                        0.3389825224876404,
                        0.40453022718429565
                    ],
                    [
                        -0.429609090089798,
                        -0.41078510880470276,
                        -0.49083930253982544,
                        -0.5478165149688721,
                        -0.5928178429603577,
                        -0.7452841401100159,
                        -0.6808459758758545,
                        -0.6049304008483887,
                        -0.5990536212921143,
                        -0.5288591384887695,
                        -0.45486003160476685,
                        -0.432775616645813,
                        -0.4631569981575012,
                        -0.4185195565223694,
                        -0.719683051109314,
                        -0.6545788645744324,
                        -0.6951577663421631,
                        -0.635089635848999,
                        -0.5973498225212097,
                        -0.5939325094223022
                    ]
                ]
            ],
            "states": [
                [
                    [
                        4019648.0,
                        3.81172176275868e-05,
                        0.00027542549651116133,
                        604074.25
                    ],
                    [
                        3591040.0,
                        3.7697544030379504e-05,
                        0.00025879128952510655,
                        645691.25
                    ],
                    [
                        4225264.0,
                        3.727625517058186e-05,
                        0.0002528103068470955,
                        514911.09375
                    ],
                    [
                        4439568.0,
                        3.6820012610405684e-05,
                        0.00020026147831231356,
                        552938.5
                    ],
                    [
                        5228728.0,
                        3.6324065149528906e-05,
                        0.00022364039614330977,
                        577892.375
                    ],
                    [
                        5965760.0,
                        3.5766250221058726e-05,
                        0.0002323320077266544,
                        503764.8125
                    ],
                    [
                        6114904.0,
                        3.518302401062101e-05,
                        0.00023472661268897355,
                        508360.15625
                    ],
                    [
                        5644304.0,
                        3.463315078988671e-05,
                        0.00024062122975010425,
                        571257.3125
                    ],
                    [
                        5870192.0,
                        3.411128273000941e-05,
                        0.0001874879380920902,
                        547187.9375
                    ],
                    [
                        5618240.0,
                        3.360593836987391e-05,
                        0.00025532711879350245,
                        590262.375
                    ],
                    [
                        6352376.0,
                        3.3095278922701254e-05,
                        0.0002452299522701651,
                        574275.5
                    ],
                    [
                        5702224.0,
                        3.259619916207157e-05,
                        0.00023082415282260627,
                        543057.75
                    ],
                    [
                        7646888.0,
                        3.206136170774698e-05,
                        0.00026125748991034925,
                        526472.875
                    ],
                    [
                        5964312.0,
                        3.153302532155067e-05,
                        0.00024003862927202135,
                        536332.125
                    ],
                    [
                        5580592.0,
                        3.109858516836539e-05,
                        0.00019315553072374314,
                        564225.875
                    ],
                    [
                        6007752.0,
                        3.0674520530737936e-05,
                        0.00022412248654291034,
                        547189.8125
                    ],
                    [
                        4469976.0,
                        3.0300650905701332e-05,
                        0.00023788119142409414,
                        655379.0
                    ],
                    [
                        3631584.0,
                        3.0017836252227426e-05,
                        0.0002484873402863741,
                        709152.875
                    ],
                    [
                        3940008.0,
                        2.9758366508758627e-05,
                        0.00025739934062585235,
                        659045.125
                    ],
                    [
                        3424520.0,
                        2.951018359453883e-05,
                        0.00019004895875696093,
                        668658.9375
                    ]
                ]
            ],
            "actions": [
                [
                    [
                        0.5
                    ],
                    [
                        0.5
                    ],
                    [
                        0.5
                    ],
                    [
                        0.5
                    ],
                    [
                        0.5
                    ],
                    [
                        0.5
                    ],
                    [
                        0.5
                    ],
                    [
                        0.5
                    ],
                    [
                        0.5
                    ],
                    [
                        0.5
                    ],
                    [
                        0.5
                    ],
                    [
                        0.5
                    ],
                    [
                        0.5
                    ],
                    [
                        0.5
                    ],
                    [
                        0.5
                    ],
                    [
                        0.5
                    ],
                    [
                        0.5
                    ],
                    [
                        0.5
                    ],
                    [
                        0.5
                    ],
                    [
                        0.5
                    ]
                ]
            ],
            "returns": [
                [
                    [
                        0.13405705988407135
                    ],
                    [
                        0.13314884901046753
                    ],
                    [
                        0.13225065171718597
                    ],
                    [
                        0.13133801519870758
                    ],
                    [
                        0.1304210126399994
                    ],
                    [
                        0.1294894963502884
                    ],
                    [
                        0.12854628264904022
                    ],
                    [
                        0.12760089337825775
                    ],
                    [
                        0.12666259706020355
                    ],
                    [
                        0.12572081387043
                    ],
                    [
                        0.12478292733430862
                    ],
                    [
                        0.12383415549993515
                    ],
                    [
                        0.12289495021104813
                    ],
                    [
                        0.12192973494529724
                    ],
                    [
                        0.12098655104637146
                    ],
                    [
                        0.12004926055669785
                    ],
                    [
                        0.11910542845726013
                    ],
                    [
                        0.118187814950943
                    ],
                    [
                        0.11728861182928085
                    ],
                    [
                        0.1163821816444397
                    ]
                ]
            ],
            "timesteps": [
                [
                    480,
                    481,
                    482,
                    483,
                    484,
                    485,
                    486,
                    487,
                    488,
                    489,
                    490,
                    491,
                    492,
                    493,
                    494,
                    495,
                    496,
                    497,
                    498,
                    499
                ]
            ],
            "labels": [
                [
                    1,
                    1,
                    1,
                    1,
                    1,
                    1,
                    1,
                    1,
                    1,
                    1,
                    1,
                    1,
                    1,
                    1,
                    1,
                    1,
                    1,
                    1,
                    1,
                    1
                ]
            ],
            "CPU Usage": 45.4,
            "RAM Usage": 55.2,
            "GPU Usage": 0.0,
            "VRAM Usage": 356.0,
            "Disk Read Speed (MB/s)": 206065.9853515625,
            "Disk Write Speed (MB/s)": 364713.4423828125
        },
        {
            "step": 1,
            "train_loss": 0.03364797681570053,
            "actions_pred1": [
                [
                    [
                        0.616714596748352,
                        0.3310950994491577,
                        0.571624219417572,
                        0.139931321144104
                    ],
                    [
                        0.2807927131652832,
                        0.4482966959476471,
                        0.6274965405464172,
                        -0.08023941516876221
                    ],
                    [
                        0.24892231822013855,
                        0.3136443495750427,
                        0.4574682116508484,
                        -0.11252462863922119
                    ],
                    [
                        0.20073199272155762,
                        0.35454627871513367,
                        0.4851886034011841,
                        -0.19525304436683655
                    ],
                    [
                        0.15282076597213745,
                        0.4189755618572235,
                        0.47856324911117554,
                        -0.1989016830921173
                    ],
                    [
                        0.35441502928733826,
                        0.37956321239471436,
                        0.4627474546432495,
                        -0.3750494718551636
                    ],
                    [
                        0.22339458763599396,
                        0.20413662493228912,
                        0.6244061589241028,
                        -0.4004167914390564
                    ],
                    [
                        0.24603453278541565,
                        0.2866288423538208,
                        0.6843881011009216,
                        -0.41143232583999634
                    ],
                    [
                        0.1373530924320221,
                        0.34721776843070984,
                        0.5785859823226929,
                        -0.2522209882736206
                    ],
                    [
                        0.19189399480819702,
                        0.34534209966659546,
                        0.5577722191810608,
                        -0.32590585947036743
                    ],
                    [
                        0.15805429220199585,
                        0.3968128561973572,
                        0.6805809140205383,
                        -0.28431642055511475
                    ],
                    [
                        0.30885687470436096,
                        0.2382221221923828,
                        0.5775434970855713,
                        -0.16534027457237244
                    ],
                    [
                        0.2128046602010727,
                        0.2775166928768158,
                        0.665208101272583,
                        -0.18526163697242737
                    ],
                    [
                        0.22563055157661438,
                        0.38444578647613525,
                        0.5874282121658325,
                        -0.2956019937992096
                    ],
                    [
                        0.25967615842819214,
                        0.42566877603530884,
                        0.7118239402770996,
                        -0.31622809171676636
                    ],
                    [
                        0.41933250427246094,
                        0.4224863052368164,
                        0.6356244087219238,
                        -0.33779647946357727
                    ],
                    [
                        0.37503480911254883,
                        0.4528706669807434,
                        0.7300527691841125,
                        -0.2661682367324829
                    ],
                    [
                        0.2472231388092041,
                        0.5095288157463074,
                        0.7197454571723938,
                        -0.4457833766937256
                    ],
                    [
                        0.3015248775482178,
                        0.4613727331161499,
                        0.6922387480735779,
                        -0.4657396078109741
                    ],
                    [
                        0.36033597588539124,
                        0.4197711646556854,
                        0.625903308391571,
                        -0.3176092505455017
                    ]
                ]
            ],
            "actions_pred": [
                [
                    [
                        0.616714596748352,
                        0.2807927131652832,
                        0.24892231822013855,
                        0.20073199272155762,
                        0.15282076597213745,
                        0.35441502928733826,
                        0.22339458763599396,
                        0.24603453278541565,
                        0.1373530924320221,
                        0.19189399480819702,
                        0.15805429220199585,
                        0.30885687470436096,
                        0.2128046602010727,
                        0.22563055157661438,
                        0.25967615842819214,
                        0.41933250427246094,
                        0.37503480911254883,
                        0.2472231388092041,
                        0.3015248775482178,
                        0.36033597588539124
                    ],
                    [
                        0.3310950994491577,
                        0.4482966959476471,
                        0.3136443495750427,
                        0.35454627871513367,
                        0.4189755618572235,
                        0.37956321239471436,
                        0.20413662493228912,
                        0.2866288423538208,
                        0.34721776843070984,
                        0.34534209966659546,
                        0.3968128561973572,
                        0.2382221221923828,
                        0.2775166928768158,
                        0.38444578647613525,
                        0.42566877603530884,
                        0.4224863052368164,
                        0.4528706669807434,
                        0.5095288157463074,
                        0.4613727331161499,
                        0.4197711646556854
                    ],
                    [
                        0.571624219417572,
                        0.6274965405464172,
                        0.4574682116508484,
                        0.4851886034011841,
                        0.47856324911117554,
                        0.4627474546432495,
                        0.6244061589241028,
                        0.6843881011009216,
                        0.5785859823226929,
                        0.5577722191810608,
                        0.6805809140205383,
                        0.5775434970855713,
                        0.665208101272583,
                        0.5874282121658325,
                        0.7118239402770996,
                        0.6356244087219238,
                        0.7300527691841125,
                        0.7197454571723938,
                        0.6922387480735779,
                        0.625903308391571
                    ],
                    [
                        0.139931321144104,
                        -0.08023941516876221,
                        -0.11252462863922119,
                        -0.19525304436683655,
                        -0.1989016830921173,
                        -0.3750494718551636,
                        -0.4004167914390564,
                        -0.41143232583999634,
                        -0.2522209882736206,
                        -0.32590585947036743,
                        -0.28431642055511475,
                        -0.16534027457237244,
                        -0.18526163697242737,
                        -0.2956019937992096,
                        -0.31622809171676636,
                        -0.33779647946357727,
                        -0.2661682367324829,
                        -0.4457833766937256,
                        -0.4657396078109741,
                        -0.3176092505455017
                    ]
                ]
            ],
            "states": [
                [
                    [
                        5466200.0,
                        1.129001520894235e-05,
                        0.0002789112040773034,
                        818770.4375
                    ],
                    [
                        5612448.0,
                        1.1129687663924415e-05,
                        0.00025781430304050446,
                        898413.75
                    ],
                    [
                        5046280.0,
                        1.0979628314089496e-05,
                        0.0002818313369061798,
                        909004.75
                    ],
                    [
                        5249000.0,
                        1.0838540219992865e-05,
                        0.00027022496215067804,
                        810422.3125
                    ],
                    [
                        5515432.0,
                        1.0694837328628637e-05,
                        0.00027221045456826687,
                        891063.1875
                    ],
                    [
                        5182392.0,
                        1.0555714652582537e-05,
                        0.0002733847650233656,
                        862686.6875
                    ],
                    [
                        5021664.0,
                        1.0426368135085795e-05,
                        0.00026607781182974577,
                        893778.125
                    ],
                    [
                        5292440.0,
                        1.0298814231646247e-05,
                        0.00028466759249567986,
                        852371.5625
                    ],
                    [
                        5366288.0,
                        1.0170228961214889e-05,
                        0.0002693114511203021,
                        775255.625
                    ],
                    [
                        5483576.0,
                        1.0042614121630322e-05,
                        0.0002695369767025113,
                        802315.875
                    ],
                    [
                        5369184.0,
                        9.918102477968205e-06,
                        0.00026757299201563,
                        854250.0
                    ],
                    [
                        5670368.0,
                        9.794596735446248e-06,
                        0.0002770914288703352,
                        851009.75
                    ],
                    [
                        5537152.0,
                        9.67230062087765e-06,
                        0.0002540841815061867,
                        843244.5625
                    ],
                    [
                        5557424.0,
                        9.554213647788856e-06,
                        0.0002650599053595215,
                        914621.5625
                    ],
                    [
                        5403936.0,
                        9.440349458600394e-06,
                        0.00027801760006695986,
                        829670.8125
                    ],
                    [
                        5246104.0,
                        9.332287845609244e-06,
                        0.0002704633225221187,
                        839801.4375
                    ],
                    [
                        5603760.0,
                        9.224719178746454e-06,
                        0.0002756867033895105,
                        804814.3125
                    ],
                    [
                        5383664.0,
                        9.118263733398635e-06,
                        0.00025344316964037716,
                        920753.0625
                    ],
                    [
                        5525568.0,
                        8.914936188375577e-06,
                        0.000413205154472962,
                        941023.9375
                    ],
                    [
                        5521224.0,
                        8.814949069346767e-06,
                        0.00012937834253534675,
                        850908.25
                    ]
                ]
            ],
            "actions": [
                [
                    [
                        0.75
                    ],
                    [
                        0.75
                    ],
                    [
                        0.75
                    ],
                    [
                        0.75
                    ],
                    [
                        0.75
                    ],
                    [
                        0.75
                    ],
                    [
                        0.75
                    ],
                    [
                        0.75
                    ],
                    [
                        0.75
                    ],
                    [
                        0.75
                    ],
                    [
                        0.75
                    ],
                    [
                        0.75
                    ],
                    [
                        0.75
                    ],
                    [
                        0.75
                    ],
                    [
                        0.75
                    ],
                    [
                        0.75
                    ],
                    [
                        0.75
                    ],
                    [
                        0.75
                    ],
                    [
                        0.75
                    ],
                    [
                        0.75
                    ]
                ]
            ],
            "returns": [
                [
                    [
                        0.5242103934288025
                    ],
                    [
                        0.5232749581336975
                    ],
                    [
                        0.5223371386528015
                    ],
                    [
                        0.5214087963104248
                    ],
                    [
                        0.5204769372940063
                    ],
                    [
                        0.5195406675338745
                    ],
                    [
                        0.5186099410057068
                    ],
                    [
                        0.5176820158958435
                    ],
                    [
                        0.5167494416236877
                    ],
                    [
                        0.5158156156539917
                    ],
                    [
                        0.5148798823356628
                    ],
                    [
                        0.513945996761322
                    ],
                    [
                        0.5130072832107544
                    ],
                    [
                        0.5120707154273987
                    ],
                    [
                        0.5111337900161743
                    ],
                    [
                        0.5101993083953857
                    ],
                    [
                        0.5092675089836121
                    ],
                    [
                        0.5083298683166504
                    ],
                    [
                        0.5073957443237305
                    ],
                    [
                        0.5064593553543091
                    ]
                ]
            ],
            "timesteps": [
                [
                    60,
                    61,
                    62,
                    63,
                    64,
                    65,
                    66,
                    67,
                    68,
                    69,
                    70,
                    71,
                    72,
                    73,
                    74,
                    75,
                    76,
                    77,
                    78,
                    79
                ]
            ],
            "labels": [
                [
                    2,
                    2,
                    2,
                    2,
                    2,
                    2,
                    2,
                    2,
                    2,
                    2,
                    2,
                    2,
                    2,
                    2,
                    2,
                    2,
                    2,
                    2,
                    2,
                    2
                ]
            ],
            "CPU Usage": 46.7,
            "RAM Usage": 55.3,
            "GPU Usage": 0.0,
            "VRAM Usage": 356.0,
            "Disk Read Speed (MB/s)": 206065.9853515625,
            "Disk Write Speed (MB/s)": 364713.4892578125
        },
        {
            "step": 2,
            "train_loss": 0.044109608978033066,
            "actions_pred1": [
                [
                    [
                        0.6731035709381104,
                        -0.09522919356822968,
                        0.7410619854927063,
                        -0.18380756676197052
                    ],
                    [
                        0.7171882390975952,
                        0.08284784853458405,
                        0.7226628065109253,
                        -0.3555309772491455
                    ],
                    [
                        0.6271712183952332,
                        0.23765957355499268,
                        0.6920903325080872,
                        -0.5379912257194519
                    ],
                    [
                        0.6187283992767334,
                        0.2694849967956543,
                        0.7878066301345825,
                        -0.5387831926345825
                    ],
                    [
                        0.5534472465515137,
                        0.26205557584762573,
                        0.6886240243911743,
                        -0.33311083912849426
                    ],
                    [
                        0.5982416272163391,
                        0.32699263095855713,
                        0.7573210000991821,
                        -0.2845345139503479
                    ],
                    [
                        0.5880069732666016,
                        0.20244267582893372,
                        0.7156832218170166,
                        -0.2601269781589508
                    ],
                    [
                        0.4516795873641968,
                        0.22095423936843872,
                        0.8555707931518555,
                        -0.3542463779449463
                    ],
                    [
                        0.3998660743236542,
                        0.3005211353302002,
                        0.9049991965293884,
                        -0.3745056986808777
                    ],
                    [
                        0.40261316299438477,
                        0.22250337898731232,
                        0.7884812355041504,
                        -0.2989005446434021
                    ],
                    [
                        0.33646658062934875,
                        0.30767711997032166,
                        0.8558171987533569,
                        -0.40116941928863525
                    ],
                    [
                        0.48105093836784363,
                        0.33995094895362854,
                        0.960140585899353,
                        -0.13147008419036865
                    ],
                    [
                        0.5020535588264465,
                        0.3198454678058624,
                        0.9115046858787537,
                        -0.46882739663124084
                    ],
                    [
                        0.39020609855651855,
                        0.3290419280529022,
                        0.9215709567070007,
                        -0.3465891480445862
                    ],
                    [
                        0.3841133415699005,
                        0.3532991111278534,
                        0.9713158011436462,
                        -0.331138014793396
                    ],
                    [
                        0.46791142225265503,
                        0.35893964767456055,
                        0.9741974472999573,
                        -0.24080339074134827
                    ],
                    [
                        0.40564560890197754,
                        0.3012935519218445,
                        0.9480867981910706,
                        -0.23437471687793732
                    ],
                    [
                        0.2774651050567627,
                        0.2638464868068695,
                        0.8066917657852173,
                        -0.2502104640007019
                    ],
                    [
                        0.420967161655426,
                        0.1739097237586975,
                        0.7822446823120117,
                        -0.1881103515625
                    ],
                    [
                        0.30199435353279114,
                        0.25009387731552124,
                        0.8566385507583618,
                        -0.24409879744052887
                    ]
                ]
            ],
            "actions_pred": [
                [
                    [
                        0.6731035709381104,
                        0.7171882390975952,
                        0.6271712183952332,
                        0.6187283992767334,
                        0.5534472465515137,
                        0.5982416272163391,
                        0.5880069732666016,
                        0.4516795873641968,
                        0.3998660743236542,
                        0.40261316299438477,
