{
    "steps": [
        {
            "step": 0,
            "train_loss": 0.03438260778784752,
            "actions_pred1": [
                [
                    [
                        0.6732066869735718,
                        0.07869204878807068,
                        0.32947298884391785,
                        -0.03754374384880066
                    ],
                    [
                        0.6115785837173462,
                        0.25508925318717957,
                        0.38268259167671204,
                        0.00543937087059021
                    ],
                    [
                        0.6398165225982666,
                        0.3140168786048889,
                        0.37692198157310486,
                        -0.14520758390426636
                    ],
                    [
                        0.607673704624176,
                        0.25471755862236023,
                        0.26273342967033386,
                        -0.1784733235836029
                    ],
                    [
                        0.37250152230262756,
                        0.4739410877227783,
                        0.4781613349914551,
                        -0.30644911527633667
                    ],
                    [
                        0.2517898976802826,
                        0.2678944766521454,
                        0.5256590247154236,
                        -0.258540540933609
                    ],
                    [
                        0.43779921531677246,
                        0.3015437722206116,
                        0.5641179084777832,
                        -0.1313827633857727
                    ],
                    [
                        0.654446005821228,
                        0.028356611728668213,
                        0.6358639001846313,
                        -0.26488667726516724
                    ],
                    [
                        0.4561680555343628,
                        0.16229313611984253,
                        0.794086217880249,
                        -0.2879191040992737
                    ],
                    [
                        0.3588199019432068,
                        0.21785947680473328,
                        0.7379335761070251,
                        -0.24764123558998108
                    ],
                    [
                        0.47864842414855957,
                        0.1329723298549652,
                        0.6241013407707214,
                        -0.26367583870887756
                    ],
                    [
                        0.5510560274124146,
                        0.21807920932769775,
                        0.6927163004875183,
                        -0.18533667922019958
                    ],
                    [
                        0.4913697838783264,
                        0.18668800592422485,
                        0.6677333116531372,
                        -0.24561554193496704
                    ],
                    [
                        0.3990634083747864,
                        0.05544798821210861,
                        0.7029812335968018,
                        -0.27522486448287964
                    ],
                    [
                        0.3560190498828888,
                        0.10549107193946838,
                        0.6596499085426331,
                        -0.19486498832702637
                    ],
                    [
                        0.30757272243499756,
                        0.12780636548995972,
                        0.6146692037582397,
                        -0.06823804974555969
                    ],
                    [
                        0.3995175063610077,
                        0.154993936419487,
                        0.675703227519989,
                        -0.047526270151138306
                    ],
                    [
                        0.4436587989330292,
                        0.17032918334007263,
                        0.7581251263618469,
                        -0.01799580454826355
                    ],
                    [
                        0.5077512860298157,
                        0.2344457358121872,
                        0.9640199542045593,
                        -0.1458050012588501
                    ],
                    [
                        0.4848805367946625,
                        0.17968666553497314,
                        0.8329028487205505,
                        -0.1893756091594696
                    ]
                ]
            ],
            "actions_pred": [
                [
                    [
                        0.6732066869735718,
                        0.6115785837173462,
                        0.6398165225982666,
                        0.607673704624176,
                        0.37250152230262756,
                        0.2517898976802826,
                        0.43779921531677246,
                        0.654446005821228,
                        0.4561680555343628,
                        0.3588199019432068,
                        0.47864842414855957,
                        0.5510560274124146,
                        0.4913697838783264,
                        0.3990634083747864,
                        0.3560190498828888,
                        0.30757272243499756,
                        0.3995175063610077,
                        0.4436587989330292,
                        0.5077512860298157,
                        0.4848805367946625
                    ],
                    [
                        0.07869204878807068,
                        0.25508925318717957,
                        0.3140168786048889,
                        0.25471755862236023,
                        0.4739410877227783,
                        0.2678944766521454,
                        0.3015437722206116,
                        0.028356611728668213,
                        0.16229313611984253,
                        0.21785947680473328,
                        0.1329723298549652,
                        0.21807920932769775,
                        0.18668800592422485,
                        0.05544798821210861,
                        0.10549107193946838,
                        0.12780636548995972,
                        0.154993936419487,
                        0.17032918334007263,
                        0.2344457358121872,
                        0.17968666553497314
                    ],
                    [
                        0.32947298884391785,
                        0.38268259167671204,
                        0.37692198157310486,
                        0.26273342967033386,
                        0.4781613349914551,
                        0.5256590247154236,
                        0.5641179084777832,
                        0.6358639001846313,
                        0.794086217880249,
                        0.7379335761070251,
                        0.6241013407707214,
                        0.6927163004875183,
                        0.6677333116531372,
                        0.7029812335968018,
                        0.6596499085426331,
                        0.6146692037582397,
                        0.675703227519989,
                        0.7581251263618469,
                        0.9640199542045593,
                        0.8329028487205505
                    ],
                    [
                        -0.03754374384880066,
                        0.00543937087059021,
                        -0.14520758390426636,
                        -0.1784733235836029,
                        -0.30644911527633667,
                        -0.258540540933609,
                        -0.1313827633857727,
                        -0.26488667726516724,
                        -0.2879191040992737,
                        -0.24764123558998108,
                        -0.26367583870887756,
                        -0.18533667922019958,
                        -0.24561554193496704,
                        -0.27522486448287964,
                        -0.19486498832702637,
                        -0.06823804974555969,
                        -0.047526270151138306,
                        -0.01799580454826355,
                        -0.1458050012588501,
                        -0.1893756091594696
                    ]
                ]
            ],
            "states": [
                [
                    [
                        5325744.0,
                        3.011092121596448e-05,
                        0.00027277067420072854,
                        851925.625
                    ],
                    [
                        5357600.0,
                        2.9456161428242922e-05,
                        0.00027305487310513854,
                        832487.0625
                    ],
                    [
                        5618240.0,
                        2.881258842535317e-05,
                        0.0002689558023121208,
                        866650.0
                    ],
                    [
                        5764488.0,
                        2.8174086764920503e-05,
                        0.0002797737834043801,
                        885137.0
                    ],
                    [
                        5370632.0,
                        2.7576063075684942e-05,
                        0.00025503398501314223,
                        827897.4375
                    ],
                    [
                        5432896.0,
                        2.7019848857889883e-05,
                        0.00027816780493594706,
                        880666.4375
                    ],
                    [
                        5364840.0,
                        2.6485795387998223e-05,
                        0.00026209698989987373,
                        834819.0
                    ],
                    [
                        5233072.0,
                        2.598174069134984e-05,
                        0.0002851165772881359,
                        880287.1875
                    ],
                    [
                        5114336.0,
                        2.5507837563054636e-05,
                        0.000267517170868814,
                        884475.5
                    ],
                    [
                        5458960.0,
                        2.504124859115109e-05,
                        0.00027258697082288563,
                        833080.1875
                    ],
                    [
                        5170808.0,
                        2.4588902306277305e-05,
                        0.00027191461413167417,
                        830618.8125
                    ],
                    [
                        5131712.0,
                        2.416586175968405e-05,
                        0.00027577357832342386,
                        795031.0
                    ],
                    [
                        5137504.0,
                        2.3758442694088444e-05,
                        0.00027702987426891923,
                        830415.5625
                    ],
                    [
                        5460408.0,
                        2.3352160496870056e-05,
                        0.0002779100905172527,
                        812805.0
                    ],
                    [
                        5332984.0,
                        2.2952330255066045e-05,
                        0.00026160795823670924,
                        784998.0
                    ],
                    [
                        5464752.0,
                        2.256591324112378e-05,
                        0.0002753763983491808,
                        843504.25
                    ],
                    [
                        5461856.0,
                        2.2187881768331863e-05,
                        0.0002731475979089737,
                        901654.0625
                    ],
                    [
                        5571904.0,
                        2.181875788664911e-05,
                        0.0002628508664201945,
                        880942.125
                    ],
                    [
                        5370632.0,
                        2.146460974472575e-05,
                        0.00026417680783197284,
                        856475.0625
                    ],
                    [
                        5508192.0,
                        2.1123838450876065e-05,
                        0.0002805523981805891,
                        865747.5
                    ]
                ]
            ],
            "actions": [
                [
                    [
                        0.75
                    ],
                    [
                        0.75
                    ],
                    [
                        0.75
                    ],
                    [
                        0.75
                    ],
                    [
                        0.75
                    ],
                    [
                        0.75
                    ],
                    [
                        0.75
                    ],
                    [
                        0.75
                    ],
                    [
                        0.75
                    ],
                    [
                        0.75
                    ],
                    [
                        0.75
                    ],
                    [
                        0.75
                    ],
                    [
                        0.75
                    ],
                    [
                        0.75
                    ],
                    [
                        0.75
                    ],
                    [
                        0.75
                    ],
                    [
                        0.75
                    ],
                    [
                        0.75
                    ],
                    [
                        0.75
                    ],
                    [
                        0.75
                    ]
                ]
            ],
            "returns": [
                [
                    [
                        0.34190085530281067
                    ],
                    [
                        0.34096771478652954
                    ],
                    [
                        0.34003403782844543
                    ],
                    [
                        0.3390961289405823
                    ],
                    [
                        0.33815598487854004
                    ],
                    [
                        0.33722206950187683
                    ],
                    [
                        0.33628717064857483
                    ],
                    [
                        0.33535337448120117
                    ],
                    [
                        0.3344217836856842
                    ],
                    [
                        0.3334922194480896
                    ],
                    [
                        0.33255690336227417
                    ],
                    [
                        0.33162635564804077
                    ],
                    [
                        0.3306964933872223
                    ],
                    [
                        0.32976654171943665
                    ],
                    [
                        0.32883119583129883
                    ],
                    [
                        0.32789793610572815
                    ],
                    [
                        0.32696250081062317
                    ],
                    [
                        0.3260270953178406
                    ],
                    [
                        0.3250899612903595
                    ],
                    [
                        0.3241560757160187
                    ]
                ]
            ],
            "timesteps": [
                [
                    260,
                    261,
                    262,
                    263,
                    264,
                    265,
                    266,
                    267,
                    268,
                    269,
                    270,
                    271,
                    272,
                    273,
                    274,
                    275,
                    276,
                    277,
                    278,
                    279
                ]
            ],
            "labels": [
                [
                    2,
                    2,
                    2,
                    2,
                    2,
                    2,
                    2,
                    2,
                    2,
                    2,
                    2,
                    2,
                    2,
                    2,
                    2,
                    2,
                    2,
                    2,
                    2,
                    2
                ]
            ],
            "CPU Usage": 46.4,
            "RAM Usage": 55.2,
            "GPU Usage": 0.0,
            "VRAM Usage": 355.0,
            "Disk Read Speed (MB/s)": 206044.4580078125,
            "Disk Write Speed (MB/s)": 360105.3447265625
        },
        {
            "step": 1,
            "train_loss": 0.045367542654275894,
            "actions_pred1": [
                [
                    [
                        -0.038913555443286896,
                        -0.6772081255912781,
                        -0.07261338829994202,
                        -0.9180572628974915
                    ],
                    [
                        -0.1581062376499176,
                        -0.22071044147014618,
                        -0.06345844268798828,
                        -0.42257776856422424
                    ],
                    [
                        -0.11330877244472504,
                        -0.14704157412052155,
                        0.03271791338920593,
                        -0.39539602398872375
                    ],
                    [
                        -0.08758082985877991,
                        -0.03796982765197754,
                        0.17870596051216125,
                        -0.46747666597366333
                    ],
                    [
                        -0.09664051979780197,
                        -0.17184869945049286,
                        0.20051345229148865,
                        -0.5254253149032593
                    ],
                    [
                        -0.10570477694272995,
                        -0.0867292732000351,
                        0.3814689517021179,
                        -0.6120930910110474
                    ],
                    [
                        -0.08925461024045944,
                        -0.19056710600852966,
                        0.3670167624950409,
                        -0.4938797950744629
                    ],
                    [
                        -0.07044681906700134,
                        -0.20556175708770752,
                        0.2925124168395996,
                        -0.3554232120513916
                    ],
                    [
                        -0.17078907787799835,
                        -0.2640741467475891,
                        0.29504287242889404,
                        -0.47718802094459534
                    ],
                    [
                        -0.24946700036525726,
                        -0.24610336124897003,
                        0.24755942821502686,
                        -0.487350732088089
                    ],
                    [
                        -0.15367959439754486,
                        -0.015372835099697113,
                        0.4131676256656647,
                        -0.44384855031967163
                    ],
                    [
                        -0.2402837574481964,
                        -0.06695465743541718,
                        0.404375284910202,
                        -0.273830771446228
                    ],
                    [
                        -0.24217669665813446,
                        -0.08078227192163467,
                        0.4541842043399811,
                        -0.32391220331192017
                    ],
                    [
                        -0.225265771150589,
                        -0.03246574103832245,
                        0.5178012847900391,
                        -0.32619160413742065
                    ],
                    [
                        -0.23555392026901245,
                        -0.05845986306667328,
                        0.4691471755504608,
                        -0.43329954147338867
                    ],
                    [
                        -0.26755571365356445,
                        -0.06641455739736557,
                        0.3857109844684601,
                        -0.3575429320335388
                    ],
                    [
                        -0.20436811447143555,
                        -0.09721054136753082,
                        0.4258401393890381,
                        -0.477003276348114
                    ],
                    [
                        -0.2472028136253357,
                        -0.10793964564800262,
                        0.3903043866157532,
                        -0.49146768450737
                    ],
                    [
                        -0.16335424780845642,
                        0.13489532470703125,
                        0.326495885848999,
                        -0.3258177936077118
                    ],
                    [
                        -0.11285294592380524,
                        -0.030213013291358948,
                        0.4280257821083069,
                        -0.3675662875175476
                    ]
                ]
            ],
            "actions_pred": [
                [
                    [
                        -0.038913555443286896,
                        -0.1581062376499176,
                        -0.11330877244472504,
                        -0.08758082985877991,
                        -0.09664051979780197,
                        -0.10570477694272995,
                        -0.08925461024045944,
                        -0.07044681906700134,
                        -0.17078907787799835,
                        -0.24946700036525726,
                        -0.15367959439754486,
                        -0.2402837574481964,
                        -0.24217669665813446,
                        -0.225265771150589,
                        -0.23555392026901245,
                        -0.26755571365356445,
                        -0.20436811447143555,
                        -0.2472028136253357,
                        -0.16335424780845642,
                        -0.11285294592380524
                    ],
                    [
                        -0.6772081255912781,
                        -0.22071044147014618,
                        -0.14704157412052155,
                        -0.03796982765197754,
                        -0.17184869945049286,
                        -0.0867292732000351,
                        -0.19056710600852966,
                        -0.20556175708770752,
                        -0.2640741467475891,
                        -0.24610336124897003,
                        -0.015372835099697113,
                        -0.06695465743541718,
                        -0.08078227192163467,
                        -0.03246574103832245,
                        -0.05845986306667328,
                        -0.06641455739736557,
                        -0.09721054136753082,
                        -0.10793964564800262,
                        0.13489532470703125,
                        -0.030213013291358948
                    ],
                    [
                        -0.07261338829994202,
                        -0.06345844268798828,
                        0.03271791338920593,
                        0.17870596051216125,
                        0.20051345229148865,
                        0.3814689517021179,
                        0.3670167624950409,
                        0.2925124168395996,
                        0.29504287242889404,
                        0.24755942821502686,
                        0.4131676256656647,
                        0.404375284910202,
                        0.4541842043399811,
                        0.5178012847900391,
                        0.4691471755504608,
                        0.3857109844684601,
                        0.4258401393890381,
                        0.3903043866157532,
                        0.326495885848999,
                        0.4280257821083069
                    ],
                    [
                        -0.9180572628974915,
                        -0.42257776856422424,
                        -0.39539602398872375,
                        -0.46747666597366333,
                        -0.5254253149032593,
                        -0.6120930910110474,
                        -0.4938797950744629,
                        -0.3554232120513916,
                        -0.47718802094459534,
                        -0.487350732088089,
                        -0.44384855031967163,
                        -0.273830771446228,
                        -0.32391220331192017,
                        -0.32619160413742065,
                        -0.43329954147338867,
                        -0.3575429320335388,
                        -0.477003276348114,
                        -0.49146768450737,
                        -0.3258177936077118,
                        -0.3675662875175476
                    ]
                ]
            ],
            "states": [
                [
                    [
                        3840096.0,
                        2.92694730887888e-05,
                        0.00022606240236200392,
                        669392.5
                    ],
                    [
                        5186736.0,
                        2.8975890018045902e-05,
                        0.0002532026555854827,
                        623919.4375
                    ],
                    [
                        4765368.0,
                        2.86587583104847e-05,
                        0.0002667571825440973,
                        632646.8125
                    ],
                    [
                        6161240.0,
                        2.8318694603512995e-05,
                        0.00026687141507864,
                        545136.5625
                    ],
                    [
                        6174272.0,
                        2.7944166504312307e-05,
                        0.0002529114135541022,
                        614846.3125
                    ],
                    [
                        5751456.0,
                        2.7591326215770096e-05,
                        0.0002583715249784291,
                        530205.9375
                    ],
                    [
                        7742456.0,
                        2.720300471992232e-05,
                        0.001365873496979475,
                        538990.625
                    ],
                    [
                        6206128.0,
                        2.6812451324076392e-05,
                        0.0008239395683631301,
                        520321.9375
                    ],
                    [
                        5211352.0,
                        2.6501078536966816e-05,
                        0.0005388445570133626,
                        565831.875
                    ],
                    [
                        4737856.0,
                        2.623563341330737e-05,
                        0.0005018769879825413,
                        557744.25
                    ],
                    [
                        3256552.0,
                        2.6026094928965904e-05,
                        0.0005396626074798405,
                        583406.625
                    ],
                    [
                        2370376.0,
                        2.588063398434315e-05,
                        0.00039070475031621754,
                        599303.875
                    ],
                    [
                        3150848.0,
                        2.573955680418294e-05,
                        0.00037147922557778656,
                        638024.3125
                    ],
                    [
                        4121008.0,
                        2.5556088075973094e-05,
                        0.00035373689024709165,
                        613075.625
                    ],
                    [
                        3627240.0,
                        2.5363364329678006e-05,
                        0.0003472233365755528,
                        713559.4375
                    ],
                    [
                        4171688.0,
                        2.5172355890390463e-05,
                        0.00021890846255701035,
                        610763.0
                    ],
                    [
                        2390648.0,
                        2.501373273844365e-05,
                        0.00019109471759293228,
                        629310.5
                    ],
                    [
                        3237728.0,
                        2.487938036210835e-05,
                        0.00025023153284564614,
                        525239.375
                    ],
                    [
                        5175152.0,
                        2.4681297873030417e-05,
                        0.000305382302030921,
                        610625.375
                    ],
                    [
                        4510520.0,
                        2.445693280606065e-05,
                        0.00029567780438810587,
                        582702.6875
                    ]
                ]
            ],
            "actions": [
                [
                    [
                        0.5
                    ],
                    [
                        0.5
                    ],
                    [
                        0.5
                    ],
                    [
                        0.5
                    ],
                    [
                        0.5
                    ],
                    [
                        0.5
                    ],
                    [
                        0.5
                    ],
                    [
                        0.5
                    ],
                    [
                        0.5
                    ],
                    [
                        0.5
                    ],
                    [
                        0.5
                    ],
                    [
                        0.5
                    ],
                    [
                        0.5
                    ],
                    [
                        0.5
                    ],
                    [
                        0.5
                    ],
                    [
                        0.5
                    ],
                    [
                        0.5
                    ],
                    [
                        0.5
                    ],
                    [
                        0.5
                    ],
                    [
                        0.5
                    ]
                ]
            ],
            "returns": [
                [
                    [
                        0.11548818647861481
                    ],
                    [
                        0.11458403617143631
                    ],
                    [
                        0.11365323513746262
                    ],
                    [
                        0.11272994428873062
                    ],
                    [
                        0.11178387701511383
                    ],
                    [
                        0.11083762347698212
                    ],
                    [
                        0.1098976582288742
                    ],
                    [
                        0.10893134027719498
                    ],
                    [
                        0.10798463225364685
                    ],
                    [
                        0.10705341398715973
                    ],
                    [
                        0.10613063722848892
                    ],
                    [
                        0.10524109750986099
                    ],
                    [
                        0.10437972098588943
                    ],
                    [
                        0.1034931093454361
                    ],
                    [
                        0.10258270055055618
                    ],
                    [
                        0.1016836017370224
                    ],
                    [
                        0.10077211260795593
                    ],
                    [
                        0.09990997612476349
                    ],
                    [
                        0.09902095794677734
                    ],
                    [
                        0.09809035062789917
                    ]
                ]
            ],
            "timesteps": [
                [
                    500,
                    501,
                    502,
                    503,
                    504,
                    505,
                    506,
                    507,
                    508,
                    509,
                    510,
                    511,
                    512,
                    513,
                    514,
                    515,
                    516,
                    517,
                    518,
                    519
                ]
            ],
            "labels": [
                [
                    1,
                    1,
                    1,
                    1,
                    1,
                    1,
                    1,
                    1,
                    1,
                    1,
                    1,
                    1,
                    1,
                    1,
                    1,
                    1,
                    1,
                    1,
                    1,
                    1
                ]
            ],
            "CPU Usage": 46.6,
            "RAM Usage": 55.4,
            "GPU Usage": 0.0,
            "VRAM Usage": 355.0,
            "Disk Read Speed (MB/s)": 206044.5283203125,
            "Disk Write Speed (MB/s)": 360106.9775390625
        },
        {
            "step": 2,
            "train_loss": 0.04780450835824013,
            "actions_pred1": [
                [
                    [
                        0.4741120934486389,
                        -0.11288034915924072,
                        0.9016385674476624,
                        -0.2082304060459137
                    ],
                    [
                        0.41195058822631836,
                        -0.07651229947805405,
                        1.0197863578796387,
                        -0.2620939314365387
                    ],
                    [
                        0.35194915533065796,
                        0.049460843205451965,
                        0.8975124955177307,
                        -0.3129596710205078
                    ],
                    [
                        0.12719625234603882,
                        0.15188392996788025,
                        1.0212363004684448,
                        -0.4236532151699066
                    ],
                    [
                        0.2459527552127838,
                        0.22256934642791748,
                        0.8914490342140198,
                        -0.2459164261817932
                    ],
                    [
                        0.3065078854560852,
                        0.08813247084617615,
                        0.6966114044189453,
                        -0.31447291374206543
                    ],
                    [
                        0.29874029755592346,
                        0.08458682894706726,
                        0.7185302972793579,
                        -0.35116901993751526
                    ],
                    [
                        0.2815282940864563,
                        0.30275243520736694,
                        0.8198530673980713,
                        -0.2976161241531372
                    ],
                    [
                        0.3031620681285858,
                        0.19468864798545837,
                        0.8442038893699646,
                        -0.2686524987220764
                    ],
                    [
                        0.34425118565559387,
                        0.16315419971942902,
                        0.8159015774726868,
                        -0.33746594190597534
                    ],
                    [
                        0.34999996423721313,
                        0.18185853958129883,
                        0.7826411724090576,
                        -0.26342064142227173
                    ],
                    [
                        0.3578648567199707,
                        0.22630324959754944,
                        0.750952959060669,
                        -0.3031339943408966
                    ],
                    [
                        0.29538118839263916,
                        0.2754179537296295,
                        0.8379341959953308,
                        -0.39833539724349976
                    ],
                    [
                        0.549067497253418,
                        0.3199569582939148,
                        0.84571772813797,
                        -0.3843637704849243
                    ],
                    [
                        0.476948082447052,
                        0.34385138750076294,
                        0.8470178246498108,
                        -0.3252372741699219
                    ],
                    [
                        0.39713215827941895,
                        0.2408636510372162,
                        0.8531109690666199,
                        -0.34641072154045105
                    ],
                    [
                        0.3515414595603943,
                        0.12144164741039276,
                        0.9538085460662842,
                        -0.32916754484176636
                    ],
                    [
                        0.3931078612804413,
                        0.12941712141036987,
                        0.8617343902587891,
                        -0.30565911531448364
                    ],
                    [
                        0.44833338260650635,
                        0.2004851996898651,
                        0.9639968872070312,
                        -0.3745136857032776
                    ],
                    [
                        0.45137840509414673,
                        0.18273310363292694,
                        1.0647878646850586,
                        -0.36948490142822266
                    ]
                ]
            ],
            "actions_pred": [
                [
                    [
                        0.4741120934486389,
                        0.41195058822631836,
                        0.35194915533065796,
                        0.12719625234603882,
                        0.2459527552127838,
                        0.3065078854560852,
