{
    "steps": [
        {
            "step": 0,
            "train_loss": 0.027959078550338745,
            "actions_pred1": [
                [
                    [
                        0.6743828654289246,
                        0.610805332660675,
                        0.9212429523468018,
                        -1.4461866617202759
                    ],
                    [
                        0.42232584953308105,
                        0.6905431747436523,
                        0.8682581782341003,
                        -1.2654948234558105
                    ],
                    [
                        0.2639734745025635,
                        1.0150809288024902,
                        0.9540692567825317,
                        -1.3495537042617798
                    ],
                    [
                        0.3333994746208191,
                        0.9450024962425232,
                        1.0460975170135498,
                        -1.318063735961914
                    ],
                    [
                        0.3365350365638733,
                        0.9050435423851013,
                        0.9930235147476196,
                        -1.4057930707931519
                    ],
                    [
                        0.44027358293533325,
                        0.9007081389427185,
                        1.0344091653823853,
                        -1.4196560382843018
                    ],
                    [
                        0.35170552134513855,
                        0.804197371006012,
                        1.0750281810760498,
                        -1.3986210823059082
                    ],
                    [
                        0.16891023516654968,
                        0.7013706564903259,
                        1.0675897598266602,
                        -1.529840350151062
                    ],
                    [
                        0.2953258752822876,
                        0.6111561059951782,
                        0.9900076389312744,
                        -1.4980522394180298
                    ],
                    [
                        0.3304405212402344,
                        0.7923232316970825,
                        1.1446332931518555,
                        -1.4840755462646484
                    ],
                    [
                        0.29507243633270264,
                        0.8736818432807922,
                        1.241927981376648,
                        -1.440882921218872
                    ],
                    [
                        0.512572169303894,
                        0.9074731469154358,
                        1.0939407348632812,
                        -1.6170554161071777
                    ],
                    [
                        0.665604829788208,
                        0.8506908416748047,
                        1.158223032951355,
                        -1.6952471733093262
                    ],
                    [
                        0.5437592267990112,
                        0.7999935150146484,
                        0.9093714356422424,
                        -1.726733684539795
                    ],
                    [
                        0.426677405834198,
                        0.8645696043968201,
                        1.0032395124435425,
                        -1.6389832496643066
                    ],
                    [
                        0.44073840975761414,
                        0.6872571706771851,
                        1.050065517425537,
                        -1.8204331398010254
                    ],
                    [
                        0.46599090099334717,
                        0.8242325186729431,
                        0.9443899393081665,
                        -1.6025161743164062
                    ],
                    [
                        0.43843430280685425,
                        0.9843529462814331,
                        1.0405840873718262,
                        -1.4953278303146362
                    ],
                    [
                        0.4016244411468506,
                        1.0618592500686646,
                        1.1007155179977417,
                        -1.4645099639892578
                    ],
                    [
                        0.3681202530860901,
                        1.0256693363189697,
                        1.0975992679595947,
                        -1.535069465637207
                    ]
                ]
            ],
            "actions_pred": [
                [
                    [
                        0.6743828654289246,
                        0.42232584953308105,
                        0.2639734745025635,
                        0.3333994746208191,
                        0.3365350365638733,
                        0.44027358293533325,
                        0.35170552134513855,
                        0.16891023516654968,
                        0.2953258752822876,
                        0.3304405212402344,
                        0.29507243633270264,
                        0.512572169303894,
                        0.665604829788208,
                        0.5437592267990112,
                        0.426677405834198,
                        0.44073840975761414,
                        0.46599090099334717,
                        0.43843430280685425,
                        0.4016244411468506,
                        0.3681202530860901
                    ],
                    [
                        0.610805332660675,
                        0.6905431747436523,
                        1.0150809288024902,
                        0.9450024962425232,
                        0.9050435423851013,
                        0.9007081389427185,
                        0.804197371006012,
                        0.7013706564903259,
                        0.6111561059951782,
                        0.7923232316970825,
                        0.8736818432807922,
                        0.9074731469154358,
                        0.8506908416748047,
                        0.7999935150146484,
                        0.8645696043968201,
                        0.6872571706771851,
                        0.8242325186729431,
                        0.9843529462814331,
                        1.0618592500686646,
                        1.0256693363189697
                    ],
                    [
                        0.9212429523468018,
                        0.8682581782341003,
                        0.9540692567825317,
                        1.0460975170135498,
                        0.9930235147476196,
                        1.0344091653823853,
                        1.0750281810760498,
                        1.0675897598266602,
                        0.9900076389312744,
                        1.1446332931518555,
                        1.241927981376648,
                        1.0939407348632812,
                        1.158223032951355,
                        0.9093714356422424,
                        1.0032395124435425,
                        1.050065517425537,
                        0.9443899393081665,
                        1.0405840873718262,
                        1.1007155179977417,
                        1.0975992679595947
                    ],
                    [
                        -1.4461866617202759,
                        -1.2654948234558105,
                        -1.3495537042617798,
                        -1.318063735961914,
                        -1.4057930707931519,
                        -1.4196560382843018,
                        -1.3986210823059082,
                        -1.529840350151062,
                        -1.4980522394180298,
                        -1.4840755462646484,
                        -1.440882921218872,
                        -1.6170554161071777,
                        -1.6952471733093262,
                        -1.726733684539795,
                        -1.6389832496643066,
                        -1.8204331398010254,
                        -1.6025161743164062,
                        -1.4953278303146362,
                        -1.4645099639892578,
                        -1.535069465637207
                    ]
                ]
            ],
            "states": [
                [
                    [
                        5305472.0,
                        8.719099241716322e-06,
                        0.00013201982073951513,
                        847637.0625
                    ],
                    [
                        5427104.0,
                        8.626127055322286e-06,
                        0.00013791865785606205,
                        798609.0
                    ],
                    [
                        5450272.0,
                        8.533900654583704e-06,
                        0.00014453318726737052,
                        879716.5
                    ],
                    [
                        5114336.0,
                        8.446181709587108e-06,
                        0.00014699026360176504,
                        849232.5625
                    ],
                    [
                        5466200.0,
                        8.360139872820582e-06,
                        0.00016071676509454846,
                        823946.3125
                    ],
                    [
                        5315608.0,
                        8.27424355520634e-06,
                        0.00016249381587840617,
                        854104.0625
                    ],
                    [
                        5602312.0,
                        8.189044820028357e-06,
                        0.0001488575799157843,
                        832423.8125
                    ],
                    [
                        5063656.0,
                        8.107467692752834e-06,
                        0.00016087492986116558,
                        837260.4375
                    ],
                    [
                        5243208.0,
                        8.030191565921996e-06,
                        0.00016716374375391752,
                        847603.1875
                    ],
                    [
                        5813720.0,
                        7.948916390887462e-06,
                        0.00019032474665436894,
                        855439.25
                    ],
                    [
                        5408280.0,
                        7.868069587857462e-06,
                        0.00018542619363870472,
                        819410.4375
                    ],
                    [
                        5082480.0,
                        7.7939621405676e-06,
                        0.000198170033399947,
                        886572.3125
                    ],
                    [
                        5553080.0,
                        7.720262146904133e-06,
                        0.0001916241308208555,
                        834980.5
                    ],
                    [
                        5222936.0,
                        7.646989615750499e-06,
                        0.0002063407882815227,
                        810099.0
                    ],
                    [
                        5267824.0,
                        7.57698762754444e-06,
                        0.00023895764024928212,
                        771615.4375
                    ],
                    [
                        5292440.0,
                        7.507794634875609e-06,
                        0.00025051896227523685,
                        873322.6875
                    ],
                    [
                        5603760.0,
                        7.437720341840759e-06,
                        0.0002676467993296683,
                        855312.0625
                    ],
                    [
                        5289312.0,
                        7.368956630671164e-06,
                        0.0002700872428249568,
                        823382.9375
                    ],
                    [
                        5275296.0,
                        7.303467100427952e-06,
                        0.0002660537720657885,
                        780031.4375
                    ],
                    [
                        5143296.0,
                        7.240012109832605e-06,
                        0.00026454709586687386,
                        808306.8125
                    ]
                ]
            ],
            "actions": [
                [
                    [
                        0.75
                    ],
                    [
                        0.75
                    ],
                    [
                        0.75
                    ],
                    [
                        0.75
                    ],
                    [
                        0.75
                    ],
                    [
                        0.75
                    ],
                    [
                        0.75
                    ],
                    [
                        0.75
                    ],
                    [
                        0.75
                    ],
                    [
                        0.75
                    ],
                    [
                        0.75
                    ],
                    [
                        0.75
                    ],
                    [
                        0.75
                    ],
                    [
                        0.75
                    ],
                    [
                        0.75
                    ],
                    [
                        0.75
                    ],
                    [
                        0.75
                    ],
                    [
                        0.75
                    ],
                    [
                        0.75
                    ],
                    [
                        0.75
                    ]
                ]
            ],
            "returns": [
                [
                    [
                        0.5055230259895325
                    ],
                    [
                        0.5045902132987976
                    ],
                    [
                        0.5036553740501404
                    ],
                    [
                        0.5027201771736145
                    ],
                    [
                        0.5017906427383423
                    ],
                    [
                        0.5008551478385925
                    ],
                    [
                        0.4999221861362457
                    ],
                    [
                        0.49898457527160645
                    ],
                    [
                        0.49805590510368347
                    ],
                    [
                        0.4971241354942322
                    ],
                    [
                        0.49618321657180786
                    ],
                    [
                        0.4952487051486969
                    ],
                    [
                        0.49431970715522766
                    ],
                    [
                        0.49338284134864807
                    ],
                    [
                        0.49245142936706543
                    ],
                    [
                        0.4915192425251007
                    ],
                    [
                        0.49058666825294495
                    ],
                    [
                        0.4896489977836609
                    ],
                    [
                        0.4887164533138275
                    ],
                    [
                        0.48778414726257324
                    ]
                ]
            ],
            "timesteps": [
                [
                    80,
                    81,
                    82,
                    83,
                    84,
                    85,
                    86,
                    87,
                    88,
                    89,
                    90,
                    91,
                    92,
                    93,
                    94,
                    95,
                    96,
                    97,
                    98,
                    99
                ]
            ],
            "labels": [
                [
                    2,
                    2,
                    2,
                    2,
                    2,
                    2,
                    2,
                    2,
                    2,
                    2,
                    2,
                    2,
                    2,
                    2,
                    2,
                    2,
                    2,
                    2,
                    2,
                    2
                ]
            ],
            "CPU Usage": 46.3,
            "RAM Usage": 55.1,
            "GPU Usage": 0.0,
            "VRAM Usage": 355.0,
            "Disk Read Speed (MB/s)": 206398.1884765625,
            "Disk Write Speed (MB/s)": 384559.2197265625
        },
        {
            "step": 1,
            "train_loss": 0.04630989208817482,
            "actions_pred1": [
                [
                    [
                        0.761238694190979,
                        0.3269308805465698,
                        1.2038761377334595,
                        -0.8546302914619446
                    ],
                    [
                        0.7009729743003845,
                        0.4239569306373596,
                        1.166380763053894,
                        -0.9382247924804688
                    ],
                    [
                        0.3955307602882385,
                        0.4834173321723938,
                        1.0398443937301636,
                        -1.1174464225769043
                    ],
                    [
                        0.2442905306816101,
                        0.48764312267303467,
                        1.0235728025436401,
                        -1.1729153394699097
                    ],
                    [
                        0.19113771617412567,
                        0.5258164405822754,
                        0.9886619448661804,
                        -1.2020416259765625
                    ],
                    [
                        0.12688346207141876,
                        0.4639597535133362,
                        1.0191054344177246,
                        -1.247988224029541
                    ],
                    [
                        0.07433119416236877,
                        0.4322877824306488,
                        1.0635117292404175,
                        -1.3034584522247314
                    ],
                    [
                        0.042182862758636475,
                        0.5244821310043335,
                        1.122255802154541,
                        -1.3918755054473877
                    ],
                    [
                        0.30061519145965576,
                        0.5874645113945007,
                        1.0916262865066528,
                        -1.4049630165100098
                    ],
                    [
                        0.46420443058013916,
                        0.5397169589996338,
                        1.0799694061279297,
                        -1.5242319107055664
                    ],
                    [
                        0.4966799020767212,
                        0.5936672687530518,
                        0.9078938364982605,
                        -1.4541863203048706
                    ],
                    [
                        0.5180236101150513,
                        0.6048288345336914,
                        0.9849542379379272,
                        -1.4936010837554932
                    ],
                    [
                        0.4952041208744049,
                        0.6572428941726685,
                        0.8682205677032471,
                        -1.428476333618164
                    ],
                    [
                        0.4510485529899597,
                        0.6978967189788818,
                        0.9768456220626831,
                        -1.4016962051391602
                    ],
                    [
                        0.45677536725997925,
                        0.7314494848251343,
                        1.0718238353729248,
                        -1.4904977083206177
                    ],
                    [
                        0.4135388731956482,
                        0.720730185508728,
                        1.0629125833511353,
                        -1.5100154876708984
                    ],
                    [
                        0.44342732429504395,
                        0.6091460585594177,
                        0.9659135341644287,
                        -1.4931466579437256
                    ],
                    [
                        0.2498243898153305,
                        0.7395015358924866,
                        1.0631752014160156,
                        -1.5815329551696777
                    ],
                    [
                        0.2560615539550781,
                        0.8213066458702087,
                        1.055010437965393,
                        -1.4706122875213623
                    ],
                    [
                        0.32535862922668457,
                        0.8397119045257568,
                        0.9542983770370483,
                        -1.3975099325180054
                    ]
                ]
            ],
            "actions_pred": [
                [
                    [
                        0.761238694190979,
                        0.7009729743003845,
                        0.3955307602882385,
                        0.2442905306816101,
                        0.19113771617412567,
                        0.12688346207141876,
                        0.07433119416236877,
                        0.042182862758636475,
                        0.30061519145965576,
                        0.46420443058013916,
                        0.4966799020767212,
                        0.5180236101150513,
                        0.4952041208744049,
                        0.4510485529899597,
                        0.45677536725997925,
                        0.4135388731956482,
                        0.44342732429504395,
                        0.2498243898153305,
                        0.2560615539550781,
                        0.32535862922668457
                    ],
                    [
                        0.3269308805465698,
                        0.4239569306373596,
                        0.4834173321723938,
                        0.48764312267303467,
                        0.5258164405822754,
                        0.4639597535133362,
                        0.4322877824306488,
                        0.5244821310043335,
                        0.5874645113945007,
                        0.5397169589996338,
                        0.5936672687530518,
                        0.6048288345336914,
                        0.6572428941726685,
                        0.6978967189788818,
                        0.7314494848251343,
                        0.720730185508728,
                        0.6091460585594177,
                        0.7395015358924866,
                        0.8213066458702087,
                        0.8397119045257568
                    ],
                    [
                        1.2038761377334595,
                        1.166380763053894,
                        1.0398443937301636,
                        1.0235728025436401,
                        0.9886619448661804,
                        1.0191054344177246,
                        1.0635117292404175,
                        1.122255802154541,
                        1.0916262865066528,
                        1.0799694061279297,
                        0.9078938364982605,
                        0.9849542379379272,
                        0.8682205677032471,
                        0.9768456220626831,
                        1.0718238353729248,
                        1.0629125833511353,
                        0.9659135341644287,
                        1.0631752014160156,
                        1.055010437965393,
                        0.9542983770370483
                    ],
                    [
                        -0.8546302914619446,
                        -0.9382247924804688,
                        -1.1174464225769043,
                        -1.1729153394699097,
                        -1.2020416259765625,
                        -1.247988224029541,
                        -1.3034584522247314,
                        -1.3918755054473877,
                        -1.4049630165100098,
                        -1.5242319107055664,
                        -1.4541863203048706,
                        -1.4936010837554932,
                        -1.428476333618164,
                        -1.4016962051391602,
                        -1.4904977083206177,
                        -1.5100154876708984,
                        -1.4931466579437256,
                        -1.5815329551696777,
                        -1.4706122875213623,
                        -1.3975099325180054
                    ]
                ]
            ],
            "states": [
                [
                    [
                        10490760.0,
                        0.00010820227180374786,
                        0.00015429843915626407,
                        444121.375
                    ],
                    [
                        10112832.0,
                        9.372556087328121e-05,
                        0.00014512072084471583,
                        443784.5
                    ],
                    [
                        10076632.0,
                        8.28753545647487e-05,
                        0.00015239186177495867,
                        427008.3125
                    ],
                    [
                        10218536.0,
                        7.424143404932693e-05,
                        0.00013630501052830368,
                        433225.1875
                    ],
                    [
                        10903440.0,
                        6.698495417367667e-05,
                        0.0001300903531955555,
                        434838.78125
                    ],
                    [
                        10177992.0,
                        6.102009865571745e-05,
                        0.0001368058001389727,
                        431759.375
                    ],
                    [
                        10500896.0,
                        5.612600944004953e-05,
                        0.00014432381431106478,
                        435333.53125
                    ],
                    [
                        10752848.0,
                        5.185119152883999e-05,
                        0.00014270890096668154,
                        438961.46875
                    ],
                    [
                        10833936.0,
                        4.812757106265053e-05,
                        0.00014136718527879566,
                        432069.78125
                    ],
                    [
                        10654384.0,
                        4.491618892643601e-05,
                        0.00013239651161711663,
                        433675.4375
                    ],
                    [
                        10524064.0,
                        4.214471118757501e-05,
                        0.00014063461276236922,
                        436827.0
                    ],
                    [
                        8511344.0,
                        3.9926697354530916e-05,
                        0.00013637621304951608,
                        473364.125
                    ],
                    [
                        10828144.0,
                        3.790804112213664e-05,
                        0.00013436605513561517,
                        430273.59375
                    ],
                    [
                        10288040.0,
                        3.5919863876188174e-05,
                        0.00013586058048531413,
                        455927.09375
                    ],
                    [
                        9009456.0,
                        3.427618867135607e-05,
                        0.00013340605073608458,
                        453153.21875
                    ],
                    [
                        10348856.0,
                        3.2774834835436195e-05,
                        0.0001376099098706618,
                        434225.03125
                    ],
                    [
                        10166408.0,
                        3.131924677290954e-05,
                        0.00017068465240299702,
                        438236.6875
                    ],
                    [
                        10539992.0,
                        2.9976108635310084e-05,
                        0.0001329061051364988,
                        436937.3125
                    ],
                    [
                        10836832.0,
                        2.8705166187137365e-05,
                        0.00013878877507522702,
                        435041.5
                    ],
                    [
                        10188128.0,
                        2.755545938271098e-05,
                        0.00015914233517833054,
                        427912.71875
                    ]
                ]
            ],
            "actions": [
                [
                    [
                        0.25
                    ],
                    [
                        0.25
                    ],
                    [
                        0.25
                    ],
                    [
                        0.25
                    ],
                    [
                        0.25
                    ],
                    [
                        0.25
                    ],
                    [
                        0.25
                    ],
                    [
                        0.25
                    ],
                    [
                        0.25
                    ],
                    [
                        0.25
                    ],
                    [
                        0.25
                    ],
                    [
                        0.25
                    ],
                    [
                        0.25
                    ],
                    [
                        0.25
                    ],
                    [
                        0.25
                    ],
                    [
                        0.25
                    ],
                    [
                        0.25
                    ],
                    [
                        0.25
                    ],
                    [
                        0.25
                    ],
                    [
                        0.25
                    ]
                ]
            ],
            "returns": [
                [
                    [
                        0.2865329086780548
                    ],
                    [
                        0.2855396568775177
                    ],
                    [
                        0.28454965353012085
                    ],
                    [
                        0.28355997800827026
                    ],
                    [
                        0.2825690507888794
                    ],
                    [
                        0.2815724015235901
                    ],
                    [
                        0.28058183193206787
                    ],
                    [
                        0.2795884907245636
                    ],
                    [
                        0.2785930335521698
                    ],
                    [
                        0.27759695053100586
                    ],
                    [
                        0.2766023278236389
                    ],
                    [
                        0.27560877799987793
                    ],
                    [
                        0.27463406324386597
                    ],
                    [
                        0.2736380100250244
                    ],
                    [
                        0.2726464867591858
                    ],
                    [
                        0.2716667354106903
                    ],
                    [
                        0.2706746757030487
                    ],
                    [
                        0.26968422532081604
                    ],
                    [
                        0.2686905562877655
                    ],
                    [
                        0.2676944136619568
                    ]
                ]
            ],
            "timesteps": [
                [
                    320,
                    321,
                    322,
                    323,
                    324,
                    325,
                    326,
                    327,
                    328,
                    329,
                    330,
                    331,
                    332,
                    333,
                    334,
                    335,
                    336,
                    337,
                    338,
                    339
                ]
            ],
            "labels": [
                [
                    0,
                    0,
                    0,
                    0,
                    0,
                    0,
                    0,
                    0,
                    0,
                    0,
                    0,
                    0,
                    0,
                    0,
                    0,
                    0,
                    0,
                    0,
                    0,
                    0
                ]
            ],
            "CPU Usage": 47.2,
            "RAM Usage": 55.2,
            "GPU Usage": 0.0,
            "VRAM Usage": 355.0,
            "Disk Read Speed (MB/s)": 206398.1884765625,
            "Disk Write Speed (MB/s)": 384559.3134765625
        },
        {
            "step": 2,
            "train_loss": 0.02938131056725979,
            "actions_pred1": [
                [
                    [
                        -0.18726003170013428,
                        0.1640291064977646,
                        0.16938301920890808,
                        -2.352538824081421
                    ],
                    [
                        -0.3051473796367645,
                        0.5898127555847168,
                        0.15309864282608032,
                        -1.5661334991455078
                    ],
                    [
                        -0.15485824644565582,
                        0.5857248306274414,
                        0.26597532629966736,
                        -1.505462408065796
                    ],
                    [
                        -0.0965266153216362,
                        0.6839146614074707,
                        0.40305235981941223,
                        -1.5577222108840942
                    ],
                    [
                        -0.07368212193250656,
                        0.5484756827354431,
                        0.4361839294433594,
                        -1.6303610801696777
                    ],
                    [
                        -0.10108613967895508,
                        0.6154962182044983,
                        0.5857738852500916,
                        -1.7065868377685547
                    ],
                    [
                        -0.09242960065603256,
                        0.5102896690368652,
                        0.5827429294586182,
                        -1.5902178287506104
                    ],
                    [
                        -0.04599655419588089,
                        0.4986933469772339,
                        0.5088883638381958,
                        -1.4456605911254883
                    ],
                    [
                        -0.14808639883995056,
                        0.4253264367580414,
                        0.5204500555992126,
                        -1.5430372953414917
                    ],
                    [
                        -0.23070017993450165,
                        0.44487863779067993,
                        0.47404745221138,
                        -1.5713286399841309
                    ],
                    [
                        -0.14251762628555298,
                        0.6546188592910767,
                        0.6274348497390747,
                        -1.5023573637008667
                    ],
                    [
                        -0.2200012356042862,
                        0.6151796579360962,
                        0.6224045157432556,
                        -1.3196996450424194
                    ],
                    [
                        -0.22856567800045013,
                        0.6083528995513916,
                        0.6717100739479065,
                        -1.3781710863113403
                    ],
                    [
                        -0.22013317048549652,
                        0.6458711624145508,
                        0.7284581661224365,
                        -1.3908525705337524
                    ],
                    [
                        -0.2259013056755066,
                        0.6089300513267517,
                        0.6741414070129395,
                        -1.5063775777816772
                    ],
                    [
                        -0.2617563307285309,
                        0.5947871208190918,
                        0.6006761193275452,
                        -1.4319345951080322
                    ],
                    [
                        -0.22692374885082245,
                        0.574115514755249,
                        0.6517091989517212,
                        -1.5350176095962524
                    ],
                    [
                        -0.25264638662338257,
                        0.5587274432182312,
                        0.6085171103477478,
                        -1.5409600734710693
                    ],
                    [
                        -0.1719735711812973,
                        0.8223226070404053,
                        0.5782368183135986,
                        -1.3681926727294922
                    ],
                    [
                        -0.10512478649616241,
                        0.6866639852523804,
                        0.6620641350746155,
                        -1.4346654415130615
                    ]
                ]
            ],
            "actions_pred": [
                [
                    [
                        -0.18726003170013428,
                        -0.3051473796367645,
                        -0.15485824644565582,
                        -0.0965266153216362,
                        -0.07368212193250656,
                        -0.10108613967895508,
                        -0.09242960065603256,
                        -0.04599655419588089,
                        -0.14808639883995056,
                        -0.23070017993450165,
