{
    "steps": [
        {
            "step": 0,
            "train_loss": 0.00028387224301695824,
            "actions_pred1": [
                [
                    [
                        -1.0619995594024658,
                        4.267852783203125,
                        0.03221708536148071,
                        -0.8441644906997681
                    ],
                    [
                        -1.2339437007904053,
                        4.578401565551758,
                        -0.6027780175209045,
                        -1.260438084602356
                    ],
                    [
                        -1.2231611013412476,
                        4.780019760131836,
                        -0.5895838737487793,
                        -1.4610573053359985
                    ],
                    [
                        -1.2220430374145508,
                        5.287831783294678,
                        -0.630549967288971,
                        -1.6617133617401123
                    ],
                    [
                        -0.9813504815101624,
                        5.375151634216309,
                        -0.6457632780075073,
                        -2.0794668197631836
                    ],
                    [
                        -0.6969505548477173,
                        5.443319320678711,
                        -0.37935754656791687,
                        -2.424217939376831
                    ],
                    [
                        -0.596777081489563,
                        5.769159317016602,
                        -0.3363783359527588,
                        -2.80539870262146
                    ],
                    [
                        -0.5154310464859009,
                        5.674349784851074,
                        -0.3786671459674835,
                        -2.920713424682617
                    ],
                    [
                        -0.26043733954429626,
                        5.628336429595947,
                        0.0327090322971344,
                        -3.1798861026763916
                    ],
                    [
                        -0.24308979511260986,
                        5.7079668045043945,
                        0.13794928789138794,
                        -3.278069019317627
                    ],
                    [
                        -0.23663505911827087,
                        5.5851640701293945,
                        0.13399818539619446,
                        -3.4284143447875977
                    ],
                    [
                        -0.1863066852092743,
                        5.3743791580200195,
                        0.2556071877479553,
                        -3.397012710571289
                    ],
                    [
                        -0.03392958641052246,
                        5.464852809906006,
                        0.2867579460144043,
                        -3.4532580375671387
                    ],
                    [
                        0.12215536832809448,
                        5.492806911468506,
                        0.15177634358406067,
                        -3.535937547683716
                    ],
                    [
                        0.017973989248275757,
                        5.660985469818115,
                        0.12615227699279785,
                        -3.73388671875
                    ],
                    [
                        0.1743701696395874,
                        5.692525863647461,
                        0.27780041098594666,
                        -3.625309705734253
                    ],
                    [
                        0.3077232837677002,
                        5.572992324829102,
                        0.4402426779270172,
                        -3.690053701400757
                    ],
                    [
                        0.33617478609085083,
                        5.6236066818237305,
                        0.5603443384170532,
                        -3.548433780670166
                    ],
                    [
                        0.4328743815422058,
                        5.647343635559082,
                        0.49794167280197144,
                        -3.67323637008667
                    ],
                    [
                        0.5931224822998047,
                        5.65164852142334,
                        0.5642106533050537,
                        -3.7921602725982666
                    ]
                ]
            ],
            "actions_pred": [
                [
                    [
                        -1.0619995594024658,
                        -1.2339437007904053,
                        -1.2231611013412476,
                        -1.2220430374145508,
                        -0.9813504815101624,
                        -0.6969505548477173,
                        -0.596777081489563,
                        -0.5154310464859009,
                        -0.26043733954429626,
                        -0.24308979511260986,
                        -0.23663505911827087,
                        -0.1863066852092743,
                        -0.03392958641052246,
                        0.12215536832809448,
                        0.017973989248275757,
                        0.1743701696395874,
                        0.3077232837677002,
                        0.33617478609085083,
                        0.4328743815422058,
                        0.5931224822998047
                    ],
                    [
                        4.267852783203125,
                        4.578401565551758,
                        4.780019760131836,
                        5.287831783294678,
                        5.375151634216309,
                        5.443319320678711,
                        5.769159317016602,
                        5.674349784851074,
                        5.628336429595947,
                        5.7079668045043945,
                        5.5851640701293945,
                        5.3743791580200195,
                        5.464852809906006,
                        5.492806911468506,
                        5.660985469818115,
                        5.692525863647461,
                        5.572992324829102,
                        5.6236066818237305,
                        5.647343635559082,
                        5.65164852142334
                    ],
                    [
                        0.03221708536148071,
                        -0.6027780175209045,
                        -0.5895838737487793,
                        -0.630549967288971,
                        -0.6457632780075073,
                        -0.37935754656791687,
                        -0.3363783359527588,
                        -0.3786671459674835,
                        0.0327090322971344,
                        0.13794928789138794,
                        0.13399818539619446,
                        0.2556071877479553,
                        0.2867579460144043,
                        0.15177634358406067,
                        0.12615227699279785,
                        0.27780041098594666,
                        0.4402426779270172,
                        0.5603443384170532,
                        0.49794167280197144,
                        0.5642106533050537
                    ],
                    [
                        -0.8441644906997681,
                        -1.260438084602356,
                        -1.4610573053359985,
                        -1.6617133617401123,
                        -2.0794668197631836,
                        -2.424217939376831,
                        -2.80539870262146,
                        -2.920713424682617,
                        -3.1798861026763916,
                        -3.278069019317627,
                        -3.4284143447875977,
                        -3.397012710571289,
                        -3.4532580375671387,
                        -3.535937547683716,
                        -3.73388671875,
                        -3.625309705734253,
                        -3.690053701400757,
                        -3.548433780670166,
                        -3.67323637008667,
                        -3.7921602725982666
                    ]
                ]
            ],
            "states": [
                [
                    [
                        5059312.0,
                        9.1049492766615e-05,
                        0.0002829945588018745,
                        570940.9375
                    ],
                    [
                        5117232.0,
                        8.226631325669587e-05,
                        0.00027779326774179935,
                        553102.75
                    ],
                    [
                        5535704.0,
                        7.472792640328407e-05,
                        0.00029917724896222353,
                        546738.9375
                    ],
                    [
                        4970984.0,
                        6.851889338577166e-05,
                        0.00037997434264980257,
                        615590.1875
                    ],
                    [
                        2654184.0,
                        6.460718577727675e-05,
                        0.00029415389872156084,
                        481818.0625
                    ],
                    [
                        4494592.0,
                        6.135837611509487e-05,
                        0.00029440681100822985,
                        522992.78125
                    ],
                    [
                        4348344.0,
                        5.774946475867182e-05,
                        0.00028164629475213587,
                        491780.875
                    ],
                    [
                        4933336.0,
                        5.439664164441638e-05,
                        0.00027785348356701434,
                        520398.875
                    ],
                    [
                        4701656.0,
                        5.129960845806636e-05,
                        0.00038381022750400007,
                        575110.6875
                    ],
                    [
                        4578576.0,
                        4.8633406549924985e-05,
                        0.0002961547579616308,
                        495802.21875
                    ],
                    [
                        3149400.0,
                        4.661144339479506e-05,
                        0.00029962105327285826,
                        505119.28125
                    ],
                    [
                        4999944.0,
                        4.466465179575607e-05,
                        0.00029777659801766276,
                        484590.125
                    ],
                    [
                        5011528.0,
                        4.247795732226223e-05,
                        0.0002728095860220492,
                        482498.96875
                    ],
                    [
                        5127368.0,
                        4.047168113174848e-05,
                        0.0002930021146312356,
                        492467.5625
                    ],
                    [
                        5149088.0,
                        3.862225275952369e-05,
                        0.0005929499748162925,
                        510973.59375
                    ],
                    [
                        3434656.0,
                        3.7198835343588144e-05,
                        0.00017766767996363342,
                        518040.0625
                    ],
                    [
                        4734960.0,
                        3.594371446524747e-05,
                        0.00018339134112466127,
                        483570.8125
                    ],
                    [
                        4713240.0,
                        3.459137587924488e-05,
                        0.00019205290300305933,
                        485131.46875
                    ],
                    [
                        5099856.0,
                        3.3291154977632686e-05,
                        0.0002024973655352369,
                        498759.9375
                    ],
                    [
                        5243208.0,
                        3.2021918741520494e-05,
                        0.0002613598189782351,
                        496721.28125
                    ]
                ]
            ],
            "actions": [
                [
                    [
                        0.5
                    ],
                    [
                        0.5
                    ],
                    [
                        0.5
                    ],
                    [
                        0.5
                    ],
                    [
                        0.5
                    ],
                    [
                        0.5
                    ],
                    [
                        0.5
                    ],
                    [
                        0.5
                    ],
                    [
                        0.5
                    ],
                    [
                        0.5
                    ],
                    [
                        0.5
                    ],
                    [
                        0.5
                    ],
                    [
                        0.5
                    ],
                    [
                        0.5
                    ],
                    [
                        0.5
                    ],
                    [
                        0.5
                    ],
                    [
                        0.5
                    ],
                    [
                        0.5
                    ],
                    [
                        0.5
                    ],
                    [
                        0.5
                    ]
                ]
            ],
            "returns": [
                [
                    [
                        0.4691389203071594
                    ],
                    [
                        0.4682103097438812
                    ],
                    [
                        0.46728071570396423
                    ],
                    [
                        0.46634411811828613
                    ],
                    [
                        0.4654170870780945
                    ],
                    [
                        0.46454569697380066
                    ],
                    [
                        0.46362757682800293
                    ],
                    [
                        0.4627124071121216
                    ],
                    [
                        0.46178606152534485
                    ],
                    [
                        0.46086394786834717
                    ],
                    [
                        0.4599442183971405
                    ],
                    [
                        0.45905765891075134
                    ],
                    [
                        0.4581300914287567
                    ],
                    [
                        0.45720234513282776
                    ],
                    [
                        0.45627257227897644
                    ],
                    [
                        0.4553424119949341
                    ],
                    [
                        0.4544481337070465
                    ],
                    [
                        0.4535254240036011
                    ],
                    [
                        0.4526031017303467
                    ],
                    [
                        0.45167380571365356
                    ]
                ]
            ],
            "timesteps": [
                [
                    120,
                    121,
                    122,
                    123,
                    124,
                    125,
                    126,
                    127,
                    128,
                    129,
                    130,
                    131,
                    132,
                    133,
                    134,
                    135,
                    136,
                    137,
                    138,
                    139
                ]
            ],
            "labels": [
                [
                    1,
                    1,
                    1,
                    1,
                    1,
                    1,
                    1,
                    1,
                    1,
                    1,
                    1,
                    1,
                    1,
                    1,
                    1,
                    1,
                    1,
                    1,
                    1,
                    1
                ]
            ],
            "CPU Usage": 45.8,
            "RAM Usage": 54.9,
            "GPU Usage": 0.0,
            "VRAM Usage": 355.0,
            "Disk Read Speed (MB/s)": 206653.9990234375,
            "Disk Write Speed (MB/s)": 432917.9580078125
        },
        {
            "step": 1,
            "train_loss": 0.011179439723491669,
            "actions_pred1": [
                [
                    [
                        1.525123953819275,
                        1.666137456893921,
                        1.5680911540985107,
                        -5.005733489990234
                    ],
                    [
                        1.4777449369430542,
                        2.313511371612549,
                        1.5830448865890503,
                        -4.322763442993164
                    ],
                    [
                        1.5661603212356567,
                        2.597644090652466,
                        1.2624728679656982,
                        -4.510499000549316
                    ],
                    [
                        1.732036828994751,
                        2.8111534118652344,
                        0.5534247159957886,
                        -4.480141639709473
                    ],
                    [
                        1.2666816711425781,
                        3.1265077590942383,
                        0.020494401454925537,
                        -5.336613178253174
                    ],
                    [
                        1.385739803314209,
                        3.1240487098693848,
                        0.09204614162445068,
                        -5.358310699462891
                    ],
                    [
                        1.745658040046692,
                        3.4651505947113037,
                        -0.12096735835075378,
                        -5.176064968109131
                    ],
                    [
                        1.7818554639816284,
                        3.0833351612091064,
                        -0.0784907341003418,
                        -5.14219331741333
                    ],
                    [
                        2.036773681640625,
                        2.9888570308685303,
                        -0.04061436653137207,
                        -5.566662788391113
                    ],
                    [
                        1.8571131229400635,
                        3.022670030593872,
                        0.455559641122818,
                        -5.621415138244629
                    ],
                    [
                        2.1964290142059326,
                        3.177727222442627,
                        0.6363853812217712,
                        -5.968461990356445
                    ],
                    [
                        2.3819682598114014,
                        3.3855233192443848,
                        0.80583655834198,
                        -5.803220748901367
                    ],
                    [
                        2.3110384941101074,
                        3.732565402984619,
                        0.5514159798622131,
                        -5.817337989807129
                    ],
                    [
                        2.3163983821868896,
                        3.6158599853515625,
                        0.3495822250843048,
                        -5.712642669677734
                    ],
                    [
                        2.2615737915039062,
                        3.6968002319335938,
                        0.3865869343280792,
                        -5.793275833129883
                    ],
                    [
                        2.278925657272339,
                        3.509503126144409,
                        0.47843003273010254,
                        -6.120711326599121
                    ],
                    [
                        2.3521265983581543,
                        3.395310878753662,
                        0.7461988925933838,
                        -6.253527641296387
                    ],
                    [
                        2.2791755199432373,
                        3.3941919803619385,
                        0.6513352394104004,
                        -6.245995044708252
                    ],
                    [
                        2.414669990539551,
                        3.5834381580352783,
                        0.6222707033157349,
                        -5.660056114196777
                    ],
                    [
                        2.863281726837158,
                        3.98006272315979,
                        0.529574453830719,
                        -6.22441291809082
                    ]
                ]
            ],
            "actions_pred": [
                [
                    [
                        1.525123953819275,
                        1.4777449369430542,
                        1.5661603212356567,
                        1.732036828994751,
                        1.2666816711425781,
                        1.385739803314209,
                        1.745658040046692,
                        1.7818554639816284,
                        2.036773681640625,
                        1.8571131229400635,
                        2.1964290142059326,
                        2.3819682598114014,
                        2.3110384941101074,
                        2.3163983821868896,
                        2.2615737915039062,
                        2.278925657272339,
                        2.3521265983581543,
                        2.2791755199432373,
                        2.414669990539551,
                        2.863281726837158
                    ],
                    [
                        1.666137456893921,
                        2.313511371612549,
                        2.597644090652466,
                        2.8111534118652344,
                        3.1265077590942383,
                        3.1240487098693848,
                        3.4651505947113037,
                        3.0833351612091064,
                        2.9888570308685303,
                        3.022670030593872,
                        3.177727222442627,
                        3.3855233192443848,
                        3.732565402984619,
                        3.6158599853515625,
                        3.6968002319335938,
                        3.509503126144409,
                        3.395310878753662,
                        3.3941919803619385,
                        3.5834381580352783,
                        3.98006272315979
                    ],
                    [
                        1.5680911540985107,
                        1.5830448865890503,
                        1.2624728679656982,
                        0.5534247159957886,
                        0.020494401454925537,
                        0.09204614162445068,
                        -0.12096735835075378,
                        -0.0784907341003418,
                        -0.04061436653137207,
                        0.455559641122818,
                        0.6363853812217712,
                        0.80583655834198,
                        0.5514159798622131,
                        0.3495822250843048,
                        0.3865869343280792,
                        0.47843003273010254,
                        0.7461988925933838,
                        0.6513352394104004,
                        0.6222707033157349,
                        0.529574453830719
                    ],
                    [
                        -5.005733489990234,
                        -4.322763442993164,
                        -4.510499000549316,
                        -4.480141639709473,
                        -5.336613178253174,
                        -5.358310699462891,
                        -5.176064968109131,
                        -5.14219331741333,
                        -5.566662788391113,
                        -5.621415138244629,
                        -5.968461990356445,
                        -5.803220748901367,
                        -5.817337989807129,
                        -5.712642669677734,
                        -5.793275833129883,
                        -6.120711326599121,
                        -6.253527641296387,
                        -6.245995044708252,
                        -5.660056114196777,
                        -6.22441291809082
                    ]
                ]
            ],
            "states": [
                [
                    [
                        5603760.0,
                        1.8195280063082464e-05,
                        0.00019109471759293228,
                        502731.65625
                    ],
                    [
                        5502400.0,
                        1.778137630026322e-05,
                        0.00025023153284564614,
                        515799.5
                    ],
                    [
                        3495337.0,
                        2.0890449377475306e-05,
                        0.000305382302030921,
                        476338.21875
                    ],
                    [
                        1255416.0,
                        5.187569695408456e-05,
                        0.00029567780438810587,
                        761957.25
                    ],
                    [
                        2240056.0,
                        5.151751611265354e-05,
                        0.00033060877467505634,
                        603144.3125
                    ],
                    [
                        3857472.0,
                        4.8557489208178595e-05,
                        0.0031183171086013317,
                        533986.8125
                    ],
                    [
                        4274496.0,
                        4.78329966426827e-05,
                        0.0025027666706591845,
                        540291.25
                    ],
                    [
                        4416400.0,
                        4.7082099627004936e-05,
                        0.0014389286516234279,
                        565093.875
                    ],
                    [
                        8094320.0,
                        4.604376954375766e-05,
                        0.0007658242247998714,
                        548988.375
                    ],
                    [
                        6445048.0,
                        4.488962440518662e-05,
                        0.00038344759377650917,
                        548654.4375
                    ],
                    [
                        5370632.0,
                        4.3993775761919096e-05,
                        0.00022289676417130977,
                        576383.875
                    ],
                    [
                        4669800.0,
                        4.3260322854621336e-05,
                        0.00016156068886630237,
                        587927.8125
                    ],
                    [
                        5024560.0,
                        4.257538603269495e-05,
                        0.0001406134688295424,
                        551057.8125
                    ],
                    [
                        5088272.0,
                        4.1883507947204635e-05,
                        0.00015407148748636246,
                        546541.25
                    ],
                    [
                        5479232.0,
                        4.118427023058757e-05,
                        0.00013193934864830226,
                        600107.125
                    ],
                    [
                        4853696.0,
                        4.0522416384192184e-05,
                        0.000135277965455316,
                        557284.125
                    ],
                    [
                        4022544.0,
                        3.997057501692325e-05,
                        0.0001415384467691183,
                        635772.1875
                    ],
                    [
                        3612760.0,
                        3.950786776840687e-05,
                        0.0001762084721121937,
                        576885.25
                    ],
                    [
                        3773488.0,
                        3.907046266249381e-05,
                        0.000310274597723037,
                        547162.9375
                    ],
                    [
                        4445360.0,
                        3.8595113437622786e-05,
                        0.00025462565827183425,
                        623805.0
                    ]
                ]
            ],
            "actions": [
                [
                    [
                        0.5
                    ],
                    [
                        0.5
                    ],
                    [
                        0.5
                    ],
                    [
                        0.5
                    ],
                    [
                        0.5
                    ],
                    [
                        0.5
                    ],
                    [
                        0.5
                    ],
                    [
                        0.5
                    ],
                    [
                        0.5
                    ],
                    [
                        0.5
                    ],
                    [
                        0.5
                    ],
                    [
                        0.5
                    ],
                    [
                        0.5
                    ],
                    [
                        0.5
                    ],
                    [
                        0.5
                    ],
                    [
                        0.5
                    ],
                    [
                        0.5
                    ],
                    [
                        0.5
                    ],
                    [
                        0.5
                    ],
                    [
                        0.5
                    ]
                ]
            ],
            "returns": [
                [
                    [
                        0.1523428112268448
                    ],
                    [
                        0.15140515565872192
                    ],
                    [
                        0.150469109416008
                    ],
                    [
                        0.14957329630851746
                    ],
                    [
                        0.14876827597618103
                    ],
                    [
                        0.1479119062423706
                    ],
                    [
                        0.14700736105442047
                    ],
                    [
                        0.1460937112569809
                    ],
                    [
                        0.14517715573310852
                    ],
                    [
                        0.14420689642429352
                    ],
                    [
                        0.14325684309005737
                    ],
                    [
                        0.14232294261455536
                    ],
                    [
                        0.14140145480632782
                    ],
                    [
                        0.14047347009181976
                    ],
                    [
                        0.13954436779022217
                    ],
                    [
                        0.13860870897769928
                    ],
                    [
                        0.13768377900123596
                    ],
                    [
                        0.13677552342414856
                    ],
                    [
                        0.13587677478790283
                    ],
                    [
                        0.1349741816520691
                    ]
                ]
            ],
            "timesteps": [
                [
                    460,
                    461,
                    462,
                    463,
                    464,
                    465,
                    466,
                    467,
                    468,
                    469,
                    470,
                    471,
                    472,
                    473,
                    474,
                    475,
                    476,
                    477,
                    478,
                    479
                ]
            ],
            "labels": [
                [
                    1,
                    1,
                    1,
                    1,
                    1,
                    1,
                    1,
                    1,
                    1,
                    1,
                    1,
                    1,
                    1,
                    1,
                    1,
                    1,
                    1,
                    1,
                    1,
                    1
                ]
            ],
            "CPU Usage": 46.6,
            "RAM Usage": 55.1,
            "GPU Usage": 0.0,
            "VRAM Usage": 355.0,
            "Disk Read Speed (MB/s)": 206653.9990234375,
            "Disk Write Speed (MB/s)": 432918.0634765625
        },
        {
            "step": 2,
            "train_loss": 0.0002164739853469655,
            "actions_pred1": [
                [
                    [
                        -1.5563461780548096,
                        3.762118339538574,
                        -0.6064602136611938,
                        -4.666722774505615
                    ],
                    [
                        -1.3200405836105347,
                        4.249197483062744,
                        -0.8993927240371704,
                        -3.999913454055786
                    ],
                    [
                        -1.5717122554779053,
                        4.215139389038086,
                        -1.4777323007583618,
                        -4.035634517669678
                    ],
                    [
                        -1.7125322818756104,
                        4.412203788757324,
                        -1.6388262510299683,
                        -4.182275295257568
                    ],
                    [
                        -1.7161484956741333,
                        4.34382438659668,
                        -2.201831579208374,
                        -4.4582366943359375
                    ],
                    [
                        -1.4084333181381226,
                        4.5334086418151855,
                        -2.010816812515259,
                        -4.554126739501953
                    ],
                    [
                        -1.2703988552093506,
                        4.713142395019531,
                        -2.171261787414551,
                        -4.5574774742126465
                    ],
                    [
                        -1.0911118984222412,
                        4.730957508087158,
                        -2.042149305343628,
                        -4.320467472076416
                    ],
                    [
                        -0.9096806645393372,
                        4.604451656341553,
                        -1.7236779928207397,
                        -4.704057216644287
                    ],
                    [
                        -0.8986384272575378,
                        4.470009803771973,
                        -1.6077040433883667,
                        -4.656345367431641
                    ],
                    [
                        -0.8644112348556519,
                        4.530393600463867,
                        -1.6694064140319824,
                        -4.741086483001709
                    ],
                    [
                        -0.8492066860198975,
                        4.504323482513428,
                        -1.686530351638794,
                        -4.812293529510498
                    ],
                    [
                        -0.998078465461731,
                        4.546379089355469,
                        -1.7069103717803955,
                        -4.791952133178711
                    ],
                    [
                        -1.0823800563812256,
                        4.536466598510742,
                        -1.6008501052856445,
                        -4.774607181549072
                    ],
                    [
                        -1.0440877676010132,
                        4.6288909912109375,
                        -1.5311076641082764,
                        -4.833546161651611
                    ],
                    [
                        -0.8569072484970093,
                        4.700241565704346,
                        -1.5494507551193237,
                        -4.918068885803223
                    ],
                    [
                        -0.705834686756134,
                        4.641375541687012,
                        -1.5290801525115967,
                        -4.83203125
                    ],
                    [
                        -0.6325128078460693,
                        4.536402702331543,
                        -1.6299220323562622,
                        -4.8834686279296875
                    ],
                    [
                        -0.6234359741210938,
                        4.372674942016602,
                        -1.5597593784332275,
                        -4.818916320800781
                    ],
                    [
                        -0.6078928112983704,
                        4.338227272033691,
                        -1.5625766515731812,
                        -4.809722900390625
                    ]
                ]
            ],
            "actions_pred": [
                [
                    [
                        -1.5563461780548096,
                        -1.3200405836105347,
                        -1.5717122554779053,
                        -1.7125322818756104,
                        -1.7161484956741333,
                        -1.4084333181381226,
                        -1.2703988552093506,
                        -1.0911118984222412,
                        -0.9096806645393372,
                        -0.8986384272575378,
                        -0.8644112348556519,
                        -0.8492066860198975,
                        -0.998078465461731,
