{
    "steps": [
        {
            "step": 0,
            "train_loss": 0.047613125294446945,
            "actions_pred1": [
                [
                    [
                        0.11174055933952332,
                        -0.12082065641880035,
                        0.7409518361091614,
                        -0.26385602355003357
                    ],
                    [
                        0.23590391874313354,
                        0.03620876371860504,
                        0.7253237962722778,
                        -0.13870498538017273
                    ],
                    [
                        0.2531474530696869,
                        0.0843571126461029,
                        0.7182151675224304,
                        -0.01131594181060791
                    ],
                    [
                        0.30880922079086304,
                        0.1428181529045105,
                        0.7429830431938171,
                        -0.039427250623703
                    ],
                    [
                        0.18537288904190063,
                        0.24381771683692932,
                        0.7655870914459229,
                        -0.17751577496528625
                    ],
                    [
                        0.2521804869174957,
                        0.30426025390625,
                        0.8096003532409668,
                        -0.2554149925708771
                    ],
                    [
                        0.1976683884859085,
                        0.28210359811782837,
                        0.8796954154968262,
                        -0.2630176544189453
                    ],
                    [
                        0.1873805820941925,
                        0.2383674681186676,
                        0.8725339770317078,
                        -0.17351365089416504
                    ],
                    [
                        0.0953158289194107,
                        0.3613765835762024,
                        0.8428821563720703,
                        -0.15946927666664124
                    ],
                    [
                        0.18492799997329712,
                        0.18760979175567627,
                        0.8456259965896606,
                        -0.038348644971847534
                    ],
                    [
                        0.27500829100608826,
                        0.1429346799850464,
                        0.8477535843849182,
                        -0.050705909729003906
                    ],
                    [
                        0.13314202427864075,
                        0.1103469505906105,
                        0.8185588121414185,
                        -0.141309916973114
                    ],
                    [
                        -0.005815029144287109,
                        0.22566723823547363,
                        0.6534023284912109,
                        -0.1245732307434082
                    ],
                    [
                        0.047025784850120544,
                        0.283988356590271,
                        0.7462891340255737,
                        -0.11975347995758057
                    ],
                    [
                        0.13644015789031982,
                        0.18043303489685059,
                        0.7468958497047424,
                        -0.06528648734092712
                    ],
                    [
                        0.18024426698684692,
                        0.1593882143497467,
                        0.7306177020072937,
                        -0.07610172033309937
                    ],
                    [
                        0.22656306624412537,
                        0.1694527566432953,
                        0.8001206517219543,
                        -0.08522561192512512
                    ],
                    [
                        0.2066516876220703,
                        0.13534998893737793,
                        0.7447863817214966,
                        -0.12895336747169495
                    ],
                    [
                        0.09717445820569992,
                        0.10944336652755737,
                        0.8443136811256409,
                        -0.2839040160179138
                    ],
                    [
                        0.14804871380329132,
                        0.16979122161865234,
                        0.8596884608268738,
                        -0.2618562877178192
                    ]
                ]
            ],
            "actions_pred": [
                [
                    [
                        0.11174055933952332,
                        0.23590391874313354,
                        0.2531474530696869,
                        0.30880922079086304,
                        0.18537288904190063,
                        0.2521804869174957,
                        0.1976683884859085,
                        0.1873805820941925,
                        0.0953158289194107,
                        0.18492799997329712,
                        0.27500829100608826,
                        0.13314202427864075,
                        -0.005815029144287109,
                        0.047025784850120544,
                        0.13644015789031982,
                        0.18024426698684692,
                        0.22656306624412537,
                        0.2066516876220703,
                        0.09717445820569992,
                        0.14804871380329132
                    ],
                    [
                        -0.12082065641880035,
                        0.03620876371860504,
                        0.0843571126461029,
                        0.1428181529045105,
                        0.24381771683692932,
                        0.30426025390625,
                        0.28210359811782837,
                        0.2383674681186676,
                        0.3613765835762024,
                        0.18760979175567627,
                        0.1429346799850464,
                        0.1103469505906105,
                        0.22566723823547363,
                        0.283988356590271,
                        0.18043303489685059,
                        0.1593882143497467,
                        0.1694527566432953,
                        0.13534998893737793,
                        0.10944336652755737,
                        0.16979122161865234
                    ],
                    [
                        0.7409518361091614,
                        0.7253237962722778,
                        0.7182151675224304,
                        0.7429830431938171,
                        0.7655870914459229,
                        0.8096003532409668,
                        0.8796954154968262,
                        0.8725339770317078,
                        0.8428821563720703,
                        0.8456259965896606,
                        0.8477535843849182,
                        0.8185588121414185,
                        0.6534023284912109,
                        0.7462891340255737,
                        0.7468958497047424,
                        0.7306177020072937,
                        0.8001206517219543,
                        0.7447863817214966,
                        0.8443136811256409,
                        0.8596884608268738
                    ],
                    [
                        -0.26385602355003357,
                        -0.13870498538017273,
                        -0.01131594181060791,
                        -0.039427250623703,
                        -0.17751577496528625,
                        -0.2554149925708771,
                        -0.2630176544189453,
                        -0.17351365089416504,
                        -0.15946927666664124,
                        -0.038348644971847534,
                        -0.050705909729003906,
                        -0.141309916973114,
                        -0.1245732307434082,
                        -0.11975347995758057,
                        -0.06528648734092712,
                        -0.07610172033309937,
                        -0.08522561192512512,
                        -0.12895336747169495,
                        -0.2839040160179138,
                        -0.2618562877178192
                    ]
                ]
            ],
            "states": [
                [
                    [
                        4791432.0,
                        3.087877848884091e-05,
                        0.00023075626813806593,
                        506720.5
                    ],
                    [
                        3692400.0,
                        2.9973596610943787e-05,
                        0.00032322804327122867,
                        492666.6875
                    ],
                    [
                        4952160.0,
                        2.9106702641001903e-05,
                        0.0002578554267529398,
                        491613.3125
                    ],
                    [
                        4808808.0,
                        2.818479697452858e-05,
                        0.00022438736050389707,
                        480345.5
                    ],
                    [
                        4978224.0,
                        2.7317544663674198e-05,
                        0.00038321700412780046,
                        500271.75
                    ],
                    [
                        5354704.0,
                        2.645807217049878e-05,
                        0.0004527103737927973,
                        496069.53125
                    ],
                    [
                        3554840.0,
                        2.5757775802048855e-05,
                        0.00029970589093863964,
                        504121.5
                    ],
                    [
                        5330088.0,
                        2.5097764591919258e-05,
                        0.00026218051789328456,
                        473636.59375
                    ],
                    [
                        7706256.0,
                        2.4188775569200516e-05,
                        0.0002925366861745715,
                        550715.1875
                    ],
                    [
                        7687432.0,
                        2.319453051313758e-05,
                        0.00028024095809087157,
                        523717.84375
                    ],
                    [
                        6233640.0,
                        1.9415590941207483e-05,
                        0.0001758198341121897,
                        575309.5
                    ],
                    [
                        6330656.0,
                        1.8885328245232813e-05,
                        0.00013516498438548297,
                        576038.875
                    ],
                    [
                        2227024.0,
                        1.8539429220254533e-05,
                        0.0001646996388444677,
                        615099.8125
                    ],
                    [
                        3611312.0,
                        1.8311515304958448e-05,
                        0.0001985474955290556,
                        642490.9375
                    ],
                    [
                        5732632.0,
                        1.795835305529181e-05,
                        0.0002949792833533138,
                        564533.125
                    ],
                    [
                        5175152.0,
                        1.7562215361976996e-05,
                        0.0007080274517647922,
                        561933.4375
                    ],
                    [
                        4907272.0,
                        1.721135777188465e-05,
                        0.0013480978086590767,
                        618870.0
                    ],
                    [
                        4346896.0,
                        1.6901381968636997e-05,
                        0.0014468225417658687,
                        555341.1875
                    ],
                    [
                        5007184.0,
                        1.6599440641584806e-05,
                        0.0019480990013107657,
                        605693.8125
                    ],
                    [
                        5735528.0,
                        1.6265725207631476e-05,
                        0.002926501678302884,
                        601773.625
                    ]
                ]
            ],
            "actions": [
                [
                    [
                        0.5
                    ],
                    [
                        0.5
                    ],
                    [
                        0.5
                    ],
                    [
                        0.5
                    ],
                    [
                        0.5
                    ],
                    [
                        0.5
                    ],
                    [
                        0.5
                    ],
                    [
                        0.5
                    ],
                    [
                        0.5
                    ],
                    [
                        0.5
                    ],
                    [
                        0.5
                    ],
                    [
                        0.5
                    ],
                    [
                        0.5
                    ],
                    [
                        0.5
                    ],
                    [
                        0.5
                    ],
                    [
                        0.5
                    ],
                    [
                        0.5
                    ],
                    [
                        0.5
                    ],
                    [
                        0.5
                    ],
                    [
                        0.5
                    ]
                ]
            ],
            "returns": [
                [
                    [
                        0.45074203610420227
                    ],
                    [
                        0.44981828331947327
                    ],
                    [
                        0.44891759753227234
                    ],
                    [
                        0.44799089431762695
                    ],
                    [
                        0.4470668137073517
                    ],
                    [
                        0.4461396336555481
                    ],
                    [
                        0.44520601630210876
                    ],
                    [
                        0.44430869817733765
                    ],
                    [
                        0.44337549805641174
                    ],
                    [
                        0.44240957498550415
                    ],
                    [
                        0.44144389033317566
                    ],
                    [
                        0.4404968023300171
                    ],
                    [
                        0.4395483136177063
                    ],
                    [
                        0.43869248032569885
                    ],
                    [
                        0.4377937614917755
                    ],
                    [
                        0.4368540942668915
                    ],
                    [
                        0.4359234869480133
                    ],
                    [
                        0.4349976181983948
                    ],
                    [
                        0.4340824484825134
                    ],
                    [
                        0.43315479159355164
                    ]
                ]
            ],
            "timesteps": [
                [
                    140,
                    141,
                    142,
                    143,
                    144,
                    145,
                    146,
                    147,
                    148,
                    149,
                    150,
                    151,
                    152,
                    153,
                    154,
                    155,
                    156,
                    157,
                    158,
                    159
                ]
            ],
            "labels": [
                [
                    1,
                    1,
                    1,
                    1,
                    1,
                    1,
                    1,
                    1,
                    1,
                    1,
                    1,
                    1,
                    1,
                    1,
                    1,
                    1,
                    1,
                    1,
                    1,
                    1
                ]
            ],
            "CPU Usage": 45.3,
            "RAM Usage": 55.2,
            "GPU Usage": 0.0,
            "VRAM Usage": 355.0,
            "Disk Read Speed (MB/s)": 206026.4111328125,
            "Disk Write Speed (MB/s)": 354352.4697265625
        },
        {
            "step": 1,
            "train_loss": 0.05005381256341934,
            "actions_pred1": [
                [
                    [
                        0.24190093576908112,
                        -0.017983637750148773,
                        0.6504293084144592,
                        0.07884323596954346
                    ],
                    [
                        0.20973563194274902,
                        0.10952827334403992,
                        0.709494948387146,
                        0.2261788249015808
                    ],
                    [
                        0.2824622392654419,
                        0.09310153126716614,
                        0.7862059473991394,
                        0.08733335137367249
                    ],
                    [
                        0.2752978503704071,
                        0.024140983819961548,
                        0.8277115225791931,
                        0.011725783348083496
                    ],
                    [
                        0.24039360880851746,
                        0.07820630073547363,
                        0.9122423529624939,
                        -0.006138712167739868
                    ],
                    [
                        0.10144974291324615,
                        0.072085902094841,
                        0.7025297284126282,
                        -0.17104345560073853
                    ],
                    [
                        0.2173428237438202,
                        0.031137004494667053,
                        0.7354365587234497,
                        -0.1445748507976532
                    ],
                    [
                        0.2070574164390564,
                        0.011371076107025146,
                        0.7037431001663208,
                        -0.0831097960472107
                    ],
                    [
                        0.26204919815063477,
                        0.03228272497653961,
                        0.5922738909721375,
                        -0.11621759831905365
                    ],
                    [
                        0.1742260456085205,
                        -0.011593818664550781,
                        0.6603084802627563,
                        -0.09238547086715698
                    ],
                    [
                        0.24420760571956635,
                        0.091012142598629,
                        0.6701837778091431,
                        -0.12441158294677734
                    ],
                    [
                        0.26692497730255127,
                        0.08956916630268097,
                        0.6535755395889282,
                        -0.16473980247974396
                    ],
                    [
                        0.21277791261672974,
                        0.0666356012225151,
                        0.6237581372261047,
                        -0.15104460716247559
                    ],
                    [
                        0.19861632585525513,
                        0.12143237888813019,
                        0.6835477948188782,
                        -0.1533930003643036
                    ],
                    [
                        0.30503594875335693,
                        0.03512067347764969,
                        0.799339771270752,
                        -0.08974704146385193
                    ],
                    [
                        0.2172785997390747,
                        0.09391020238399506,
                        0.7280423641204834,
                        -0.11126363277435303
                    ],
                    [
                        0.1226668655872345,
                        0.15804897248744965,
                        0.7529508471488953,
                        -0.1361989974975586
                    ],
                    [
                        0.20037242770195007,
                        0.11505813151597977,
                        0.8450084924697876,
                        -0.08496740460395813
                    ],
                    [
                        0.25045064091682434,
                        0.12130919098854065,
                        0.8232643604278564,
                        -0.12727591395378113
                    ],
                    [
                        0.13032960891723633,
                        0.13584963977336884,
                        0.8101944923400879,
                        -0.2371557056903839
                    ]
                ]
            ],
            "actions_pred": [
                [
                    [
                        0.24190093576908112,
                        0.20973563194274902,
                        0.2824622392654419,
                        0.2752978503704071,
                        0.24039360880851746,
                        0.10144974291324615,
                        0.2173428237438202,
                        0.2070574164390564,
                        0.26204919815063477,
                        0.1742260456085205,
                        0.24420760571956635,
                        0.26692497730255127,
                        0.21277791261672974,
                        0.19861632585525513,
                        0.30503594875335693,
                        0.2172785997390747,
                        0.1226668655872345,
                        0.20037242770195007,
                        0.25045064091682434,
                        0.13032960891723633
                    ],
                    [
                        -0.017983637750148773,
                        0.10952827334403992,
                        0.09310153126716614,
                        0.024140983819961548,
                        0.07820630073547363,
                        0.072085902094841,
                        0.031137004494667053,
                        0.011371076107025146,
                        0.03228272497653961,
                        -0.011593818664550781,
                        0.091012142598629,
                        0.08956916630268097,
                        0.0666356012225151,
                        0.12143237888813019,
                        0.03512067347764969,
                        0.09391020238399506,
                        0.15804897248744965,
                        0.11505813151597977,
                        0.12130919098854065,
                        0.13584963977336884
                    ],
                    [
                        0.6504293084144592,
                        0.709494948387146,
                        0.7862059473991394,
                        0.8277115225791931,
                        0.9122423529624939,
                        0.7025297284126282,
                        0.7354365587234497,
                        0.7037431001663208,
                        0.5922738909721375,
                        0.6603084802627563,
                        0.6701837778091431,
                        0.6535755395889282,
                        0.6237581372261047,
                        0.6835477948188782,
                        0.799339771270752,
                        0.7280423641204834,
                        0.7529508471488953,
                        0.8450084924697876,
                        0.8232643604278564,
                        0.8101944923400879
                    ],
                    [
                        0.07884323596954346,
                        0.2261788249015808,
                        0.08733335137367249,
                        0.011725783348083496,
                        -0.006138712167739868,
                        -0.17104345560073853,
                        -0.1445748507976532,
                        -0.0831097960472107,
                        -0.11621759831905365,
                        -0.09238547086715698,
                        -0.12441158294677734,
                        -0.16473980247974396,
                        -0.15104460716247559,
                        -0.1533930003643036,
                        -0.08974704146385193,
                        -0.11126363277435303,
                        -0.1361989974975586,
                        -0.08496740460395813,
                        -0.12727591395378113,
                        -0.2371557056903839
                    ]
                ]
            ],
            "states": [
                [
                    [
                        3453480.0,
                        1.1675143468892202e-05,
                        0.00029440681100822985,
                        672821.0625
                    ],
                    [
                        4107976.0,
                        1.1557735888345633e-05,
                        0.00028164629475213587,
                        683579.125
                    ],
                    [
                        4089152.0,
                        1.1433058716647793e-05,
                        0.00027785348356701434,
                        696568.625
                    ],
                    [
                        3556288.0,
                        1.131914814322954e-05,
                        0.00038381022750400007,
                        634586.1875
                    ],
                    [
                        2583232.0,
                        1.1229288247704972e-05,
                        0.0002961547579616308,
                        661987.4375
                    ],
                    [
                        1912808.0,
                        1.1164392162754666e-05,
                        0.00029962105327285826,
                        693806.25
                    ],
                    [
                        2088016.0,
                        1.1107291356893256e-05,
                        0.00029777659801766276,
                        580816.75
                    ],
                    [
                        2896000.0,
                        1.103698832594091e-05,
                        0.0002728095860220492,
                        525629.9375
                    ],
                    [
                        2564408.0,
                        1.0960944564430974e-05,
                        0.0002930021146312356,
                        619511.5625
                    ],
                    [
                        3921184.0,
                        1.087203600036446e-05,
                        0.0005929499748162925,
                        538834.625
                    ],
                    [
                        2794640.0,
                        1.0781384844449349e-05,
                        0.00017766767996363342,
                        677916.4375
                    ],
                    [
                        4726272.0,
                        1.0681769708753563e-05,
                        0.00018339134112466127,
                        599563.375
                    ],
                    [
                        4927544.0,
                        1.0556481356616132e-05,
                        0.00019205290300305933,
                        583179.3125
                    ],
                    [
                        5944040.0,
                        1.0418904821563046e-05,
                        0.0002024973655352369,
                        603427.0
                    ],
                    [
                        5063656.0,
                        1.0283110896125436e-05,
                        0.0002613598189782351,
                        607061.125
                    ],
                    [
                        5221488.0,
                        1.015944144455716e-05,
                        0.00023075626813806593,
                        620602.0625
                    ],
                    [
                        3421624.0,
                        1.0057716281153262e-05,
                        0.00032322804327122867,
                        608652.25
                    ],
                    [
                        3476648.0,
                        9.978034540836234e-06,
                        0.0002578554267529398,
                        617310.8125
                    ],
                    [
                        3407144.0,
                        9.899765245791059e-06,
                        0.00022438736050389707,
                        706043.875
                    ],
                    [
                        3938560.0,
                        9.817606041906402e-06,
                        0.00038321700412780046,
                        631372.625
                    ]
                ]
            ],
            "actions": [
                [
                    [
                        0.5
                    ],
                    [
                        0.5
                    ],
                    [
                        0.5
                    ],
                    [
                        0.5
                    ],
                    [
                        0.5
                    ],
                    [
                        0.5
                    ],
                    [
                        0.5
                    ],
                    [
                        0.5
                    ],
                    [
                        0.5
                    ],
                    [
                        0.5
                    ],
                    [
                        0.5
                    ],
                    [
                        0.5
                    ],
                    [
                        0.5
                    ],
                    [
                        0.5
                    ],
                    [
                        0.5
                    ],
                    [
                        0.5
                    ],
                    [
                        0.5
                    ],
                    [
                        0.5
                    ],
                    [
                        0.5
                    ],
                    [
                        0.5
                    ]
                ]
            ],
            "returns": [
                [
                    [
                        0.41369158029556274
                    ],
                    [
                        0.41279682517051697
                    ],
                    [
                        0.41188669204711914
                    ],
                    [
                        0.41097697615623474
                    ],
                    [
                        0.41007962822914124
                    ],
                    [
                        0.4092106521129608
                    ],
                    [
                        0.4083682894706726
                    ],
                    [
                        0.4075181484222412
                    ],
                    [
                        0.4066390097141266
                    ],
                    [
                        0.4057706594467163
                    ],
                    [
                        0.40486466884613037
                    ],
                    [
                        0.40398868918418884
                    ],
                    [
                        0.40306612849235535
                    ],
                    [
                        0.4021398723125458
                    ],
                    [
                        0.40119698643684387
                    ],
                    [
                        0.4002683162689209
                    ],
                    [
                        0.39933690428733826
                    ],
                    [
                        0.39844298362731934
                    ],
                    [
                        0.3975476622581482
                    ],
                    [
                        0.3966540992259979
                    ]
                ]
            ],
            "timesteps": [
                [
                    180,
                    181,
                    182,
                    183,
                    184,
                    185,
                    186,
                    187,
                    188,
                    189,
                    190,
                    191,
                    192,
                    193,
                    194,
                    195,
                    196,
                    197,
                    198,
                    199
                ]
            ],
            "labels": [
                [
                    1,
                    1,
                    1,
                    1,
                    1,
                    1,
                    1,
                    1,
                    1,
                    1,
                    1,
                    1,
                    1,
                    1,
                    1,
                    1,
                    1,
                    1,
                    1,
                    1
                ]
            ],
            "CPU Usage": 46.7,
            "RAM Usage": 55.4,
            "GPU Usage": 0.0,
            "VRAM Usage": 356.0,
            "Disk Read Speed (MB/s)": 206026.4541015625,
            "Disk Write Speed (MB/s)": 354355.7939453125
        },
        {
            "step": 2,
            "train_loss": 0.03849410638213158,
            "actions_pred1": [
                [
                    [
                        0.3350144624710083,
                        -0.2554674744606018,
                        0.2425319254398346,
                        0.15934430062770844
                    ],
                    [
                        0.12153452634811401,
                        -0.11584842205047607,
                        0.2872616648674011,
                        0.0775054395198822
                    ],
                    [
                        0.09074252843856812,
                        -0.13112914562225342,
                        0.3814265727996826,
                        0.07561096549034119
                    ],
                    [
                        0.07534466683864594,
                        -0.10124626755714417,
                        0.4899202585220337,
                        0.08172637224197388
                    ],
                    [
                        0.19642885029315948,
                        -0.018251463770866394,
                        0.4984399676322937,
                        0.055135905742645264
                    ],
                    [
                        0.0212109237909317,
                        -0.015699312090873718,
                        0.4434705376625061,
                        -0.020367592573165894
                    ],
                    [
                        -0.1668061912059784,
                        -0.009185157716274261,
                        0.48541152477264404,
                        -0.09848633408546448
                    ],
                    [
                        -0.1325930804014206,
                        -0.03171622008085251,
                        0.49819815158843994,
                        -0.15403121709823608
                    ],
                    [
                        -0.06088550388813019,
                        -0.06123814731836319,
                        0.3197437822818756,
                        -0.2439279556274414
                    ],
                    [
                        -0.014477774500846863,
                        -0.05094002187252045,
                        0.31992119550704956,
                        -0.2680203318595886
                    ],
                    [
                        -0.0078524649143219,
                        -0.048567794263362885,
                        0.4647974371910095,
                        -0.18568505346775055
                    ],
                    [
                        0.025474295020103455,
                        -0.06665116548538208,
                        0.3983578085899353,
                        -0.20551583170890808
                    ],
                    [
                        -0.019251152873039246,
                        -0.013117652386426926,
                        0.5118532776832581,
                        -0.1247851550579071
                    ],
                    [
                        -0.04934397339820862,
                        0.0877620056271553,
                        0.60848069190979,
                        -0.20592626929283142
                    ],
                    [
                        -0.005427554249763489,
                        0.09949790686368942,
                        0.5649684071540833,
                        -0.2028503119945526
                    ],
                    [
                        -0.051527440547943115,
                        0.03605842590332031,
                        0.5737615823745728,
                        -0.295134574174881
                    ],
                    [
                        -0.2721097469329834,
                        0.019397534430027008,
                        0.6387842297554016,
                        -0.4758046865463257
                    ],
                    [
                        -0.09523020684719086,
                        0.10239452868700027,
                        0.594744861125946,
                        -0.33383047580718994
                    ],
                    [
                        -0.10755887627601624,
                        0.03469739481806755,
                        0.4143558740615845,
                        -0.25993862748146057
                    ],
                    [
                        -0.12824738025665283,
                        0.036467164754867554,
                        0.436144083738327,
                        -0.27057114243507385
                    ]
                ]
            ],
            "actions_pred": [
                [
                    [
                        0.3350144624710083,
                        0.12153452634811401,
                        0.09074252843856812,
                        0.07534466683864594,
                        0.19642885029315948,
                        0.0212109237909317,
