{
    "steps": [
        {
            "step": 0,
            "train_loss": 4.1861792851705104e-05,
            "actions_pred1": [
                [
                    [
                        -0.9632081389427185,
                        1.7087266445159912,
                        6.496444225311279,
                        -3.3172948360443115
                    ],
                    [
                        -0.33172231912612915,
                        0.3851860761642456,
                        7.606081962585449,
                        -3.795348882675171
                    ],
                    [
                        -0.18606889247894287,
                        0.30173930525779724,
                        8.01008129119873,
                        -4.0603132247924805
                    ],
                    [
                        0.13645994663238525,
                        0.2236860692501068,
                        7.932784080505371,
                        -4.178144454956055
                    ],
                    [
                        -0.022650063037872314,
                        -0.002027466893196106,
                        7.61588716506958,
                        -4.334414482116699
                    ],
                    [
                        -0.08597567677497864,
                        -0.6432875394821167,
                        7.33720064163208,
                        -4.006247520446777
                    ],
                    [
                        -0.31479185819625854,
                        -0.8661389946937561,
                        7.3206939697265625,
                        -3.7837324142456055
                    ],
                    [
                        -0.5406161546707153,
                        -0.9164233207702637,
                        7.376233100891113,
                        -3.8866539001464844
                    ],
                    [
                        -0.5199968218803406,
                        -0.8727470636367798,
                        7.390107154846191,
                        -3.883887767791748
                    ],
                    [
                        -0.4296833276748657,
                        -0.75868821144104,
                        7.4774980545043945,
                        -4.161459445953369
                    ],
                    [
                        -0.5089828968048096,
                        -0.6376086473464966,
                        7.548655986785889,
                        -4.25419807434082
                    ],
                    [
                        -0.48543959856033325,
                        -0.5126054286956787,
                        7.557802677154541,
                        -4.277225494384766
                    ],
                    [
                        -0.544651448726654,
                        -0.3380422592163086,
                        7.536465644836426,
                        -4.113434791564941
                    ],
                    [
                        -0.4407503008842468,
                        -0.36587241291999817,
                        7.398985385894775,
                        -4.0629377365112305
                    ],
                    [
                        -0.23416736721992493,
                        -0.3866148591041565,
                        7.348883152008057,
                        -4.270288467407227
                    ],
                    [
                        -0.14892548322677612,
                        -0.29083797335624695,
                        7.17788028717041,
                        -4.245795726776123
                    ],
                    [
                        0.05260872840881348,
                        -0.40733957290649414,
                        7.230960845947266,
                        -4.259295463562012
                    ],
                    [
                        0.018381059169769287,
                        -0.34209010004997253,
                        7.138848304748535,
                        -4.18842077255249
                    ],
                    [
                        0.09397594630718231,
                        -0.21461337804794312,
                        7.185150623321533,
                        -4.186690807342529
                    ],
                    [
                        0.058941178023815155,
                        -0.21354305744171143,
                        7.129775524139404,
                        -4.100380897521973
                    ]
                ]
            ],
            "actions_pred": [
                [
                    [
                        -0.9632081389427185,
                        -0.33172231912612915,
                        -0.18606889247894287,
                        0.13645994663238525,
                        -0.022650063037872314,
                        -0.08597567677497864,
                        -0.31479185819625854,
                        -0.5406161546707153,
                        -0.5199968218803406,
                        -0.4296833276748657,
                        -0.5089828968048096,
                        -0.48543959856033325,
                        -0.544651448726654,
                        -0.4407503008842468,
                        -0.23416736721992493,
                        -0.14892548322677612,
                        0.05260872840881348,
                        0.018381059169769287,
                        0.09397594630718231,
                        0.058941178023815155
                    ],
                    [
                        1.7087266445159912,
                        0.3851860761642456,
                        0.30173930525779724,
                        0.2236860692501068,
                        -0.002027466893196106,
                        -0.6432875394821167,
                        -0.8661389946937561,
                        -0.9164233207702637,
                        -0.8727470636367798,
                        -0.75868821144104,
                        -0.6376086473464966,
                        -0.5126054286956787,
                        -0.3380422592163086,
                        -0.36587241291999817,
                        -0.3866148591041565,
                        -0.29083797335624695,
                        -0.40733957290649414,
                        -0.34209010004997253,
                        -0.21461337804794312,
                        -0.21354305744171143
                    ],
                    [
                        6.496444225311279,
                        7.606081962585449,
                        8.01008129119873,
                        7.932784080505371,
                        7.61588716506958,
                        7.33720064163208,
                        7.3206939697265625,
                        7.376233100891113,
                        7.390107154846191,
                        7.4774980545043945,
                        7.548655986785889,
                        7.557802677154541,
                        7.536465644836426,
                        7.398985385894775,
                        7.348883152008057,
                        7.17788028717041,
                        7.230960845947266,
                        7.138848304748535,
                        7.185150623321533,
                        7.129775524139404
                    ],
                    [
                        -3.3172948360443115,
                        -3.795348882675171,
                        -4.0603132247924805,
                        -4.178144454956055,
                        -4.334414482116699,
                        -4.006247520446777,
                        -3.7837324142456055,
                        -3.8866539001464844,
                        -3.883887767791748,
                        -4.161459445953369,
                        -4.25419807434082,
                        -4.277225494384766,
                        -4.113434791564941,
                        -4.0629377365112305,
                        -4.270288467407227,
                        -4.245795726776123,
                        -4.259295463562012,
                        -4.18842077255249,
                        -4.186690807342529,
                        -4.100380897521973
                    ]
                ]
            ],
            "states": [
                [
                    [
                        5334432.0,
                        2.079466503346339e-05,
                        0.00026978878304362297,
                        822567.125
                    ],
                    [
                        5450272.0,
                        2.0477313228184357e-05,
                        0.00027627943200059235,
                        856531.375
                    ],
                    [
                        5496608.0,
                        2.0164978195680305e-05,
                        0.00025924446526914835,
                        796247.875
                    ],
                    [
                        5340224.0,
                        1.901392352010589e-05,
                        0.006524195894598961,
                        835512.25
                    ],
                    [
                        5366288.0,
                        1.8750137314782478e-05,
                        0.002146858023479581,
                        813363.3125
                    ],
                    [
                        5389456.0,
                        1.8492408344172873e-05,
                        0.0023773028515279293,
                        845072.375
                    ],
                    [
                        5118680.0,
                        1.8247363186674193e-05,
                        0.0020079242531210184,
                        804446.8125
                    ],
                    [
                        5463304.0,
                        1.8007134713116102e-05,
                        0.0019139255164191127,
                        824885.1875
                    ],
                    [
                        5337328.0,
                        1.7768334146239795e-05,
                        0.0013429223326966166,
                        814676.0
                    ],
                    [
                        5398144.0,
                        1.753715696395375e-05,
                        0.0011628043139353395,
                        805373.25
                    ],
                    [
                        5337328.0,
                        1.7311906049144454e-05,
                        0.0009117702720686793,
                        826102.5
                    ],
                    [
                        5053520.0,
                        1.709933530946728e-05,
                        0.000803604198154062,
                        828294.75
                    ],
                    [
                        5891912.0,
                        1.6881092960829847e-05,
                        0.000699773314408958,
                        791778.0625
                    ],
                    [
                        5104200.0,
                        1.6667219824739732e-05,
                        0.0006680691731162369,
                        868015.875
                    ],
                    [
                        5372080.0,
                        1.646851160330698e-05,
                        0.0005246230284683406,
                        748358.1875
                    ],
                    [
                        5262032.0,
                        1.6271596905426122e-05,
                        0.00046889804070815444,
                        796238.875
                    ],
                    [
                        5473440.0,
                        1.6077548934845254e-05,
                        0.00035997320082969964,
                        812237.5625
                    ],
                    [
                        4978224.0,
                        1.589297789905686e-05,
                        0.00037329201586544514,
                        806297.3125
                    ],
                    [
                        5450272.0,
                        1.571305256220512e-05,
                        0.00029995679506100714,
                        802099.3125
                    ],
                    [
                        5424208.0,
                        1.5529669326497242e-05,
                        0.0002722619683481753,
                        836648.625
                    ]
                ]
            ],
            "actions": [
                [
                    [
                        0.75
                    ],
                    [
                        0.75
                    ],
                    [
                        0.75
                    ],
                    [
                        0.75
                    ],
                    [
                        0.75
                    ],
                    [
                        0.75
                    ],
                    [
                        0.75
                    ],
                    [
                        0.75
                    ],
                    [
                        0.75
                    ],
                    [
                        0.75
                    ],
                    [
                        0.75
                    ],
                    [
                        0.75
                    ],
                    [
                        0.75
                    ],
                    [
                        0.75
                    ],
                    [
                        0.75
                    ],
                    [
                        0.75
                    ],
                    [
                        0.75
                    ],
                    [
                        0.75
                    ],
                    [
                        0.75
                    ],
                    [
                        0.75
                    ]
                ]
            ],
            "returns": [
                [
                    [
                        0.3232199251651764
                    ],
                    [
                        0.3222866356372833
                    ],
                    [
                        0.32135143876075745
                    ],
                    [
                        0.3204154968261719
                    ],
                    [
                        0.31948211789131165
                    ],
                    [
                        0.3185482919216156
                    ],
                    [
                        0.3176141083240509
                    ],
                    [
                        0.31668445467948914
                    ],
                    [
                        0.31574904918670654
                    ],
                    [
                        0.3148157298564911
                    ],
                    [
                        0.31388136744499207
                    ],
                    [
                        0.3129480481147766
                    ],
                    [
                        0.3120195269584656
                    ],
                    [
                        0.31107744574546814
                    ],
                    [
                        0.31014806032180786
                    ],
                    [
                        0.30921414494514465
                    ],
                    [
                        0.3082820773124695
                    ],
                    [
                        0.30734649300575256
                    ],
                    [
                        0.306419312953949
                    ],
                    [
                        0.3054841458797455
                    ]
                ]
            ],
            "timesteps": [
                [
                    280,
                    281,
                    282,
                    283,
                    284,
                    285,
                    286,
                    287,
                    288,
                    289,
                    290,
                    291,
                    292,
                    293,
                    294,
                    295,
                    296,
                    297,
                    298,
                    299
                ]
            ],
            "labels": [
                [
                    2,
                    2,
                    2,
                    2,
                    2,
                    2,
                    2,
                    2,
                    2,
                    2,
                    2,
                    2,
                    2,
                    2,
                    2,
                    2,
                    2,
                    2,
                    2,
                    2
                ]
            ],
            "CPU Usage": 46.8,
            "RAM Usage": 55.0,
            "GPU Usage": 0.0,
            "VRAM Usage": 355.0,
            "Disk Read Speed (MB/s)": 206668.8701171875,
            "Disk Write Speed (MB/s)": 438932.2744140625
        },
        {
            "step": 1,
            "train_loss": 0.000255297840340063,
            "actions_pred1": [
                [
                    [
                        1.193357229232788,
                        0.9076260328292847,
                        5.126743793487549,
                        -6.003058910369873
                    ],
                    [
                        0.3843056559562683,
                        0.7045408487319946,
                        6.060256004333496,
                        -5.66349983215332
                    ],
                    [
                        0.7744290828704834,
                        0.22024604678153992,
                        5.787703990936279,
                        -4.947961330413818
                    ],
                    [
                        0.9099241495132446,
                        -0.0375002846121788,
                        5.581631660461426,
                        -4.754644870758057
                    ],
                    [
                        0.594944953918457,
                        -0.17251110076904297,
                        6.043837547302246,
                        -4.872495174407959
                    ],
                    [
                        0.4297580122947693,
                        0.26727738976478577,
                        6.376213550567627,
                        -4.819043159484863
                    ],
                    [
                        0.5290741920471191,
                        0.2905464470386505,
                        6.448988914489746,
                        -4.688053607940674
                    ],
                    [
                        0.543796181678772,
                        0.14427851140499115,
                        6.25344181060791,
                        -4.7640180587768555
                    ],
                    [
                        0.42821282148361206,
                        0.23983114957809448,
                        6.28825044631958,
                        -4.828232765197754
                    ],
                    [
                        0.39442259073257446,
                        0.17055465281009674,
                        6.194552421569824,
                        -4.877109527587891
                    ],
                    [
                        0.40471553802490234,
                        0.39371630549430847,
                        6.223011016845703,
                        -5.031012058258057
                    ],
                    [
                        0.5484792590141296,
                        0.46753793954849243,
                        6.379638671875,
                        -5.198923587799072
                    ],
                    [
                        0.7264887690544128,
                        0.3050588369369507,
                        6.554243087768555,
                        -5.235653877258301
                    ],
                    [
                        0.7250696420669556,
                        0.2594178318977356,
                        6.484873294830322,
                        -5.239756107330322
                    ],
                    [
                        0.8813075423240662,
                        0.13784554600715637,
                        6.302702903747559,
                        -5.2697882652282715
                    ],
                    [
                        0.9661345481872559,
                        0.26261502504348755,
                        6.265809535980225,
                        -5.255187034606934
                    ],
                    [
                        0.9980039000511169,
                        0.2539634108543396,
                        6.274084091186523,
                        -5.090969085693359
                    ],
                    [
                        1.0275771617889404,
                        0.3342682719230652,
                        6.218208312988281,
                        -5.255792617797852
                    ],
                    [
                        0.8420068025588989,
                        0.3778004050254822,
                        6.242434024810791,
                        -5.202844619750977
                    ],
                    [
                        0.805377185344696,
                        0.324241578578949,
                        6.1984453201293945,
                        -5.149367332458496
                    ]
                ]
            ],
            "actions_pred": [
                [
                    [
                        1.193357229232788,
                        0.3843056559562683,
                        0.7744290828704834,
                        0.9099241495132446,
                        0.594944953918457,
                        0.4297580122947693,
                        0.5290741920471191,
                        0.543796181678772,
                        0.42821282148361206,
                        0.39442259073257446,
                        0.40471553802490234,
                        0.5484792590141296,
                        0.7264887690544128,
                        0.7250696420669556,
                        0.8813075423240662,
                        0.9661345481872559,
                        0.9980039000511169,
                        1.0275771617889404,
                        0.8420068025588989,
                        0.805377185344696
                    ],
                    [
                        0.9076260328292847,
                        0.7045408487319946,
                        0.22024604678153992,
                        -0.0375002846121788,
                        -0.17251110076904297,
                        0.26727738976478577,
                        0.2905464470386505,
                        0.14427851140499115,
                        0.23983114957809448,
                        0.17055465281009674,
                        0.39371630549430847,
                        0.46753793954849243,
                        0.3050588369369507,
                        0.2594178318977356,
                        0.13784554600715637,
                        0.26261502504348755,
                        0.2539634108543396,
                        0.3342682719230652,
                        0.3778004050254822,
                        0.324241578578949
                    ],
                    [
                        5.126743793487549,
                        6.060256004333496,
                        5.787703990936279,
                        5.581631660461426,
                        6.043837547302246,
                        6.376213550567627,
                        6.448988914489746,
                        6.25344181060791,
                        6.28825044631958,
                        6.194552421569824,
                        6.223011016845703,
                        6.379638671875,
                        6.554243087768555,
                        6.484873294830322,
                        6.302702903747559,
                        6.265809535980225,
                        6.274084091186523,
                        6.218208312988281,
                        6.242434024810791,
                        6.1984453201293945
                    ],
                    [
                        -6.003058910369873,
                        -5.66349983215332,
                        -4.947961330413818,
                        -4.754644870758057,
                        -4.872495174407959,
                        -4.819043159484863,
                        -4.688053607940674,
                        -4.7640180587768555,
                        -4.828232765197754,
                        -4.877109527587891,
                        -5.031012058258057,
                        -5.198923587799072,
                        -5.235653877258301,
                        -5.239756107330322,
                        -5.2697882652282715,
                        -5.255187034606934,
                        -5.090969085693359,
                        -5.255792617797852,
                        -5.202844619750977,
                        -5.149367332458496
                    ]
                ]
            ],
            "states": [
                [
                    [
                        5057864.0,
                        2.556295476097148e-05,
                        0.00012937834253534675,
                        777561.25
                    ],
                    [
                        5348912.0,
                        2.480310831742827e-05,
                        0.00013201982073951513,
                        791966.9375
                    ],
                    [
                        5101304.0,
                        2.4083872631308623e-05,
                        0.00013791865785606205,
                        790369.0625
                    ],
                    [
                        5538600.0,
                        2.3393640731228516e-05,
                        0.00014453318726737052,
                        780343.4375
                    ],
                    [
                        5412624.0,
                        2.272302663186565e-05,
                        0.00014699026360176504,
                        758450.9375
                    ],
                    [
                        5321400.0,
                        2.2102101866039447e-05,
                        0.00016071676509454846,
                        845866.875
                    ],
                    [
                        5683400.0,
                        2.1499938156921417e-05,
                        0.00016249381587840617,
                        821531.0
                    ],
                    [
                        5282304.0,
                        2.0931340259267017e-05,
                        0.0001488575799157843,
                        840709.875
                    ],
                    [
                        5545840.0,
                        2.0398911146912724e-05,
                        0.00016087492986116558,
                        823198.9375
                    ],
                    [
                        5474888.0,
                        1.9883997083525173e-05,
                        0.00016716374375391752,
                        838579.125
                    ],
                    [
                        5364840.0,
                        1.9402330508455634e-05,
                        0.00019032474665436894,
                        800380.6875
                    ],
                    [
                        5569008.0,
                        1.8939608708024025e-05,
                        0.00018542619363870472,
                        823891.875
                    ],
                    [
                        5332984.0,
                        1.849955879151821e-05,
                        0.000198170033399947,
                        846311.4375
                    ],
                    [
                        5224384.0,
                        1.8092512618750334e-05,
                        0.0001916241308208555,
                        900435.5625
                    ],
                    [
                        5133160.0,
                        1.771021015883889e-05,
                        0.0002063407882815227,
                        866428.5625
                    ],
                    [
                        5361944.0,
                        1.733909812173806e-05,
                        0.00023895764024928212,
                        862112.4375
                    ],
                    [
                        5535704.0,
                        1.6969803255051374e-05,
                        0.00025051896227523685,
                        868913.125
                    ],
                    [
                        5189632.0,
                        1.662127579038497e-05,
                        0.0002676467993296683,
                        810234.1875
                    ],
                    [
                        5453168.0,
                        1.6289424820570275e-05,
                        0.0002700872428249568,
                        842694.5
                    ],
                    [
                        5334432.0,
                        1.5966239516274072e-05,
                        0.0002660537720657885,
                        825795.9375
                    ]
                ]
            ],
            "actions": [
                [
                    [
                        0.75
                    ],
                    [
                        0.75
                    ],
                    [
                        0.75
                    ],
                    [
                        0.75
                    ],
                    [
                        0.75
                    ],
                    [
                        0.75
                    ],
                    [
                        0.75
                    ],
                    [
                        0.75
                    ],
                    [
                        0.75
                    ],
                    [
                        0.75
                    ],
                    [
                        0.75
                    ],
                    [
                        0.75
                    ],
                    [
                        0.75
                    ],
                    [
                        0.75
                    ],
                    [
                        0.75
                    ],
                    [
                        0.75
                    ],
                    [
                        0.75
                    ],
                    [
                        0.75
                    ],
                    [
                        0.75
                    ],
                    [
                        0.75
                    ]
                ]
            ],
            "returns": [
                [
                    [
                        0.5615583062171936
                    ],
                    [
                        0.5606297850608826
                    ],
                    [
                        0.5596962571144104
                    ],
                    [
                        0.5587669014930725
                    ],
                    [
                        0.557830274105072
                    ],
                    [
                        0.5568956732749939
                    ],
                    [
                        0.5559626221656799
                    ],
                    [
                        0.555023729801178
                    ],
                    [
                        0.5540912747383118
                    ],
                    [
                        0.5531545877456665
                    ],
                    [
                        0.5522189736366272
                    ],
                    [
                        0.5512851476669312
                    ],
                    [
                        0.5503480434417725
                    ],
                    [
                        0.5494148135185242
                    ],
                    [
                        0.5484833717346191
                    ],
                    [
                        0.5475534796714783
                    ],
                    [
                        0.546619713306427
                    ],
                    [
                        0.5456831455230713
                    ],
                    [
                        0.544752299785614
                    ],
                    [
                        0.5438170433044434
                    ]
                ]
            ],
            "timesteps": [
                [
                    20,
                    21,
                    22,
                    23,
                    24,
                    25,
                    26,
                    27,
                    28,
                    29,
                    30,
                    31,
                    32,
                    33,
                    34,
                    35,
                    36,
                    37,
                    38,
                    39
                ]
            ],
            "labels": [
                [
                    2,
                    2,
                    2,
                    2,
                    2,
                    2,
                    2,
                    2,
                    2,
                    2,
                    2,
                    2,
                    2,
                    2,
                    2,
                    2,
                    2,
                    2,
                    2,
                    2
                ]
            ],
            "CPU Usage": 46.7,
            "RAM Usage": 55.0,
            "GPU Usage": 0.0,
            "VRAM Usage": 355.0,
            "Disk Read Speed (MB/s)": 206668.8701171875,
            "Disk Write Speed (MB/s)": 438932.4384765625
        },
        {
            "step": 2,
            "train_loss": 0.0004025181697215885,
            "actions_pred1": [
                [
                    [
                        0.25597408413887024,
                        0.5853886604309082,
                        5.403935432434082,
                        -1.4715631008148193
                    ],
                    [
                        -0.7622349262237549,
                        0.6351940035820007,
                        5.324297904968262,
                        -1.9841628074645996
                    ],
                    [
                        -0.9807437062263489,
                        0.6231644749641418,
                        5.271967887878418,
                        -2.1586642265319824
                    ],
                    [
                        -0.7009161710739136,
                        0.7231111526489258,
                        5.247368812561035,
                        -2.7705695629119873
                    ],
                    [
                        -0.4985083043575287,
                        1.0005308389663696,
                        5.384693145751953,
                        -3.022106170654297
                    ],
                    [
                        -0.19771137833595276,
                        1.0135571956634521,
                        5.278805255889893,
                        -3.4393441677093506
                    ],
                    [
                        -0.15496531128883362,
                        0.716343104839325,
                        5.267739295959473,
                        -3.6478216648101807
                    ],
                    [
                        -0.09658342599868774,
                        0.6178288459777832,
                        5.388433933258057,
                        -3.665342330932617
                    ],
                    [
                        -0.05740022659301758,
                        0.5543434023857117,
                        5.553196907043457,
                        -3.5430638790130615
                    ],
                    [
                        -0.03141239285469055,
                        0.4315260946750641,
                        5.416562557220459,
                        -3.7284836769104004
                    ],
                    [
                        0.02552589774131775,
                        0.4815099835395813,
                        5.512796878814697,
                        -3.8004050254821777
                    ],
                    [
                        0.015571177005767822,
                        0.24564075469970703,
                        5.538845062255859,
                        -3.9215660095214844
                    ],
                    [
                        -0.11830919981002808,
                        0.011966854333877563,
                        5.4884467124938965,
                        -3.8635666370391846
                    ],
                    [
                        0.04601970314979553,
                        0.04762011766433716,
                        5.394874572753906,
                        -3.9312820434570312
                    ],
                    [
                        0.08033996820449829,
                        0.08257846534252167,
                        5.269718170166016,
                        -3.9291555881500244
                    ],
                    [
                        0.2409224510192871,
                        0.12811942398548126,
                        5.03338623046875,
                        -3.9605226516723633
                    ],
                    [
                        0.268890380859375,
                        0.18607468903064728,
                        5.267459869384766,
                        -3.9814162254333496
                    ],
                    [
                        0.355621337890625,
                        0.253616601228714,
                        5.226340293884277,
                        -4.031351089477539
                    ],
                    [
                        0.3190954327583313,
                        0.28357040882110596,
                        5.188416957855225,
                        -4.146130561828613
                    ],
                    [
                        0.4264705777168274,
                        0.39590921998023987,
                        5.276376247406006,
                        -4.064444065093994
                    ]
                ]
            ],
            "actions_pred": [
                [
                    [
                        0.25597408413887024,
                        -0.7622349262237549,
                        -0.9807437062263489,
                        -0.7009161710739136,
                        -0.4985083043575287,
                        -0.19771137833595276,
                        -0.15496531128883362,
                        -0.09658342599868774,
                        -0.05740022659301758,
                        -0.03141239285469055,
                        0.02552589774131775,
                        0.015571177005767822,
