{
    "steps": [
        {
            "step": 0,
            "train_loss": 3.880939038936049e-05,
            "actions_pred1": [
                [
                    [
                        -1.9130737781524658,
                        4.598694324493408,
                        -1.4898391962051392,
                        -4.1324310302734375
                    ],
                    [
                        -1.6487820148468018,
                        5.1368560791015625,
                        -1.9350056648254395,
                        -3.4557766914367676
                    ],
                    [
                        -1.9386389255523682,
                        5.107294082641602,
                        -2.6510581970214844,
                        -3.361820697784424
                    ],
                    [
                        -2.041388511657715,
                        5.428325176239014,
                        -2.889585256576538,
                        -3.488058090209961
                    ],
                    [
                        -2.0888619422912598,
                        5.389540195465088,
                        -3.509908676147461,
                        -3.8928747177124023
                    ],
                    [
                        -1.9018754959106445,
                        5.595217227935791,
                        -3.4569854736328125,
                        -3.8568601608276367
                    ],
                    [
                        -1.7915806770324707,
                        5.806376934051514,
                        -3.678159475326538,
                        -3.7485902309417725
                    ],
                    [
                        -1.636378288269043,
                        5.838703632354736,
                        -3.533780336380005,
                        -3.587110996246338
                    ],
                    [
                        -1.4376071691513062,
                        5.665348052978516,
                        -3.20762038230896,
                        -4.037240982055664
                    ],
                    [
                        -1.4924702644348145,
                        5.576463222503662,
                        -3.090937376022339,
                        -3.9639203548431396
                    ],
                    [
                        -1.503566861152649,
                        5.673217296600342,
                        -3.177827835083008,
                        -4.007699489593506
                    ],
                    [
                        -1.426721453666687,
                        5.621238708496094,
                        -3.190782308578491,
                        -4.1377410888671875
                    ],
                    [
                        -1.5787708759307861,
                        5.656566619873047,
                        -3.180816650390625,
                        -4.160579204559326
                    ],
                    [
                        -1.6501679420471191,
                        5.658128261566162,
                        -3.049837350845337,
                        -4.080401420593262
                    ],
                    [
                        -1.6056790351867676,
                        5.746939182281494,
                        -2.9552881717681885,
                        -4.072169303894043
                    ],
                    [
                        -1.403414249420166,
                        5.839280605316162,
                        -2.9341423511505127,
                        -4.079414367675781
                    ],
                    [
                        -1.2522668838500977,
                        5.7518110275268555,
                        -2.887570381164551,
                        -4.005499362945557
                    ],
                    [
                        -1.1732009649276733,
                        5.639101982116699,
                        -2.9769835472106934,
                        -4.07060432434082
                    ],
                    [
                        -1.1899585723876953,
                        5.474419116973877,
                        -2.8971786499023438,
                        -4.033507347106934
                    ],
                    [
                        -1.2171599864959717,
                        5.472438812255859,
                        -2.863075017929077,
                        -3.8900973796844482
                    ]
                ]
            ],
            "actions_pred": [
                [
                    [
                        -1.9130737781524658,
                        -1.6487820148468018,
                        -1.9386389255523682,
                        -2.041388511657715,
                        -2.0888619422912598,
                        -1.9018754959106445,
                        -1.7915806770324707,
                        -1.636378288269043,
                        -1.4376071691513062,
                        -1.4924702644348145,
                        -1.503566861152649,
                        -1.426721453666687,
                        -1.5787708759307861,
                        -1.6501679420471191,
                        -1.6056790351867676,
                        -1.403414249420166,
                        -1.2522668838500977,
                        -1.1732009649276733,
                        -1.1899585723876953,
                        -1.2171599864959717
                    ],
                    [
                        4.598694324493408,
                        5.1368560791015625,
                        5.107294082641602,
                        5.428325176239014,
                        5.389540195465088,
                        5.595217227935791,
                        5.806376934051514,
                        5.838703632354736,
                        5.665348052978516,
                        5.576463222503662,
                        5.673217296600342,
                        5.621238708496094,
                        5.656566619873047,
                        5.658128261566162,
                        5.746939182281494,
                        5.839280605316162,
                        5.7518110275268555,
                        5.639101982116699,
                        5.474419116973877,
                        5.472438812255859
                    ],
                    [
                        -1.4898391962051392,
                        -1.9350056648254395,
                        -2.6510581970214844,
                        -2.889585256576538,
                        -3.509908676147461,
                        -3.4569854736328125,
                        -3.678159475326538,
                        -3.533780336380005,
                        -3.20762038230896,
                        -3.090937376022339,
                        -3.177827835083008,
                        -3.190782308578491,
                        -3.180816650390625,
                        -3.049837350845337,
                        -2.9552881717681885,
                        -2.9341423511505127,
                        -2.887570381164551,
                        -2.9769835472106934,
                        -2.8971786499023438,
                        -2.863075017929077
                    ],
                    [
                        -4.1324310302734375,
                        -3.4557766914367676,
                        -3.361820697784424,
                        -3.488058090209961,
                        -3.8928747177124023,
                        -3.8568601608276367,
                        -3.7485902309417725,
                        -3.587110996246338,
                        -4.037240982055664,
                        -3.9639203548431396,
                        -4.007699489593506,
                        -4.1377410888671875,
                        -4.160579204559326,
                        -4.080401420593262,
                        -4.072169303894043,
                        -4.079414367675781,
                        -4.005499362945557,
                        -4.07060432434082,
                        -4.033507347106934,
                        -3.8900973796844482
                    ]
                ]
            ],
            "states": [
                [
                    [
                        6630392.0,
                        1.589785097166896e-05,
                        0.0030998915899544954,
                        575874.875
                    ],
                    [
                        6756368.0,
                        1.5517740393988788e-05,
                        0.00046779168769717216,
                        548346.8125
                    ],
                    [
                        6252464.0,
                        1.5165252079896163e-05,
                        0.0003139808541163802,
                        592422.1875
                    ],
                    [
                        6275632.0,
                        1.4840703443042003e-05,
                        0.0002766261750366539,
                        580548.75
                    ],
                    [
                        5845576.0,
                        1.4539574294758495e-05,
                        0.00026207882910966873,
                        570513.0
                    ],
                    [
                        6198888.0,
                        1.4252340406528674e-05,
                        0.00027697221958078444,
                        604356.0
                    ],
                    [
                        4525000.0,
                        1.4005720004206523e-05,
                        0.00037561735371127725,
                        519198.90625
                    ],
                    [
                        4878312.0,
                        1.3796614439343102e-05,
                        0.000348972505889833,
                        533459.0
                    ],
                    [
                        4776952.0,
                        1.3588255569629837e-05,
                        0.000344088242854923,
                        588163.3125
                    ],
                    [
                        4878312.0,
                        1.3386117643676698e-05,
                        0.00030916635296307504,
                        571568.5625
                    ],
                    [
                        4407712.0,
                        1.3197249245422427e-05,
                        0.00029186115716584027,
                        549308.25
                    ],
                    [
                        4623464.0,
                        1.3018668141739909e-05,
                        0.00031188191496767104,
                        567697.8125
                    ],
                    [
                        5241760.0,
                        1.2829074876208324e-05,
                        0.0003927450452465564,
                        616835.375
                    ],
                    [
                        4287528.0,
                        1.2650972166738939e-05,
                        0.00034627493005245924,
                        586416.5625
                    ],
                    [
                        4679936.0,
                        1.248793432750972e-05,
                        0.00028098482289351523,
                        591184.1875
                    ],
                    [
                        4293320.0,
                        1.2328885532042477e-05,
                        0.0002829945588018745,
                        595186.25
                    ],
                    [
                        2884416.0,
                        1.2204491213196889e-05,
                        0.00027779326774179935,
                        581960.9375
                    ],
                    [
                        4042816.0,
                        1.2086934475519229e-05,
                        0.00029917724896222353,
                        651221.5
                    ],
                    [
                        4267256.0,
                        1.1948805877182167e-05,
                        0.00037997434264980257,
                        587955.875
                    ],
                    [
                        4659664.0,
                        1.1803908819274511e-05,
                        0.00029415389872156084,
                        593533.5625
                    ]
                ]
            ],
            "actions": [
                [
                    [
                        0.5
                    ],
                    [
                        0.5
                    ],
                    [
                        0.5
                    ],
                    [
                        0.5
                    ],
                    [
                        0.5
                    ],
                    [
                        0.5
                    ],
                    [
                        0.5
                    ],
                    [
                        0.5
                    ],
                    [
                        0.5
                    ],
                    [
                        0.5
                    ],
                    [
                        0.5
                    ],
                    [
                        0.5
                    ],
                    [
                        0.5
                    ],
                    [
                        0.5
                    ],
                    [
                        0.5
                    ],
                    [
                        0.5
                    ],
                    [
                        0.5
                    ],
                    [
                        0.5
                    ],
                    [
                        0.5
                    ],
                    [
                        0.5
                    ]
                ]
            ],
            "returns": [
                [
                    [
                        0.4322150647640228
                    ],
                    [
                        0.4312624931335449
                    ],
                    [
                        0.4303082525730133
                    ],
                    [
                        0.42936089634895325
                    ],
                    [
                        0.42841318249702454
                    ],
                    [
                        0.427471786737442
                    ],
                    [
                        0.42652517557144165
                    ],
                    [
                        0.42560648918151855
                    ],
                    [
                        0.4246810972690582
                    ],
                    [
                        0.4237576127052307
                    ],
                    [
                        0.4228322505950928
                    ],
                    [
                        0.42191585898399353
                    ],
                    [
                        0.4209952652454376
                    ],
                    [
                        0.4200635254383087
                    ],
                    [
                        0.41914960741996765
                    ],
                    [
                        0.4182279109954834
                    ],
                    [
                        0.4173138737678528
                    ],
                    [
                        0.4164350926876068
                    ],
                    [
                        0.4155263900756836
                    ],
                    [
                        0.41461288928985596
                    ]
                ]
            ],
            "timesteps": [
                [
                    160,
                    161,
                    162,
                    163,
                    164,
                    165,
                    166,
                    167,
                    168,
                    169,
                    170,
                    171,
                    172,
                    173,
                    174,
                    175,
                    176,
                    177,
                    178,
                    179
                ]
            ],
            "labels": [
                [
                    1,
                    1,
                    1,
                    1,
                    1,
                    1,
                    1,
                    1,
                    1,
                    1,
                    1,
                    1,
                    1,
                    1,
                    1,
                    1,
                    1,
                    1,
                    1,
                    1
                ]
            ],
            "CPU Usage": 45.4,
            "RAM Usage": 55.0,
            "GPU Usage": 0.0,
            "VRAM Usage": 355.0,
            "Disk Read Speed (MB/s)": 206669.3662109375,
            "Disk Write Speed (MB/s)": 441794.6806640625
        },
        {
            "step": 1,
            "train_loss": 0.0010599447414278984,
            "actions_pred1": [
                [
                    [
                        4.191624164581299,
                        1.893211841583252,
                        1.7221943140029907,
                        -4.884933948516846
                    ],
                    [
                        4.229883193969727,
                        1.5154670476913452,
                        1.2595443725585938,
                        -4.474577903747559
                    ],
                    [
                        4.627532482147217,
                        1.8140442371368408,
                        0.5944393873214722,
                        -3.9083240032196045
                    ],
                    [
                        4.811081886291504,
                        1.5822203159332275,
                        0.4515511393547058,
                        -4.217805862426758
                    ],
                    [
                        5.16610050201416,
                        1.2525548934936523,
                        0.4681401550769806,
                        -4.912101745605469
                    ],
                    [
                        5.291098594665527,
                        0.8630428910255432,
                        0.5482121706008911,
                        -4.837254047393799
                    ],
                    [
                        5.485774040222168,
                        0.632207989692688,
                        0.4331530034542084,
                        -5.1940999031066895
                    ],
                    [
                        5.470020294189453,
                        0.7898232936859131,
                        0.5806207656860352,
                        -5.564034461975098
                    ],
                    [
                        5.840177536010742,
                        0.7912105321884155,
                        0.8132492303848267,
                        -5.8929314613342285
                    ],
                    [
                        5.729650974273682,
                        1.031559944152832,
                        0.7239333391189575,
                        -5.942683219909668
                    ],
                    [
                        5.636989593505859,
                        0.9742778539657593,
                        0.5070334672927856,
                        -6.175518989562988
                    ],
                    [
                        5.615861415863037,
                        0.612753689289093,
                        0.5472701787948608,
                        -5.84829044342041
                    ],
                    [
                        5.594578742980957,
                        0.7705106735229492,
                        0.7321102619171143,
                        -5.7591142654418945
                    ],
                    [
                        5.564969539642334,
                        0.7388623952865601,
                        0.7107127904891968,
                        -5.649677276611328
                    ],
                    [
                        5.576820373535156,
                        0.7579254508018494,
                        0.5291577577590942,
                        -5.666889190673828
                    ],
                    [
                        5.451124668121338,
                        0.5252350568771362,
                        0.5699054598808289,
                        -5.779630184173584
                    ],
                    [
                        5.275867938995361,
                        0.4885849356651306,
                        0.8000162243843079,
                        -6.109879493713379
                    ],
                    [
                        5.307925701141357,
                        0.7079550623893738,
                        0.5304328203201294,
                        -5.9908833503723145
                    ],
                    [
                        5.501022815704346,
                        0.8635258674621582,
                        0.648123025894165,
                        -5.991635322570801
                    ],
                    [
                        5.476040363311768,
                        1.0999014377593994,
                        0.38213855028152466,
                        -6.308747291564941
                    ]
                ]
            ],
            "actions_pred": [
                [
                    [
                        4.191624164581299,
                        4.229883193969727,
                        4.627532482147217,
                        4.811081886291504,
                        5.16610050201416,
                        5.291098594665527,
                        5.485774040222168,
                        5.470020294189453,
                        5.840177536010742,
                        5.729650974273682,
                        5.636989593505859,
                        5.615861415863037,
                        5.594578742980957,
                        5.564969539642334,
                        5.576820373535156,
                        5.451124668121338,
                        5.275867938995361,
                        5.307925701141357,
                        5.501022815704346,
                        5.476040363311768
                    ],
                    [
                        1.893211841583252,
                        1.5154670476913452,
                        1.8140442371368408,
                        1.5822203159332275,
                        1.2525548934936523,
                        0.8630428910255432,
                        0.632207989692688,
                        0.7898232936859131,
                        0.7912105321884155,
                        1.031559944152832,
                        0.9742778539657593,
                        0.612753689289093,
                        0.7705106735229492,
                        0.7388623952865601,
                        0.7579254508018494,
                        0.5252350568771362,
                        0.4885849356651306,
                        0.7079550623893738,
                        0.8635258674621582,
                        1.0999014377593994
                    ],
                    [
                        1.7221943140029907,
                        1.2595443725585938,
                        0.5944393873214722,
                        0.4515511393547058,
                        0.4681401550769806,
                        0.5482121706008911,
                        0.4331530034542084,
                        0.5806207656860352,
                        0.8132492303848267,
                        0.7239333391189575,
                        0.5070334672927856,
                        0.5472701787948608,
                        0.7321102619171143,
                        0.7107127904891968,
                        0.5291577577590942,
                        0.5699054598808289,
                        0.8000162243843079,
                        0.5304328203201294,
                        0.648123025894165,
                        0.38213855028152466
                    ],
                    [
                        -4.884933948516846,
                        -4.474577903747559,
                        -3.9083240032196045,
                        -4.217805862426758,
                        -4.912101745605469,
                        -4.837254047393799,
                        -5.1940999031066895,
                        -5.564034461975098,
                        -5.8929314613342285,
                        -5.942683219909668,
                        -6.175518989562988,
                        -5.84829044342041,
                        -5.7591142654418945,
                        -5.649677276611328,
                        -5.666889190673828,
                        -5.779630184173584,
                        -6.109879493713379,
                        -5.9908833503723145,
                        -5.991635322570801,
                        -6.308747291564941
                    ]
                ]
            ],
            "states": [
                [
                    [
                        195480.0,
                        0.00017859364743344486,
                        0.0014523763675242662,
                        455306.15625
                    ],
                    [
                        224440.0,
                        0.00017706550715956837,
                        0.0012122188927605748,
                        199210.375
                    ],
                    [
                        260640.0,
                        0.00017533254867885262,
                        0.0010567386634647846,
                        291813.4375
                    ],
                    [
                        231680.0,
                        0.00017360733181703836,
                        0.0010331012308597565,
                        619352.5625
                    ],
                    [
                        201272.0,
                        0.00017211795784533024,
                        0.0008577806875109673,
                        757621.5
                    ],
                    [
                        233128.0,
                        0.0001706496550468728,
                        0.002856994280591607,
                        402371.75
                    ],
                    [
                        238920.0,
                        0.00016908197721932083,
                        0.005327177233994007,
                        418626.09375
                    ],
                    [
                        185344.0,
                        0.00016769685316830873,
                        0.006734849885106087,
                        490648.125
                    ],
                    [
                        205616.0,
                        0.000166440979228355,
                        0.008968048729002476,
                        304516.78125
                    ],
                    [
                        195480.0,
                        0.00016517171752639115,
                        0.00019177634385414422,
                        553446.625
                    ],
                    [
                        202720.0,
                        0.00016393074474763125,
                        0.0001491233124397695,
                        853423.1875
                    ],
                    [
                        209960.0,
                        0.00016266417514998466,
                        0.0002625611668918282,
                        298799.9375
                    ],
                    [
                        209960.0,
                        0.0001613952626939863,
                        0.0004885925445705652,
                        376011.875
                    ],
                    [
                        144800.0,
                        0.00016033815336413682,
                        0.0010367168579250574,
                        94745.609375
                    ],
                    [
                        246160.0,
                        0.00015919026918709278,
                        0.0028569940477609634,
                        223245.734375
                    ],
                    [
                        253400.0,
                        0.000157746413606219,
                        0.005327177233994007,
                        267948.78125
                    ],
                    [
                        296840.0,
                        0.00015618640463799238,
                        0.006734849885106087,
                        291045.46875
                    ],
                    [
                        340280.0,
                        0.0001544181868666783,
                        0.008968048729002476,
                        376205.125
                    ],
                    [
                        405440.0,
                        0.0001523990067653358,
                        0.010990988463163376,
                        467932.84375
                    ],
                    [
                        463360.0,
                        0.0001501120423199609,
                        0.011323424987494946,
                        301846.5
                    ]
                ]
            ],
            "actions": [
                [
                    [
                        0.25
                    ],
                    [
                        0.25
                    ],
                    [
                        0.25
                    ],
                    [
                        0.25
                    ],
                    [
                        0.25
                    ],
                    [
                        0.25
                    ],
                    [
                        0.25
                    ],
                    [
                        0.25
                    ],
                    [
                        0.25
                    ],
                    [
                        0.25
                    ],
                    [
                        0.25
                    ],
                    [
                        0.25
                    ],
                    [
                        0.25
                    ],
                    [
                        0.25
                    ],
                    [
                        0.25
                    ],
                    [
                        0.25
                    ],
                    [
                        0.25
                    ],
                    [
                        0.25
                    ],
                    [
                        0.25
                    ],
                    [
                        0.25
                    ]
                ]
            ],
            "returns": [
                [
                    [
                        0.0820998102426529
                    ],
                    [
                        0.0814596638083458
                    ],
                    [
                        0.08080726861953735
                    ],
                    [
                        0.08014161884784698
                    ],
                    [
                        0.0794864147901535
                    ],
                    [
                        0.07884368300437927
                    ],
                    [
                        0.07818792015314102
                    ],
                    [
                        0.07752998173236847
                    ],
                    [
                        0.07689455896615982
                    ],
                    [
                        0.07624993473291397
                    ],
                    [
                        0.07560978829860687
                    ],
                    [
                        0.0749664157629013
                    ],
                    [
                        0.07431993633508682
                    ],
                    [
                        0.07367345690727234
                    ],
                    [
                        0.07305991649627686
                    ],
                    [
                        0.0723993331193924
                    ],
                    [
                        0.07173618674278259
                    ],
                    [
                        0.07105900347232819
                    ],
                    [
                        0.07036971300840378
                    ],
                    [
                        0.06966488808393478
                    ]
                ]
            ],
            "timesteps": [
                [
                    540,
                    541,
                    542,
                    543,
                    544,
                    545,
                    546,
                    547,
                    548,
                    549,
                    550,
                    551,
                    552,
                    553,
                    554,
                    555,
                    556,
                    557,
                    558,
                    559
                ]
            ],
            "labels": [
                [
                    0,
                    0,
                    0,
                    0,
                    0,
                    0,
                    0,
                    0,
                    0,
                    0,
                    0,
                    0,
                    0,
                    0,
                    0,
                    0,
                    0,
                    0,
                    0,
                    0
                ]
            ],
            "CPU Usage": 47.0,
            "RAM Usage": 55.4,
            "GPU Usage": 0.0,
            "VRAM Usage": 355.0,
            "Disk Read Speed (MB/s)": 206669.3662109375,
            "Disk Write Speed (MB/s)": 441794.7587890625
        },
        {
            "step": 2,
            "train_loss": 8.159138087648898e-05,
            "actions_pred1": [
                [
                    [
                        0.5489087104797363,
                        5.023222923278809,
                        -0.21867059171199799,
                        -4.908008098602295
                    ],
                    [
                        0.16628262400627136,
                        5.990176200866699,
                        -1.1146167516708374,
                        -4.016824245452881
                    ],
                    [
                        0.023893535137176514,
                        6.23312520980835,
                        -0.9682433605194092,
                        -3.420790672302246
                    ],
                    [
                        -0.05173476040363312,
                        6.4534759521484375,
                        -1.0832018852233887,
                        -3.377091407775879
                    ],
                    [
                        -0.10495476424694061,
                        6.7543840408325195,
                        -1.2552523612976074,
                        -3.4649035930633545
                    ],
                    [
                        0.18849831819534302,
                        7.04349946975708,
                        -1.4256761074066162,
                        -3.470003604888916
                    ],
                    [
                        0.20322227478027344,
                        7.101240158081055,
                        -1.539520263671875,
                        -3.95963716506958
                    ],
                    [
                        0.27894940972328186,
                        7.288928985595703,
                        -1.2740347385406494,
                        -4.049022197723389
                    ],
                    [
                        0.2433883547782898,
                        7.420884132385254,
                        -1.1038668155670166,
                        -3.982896327972412
                    ],
                    [
                        0.2793829143047333,
                        7.194141387939453,
                        -1.309530258178711,
                        -4.123673439025879
                    ],
                    [
                        0.36049577593803406,
                        7.116054534912109,
                        -1.2235642671585083,
                        -4.0654377937316895
                    ],
                    [
                        0.3117556571960449,
                        7.002354145050049,
                        -1.168887734413147,
                        -4.283132076263428
                    ],
                    [
                        0.48859304189682007,
                        7.034493446350098,
                        -1.1435863971710205,
                        -4.344074249267578
                    ],
                    [
                        0.480991005897522,
                        6.882758617401123,
                        -1.235344409942627,
                        -4.336916446685791
                    ],
                    [
                        0.38882142305374146,
                        6.84899377822876,
                        -1.3119163513183594,
                        -4.136268615722656
                    ],
                    [
                        0.41396385431289673,
                        6.744562149047852,
                        -1.4121731519699097,
                        -4.053340911865234
                    ],
                    [
                        0.33424827456474304,
                        6.73113489151001,
                        -1.4796943664550781,
                        -4.134213924407959
                    ],
                    [
                        0.38519659638404846,
                        6.692680358886719,
                        -1.3789141178131104,
                        -4.2125163078308105
                    ],
                    [
                        0.32308506965637207,
                        6.612314224243164,
                        -1.1101189851760864,
                        -4.3466362953186035
                    ],
                    [
                        0.4005228579044342,
                        6.5265984535217285,
                        -1.0836437940597534,
                        -4.420506000518799
                    ]
                ]
            ],
            "actions_pred": [
                [
                    [
                        0.5489087104797363,
                        0.16628262400627136,
                        0.023893535137176514,
                        -0.05173476040363312,
                        -0.10495476424694061,
                        0.18849831819534302,
                        0.20322227478027344,
                        0.27894940972328186,
                        0.2433883547782898,
                        0.2793829143047333,
                        0.36049577593803406,
                        0.3117556571960449,
                        0.48859304189682007,
                        0.480991005897522,
