{
    "steps": [
        {
            "step": 0,
            "train_loss": 0.053606875240802765,
            "actions_pred1": [
                [
                    [
                        -0.0285397469997406,
                        -0.29697883129119873,
                        0.5409002900123596,
                        0.4923919439315796
                    ],
                    [
                        -0.14594382047653198,
                        -0.06190119683742523,
                        0.724446713924408,
                        0.5752733945846558
                    ],
                    [
                        -0.256021112203598,
                        0.04085034132003784,
                        0.7020224332809448,
                        0.5123356580734253
                    ],
                    [
                        -0.26557832956314087,
                        0.010207116603851318,
                        0.7379060983657837,
                        0.5141246914863586
                    ],
                    [
                        -0.21607865393161774,
                        0.0695648342370987,
                        0.7611532211303711,
                        0.46120890974998474
                    ],
                    [
                        -0.17310182750225067,
                        0.0038345009088516235,
                        0.6606041193008423,
                        0.4275185465812683
                    ],
                    [
                        -0.10712365806102753,
                        0.04612553119659424,
                        0.7290548086166382,
                        0.3478544354438782
                    ],
                    [
                        -0.0993664339184761,
                        0.004474252462387085,
                        0.6742563247680664,
                        0.37727347016334534
                    ],
                    [
                        -0.22264179587364197,
                        -0.06418439000844955,
                        0.7655748128890991,
                        0.31144145131111145
                    ],
                    [
                        -0.22036480903625488,
                        0.027146168053150177,
                        0.8309512734413147,
                        0.2788991630077362
                    ],
                    [
                        -0.3447052836418152,
                        -0.10461431741714478,
                        0.9032317996025085,
                        0.13445836305618286
                    ],
                    [
                        -0.41705214977264404,
                        -0.08049151301383972,
                        0.7598910331726074,
                        0.09347569942474365
                    ],
                    [
                        -0.40119507908821106,
                        -0.03326311334967613,
                        0.7425863742828369,
                        0.19353076815605164
                    ],
                    [
                        -0.3391525149345398,
                        0.021511033177375793,
                        0.8206424117088318,
                        0.26841410994529724
                    ],
                    [
                        -0.4912116527557373,
                        -0.2640405297279358,
                        0.7997387647628784,
                        0.1708495020866394
                    ],
                    [
                        -0.36789458990097046,
                        -0.2700646221637726,
                        0.7623088359832764,
                        0.18872877955436707
                    ],
                    [
                        -0.3873758018016815,
                        -0.15054643154144287,
                        0.8045242428779602,
                        0.16014987230300903
                    ],
                    [
                        -0.4065781235694885,
                        -0.06266193836927414,
                        0.723301887512207,
                        0.2653368413448334
                    ],
                    [
                        -0.33059653639793396,
                        -0.08119472861289978,
                        0.8178195953369141,
                        0.24164912104606628
                    ],
                    [
                        -0.3298884630203247,
                        -0.072056844830513,
                        0.7704614996910095,
                        0.23995357751846313
                    ]
                ]
            ],
            "actions_pred": [
                [
                    [
                        -0.0285397469997406,
                        -0.14594382047653198,
                        -0.256021112203598,
                        -0.26557832956314087,
                        -0.21607865393161774,
                        -0.17310182750225067,
                        -0.10712365806102753,
                        -0.0993664339184761,
                        -0.22264179587364197,
                        -0.22036480903625488,
                        -0.3447052836418152,
                        -0.41705214977264404,
                        -0.40119507908821106,
                        -0.3391525149345398,
                        -0.4912116527557373,
                        -0.36789458990097046,
                        -0.3873758018016815,
                        -0.4065781235694885,
                        -0.33059653639793396,
                        -0.3298884630203247
                    ],
                    [
                        -0.29697883129119873,
                        -0.06190119683742523,
                        0.04085034132003784,
                        0.010207116603851318,
                        0.0695648342370987,
                        0.0038345009088516235,
                        0.04612553119659424,
                        0.004474252462387085,
                        -0.06418439000844955,
                        0.027146168053150177,
                        -0.10461431741714478,
                        -0.08049151301383972,
                        -0.03326311334967613,
                        0.021511033177375793,
                        -0.2640405297279358,
                        -0.2700646221637726,
                        -0.15054643154144287,
                        -0.06266193836927414,
                        -0.08119472861289978,
                        -0.072056844830513
                    ],
                    [
                        0.5409002900123596,
                        0.724446713924408,
                        0.7020224332809448,
                        0.7379060983657837,
                        0.7611532211303711,
                        0.6606041193008423,
                        0.7290548086166382,
                        0.6742563247680664,
                        0.7655748128890991,
                        0.8309512734413147,
                        0.9032317996025085,
                        0.7598910331726074,
                        0.7425863742828369,
                        0.8206424117088318,
                        0.7997387647628784,
                        0.7623088359832764,
                        0.8045242428779602,
                        0.723301887512207,
                        0.8178195953369141,
                        0.7704614996910095
                    ],
                    [
                        0.4923919439315796,
                        0.5752733945846558,
                        0.5123356580734253,
                        0.5141246914863586,
                        0.46120890974998474,
                        0.4275185465812683,
                        0.3478544354438782,
                        0.37727347016334534,
                        0.31144145131111145,
                        0.2788991630077362,
                        0.13445836305618286,
                        0.09347569942474365,
                        0.19353076815605164,
                        0.26841410994529724,
                        0.1708495020866394,
                        0.18872877955436707,
                        0.16014987230300903,
                        0.2653368413448334,
                        0.24164912104606628,
                        0.23995357751846313
                    ]
                ]
            ],
            "states": [
                [
                    [
                        6436360.0,
                        3.756791920750402e-05,
                        0.00023788119142409414,
                        525420.0
                    ],
                    [
                        5822408.0,
                        3.5673747333930805e-05,
                        0.0002484873402863741,
                        540076.8125
                    ],
                    [
                        6120696.0,
                        3.400527930352837e-05,
                        0.00025739934062585235,
                        546681.375
                    ],
                    [
                        6143632.0,
                        3.2446547265863046e-05,
                        0.00019004895875696093,
                        549135.1875
                    ],
                    [
                        6290344.0,
                        3.100591857219115e-05,
                        0.00022606240236200392,
                        515628.96875
                    ],
                    [
                        7225288.0,
                        2.9579521651612595e-05,
                        0.0002532026555854827,
                        501138.75
                    ],
                    [
                        5695216.0,
                        2.8330134227871895e-05,
                        0.0002667571825440973,
                        501280.09375
                    ],
                    [
                        6048296.0,
                        2.72848174063256e-05,
                        0.00026687141507864,
                        520591.84375
                    ],
                    [
                        5956840.0,
                        2.6292696929886006e-05,
                        0.0002529114135541022,
                        510954.5
                    ],
                    [
                        5511320.0,
                        2.5409783120267093e-05,
                        0.0002583715249784291,
                        498321.25
                    ],
                    [
                        7421000.0,
                        2.448467603244353e-05,
                        0.001365873496979475,
                        470548.53125
                    ],
                    [
                        6653560.0,
                        2.3549235265818425e-05,
                        0.0008239395683631301,
                        489404.40625
                    ],
                    [
                        5919424.0,
                        2.2772055672248825e-05,
                        0.0005388445570133626,
                        494672.6875
                    ],
                    [
                        6049744.0,
                        2.2078909751144238e-05,
                        0.0005018769879825413,
                        522203.84375
                    ],
                    [
                        5699328.0,
                        2.1438178009702824e-05,
                        0.0005396626074798405,
                        525676.375
                    ],
                    [
                        5907840.0,
                        2.084095285681542e-05,
                        0.00039070475031621754,
                        484434.71875
                    ],
                    [
                        7654128.0,
                        2.0184714230708778e-05,
                        0.00037147922557778656,
                        485244.75
                    ],
                    [
                        6171376.0,
                        1.9555423932615668e-05,
                        0.00035373689024709165,
                        520211.9375
                    ],
                    [
                        5359048.0,
                        1.9060054910369217e-05,
                        0.0003472233365755528,
                        514446.75
                    ],
                    [
                        5344568.0,
                        1.8622442439664155e-05,
                        0.00021890846255701035,
                        526664.75
                    ]
                ]
            ],
            "actions": [
                [
                    [
                        0.5
                    ],
                    [
                        0.5
                    ],
                    [
                        0.5
                    ],
                    [
                        0.5
                    ],
                    [
                        0.5
                    ],
                    [
                        0.5
                    ],
                    [
                        0.5
                    ],
                    [
                        0.5
                    ],
                    [
                        0.5
                    ],
                    [
                        0.5
                    ],
                    [
                        0.5
                    ],
                    [
                        0.5
                    ],
                    [
                        0.5
                    ],
                    [
                        0.5
                    ],
                    [
                        0.5
                    ],
                    [
                        0.5
                    ],
                    [
                        0.5
                    ],
                    [
                        0.5
                    ],
                    [
                        0.5
                    ],
                    [
                        0.5
                    ]
                ]
            ],
            "returns": [
                [
                    [
                        0.17125853896141052
                    ],
                    [
                        0.17030860483646393
                    ],
                    [
                        0.16936755180358887
                    ],
                    [
                        0.16842207312583923
                    ],
                    [
                        0.16747625172138214
                    ],
                    [
                        0.1665283590555191
                    ],
                    [
                        0.16556815803050995
                    ],
                    [
                        0.16462907195091248
                    ],
                    [
                        0.1636846512556076
                    ],
                    [
                        0.16274157166481018
                    ],
                    [
                        0.1618053913116455
                    ],
                    [
                        0.16084282100200653
                    ],
                    [
                        0.15988995134830475
                    ],
                    [
                        0.1589474231004715
                    ],
                    [
                        0.15800298750400543
                    ],
                    [
                        0.157063826918602
                    ],
                    [
                        0.15612147748470306
                    ],
                    [
                        0.1551561802625656
                    ],
                    [
                        0.15420997142791748
                    ],
                    [
                        0.153276264667511
                    ]
                ]
            ],
            "timesteps": [
                [
                    440,
                    441,
                    442,
                    443,
                    444,
                    445,
                    446,
                    447,
                    448,
                    449,
                    450,
                    451,
                    452,
                    453,
                    454,
                    455,
                    456,
                    457,
                    458,
                    459
                ]
            ],
            "labels": [
                [
                    1,
                    1,
                    1,
                    1,
                    1,
                    1,
                    1,
                    1,
                    1,
                    1,
                    1,
                    1,
                    1,
                    1,
                    1,
                    1,
                    1,
                    1,
                    1,
                    1
                ]
            ],
            "CPU Usage": 46.3,
            "RAM Usage": 55.4,
            "GPU Usage": 0.0,
            "VRAM Usage": 355.0,
            "Disk Read Speed (MB/s)": 206022.7734375,
            "Disk Write Speed (MB/s)": 334286.2001953125
        },
        {
            "step": 1,
            "train_loss": 0.06550567597150803,
            "actions_pred1": [
                [
                    [
                        -0.1991083323955536,
                        -0.07526607811450958,
                        0.7174544334411621,
                        0.3678567111492157
                    ],
                    [
                        -0.26650214195251465,
                        0.05252673104405403,
                        0.6839417219161987,
                        0.6236785650253296
                    ],
                    [
                        -0.4116832911968231,
                        -0.02722008526325226,
                        0.41685420274734497,
                        0.7401901483535767
                    ],
                    [
                        -0.44354248046875,
                        -0.03361744433641434,
                        0.40616339445114136,
                        0.6541571617126465
                    ],
                    [
                        -0.3385658264160156,
                        -0.07383707165718079,
                        0.563328206539154,
                        0.5284937620162964
                    ],
                    [
                        -0.40517210960388184,
                        -0.016805395483970642,
                        0.7472933530807495,
                        0.5212829113006592
                    ],
                    [
                        -0.4618808329105377,
                        -0.05434654653072357,
                        0.8506561517715454,
                        0.41640907526016235
                    ],
                    [
                        -0.640929102897644,
                        -0.0308988094329834,
                        0.8439648151397705,
                        0.3860788345336914
                    ],
                    [
                        -0.5038702487945557,
                        0.0008394494652748108,
                        0.8955152034759521,
                        0.42604300379753113
                    ],
                    [
                        -0.5544949173927307,
                        -0.013392060995101929,
                        1.0007400512695312,
                        0.43396562337875366
                    ],
                    [
                        -0.5888371467590332,
                        -0.04430351406335831,
                        0.9170287251472473,
                        0.42800259590148926
                    ],
                    [
                        -0.30636298656463623,
                        -0.2150411605834961,
                        0.9114391803741455,
                        0.40549907088279724
                    ],
                    [
                        -0.4332372844219208,
                        -0.19860005378723145,
                        0.9003022909164429,
                        0.46132415533065796
                    ],
                    [
                        -0.4063584506511688,
                        -0.22544264793395996,
                        0.8275537490844727,
                        0.3328129053115845
                    ],
                    [
                        -0.3259717524051666,
                        -0.10367204993963242,
                        0.8168571591377258,
                        0.412929505109787
                    ],
                    [
                        -0.36099669337272644,
                        -0.08819039165973663,
                        0.8651410341262817,
                        0.3244919180870056
                    ],
                    [
                        -0.4074121117591858,
                        -0.012804746627807617,
                        0.8779308199882507,
                        0.3629274368286133
                    ],
                    [
                        -0.37623074650764465,
                        -0.03801842778921127,
                        0.8078020215034485,
                        0.46323785185813904
                    ],
                    [
                        -0.3714609742164612,
                        -0.09077809005975723,
                        0.8739548921585083,
                        0.3786405920982361
                    ],
                    [
                        -0.37498539686203003,
                        -0.22575300931930542,
                        0.8386503458023071,
                        0.43875330686569214
                    ]
                ]
            ],
            "actions_pred": [
                [
                    [
                        -0.1991083323955536,
                        -0.26650214195251465,
                        -0.4116832911968231,
                        -0.44354248046875,
                        -0.3385658264160156,
                        -0.40517210960388184,
                        -0.4618808329105377,
                        -0.640929102897644,
                        -0.5038702487945557,
                        -0.5544949173927307,
                        -0.5888371467590332,
                        -0.30636298656463623,
                        -0.4332372844219208,
                        -0.4063584506511688,
                        -0.3259717524051666,
                        -0.36099669337272644,
                        -0.4074121117591858,
                        -0.37623074650764465,
                        -0.3714609742164612,
                        -0.37498539686203003
                    ],
                    [
                        -0.07526607811450958,
                        0.05252673104405403,
                        -0.02722008526325226,
                        -0.03361744433641434,
                        -0.07383707165718079,
                        -0.016805395483970642,
                        -0.05434654653072357,
                        -0.0308988094329834,
                        0.0008394494652748108,
                        -0.013392060995101929,
                        -0.04430351406335831,
                        -0.2150411605834961,
                        -0.19860005378723145,
                        -0.22544264793395996,
                        -0.10367204993963242,
                        -0.08819039165973663,
                        -0.012804746627807617,
                        -0.03801842778921127,
                        -0.09077809005975723,
                        -0.22575300931930542
                    ],
                    [
                        0.7174544334411621,
                        0.6839417219161987,
                        0.41685420274734497,
                        0.40616339445114136,
                        0.563328206539154,
                        0.7472933530807495,
                        0.8506561517715454,
                        0.8439648151397705,
                        0.8955152034759521,
                        1.0007400512695312,
                        0.9170287251472473,
                        0.9114391803741455,
                        0.9003022909164429,
                        0.8275537490844727,
                        0.8168571591377258,
                        0.8651410341262817,
                        0.8779308199882507,
                        0.8078020215034485,
                        0.8739548921585083,
                        0.8386503458023071
                    ],
                    [
                        0.3678567111492157,
                        0.6236785650253296,
                        0.7401901483535767,
                        0.6541571617126465,
                        0.5284937620162964,
                        0.5212829113006592,
                        0.41640907526016235,
                        0.3860788345336914,
                        0.42604300379753113,
                        0.43396562337875366,
                        0.42800259590148926,
                        0.40549907088279724,
                        0.46132415533065796,
                        0.3328129053115845,
                        0.412929505109787,
                        0.3244919180870056,
                        0.3629274368286133,
                        0.46323785185813904,
                        0.3786405920982361,
                        0.43875330686569214
                    ]
                ]
            ],
            "states": [
                [
                    [
                        6621704.0,
                        1.1313585673633497e-05,
                        0.0001999229716602713,
                        484312.6875
                    ],
                    [
                        5593624.0,
                        1.1206535418750718e-05,
                        0.0002002958208322525,
                        482520.40625
                    ],
                    [
                        5813720.0,
                        1.1108420039818157e-05,
                        0.0002003357367357239,
                        504661.125
                    ],
                    [
                        6207576.0,
                        1.1006884960806929e-05,
                        0.00022690219338983297,
                        474948.0
                    ],
                    [
                        8008888.0,
                        1.0889214536291547e-05,
                        0.00020534798386506736,
                        464277.84375
                    ],
                    [
                        6072912.0,
                        1.0774994734674692e-05,
                        0.00021573639241978526,
                        487907.71875
                    ],
                    [
                        5771728.0,
                        1.0680801096896175e-05,
                        0.00024723794194869697,
                        495985.625
                    ],
                    [
                        6184408.0,
                        1.058739326253999e-05,
                        0.00024693002342246473,
                        490380.28125
                    ],
                    [
                        5453168.0,
                        1.0498003575776238e-05,
                        0.00023204070748761296,
                        479010.4375
                    ],
                    [
                        5473440.0,
                        1.0415451470180415e-05,
                        0.00018021401774603873,
                        503120.46875
                    ],
                    [
                        5495160.0,
                        1.0333877071388997e-05,
                        0.0002400711819063872,
                        501130.78125
                    ],
                    [
                        5522672.0,
                        1.0253213076794054e-05,
                        0.000246424344368279,
                        482833.53125
                    ],
                    [
                        5845344.0,
                        1.0171300345973577e-05,
                        0.0002318411279702559,
                        521404.9375
                    ],
                    [
                        5531592.0,
                        1.0090602700074669e-05,
                        0.00026174713275395334,
                        512859.59375
                    ],
                    [
                        5728288.0,
                        1.0011996891989838e-05,
                        0.0002589555806480348,
                        492848.15625
                    ],
                    [
                        8446184.0,
                        9.914833754010033e-06,
                        0.0002588448696769774,
                        439526.84375
                    ],
                    [
                        5611000.0,
                        9.82020083029056e-06,
                        0.0002629015070851892,
                        482211.375
                    ],
                    [
                        5854264.0,
                        9.744398084876593e-06,
                        0.00024613598361611366,
                        493941.5
                    ],
                    [
                        5595072.0,
                        9.669850442151073e-06,
                        0.00026028408319689333,
                        487503.5625
                    ],
                    [
                        5576248.0,
                        9.598206816008314e-06,
                        0.000249440228799358,
                        493113.71875
                    ]
                ]
            ],
            "actions": [
                [
                    [
                        0.25
                    ],
                    [
                        0.25
                    ],
                    [
                        0.25
                    ],
                    [
                        0.25
                    ],
                    [
                        0.25
                    ],
                    [
                        0.25
                    ],
                    [
                        0.25
                    ],
                    [
                        0.25
                    ],
                    [
                        0.25
                    ],
                    [
                        0.25
                    ],
                    [
                        0.25
                    ],
                    [
                        0.25
                    ],
                    [
                        0.25
                    ],
                    [
                        0.25
                    ],
                    [
                        0.25
                    ],
                    [
                        0.25
                    ],
                    [
                        0.25
                    ],
                    [
                        0.25
                    ],
                    [
                        0.25
                    ],
                    [
                        0.25
                    ]
                ]
            ],
            "returns": [
                [
                    [
                        0.22746260464191437
                    ],
                    [
                        0.22651013731956482
                    ],
                    [
                        0.2255726456642151
                    ],
                    [
                        0.22463172674179077
                    ],
                    [
                        0.22368499636650085
                    ],
                    [
                        0.22271567583084106
                    ],
                    [
                        0.22177089750766754
                    ],
                    [
                        0.22083061933517456
                    ],
                    [
                        0.2198842167854309
                    ],
                    [
                        0.21894897520542145
                    ],
                    [
                        0.21801340579986572
                    ],
                    [
                        0.21707747876644135
                    ],
                    [
                        0.21614111959934235
                    ],
                    [
                        0.21519970893859863
                    ],
                    [
                        0.2142632007598877
                    ],
                    [
                        0.21332359313964844
                    ],
                    [
                        0.2123495638370514
                    ],
                    [
                        0.21141178905963898
                    ],
                    [
                        0.2104702591896057
                    ],
                    [
                        0.2095327377319336
                    ]
                ]
            ],
            "timesteps": [
                [
                    380,
                    381,
                    382,
                    383,
                    384,
                    385,
                    386,
                    387,
                    388,
                    389,
                    390,
                    391,
                    392,
                    393,
                    394,
                    395,
                    396,
                    397,
                    398,
                    399
                ]
            ],
            "labels": [
                [
                    0,
                    0,
                    0,
                    0,
                    0,
                    0,
                    0,
                    0,
                    0,
                    0,
                    0,
                    0,
                    0,
                    0,
                    0,
                    0,
                    0,
                    0,
                    0,
                    0
                ]
            ],
            "CPU Usage": 46.7,
            "RAM Usage": 55.5,
            "GPU Usage": 0.0,
            "VRAM Usage": 355.0,
            "Disk Read Speed (MB/s)": 206022.7734375,
            "Disk Write Speed (MB/s)": 334286.3408203125
        },
        {
            "step": 2,
            "train_loss": 0.055259812623262405,
            "actions_pred1": [
                [
                    [
                        0.0018935613334178925,
                        -0.31504908204078674,
                        0.9108113646507263,
                        0.4553588330745697
                    ],
                    [
                        -0.07147175073623657,
                        -0.271700918674469,
                        1.0430561304092407,
                        0.40312784910202026
                    ],
                    [
                        -0.1395488977432251,
                        -0.1543395221233368,
                        0.9273995161056519,
                        0.35153111815452576
                    ],
                    [
                        -0.3893437087535858,
                        -0.041360385715961456,
                        1.047019124031067,
                        0.24736396968364716
                    ],
                    [
                        -0.2855008542537689,
                        0.010821208357810974,
                        0.9268478155136108,
                        0.44712597131729126
                    ],
                    [
                        -0.22745884954929352,
                        -0.11562875658273697,
                        0.7408638596534729,
                        0.35855311155319214
                    ],
                    [
                        -0.2384633868932724,
                        -0.1259908378124237,
                        0.7685597538948059,
                        0.331524133682251
                    ],
                    [
                        -0.24343341588974,
                        0.09631210565567017,
                        0.8647865056991577,
                        0.3755128085613251
                    ],
                    [
                        -0.24280515313148499,
                        -0.014126099646091461,
                        0.8858197927474976,
                        0.41927361488342285
                    ],
                    [
                        -0.22240065038204193,
                        -0.03682670742273331,
                        0.8664503693580627,
                        0.36468932032585144
                    ],
                    [
                        -0.20639869570732117,
                        -0.023357562720775604,
                        0.8362060189247131,
                        0.4449298679828644
                    ],
                    [
                        -0.20057836174964905,
                        0.016939155757427216,
                        0.7997351884841919,
                        0.4228783845901489
                    ],
                    [
                        -0.273094117641449,
                        0.0573391318321228,
                        0.8785048723220825,
                        0.3339185416698456
                    ],
                    [
                        -0.023845799267292023,
                        0.10270940512418747,
                        0.8770344257354736,
                        0.34655988216400146
                    ],
                    [
                        -0.10103864967823029,
                        0.11757458746433258,
                        0.8965125679969788,
                        0.39738088846206665
                    ],
                    [
                        -0.19384470582008362,
                        0.015985362231731415,
                        0.9034544229507446,
                        0.3963555097579956
                    ],
                    [
                        -0.23614349961280823,
                        -0.09642425179481506,
                        0.9884960651397705,
                        0.3970976173877716
                    ],
                    [
                        -0.1791118085384369,
                        -0.08814078569412231,
                        0.8891230225563049,
                        0.41175490617752075
                    ],
                    [
                        -0.11246120929718018,
                        -0.03493506461381912,
                        0.9863204956054688,
                        0.35573747754096985
                    ],
                    [
                        -0.1038617417216301,
                        -0.03973864018917084,
                        1.0888957977294922,
                        0.33417078852653503
                    ]
                ]
            ],
            "actions_pred": [
                [
                    [
                        0.0018935613334178925,
                        -0.07147175073623657,
                        -0.1395488977432251,
                        -0.3893437087535858,
                        -0.2855008542537689,
