{
    "steps": [
        {
            "step": 0,
            "train_loss": 0.05543677136301994,
            "actions_pred1": [
                [
                    [
                        1.1051105260849,
                        1.8007826805114746,
                        2.241450071334839,
                        -3.3653335571289062
                    ],
                    [
                        0.9942582845687866,
                        1.933958649635315,
                        2.4126665592193604,
                        -3.8227014541625977
                    ],
                    [
                        1.1255121231079102,
                        2.6322860717773438,
                        2.4451816082000732,
                        -4.061882019042969
                    ],
                    [
                        1.0780432224273682,
                        2.395282745361328,
                        2.2100117206573486,
                        -3.994479179382324
                    ],
                    [
                        1.0866881608963013,
                        1.8974640369415283,
                        2.0428779125213623,
                        -4.2438201904296875
                    ],
                    [
                        1.0333104133605957,
                        1.620278000831604,
                        1.9599885940551758,
                        -4.081885814666748
                    ],
                    [
                        1.021898865699768,
                        1.5079538822174072,
                        1.9819681644439697,
                        -4.254020690917969
                    ],
                    [
                        0.9543506503105164,
                        1.5418825149536133,
                        1.9739441871643066,
                        -4.218786239624023
                    ],
                    [
                        1.1685971021652222,
                        1.592175006866455,
                        2.1148345470428467,
                        -4.5587944984436035
                    ],
                    [
                        1.0443775653839111,
                        1.781467080116272,
                        1.826169490814209,
                        -3.9621119499206543
                    ],
                    [
                        0.874180793762207,
                        1.6324630975723267,
                        1.6946686506271362,
                        -4.1067118644714355
                    ],
                    [
                        0.9286634922027588,
                        1.2773926258087158,
                        1.8060030937194824,
                        -4.017204284667969
                    ],
                    [
                        0.8828657865524292,
                        1.4487215280532837,
                        2.0824880599975586,
                        -3.953223466873169
                    ],
                    [
                        0.9064537286758423,
                        1.3861576318740845,
                        1.9996895790100098,
                        -3.8175694942474365
                    ],
                    [
                        0.9271942377090454,
                        1.4447990655899048,
                        1.9646828174591064,
                        -3.9093246459960938
                    ],
                    [
                        0.9494583010673523,
                        1.211039423942566,
                        2.0977046489715576,
                        -3.9274024963378906
                    ],
                    [
                        0.7522680759429932,
                        1.172788381576538,
                        2.151667833328247,
                        -3.8561503887176514
                    ],
                    [
                        0.8704521656036377,
                        1.3003177642822266,
                        1.9498639106750488,
                        -3.76592755317688
                    ],
                    [
                        0.9040480852127075,
                        1.2965750694274902,
                        1.920963168144226,
                        -3.8192367553710938
                    ],
                    [
                        0.8469381332397461,
                        1.551761507987976,
                        1.920166254043579,
                        -4.059412956237793
                    ]
                ]
            ],
            "actions_pred": [
                [
                    [
                        1.1051105260849,
                        0.9942582845687866,
                        1.1255121231079102,
                        1.0780432224273682,
                        1.0866881608963013,
                        1.0333104133605957,
                        1.021898865699768,
                        0.9543506503105164,
                        1.1685971021652222,
                        1.0443775653839111,
                        0.874180793762207,
                        0.9286634922027588,
                        0.8828657865524292,
                        0.9064537286758423,
                        0.9271942377090454,
                        0.9494583010673523,
                        0.7522680759429932,
                        0.8704521656036377,
                        0.9040480852127075,
                        0.8469381332397461
                    ],
                    [
                        1.8007826805114746,
                        1.933958649635315,
                        2.6322860717773438,
                        2.395282745361328,
                        1.8974640369415283,
                        1.620278000831604,
                        1.5079538822174072,
                        1.5418825149536133,
                        1.592175006866455,
                        1.781467080116272,
                        1.6324630975723267,
                        1.2773926258087158,
                        1.4487215280532837,
                        1.3861576318740845,
                        1.4447990655899048,
                        1.211039423942566,
                        1.172788381576538,
                        1.3003177642822266,
                        1.2965750694274902,
                        1.551761507987976
                    ],
                    [
                        2.241450071334839,
                        2.4126665592193604,
                        2.4451816082000732,
                        2.2100117206573486,
                        2.0428779125213623,
                        1.9599885940551758,
                        1.9819681644439697,
                        1.9739441871643066,
                        2.1148345470428467,
                        1.826169490814209,
                        1.6946686506271362,
                        1.8060030937194824,
                        2.0824880599975586,
                        1.9996895790100098,
                        1.9646828174591064,
                        2.0977046489715576,
                        2.151667833328247,
                        1.9498639106750488,
                        1.920963168144226,
                        1.920166254043579
                    ],
                    [
                        -3.3653335571289062,
                        -3.8227014541625977,
                        -4.061882019042969,
                        -3.994479179382324,
                        -4.2438201904296875,
                        -4.081885814666748,
                        -4.254020690917969,
                        -4.218786239624023,
                        -4.5587944984436035,
                        -3.9621119499206543,
                        -4.1067118644714355,
                        -4.017204284667969,
                        -3.953223466873169,
                        -3.8175694942474365,
                        -3.9093246459960938,
                        -3.9274024963378906,
                        -3.8561503887176514,
                        -3.76592755317688,
                        -3.8192367553710938,
                        -4.059412956237793
                    ]
                ]
            ],
            "states": [
                [
                    [
                        195480.0,
                        0.00017859364743344486,
                        0.0014523763675242662,
                        455306.15625
                    ],
                    [
                        224440.0,
                        0.00017706550715956837,
                        0.0012122188927605748,
                        199210.375
                    ],
                    [
                        260640.0,
                        0.00017533254867885262,
                        0.0010567386634647846,
                        291813.4375
                    ],
                    [
                        231680.0,
                        0.00017360733181703836,
                        0.0010331012308597565,
                        619352.5625
                    ],
                    [
                        201272.0,
                        0.00017211795784533024,
                        0.0008577806875109673,
                        757621.5
                    ],
                    [
                        233128.0,
                        0.0001706496550468728,
                        0.002856994280591607,
                        402371.75
                    ],
                    [
                        238920.0,
                        0.00016908197721932083,
                        0.005327177233994007,
                        418626.09375
                    ],
                    [
                        185344.0,
                        0.00016769685316830873,
                        0.006734849885106087,
                        490648.125
                    ],
                    [
                        205616.0,
                        0.000166440979228355,
                        0.008968048729002476,
                        304516.78125
                    ],
                    [
                        195480.0,
                        0.00016517171752639115,
                        0.00019177634385414422,
                        553446.625
                    ],
                    [
                        202720.0,
                        0.00016393074474763125,
                        0.0001491233124397695,
                        853423.1875
                    ],
                    [
                        209960.0,
                        0.00016266417514998466,
                        0.0002625611668918282,
                        298799.9375
                    ],
                    [
                        209960.0,
                        0.0001613952626939863,
                        0.0004885925445705652,
                        376011.875
                    ],
                    [
                        144800.0,
                        0.00016033815336413682,
                        0.0010367168579250574,
                        94745.609375
                    ],
                    [
                        246160.0,
                        0.00015919026918709278,
                        0.0028569940477609634,
                        223245.734375
                    ],
                    [
                        253400.0,
                        0.000157746413606219,
                        0.005327177233994007,
                        267948.78125
                    ],
                    [
                        296840.0,
                        0.00015618640463799238,
                        0.006734849885106087,
                        291045.46875
                    ],
                    [
                        340280.0,
                        0.0001544181868666783,
                        0.008968048729002476,
                        376205.125
                    ],
                    [
                        405440.0,
                        0.0001523990067653358,
                        0.010990988463163376,
                        467932.84375
                    ],
                    [
                        463360.0,
                        0.0001501120423199609,
                        0.011323424987494946,
                        301846.5
                    ]
                ]
            ],
            "actions": [
                [
                    [
                        0.25
                    ],
                    [
                        0.25
                    ],
                    [
                        0.25
                    ],
                    [
                        0.25
                    ],
                    [
                        0.25
                    ],
                    [
                        0.25
                    ],
                    [
                        0.25
                    ],
                    [
                        0.25
                    ],
                    [
                        0.25
                    ],
                    [
                        0.25
                    ],
                    [
                        0.25
                    ],
                    [
                        0.25
                    ],
                    [
                        0.25
                    ],
                    [
                        0.25
                    ],
                    [
                        0.25
                    ],
                    [
                        0.25
                    ],
                    [
                        0.25
                    ],
                    [
                        0.25
                    ],
                    [
                        0.25
                    ],
                    [
                        0.25
                    ]
                ]
            ],
            "returns": [
                [
                    [
                        0.0820998102426529
                    ],
                    [
                        0.0814596638083458
                    ],
                    [
                        0.08080726861953735
                    ],
                    [
                        0.08014161884784698
                    ],
                    [
                        0.0794864147901535
                    ],
                    [
                        0.07884368300437927
                    ],
                    [
                        0.07818792015314102
                    ],
                    [
                        0.07752998173236847
                    ],
                    [
                        0.07689455896615982
                    ],
                    [
                        0.07624993473291397
                    ],
                    [
                        0.07560978829860687
                    ],
                    [
                        0.0749664157629013
                    ],
                    [
                        0.07431993633508682
                    ],
                    [
                        0.07367345690727234
                    ],
                    [
                        0.07305991649627686
                    ],
                    [
                        0.0723993331193924
                    ],
                    [
                        0.07173618674278259
                    ],
                    [
                        0.07105900347232819
                    ],
                    [
                        0.07036971300840378
                    ],
                    [
                        0.06966488808393478
                    ]
                ]
            ],
            "timesteps": [
                [
                    540,
                    541,
                    542,
                    543,
                    544,
                    545,
                    546,
                    547,
                    548,
                    549,
                    550,
                    551,
                    552,
                    553,
                    554,
                    555,
                    556,
                    557,
                    558,
                    559
                ]
            ],
            "labels": [
                [
                    0,
                    0,
                    0,
                    0,
                    0,
                    0,
                    0,
                    0,
                    0,
                    0,
                    0,
                    0,
                    0,
                    0,
                    0,
                    0,
                    0,
                    0,
                    0,
                    0
                ]
            ],
            "CPU Usage": 45.5,
            "RAM Usage": 55.0,
            "GPU Usage": 0.0,
            "VRAM Usage": 356.0,
            "Disk Read Speed (MB/s)": 206643.9912109375,
            "Disk Write Speed (MB/s)": 409996.1923828125
        },
        {
            "step": 1,
            "train_loss": 0.011228488758206367,
            "actions_pred1": [
                [
                    [
                        0.7816007733345032,
                        1.0251057147979736,
                        2.38535475730896,
                        -3.3887789249420166
                    ],
                    [
                        0.5268181562423706,
                        1.0564051866531372,
                        2.2168428897857666,
                        -3.0908093452453613
                    ],
                    [
                        0.3869273066520691,
                        1.5978065729141235,
                        2.317568778991699,
                        -3.330271005630493
                    ],
                    [
                        0.5348111391067505,
                        1.7754645347595215,
                        3.0328500270843506,
                        -4.075794219970703
                    ],
                    [
                        0.4812057614326477,
                        1.8519961833953857,
                        2.9728240966796875,
                        -4.1065287590026855
                    ],
                    [
                        0.737450361251831,
                        1.7250657081604004,
                        2.7631874084472656,
                        -3.8065075874328613
                    ],
                    [
                        0.6067321300506592,
                        1.5281935930252075,
                        2.637364625930786,
                        -3.609194755554199
                    ],
                    [
                        0.4057706892490387,
                        1.2299751043319702,
                        2.6784965991973877,
                        -3.780959129333496
                    ],
                    [
                        0.45873045921325684,
                        1.0429067611694336,
                        2.435051679611206,
                        -3.6617820262908936
                    ],
                    [
                        0.6367267370223999,
                        1.398857831954956,
                        2.4934635162353516,
                        -3.809171199798584
                    ],
                    [
                        0.5234118700027466,
                        1.4918627738952637,
                        2.5983452796936035,
                        -3.8804047107696533
                    ],
                    [
                        0.7705379724502563,
                        1.6983414888381958,
                        2.8363735675811768,
                        -4.694401264190674
                    ],
                    [
                        1.0362086296081543,
                        1.5291606187820435,
                        2.8220956325531006,
                        -4.673465728759766
                    ],
                    [
                        0.9311596751213074,
                        1.537600040435791,
                        2.5215511322021484,
                        -4.784679889678955
                    ],
                    [
                        0.7828461527824402,
                        1.568833589553833,
                        2.5976462364196777,
                        -4.674219131469727
                    ],
                    [
                        0.8468292951583862,
                        1.6476945877075195,
                        3.4298057556152344,
                        -5.768757343292236
                    ],
                    [
                        0.8411901593208313,
                        1.8335025310516357,
                        3.2988696098327637,
                        -5.5866875648498535
                    ],
                    [
                        0.7099125385284424,
                        1.94077730178833,
                        3.2585926055908203,
                        -5.272850036621094
                    ],
                    [
                        0.6276599168777466,
                        2.1091415882110596,
                        3.232292890548706,
                        -5.182830810546875
                    ],
                    [
                        0.6382640600204468,
                        2.057316303253174,
                        3.1905486583709717,
                        -5.416820049285889
                    ]
                ]
            ],
            "actions_pred": [
                [
                    [
                        0.7816007733345032,
                        0.5268181562423706,
                        0.3869273066520691,
                        0.5348111391067505,
                        0.4812057614326477,
                        0.737450361251831,
                        0.6067321300506592,
                        0.4057706892490387,
                        0.45873045921325684,
                        0.6367267370223999,
                        0.5234118700027466,
                        0.7705379724502563,
                        1.0362086296081543,
                        0.9311596751213074,
                        0.7828461527824402,
                        0.8468292951583862,
                        0.8411901593208313,
                        0.7099125385284424,
                        0.6276599168777466,
                        0.6382640600204468
                    ],
                    [
                        1.0251057147979736,
                        1.0564051866531372,
                        1.5978065729141235,
                        1.7754645347595215,
                        1.8519961833953857,
                        1.7250657081604004,
                        1.5281935930252075,
                        1.2299751043319702,
                        1.0429067611694336,
                        1.398857831954956,
                        1.4918627738952637,
                        1.6983414888381958,
                        1.5291606187820435,
                        1.537600040435791,
                        1.568833589553833,
                        1.6476945877075195,
                        1.8335025310516357,
                        1.94077730178833,
                        2.1091415882110596,
                        2.057316303253174
                    ],
                    [
                        2.38535475730896,
                        2.2168428897857666,
                        2.317568778991699,
                        3.0328500270843506,
                        2.9728240966796875,
                        2.7631874084472656,
                        2.637364625930786,
                        2.6784965991973877,
                        2.435051679611206,
                        2.4934635162353516,
                        2.5983452796936035,
                        2.8363735675811768,
                        2.8220956325531006,
                        2.5215511322021484,
                        2.5976462364196777,
                        3.4298057556152344,
                        3.2988696098327637,
                        3.2585926055908203,
                        3.232292890548706,
                        3.1905486583709717
                    ],
                    [
                        -3.3887789249420166,
                        -3.0908093452453613,
                        -3.330271005630493,
                        -4.075794219970703,
                        -4.1065287590026855,
                        -3.8065075874328613,
                        -3.609194755554199,
                        -3.780959129333496,
                        -3.6617820262908936,
                        -3.809171199798584,
                        -3.8804047107696533,
                        -4.694401264190674,
                        -4.673465728759766,
                        -4.784679889678955,
                        -4.674219131469727,
                        -5.768757343292236,
                        -5.5866875648498535,
                        -5.272850036621094,
                        -5.182830810546875,
                        -5.416820049285889
                    ]
                ]
            ],
            "states": [
                [
                    [
                        5305472.0,
                        8.719099241716322e-06,
                        0.00013201982073951513,
                        847637.0625
                    ],
                    [
                        5427104.0,
                        8.626127055322286e-06,
                        0.00013791865785606205,
                        798609.0
                    ],
                    [
                        5450272.0,
                        8.533900654583704e-06,
                        0.00014453318726737052,
                        879716.5
                    ],
                    [
                        5114336.0,
                        8.446181709587108e-06,
                        0.00014699026360176504,
                        849232.5625
                    ],
                    [
                        5466200.0,
                        8.360139872820582e-06,
                        0.00016071676509454846,
                        823946.3125
                    ],
                    [
                        5315608.0,
                        8.27424355520634e-06,
                        0.00016249381587840617,
                        854104.0625
                    ],
                    [
                        5602312.0,
                        8.189044820028357e-06,
                        0.0001488575799157843,
                        832423.8125
                    ],
                    [
                        5063656.0,
                        8.107467692752834e-06,
                        0.00016087492986116558,
                        837260.4375
                    ],
                    [
                        5243208.0,
                        8.030191565921996e-06,
                        0.00016716374375391752,
                        847603.1875
                    ],
                    [
                        5813720.0,
                        7.948916390887462e-06,
                        0.00019032474665436894,
                        855439.25
                    ],
                    [
                        5408280.0,
                        7.868069587857462e-06,
                        0.00018542619363870472,
                        819410.4375
                    ],
                    [
                        5082480.0,
                        7.7939621405676e-06,
                        0.000198170033399947,
                        886572.3125
                    ],
                    [
                        5553080.0,
                        7.720262146904133e-06,
                        0.0001916241308208555,
                        834980.5
                    ],
                    [
                        5222936.0,
                        7.646989615750499e-06,
                        0.0002063407882815227,
                        810099.0
                    ],
                    [
                        5267824.0,
                        7.57698762754444e-06,
                        0.00023895764024928212,
                        771615.4375
                    ],
                    [
                        5292440.0,
                        7.507794634875609e-06,
                        0.00025051896227523685,
                        873322.6875
                    ],
                    [
                        5603760.0,
                        7.437720341840759e-06,
                        0.0002676467993296683,
                        855312.0625
                    ],
                    [
                        5289312.0,
                        7.368956630671164e-06,
                        0.0002700872428249568,
                        823382.9375
                    ],
                    [
                        5275296.0,
                        7.303467100427952e-06,
                        0.0002660537720657885,
                        780031.4375
                    ],
                    [
                        5143296.0,
                        7.240012109832605e-06,
                        0.00026454709586687386,
                        808306.8125
                    ]
                ]
            ],
            "actions": [
                [
                    [
                        0.75
                    ],
                    [
                        0.75
                    ],
                    [
                        0.75
                    ],
                    [
                        0.75
                    ],
                    [
                        0.75
                    ],
                    [
                        0.75
                    ],
                    [
                        0.75
                    ],
                    [
                        0.75
                    ],
                    [
                        0.75
                    ],
                    [
                        0.75
                    ],
                    [
                        0.75
                    ],
                    [
                        0.75
                    ],
                    [
                        0.75
                    ],
                    [
                        0.75
                    ],
                    [
                        0.75
                    ],
                    [
                        0.75
                    ],
                    [
                        0.75
                    ],
                    [
                        0.75
                    ],
                    [
                        0.75
                    ],
                    [
                        0.75
                    ]
                ]
            ],
            "returns": [
                [
                    [
                        0.5055230259895325
                    ],
                    [
                        0.5045902132987976
                    ],
                    [
                        0.5036553740501404
                    ],
                    [
                        0.5027201771736145
                    ],
                    [
                        0.5017906427383423
                    ],
                    [
                        0.5008551478385925
                    ],
                    [
                        0.4999221861362457
                    ],
                    [
                        0.49898457527160645
                    ],
                    [
                        0.49805590510368347
                    ],
                    [
                        0.4971241354942322
                    ],
                    [
                        0.49618321657180786
                    ],
                    [
                        0.4952487051486969
                    ],
                    [
                        0.49431970715522766
                    ],
                    [
                        0.49338284134864807
                    ],
                    [
                        0.49245142936706543
                    ],
                    [
                        0.4915192425251007
                    ],
                    [
                        0.49058666825294495
                    ],
                    [
                        0.4896489977836609
                    ],
                    [
                        0.4887164533138275
                    ],
                    [
                        0.48778414726257324
                    ]
                ]
            ],
            "timesteps": [
                [
                    80,
                    81,
                    82,
                    83,
                    84,
                    85,
                    86,
                    87,
                    88,
                    89,
                    90,
                    91,
                    92,
                    93,
                    94,
                    95,
                    96,
                    97,
                    98,
                    99
                ]
            ],
            "labels": [
                [
                    2,
                    2,
                    2,
                    2,
                    2,
                    2,
                    2,
                    2,
                    2,
                    2,
                    2,
                    2,
                    2,
                    2,
                    2,
                    2,
                    2,
                    2,
                    2,
                    2
                ]
            ],
            "CPU Usage": 46.7,
            "RAM Usage": 55.0,
            "GPU Usage": 0.0,
            "VRAM Usage": 356.0,
            "Disk Read Speed (MB/s)": 206643.9912109375,
            "Disk Write Speed (MB/s)": 409996.2392578125
        },
        {
            "step": 2,
            "train_loss": 0.011499014683067799,
            "actions_pred1": [
                [
                    [
                        0.11501449346542358,
                        0.7030973434448242,
                        1.9241050481796265,
                        -2.3162970542907715
                    ],
                    [
                        0.04348825663328171,
                        0.6158440709114075,
                        1.9176335334777832,
                        -2.243271589279175
                    ],
                    [
                        0.2443389892578125,
                        0.7105305194854736,
                        1.864894151687622,
                        -2.163693904876709
                    ],
                    [
                        0.3575246036052704,
                        0.7478684186935425,
                        1.8738092184066772,
                        -2.232292652130127
                    ],
                    [
                        0.46806174516677856,
                        0.8897818326950073,
                        1.8427977561950684,
                        -2.4609375
                    ],
                    [
                        0.30464816093444824,
                        0.7989404201507568,
                        1.814691424369812,
                        -2.586426258087158
                    ],
                    [
                        0.3151862621307373,
                        0.674868106842041,
                        1.918781042098999,
                        -2.559199810028076
                    ],
                    [
                        0.30541616678237915,
                        0.7304108738899231,
                        2.0471885204315186,
                        -2.7865922451019287
                    ],
                    [
                        0.5253533720970154,
                        0.835195779800415,
                        2.234691858291626,
                        -2.8668060302734375
                    ],
                    [
                        0.5023436546325684,
                        0.791410505771637,
                        2.275747299194336,
                        -2.9390952587127686
                    ],
                    [
                        0.5941658020019531,
                        0.9585400819778442,
                        2.2754876613616943,
                        -2.9637808799743652
                    ],
                    [
                        0.662243127822876,
                        0.8632705211639404,
                        2.2182555198669434,
                        -2.9582927227020264
                    ],
                    [
                        0.6245824694633484,
                        0.9067196846008301,
                        2.2935283184051514,
                        -2.9248459339141846
                    ],
                    [
                        0.6796455979347229,
                        1.0462477207183838,
                        2.4962828159332275,
                        -2.9970083236694336
                    ],
                    [
                        0.6594688296318054,
                        1.1220314502716064,
                        2.5080480575561523,
                        -2.911062240600586
                    ],
                    [
                        0.8075271844863892,
                        1.1814569234848022,
                        2.742871046066284,
                        -2.9648184776306152
                    ],
                    [
                        0.7062059044837952,
                        1.190883755683899,
                        2.7012505531311035,
                        -3.275007963180542
                    ],
                    [
                        0.3826417624950409,
                        1.3735512495040894,
                        2.917051315307617,
                        -3.3923518657684326
                    ],
                    [
                        0.4529595673084259,
                        1.3918330669403076,
                        2.7239789962768555,
                        -3.4492032527923584
                    ],
                    [
                        0.3063753843307495,
                        1.3886563777923584,
                        2.7801971435546875,
                        -3.302703857421875
                    ]
                ]
            ],
            "actions_pred": [
                [
                    [
                        0.11501449346542358,
                        0.04348825663328171,
                        0.2443389892578125,
                        0.3575246036052704,
                        0.46806174516677856,
                        0.30464816093444824,
                        0.3151862621307373,
                        0.30541616678237915,
                        0.5253533720970154,
                        0.5023436546325684,
                        0.5941658020019531,
                        0.662243127822876,
                        0.6245824694633484,
                        0.6796455979347229,
                        0.6594688296318054,
