{
    "steps": [
        {
            "step": 0,
            "train_loss": 0.045974936336278915,
            "actions_pred1": [
                [
                    [
                        0.9116553068161011,
                        0.30669406056404114,
                        1.6423205137252808,
                        -1.3478964567184448
                    ],
                    [
                        0.8649219870567322,
                        0.3853588402271271,
                        1.5522682666778564,
                        -1.3988913297653198
                    ],
                    [
                        0.5640875697135925,
                        0.4358108937740326,
                        1.394952416419983,
                        -1.6005816459655762
                    ],
                    [
                        0.42001450061798096,
                        0.4341791570186615,
                        1.3790345191955566,
                        -1.6655796766281128
                    ],
                    [
                        0.36265355348587036,
                        0.4847068190574646,
                        1.3549453020095825,
                        -1.7109758853912354
                    ],
                    [
                        0.2953994870185852,
                        0.4132328927516937,
                        1.3871997594833374,
                        -1.7691621780395508
                    ],
                    [
                        0.23507845401763916,
                        0.36742109060287476,
                        1.452991008758545,
                        -1.8519245386123657
                    ],
                    [
                        0.2458035796880722,
                        0.45139408111572266,
                        1.5285558700561523,
                        -1.9753472805023193
                    ],
                    [
                        0.5423421859741211,
                        0.5501033067703247,
                        1.4771783351898193,
                        -2.0077219009399414
                    ],
                    [
                        0.7798721194267273,
                        0.4881143569946289,
                        1.4198282957077026,
                        -2.158768892288208
                    ],
                    [
                        0.7932338714599609,
                        0.5416871309280396,
                        1.3526463508605957,
                        -2.1628496646881104
                    ],
                    [
                        0.808630645275116,
                        0.544847309589386,
                        1.4412950277328491,
                        -2.207963466644287
                    ],
                    [
                        0.7781888246536255,
                        0.6036547422409058,
                        1.3036061525344849,
                        -2.1615819931030273
                    ],
                    [
                        0.7593986988067627,
                        0.6365065574645996,
                        1.3654900789260864,
                        -2.0794451236724854
                    ],
                    [
                        0.7740179300308228,
                        0.6839091181755066,
                        1.4717005491256714,
                        -2.1634202003479004
                    ],
                    [
                        0.7106724977493286,
                        0.660403847694397,
                        1.462350845336914,
                        -2.194884777069092
                    ],
                    [
                        0.7470823526382446,
                        0.5323477983474731,
                        1.3696482181549072,
                        -2.1852128505706787
                    ],
                    [
                        0.46666938066482544,
                        0.6945677995681763,
                        1.5063693523406982,
                        -2.3046786785125732
                    ],
                    [
                        0.4467586278915405,
                        0.7916796207427979,
                        1.4732985496520996,
                        -2.1181366443634033
                    ],
                    [
                        0.50782310962677,
                        0.824723482131958,
                        1.3687307834625244,
                        -2.0729732513427734
                    ]
                ]
            ],
            "actions_pred": [
                [
                    [
                        0.9116553068161011,
                        0.8649219870567322,
                        0.5640875697135925,
                        0.42001450061798096,
                        0.36265355348587036,
                        0.2953994870185852,
                        0.23507845401763916,
                        0.2458035796880722,
                        0.5423421859741211,
                        0.7798721194267273,
                        0.7932338714599609,
                        0.808630645275116,
                        0.7781888246536255,
                        0.7593986988067627,
                        0.7740179300308228,
                        0.7106724977493286,
                        0.7470823526382446,
                        0.46666938066482544,
                        0.4467586278915405,
                        0.50782310962677
                    ],
                    [
                        0.30669406056404114,
                        0.3853588402271271,
                        0.4358108937740326,
                        0.4341791570186615,
                        0.4847068190574646,
                        0.4132328927516937,
                        0.36742109060287476,
                        0.45139408111572266,
                        0.5501033067703247,
                        0.4881143569946289,
                        0.5416871309280396,
                        0.544847309589386,
                        0.6036547422409058,
                        0.6365065574645996,
                        0.6839091181755066,
                        0.660403847694397,
                        0.5323477983474731,
                        0.6945677995681763,
                        0.7916796207427979,
                        0.824723482131958
                    ],
                    [
                        1.6423205137252808,
                        1.5522682666778564,
                        1.394952416419983,
                        1.3790345191955566,
                        1.3549453020095825,
                        1.3871997594833374,
                        1.452991008758545,
                        1.5285558700561523,
                        1.4771783351898193,
                        1.4198282957077026,
                        1.3526463508605957,
                        1.4412950277328491,
                        1.3036061525344849,
                        1.3654900789260864,
                        1.4717005491256714,
                        1.462350845336914,
                        1.3696482181549072,
                        1.5063693523406982,
                        1.4732985496520996,
                        1.3687307834625244
                    ],
                    [
                        -1.3478964567184448,
                        -1.3988913297653198,
                        -1.6005816459655762,
                        -1.6655796766281128,
                        -1.7109758853912354,
                        -1.7691621780395508,
                        -1.8519245386123657,
                        -1.9753472805023193,
                        -2.0077219009399414,
                        -2.158768892288208,
                        -2.1628496646881104,
                        -2.207963466644287,
                        -2.1615819931030273,
                        -2.0794451236724854,
                        -2.1634202003479004,
                        -2.194884777069092,
                        -2.1852128505706787,
                        -2.3046786785125732,
                        -2.1181366443634033,
                        -2.0729732513427734
                    ]
                ]
            ],
            "states": [
                [
                    [
                        10490760.0,
                        0.00010820227180374786,
                        0.00015429843915626407,
                        444121.375
                    ],
                    [
                        10112832.0,
                        9.372556087328121e-05,
                        0.00014512072084471583,
                        443784.5
                    ],
                    [
                        10076632.0,
                        8.28753545647487e-05,
                        0.00015239186177495867,
                        427008.3125
                    ],
                    [
                        10218536.0,
                        7.424143404932693e-05,
                        0.00013630501052830368,
                        433225.1875
                    ],
                    [
                        10903440.0,
                        6.698495417367667e-05,
                        0.0001300903531955555,
                        434838.78125
                    ],
                    [
                        10177992.0,
                        6.102009865571745e-05,
                        0.0001368058001389727,
                        431759.375
                    ],
                    [
                        10500896.0,
                        5.612600944004953e-05,
                        0.00014432381431106478,
                        435333.53125
                    ],
                    [
                        10752848.0,
                        5.185119152883999e-05,
                        0.00014270890096668154,
                        438961.46875
                    ],
                    [
                        10833936.0,
                        4.812757106265053e-05,
                        0.00014136718527879566,
                        432069.78125
                    ],
                    [
                        10654384.0,
                        4.491618892643601e-05,
                        0.00013239651161711663,
                        433675.4375
                    ],
                    [
                        10524064.0,
                        4.214471118757501e-05,
                        0.00014063461276236922,
                        436827.0
                    ],
                    [
                        8511344.0,
                        3.9926697354530916e-05,
                        0.00013637621304951608,
                        473364.125
                    ],
                    [
                        10828144.0,
                        3.790804112213664e-05,
                        0.00013436605513561517,
                        430273.59375
                    ],
                    [
                        10288040.0,
                        3.5919863876188174e-05,
                        0.00013586058048531413,
                        455927.09375
                    ],
                    [
                        9009456.0,
                        3.427618867135607e-05,
                        0.00013340605073608458,
                        453153.21875
                    ],
                    [
                        10348856.0,
                        3.2774834835436195e-05,
                        0.0001376099098706618,
                        434225.03125
                    ],
                    [
                        10166408.0,
                        3.131924677290954e-05,
                        0.00017068465240299702,
                        438236.6875
                    ],
                    [
                        10539992.0,
                        2.9976108635310084e-05,
                        0.0001329061051364988,
                        436937.3125
                    ],
                    [
                        10836832.0,
                        2.8705166187137365e-05,
                        0.00013878877507522702,
                        435041.5
                    ],
                    [
                        10188128.0,
                        2.755545938271098e-05,
                        0.00015914233517833054,
                        427912.71875
                    ]
                ]
            ],
            "actions": [
                [
                    [
                        0.25
                    ],
                    [
                        0.25
                    ],
                    [
                        0.25
                    ],
                    [
                        0.25
                    ],
                    [
                        0.25
                    ],
                    [
                        0.25
                    ],
                    [
                        0.25
                    ],
                    [
                        0.25
                    ],
                    [
                        0.25
                    ],
                    [
                        0.25
                    ],
                    [
                        0.25
                    ],
                    [
                        0.25
                    ],
                    [
                        0.25
                    ],
                    [
                        0.25
                    ],
                    [
                        0.25
                    ],
                    [
                        0.25
                    ],
                    [
                        0.25
                    ],
                    [
                        0.25
                    ],
                    [
                        0.25
                    ],
                    [
                        0.25
                    ]
                ]
            ],
            "returns": [
                [
                    [
                        0.2865329086780548
                    ],
                    [
                        0.2855396568775177
                    ],
                    [
                        0.28454965353012085
                    ],
                    [
                        0.28355997800827026
                    ],
                    [
                        0.2825690507888794
                    ],
                    [
                        0.2815724015235901
                    ],
                    [
                        0.28058183193206787
                    ],
                    [
                        0.2795884907245636
                    ],
                    [
                        0.2785930335521698
                    ],
                    [
                        0.27759695053100586
                    ],
                    [
                        0.2766023278236389
                    ],
                    [
                        0.27560877799987793
                    ],
                    [
                        0.27463406324386597
                    ],
                    [
                        0.2736380100250244
                    ],
                    [
                        0.2726464867591858
                    ],
                    [
                        0.2716667354106903
                    ],
                    [
                        0.2706746757030487
                    ],
                    [
                        0.26968422532081604
                    ],
                    [
                        0.2686905562877655
                    ],
                    [
                        0.2676944136619568
                    ]
                ]
            ],
            "timesteps": [
                [
                    320,
                    321,
                    322,
                    323,
                    324,
                    325,
                    326,
                    327,
                    328,
                    329,
                    330,
                    331,
                    332,
                    333,
                    334,
                    335,
                    336,
                    337,
                    338,
                    339
                ]
            ],
            "labels": [
                [
                    0,
                    0,
                    0,
                    0,
                    0,
                    0,
                    0,
                    0,
                    0,
                    0,
                    0,
                    0,
                    0,
                    0,
                    0,
                    0,
                    0,
                    0,
                    0,
                    0
                ]
            ],
            "CPU Usage": 45.9,
            "RAM Usage": 54.9,
            "GPU Usage": 0.0,
            "VRAM Usage": 355.0,
            "Disk Read Speed (MB/s)": 206568.8369140625,
            "Disk Write Speed (MB/s)": 397667.1103515625
        },
        {
            "step": 1,
            "train_loss": 0.020764699205756187,
            "actions_pred1": [
                [
                    [
                        0.4664408266544342,
                        0.8971138000488281,
                        1.3413465023040771,
                        -2.0524404048919678
                    ],
                    [
                        0.2919853627681732,
                        1.27163565158844,
                        1.6387102603912354,
                        -2.44710111618042
                    ],
                    [
                        0.5242734551429749,
                        0.9604625105857849,
                        1.740723729133606,
                        -2.271775007247925
                    ],
                    [
                        0.5758640766143799,
                        0.8612810373306274,
                        1.5053225755691528,
                        -2.5413875579833984
                    ],
                    [
                        0.39727991819381714,
                        0.7760421633720398,
                        1.3475648164749146,
                        -2.2412960529327393
                    ],
                    [
                        0.41950148344039917,
                        0.8981544375419617,
                        1.5180540084838867,
                        -2.5010716915130615
                    ],
                    [
                        0.35397428274154663,
                        0.9473263621330261,
                        1.3817757368087769,
                        -2.253053903579712
                    ],
                    [
                        0.21917590498924255,
                        1.1156164407730103,
                        1.1994104385375977,
                        -1.8947656154632568
                    ],
                    [
                        0.07721807062625885,
                        0.8994582891464233,
                        1.3602755069732666,
                        -2.113839864730835
                    ],
                    [
                        0.0529603436589241,
                        0.8030920028686523,
                        1.3742707967758179,
                        -2.1011879444122314
                    ],
                    [
                        0.08343539386987686,
                        0.9186851978302002,
                        1.28815758228302,
                        -2.1236276626586914
                    ],
                    [
                        0.048152752220630646,
                        0.9184896945953369,
                        1.3041969537734985,
                        -2.2625889778137207
                    ],
                    [
                        -0.08558129519224167,
                        0.8645471930503845,
                        1.506497859954834,
                        -2.476402759552002
                    ],
                    [
                        0.11916228383779526,
                        0.7571648955345154,
                        1.4798227548599243,
                        -2.227454662322998
                    ],
                    [
                        0.19348661601543427,
                        0.6826586127281189,
                        1.3262385129928589,
                        -2.162400245666504
                    ],
                    [
                        0.07121580839157104,
                        0.6679599285125732,
                        1.282497763633728,
                        -2.129683494567871
                    ],
                    [
                        0.13094818592071533,
                        0.8455841541290283,
                        1.3355416059494019,
                        -2.030984878540039
                    ],
                    [
                        0.1811513602733612,
                        0.8516110181808472,
                        1.3708821535110474,
                        -2.0766658782958984
                    ],
                    [
                        0.1496598720550537,
                        0.976032018661499,
                        1.405551791191101,
                        -2.1381454467773438
                    ],
                    [
                        0.2827557325363159,
                        1.0254108905792236,
                        1.4327280521392822,
                        -2.1117377281188965
                    ]
                ]
            ],
            "actions_pred": [
                [
                    [
                        0.4664408266544342,
                        0.2919853627681732,
                        0.5242734551429749,
                        0.5758640766143799,
                        0.39727991819381714,
                        0.41950148344039917,
                        0.35397428274154663,
                        0.21917590498924255,
                        0.07721807062625885,
                        0.0529603436589241,
                        0.08343539386987686,
                        0.048152752220630646,
                        -0.08558129519224167,
                        0.11916228383779526,
                        0.19348661601543427,
                        0.07121580839157104,
                        0.13094818592071533,
                        0.1811513602733612,
                        0.1496598720550537,
                        0.2827557325363159
                    ],
                    [
                        0.8971138000488281,
                        1.27163565158844,
                        0.9604625105857849,
                        0.8612810373306274,
                        0.7760421633720398,
                        0.8981544375419617,
                        0.9473263621330261,
                        1.1156164407730103,
                        0.8994582891464233,
                        0.8030920028686523,
                        0.9186851978302002,
                        0.9184896945953369,
                        0.8645471930503845,
                        0.7571648955345154,
                        0.6826586127281189,
                        0.6679599285125732,
                        0.8455841541290283,
                        0.8516110181808472,
                        0.976032018661499,
                        1.0254108905792236
                    ],
                    [
                        1.3413465023040771,
                        1.6387102603912354,
                        1.740723729133606,
                        1.5053225755691528,
                        1.3475648164749146,
                        1.5180540084838867,
                        1.3817757368087769,
                        1.1994104385375977,
                        1.3602755069732666,
                        1.3742707967758179,
                        1.28815758228302,
                        1.3041969537734985,
                        1.506497859954834,
                        1.4798227548599243,
                        1.3262385129928589,
                        1.282497763633728,
                        1.3355416059494019,
                        1.3708821535110474,
                        1.405551791191101,
                        1.4327280521392822
                    ],
                    [
                        -2.0524404048919678,
                        -2.44710111618042,
                        -2.271775007247925,
                        -2.5413875579833984,
                        -2.2412960529327393,
                        -2.5010716915130615,
                        -2.253053903579712,
                        -1.8947656154632568,
                        -2.113839864730835,
                        -2.1011879444122314,
                        -2.1236276626586914,
                        -2.2625889778137207,
                        -2.476402759552002,
                        -2.227454662322998,
                        -2.162400245666504,
                        -2.129683494567871,
                        -2.030984878540039,
                        -2.0766658782958984,
                        -2.1381454467773438,
                        -2.1117377281188965
                    ]
                ]
            ],
            "states": [
                [
                    [
                        5057864.0,
                        2.556295476097148e-05,
                        0.00012937834253534675,
                        777561.25
                    ],
                    [
                        5348912.0,
                        2.480310831742827e-05,
                        0.00013201982073951513,
                        791966.9375
                    ],
                    [
                        5101304.0,
                        2.4083872631308623e-05,
                        0.00013791865785606205,
                        790369.0625
                    ],
                    [
                        5538600.0,
                        2.3393640731228516e-05,
                        0.00014453318726737052,
                        780343.4375
                    ],
                    [
                        5412624.0,
                        2.272302663186565e-05,
                        0.00014699026360176504,
                        758450.9375
                    ],
                    [
                        5321400.0,
                        2.2102101866039447e-05,
                        0.00016071676509454846,
                        845866.875
                    ],
                    [
                        5683400.0,
                        2.1499938156921417e-05,
                        0.00016249381587840617,
                        821531.0
                    ],
                    [
                        5282304.0,
                        2.0931340259267017e-05,
                        0.0001488575799157843,
                        840709.875
                    ],
                    [
                        5545840.0,
                        2.0398911146912724e-05,
                        0.00016087492986116558,
                        823198.9375
                    ],
                    [
                        5474888.0,
                        1.9883997083525173e-05,
                        0.00016716374375391752,
                        838579.125
                    ],
                    [
                        5364840.0,
                        1.9402330508455634e-05,
                        0.00019032474665436894,
                        800380.6875
                    ],
                    [
                        5569008.0,
                        1.8939608708024025e-05,
                        0.00018542619363870472,
                        823891.875
                    ],
                    [
                        5332984.0,
                        1.849955879151821e-05,
                        0.000198170033399947,
                        846311.4375
                    ],
                    [
                        5224384.0,
                        1.8092512618750334e-05,
                        0.0001916241308208555,
                        900435.5625
                    ],
                    [
                        5133160.0,
                        1.771021015883889e-05,
                        0.0002063407882815227,
                        866428.5625
                    ],
                    [
                        5361944.0,
                        1.733909812173806e-05,
                        0.00023895764024928212,
                        862112.4375
                    ],
                    [
                        5535704.0,
                        1.6969803255051374e-05,
                        0.00025051896227523685,
                        868913.125
                    ],
                    [
                        5189632.0,
                        1.662127579038497e-05,
                        0.0002676467993296683,
                        810234.1875
                    ],
                    [
                        5453168.0,
                        1.6289424820570275e-05,
                        0.0002700872428249568,
                        842694.5
                    ],
                    [
                        5334432.0,
                        1.5966239516274072e-05,
                        0.0002660537720657885,
                        825795.9375
                    ]
                ]
            ],
            "actions": [
                [
                    [
                        0.75
                    ],
                    [
                        0.75
                    ],
                    [
                        0.75
                    ],
                    [
                        0.75
                    ],
                    [
                        0.75
                    ],
                    [
                        0.75
                    ],
                    [
                        0.75
                    ],
                    [
                        0.75
                    ],
                    [
                        0.75
                    ],
                    [
                        0.75
                    ],
                    [
                        0.75
                    ],
                    [
                        0.75
                    ],
                    [
                        0.75
                    ],
                    [
                        0.75
                    ],
                    [
                        0.75
                    ],
                    [
                        0.75
                    ],
                    [
                        0.75
                    ],
                    [
                        0.75
                    ],
                    [
                        0.75
                    ],
                    [
                        0.75
                    ]
                ]
            ],
            "returns": [
                [
                    [
                        0.5615583062171936
                    ],
                    [
                        0.5606297850608826
                    ],
                    [
                        0.5596962571144104
                    ],
                    [
                        0.5587669014930725
                    ],
                    [
                        0.557830274105072
                    ],
                    [
                        0.5568956732749939
                    ],
                    [
                        0.5559626221656799
                    ],
                    [
                        0.555023729801178
                    ],
                    [
                        0.5540912747383118
                    ],
                    [
                        0.5531545877456665
                    ],
                    [
                        0.5522189736366272
                    ],
                    [
                        0.5512851476669312
                    ],
                    [
                        0.5503480434417725
                    ],
                    [
                        0.5494148135185242
                    ],
                    [
                        0.5484833717346191
                    ],
                    [
                        0.5475534796714783
                    ],
                    [
                        0.546619713306427
                    ],
                    [
                        0.5456831455230713
                    ],
                    [
                        0.544752299785614
                    ],
                    [
                        0.5438170433044434
                    ]
                ]
            ],
            "timesteps": [
                [
                    20,
                    21,
                    22,
                    23,
                    24,
                    25,
                    26,
                    27,
                    28,
                    29,
                    30,
                    31,
                    32,
                    33,
                    34,
                    35,
                    36,
                    37,
                    38,
                    39
                ]
            ],
            "labels": [
                [
                    2,
                    2,
                    2,
                    2,
                    2,
                    2,
                    2,
                    2,
                    2,
                    2,
                    2,
                    2,
                    2,
                    2,
                    2,
                    2,
                    2,
                    2,
                    2,
                    2
                ]
            ],
            "CPU Usage": 46.7,
            "RAM Usage": 55.0,
            "GPU Usage": 0.0,
            "VRAM Usage": 355.0,
            "Disk Read Speed (MB/s)": 206568.8369140625,
            "Disk Write Speed (MB/s)": 397667.2041015625
        },
        {
            "step": 2,
            "train_loss": 0.05484049767255783,
            "actions_pred1": [
                [
                    [
                        0.2799714207649231,
                        0.619717538356781,
                        1.3556474447250366,
                        -1.7393556833267212
                    ],
                    [
                        0.35242441296577454,
                        0.8119643330574036,
                        1.3186969757080078,
                        -1.5725350379943848
                    ],
                    [
                        0.29912543296813965,
                        0.7689675092697144,
                        1.0407938957214355,
                        -1.4111319780349731
                    ],
                    [
                        0.28641366958618164,
                        0.7623445391654968,
                        1.0290806293487549,
                        -1.4799753427505493
                    ],
                    [
                        0.39078736305236816,
                        0.6999201774597168,
                        1.2571775913238525,
                        -1.7316292524337769
                    ],
                    [
                        0.3328667879104614,
                        0.7214967012405396,
                        1.4232184886932373,
                        -1.7026537656784058
                    ],
                    [
                        0.27715981006622314,
                        0.6641907691955566,
                        1.5074645280838013,
                        -1.7533276081085205
                    ],
                    [
                        0.09027227759361267,
                        0.6841960549354553,
                        1.4759330749511719,
                        -1.8122940063476562
                    ],
                    [
                        0.213260680437088,
                        0.73844313621521,
                        1.5945944786071777,
                        -1.7998762130737305
                    ],
                    [
                        0.20640404522418976,
                        0.7126243710517883,
                        1.7004727125167847,
                        -1.7953258752822876
                    ],
                    [
                        0.17467378079891205,
                        0.7073498368263245,
                        1.6270807981491089,
                        -1.835709571838379
                    ],
                    [
                        0.49438947439193726,
                        0.49769166111946106,
                        1.6422773599624634,
                        -1.9400453567504883
                    ],
                    [
                        0.3386276364326477,
                        0.5016264319419861,
                        1.5887197256088257,
                        -1.7730060815811157
                    ],
                    [
                        0.33037590980529785,
                        0.43834125995635986,
                        1.4885004758834839,
                        -1.8730401992797852
                    ],
                    [
                        0.39613139629364014,
                        0.5628607869148254,
                        1.4707837104797363,
                        -1.8253512382507324
                    ],
                    [
                        0.36450618505477905,
                        0.588170051574707,
                        1.541275143623352,
                        -1.9162545204162598
                    ],
                    [
                        0.2882134020328522,
                        0.7180934548377991,
                        1.6041203737258911,
                        -1.9584816694259644
                    ],
                    [
                        0.31714922189712524,
                        0.7121449708938599,
                        1.538034200668335,
                        -1.8014848232269287
                    ],
                    [
                        0.3222425580024719,
                        0.6526214480400085,
                        1.5727766752243042,
                        -1.8406906127929688
                    ],
                    [
                        0.3243115544319153,
                        0.5170475840568542,
                        1.5431504249572754,
                        -1.770479440689087
                    ]
                ]
            ],
            "actions_pred": [
                [
                    [
                        0.2799714207649231,
                        0.35242441296577454,
                        0.29912543296813965,
                        0.28641366958618164,
                        0.39078736305236816,
                        0.3328667879104614,
                        0.27715981006622314,
                        0.09027227759361267,
                        0.213260680437088,
                        0.20640404522418976,
                        0.17467378079891205,
