{
    "steps": [
        {
            "step": 0,
            "train_loss": 0.03948690742254257,
            "actions_pred1": [
                [
                    [
                        0.8258322477340698,
                        0.26035940647125244,
                        0.3912442624568939,
                        -0.494973361492157
                    ],
                    [
                        0.9612579345703125,
                        0.153157576918602,
                        0.4215467870235443,
                        -0.48159971833229065
                    ],
                    [
                        0.7354003190994263,
                        0.3307778239250183,
                        0.37042075395584106,
                        -0.5577056407928467
                    ],
                    [
                        0.5385255813598633,
                        0.37451398372650146,
                        0.40781304240226746,
                        -0.6137839555740356
                    ],
                    [
                        0.5781420469284058,
                        0.38956424593925476,
                        0.4285356402397156,
                        -0.6600164175033569
                    ],
                    [
                        0.5451715588569641,
                        0.36786484718322754,
                        0.46329188346862793,
                        -0.8134965300559998
                    ],
                    [
                        0.5358926057815552,
                        0.422929584980011,
                        0.48804593086242676,
                        -0.7490112781524658
                    ],
                    [
                        0.45404040813446045,
                        0.32696419954299927,
                        0.25973403453826904,
                        -0.6710904240608215
                    ],
                    [
                        0.45266568660736084,
                        0.30707812309265137,
                        0.2710917592048645,
                        -0.6659101843833923
                    ],
                    [
                        0.5022065043449402,
                        0.3897722363471985,
                        0.32147184014320374,
                        -0.5946156978607178
                    ],
                    [
                        0.5740890502929688,
                        0.4195334017276764,
                        0.33210402727127075,
                        -0.5203542709350586
                    ],
                    [
                        0.5321640372276306,
                        0.4623972773551941,
                        0.38075464963912964,
                        -0.49955660104751587
                    ],
                    [
                        0.4546544551849365,
                        0.42659300565719604,
                        0.2761019766330719,
                        -0.5281025171279907
                    ],
                    [
                        0.3064318299293518,
                        0.5065401792526245,
                        0.39643630385398865,
                        -0.48683011531829834
                    ],
                    [
                        0.35588163137435913,
                        0.37847641110420227,
                        0.45668303966522217,
                        -0.791700005531311
                    ],
                    [
                        0.3258296251296997,
                        0.3845689296722412,
                        0.5101425051689148,
                        -0.725167453289032
                    ],
                    [
                        0.3577900528907776,
                        0.42317694425582886,
                        0.6017667055130005,
                        -0.76568603515625
                    ],
                    [
                        0.4589346647262573,
                        0.46497002243995667,
                        0.624158501625061,
                        -0.705025851726532
                    ],
                    [
                        0.47449952363967896,
                        0.48871248960494995,
                        0.3495212197303772,
                        -0.6730255484580994
                    ],
                    [
                        0.3727215826511383,
                        0.49276453256607056,
                        0.41407936811447144,
                        -0.6660177707672119
                    ]
                ]
            ],
            "actions_pred": [
                [
                    [
                        0.8258322477340698,
                        0.9612579345703125,
                        0.7354003190994263,
                        0.5385255813598633,
                        0.5781420469284058,
                        0.5451715588569641,
                        0.5358926057815552,
                        0.45404040813446045,
                        0.45266568660736084,
                        0.5022065043449402,
                        0.5740890502929688,
                        0.5321640372276306,
                        0.4546544551849365,
                        0.3064318299293518,
                        0.35588163137435913,
                        0.3258296251296997,
                        0.3577900528907776,
                        0.4589346647262573,
                        0.47449952363967896,
                        0.3727215826511383
                    ],
                    [
                        0.26035940647125244,
                        0.153157576918602,
                        0.3307778239250183,
                        0.37451398372650146,
                        0.38956424593925476,
                        0.36786484718322754,
                        0.422929584980011,
                        0.32696419954299927,
                        0.30707812309265137,
                        0.3897722363471985,
                        0.4195334017276764,
                        0.4623972773551941,
                        0.42659300565719604,
                        0.5065401792526245,
                        0.37847641110420227,
                        0.3845689296722412,
                        0.42317694425582886,
                        0.46497002243995667,
                        0.48871248960494995,
                        0.49276453256607056
                    ],
                    [
                        0.3912442624568939,
                        0.4215467870235443,
                        0.37042075395584106,
                        0.40781304240226746,
                        0.4285356402397156,
                        0.46329188346862793,
                        0.48804593086242676,
                        0.25973403453826904,
                        0.2710917592048645,
                        0.32147184014320374,
                        0.33210402727127075,
                        0.38075464963912964,
                        0.2761019766330719,
                        0.39643630385398865,
                        0.45668303966522217,
                        0.5101425051689148,
                        0.6017667055130005,
                        0.624158501625061,
                        0.3495212197303772,
                        0.41407936811447144
                    ],
                    [
                        -0.494973361492157,
                        -0.48159971833229065,
                        -0.5577056407928467,
                        -0.6137839555740356,
                        -0.6600164175033569,
                        -0.8134965300559998,
                        -0.7490112781524658,
                        -0.6710904240608215,
                        -0.6659101843833923,
                        -0.5946156978607178,
                        -0.5203542709350586,
                        -0.49955660104751587,
                        -0.5281025171279907,
                        -0.48683011531829834,
                        -0.791700005531311,
                        -0.725167453289032,
                        -0.76568603515625,
                        -0.705025851726532,
                        -0.6730255484580994,
                        -0.6660177707672119
                    ]
                ]
            ],
            "states": [
                [
                    [
                        4019648.0,
                        3.81172176275868e-05,
                        0.00027542549651116133,
                        604074.25
                    ],
                    [
                        3591040.0,
                        3.7697544030379504e-05,
                        0.00025879128952510655,
                        645691.25
                    ],
                    [
                        4225264.0,
                        3.727625517058186e-05,
                        0.0002528103068470955,
                        514911.09375
                    ],
                    [
                        4439568.0,
                        3.6820012610405684e-05,
                        0.00020026147831231356,
                        552938.5
                    ],
                    [
                        5228728.0,
                        3.6324065149528906e-05,
                        0.00022364039614330977,
                        577892.375
                    ],
                    [
                        5965760.0,
                        3.5766250221058726e-05,
                        0.0002323320077266544,
                        503764.8125
                    ],
                    [
                        6114904.0,
                        3.518302401062101e-05,
                        0.00023472661268897355,
                        508360.15625
                    ],
                    [
                        5644304.0,
                        3.463315078988671e-05,
                        0.00024062122975010425,
                        571257.3125
                    ],
                    [
                        5870192.0,
                        3.411128273000941e-05,
                        0.0001874879380920902,
                        547187.9375
                    ],
                    [
                        5618240.0,
                        3.360593836987391e-05,
                        0.00025532711879350245,
                        590262.375
                    ],
                    [
                        6352376.0,
                        3.3095278922701254e-05,
                        0.0002452299522701651,
                        574275.5
                    ],
                    [
                        5702224.0,
                        3.259619916207157e-05,
                        0.00023082415282260627,
                        543057.75
                    ],
                    [
                        7646888.0,
                        3.206136170774698e-05,
                        0.00026125748991034925,
                        526472.875
                    ],
                    [
                        5964312.0,
                        3.153302532155067e-05,
                        0.00024003862927202135,
                        536332.125
                    ],
                    [
                        5580592.0,
                        3.109858516836539e-05,
                        0.00019315553072374314,
                        564225.875
                    ],
                    [
                        6007752.0,
                        3.0674520530737936e-05,
                        0.00022412248654291034,
                        547189.8125
                    ],
                    [
                        4469976.0,
                        3.0300650905701332e-05,
                        0.00023788119142409414,
                        655379.0
                    ],
                    [
                        3631584.0,
                        3.0017836252227426e-05,
                        0.0002484873402863741,
                        709152.875
                    ],
                    [
                        3940008.0,
                        2.9758366508758627e-05,
                        0.00025739934062585235,
                        659045.125
                    ],
                    [
                        3424520.0,
                        2.951018359453883e-05,
                        0.00019004895875696093,
                        668658.9375
                    ]
                ]
            ],
            "actions": [
                [
                    [
                        0.5
                    ],
                    [
                        0.5
                    ],
                    [
                        0.5
                    ],
                    [
                        0.5
                    ],
                    [
                        0.5
                    ],
                    [
                        0.5
                    ],
                    [
                        0.5
                    ],
                    [
                        0.5
                    ],
                    [
                        0.5
                    ],
                    [
                        0.5
                    ],
                    [
                        0.5
                    ],
                    [
                        0.5
                    ],
                    [
                        0.5
                    ],
                    [
                        0.5
                    ],
                    [
                        0.5
                    ],
                    [
                        0.5
                    ],
                    [
                        0.5
                    ],
                    [
                        0.5
                    ],
                    [
                        0.5
                    ],
                    [
                        0.5
                    ]
                ]
            ],
            "returns": [
                [
                    [
                        0.13405705988407135
                    ],
                    [
                        0.13314884901046753
                    ],
                    [
                        0.13225065171718597
                    ],
                    [
                        0.13133801519870758
                    ],
                    [
                        0.1304210126399994
                    ],
                    [
                        0.1294894963502884
                    ],
                    [
                        0.12854628264904022
                    ],
                    [
                        0.12760089337825775
                    ],
                    [
                        0.12666259706020355
                    ],
                    [
                        0.12572081387043
                    ],
                    [
                        0.12478292733430862
                    ],
                    [
                        0.12383415549993515
                    ],
                    [
                        0.12289495021104813
                    ],
                    [
                        0.12192973494529724
                    ],
                    [
                        0.12098655104637146
                    ],
                    [
                        0.12004926055669785
                    ],
                    [
                        0.11910542845726013
                    ],
                    [
                        0.118187814950943
                    ],
                    [
                        0.11728861182928085
                    ],
                    [
                        0.1163821816444397
                    ]
                ]
            ],
            "timesteps": [
                [
                    480,
                    481,
                    482,
                    483,
                    484,
                    485,
                    486,
                    487,
                    488,
                    489,
                    490,
                    491,
                    492,
                    493,
                    494,
                    495,
                    496,
                    497,
                    498,
                    499
                ]
            ],
            "labels": [
                [
                    1,
                    1,
                    1,
                    1,
                    1,
                    1,
                    1,
                    1,
                    1,
                    1,
                    1,
                    1,
                    1,
                    1,
                    1,
                    1,
                    1,
                    1,
                    1,
                    1
                ]
            ],
            "CPU Usage": 45.2,
            "RAM Usage": 55.1,
            "GPU Usage": 0.0,
            "VRAM Usage": 355.0,
            "Disk Read Speed (MB/s)": 206066.2626953125,
            "Disk Write Speed (MB/s)": 366443.7587890625
        },
        {
            "step": 1,
            "train_loss": 0.044492848217487335,
            "actions_pred1": [
                [
                    [
                        0.6473351716995239,
                        -0.031785622239112854,
                        0.7542595863342285,
                        -0.2477257251739502
                    ],
                    [
                        0.6917281150817871,
                        0.14747510850429535,
                        0.7360244989395142,
                        -0.42002981901168823
                    ],
                    [
                        0.6023475527763367,
                        0.3030965030193329,
                        0.7044661641120911,
                        -0.602117657661438
                    ],
                    [
                        0.595116913318634,
                        0.3321651816368103,
                        0.7997102737426758,
                        -0.6000480055809021
                    ],
                    [
                        0.5293654203414917,
                        0.3230912387371063,
                        0.7011517286300659,
                        -0.39332836866378784
                    ],
                    [
                        0.5726875066757202,
                        0.38764679431915283,
                        0.771510899066925,
                        -0.3451956510543823
                    ],
                    [
                        0.5616952776908875,
                        0.26531657576560974,
                        0.733081042766571,
                        -0.3234109878540039
                    ],
                    [
                        0.4252654016017914,
                        0.28304004669189453,
                        0.8711594939231873,
                        -0.41800716519355774
                    ],
                    [
                        0.37337037920951843,
                        0.36095428466796875,
                        0.9197567701339722,
                        -0.4386756420135498
                    ],
                    [
                        0.3782671391963959,
                        0.28145748376846313,
                        0.8033300638198853,
                        -0.36120057106018066
                    ],
                    [
                        0.3104775547981262,
                        0.36800146102905273,
                        0.8700358271598816,
                        -0.4628111720085144
                    ],
                    [
                        0.4529104232788086,
                        0.39991533756256104,
                        0.9757876396179199,
                        -0.191639244556427
                    ],
                    [
                        0.4797303080558777,
                        0.38098233938217163,
                        0.9268496036529541,
                        -0.5288242101669312
                    ],
                    [
                        0.3677977919578552,
                        0.39029479026794434,
                        0.9358895421028137,
                        -0.40611064434051514
                    ],
                    [
                        0.36068692803382874,
                        0.4153825044631958,
                        0.9856202602386475,
                        -0.3917528986930847
                    ],
                    [
                        0.4440154433250427,
                        0.4211662709712982,
                        0.98832768201828,
                        -0.3038575053215027
                    ],
                    [
                        0.3819308280944824,
                        0.36566221714019775,
                        0.964759349822998,
                        -0.2978423833847046
                    ],
                    [
                        0.25493323802948,
                        0.32567816972732544,
                        0.8214094042778015,
                        -0.31176871061325073
                    ],
                    [
                        0.39634111523628235,
                        0.23639434576034546,
                        0.7977920770645142,
                        -0.25299540162086487
                    ],
                    [
                        0.278419554233551,
                        0.3118749260902405,
                        0.8721240758895874,
                        -0.30860447883605957
                    ]
                ]
            ],
            "actions_pred": [
                [
                    [
                        0.6473351716995239,
                        0.6917281150817871,
                        0.6023475527763367,
                        0.595116913318634,
                        0.5293654203414917,
                        0.5726875066757202,
                        0.5616952776908875,
                        0.4252654016017914,
                        0.37337037920951843,
                        0.3782671391963959,
                        0.3104775547981262,
                        0.4529104232788086,
                        0.4797303080558777,
                        0.3677977919578552,
                        0.36068692803382874,
                        0.4440154433250427,
                        0.3819308280944824,
                        0.25493323802948,
                        0.39634111523628235,
                        0.278419554233551
                    ],
                    [
                        -0.031785622239112854,
                        0.14747510850429535,
                        0.3030965030193329,
                        0.3321651816368103,
                        0.3230912387371063,
                        0.38764679431915283,
                        0.26531657576560974,
                        0.28304004669189453,
                        0.36095428466796875,
                        0.28145748376846313,
                        0.36800146102905273,
                        0.39991533756256104,
                        0.38098233938217163,
                        0.39029479026794434,
                        0.4153825044631958,
                        0.4211662709712982,
                        0.36566221714019775,
                        0.32567816972732544,
                        0.23639434576034546,
                        0.3118749260902405
                    ],
                    [
                        0.7542595863342285,
                        0.7360244989395142,
                        0.7044661641120911,
                        0.7997102737426758,
                        0.7011517286300659,
                        0.771510899066925,
                        0.733081042766571,
                        0.8711594939231873,
                        0.9197567701339722,
                        0.8033300638198853,
                        0.8700358271598816,
                        0.9757876396179199,
                        0.9268496036529541,
                        0.9358895421028137,
                        0.9856202602386475,
                        0.98832768201828,
                        0.964759349822998,
                        0.8214094042778015,
                        0.7977920770645142,
                        0.8721240758895874
                    ],
                    [
                        -0.2477257251739502,
                        -0.42002981901168823,
                        -0.602117657661438,
                        -0.6000480055809021,
                        -0.39332836866378784,
                        -0.3451956510543823,
                        -0.3234109878540039,
                        -0.41800716519355774,
                        -0.4386756420135498,
                        -0.36120057106018066,
                        -0.4628111720085144,
                        -0.191639244556427,
                        -0.5288242101669312,
                        -0.40611064434051514,
                        -0.3917528986930847,
                        -0.3038575053215027,
                        -0.2978423833847046,
                        -0.31176871061325073,
                        -0.25299540162086487,
                        -0.30860447883605957
                    ]
                ]
            ],
            "states": [
                [
                    [
                        4843560.0,
                        2.424415470159147e-05,
                        0.00033060877467505634,
                        578357.375
                    ],
                    [
                        5799240.0,
                        2.295832928211894e-05,
                        0.0031183171086013317,
                        515791.3125
                    ],
                    [
                        4623464.0,
                        2.2749398340238258e-05,
                        0.0025027666706591845,
                        635101.375
                    ],
                    [
                        4743648.0,
                        2.2564916434930637e-05,
                        0.0014389286516234279,
                        594770.9375
                    ],
                    [
                        2644227.0,
                        0.009791561402380466,
                        0.003044134471565485,
                        425038.1875
                    ],
                    [
                        9469920.0,
                        0.0006961323670111597,
                        0.00288664479739964,
                        440941.21875
                    ],
                    [
                        5718152.0,
                        0.00029342120978981256,
                        0.0027106136549264193,
                        528296.5625
                    ],
                    [
                        2943784.0,
                        0.00022529042325913906,
                        0.0027518118731677532,
                        461782.90625
                    ],
                    [
                        1387184.0,
                        0.0002022606786340475,
                        0.0026009255088865757,
                        650753.875
                    ],
                    [
                        490872.0,
                        0.00019373110262677073,
                        0.002423960482701659,
                        624566.0
                    ],
                    [
                        260640.0,
                        0.00019053270807489753,
                        0.002274049213156104,
                        567144.625
                    ],
                    [
                        201272.0,
                        0.00018862112483475357,
                        0.0023237415589392185,
                        604014.4375
                    ],
                    [
                        152040.0,
                        0.00018718479259405285,
                        0.0021793735213577747,
                        487596.375
                    ],
                    [
                        117288.0,
                        0.00018610460392665118,
                        0.002523052040487528,
                        579471.3125
                    ],
                    [
                        123080.0,
                        0.0001851513225119561,
                        0.002231767401099205,
                        401703.1875
                    ],
                    [
                        70952.0,
                        0.00018438858387526125,
                        0.0032643231097608805,
                        840606.75
                    ],
                    [
                        131768.0,
                        0.0001835990115068853,
                        0.0020812072325497866,
                        190522.296875
                    ],
                    [
                        144800.0,
                        0.00018253228336106986,
                        0.0015903349267318845,
                        318817.125
                    ],
                    [
                        173760.0,
                        0.0001813189737731591,
                        0.0016534600872546434,
                        316928.125
                    ],
                    [
                        181000.0,
                        0.0001799864403437823,
                        0.0014106292510405183,
                        219901.125
                    ]
                ]
            ],
            "actions": [
                [
                    [
                        0.5
                    ],
                    [
                        0.5
                    ],
                    [
                        0.5
                    ],
                    [
                        0.5
                    ],
                    [
                        0.25
                    ],
                    [
                        0.25
                    ],
                    [
                        0.25
                    ],
                    [
                        0.25
                    ],
                    [
                        0.25
                    ],
                    [
                        0.25
                    ],
                    [
                        0.25
                    ],
                    [
                        0.25
                    ],
                    [
                        0.25
                    ],
                    [
                        0.25
                    ],
                    [
                        0.25
                    ],
                    [
                        0.25
                    ],
                    [
                        0.25
                    ],
                    [
                        0.25
                    ],
                    [
                        0.25
                    ],
                    [
                        0.25
                    ]
                ]
            ],
            "returns": [
                [
                    [
                        0.09717193245887756
                    ],
                    [
                        0.09624720364809036
                    ],
                    [
                        0.09530650824308395
                    ],
                    [
                        0.09438589215278625
                    ],
                    [
                        0.09346301108598709
                    ],
                    [
                        0.09259194135665894
                    ],
                    [
                        0.09160776436328888
                    ],
                    [
                        0.09066831320524216
                    ],
                    [
                        0.08978772908449173
                    ],
                    [
                        0.08897385746240616
                    ],
                    [
                        0.08825208246707916
                    ],
                    [
                        0.0875864326953888
                    ],
                    [
                        0.08694369345903397
                    ],
                    [
                        0.08632583171129227
                    ],
                    [
                        0.08573097735643387
                    ],
                    [
                        0.08513184636831284
                    ],
                    [
                        0.08458154648542404
                    ],
                    [
                        0.0839763730764389
                    ],
                    [
                        0.08336283266544342
                    ],
                    [
                        0.08273313194513321
                    ]
                ]
            ],
            "timesteps": [
                [
                    520,
                    521,
                    522,
                    523,
                    524,
                    525,
                    526,
                    527,
                    528,
                    529,
                    530,
                    531,
                    532,
                    533,
                    534,
                    535,
                    536,
                    537,
                    538,
                    539
                ]
            ],
            "labels": [
                [
                    1,
                    1,
                    1,
                    1,
                    0,
                    0,
                    0,
                    0,
                    0,
                    0,
                    0,
                    0,
                    0,
                    0,
                    0,
                    0,
                    0,
                    0,
                    0,
                    0
                ]
            ],
            "CPU Usage": 46.7,
            "RAM Usage": 55.3,
            "GPU Usage": 0.0,
            "VRAM Usage": 355.0,
            "Disk Read Speed (MB/s)": 206066.2626953125,
            "Disk Write Speed (MB/s)": 366443.8056640625
        },
        {
            "step": 2,
            "train_loss": 0.0363275520503521,
            "actions_pred1": [
                [
                    [
                        0.45997029542922974,
                        0.03397032618522644,
                        0.23997031152248383,
                        -0.2787935733795166
                    ],
                    [
                        0.25692856311798096,
                        0.17396561801433563,
                        0.27703845500946045,
                        -0.349609911441803
                    ],
                    [
                        0.2374635636806488,
                        0.16179314255714417,
                        0.3640890121459961,
                        -0.35660025477409363
                    ],
                    [
                        0.2226094752550125,
                        0.19326956570148468,
                        0.465389609336853,
                        -0.3536829948425293
                    ],
                    [
                        0.3409574031829834,
                        0.2673487067222595,
                        0.4667915105819702,
                        -0.3839958906173706
                    ],
                    [
                        0.1722799837589264,
                        0.2771422266960144,
                        0.4123304486274719,
                        -0.44497454166412354
                    ],
                    [
                        0.00627666711807251,
                        0.2980855405330658,
                        0.45547622442245483,
                        -0.5449432134628296
                    ],
                    [
                        0.056619107723236084,
                        0.2655414044857025,
                        0.4803314208984375,
                        -0.5881509780883789
                    ],
                    [
                        0.12967002391815186,
                        0.24635931849479675,
                        0.308671236038208,
                        -0.6906678676605225
                    ],
                    [
                        0.149179607629776,
                        0.2611159682273865,
                        0.3036149740219116,
                        -0.7112690210342407
                    ],
                    [
                        0.1634727120399475,
                        0.2513912320137024,
                        0.4353484511375427,
                        -0.6395608186721802
                    ],
                    [
                        0.19338537752628326,
                        0.2280588150024414,
                        0.3750009536743164,
                        -0.6635525226593018
                    ],
                    [
                        0.1559309959411621,
                        0.28605031967163086,
                        0.49182888865470886,
                        -0.5830730199813843
                    ],
                    [
                        0.11426246166229248,
                        0.3932461738586426,
                        0.5911138653755188,
                        -0.6562299728393555
                    ],
                    [
                        0.15194207429885864,
                        0.41465961933135986,
                        0.5420037508010864,
                        -0.6760315895080566
                    ],
                    [
                        0.12438546121120453,
                        0.35308030247688293,
                        0.55434250831604,
                        -0.767310380935669
                    ],
                    [
                        -0.09204955399036407,
                        0.34340232610702515,
                        0.6247195601463318,
                        -0.9508301019668579
                    ],
                    [
                        0.0943068265914917,
                        0.40901559591293335,
                        0.5932567715644836,
                        -0.806552529335022
                    ],
                    [
                        0.07037870585918427,
                        0.3512634336948395,
                        0.41985681653022766,
                        -0.7382480502128601
                    ],
                    [
                        0.0715147852897644,
                        0.35369184613227844,
                        0.4541432857513428,
                        -0.7532937526702881
                    ]
                ]
            ],
            "actions_pred": [
                [
                    [
                        0.45997029542922974,
                        0.25692856311798096,
                        0.2374635636806488,
                        0.2226094752550125,
                        0.3409574031829834,
                        0.1722799837589264,
                        0.00627666711807251,
                        0.056619107723236084,
                        0.12967002391815186,
