{
    "steps": [
        {
            "step": 0,
            "train_loss": 0.038426440209150314,
            "actions_pred1": [
                [
                    [
                        0.08982253074645996,
                        -0.3284614086151123,
                        0.2891201972961426,
                        0.41506677865982056
                    ],
                    [
                        -0.1324477344751358,
                        -0.18899038434028625,
                        0.34097427129745483,
                        0.32757559418678284
                    ],
                    [
                        -0.1759975254535675,
                        -0.20581665635108948,
                        0.44328001141548157,
                        0.32585835456848145
                    ],
                    [
                        -0.20105762779712677,
                        -0.17613168060779572,
                        0.5563580989837646,
                        0.3295997977256775
                    ],
                    [
                        -0.08269353210926056,
                        -0.09130506217479706,
                        0.5693145990371704,
                        0.3008888065814972
                    ],
                    [
                        -0.26402318477630615,
                        -0.08784738183021545,
                        0.5136843919754028,
                        0.22382748126983643
                    ],
                    [
                        -0.46715641021728516,
                        -0.08445385098457336,
                        0.5570437908172607,
                        0.15548011660575867
                    ],
                    [
                        -0.43692779541015625,
                        -0.1051800549030304,
                        0.5716941356658936,
                        0.08599585294723511
                    ],
                    [
                        -0.3748556971549988,
                        -0.13857650756835938,
                        0.390072762966156,
                        0.007969260215759277
                    ],
                    [
                        -0.3151242733001709,
                        -0.13256388902664185,
                        0.3907981514930725,
                        -0.021061718463897705
                    ],
                    [
                        -0.30806800723075867,
                        -0.1251997947692871,
                        0.5371649265289307,
                        0.061184197664260864
                    ],
                    [
                        -0.270082950592041,
                        -0.13802170753479004,
                        0.46859100461006165,
                        0.050005555152893066
                    ],
                    [
                        -0.316486120223999,
                        -0.0875500813126564,
                        0.5785174369812012,
                        0.12539365887641907
                    ],
                    [
                        -0.33223244547843933,
                        0.014195777475833893,
                        0.6738009452819824,
                        0.041031867265701294
                    ],
                    [
                        -0.2954598069190979,
                        0.02794315665960312,
                        0.6370800733566284,
                        0.055766403675079346
                    ],
                    [
                        -0.34866827726364136,
                        -0.03474609553813934,
                        0.6420105695724487,
                        -0.034468263387680054
                    ],
                    [
                        -0.5643391013145447,
                        -0.059350185096263885,
                        0.7085025906562805,
                        -0.21017546951770782
                    ],
                    [
                        -0.3988560736179352,
                        0.02887171506881714,
                        0.6638637781143188,
                        -0.07434546947479248
                    ],
                    [
                        -0.4087311029434204,
                        -0.04410778731107712,
                        0.48029324412345886,
                        0.005656391382217407
                    ],
                    [
                        -0.43979352712631226,
                        -0.044694684445858,
                        0.49555703997612,
                        -0.004304081201553345
                    ]
                ]
            ],
            "actions_pred": [
                [
                    [
                        0.08982253074645996,
                        -0.1324477344751358,
                        -0.1759975254535675,
                        -0.20105762779712677,
                        -0.08269353210926056,
                        -0.26402318477630615,
                        -0.46715641021728516,
                        -0.43692779541015625,
                        -0.3748556971549988,
                        -0.3151242733001709,
                        -0.30806800723075867,
                        -0.270082950592041,
                        -0.316486120223999,
                        -0.33223244547843933,
                        -0.2954598069190979,
                        -0.34866827726364136,
                        -0.5643391013145447,
                        -0.3988560736179352,
                        -0.4087311029434204,
                        -0.43979352712631226
                    ],
                    [
                        -0.3284614086151123,
                        -0.18899038434028625,
                        -0.20581665635108948,
                        -0.17613168060779572,
                        -0.09130506217479706,
                        -0.08784738183021545,
                        -0.08445385098457336,
                        -0.1051800549030304,
                        -0.13857650756835938,
                        -0.13256388902664185,
                        -0.1251997947692871,
                        -0.13802170753479004,
                        -0.0875500813126564,
                        0.014195777475833893,
                        0.02794315665960312,
                        -0.03474609553813934,
                        -0.059350185096263885,
                        0.02887171506881714,
                        -0.04410778731107712,
                        -0.044694684445858
                    ],
                    [
                        0.2891201972961426,
                        0.34097427129745483,
                        0.44328001141548157,
                        0.5563580989837646,
                        0.5693145990371704,
                        0.5136843919754028,
                        0.5570437908172607,
                        0.5716941356658936,
                        0.390072762966156,
                        0.3907981514930725,
                        0.5371649265289307,
                        0.46859100461006165,
                        0.5785174369812012,
                        0.6738009452819824,
                        0.6370800733566284,
                        0.6420105695724487,
                        0.7085025906562805,
                        0.6638637781143188,
                        0.48029324412345886,
                        0.49555703997612
                    ],
                    [
                        0.41506677865982056,
                        0.32757559418678284,
                        0.32585835456848145,
                        0.3295997977256775,
                        0.3008888065814972,
                        0.22382748126983643,
                        0.15548011660575867,
                        0.08599585294723511,
                        0.007969260215759277,
                        -0.021061718463897705,
                        0.061184197664260864,
                        0.050005555152893066,
                        0.12539365887641907,
                        0.041031867265701294,
                        0.055766403675079346,
                        -0.034468263387680054,
                        -0.21017546951770782,
                        -0.07434546947479248,
                        0.005656391382217407,
                        -0.004304081201553345
                    ]
                ]
            ],
            "states": [
                [
                    [
                        5457512.0,
                        9.714517545944545e-06,
                        0.0004527103737927973,
                        552968.1875
                    ],
                    [
                        4474320.0,
                        9.607780157239176e-06,
                        0.00029970589093863964,
                        640429.75
                    ],
                    [
                        3226144.0,
                        9.52661685005296e-06,
                        0.00026218051789328456,
                        614909.3125
                    ],
                    [
                        4174584.0,
                        9.44995554164052e-06,
                        0.0002925366861745715,
                        607098.5
                    ],
                    [
                        4522104.0,
                        9.361412594444118e-06,
                        0.00028024095809087157,
                        568885.75
                    ],
                    [
                        2825048.0,
                        8.919517313188408e-06,
                        0.0001758198341121897,
                        690901.5625
                    ],
                    [
                        5196872.0,
                        8.846717719279695e-06,
                        0.00013516498438548297,
                        601105.3125
                    ],
                    [
                        7633856.0,
                        8.732715286896564e-06,
                        0.0001646996388444677,
                        547900.5625
                    ],
                    [
                        47963.0,
                        0.2136354148387909,
                        0.00027816780493594706,
                        871190.125
                    ],
                    [
                        608160.0,
                        0.027683094143867493,
                        0.00026209698989987373,
                        1030414.6875
                    ],
                    [
                        537208.0,
                        0.007899114862084389,
                        0.0002851165772881359,
                        949322.9375
                    ],
                    [
                        671872.0,
                        0.004755145870149136,
                        0.000267517170868814,
                        888587.6875
                    ],
                    [
                        858664.0,
                        0.003167606657370925,
                        0.00027258697082288563,
                        909664.5625
                    ],
                    [
                        877488.0,
                        0.0022909550461918116,
                        0.00027191461413167417,
                        989545.25
                    ],
                    [
                        1255416.0,
                        0.0017173178493976593,
                        0.00027577357832342386,
                        1043241.4375
                    ],
                    [
                        1436416.0,
                        0.0013016851153224707,
                        0.00027702987426891923,
                        939221.25
                    ],
                    [
                        1715880.0,
                        0.0010147599969059229,
                        0.0002779100905172527,
                        989890.625
                    ],
                    [
                        1867920.0,
                        0.0008108949987217784,
                        0.00026160795823670924,
                        1001348.25
                    ],
                    [
                        2189376.0,
                        0.0006609969423152506,
                        0.0002753763983491808,
                        969961.0625
                    ],
                    [
                        2552824.0,
                        0.000543545582331717,
                        0.0002731475979089737,
                        970656.1875
                    ]
                ]
            ],
            "actions": [
                [
                    [
                        0.5
                    ],
                    [
                        0.5
                    ],
                    [
                        0.5
                    ],
                    [
                        0.5
                    ],
                    [
                        0.5
                    ],
                    [
                        0.5
                    ],
                    [
                        0.5
                    ],
                    [
                        0.5
                    ],
                    [
                        0.75
                    ],
                    [
                        0.75
                    ],
                    [
                        0.75
                    ],
                    [
                        0.75
                    ],
                    [
                        0.75
                    ],
                    [
                        0.75
                    ],
                    [
                        0.75
                    ],
                    [
                        0.75
                    ],
                    [
                        0.75
                    ],
                    [
                        0.75
                    ],
                    [
                        0.75
                    ],
                    [
                        0.75
                    ]
                ]
            ],
            "returns": [
                [
                    [
                        0.39574772119522095
                    ],
                    [
                        0.3948124051094055
                    ],
                    [
                        0.3938947021961212
                    ],
                    [
                        0.39300599694252014
                    ],
                    [
                        0.3920944333076477
                    ],
                    [
                        0.3911758065223694
                    ],
                    [
                        0.39029887318611145
                    ],
                    [
                        0.38936787843704224
                    ],
                    [
                        0.3884028196334839
                    ],
                    [
                        0.38788723945617676
                    ],
                    [
                        0.3871464729309082
                    ],
                    [
                        0.3864167034626007
                    ],
                    [
                        0.385667085647583
                    ],
                    [
                        0.3848957419395447
                    ],
                    [
                        0.38412246108055115
                    ],
                    [
                        0.3833174407482147
                    ],
                    [
                        0.38250046968460083
                    ],
                    [
                        0.38166773319244385
                    ],
                    [
                        0.38082748651504517
                    ],
                    [
                        0.3799731433391571
                    ]
                ]
            ],
            "timesteps": [
                [
                    200,
                    201,
                    202,
                    203,
                    204,
                    205,
                    206,
                    207,
                    208,
                    209,
                    210,
                    211,
                    212,
                    213,
                    214,
                    215,
                    216,
                    217,
                    218,
                    219
                ]
            ],
            "labels": [
                [
                    1,
                    1,
                    1,
                    1,
                    1,
                    1,
                    1,
                    1,
                    2,
                    2,
                    2,
                    2,
                    2,
                    2,
                    2,
                    2,
                    2,
                    2,
                    2,
                    2
                ]
            ],
            "CPU Usage": 46.3,
            "RAM Usage": 55.4,
            "GPU Usage": 0.0,
            "VRAM Usage": 355.0,
            "Disk Read Speed (MB/s)": 206025.1845703125,
            "Disk Write Speed (MB/s)": 345455.2939453125
        },
        {
            "step": 1,
            "train_loss": 0.05621090531349182,
            "actions_pred1": [
                [
                    [
                        -0.17434221506118774,
                        -0.2960500121116638,
                        0.7359329462051392,
                        0.29940876364707947
                    ],
                    [
                        -0.27763989567756653,
                        -0.15734407305717468,
                        0.8175192475318909,
                        0.20617014169692993
                    ],
                    [
                        -0.3657706379890442,
                        -0.09648124873638153,
                        0.7241432666778564,
                        0.19738250970840454
                    ],
                    [
                        -0.1279100477695465,
                        -0.10735581815242767,
                        0.6558598279953003,
                        0.27751487493515015
                    ],
                    [
                        -0.12103449553251266,
                        -0.06455953419208527,
                        0.6968151330947876,
                        0.13362281024456024
                    ],
                    [
                        0.005307771265506744,
                        0.0391242653131485,
                        0.7377145886421204,
                        0.03190341591835022
                    ],
                    [
                        -0.029130756855010986,
                        0.1355910450220108,
                        0.7985610961914062,
                        0.07152128219604492
                    ],
                    [
                        -0.16334781050682068,
                        0.30309420824050903,
                        0.8091306686401367,
                        0.06701478362083435
                    ],
                    [
                        -0.18514128029346466,
                        0.15584322810173035,
                        0.8473833203315735,
                        0.19925141334533691
                    ],
                    [
                        -0.23322544991970062,
                        0.24021944403648376,
                        0.689315140247345,
                        0.22453710436820984
                    ],
                    [
                        -0.2226645052433014,
                        0.26088136434555054,
                        0.6191366314888,
                        0.12909051775932312
                    ],
                    [
                        -0.10267823934555054,
                        0.1556832194328308,
                        0.6142920255661011,
                        0.08209189772605896
                    ],
                    [
                        -0.15705040097236633,
                        0.14820200204849243,
                        0.7374529838562012,
                        0.11203807592391968
                    ],
                    [
                        -0.010606057941913605,
                        0.24142959713935852,
                        0.739984393119812,
                        0.17280259728431702
                    ],
                    [
                        -0.03830826282501221,
                        0.21824339032173157,
                        0.6782010793685913,
                        0.21016940474510193
                    ],
                    [
                        -0.035944849252700806,
                        0.19706769287586212,
                        0.7069838047027588,
                        0.1615128517150879
                    ],
                    [
                        -0.10405880957841873,
                        0.15358218550682068,
                        0.6815226078033447,
                        0.19167202711105347
                    ],
                    [
                        -0.3246013820171356,
                        0.11401573568582535,
                        0.5581515431404114,
                        0.18790805339813232
                    ],
                    [
                        -0.2158120572566986,
                        0.07931441068649292,
                        0.6236715316772461,
                        0.2764277756214142
                    ],
                    [
                        -0.12161435931921005,
                        0.23506848514080048,
                        0.6507819294929504,
                        0.21856990456581116
                    ]
                ]
            ],
            "actions_pred": [
                [
                    [
                        -0.17434221506118774,
                        -0.27763989567756653,
                        -0.3657706379890442,
                        -0.1279100477695465,
                        -0.12103449553251266,
                        0.005307771265506744,
                        -0.029130756855010986,
                        -0.16334781050682068,
                        -0.18514128029346466,
                        -0.23322544991970062,
                        -0.2226645052433014,
                        -0.10267823934555054,
                        -0.15705040097236633,
                        -0.010606057941913605,
                        -0.03830826282501221,
                        -0.035944849252700806,
                        -0.10405880957841873,
                        -0.3246013820171356,
                        -0.2158120572566986,
                        -0.12161435931921005
                    ],
                    [
                        -0.2960500121116638,
                        -0.15734407305717468,
                        -0.09648124873638153,
                        -0.10735581815242767,
                        -0.06455953419208527,
                        0.0391242653131485,
                        0.1355910450220108,
                        0.30309420824050903,
                        0.15584322810173035,
                        0.24021944403648376,
                        0.26088136434555054,
                        0.1556832194328308,
                        0.14820200204849243,
                        0.24142959713935852,
                        0.21824339032173157,
                        0.19706769287586212,
                        0.15358218550682068,
                        0.11401573568582535,
                        0.07931441068649292,
                        0.23506848514080048
                    ],
                    [
                        0.7359329462051392,
                        0.8175192475318909,
                        0.7241432666778564,
                        0.6558598279953003,
                        0.6968151330947876,
                        0.7377145886421204,
                        0.7985610961914062,
                        0.8091306686401367,
                        0.8473833203315735,
                        0.689315140247345,
                        0.6191366314888,
                        0.6142920255661011,
                        0.7374529838562012,
                        0.739984393119812,
                        0.6782010793685913,
                        0.7069838047027588,
                        0.6815226078033447,
                        0.5581515431404114,
                        0.6236715316772461,
                        0.6507819294929504
                    ],
                    [
                        0.29940876364707947,
                        0.20617014169692993,
                        0.19738250970840454,
                        0.27751487493515015,
                        0.13362281024456024,
                        0.03190341591835022,
                        0.07152128219604492,
                        0.06701478362083435,
                        0.19925141334533691,
                        0.22453710436820984,
                        0.12909051775932312,
                        0.08209189772605896,
                        0.11203807592391968,
                        0.17280259728431702,
                        0.21016940474510193,
                        0.1615128517150879,
                        0.19167202711105347,
                        0.18790805339813232,
                        0.2764277756214142,
                        0.21856990456581116
                    ]
                ]
            ],
            "states": [
                [
                    [
                        9174528.0,
                        1.5287421774701215e-05,
                        0.00015401413838844746,
                        462799.78125
                    ],
                    [
                        9721872.0,
                        1.4988291695772205e-05,
                        0.00014908269804436713,
                        471413.40625
                    ],
                    [
                        8650352.0,
                        1.4708337403135374e-05,
                        0.00013771618250757456,
                        476596.0
                    ],
                    [
                        9385704.0,
                        1.4443650798057206e-05,
                        0.000157010683324188,
                        448618.75
                    ],
                    [
                        9197696.0,
                        1.4180617654346861e-05,
                        0.00013674897491000593,
                        456343.53125
                    ],
                    [
                        9271544.0,
                        1.392852846038295e-05,
                        0.000155533998622559,
                        449987.3125
                    ],
                    [
                        8570712.0,
                        1.3693322216568049e-05,
                        0.00014997956168372184,
                        453578.0625
                    ],
                    [
                        9304848.0,
                        1.346561111859046e-05,
                        0.0001673756050877273,
                        435181.0625
                    ],
                    [
                        8921128.0,
                        1.3241030501376372e-05,
                        0.00015327449364122003,
                        460544.8125
                    ],
                    [
                        8646008.0,
                        1.303156568610575e-05,
                        0.00015547996736131608,
                        463163.09375
                    ],
                    [
                        8767640.0,
                        1.2830393643525895e-05,
                        0.00015675314352847636,
                        458172.0625
                    ],
                    [
                        8076944.0,
                        1.2641571629501414e-05,
                        0.00016837925068102777,
                        477030.90625
                    ],
                    [
                        8123280.0,
                        1.2465176951081958e-05,
                        0.00015461879957001656,
                        493767.40625
                    ],
                    [
                        8650352.0,
                        1.228769360750448e-05,
                        0.00016164440603461117,
                        451473.28125
                    ],
                    [
                        7982824.0,
                        1.211656035593478e-05,
                        0.00016790036170277745,
                        481186.15625
                    ],
                    [
                        7248688.0,
                        1.1963955330429599e-05,
                        0.00016397373110521585,
                        490311.46875
                    ],
                    [
                        7208144.0,
                        1.1822661690530367e-05,
                        0.00017705760546959937,
                        472943.71875
                    ],
                    [
                        7193664.0,
                        1.1685199751809705e-05,
                        0.000179134716745466,
                        469996.125
                    ],
                    [
                        6442152.0,
                        1.1557923244254198e-05,
                        0.00016420705651398748,
                        470480.40625
                    ],
                    [
                        6989496.0,
                        1.1435274245741311e-05,
                        0.00018320638628210872,
                        451753.78125
                    ]
                ]
            ],
            "actions": [
                [
                    [
                        0.25
                    ],
                    [
                        0.25
                    ],
                    [
                        0.25
                    ],
                    [
                        0.25
                    ],
                    [
                        0.25
                    ],
                    [
                        0.25
                    ],
                    [
                        0.25
                    ],
                    [
                        0.25
                    ],
                    [
                        0.25
                    ],
                    [
                        0.25
                    ],
                    [
                        0.25
                    ],
                    [
                        0.25
                    ],
                    [
                        0.25
                    ],
                    [
                        0.25
                    ],
                    [
                        0.25
                    ],
                    [
                        0.25
                    ],
                    [
                        0.25
                    ],
                    [
                        0.25
                    ],
                    [
                        0.25
                    ],
                    [
                        0.25
                    ]
                ]
            ],
            "returns": [
                [
                    [
                        0.2469175159931183
                    ],
                    [
                        0.24593615531921387
                    ],
                    [
                        0.24494965374469757
                    ],
                    [
                        0.2439734935760498
                    ],
                    [
                        0.24299012124538422
                    ],
                    [
                        0.2420085221529007
                    ],
                    [
                        0.24102622270584106
                    ],
                    [
                        0.24005089700222015
                    ],
                    [
                        0.23906828463077545
                    ],
                    [
                        0.2380893975496292
                    ],
                    [
                        0.23711329698562622
                    ],
                    [
                        0.23613594472408295
                    ],
                    [
                        0.23516587913036346
                    ],
                    [
                        0.2341953068971634
                    ],
                    [
                        0.23321916162967682
                    ],
                    [
                        0.2322501242160797
                    ],
                    [
                        0.23128965497016907
                    ],
                    [
                        0.23032966256141663
                    ],
                    [
                        0.2293698638677597
                    ],
                    [
                        0.22841985523700714
                    ]
                ]
            ],
            "timesteps": [
                [
                    360,
                    361,
                    362,
                    363,
                    364,
                    365,
                    366,
                    367,
                    368,
                    369,
                    370,
                    371,
                    372,
                    373,
                    374,
                    375,
                    376,
                    377,
                    378,
                    379
                ]
            ],
            "labels": [
                [
                    0,
                    0,
                    0,
                    0,
                    0,
                    0,
                    0,
                    0,
                    0,
                    0,
                    0,
                    0,
                    0,
                    0,
                    0,
                    0,
                    0,
                    0,
                    0,
                    0
                ]
            ],
            "CPU Usage": 46.6,
            "RAM Usage": 55.5,
            "GPU Usage": 0.0,
            "VRAM Usage": 355.0,
            "Disk Read Speed (MB/s)": 206025.1845703125,
            "Disk Write Speed (MB/s)": 345455.3408203125
        },
        {
            "step": 2,
            "train_loss": 0.037801194936037064,
            "actions_pred1": [
                [
                    [
                        -0.36655837297439575,
                        -0.42252305150032043,
                        0.7093949913978577,
                        0.13093231618404388
                    ],
                    [
                        -0.30143940448760986,
                        -0.35529351234436035,
                        0.6750643253326416,
                        0.04659105837345123
                    ],
                    [
                        -0.254318505525589,
                        -0.1223711296916008,
                        0.686673641204834,
                        0.005649015307426453
                    ],
                    [
                        -0.22895389795303345,
                        -0.12958183884620667,
                        0.6199752688407898,
                        0.08984248340129852
                    ],
                    [
                        -0.3761144280433655,
                        0.05756925046443939,
                        0.7545578479766846,
                        0.09815478324890137
                    ],
                    [
                        -0.44813084602355957,
                        0.05164303630590439,
                        0.7438192963600159,
                        0.09338635206222534
                    ],
                    [
                        -0.23898044228553772,
                        -0.06336088478565216,
                        0.6616763472557068,
                        0.1848265379667282
                    ],
                    [
                        -0.13793493807315826,
                        0.01994234323501587,
                        0.6993773579597473,
                        0.27952659130096436
                    ],
                    [
                        -0.18630312383174896,
                        -0.004371613264083862,
                        0.6937691569328308,
                        0.22364047169685364
                    ],
                    [
                        -0.21615839004516602,
                        0.06893863528966904,
                        0.7594821453094482,
                        0.04621806740760803
                    ],
                    [
                        -0.2014421820640564,
                        0.07637014985084534,
                        0.7520924806594849,
                        0.2039763629436493
                    ],
                    [
                        -0.22064852714538574,
                        0.05786490440368652,
                        0.7462449073791504,
                        0.1254095882177353
                    ],
                    [
                        -0.004383943974971771,
                        -0.0062065571546554565,
                        0.7894265651702881,
                        0.08105549216270447
                    ],
                    [
                        -0.011554785072803497,
                        -0.04473460465669632,
                        0.6877351403236389,
                        0.2231098711490631
                    ],
                    [
                        0.09418445080518723,
                        -0.05953608453273773,
                        0.6597995758056641,
                        0.20420017838478088
                    ],
                    [
                        -0.028833948075771332,
                        -0.07688340544700623,
                        0.6571545600891113,
                        0.14275163412094116
                    ],
                    [
                        -0.22326508164405823,
                        -0.05711454898118973,
                        0.6592032313346863,
                        0.12704259157180786
                    ],
                    [
                        -0.20038461685180664,
                        -0.02032630890607834,
                        0.7322658896446228,
                        0.02032524347305298
                    ],
                    [
                        -0.16939249634742737,
                        0.020455874502658844,
                        0.8133752942085266,
                        0.1186237633228302
                    ],
                    [
                        -0.17028367519378662,
                        -0.04470721632242203,
                        0.6233240365982056,
                        0.11508360505104065
                    ]
                ]
            ],
            "actions_pred": [
                [
                    [
                        -0.36655837297439575,
                        -0.30143940448760986,
                        -0.254318505525589,
