{
    "steps": [
        {
            "step": 0,
            "train_loss": 0.041111625730991364,
            "actions_pred1": [
                [
                    [
                        -0.026473313570022583,
                        -0.02159436047077179,
                        0.6863729953765869,
                        0.3410819470882416
                    ],
                    [
                        -0.047142088413238525,
                        0.03886561095714569,
                        0.7103399038314819,
                        0.2676902115345001
                    ],
                    [
                        -0.1299164891242981,
                        0.08568407595157623,
                        0.7855172157287598,
                        0.13514980673789978
                    ],
                    [
                        -0.2337142676115036,
                        0.0967821329832077,
                        0.7545179724693298,
                        0.15522775053977966
                    ],
                    [
                        -0.26602521538734436,
                        0.25242429971694946,
                        0.6686139702796936,
                        0.09786239266395569
                    ],
                    [
                        -0.16065683960914612,
                        0.15597152709960938,
                        0.7295824289321899,
                        0.15711775422096252
                    ],
                    [
                        -0.04538285732269287,
                        0.18729840219020844,
                        0.6589745879173279,
                        0.23717282712459564
                    ],
                    [
                        -0.32579731941223145,
                        0.2597557604312897,
                        0.9338452219963074,
                        0.17702822387218475
                    ],
                    [
                        -0.3381187319755554,
                        0.33827757835388184,
                        1.021239995956421,
                        0.18165789544582367
                    ],
                    [
                        -0.4389268159866333,
                        0.28168079257011414,
                        1.0429850816726685,
                        0.1348329335451126
                    ],
                    [
                        -0.462497353553772,
                        0.28001832962036133,
                        1.108195424079895,
                        0.03819349408149719
                    ],
                    [
                        -0.26961055397987366,
                        0.15194858610630035,
                        0.939078688621521,
                        0.1766948401927948
                    ],
                    [
                        -0.26891762018203735,
                        0.11696252971887589,
                        0.9881490468978882,
                        0.09420832991600037
                    ],
                    [
                        -0.3220045566558838,
                        0.041304439306259155,
                        0.9978845715522766,
                        0.10930001735687256
                    ],
                    [
                        -0.19974493980407715,
                        0.10927166044712067,
                        0.9507741928100586,
                        0.13904376327991486
                    ],
                    [
                        -0.189387708902359,
                        0.061983831226825714,
                        0.7592238187789917,
                        0.2635584771633148
                    ],
                    [
                        -0.13763250410556793,
                        0.12535762786865234,
                        0.7260954976081848,
                        0.2913389205932617
                    ],
                    [
                        -0.11336298286914825,
                        0.1142982766032219,
                        0.7128954529762268,
                        0.24305568635463715
                    ],
                    [
                        0.012107104063034058,
                        0.10873603820800781,
                        0.8063754439353943,
                        0.18749062716960907
                    ],
                    [
                        -0.1395694464445114,
                        0.1988409012556076,
                        0.7899377942085266,
                        0.22276785969734192
                    ]
                ]
            ],
            "actions_pred": [
                [
                    [
                        -0.026473313570022583,
                        -0.047142088413238525,
                        -0.1299164891242981,
                        -0.2337142676115036,
                        -0.26602521538734436,
                        -0.16065683960914612,
                        -0.04538285732269287,
                        -0.32579731941223145,
                        -0.3381187319755554,
                        -0.4389268159866333,
                        -0.462497353553772,
                        -0.26961055397987366,
                        -0.26891762018203735,
                        -0.3220045566558838,
                        -0.19974493980407715,
                        -0.189387708902359,
                        -0.13763250410556793,
                        -0.11336298286914825,
                        0.012107104063034058,
                        -0.1395694464445114
                    ],
                    [
                        -0.02159436047077179,
                        0.03886561095714569,
                        0.08568407595157623,
                        0.0967821329832077,
                        0.25242429971694946,
                        0.15597152709960938,
                        0.18729840219020844,
                        0.2597557604312897,
                        0.33827757835388184,
                        0.28168079257011414,
                        0.28001832962036133,
                        0.15194858610630035,
                        0.11696252971887589,
                        0.041304439306259155,
                        0.10927166044712067,
                        0.061983831226825714,
                        0.12535762786865234,
                        0.1142982766032219,
                        0.10873603820800781,
                        0.1988409012556076
                    ],
                    [
                        0.6863729953765869,
                        0.7103399038314819,
                        0.7855172157287598,
                        0.7545179724693298,
                        0.6686139702796936,
                        0.7295824289321899,
                        0.6589745879173279,
                        0.9338452219963074,
                        1.021239995956421,
                        1.0429850816726685,
                        1.108195424079895,
                        0.939078688621521,
                        0.9881490468978882,
                        0.9978845715522766,
                        0.9507741928100586,
                        0.7592238187789917,
                        0.7260954976081848,
                        0.7128954529762268,
                        0.8063754439353943,
                        0.7899377942085266
                    ],
                    [
                        0.3410819470882416,
                        0.2676902115345001,
                        0.13514980673789978,
                        0.15522775053977966,
                        0.09786239266395569,
                        0.15711775422096252,
                        0.23717282712459564,
                        0.17702822387218475,
                        0.18165789544582367,
                        0.1348329335451126,
                        0.03819349408149719,
                        0.1766948401927948,
                        0.09420832991600037,
                        0.10930001735687256,
                        0.13904376327991486,
                        0.2635584771633148,
                        0.2913389205932617,
                        0.24305568635463715,
                        0.18749062716960907,
                        0.22276785969734192
                    ]
                ]
            ],
            "states": [
                [
                    [
                        5847024.0,
                        7.17427474228316e-06,
                        0.0002797465131152421,
                        862261.25
                    ],
                    [
                        5130264.0,
                        7.109771104296669e-06,
                        0.00027696648612618446,
                        791462.9375
                    ],
                    [
                        5460408.0,
                        7.0486535150848795e-06,
                        0.0002747685939539224,
                        848104.9375
                    ],
                    [
                        5159224.0,
                        6.988396307860967e-06,
                        0.000255326071055606,
                        826896.4375
                    ],
                    [
                        5280856.0,
                        6.9301599978643935e-06,
                        0.0002729953557718545,
                        850071.375
                    ],
                    [
                        5415520.0,
                        6.871501227578847e-06,
                        0.00026464968686923385,
                        894284.875
                    ],
                    [
                        5138952.0,
                        6.81457140672137e-06,
                        0.000260901142610237,
                        824406.5
                    ],
                    [
                        5364840.0,
                        6.758851213817252e-06,
                        0.00026091569452546537,
                        837380.25
                    ],
                    [
                        8605643.0,
                        0.0036125751212239265,
                        0.0002766261750366539,
                        462352.0625
                    ],
                    [
                        10015816.0,
                        0.00033437556703574955,
                        0.00026207882910966873,
                        482968.0625
                    ],
                    [
                        7806168.0,
                        0.00019468956452328712,
                        0.00027697221958078444,
                        473153.5
                    ],
                    [
                        6004856.0,
                        0.00014804340025875717,
                        0.00037561735371127725,
                        563905.9375
                    ],
                    [
                        3835752.0,
                        0.00012653775047510862,
                        0.000348972505889833,
                        546822.625
                    ],
                    [
                        693592.0,
                        0.00011859468213515356,
                        0.000344088242854923,
                        536207.0
                    ],
                    [
                        1136680.0,
                        0.00011570940841920674,
                        0.00030916635296307504,
                        532932.75
                    ],
                    [
                        755856.0,
                        0.0001128598305513151,
                        0.00029186115716584027,
                        668301.125
                    ],
                    [
                        573408.0,
                        0.00011094257206423208,
                        0.00031188191496767104,
                        741689.6875
                    ],
                    [
                        432952.0,
                        0.0001095341140171513,
                        0.0003927450452465564,
                        678985.1875
                    ],
                    [
                        1216320.0,
                        0.00010730996291385964,
                        0.00034627493005245924,
                        618105.1875
                    ],
                    [
                        4131144.0,
                        0.00010072957229567692,
                        0.00028098482289351523,
                        571491.4375
                    ]
                ]
            ],
            "actions": [
                [
                    [
                        0.75
                    ],
                    [
                        0.75
                    ],
                    [
                        0.75
                    ],
                    [
                        0.75
                    ],
                    [
                        0.75
                    ],
                    [
                        0.75
                    ],
                    [
                        0.75
                    ],
                    [
                        0.75
                    ],
                    [
                        0.5
                    ],
                    [
                        0.5
                    ],
                    [
                        0.5
                    ],
                    [
                        0.5
                    ],
                    [
                        0.5
                    ],
                    [
                        0.5
                    ],
                    [
                        0.5
                    ],
                    [
                        0.5
                    ],
                    [
                        0.5
                    ],
                    [
                        0.5
                    ],
                    [
                        0.5
                    ],
                    [
                        0.5
                    ]
                ]
            ],
            "returns": [
                [
                    [
                        0.48685410618782043
                    ],
                    [
                        0.4859126806259155
                    ],
                    [
                        0.48498284816741943
                    ],
                    [
                        0.4840475022792816
                    ],
                    [
                        0.48311716318130493
                    ],
                    [
                        0.4821847677230835
                    ],
                    [
                        0.481250137090683
                    ],
                    [
                        0.48032015562057495
                    ],
                    [
                        0.4793863594532013
                    ],
                    [
                        0.47841066122055054
                    ],
                    [
                        0.47742152214050293
                    ],
                    [
                        0.4764544665813446
                    ],
                    [
                        0.47551068663597107
                    ],
                    [
                        0.47460663318634033
                    ],
                    [
                        0.4738542139530182
                    ],
                    [
                        0.47305798530578613
                    ],
                    [
                        0.4722979664802551
                    ],
                    [
                        0.47156238555908203
                    ],
                    [
                        0.47085174918174744
                    ],
                    [
                        0.47004953026771545
                    ]
                ]
            ],
            "timesteps": [
                [
                    100,
                    101,
                    102,
                    103,
                    104,
                    105,
                    106,
                    107,
                    108,
                    109,
                    110,
                    111,
                    112,
                    113,
                    114,
                    115,
                    116,
                    117,
                    118,
                    119
                ]
            ],
            "labels": [
                [
                    2,
                    2,
                    2,
                    2,
                    2,
                    2,
                    2,
                    2,
                    1,
                    1,
                    1,
                    1,
                    1,
                    1,
                    1,
                    1,
                    1,
                    1,
                    1,
                    1
                ]
            ],
            "CPU Usage": 45.8,
            "RAM Usage": 55.4,
            "GPU Usage": 0.0,
            "VRAM Usage": 356.0,
            "Disk Read Speed (MB/s)": 206025.1494140625,
            "Disk Write Speed (MB/s)": 344596.4384765625
        },
        {
            "step": 1,
            "train_loss": 0.05815465375781059,
            "actions_pred1": [
                [
                    [
                        -0.15991942584514618,
                        -0.21664398908615112,
                        0.6443822979927063,
                        -0.010557353496551514
                    ],
                    [
                        -0.19794659316539764,
                        -0.09793774783611298,
                        0.846783459186554,
                        -0.1369532346725464
                    ],
                    [
                        -0.06638253480195999,
                        0.05165138840675354,
                        0.6312530040740967,
                        -0.22609201073646545
                    ],
                    [
                        -0.11515288800001144,
                        0.14918673038482666,
                        0.44924166798591614,
                        -0.20168691873550415
                    ],
                    [
                        -0.21941760182380676,
                        0.06808784604072571,
                        0.4021507799625397,
                        -0.045328497886657715
                    ],
                    [
                        -0.3350929021835327,
                        0.07748007774353027,
                        0.6068174242973328,
                        -0.06699606776237488
                    ],
                    [
                        -0.309087872505188,
                        0.17992953956127167,
                        0.6215188503265381,
                        -0.0005221962928771973
                    ],
                    [
                        -0.42155885696411133,
                        0.18950900435447693,
                        0.6429674625396729,
                        0.002951890230178833
                    ],
                    [
                        -0.41291543841362,
                        0.03388334810733795,
                        0.6627654433250427,
                        -0.2144317924976349
                    ],
                    [
                        -0.32805830240249634,
                        -0.04969236999750137,
                        0.5607338547706604,
                        -0.20381733775138855
                    ],
                    [
                        -0.42589086294174194,
                        0.023115292191505432,
                        0.6994689106941223,
                        -0.1785782277584076
                    ],
                    [
                        -0.5159009099006653,
                        0.08353712409734726,
                        0.6666823625564575,
                        -0.16194161772727966
                    ],
                    [
                        -0.3441719710826874,
                        0.030647769570350647,
                        0.6223732233047485,
                        -0.07431378960609436
                    ],
                    [
                        -0.29934436082839966,
                        0.02960193157196045,
                        0.6116780042648315,
                        -0.13547354936599731
                    ],
                    [
                        -0.36751788854599,
                        0.10084465891122818,
                        0.6498118042945862,
                        -0.197212815284729
                    ],
                    [
                        -0.36755338311195374,
                        0.1841868907213211,
                        0.7981052994728088,
                        -0.13266265392303467
                    ],
                    [
                        -0.45231232047080994,
                        0.11413205415010452,
                        0.741458535194397,
                        -0.06614929437637329
                    ],
                    [
                        -0.4005744457244873,
                        0.14858058094978333,
                        0.7100829482078552,
                        -0.08712425827980042
                    ],
                    [
                        -0.39028504490852356,
                        0.25629135966300964,
                        0.700346052646637,
                        -0.06553566455841064
                    ],
                    [
                        -0.38936591148376465,
                        0.21257615089416504,
                        0.8439217805862427,
                        -0.06441965699195862
                    ]
                ]
            ],
            "actions_pred": [
                [
                    [
                        -0.15991942584514618,
                        -0.19794659316539764,
                        -0.06638253480195999,
                        -0.11515288800001144,
                        -0.21941760182380676,
                        -0.3350929021835327,
                        -0.309087872505188,
                        -0.42155885696411133,
                        -0.41291543841362,
                        -0.32805830240249634,
                        -0.42589086294174194,
                        -0.5159009099006653,
                        -0.3441719710826874,
                        -0.29934436082839966,
                        -0.36751788854599,
                        -0.36755338311195374,
                        -0.45231232047080994,
                        -0.4005744457244873,
                        -0.39028504490852356,
                        -0.38936591148376465
                    ],
                    [
                        -0.21664398908615112,
                        -0.09793774783611298,
                        0.05165138840675354,
                        0.14918673038482666,
                        0.06808784604072571,
                        0.07748007774353027,
                        0.17992953956127167,
                        0.18950900435447693,
                        0.03388334810733795,
                        -0.04969236999750137,
                        0.023115292191505432,
                        0.08353712409734726,
                        0.030647769570350647,
                        0.02960193157196045,
                        0.10084465891122818,
                        0.1841868907213211,
                        0.11413205415010452,
                        0.14858058094978333,
                        0.25629135966300964,
                        0.21257615089416504
                    ],
                    [
                        0.6443822979927063,
                        0.846783459186554,
                        0.6312530040740967,
                        0.44924166798591614,
                        0.4021507799625397,
                        0.6068174242973328,
                        0.6215188503265381,
                        0.6429674625396729,
                        0.6627654433250427,
                        0.5607338547706604,
                        0.6994689106941223,
                        0.6666823625564575,
                        0.6223732233047485,
                        0.6116780042648315,
                        0.6498118042945862,
                        0.7981052994728088,
                        0.741458535194397,
                        0.7100829482078552,
                        0.700346052646637,
                        0.8439217805862427
                    ],
                    [
                        -0.010557353496551514,
                        -0.1369532346725464,
                        -0.22609201073646545,
                        -0.20168691873550415,
                        -0.045328497886657715,
                        -0.06699606776237488,
                        -0.0005221962928771973,
                        0.002951890230178833,
                        -0.2144317924976349,
                        -0.20381733775138855,
                        -0.1785782277584076,
                        -0.16194161772727966,
                        -0.07431378960609436,
                        -0.13547354936599731,
                        -0.197212815284729,
                        -0.13266265392303467,
                        -0.06614929437637329,
                        -0.08712425827980042,
                        -0.06553566455841064,
                        -0.06441965699195862
                    ]
                ]
            ],
            "states": [
                [
                    [
                        5346016.0,
                        3.834013477899134e-05,
                        0.0014523763675242662,
                        508420.875
                    ],
                    [
                        5408280.0,
                        3.6602417821995914e-05,
                        0.0012122188927605748,
                        493151.53125
                    ],
                    [
                        5290992.0,
                        3.502258914522827e-05,
                        0.0010567386634647846,
                        527754.375
                    ],
                    [
                        4871072.0,
                        3.364306758157909e-05,
                        0.0010331012308597565,
                        499436.125
                    ],
                    [
                        5112888.0,
                        3.239049328840338e-05,
                        0.0008577806875109673,
                        510007.28125
                    ],
                    [
                        5560320.0,
                        3.1150953873293474e-05,
                        0.009355437941849232,
                        487248.6875
                    ],
                    [
                        5574800.0,
                        1.764485568855889e-05,
                        0.005326922982931137,
                        503265.46875
                    ],
                    [
                        5363392.0,
                        1.8441511201672256e-05,
                        0.00705355079844594,
                        500775.59375
                    ],
                    [
                        5134608.0,
                        2.999954449478537e-05,
                        0.003215600736439228,
                        494512.125
                    ],
                    [
                        5509640.0,
                        1.6405823771492578e-05,
                        0.005743528250604868,
                        466303.4375
                    ],
                    [
                        5509640.0,
                        1.6405823771492578e-05,
                        0.005743528250604868,
                        466303.4375
                    ],
                    [
                        5069448.0,
                        2.8978191039641388e-05,
                        0.0006789364852011204,
                        506032.28125
                    ],
                    [
                        5574800.0,
                        1.764485568855889e-05,
                        0.005326922982931137,
                        503265.46875
                    ],
                    [
                        1811448.0,
                        2.832559766829945e-05,
                        0.006547329016029835,
                        511753.5625
                    ],
                    [
                        5228728.0,
                        2.7692145522451028e-05,
                        0.00019177634385414422,
                        489897.5625
                    ],
                    [
                        5105648.0,
                        2.680875695659779e-05,
                        0.0001491233124397695,
                        484135.40625
                    ],
                    [
                        5137504.0,
                        2.59872085734969e-05,
                        0.0002625611668918282,
                        463221.75
                    ],
                    [
                        5053520.0,
                        2.521825081203133e-05,
                        0.0004885925445705652,
                        468607.3125
                    ],
                    [
                        4761024.0,
                        2.4519293219782412e-05,
                        0.0010367168579250574,
                        491127.34375
                    ],
                    [
                        4991256.0,
                        2.386243431828916e-05,
                        0.0028569940477609634,
                        492679.28125
                    ]
                ]
            ],
            "actions": [
                [
                    [
                        0.25
                    ],
                    [
                        0.25
                    ],
                    [
                        0.25
                    ],
                    [
                        0.25
                    ],
                    [
                        0.25
                    ],
                    [
                        0.25
                    ],
                    [
                        0.25
                    ],
                    [
                        0.25
                    ],
                    [
                        0.25
                    ],
                    [
                        0.25
                    ],
                    [
                        0.25
                    ],
                    [
                        0.25
                    ],
                    [
                        0.25
                    ],
                    [
                        0.25
                    ],
                    [
                        0.25
                    ],
                    [
                        0.25
                    ],
                    [
                        0.25
                    ],
                    [
                        0.25
                    ],
                    [
                        0.25
                    ],
                    [
                        0.25
                    ]
                ]
            ],
            "returns": [
                [
                    [
                        0.03608226776123047
                    ],
                    [
                        0.03514878451824188
                    ],
                    [
                        0.03421427682042122
                    ],
                    [
                        0.033281709998846054
                    ],
                    [
                        0.03235647454857826
                    ],
                    [
                        0.031426943838596344
                    ],
                    [
                        0.030489977449178696
                    ],
                    [
                        0.029552778229117393
                    ],
                    [
                        0.028619008138775826
                    ],
                    [
                        0.027689101174473763
                    ],
                    [
                        0.02675294503569603
                    ],
                    [
                        0.025816788896918297
                    ],
                    [
                        0.024888014420866966
                    ],
                    [
                        0.023950817063450813
                    ],
                    [
                        0.023113280534744263
                    ],
                    [
                        0.022181764245033264
                    ],
                    [
                        0.021252360194921494
                    ],
                    [
                        0.02032240480184555
                    ],
                    [
                        0.019393909722566605
                    ],
                    [
                        0.018470700830221176
                    ]
                ]
            ],
            "timesteps": [
                [
                    600,
                    601,
                    602,
                    603,
                    604,
                    605,
                    606,
                    607,
                    608,
                    609,
                    610,
                    611,
                    612,
                    613,
                    614,
                    615,
                    616,
                    617,
                    618,
                    619
                ]
            ],
            "labels": [
                [
                    0,
                    0,
                    0,
                    0,
                    0,
                    0,
                    0,
                    0,
                    0,
                    0,
                    0,
                    0,
                    0,
                    0,
                    0,
                    0,
                    0,
                    0,
                    0,
                    0
                ]
            ],
            "CPU Usage": 46.6,
            "RAM Usage": 55.6,
            "GPU Usage": 0.0,
            "VRAM Usage": 356.0,
            "Disk Read Speed (MB/s)": 206025.1494140625,
            "Disk Write Speed (MB/s)": 344596.5673828125
        },
        {
            "step": 2,
            "train_loss": 0.057055264711380005,
            "actions_pred1": [
                [
                    [
                        0.27091097831726074,
                        -0.3847249746322632,
                        0.8035698533058167,
                        0.45896032452583313
                    ],
                    [
                        0.2794773578643799,
                        -0.20658564567565918,
                        0.7893534302711487,
                        0.3072071075439453
                    ],
                    [
                        0.17608219385147095,
                        -0.05869165062904358,
                        0.771885097026825,
                        0.13430552184581757
                    ],
                    [
                        0.15515004098415375,
                        -0.016035348176956177,
                        0.8743799328804016,
                        0.10640670359134674
                    ],
                    [
                        0.09335486590862274,
                        -0.013013176620006561,
                        0.7789324522018433,
                        0.29050883650779724
                    ],
                    [
                        0.1449071317911148,
                        0.05305838584899902,
                        0.8332968950271606,
                        0.33589497208595276
                    ],
                    [
                        0.13329795002937317,
                        -0.07643808424472809,
                        0.7814133763313293,
                        0.3757250905036926
                    ],
                    [
                        -0.004241563379764557,
                        -0.051481276750564575,
                        0.9303380846977234,
                        0.28824543952941895
                    ],
                    [
                        -0.05489305406808853,
                        0.02771231159567833,
                        0.9772669076919556,
                        0.26887908577919006
                    ],
                    [
                        -0.05659829080104828,
                        -0.05058284103870392,
                        0.8548030853271484,
                        0.3224879205226898
                    ],
                    [
                        -0.12081167101860046,
                        0.027768097817897797,
                        0.9331708550453186,
                        0.22681814432144165
                    ],
                    [
                        0.03566870838403702,
                        0.05025447905063629,
                        1.0370051860809326,
                        0.47571906447410583
                    ],
                    [
                        0.036678701639175415,
                        0.042614057660102844,
                        0.9849313497543335,
                        0.14450383186340332
                    ],
                    [
                        -0.08511392772197723,
                        0.05851664021611214,
                        0.9993721842765808,
                        0.2542242407798767
                    ],
                    [
                        -0.08797083795070648,
                        0.07643789052963257,
                        1.0592398643493652,
                        0.27066996693611145
                    ],
                    [
                        0.008447997272014618,
                        0.08089148998260498,
                        1.0509666204452515,
                        0.37789279222488403
                    ],
                    [
                        -0.08226589113473892,
                        0.019861392676830292,
                        1.0151139497756958,
                        0.40100598335266113
                    ],
                    [
                        -0.20409682393074036,
                        -0.015408415347337723,
                        0.8906812071800232,
                        0.3731628358364105
                    ],
                    [
                        -0.0559515655040741,
                        -0.10271001607179642,
                        0.8540015816688538,
                        0.4519406855106354
                    ],
                    [
                        -0.16443639993667603,
                        -0.022469989955425262,
                        0.9271833896636963,
                        0.4055842459201813
                    ]
                ]
            ],
            "actions_pred": [
                [
                    [
                        0.27091097831726074,
                        0.2794773578643799,
                        0.17608219385147095,
                        0.15515004098415375,
