{
    "steps": [
        {
            "step": 0,
            "train_loss": 0.04253918305039406,
            "actions_pred1": [
                [
                    [
                        0.41125085949897766,
                        0.24382540583610535,
                        0.5920646786689758,
                        -0.372592955827713
                    ],
                    [
                        0.3702884018421173,
                        0.3684766888618469,
                        0.6547858715057373,
                        -0.19296544790267944
                    ],
                    [
                        0.4485832452774048,
                        0.35333916544914246,
                        0.7326399683952332,
                        -0.33623069524765015
                    ],
                    [
                        0.44864359498023987,
                        0.2811340391635895,
                        0.7744682431221008,
                        -0.41955748200416565
                    ],
                    [
                        0.40955525636672974,
                        0.34457266330718994,
                        0.86127108335495,
                        -0.4475293755531311
                    ],
                    [
                        0.28034383058547974,
                        0.35779041051864624,
                        0.6550862193107605,
                        -0.6252260208129883
                    ],
                    [
                        0.3928201198577881,
                        0.30854615569114685,
                        0.6817382574081421,
                        -0.5925185084342957
                    ],
                    [
                        0.386245995759964,
                        0.2891843318939209,
                        0.653124988079071,
                        -0.5240784287452698
                    ],
                    [
                        0.43916937708854675,
                        0.29569047689437866,
                        0.5556315183639526,
                        -0.5520357489585876
                    ],
                    [
                        0.34123414754867554,
                        0.24561117589473724,
                        0.6237506866455078,
                        -0.5048204064369202
                    ],
                    [
                        0.4144918620586395,
                        0.3536797761917114,
                        0.636196494102478,
                        -0.5459756255149841
                    ],
                    [
                        0.43562012910842896,
                        0.3504244387149811,
                        0.6175717115402222,
                        -0.5984545946121216
                    ],
                    [
                        0.3818836212158203,
                        0.3306456208229065,
                        0.5962262749671936,
                        -0.5915847420692444
                    ],
                    [
                        0.3671793043613434,
                        0.4040646553039551,
                        0.6535676121711731,
                        -0.603395402431488
                    ],
                    [
                        0.47052326798439026,
                        0.30314168334007263,
                        0.7711761593818665,
                        -0.5362446308135986
                    ],
                    [
                        0.38495394587516785,
                        0.36151230335235596,
                        0.7044713497161865,
                        -0.5583477020263672
                    ],
                    [
                        0.2990264296531677,
                        0.43526574969291687,
                        0.7239800691604614,
                        -0.5816092491149902
                    ],
                    [
                        0.3762499690055847,
                        0.3927745819091797,
                        0.8160640001296997,
                        -0.542892575263977
                    ],
                    [
                        0.4272799789905548,
                        0.401328444480896,
                        0.799120306968689,
                        -0.5718843936920166
                    ],
                    [
                        0.3064061403274536,
                        0.4107338786125183,
                        0.768883228302002,
                        -0.6769116520881653
                    ]
                ]
            ],
            "actions_pred": [
                [
                    [
                        0.41125085949897766,
                        0.3702884018421173,
                        0.4485832452774048,
                        0.44864359498023987,
                        0.40955525636672974,
                        0.28034383058547974,
                        0.3928201198577881,
                        0.386245995759964,
                        0.43916937708854675,
                        0.34123414754867554,
                        0.4144918620586395,
                        0.43562012910842896,
                        0.3818836212158203,
                        0.3671793043613434,
                        0.47052326798439026,
                        0.38495394587516785,
                        0.2990264296531677,
                        0.3762499690055847,
                        0.4272799789905548,
                        0.3064061403274536
                    ],
                    [
                        0.24382540583610535,
                        0.3684766888618469,
                        0.35333916544914246,
                        0.2811340391635895,
                        0.34457266330718994,
                        0.35779041051864624,
                        0.30854615569114685,
                        0.2891843318939209,
                        0.29569047689437866,
                        0.24561117589473724,
                        0.3536797761917114,
                        0.3504244387149811,
                        0.3306456208229065,
                        0.4040646553039551,
                        0.30314168334007263,
                        0.36151230335235596,
                        0.43526574969291687,
                        0.3927745819091797,
                        0.401328444480896,
                        0.4107338786125183
                    ],
                    [
                        0.5920646786689758,
                        0.6547858715057373,
                        0.7326399683952332,
                        0.7744682431221008,
                        0.86127108335495,
                        0.6550862193107605,
                        0.6817382574081421,
                        0.653124988079071,
                        0.5556315183639526,
                        0.6237506866455078,
                        0.636196494102478,
                        0.6175717115402222,
                        0.5962262749671936,
                        0.6535676121711731,
                        0.7711761593818665,
                        0.7044713497161865,
                        0.7239800691604614,
                        0.8160640001296997,
                        0.799120306968689,
                        0.768883228302002
                    ],
                    [
                        -0.372592955827713,
                        -0.19296544790267944,
                        -0.33623069524765015,
                        -0.41955748200416565,
                        -0.4475293755531311,
                        -0.6252260208129883,
                        -0.5925185084342957,
                        -0.5240784287452698,
                        -0.5520357489585876,
                        -0.5048204064369202,
                        -0.5459756255149841,
                        -0.5984545946121216,
                        -0.5915847420692444,
                        -0.603395402431488,
                        -0.5362446308135986,
                        -0.5583477020263672,
                        -0.5816092491149902,
                        -0.542892575263977,
                        -0.5718843936920166,
                        -0.6769116520881653
                    ]
                ]
            ],
            "states": [
                [
                    [
                        3453480.0,
                        1.1675143468892202e-05,
                        0.00029440681100822985,
                        672821.0625
                    ],
                    [
                        4107976.0,
                        1.1557735888345633e-05,
                        0.00028164629475213587,
                        683579.125
                    ],
                    [
                        4089152.0,
                        1.1433058716647793e-05,
                        0.00027785348356701434,
                        696568.625
                    ],
                    [
                        3556288.0,
                        1.131914814322954e-05,
                        0.00038381022750400007,
                        634586.1875
                    ],
                    [
                        2583232.0,
                        1.1229288247704972e-05,
                        0.0002961547579616308,
                        661987.4375
                    ],
                    [
                        1912808.0,
                        1.1164392162754666e-05,
                        0.00029962105327285826,
                        693806.25
                    ],
                    [
                        2088016.0,
                        1.1107291356893256e-05,
                        0.00029777659801766276,
                        580816.75
                    ],
                    [
                        2896000.0,
                        1.103698832594091e-05,
                        0.0002728095860220492,
                        525629.9375
                    ],
                    [
                        2564408.0,
                        1.0960944564430974e-05,
                        0.0002930021146312356,
                        619511.5625
                    ],
                    [
                        3921184.0,
                        1.087203600036446e-05,
                        0.0005929499748162925,
                        538834.625
                    ],
                    [
                        2794640.0,
                        1.0781384844449349e-05,
                        0.00017766767996363342,
                        677916.4375
                    ],
                    [
                        4726272.0,
                        1.0681769708753563e-05,
                        0.00018339134112466127,
                        599563.375
                    ],
                    [
                        4927544.0,
                        1.0556481356616132e-05,
                        0.00019205290300305933,
                        583179.3125
                    ],
                    [
                        5944040.0,
                        1.0418904821563046e-05,
                        0.0002024973655352369,
                        603427.0
                    ],
                    [
                        5063656.0,
                        1.0283110896125436e-05,
                        0.0002613598189782351,
                        607061.125
                    ],
                    [
                        5221488.0,
                        1.015944144455716e-05,
                        0.00023075626813806593,
                        620602.0625
                    ],
                    [
                        3421624.0,
                        1.0057716281153262e-05,
                        0.00032322804327122867,
                        608652.25
                    ],
                    [
                        3476648.0,
                        9.978034540836234e-06,
                        0.0002578554267529398,
                        617310.8125
                    ],
                    [
                        3407144.0,
                        9.899765245791059e-06,
                        0.00022438736050389707,
                        706043.875
                    ],
                    [
                        3938560.0,
                        9.817606041906402e-06,
                        0.00038321700412780046,
                        631372.625
                    ]
                ]
            ],
            "actions": [
                [
                    [
                        0.5
                    ],
                    [
                        0.5
                    ],
                    [
                        0.5
                    ],
                    [
                        0.5
                    ],
                    [
                        0.5
                    ],
                    [
                        0.5
                    ],
                    [
                        0.5
                    ],
                    [
                        0.5
                    ],
                    [
                        0.5
                    ],
                    [
                        0.5
                    ],
                    [
                        0.5
                    ],
                    [
                        0.5
                    ],
                    [
                        0.5
                    ],
                    [
                        0.5
                    ],
                    [
                        0.5
                    ],
                    [
                        0.5
                    ],
                    [
                        0.5
                    ],
                    [
                        0.5
                    ],
                    [
                        0.5
                    ],
                    [
                        0.5
                    ]
                ]
            ],
            "returns": [
                [
                    [
                        0.41369158029556274
                    ],
                    [
                        0.41279682517051697
                    ],
                    [
                        0.41188669204711914
                    ],
                    [
                        0.41097697615623474
                    ],
                    [
                        0.41007962822914124
                    ],
                    [
                        0.4092106521129608
                    ],
                    [
                        0.4083682894706726
                    ],
                    [
                        0.4075181484222412
                    ],
                    [
                        0.4066390097141266
                    ],
                    [
                        0.4057706594467163
                    ],
                    [
                        0.40486466884613037
                    ],
                    [
                        0.40398868918418884
                    ],
                    [
                        0.40306612849235535
                    ],
                    [
                        0.4021398723125458
                    ],
                    [
                        0.40119698643684387
                    ],
                    [
                        0.4002683162689209
                    ],
                    [
                        0.39933690428733826
                    ],
                    [
                        0.39844298362731934
                    ],
                    [
                        0.3975476622581482
                    ],
                    [
                        0.3966540992259979
                    ]
                ]
            ],
            "timesteps": [
                [
                    180,
                    181,
                    182,
                    183,
                    184,
                    185,
                    186,
                    187,
                    188,
                    189,
                    190,
                    191,
                    192,
                    193,
                    194,
                    195,
                    196,
                    197,
                    198,
                    199
                ]
            ],
            "labels": [
                [
                    1,
                    1,
                    1,
                    1,
                    1,
                    1,
                    1,
                    1,
                    1,
                    1,
                    1,
                    1,
                    1,
                    1,
                    1,
                    1,
                    1,
                    1,
                    1,
                    1
                ]
            ],
            "CPU Usage": 45.3,
            "RAM Usage": 55.2,
            "GPU Usage": 0.0,
            "VRAM Usage": 356.0,
            "Disk Read Speed (MB/s)": 206066.1337890625,
            "Disk Write Speed (MB/s)": 365577.2705078125
        },
        {
            "step": 1,
            "train_loss": 0.033297546207904816,
            "actions_pred1": [
                [
                    [
                        -0.01743599772453308,
                        -0.1435011923313141,
                        0.7020102739334106,
                        -0.5011938214302063
                    ],
                    [
                        0.0625954195857048,
                        -0.07340533286333084,
                        0.6589857339859009,
                        -0.5938211679458618
                    ],
                    [
                        0.12414650619029999,
                        0.1502867490053177,
                        0.6541738510131836,
                        -0.6394479274749756
                    ],
                    [
                        0.15642303228378296,
                        0.14088740944862366,
                        0.5888777375221252,
                        -0.5567300915718079
                    ],
                    [
                        0.023462019860744476,
                        0.31913530826568604,
                        0.7083263397216797,
                        -0.5456584095954895
                    ],
                    [
                        -0.04869440943002701,
                        0.33188170194625854,
                        0.695881724357605,
                        -0.5540971755981445
                    ],
                    [
                        0.20301604270935059,
                        0.25341159105300903,
                        0.6293802261352539,
                        -0.49726027250289917
                    ],
                    [
                        0.3197060823440552,
                        0.3286192715167999,
                        0.655168890953064,
                        -0.39440539479255676
                    ],
                    [
                        0.2827579081058502,
                        0.30158254504203796,
                        0.6584400534629822,
                        -0.44534602761268616
                    ],
                    [
                        0.23970197141170502,
                        0.35277798771858215,
                        0.7130210995674133,
                        -0.5871908068656921
                    ],
                    [
                        0.24779045581817627,
                        0.35521334409713745,
                        0.6786758899688721,
                        -0.4377715289592743
                    ],
                    [
                        0.24977794289588928,
                        0.3339460790157318,
                        0.6604217886924744,
                        -0.5274794697761536
                    ],
                    [
                        0.4845903217792511,
                        0.32240360975265503,
                        0.7057832479476929,
                        -0.5743081569671631
                    ],
                    [
                        0.49169284105300903,
                        0.2901228070259094,
                        0.5978518128395081,
                        -0.4190153479576111
                    ],
                    [
                        0.5992493629455566,
                        0.2652437090873718,
                        0.5826557278633118,
                        -0.4308484196662903
                    ],
                    [
                        0.4704502820968628,
                        0.25283047556877136,
                        0.5934719443321228,
                        -0.5101324915885925
                    ],
                    [
                        0.28305572271347046,
                        0.2581077814102173,
                        0.6002240180969238,
                        -0.5098360180854797
                    ],
                    [
                        0.3091750144958496,
                        0.2960371971130371,
                        0.6586729884147644,
                        -0.619094729423523
                    ],
                    [
                        0.3377719223499298,
                        0.3250862956047058,
                        0.736632227897644,
                        -0.5244667530059814
                    ],
                    [
                        0.33616578578948975,
                        0.2690279483795166,
                        0.5731319189071655,
                        -0.5476773977279663
                    ]
                ]
            ],
            "actions_pred": [
                [
                    [
                        -0.01743599772453308,
                        0.0625954195857048,
                        0.12414650619029999,
                        0.15642303228378296,
                        0.023462019860744476,
                        -0.04869440943002701,
                        0.20301604270935059,
                        0.3197060823440552,
                        0.2827579081058502,
                        0.23970197141170502,
                        0.24779045581817627,
                        0.24977794289588928,
                        0.4845903217792511,
                        0.49169284105300903,
                        0.5992493629455566,
                        0.4704502820968628,
                        0.28305572271347046,
                        0.3091750144958496,
                        0.3377719223499298,
                        0.33616578578948975
                    ],
                    [
                        -0.1435011923313141,
                        -0.07340533286333084,
                        0.1502867490053177,
                        0.14088740944862366,
                        0.31913530826568604,
                        0.33188170194625854,
                        0.25341159105300903,
                        0.3286192715167999,
                        0.30158254504203796,
                        0.35277798771858215,
                        0.35521334409713745,
                        0.3339460790157318,
                        0.32240360975265503,
                        0.2901228070259094,
                        0.2652437090873718,
                        0.25283047556877136,
                        0.2581077814102173,
                        0.2960371971130371,
                        0.3250862956047058,
                        0.2690279483795166
                    ],
                    [
                        0.7020102739334106,
                        0.6589857339859009,
                        0.6541738510131836,
                        0.5888777375221252,
                        0.7083263397216797,
                        0.695881724357605,
                        0.6293802261352539,
                        0.655168890953064,
                        0.6584400534629822,
                        0.7130210995674133,
                        0.6786758899688721,
                        0.6604217886924744,
                        0.7057832479476929,
                        0.5978518128395081,
                        0.5826557278633118,
                        0.5934719443321228,
                        0.6002240180969238,
                        0.6586729884147644,
                        0.736632227897644,
                        0.5731319189071655
                    ],
                    [
                        -0.5011938214302063,
                        -0.5938211679458618,
                        -0.6394479274749756,
                        -0.5567300915718079,
                        -0.5456584095954895,
                        -0.5540971755981445,
                        -0.49726027250289917,
                        -0.39440539479255676,
                        -0.44534602761268616,
                        -0.5871908068656921,
                        -0.4377715289592743,
                        -0.5274794697761536,
                        -0.5743081569671631,
                        -0.4190153479576111,
                        -0.4308484196662903,
                        -0.5101324915885925,
                        -0.5098360180854797,
                        -0.619094729423523,
                        -0.5244667530059814,
                        -0.5476773977279663
                    ]
                ]
            ],
            "states": [
                [
                    [
                        5527016.0,
                        1.5349276509368792e-05,
                        0.0002737951872404665,
                        805844.5
                    ],
                    [
                        5095512.0,
                        1.517824421171099e-05,
                        0.0002537628752179444,
                        822709.0625
                    ],
                    [
                        5057864.0,
                        1.501830956840422e-05,
                        0.0002845273702405393,
                        817377.8125
                    ],
                    [
                        5703672.0,
                        1.4852455933578312e-05,
                        0.00027429292094893754,
                        848477.75
                    ],
                    [
                        5414072.0,
                        1.4684866982861422e-05,
                        0.0002784566895570606,
                        829260.1875
                    ],
                    [
                        5337328.0,
                        1.452638753107749e-05,
                        0.00027366288122721016,
                        838067.9375
                    ],
                    [
                        5141848.0,
                        1.4375169484992512e-05,
                        0.0002617421268951148,
                        823064.0
                    ],
                    [
                        5211352.0,
                        1.422882269253023e-05,
                        0.000270931632257998,
                        844933.9375
                    ],
                    [
                        5386560.0,
                        1.4082077541388571e-05,
                        0.00027350522577762604,
                        861893.1875
                    ],
                    [
                        5118680.0,
                        1.3939571545051876e-05,
                        0.0002609447401482612,
                        831639.4375
                    ],
                    [
                        5401040.0,
                        1.3799754015053622e-05,
                        0.0002695223083719611,
                        814358.625
                    ],
                    [
                        5211352.0,
                        1.3661498996953014e-05,
                        0.00026009109569713473,
                        868776.75
                    ],
                    [
                        142.0,
                        0.21944443881511688,
                        0.00015429843915626407,
                        853.0870361328125
                    ],
                    [
                        4879797.0,
                        0.008871808648109436,
                        0.0001451207062928006,
                        568995.3125
                    ],
                    [
                        6620256.0,
                        0.0009351735934615135,
                        0.00015239168715197593,
                        450753.09375
                    ],
                    [
                        9419240.0,
                        0.00045934959780424833,
                        0.0001363051705993712,
                        480722.0
                    ],
                    [
                        9852192.0,
                        0.0002833923790603876,
                        0.0001300903531955555,
                        459858.53125
                    ],
                    [
                        9448200.0,
                        0.0002050806797342375,
                        0.026162419468164444,
                        444324.5625
                    ],
                    [
                        10519720.0,
                        0.00015983681078068912,
                        0.00028762174770236015,
                        442793.625
                    ],
                    [
                        11032312.0,
                        0.00012905527546536177,
                        0.00021737493807449937,
                        442420.15625
                    ]
                ]
            ],
            "actions": [
                [
                    [
                        0.75
                    ],
                    [
                        0.75
                    ],
                    [
                        0.75
                    ],
                    [
                        0.75
                    ],
                    [
                        0.75
                    ],
                    [
                        0.75
                    ],
                    [
                        0.75
                    ],
                    [
                        0.75
                    ],
                    [
                        0.75
                    ],
                    [
                        0.75
                    ],
                    [
                        0.75
                    ],
                    [
                        0.75
                    ],
                    [
                        0.25
                    ],
                    [
                        0.25
                    ],
                    [
                        0.25
                    ],
                    [
                        0.25
                    ],
                    [
                        0.25
                    ],
                    [
                        0.25
                    ],
                    [
                        0.25
                    ],
                    [
                        0.25
                    ]
                ]
            ],
            "returns": [
                [
                    [
                        0.30454936623573303
                    ],
                    [
                        0.30361291766166687
                    ],
                    [
                        0.3026837110519409
                    ],
                    [
                        0.3017551302909851
                    ],
                    [
                        0.3008159101009369
                    ],
                    [
                        0.29988130927085876
                    ],
                    [
                        0.2989479601383209
                    ],
                    [
                        0.2980179190635681
                    ],
                    [
                        0.2970867156982422
                    ],
                    [
                        0.2961525619029999
                    ],
                    [
                        0.2952229082584381
                    ],
                    [
                        0.2942885160446167
                    ],
                    [
                        0.29335731267929077
                    ],
                    [
                        0.29335731267929077
                    ],
                    [
                        0.29243192076683044
                    ],
                    [
                        0.2914794683456421
                    ],
                    [
                        0.29049578309059143
                    ],
                    [
                        0.2895081043243408
                    ],
                    [
                        0.2885241210460663
                    ],
                    [
                        0.2875306308269501
                    ]
                ]
            ],
            "timesteps": [
                [
                    300,
                    301,
                    302,
                    303,
                    304,
                    305,
                    306,
                    307,
                    308,
                    309,
                    310,
                    311,
                    312,
                    313,
                    314,
                    315,
                    316,
                    317,
                    318,
                    319
                ]
            ],
            "labels": [
                [
                    2,
                    2,
                    2,
                    2,
                    2,
                    2,
                    2,
                    2,
                    2,
                    2,
                    2,
                    2,
                    0,
                    0,
                    0,
                    0,
                    0,
                    0,
                    0,
                    0
                ]
            ],
            "CPU Usage": 46.7,
            "RAM Usage": 55.3,
            "GPU Usage": 0.0,
            "VRAM Usage": 356.0,
            "Disk Read Speed (MB/s)": 206066.1337890625,
            "Disk Write Speed (MB/s)": 365580.7666015625
        },
        {
            "step": 2,
            "train_loss": 0.0403718575835228,
            "actions_pred1": [
                [
                    [
                        0.8333688378334045,
                        0.2300892025232315,
                        0.38570642471313477,
                        -0.46121466159820557
                    ],
                    [
                        0.9718393087387085,
                        0.12120321393013,
                        0.4174644351005554,
                        -0.4465442895889282
                    ],
                    [
                        0.7458528280258179,
                        0.29936909675598145,
                        0.36678534746170044,
                        -0.5244705080986023
                    ],
                    [
                        0.5483075380325317,
                        0.3441734313964844,
                        0.4046766459941864,
                        -0.580909252166748
                    ],
                    [
                        0.5880644917488098,
                        0.35931873321533203,
                        0.4258582293987274,
                        -0.626532793045044
                    ],
                    [
                        0.5547966957092285,
                        0.3369492292404175,
                        0.46053993701934814,
                        -0.779208779335022
                    ],
                    [
                        0.5470758676528931,
                        0.390906423330307,
                        0.4844400882720947,
                        -0.7148884534835815
                    ],
                    [
                        0.46522489190101624,
                        0.2954104542732239,
                        0.25522443652153015,
                        -0.6377760767936707
                    ],
                    [
                        0.463381826877594,
                        0.2757633924484253,
                        0.26689285039901733,
                        -0.6319454908370972
                    ],
                    [
                        0.5126428008079529,
                        0.3588584363460541,
                        0.3174416124820709,
                        -0.5613294839859009
                    ],
                    [
                        0.5855193138122559,
                        0.38883692026138306,
                        0.3278574049472809,
                        -0.48761218786239624
                    ],
                    [
                        0.5438416600227356,
                        0.43067672848701477,
                        0.3760208487510681,
                        -0.4662173390388489
                    ],
                    [
                        0.46620362997055054,
                        0.39543992280960083,
                        0.2707322835922241,
                        -0.49570366740226746
                    ],
                    [
                        0.3156399428844452,
                        0.4739289879798889,
                        0.39299923181533813,
                        -0.4528712034225464
                    ],
                    [
                        0.3660331666469574,
                        0.3455570936203003,
                        0.4522019624710083,
                        -0.7565333843231201
                    ],
                    [
                        0.33470064401626587,
                        0.3520272970199585,
                        0.5060926675796509,
                        -0.6902350783348083
                    ],
                    [
                        0.36636412143707275,
                        0.3914504051208496,
                        0.5977562665939331,
                        -0.7305200099945068
                    ],
                    [
                        0.46619129180908203,
                        0.4341815710067749,
                        0.620934009552002,
                        -0.6700387001037598
                    ],
                    [
                        0.48033252358436584,
                        0.4552070200443268,
                        0.3467682898044586,
                        -0.6355164051055908
                    ],
                    [
                        0.37792056798934937,
                        0.45941993594169617,
                        0.4119362533092499,
                        -0.6300374865531921
                    ]
                ]
            ],
            "actions_pred": [
                [
                    [
                        0.8333688378334045,
                        0.9718393087387085,
                        0.7458528280258179,
                        0.5483075380325317,
                        0.5880644917488098,
                        0.5547966957092285,
                        0.5470758676528931,
                        0.46522489190101624,
                        0.463381826877594,
