{
    "steps": [
        {
            "step": 0,
            "train_loss": 0.03187308460474014,
            "actions_pred1": [
                [
                    [
                        0.04719538986682892,
                        0.356211394071579,
                        0.2987821698188782,
                        -1.0203723907470703
                    ],
                    [
                        0.14595499634742737,
                        0.3863483667373657,
                        0.509111762046814,
                        -1.0630097389221191
                    ],
                    [
                        0.2358705699443817,
                        0.42120060324668884,
                        0.3300495147705078,
                        -1.2854012250900269
                    ],
                    [
                        0.3137688636779785,
                        0.4663039445877075,
                        0.3724882900714874,
                        -1.3927502632141113
                    ],
                    [
                        0.4911120533943176,
                        0.49815744161605835,
                        0.12655553221702576,
                        -1.830458641052246
                    ],
                    [
                        0.636820912361145,
                        0.5983405709266663,
                        0.30682697892189026,
                        -1.7996876239776611
                    ],
                    [
                        0.641581654548645,
                        0.74532151222229,
                        0.390007346868515,
                        -1.842848300933838
                    ],
                    [
                        0.6900464296340942,
                        0.8047029376029968,
                        0.46672648191452026,
                        -1.5634567737579346
                    ],
                    [
                        0.4984440803527832,
                        0.8150880336761475,
                        0.3034049868583679,
                        -1.5668144226074219
                    ],
                    [
                        0.5257681012153625,
                        0.6992263793945312,
                        0.5177371501922607,
                        -1.4785475730895996
                    ],
                    [
                        0.47053998708724976,
                        0.5723413825035095,
                        0.46244579553604126,
                        -1.4718539714813232
                    ],
                    [
                        0.23560941219329834,
                        0.5420448184013367,
                        0.4324631989002228,
                        -1.3667829036712646
                    ],
                    [
                        0.2032800316810608,
                        0.6327852010726929,
                        0.4911895990371704,
                        -1.3164453506469727
                    ],
                    [
                        0.22859802842140198,
                        0.694904625415802,
                        0.4995781481266022,
                        -1.276320457458496
                    ],
                    [
                        0.2743910551071167,
                        0.6287411451339722,
                        0.4175863265991211,
                        -1.2562568187713623
                    ],
                    [
                        0.31206899881362915,
                        0.6887425780296326,
                        0.40162089467048645,
                        -1.3599298000335693
                    ],
                    [
                        0.4702119529247284,
                        0.6999420523643494,
                        0.3917357921600342,
                        -1.402906060218811
                    ],
                    [
                        0.448517382144928,
                        0.7206888198852539,
                        0.43512463569641113,
                        -1.2575547695159912
                    ],
                    [
                        0.351823627948761,
                        0.625645101070404,
                        0.6096786260604858,
                        -1.4332090616226196
                    ],
                    [
                        0.34963691234588623,
                        0.6112039089202881,
                        0.7199934720993042,
                        -1.3213725090026855
                    ]
                ]
            ],
            "actions_pred": [
                [
                    [
                        0.04719538986682892,
                        0.14595499634742737,
                        0.2358705699443817,
                        0.3137688636779785,
                        0.4911120533943176,
                        0.636820912361145,
                        0.641581654548645,
                        0.6900464296340942,
                        0.4984440803527832,
                        0.5257681012153625,
                        0.47053998708724976,
                        0.23560941219329834,
                        0.2032800316810608,
                        0.22859802842140198,
                        0.2743910551071167,
                        0.31206899881362915,
                        0.4702119529247284,
                        0.448517382144928,
                        0.351823627948761,
                        0.34963691234588623
                    ],
                    [
                        0.356211394071579,
                        0.3863483667373657,
                        0.42120060324668884,
                        0.4663039445877075,
                        0.49815744161605835,
                        0.5983405709266663,
                        0.74532151222229,
                        0.8047029376029968,
                        0.8150880336761475,
                        0.6992263793945312,
                        0.5723413825035095,
                        0.5420448184013367,
                        0.6327852010726929,
                        0.694904625415802,
                        0.6287411451339722,
                        0.6887425780296326,
                        0.6999420523643494,
                        0.7206888198852539,
                        0.625645101070404,
                        0.6112039089202881
                    ],
                    [
                        0.2987821698188782,
                        0.509111762046814,
                        0.3300495147705078,
                        0.3724882900714874,
                        0.12655553221702576,
                        0.30682697892189026,
                        0.390007346868515,
                        0.46672648191452026,
                        0.3034049868583679,
                        0.5177371501922607,
                        0.46244579553604126,
                        0.4324631989002228,
                        0.4911895990371704,
                        0.4995781481266022,
                        0.4175863265991211,
                        0.40162089467048645,
                        0.3917357921600342,
                        0.43512463569641113,
                        0.6096786260604858,
                        0.7199934720993042
                    ],
                    [
                        -1.0203723907470703,
                        -1.0630097389221191,
                        -1.2854012250900269,
                        -1.3927502632141113,
                        -1.830458641052246,
                        -1.7996876239776611,
                        -1.842848300933838,
                        -1.5634567737579346,
                        -1.5668144226074219,
                        -1.4785475730895996,
                        -1.4718539714813232,
                        -1.3667829036712646,
                        -1.3164453506469727,
                        -1.276320457458496,
                        -1.2562568187713623,
                        -1.3599298000335693,
                        -1.402906060218811,
                        -1.2575547695159912,
                        -1.4332090616226196,
                        -1.3213725090026855
                    ]
                ]
            ],
            "states": [
                [
                    [
                        6630392.0,
                        1.589785097166896e-05,
                        0.0030998915899544954,
                        575874.875
                    ],
                    [
                        6756368.0,
                        1.5517740393988788e-05,
                        0.00046779168769717216,
                        548346.8125
                    ],
                    [
                        6252464.0,
                        1.5165252079896163e-05,
                        0.0003139808541163802,
                        592422.1875
                    ],
                    [
                        6275632.0,
                        1.4840703443042003e-05,
                        0.0002766261750366539,
                        580548.75
                    ],
                    [
                        5845576.0,
                        1.4539574294758495e-05,
                        0.00026207882910966873,
                        570513.0
                    ],
                    [
                        6198888.0,
                        1.4252340406528674e-05,
                        0.00027697221958078444,
                        604356.0
                    ],
                    [
                        4525000.0,
                        1.4005720004206523e-05,
                        0.00037561735371127725,
                        519198.90625
                    ],
                    [
                        4878312.0,
                        1.3796614439343102e-05,
                        0.000348972505889833,
                        533459.0
                    ],
                    [
                        4776952.0,
                        1.3588255569629837e-05,
                        0.000344088242854923,
                        588163.3125
                    ],
                    [
                        4878312.0,
                        1.3386117643676698e-05,
                        0.00030916635296307504,
                        571568.5625
                    ],
                    [
                        4407712.0,
                        1.3197249245422427e-05,
                        0.00029186115716584027,
                        549308.25
                    ],
                    [
                        4623464.0,
                        1.3018668141739909e-05,
                        0.00031188191496767104,
                        567697.8125
                    ],
                    [
                        5241760.0,
                        1.2829074876208324e-05,
                        0.0003927450452465564,
                        616835.375
                    ],
                    [
                        4287528.0,
                        1.2650972166738939e-05,
                        0.00034627493005245924,
                        586416.5625
                    ],
                    [
                        4679936.0,
                        1.248793432750972e-05,
                        0.00028098482289351523,
                        591184.1875
                    ],
                    [
                        4293320.0,
                        1.2328885532042477e-05,
                        0.0002829945588018745,
                        595186.25
                    ],
                    [
                        2884416.0,
                        1.2204491213196889e-05,
                        0.00027779326774179935,
                        581960.9375
                    ],
                    [
                        4042816.0,
                        1.2086934475519229e-05,
                        0.00029917724896222353,
                        651221.5
                    ],
                    [
                        4267256.0,
                        1.1948805877182167e-05,
                        0.00037997434264980257,
                        587955.875
                    ],
                    [
                        4659664.0,
                        1.1803908819274511e-05,
                        0.00029415389872156084,
                        593533.5625
                    ]
                ]
            ],
            "actions": [
                [
                    [
                        0.5
                    ],
                    [
                        0.5
                    ],
                    [
                        0.5
                    ],
                    [
                        0.5
                    ],
                    [
                        0.5
                    ],
                    [
                        0.5
                    ],
                    [
                        0.5
                    ],
                    [
                        0.5
                    ],
                    [
                        0.5
                    ],
                    [
                        0.5
                    ],
                    [
                        0.5
                    ],
                    [
                        0.5
                    ],
                    [
                        0.5
                    ],
                    [
                        0.5
                    ],
                    [
                        0.5
                    ],
                    [
                        0.5
                    ],
                    [
                        0.5
                    ],
                    [
                        0.5
                    ],
                    [
                        0.5
                    ],
                    [
                        0.5
                    ]
                ]
            ],
            "returns": [
                [
                    [
                        0.4322150647640228
                    ],
                    [
                        0.4312624931335449
                    ],
                    [
                        0.4303082525730133
                    ],
                    [
                        0.42936089634895325
                    ],
                    [
                        0.42841318249702454
                    ],
                    [
                        0.427471786737442
                    ],
                    [
                        0.42652517557144165
                    ],
                    [
                        0.42560648918151855
                    ],
                    [
                        0.4246810972690582
                    ],
                    [
                        0.4237576127052307
                    ],
                    [
                        0.4228322505950928
                    ],
                    [
                        0.42191585898399353
                    ],
                    [
                        0.4209952652454376
                    ],
                    [
                        0.4200635254383087
                    ],
                    [
                        0.41914960741996765
                    ],
                    [
                        0.4182279109954834
                    ],
                    [
                        0.4173138737678528
                    ],
                    [
                        0.4164350926876068
                    ],
                    [
                        0.4155263900756836
                    ],
                    [
                        0.41461288928985596
                    ]
                ]
            ],
            "timesteps": [
                [
                    160,
                    161,
                    162,
                    163,
                    164,
                    165,
                    166,
                    167,
                    168,
                    169,
                    170,
                    171,
                    172,
                    173,
                    174,
                    175,
                    176,
                    177,
                    178,
                    179
                ]
            ],
            "labels": [
                [
                    1,
                    1,
                    1,
                    1,
                    1,
                    1,
                    1,
                    1,
                    1,
                    1,
                    1,
                    1,
                    1,
                    1,
                    1,
                    1,
                    1,
                    1,
                    1,
                    1
                ]
            ],
            "CPU Usage": 45.3,
            "RAM Usage": 55.1,
            "GPU Usage": 0.0,
            "VRAM Usage": 355.0,
            "Disk Read Speed (MB/s)": 206067.1142578125,
            "Disk Write Speed (MB/s)": 373343.2705078125
        },
        {
            "step": 1,
            "train_loss": 0.03267350047826767,
            "actions_pred1": [
                [
                    [
                        0.7278723120689392,
                        0.40527600049972534,
                        0.6267063021659851,
                        -0.9388836026191711
                    ],
                    [
                        0.4734945595264435,
                        0.48907971382141113,
                        0.5733484625816345,
                        -0.7730143070220947
                    ],
                    [
                        0.30436933040618896,
                        0.8032407760620117,
                        0.6613665819168091,
                        -0.8486710786819458
                    ],
                    [
                        0.35236790776252747,
                        0.7362693548202515,
                        0.7402366995811462,
                        -0.8018028736114502
                    ],
                    [
                        0.3547111749649048,
                        0.6880676746368408,
                        0.6863679885864258,
                        -0.903783917427063
                    ],
                    [
                        0.44412192702293396,
                        0.6935089826583862,
                        0.7361761331558228,
                        -0.943817138671875
                    ],
                    [
                        0.35092079639434814,
                        0.6053553819656372,
                        0.7859792709350586,
                        -0.9291290044784546
                    ],
                    [
                        0.17591169476509094,
                        0.5017727017402649,
                        0.7629828453063965,
                        -1.0534493923187256
                    ],
                    [
                        0.3000052273273468,
                        0.4223538637161255,
                        0.6905548572540283,
                        -1.0279901027679443
                    ],
                    [
                        0.3218202292919159,
                        0.614130973815918,
                        0.8603700995445251,
                        -1.0004489421844482
                    ],
                    [
                        0.29603052139282227,
                        0.6962992548942566,
                        0.965377926826477,
                        -0.9405494332313538
                    ],
                    [
                        0.5070374011993408,
                        0.7265390157699585,
                        0.7886976599693298,
                        -1.076267957687378
                    ],
                    [
                        0.6551817059516907,
                        0.6702926754951477,
                        0.8604428768157959,
                        -1.161045789718628
                    ],
                    [
                        0.5447858572006226,
                        0.6104265451431274,
                        0.5988197326660156,
                        -1.1925939321517944
                    ],
                    [
                        0.4269879162311554,
                        0.6713336110115051,
                        0.697697639465332,
                        -1.1091313362121582
                    ],
                    [
                        0.47690942883491516,
                        0.46593838930130005,
                        0.6995266079902649,
                        -1.1884899139404297
                    ],
                    [
                        0.4935080409049988,
                        0.6066652536392212,
                        0.6238250136375427,
                        -1.0086866617202759
                    ],
                    [
                        0.4680691063404083,
                        0.7796852588653564,
                        0.7213740944862366,
                        -0.913125216960907
                    ],
                    [
                        0.42912057042121887,
                        0.8540775775909424,
                        0.7735446691513062,
                        -0.8850586414337158
                    ],
                    [
                        0.39160919189453125,
                        0.8225458264350891,
                        0.7779938578605652,
                        -0.9582951664924622
                    ]
                ]
            ],
            "actions_pred": [
                [
                    [
                        0.7278723120689392,
                        0.4734945595264435,
                        0.30436933040618896,
                        0.35236790776252747,
                        0.3547111749649048,
                        0.44412192702293396,
                        0.35092079639434814,
                        0.17591169476509094,
                        0.3000052273273468,
                        0.3218202292919159,
                        0.29603052139282227,
                        0.5070374011993408,
                        0.6551817059516907,
                        0.5447858572006226,
                        0.4269879162311554,
                        0.47690942883491516,
                        0.4935080409049988,
                        0.4680691063404083,
                        0.42912057042121887,
                        0.39160919189453125
                    ],
                    [
                        0.40527600049972534,
                        0.48907971382141113,
                        0.8032407760620117,
                        0.7362693548202515,
                        0.6880676746368408,
                        0.6935089826583862,
                        0.6053553819656372,
                        0.5017727017402649,
                        0.4223538637161255,
                        0.614130973815918,
                        0.6962992548942566,
                        0.7265390157699585,
                        0.6702926754951477,
                        0.6104265451431274,
                        0.6713336110115051,
                        0.46593838930130005,
                        0.6066652536392212,
                        0.7796852588653564,
                        0.8540775775909424,
                        0.8225458264350891
                    ],
                    [
                        0.6267063021659851,
                        0.5733484625816345,
                        0.6613665819168091,
                        0.7402366995811462,
                        0.6863679885864258,
                        0.7361761331558228,
                        0.7859792709350586,
                        0.7629828453063965,
                        0.6905548572540283,
                        0.8603700995445251,
                        0.965377926826477,
                        0.7886976599693298,
                        0.8604428768157959,
                        0.5988197326660156,
                        0.697697639465332,
                        0.6995266079902649,
                        0.6238250136375427,
                        0.7213740944862366,
                        0.7735446691513062,
                        0.7779938578605652
                    ],
                    [
                        -0.9388836026191711,
                        -0.7730143070220947,
                        -0.8486710786819458,
                        -0.8018028736114502,
                        -0.903783917427063,
                        -0.943817138671875,
                        -0.9291290044784546,
                        -1.0534493923187256,
                        -1.0279901027679443,
                        -1.0004489421844482,
                        -0.9405494332313538,
                        -1.076267957687378,
                        -1.161045789718628,
                        -1.1925939321517944,
                        -1.1091313362121582,
                        -1.1884899139404297,
                        -1.0086866617202759,
                        -0.913125216960907,
                        -0.8850586414337158,
                        -0.9582951664924622
                    ]
                ]
            ],
            "states": [
                [
                    [
                        5305472.0,
                        8.719099241716322e-06,
                        0.00013201982073951513,
                        847637.0625
                    ],
                    [
                        5427104.0,
                        8.626127055322286e-06,
                        0.00013791865785606205,
                        798609.0
                    ],
                    [
                        5450272.0,
                        8.533900654583704e-06,
                        0.00014453318726737052,
                        879716.5
                    ],
                    [
                        5114336.0,
                        8.446181709587108e-06,
                        0.00014699026360176504,
                        849232.5625
                    ],
                    [
                        5466200.0,
                        8.360139872820582e-06,
                        0.00016071676509454846,
                        823946.3125
                    ],
                    [
                        5315608.0,
                        8.27424355520634e-06,
                        0.00016249381587840617,
                        854104.0625
                    ],
                    [
                        5602312.0,
                        8.189044820028357e-06,
                        0.0001488575799157843,
                        832423.8125
                    ],
                    [
                        5063656.0,
                        8.107467692752834e-06,
                        0.00016087492986116558,
                        837260.4375
                    ],
                    [
                        5243208.0,
                        8.030191565921996e-06,
                        0.00016716374375391752,
                        847603.1875
                    ],
                    [
                        5813720.0,
                        7.948916390887462e-06,
                        0.00019032474665436894,
                        855439.25
                    ],
                    [
                        5408280.0,
                        7.868069587857462e-06,
                        0.00018542619363870472,
                        819410.4375
                    ],
                    [
                        5082480.0,
                        7.7939621405676e-06,
                        0.000198170033399947,
                        886572.3125
                    ],
                    [
                        5553080.0,
                        7.720262146904133e-06,
                        0.0001916241308208555,
                        834980.5
                    ],
                    [
                        5222936.0,
                        7.646989615750499e-06,
                        0.0002063407882815227,
                        810099.0
                    ],
                    [
                        5267824.0,
                        7.57698762754444e-06,
                        0.00023895764024928212,
                        771615.4375
                    ],
                    [
                        5292440.0,
                        7.507794634875609e-06,
                        0.00025051896227523685,
                        873322.6875
                    ],
                    [
                        5603760.0,
                        7.437720341840759e-06,
                        0.0002676467993296683,
                        855312.0625
                    ],
                    [
                        5289312.0,
                        7.368956630671164e-06,
                        0.0002700872428249568,
                        823382.9375
                    ],
                    [
                        5275296.0,
                        7.303467100427952e-06,
                        0.0002660537720657885,
                        780031.4375
                    ],
                    [
                        5143296.0,
                        7.240012109832605e-06,
                        0.00026454709586687386,
                        808306.8125
                    ]
                ]
            ],
            "actions": [
                [
                    [
                        0.75
                    ],
                    [
                        0.75
                    ],
                    [
                        0.75
                    ],
                    [
                        0.75
                    ],
                    [
                        0.75
                    ],
                    [
                        0.75
                    ],
                    [
                        0.75
                    ],
                    [
                        0.75
                    ],
                    [
                        0.75
                    ],
                    [
                        0.75
                    ],
                    [
                        0.75
                    ],
                    [
                        0.75
                    ],
                    [
                        0.75
                    ],
                    [
                        0.75
                    ],
                    [
                        0.75
                    ],
                    [
                        0.75
                    ],
                    [
                        0.75
                    ],
                    [
                        0.75
                    ],
                    [
                        0.75
                    ],
                    [
                        0.75
                    ]
                ]
            ],
            "returns": [
                [
                    [
                        0.5055230259895325
                    ],
                    [
                        0.5045902132987976
                    ],
                    [
                        0.5036553740501404
                    ],
                    [
                        0.5027201771736145
                    ],
                    [
                        0.5017906427383423
                    ],
                    [
                        0.5008551478385925
                    ],
                    [
                        0.4999221861362457
                    ],
                    [
                        0.49898457527160645
                    ],
                    [
                        0.49805590510368347
                    ],
                    [
                        0.4971241354942322
                    ],
                    [
                        0.49618321657180786
                    ],
                    [
                        0.4952487051486969
                    ],
                    [
                        0.49431970715522766
                    ],
                    [
                        0.49338284134864807
                    ],
                    [
                        0.49245142936706543
                    ],
                    [
                        0.4915192425251007
                    ],
                    [
                        0.49058666825294495
                    ],
                    [
                        0.4896489977836609
                    ],
                    [
                        0.4887164533138275
                    ],
                    [
                        0.48778414726257324
                    ]
                ]
            ],
            "timesteps": [
                [
                    80,
                    81,
                    82,
                    83,
                    84,
                    85,
                    86,
                    87,
                    88,
                    89,
                    90,
                    91,
                    92,
                    93,
                    94,
                    95,
                    96,
                    97,
                    98,
                    99
                ]
            ],
            "labels": [
                [
                    2,
                    2,
                    2,
                    2,
                    2,
                    2,
                    2,
                    2,
                    2,
                    2,
                    2,
                    2,
                    2,
                    2,
                    2,
                    2,
                    2,
                    2,
                    2,
                    2
                ]
            ],
            "CPU Usage": 46.7,
            "RAM Usage": 55.3,
            "GPU Usage": 0.0,
            "VRAM Usage": 355.0,
            "Disk Read Speed (MB/s)": 206067.1142578125,
            "Disk Write Speed (MB/s)": 373343.3251953125
        },
        {
            "step": 2,
            "train_loss": 0.032694023102521896,
            "actions_pred1": [
                [
                    [
                        0.35946473479270935,
                        0.6458934545516968,
                        0.7084541320800781,
                        -0.833889901638031
                    ],
                    [
                        0.38076281547546387,
                        0.6584808826446533,
                        0.7248255610466003,
                        -0.8706966638565063
                    ],
                    [
                        0.34489548206329346,
                        0.7070350646972656,
                        0.7979767918586731,
                        -1.0222865343093872
                    ],
                    [
                        0.23059289157390594,
                        0.7367033958435059,
                        0.7389358282089233,
                        -1.0420595407485962
                    ],
                    [
                        0.2157871574163437,
                        0.9196813106536865,
                        0.6290766596794128,
                        -1.1048400402069092
                    ],
                    [
                        0.3082622289657593,
                        0.8090366125106812,
                        0.6692139506340027,
                        -1.0010874271392822
                    ],
                    [
                        0.4378945231437683,
                        0.8290270566940308,
                        0.574509859085083,
                        -0.9225424528121948
                    ],
                    [
                        0.1613011360168457,
                        0.8976601958274841,
                        0.8808372616767883,
                        -0.9212198853492737
                    ],
                    [
                        0.1323356032371521,
                        0.9649895429611206,
                        0.9613702893257141,
                        -0.8926606774330139
                    ],
                    [
                        0.02209150791168213,
                        0.9101428985595703,
                        0.9747381806373596,
                        -0.9584848284721375
                    ],
                    [
                        0.007268369197845459,
                        0.9443822503089905,
                        1.062780737876892,
                        -1.119400978088379
                    ],
                    [
                        0.1866549700498581,
                        0.81174635887146,
                        0.8933116793632507,
                        -0.9629774689674377
                    ],
                    [
                        0.20410624146461487,
                        0.759486973285675,
                        0.9407459497451782,
                        -1.0535547733306885
                    ],
                    [
                        0.1360226720571518,
                        0.6340904831886292,
                        0.9549087285995483,
                        -0.9693042039871216
                    ],
                    [
                        0.3001744747161865,
                        0.7828478813171387,
                        0.9173822999000549,
                        -1.1441574096679688
                    ],
                    [
                        0.3121492266654968,
                        0.7533464431762695,
                        0.7075040340423584,
                        -0.9141208529472351
                    ],
                    [
                        0.37643301486968994,
                        0.8044235706329346,
                        0.6608090996742249,
                        -0.836462676525116
                    ],
                    [
                        0.40415656566619873,
                        0.7654216289520264,
                        0.6376115083694458,
                        -0.8800004720687866
                    ],
                    [
                        0.548879861831665,
                        0.7572885751724243,
                        0.7646527290344238,
                        -0.9488803148269653
                    ],
                    [
                        0.3983639180660248,
                        0.864970862865448,
                        0.7461674809455872,
                        -0.9546794295310974
                    ]
                ]
            ],
            "actions_pred": [
                [
                    [
                        0.35946473479270935,
                        0.38076281547546387,
                        0.34489548206329346,
                        0.23059289157390594,
                        0.2157871574163437,
                        0.3082622289657593,
                        0.4378945231437683,
                        0.1613011360168457,
                        0.1323356032371521,
                        0.02209150791168213,
                        0.007268369197845459,
                        0.1866549700498581,
