{
    "steps": [
        {
            "step": 0,
            "train_loss": 0.03415723890066147,
            "actions_pred1": [
                [
                    [
                        0.038892440497875214,
                        0.32192081212997437,
                        0.2999502718448639,
                        0.15918144583702087
                    ],
                    [
                        0.37734416127204895,
                        0.15827293694019318,
                        0.3517114520072937,
                        0.06553143262863159
                    ],
                    [
                        0.2579565644264221,
                        0.20604559779167175,
                        0.33345869183540344,
                        0.12457829713821411
                    ],
                    [
                        0.23912587761878967,
                        0.21524155139923096,
                        0.35227301716804504,
                        0.08284226059913635
                    ],
                    [
                        0.22427219152450562,
                        0.15066291391849518,
                        0.34271150827407837,
                        0.052300989627838135
                    ],
                    [
                        0.09998990595340729,
                        0.0664878785610199,
                        0.5644585490226746,
                        0.2360626757144928
                    ],
                    [
                        0.20250195264816284,
                        -0.027652204036712646,
                        0.6229901313781738,
                        0.28457406163215637
                    ],
                    [
                        0.22449250519275665,
                        -0.017842531204223633,
                        0.5871244668960571,
                        0.2686501145362854
                    ],
                    [
                        0.13736775517463684,
                        0.042898036539554596,
                        0.5753588676452637,
                        0.17975465953350067
                    ],
                    [
                        0.10024214535951614,
                        0.13461557030677795,
                        0.5043684244155884,
                        0.21404136717319489
                    ],
                    [
                        0.10301825404167175,
                        0.1443299651145935,
                        0.5367578268051147,
                        0.23190808296203613
                    ],
                    [
                        0.07470700889825821,
                        0.11491715162992477,
                        0.4754827320575714,
                        0.08292774856090546
                    ],
                    [
                        0.004804059863090515,
                        0.1018437072634697,
                        0.40380150079727173,
                        0.09711739420890808
                    ],
                    [
                        0.010074920952320099,
                        0.11294862627983093,
                        0.5295290946960449,
                        0.11403769254684448
                    ],
                    [
                        -0.1320079267024994,
                        -0.1679244041442871,
                        0.7637028694152832,
                        0.13001564145088196
                    ],
                    [
                        -0.0747700035572052,
                        0.013957701623439789,
                        0.7604975700378418,
                        0.08660188317298889
                    ],
                    [
                        -0.08836208283901215,
                        0.06152145564556122,
                        0.6622419953346252,
                        0.06994098424911499
                    ],
                    [
                        -0.01459447294473648,
                        0.13771376013755798,
                        0.5654080510139465,
                        -0.053886935114860535
                    ],
                    [
                        -0.15573260188102722,
                        0.28099408745765686,
                        0.6820662617683411,
                        -0.14957350492477417
                    ],
                    [
                        -0.02812485583126545,
                        0.20655831694602966,
                        0.6200637817382812,
                        -0.041199907660484314
                    ]
                ]
            ],
            "actions_pred": [
                [
                    [
                        0.038892440497875214,
                        0.37734416127204895,
                        0.2579565644264221,
                        0.23912587761878967,
                        0.22427219152450562,
                        0.09998990595340729,
                        0.20250195264816284,
                        0.22449250519275665,
                        0.13736775517463684,
                        0.10024214535951614,
                        0.10301825404167175,
                        0.07470700889825821,
                        0.004804059863090515,
                        0.010074920952320099,
                        -0.1320079267024994,
                        -0.0747700035572052,
                        -0.08836208283901215,
                        -0.01459447294473648,
                        -0.15573260188102722,
                        -0.02812485583126545
                    ],
                    [
                        0.32192081212997437,
                        0.15827293694019318,
                        0.20604559779167175,
                        0.21524155139923096,
                        0.15066291391849518,
                        0.0664878785610199,
                        -0.027652204036712646,
                        -0.017842531204223633,
                        0.042898036539554596,
                        0.13461557030677795,
                        0.1443299651145935,
                        0.11491715162992477,
                        0.1018437072634697,
                        0.11294862627983093,
                        -0.1679244041442871,
                        0.013957701623439789,
                        0.06152145564556122,
                        0.13771376013755798,
                        0.28099408745765686,
                        0.20655831694602966
                    ],
                    [
                        0.2999502718448639,
                        0.3517114520072937,
                        0.33345869183540344,
                        0.35227301716804504,
                        0.34271150827407837,
                        0.5644585490226746,
                        0.6229901313781738,
                        0.5871244668960571,
                        0.5753588676452637,
                        0.5043684244155884,
                        0.5367578268051147,
                        0.4754827320575714,
                        0.40380150079727173,
                        0.5295290946960449,
                        0.7637028694152832,
                        0.7604975700378418,
                        0.6622419953346252,
                        0.5654080510139465,
                        0.6820662617683411,
                        0.6200637817382812
                    ],
                    [
                        0.15918144583702087,
                        0.06553143262863159,
                        0.12457829713821411,
                        0.08284226059913635,
                        0.052300989627838135,
                        0.2360626757144928,
                        0.28457406163215637,
                        0.2686501145362854,
                        0.17975465953350067,
                        0.21404136717319489,
                        0.23190808296203613,
                        0.08292774856090546,
                        0.09711739420890808,
                        0.11403769254684448,
                        0.13001564145088196,
                        0.08660188317298889,
                        0.06994098424911499,
                        -0.053886935114860535,
                        -0.14957350492477417,
                        -0.041199907660484314
                    ]
                ]
            ],
            "states": [
                [
                    [
                        5334432.0,
                        2.079466503346339e-05,
                        0.00026978878304362297,
                        822567.125
                    ],
                    [
                        5450272.0,
                        2.0477313228184357e-05,
                        0.00027627943200059235,
                        856531.375
                    ],
                    [
                        5496608.0,
                        2.0164978195680305e-05,
                        0.00025924446526914835,
                        796247.875
                    ],
                    [
                        5340224.0,
                        1.901392352010589e-05,
                        0.006524195894598961,
                        835512.25
                    ],
                    [
                        5366288.0,
                        1.8750137314782478e-05,
                        0.002146858023479581,
                        813363.3125
                    ],
                    [
                        5389456.0,
                        1.8492408344172873e-05,
                        0.0023773028515279293,
                        845072.375
                    ],
                    [
                        5118680.0,
                        1.8247363186674193e-05,
                        0.0020079242531210184,
                        804446.8125
                    ],
                    [
                        5463304.0,
                        1.8007134713116102e-05,
                        0.0019139255164191127,
                        824885.1875
                    ],
                    [
                        5337328.0,
                        1.7768334146239795e-05,
                        0.0013429223326966166,
                        814676.0
                    ],
                    [
                        5398144.0,
                        1.753715696395375e-05,
                        0.0011628043139353395,
                        805373.25
                    ],
                    [
                        5337328.0,
                        1.7311906049144454e-05,
                        0.0009117702720686793,
                        826102.5
                    ],
                    [
                        5053520.0,
                        1.709933530946728e-05,
                        0.000803604198154062,
                        828294.75
                    ],
                    [
                        5891912.0,
                        1.6881092960829847e-05,
                        0.000699773314408958,
                        791778.0625
                    ],
                    [
                        5104200.0,
                        1.6667219824739732e-05,
                        0.0006680691731162369,
                        868015.875
                    ],
                    [
                        5372080.0,
                        1.646851160330698e-05,
                        0.0005246230284683406,
                        748358.1875
                    ],
                    [
                        5262032.0,
                        1.6271596905426122e-05,
                        0.00046889804070815444,
                        796238.875
                    ],
                    [
                        5473440.0,
                        1.6077548934845254e-05,
                        0.00035997320082969964,
                        812237.5625
                    ],
                    [
                        4978224.0,
                        1.589297789905686e-05,
                        0.00037329201586544514,
                        806297.3125
                    ],
                    [
                        5450272.0,
                        1.571305256220512e-05,
                        0.00029995679506100714,
                        802099.3125
                    ],
                    [
                        5424208.0,
                        1.5529669326497242e-05,
                        0.0002722619683481753,
                        836648.625
                    ]
                ]
            ],
            "actions": [
                [
                    [
                        0.75
                    ],
                    [
                        0.75
                    ],
                    [
                        0.75
                    ],
                    [
                        0.75
                    ],
                    [
                        0.75
                    ],
                    [
                        0.75
                    ],
                    [
                        0.75
                    ],
                    [
                        0.75
                    ],
                    [
                        0.75
                    ],
                    [
                        0.75
                    ],
                    [
                        0.75
                    ],
                    [
                        0.75
                    ],
                    [
                        0.75
                    ],
                    [
                        0.75
                    ],
                    [
                        0.75
                    ],
                    [
                        0.75
                    ],
                    [
                        0.75
                    ],
                    [
                        0.75
                    ],
                    [
                        0.75
                    ],
                    [
                        0.75
                    ]
                ]
            ],
            "returns": [
                [
                    [
                        0.3232199251651764
                    ],
                    [
                        0.3222866356372833
                    ],
                    [
                        0.32135143876075745
                    ],
                    [
                        0.3204154968261719
                    ],
                    [
                        0.31948211789131165
                    ],
                    [
                        0.3185482919216156
                    ],
                    [
                        0.3176141083240509
                    ],
                    [
                        0.31668445467948914
                    ],
                    [
                        0.31574904918670654
                    ],
                    [
                        0.3148157298564911
                    ],
                    [
                        0.31388136744499207
                    ],
                    [
                        0.3129480481147766
                    ],
                    [
                        0.3120195269584656
                    ],
                    [
                        0.31107744574546814
                    ],
                    [
                        0.31014806032180786
                    ],
                    [
                        0.30921414494514465
                    ],
                    [
                        0.3082820773124695
                    ],
                    [
                        0.30734649300575256
                    ],
                    [
                        0.306419312953949
                    ],
                    [
                        0.3054841458797455
                    ]
                ]
            ],
            "timesteps": [
                [
                    280,
                    281,
                    282,
                    283,
                    284,
                    285,
                    286,
                    287,
                    288,
                    289,
                    290,
                    291,
                    292,
                    293,
                    294,
                    295,
                    296,
                    297,
                    298,
                    299
                ]
            ],
            "labels": [
                [
                    2,
                    2,
                    2,
                    2,
                    2,
                    2,
                    2,
                    2,
                    2,
                    2,
                    2,
                    2,
                    2,
                    2,
                    2,
                    2,
                    2,
                    2,
                    2,
                    2
                ]
            ],
            "CPU Usage": 45.8,
            "RAM Usage": 55.2,
            "GPU Usage": 0.0,
            "VRAM Usage": 355.0,
            "Disk Read Speed (MB/s)": 206025.7626953125,
            "Disk Write Speed (MB/s)": 352632.0791015625
        },
        {
            "step": 1,
            "train_loss": 0.02618793211877346,
            "actions_pred1": [
                [
                    [
                        0.31228941679000854,
                        -0.13407450914382935,
                        0.597922146320343,
                        -0.04370659589767456
                    ],
                    [
                        0.18614521622657776,
                        -0.05141627788543701,
                        0.679460346698761,
                        -0.1168333888053894
                    ],
                    [
                        0.18480829894542694,
                        -0.10320363193750381,
                        0.7493016719818115,
                        -0.047049254179000854
                    ],
                    [
                        0.19002480804920197,
                        -0.10711280256509781,
                        0.8903688192367554,
                        -0.12561368942260742
                    ],
                    [
                        0.22134408354759216,
                        0.02784276008605957,
                        0.9335294961929321,
                        -0.09816640615463257
                    ],
                    [
                        0.30555447936058044,
                        -0.05573725700378418,
                        0.8414570093154907,
                        -0.01664605736732483
                    ],
                    [
                        0.2082895040512085,
                        -0.07919219136238098,
                        0.6402021050453186,
                        -0.04155579209327698
                    ],
                    [
                        0.28929784893989563,
                        0.025098197162151337,
                        0.6977202296257019,
                        -0.009904474020004272
                    ],
                    [
                        0.26959913969039917,
                        0.03519456833600998,
                        0.6986074447631836,
                        -0.007837742567062378
                    ],
                    [
                        0.11152873188257217,
                        -0.03392951935529709,
                        0.8247242569923401,
                        -0.08752557635307312
                    ],
                    [
                        0.13984771072864532,
                        0.05497276410460472,
                        1.0327554941177368,
                        -0.11812466382980347
                    ],
                    [
                        0.12348197400569916,
                        0.02324812486767769,
                        0.9866325259208679,
                        -0.052707821130752563
                    ],
                    [
                        0.05652487277984619,
                        -0.10255487263202667,
                        0.9683208465576172,
                        -0.09969556331634521
                    ],
                    [
                        0.11100273579359055,
                        -0.03200418874621391,
                        1.021619200706482,
                        -0.13333849608898163
                    ],
                    [
                        0.136256605386734,
                        -0.03606142848730087,
                        1.007817268371582,
                        -0.13383719325065613
                    ],
                    [
                        0.15454192459583282,
                        -0.01961405575275421,
                        0.966478705406189,
                        -0.08852642774581909
                    ],
                    [
                        0.06023082137107849,
                        -0.05738312751054764,
                        0.8986767530441284,
                        -0.05810973048210144
                    ],
                    [
                        0.014096088707447052,
                        0.06350477039813995,
                        0.9104216694831848,
                        -0.01810622215270996
                    ],
                    [
                        0.09553425759077072,
                        0.04821406677365303,
                        0.9310418963432312,
                        -0.03576397895812988
                    ],
                    [
                        0.08042272925376892,
                        0.05863966792821884,
                        0.9674322009086609,
                        -0.05687960982322693
                    ]
                ]
            ],
            "actions_pred": [
                [
                    [
                        0.31228941679000854,
                        0.18614521622657776,
                        0.18480829894542694,
                        0.19002480804920197,
                        0.22134408354759216,
                        0.30555447936058044,
                        0.2082895040512085,
                        0.28929784893989563,
                        0.26959913969039917,
                        0.11152873188257217,
                        0.13984771072864532,
                        0.12348197400569916,
                        0.05652487277984619,
                        0.11100273579359055,
                        0.136256605386734,
                        0.15454192459583282,
                        0.06023082137107849,
                        0.014096088707447052,
                        0.09553425759077072,
                        0.08042272925376892
                    ],
                    [
                        -0.13407450914382935,
                        -0.05141627788543701,
                        -0.10320363193750381,
                        -0.10711280256509781,
                        0.02784276008605957,
                        -0.05573725700378418,
                        -0.07919219136238098,
                        0.025098197162151337,
                        0.03519456833600998,
                        -0.03392951935529709,
                        0.05497276410460472,
                        0.02324812486767769,
                        -0.10255487263202667,
                        -0.03200418874621391,
                        -0.03606142848730087,
                        -0.01961405575275421,
                        -0.05738312751054764,
                        0.06350477039813995,
                        0.04821406677365303,
                        0.05863966792821884
                    ],
                    [
                        0.597922146320343,
                        0.679460346698761,
                        0.7493016719818115,
                        0.8903688192367554,
                        0.9335294961929321,
                        0.8414570093154907,
                        0.6402021050453186,
                        0.6977202296257019,
                        0.6986074447631836,
                        0.8247242569923401,
                        1.0327554941177368,
                        0.9866325259208679,
                        0.9683208465576172,
                        1.021619200706482,
                        1.007817268371582,
                        0.966478705406189,
                        0.8986767530441284,
                        0.9104216694831848,
                        0.9310418963432312,
                        0.9674322009086609
                    ],
                    [
                        -0.04370659589767456,
                        -0.1168333888053894,
                        -0.047049254179000854,
                        -0.12561368942260742,
                        -0.09816640615463257,
                        -0.01664605736732483,
                        -0.04155579209327698,
                        -0.009904474020004272,
                        -0.007837742567062378,
                        -0.08752557635307312,
                        -0.11812466382980347,
                        -0.052707821130752563,
                        -0.09969556331634521,
                        -0.13333849608898163,
                        -0.13383719325065613,
                        -0.08852642774581909,
                        -0.05810973048210144,
                        -0.01810622215270996,
                        -0.03576397895812988,
                        -0.05687960982322693
                    ]
                ]
            ],
            "states": [
                [
                    [
                        3105960.0,
                        0.00044856633758172393,
                        0.0002628508664201945,
                        907599.4375
                    ],
                    [
                        3777832.0,
                        0.00036993034882470965,
                        0.00026417680783197284,
                        946940.1875
                    ],
                    [
                        4115216.0,
                        0.00030784233240410686,
                        0.0002805523981805891,
                        868017.4375
                    ],
                    [
                        4368616.0,
                        0.0002607771893963218,
                        0.00026978878304362297,
                        839353.625
                    ],
                    [
                        5060760.0,
                        0.0002229743986390531,
                        0.00027627943200059235,
                        780951.6875
                    ],
                    [
                        5356152.0,
                        0.00019212921324651688,
                        0.00025924446526914835,
                        788666.125
                    ],
                    [
                        5373528.0,
                        0.00012254947796463966,
                        0.006524195894598961,
                        846197.875
                    ],
                    [
                        5111440.0,
                        0.00011254391574766487,
                        0.002146858023479581,
                        777919.5
                    ],
                    [
                        5496608.0,
                        0.00010397062578704208,
                        0.0023773028515279293,
                        803926.1875
                    ],
                    [
                        5341672.0,
                        9.645324462326244e-05,
                        0.0020079242531210184,
                        853121.5
                    ],
                    [
                        5344568.0,
                        9.003730519907549e-05,
                        0.0019139255164191127,
                        790495.3125
                    ],
                    [
                        5479232.0,
                        8.435636846115813e-05,
                        0.0013429223326966166,
                        807753.3125
                    ],
                    [
                        5356152.0,
                        7.934254972497001e-05,
                        0.0011628043139353395,
                        855534.6875
                    ],
                    [
                        5398144.0,
                        7.492363511119038e-05,
                        0.0009117702720686793,
                        841216.6875
                    ],
                    [
                        5729736.0,
                        7.084311073413119e-05,
                        0.000803604198154062,
                        821157.125
                    ],
                    [
                        5244656.0,
                        6.722798570990562e-05,
                        0.000699773314408958,
                        790182.875
                    ],
                    [
                        5503848.0,
                        6.403109728125855e-05,
                        0.0006680691731162369,
                        817074.375
                    ],
                    [
                        5367736.0,
                        6.109109381213784e-05,
                        0.0005246230284683406,
                        814748.3125
                    ],
                    [
                        5217144.0,
                        5.847758802701719e-05,
                        0.00046889804070815444,
                        836873.125
                    ],
                    [
                        5033248.0,
                        5.6151271564885974e-05,
                        0.00035997320082969964,
                        833663.1875
                    ]
                ]
            ],
            "actions": [
                [
                    [
                        0.75
                    ],
                    [
                        0.75
                    ],
                    [
                        0.75
                    ],
                    [
                        0.75
                    ],
                    [
                        0.75
                    ],
                    [
                        0.75
                    ],
                    [
                        0.75
                    ],
                    [
                        0.75
                    ],
                    [
                        0.75
                    ],
                    [
                        0.75
                    ],
                    [
                        0.75
                    ],
                    [
                        0.75
                    ],
                    [
                        0.75
                    ],
                    [
                        0.75
                    ],
                    [
                        0.75
                    ],
                    [
                        0.75
                    ],
                    [
                        0.75
                    ],
                    [
                        0.75
                    ],
                    [
                        0.75
                    ],
                    [
                        0.75
                    ]
                ]
            ],
            "returns": [
                [
                    [
                        0.37910521030426025
                    ],
                    [
                        0.378219872713089
                    ],
                    [
                        0.3773171603679657
                    ],
                    [
                        0.37640687823295593
                    ],
                    [
                        0.37549129128456116
                    ],
                    [
                        0.37456268072128296
                    ],
                    [
                        0.37362903356552124
                    ],
                    [
                        0.37269508838653564
                    ],
                    [
                        0.3717655837535858
                    ],
                    [
                        0.37082964181900024
                    ],
                    [
                        0.3698962330818176
                    ],
                    [
                        0.36896276473999023
                    ],
                    [
                        0.36802709102630615
                    ],
                    [
                        0.36709344387054443
                    ],
                    [
                        0.3661591112613678
                    ],
                    [
                        0.36521947383880615
                    ],
                    [
                        0.36428767442703247
                    ],
                    [
                        0.36335161328315735
                    ],
                    [
                        0.3624177873134613
                    ],
                    [
                        0.3614864647388458
                    ]
                ]
            ],
            "timesteps": [
                [
                    220,
                    221,
                    222,
                    223,
                    224,
                    225,
                    226,
                    227,
                    228,
                    229,
                    230,
                    231,
                    232,
                    233,
                    234,
                    235,
                    236,
                    237,
                    238,
                    239
                ]
            ],
            "labels": [
                [
                    2,
                    2,
                    2,
                    2,
                    2,
                    2,
                    2,
                    2,
                    2,
                    2,
                    2,
                    2,
                    2,
                    2,
                    2,
                    2,
                    2,
                    2,
                    2,
                    2
                ]
            ],
            "CPU Usage": 46.7,
            "RAM Usage": 55.3,
            "GPU Usage": 0.0,
            "VRAM Usage": 355.0,
            "Disk Read Speed (MB/s)": 206025.7626953125,
            "Disk Write Speed (MB/s)": 352632.4345703125
        },
        {
            "step": 2,
            "train_loss": 0.0490291565656662,
            "actions_pred1": [
                [
                    [
                        0.07507586479187012,
                        -0.16066193580627441,
                        0.7651236057281494,
                        -0.2131272405385971
                    ],
                    [
                        0.1941201090812683,
                        -0.006507217884063721,
                        0.7515701651573181,
                        -0.08848404884338379
                    ],
                    [
                        0.2104843705892563,
                        0.04084768891334534,
                        0.7454955577850342,
                        0.03834182024002075
                    ],
                    [
                        0.2648013234138489,
                        0.09916520118713379,
                        0.7703296542167664,
                        0.011701226234436035
                    ],
                    [
                        0.13946789503097534,
                        0.20040926337242126,
                        0.7956740856170654,
                        -0.1238727867603302
                    ],
                    [
                        0.20593884587287903,
                        0.25944748520851135,
                        0.8418903946876526,
                        -0.1994759738445282
                    ],
                    [
                        0.15184913575649261,
                        0.23651458323001862,
                        0.9105657339096069,
                        -0.2078130841255188
                    ],
                    [
                        0.14120541512966156,
                        0.19279885292053223,
                        0.903222382068634,
                        -0.11947661638259888
                    ],
                    [
                        0.04889412969350815,
                        0.31614139676094055,
                        0.873820960521698,
                        -0.10417884588241577
                    ],
                    [
                        0.13925424218177795,
                        0.14346538484096527,
                        0.878598690032959,
                        0.016753345727920532
                    ],
                    [
                        0.22742241621017456,
                        0.09848134219646454,
                        0.8811213374137878,
                        0.0044110119342803955
                    ],
                    [
                        0.08592843264341354,
                        0.06731439381837845,
                        0.8496450185775757,
                        -0.08503365516662598
                    ],
                    [
                        -0.05347362160682678,
                        0.18221469223499298,
                        0.6837326884269714,
                        -0.06780225038528442
                    ],
                    [
                        0.0003369152545928955,
                        0.2424953430891037,
                        0.77606600522995,
                        -0.06556761264801025
                    ],
                    [
                        0.09065675735473633,
                        0.13916659355163574,
                        0.7757520079612732,
                        -0.01107877492904663
                    ],
                    [
                        0.13343296945095062,
                        0.11755608022212982,
                        0.760277509689331,
                        -0.021848440170288086
                    ],
                    [
                        0.17838937044143677,
                        0.1281297206878662,
                        0.8321961760520935,
                        -0.030928105115890503
                    ],
                    [
                        0.15893365442752838,
                        0.09444637596607208,
                        0.7778267860412598,
                        -0.07401847839355469
                    ],
                    [
                        0.051226675510406494,
                        0.06736186146736145,
                        0.8751405477523804,
                        -0.22736841440200806
                    ],
                    [
                        0.1014626994729042,
                        0.12734854221343994,
                        0.8905850052833557,
                        -0.20562711358070374
                    ]
                ]
            ],
            "actions_pred": [
                [
                    [
                        0.07507586479187012,
                        0.1941201090812683,
                        0.2104843705892563,
                        0.2648013234138489,
