{
    "steps": [
        {
            "step": 0,
            "train_loss": 0.007952189072966576,
            "actions_pred1": [
                [
                    [
                        2.039188861846924,
                        3.256140947341919,
                        0.34054434299468994,
                        -4.343214988708496
                    ],
                    [
                        2.556434154510498,
                        2.567504405975342,
                        0.224942147731781,
                        -5.079774856567383
                    ],
                    [
                        2.427607536315918,
                        3.0654497146606445,
                        -0.24593162536621094,
                        -5.4978718757629395
                    ],
                    [
                        2.0377721786499023,
                        3.4646871089935303,
                        -0.3049202561378479,
                        -5.4217376708984375
                    ],
                    [
                        2.217500925064087,
                        3.4413630962371826,
                        -0.28402671217918396,
                        -5.841108798980713
                    ],
                    [
                        2.2485179901123047,
                        3.283115863800049,
                        -0.3252294957637787,
                        -6.589700222015381
                    ],
                    [
                        2.1525332927703857,
                        3.690154790878296,
                        -0.18572181463241577,
                        -6.782284736633301
                    ],
                    [
                        2.0355224609375,
                        3.634974479675293,
                        -0.5510307550430298,
                        -6.82568883895874
                    ],
                    [
                        2.1280369758605957,
                        3.4965717792510986,
                        -0.7702082395553589,
                        -6.998737812042236
                    ],
                    [
                        2.252554416656494,
                        3.651669502258301,
                        -0.6980698108673096,
                        -6.964875221252441
                    ],
                    [
                        2.303342342376709,
                        3.6897776126861572,
                        -0.626702606678009,
                        -6.926239490509033
                    ],
                    [
                        2.29563307762146,
                        3.7278342247009277,
                        -0.45222532749176025,
                        -6.7975053787231445
                    ],
                    [
                        2.5172903537750244,
                        3.7315452098846436,
                        -0.5292085409164429,
                        -6.742714881896973
                    ],
                    [
                        2.6125240325927734,
                        4.031033992767334,
                        -0.671197772026062,
                        -6.7624359130859375
                    ],
                    [
                        2.4789085388183594,
                        4.337485313415527,
                        -0.5770598649978638,
                        -7.228949069976807
                    ],
                    [
                        2.4991612434387207,
                        4.566944599151611,
                        -0.5882794857025146,
                        -7.232046127319336
                    ],
                    [
                        2.324734687805176,
                        4.507387161254883,
                        -0.3319742977619171,
                        -7.447539806365967
                    ],
                    [
                        2.7482051849365234,
                        4.380024433135986,
                        -0.4154290556907654,
                        -7.2055182456970215
                    ],
                    [
                        2.674090623855591,
                        4.365004062652588,
                        -0.6490890383720398,
                        -7.1617937088012695
                    ],
                    [
                        2.6716809272766113,
                        4.270757675170898,
                        -0.6558895707130432,
                        -7.07235050201416
                    ]
                ]
            ],
            "actions_pred": [
                [
                    [
                        2.039188861846924,
                        2.556434154510498,
                        2.427607536315918,
                        2.0377721786499023,
                        2.217500925064087,
                        2.2485179901123047,
                        2.1525332927703857,
                        2.0355224609375,
                        2.1280369758605957,
                        2.252554416656494,
                        2.303342342376709,
                        2.29563307762146,
                        2.5172903537750244,
                        2.6125240325927734,
                        2.4789085388183594,
                        2.4991612434387207,
                        2.324734687805176,
                        2.7482051849365234,
                        2.674090623855591,
                        2.6716809272766113
                    ],
                    [
                        3.256140947341919,
                        2.567504405975342,
                        3.0654497146606445,
                        3.4646871089935303,
                        3.4413630962371826,
                        3.283115863800049,
                        3.690154790878296,
                        3.634974479675293,
                        3.4965717792510986,
                        3.651669502258301,
                        3.6897776126861572,
                        3.7278342247009277,
                        3.7315452098846436,
                        4.031033992767334,
                        4.337485313415527,
                        4.566944599151611,
                        4.507387161254883,
                        4.380024433135986,
                        4.365004062652588,
                        4.270757675170898
                    ],
                    [
                        0.34054434299468994,
                        0.224942147731781,
                        -0.24593162536621094,
                        -0.3049202561378479,
                        -0.28402671217918396,
                        -0.3252294957637787,
                        -0.18572181463241577,
                        -0.5510307550430298,
                        -0.7702082395553589,
                        -0.6980698108673096,
                        -0.626702606678009,
                        -0.45222532749176025,
                        -0.5292085409164429,
                        -0.671197772026062,
                        -0.5770598649978638,
                        -0.5882794857025146,
                        -0.3319742977619171,
                        -0.4154290556907654,
                        -0.6490890383720398,
                        -0.6558895707130432
                    ],
                    [
                        -4.343214988708496,
                        -5.079774856567383,
                        -5.4978718757629395,
                        -5.4217376708984375,
                        -5.841108798980713,
                        -6.589700222015381,
                        -6.782284736633301,
                        -6.82568883895874,
                        -6.998737812042236,
                        -6.964875221252441,
                        -6.926239490509033,
                        -6.7975053787231445,
                        -6.742714881896973,
                        -6.7624359130859375,
                        -7.228949069976807,
                        -7.232046127319336,
                        -7.447539806365967,
                        -7.2055182456970215,
                        -7.1617937088012695,
                        -7.07235050201416
                    ]
                ]
            ],
            "states": [
                [
                    [
                        4019648.0,
                        3.81172176275868e-05,
                        0.00027542549651116133,
                        604074.25
                    ],
                    [
                        3591040.0,
                        3.7697544030379504e-05,
                        0.00025879128952510655,
                        645691.25
                    ],
                    [
                        4225264.0,
                        3.727625517058186e-05,
                        0.0002528103068470955,
                        514911.09375
                    ],
                    [
                        4439568.0,
                        3.6820012610405684e-05,
                        0.00020026147831231356,
                        552938.5
                    ],
                    [
                        5228728.0,
                        3.6324065149528906e-05,
                        0.00022364039614330977,
                        577892.375
                    ],
                    [
                        5965760.0,
                        3.5766250221058726e-05,
                        0.0002323320077266544,
                        503764.8125
                    ],
                    [
                        6114904.0,
                        3.518302401062101e-05,
                        0.00023472661268897355,
                        508360.15625
                    ],
                    [
                        5644304.0,
                        3.463315078988671e-05,
                        0.00024062122975010425,
                        571257.3125
                    ],
                    [
                        5870192.0,
                        3.411128273000941e-05,
                        0.0001874879380920902,
                        547187.9375
                    ],
                    [
                        5618240.0,
                        3.360593836987391e-05,
                        0.00025532711879350245,
                        590262.375
                    ],
                    [
                        6352376.0,
                        3.3095278922701254e-05,
                        0.0002452299522701651,
                        574275.5
                    ],
                    [
                        5702224.0,
                        3.259619916207157e-05,
                        0.00023082415282260627,
                        543057.75
                    ],
                    [
                        7646888.0,
                        3.206136170774698e-05,
                        0.00026125748991034925,
                        526472.875
                    ],
                    [
                        5964312.0,
                        3.153302532155067e-05,
                        0.00024003862927202135,
                        536332.125
                    ],
                    [
                        5580592.0,
                        3.109858516836539e-05,
                        0.00019315553072374314,
                        564225.875
                    ],
                    [
                        6007752.0,
                        3.0674520530737936e-05,
                        0.00022412248654291034,
                        547189.8125
                    ],
                    [
                        4469976.0,
                        3.0300650905701332e-05,
                        0.00023788119142409414,
                        655379.0
                    ],
                    [
                        3631584.0,
                        3.0017836252227426e-05,
                        0.0002484873402863741,
                        709152.875
                    ],
                    [
                        3940008.0,
                        2.9758366508758627e-05,
                        0.00025739934062585235,
                        659045.125
                    ],
                    [
                        3424520.0,
                        2.951018359453883e-05,
                        0.00019004895875696093,
                        668658.9375
                    ]
                ]
            ],
            "actions": [
                [
                    [
                        0.5
                    ],
                    [
                        0.5
                    ],
                    [
                        0.5
                    ],
                    [
                        0.5
                    ],
                    [
                        0.5
                    ],
                    [
                        0.5
                    ],
                    [
                        0.5
                    ],
                    [
                        0.5
                    ],
                    [
                        0.5
                    ],
                    [
                        0.5
                    ],
                    [
                        0.5
                    ],
                    [
                        0.5
                    ],
                    [
                        0.5
                    ],
                    [
                        0.5
                    ],
                    [
                        0.5
                    ],
                    [
                        0.5
                    ],
                    [
                        0.5
                    ],
                    [
                        0.5
                    ],
                    [
                        0.5
                    ],
                    [
                        0.5
                    ]
                ]
            ],
            "returns": [
                [
                    [
                        0.13405705988407135
                    ],
                    [
                        0.13314884901046753
                    ],
                    [
                        0.13225065171718597
                    ],
                    [
                        0.13133801519870758
                    ],
                    [
                        0.1304210126399994
                    ],
                    [
                        0.1294894963502884
                    ],
                    [
                        0.12854628264904022
                    ],
                    [
                        0.12760089337825775
                    ],
                    [
                        0.12666259706020355
                    ],
                    [
                        0.12572081387043
                    ],
                    [
                        0.12478292733430862
                    ],
                    [
                        0.12383415549993515
                    ],
                    [
                        0.12289495021104813
                    ],
                    [
                        0.12192973494529724
                    ],
                    [
                        0.12098655104637146
                    ],
                    [
                        0.12004926055669785
                    ],
                    [
                        0.11910542845726013
                    ],
                    [
                        0.118187814950943
                    ],
                    [
                        0.11728861182928085
                    ],
                    [
                        0.1163821816444397
                    ]
                ]
            ],
            "timesteps": [
                [
                    480,
                    481,
                    482,
                    483,
                    484,
                    485,
                    486,
                    487,
                    488,
                    489,
                    490,
                    491,
                    492,
                    493,
                    494,
                    495,
                    496,
                    497,
                    498,
                    499
                ]
            ],
            "labels": [
                [
                    1,
                    1,
                    1,
                    1,
                    1,
                    1,
                    1,
                    1,
                    1,
                    1,
                    1,
                    1,
                    1,
                    1,
                    1,
                    1,
                    1,
                    1,
                    1,
                    1
                ]
            ],
            "CPU Usage": 45.6,
            "RAM Usage": 54.9,
            "GPU Usage": 0.0,
            "VRAM Usage": 355.0,
            "Disk Read Speed (MB/s)": 206646.0849609375,
            "Disk Write Speed (MB/s)": 416869.4931640625
        },
        {
            "step": 1,
            "train_loss": 0.0005233439151197672,
            "actions_pred1": [
                [
                    [
                        -0.7828258275985718,
                        4.121541976928711,
                        -0.7124588489532471,
                        -5.546258449554443
                    ],
                    [
                        -0.354363352060318,
                        4.309724807739258,
                        -1.0873959064483643,
                        -5.203912734985352
                    ],
                    [
                        -0.4978259801864624,
                        4.346638202667236,
                        -1.5706504583358765,
                        -5.323753356933594
                    ],
                    [
                        -0.6043808460235596,
                        4.539311408996582,
                        -1.5706368684768677,
                        -5.307493686676025
                    ],
                    [
                        -0.41508936882019043,
                        4.2530927658081055,
                        -2.0603928565979004,
                        -5.834476470947266
                    ],
                    [
                        0.006679728627204895,
                        4.5695672035217285,
                        -1.8629813194274902,
                        -5.992475986480713
                    ],
                    [
                        0.2052554190158844,
                        4.783639430999756,
                        -1.9863749742507935,
                        -6.074833393096924
                    ],
                    [
                        0.487154096364975,
                        4.865618705749512,
                        -1.8961445093154907,
                        -5.722413063049316
                    ],
                    [
                        0.7668640613555908,
                        4.697223663330078,
                        -1.7260527610778809,
                        -6.242090225219727
                    ],
                    [
                        0.7748106122016907,
                        4.610652446746826,
                        -1.692884087562561,
                        -6.270893573760986
                    ],
                    [
                        0.8199662566184998,
                        4.711264133453369,
                        -1.7723419666290283,
                        -6.426782608032227
                    ],
                    [
                        0.7637768983840942,
                        4.7474365234375,
                        -1.883333444595337,
                        -6.510340690612793
                    ],
                    [
                        0.6729236245155334,
                        4.825884819030762,
                        -1.8960108757019043,
                        -6.4794111251831055
                    ],
                    [
                        0.619085967540741,
                        4.852361679077148,
                        -1.8179292678833008,
                        -6.465341091156006
                    ],
                    [
                        0.6696975231170654,
                        4.936366558074951,
                        -1.8535337448120117,
                        -6.582164764404297
                    ],
                    [
                        0.8296952247619629,
                        4.976222991943359,
                        -1.8813717365264893,
                        -6.7506585121154785
                    ],
                    [
                        0.9347739219665527,
                        4.938046932220459,
                        -1.8728017807006836,
                        -6.683060169219971
                    ],
                    [
                        1.0176737308502197,
                        4.886005878448486,
                        -1.971421241760254,
                        -6.6893134117126465
                    ],
                    [
                        1.0204005241394043,
                        4.813278675079346,
                        -1.928157925605774,
                        -6.606897354125977
                    ],
                    [
                        1.0593297481536865,
                        4.799869537353516,
                        -1.9797345399856567,
                        -6.596807479858398
                    ]
                ]
            ],
            "actions_pred": [
                [
                    [
                        -0.7828258275985718,
                        -0.354363352060318,
                        -0.4978259801864624,
                        -0.6043808460235596,
                        -0.41508936882019043,
                        0.006679728627204895,
                        0.2052554190158844,
                        0.487154096364975,
                        0.7668640613555908,
                        0.7748106122016907,
                        0.8199662566184998,
                        0.7637768983840942,
                        0.6729236245155334,
                        0.619085967540741,
                        0.6696975231170654,
                        0.8296952247619629,
                        0.9347739219665527,
                        1.0176737308502197,
                        1.0204005241394043,
                        1.0593297481536865
                    ],
                    [
                        4.121541976928711,
                        4.309724807739258,
                        4.346638202667236,
                        4.539311408996582,
                        4.2530927658081055,
                        4.5695672035217285,
                        4.783639430999756,
                        4.865618705749512,
                        4.697223663330078,
                        4.610652446746826,
                        4.711264133453369,
                        4.7474365234375,
                        4.825884819030762,
                        4.852361679077148,
                        4.936366558074951,
                        4.976222991943359,
                        4.938046932220459,
                        4.886005878448486,
                        4.813278675079346,
                        4.799869537353516
                    ],
                    [
                        -0.7124588489532471,
                        -1.0873959064483643,
                        -1.5706504583358765,
                        -1.5706368684768677,
                        -2.0603928565979004,
                        -1.8629813194274902,
                        -1.9863749742507935,
                        -1.8961445093154907,
                        -1.7260527610778809,
                        -1.692884087562561,
                        -1.7723419666290283,
                        -1.883333444595337,
                        -1.8960108757019043,
                        -1.8179292678833008,
                        -1.8535337448120117,
                        -1.8813717365264893,
                        -1.8728017807006836,
                        -1.971421241760254,
                        -1.928157925605774,
                        -1.9797345399856567
                    ],
                    [
                        -5.546258449554443,
                        -5.203912734985352,
                        -5.323753356933594,
                        -5.307493686676025,
                        -5.834476470947266,
                        -5.992475986480713,
                        -6.074833393096924,
                        -5.722413063049316,
                        -6.242090225219727,
                        -6.270893573760986,
                        -6.426782608032227,
                        -6.510340690612793,
                        -6.4794111251831055,
                        -6.465341091156006,
                        -6.582164764404297,
                        -6.7506585121154785,
                        -6.683060169219971,
                        -6.6893134117126465,
                        -6.606897354125977,
                        -6.596807479858398
                    ]
                ]
            ],
            "states": [
                [
                    [
                        6630392.0,
                        1.589785097166896e-05,
                        0.0030998915899544954,
                        575874.875
                    ],
                    [
                        6756368.0,
                        1.5517740393988788e-05,
                        0.00046779168769717216,
                        548346.8125
                    ],
                    [
                        6252464.0,
                        1.5165252079896163e-05,
                        0.0003139808541163802,
                        592422.1875
                    ],
                    [
                        6275632.0,
                        1.4840703443042003e-05,
                        0.0002766261750366539,
                        580548.75
                    ],
                    [
                        5845576.0,
                        1.4539574294758495e-05,
                        0.00026207882910966873,
                        570513.0
                    ],
                    [
                        6198888.0,
                        1.4252340406528674e-05,
                        0.00027697221958078444,
                        604356.0
                    ],
                    [
                        4525000.0,
                        1.4005720004206523e-05,
                        0.00037561735371127725,
                        519198.90625
                    ],
                    [
                        4878312.0,
                        1.3796614439343102e-05,
                        0.000348972505889833,
                        533459.0
                    ],
                    [
                        4776952.0,
                        1.3588255569629837e-05,
                        0.000344088242854923,
                        588163.3125
                    ],
                    [
                        4878312.0,
                        1.3386117643676698e-05,
                        0.00030916635296307504,
                        571568.5625
                    ],
                    [
                        4407712.0,
                        1.3197249245422427e-05,
                        0.00029186115716584027,
                        549308.25
                    ],
                    [
                        4623464.0,
                        1.3018668141739909e-05,
                        0.00031188191496767104,
                        567697.8125
                    ],
                    [
                        5241760.0,
                        1.2829074876208324e-05,
                        0.0003927450452465564,
                        616835.375
                    ],
                    [
                        4287528.0,
                        1.2650972166738939e-05,
                        0.00034627493005245924,
                        586416.5625
                    ],
                    [
                        4679936.0,
                        1.248793432750972e-05,
                        0.00028098482289351523,
                        591184.1875
                    ],
                    [
                        4293320.0,
                        1.2328885532042477e-05,
                        0.0002829945588018745,
                        595186.25
                    ],
                    [
                        2884416.0,
                        1.2204491213196889e-05,
                        0.00027779326774179935,
                        581960.9375
                    ],
                    [
                        4042816.0,
                        1.2086934475519229e-05,
                        0.00029917724896222353,
                        651221.5
                    ],
                    [
                        4267256.0,
                        1.1948805877182167e-05,
                        0.00037997434264980257,
                        587955.875
                    ],
                    [
                        4659664.0,
                        1.1803908819274511e-05,
                        0.00029415389872156084,
                        593533.5625
                    ]
                ]
            ],
            "actions": [
                [
                    [
                        0.5
                    ],
                    [
                        0.5
                    ],
                    [
                        0.5
                    ],
                    [
                        0.5
                    ],
                    [
                        0.5
                    ],
                    [
                        0.5
                    ],
                    [
                        0.5
                    ],
                    [
                        0.5
                    ],
                    [
                        0.5
                    ],
                    [
                        0.5
                    ],
                    [
                        0.5
                    ],
                    [
                        0.5
                    ],
                    [
                        0.5
                    ],
                    [
                        0.5
                    ],
                    [
                        0.5
                    ],
                    [
                        0.5
                    ],
                    [
                        0.5
                    ],
                    [
                        0.5
                    ],
                    [
                        0.5
                    ],
                    [
                        0.5
                    ]
                ]
            ],
            "returns": [
                [
                    [
                        0.4322150647640228
                    ],
                    [
                        0.4312624931335449
                    ],
                    [
                        0.4303082525730133
                    ],
                    [
                        0.42936089634895325
                    ],
                    [
                        0.42841318249702454
                    ],
                    [
                        0.427471786737442
                    ],
                    [
                        0.42652517557144165
                    ],
                    [
                        0.42560648918151855
                    ],
                    [
                        0.4246810972690582
                    ],
                    [
                        0.4237576127052307
                    ],
                    [
                        0.4228322505950928
                    ],
                    [
                        0.42191585898399353
                    ],
                    [
                        0.4209952652454376
                    ],
                    [
                        0.4200635254383087
                    ],
                    [
                        0.41914960741996765
                    ],
                    [
                        0.4182279109954834
                    ],
                    [
                        0.4173138737678528
                    ],
                    [
                        0.4164350926876068
                    ],
                    [
                        0.4155263900756836
                    ],
                    [
                        0.41461288928985596
                    ]
                ]
            ],
            "timesteps": [
                [
                    160,
                    161,
                    162,
                    163,
                    164,
                    165,
                    166,
                    167,
                    168,
                    169,
                    170,
                    171,
                    172,
                    173,
                    174,
                    175,
                    176,
                    177,
                    178,
                    179
                ]
            ],
            "labels": [
                [
                    1,
                    1,
                    1,
                    1,
                    1,
                    1,
                    1,
                    1,
                    1,
                    1,
                    1,
                    1,
                    1,
                    1,
                    1,
                    1,
                    1,
                    1,
                    1,
                    1
                ]
            ],
            "CPU Usage": 46.7,
            "RAM Usage": 55.1,
            "GPU Usage": 0.0,
            "VRAM Usage": 355.0,
            "Disk Read Speed (MB/s)": 206646.0849609375,
            "Disk Write Speed (MB/s)": 416869.6806640625
        },
        {
            "step": 2,
            "train_loss": 0.014791645109653473,
            "actions_pred1": [
                [
                    [
                        2.463789939880371,
                        1.6707520484924316,
                        2.2183218002319336,
                        -3.1887574195861816
                    ],
                    [
                        2.3744277954101562,
                        1.5225995779037476,
                        1.7854102849960327,
                        -3.1257920265197754
                    ],
                    [
                        2.1728718280792236,
                        1.519525408744812,
                        1.2680553197860718,
                        -3.70161771774292
                    ],
                    [
                        2.0976853370666504,
                        1.469846248626709,
                        1.1461079120635986,
                        -3.8510847091674805
                    ],
                    [
                        2.0481204986572266,
                        1.7096153497695923,
                        1.226693034172058,
                        -4.112545967102051
                    ],
                    [
                        2.111635208129883,
                        1.6392393112182617,
                        1.1395500898361206,
                        -4.485013961791992
                    ],
                    [
                        2.0591228008270264,
                        1.5335407257080078,
                        1.3202192783355713,
                        -5.117923736572266
                    ],
                    [
                        2.28766131401062,
                        1.5953035354614258,
                        1.3083477020263672,
                        -5.764463424682617
                    ],
                    [
                        2.8768320083618164,
                        2.0338971614837646,
                        1.291259765625,
                        -5.979333400726318
                    ],
                    [
                        3.5431270599365234,
                        2.132563591003418,
                        1.1275135278701782,
                        -6.4609575271606445
                    ],
                    [
                        3.484814405441284,
                        2.2495052814483643,
                        0.9737727642059326,
                        -6.917778491973877
                    ],
                    [
                        3.36403226852417,
                        2.233550786972046,
                        1.191197156906128,
                        -7.057445526123047
                    ],
                    [
                        3.2276103496551514,
                        2.2771878242492676,
                        0.9272951483726501,
                        -6.8444929122924805
                    ],
                    [
                        3.552288055419922,
                        2.441213607788086,
                        0.7126684784889221,
                        -6.854067802429199
                    ],
                    [
                        3.999711036682129,
                        2.7481188774108887,
                        0.8259588479995728,
                        -6.952597141265869
                    ],
                    [
                        3.933161735534668,
                        2.737311363220215,
                        0.7817977666854858,
                        -7.227529525756836
                    ],
                    [
                        4.1559157371521,
                        2.4291810989379883,
                        0.7301113605499268,
                        -7.239798545837402
                    ],
                    [
                        3.8830909729003906,
                        2.3475170135498047,
                        0.7020341753959656,
                        -7.565017223358154
                    ],
                    [
                        3.86684513092041,
                        2.5784316062927246,
                        0.6611064076423645,
                        -7.649694919586182
                    ],
                    [
                        3.7888753414154053,
                        2.9556894302368164,
                        0.5871641039848328,
                        -7.77478551864624
                    ]
                ]
            ],
            "actions_pred": [
                [
                    [
                        2.463789939880371,
                        2.3744277954101562,
                        2.1728718280792236,
                        2.0976853370666504,
                        2.0481204986572266,
                        2.111635208129883,
                        2.0591228008270264,
                        2.28766131401062,
                        2.8768320083618164,
                        3.5431270599365234,
                        3.484814405441284,
                        3.36403226852417,
                        3.2276103496551514,
                        3.552288055419922,
                        3.999711036682129,
