{
    "steps": [
        {
            "step": 0,
            "train_loss": 0.011064327321946621,
            "actions_pred1": [
                [
                    [
                        0.7128556370735168,
                        1.4587663412094116,
                        0.8470818400382996,
                        -3.1249585151672363
                    ],
                    [
                        0.6504795551300049,
                        1.6666390895843506,
                        1.2859102487564087,
                        -2.7590694427490234
                    ],
                    [
                        0.6955341100692749,
                        2.1754136085510254,
                        1.3358638286590576,
                        -3.0588998794555664
                    ],
                    [
                        0.7043776512145996,
                        2.544375419616699,
                        1.4794642925262451,
                        -3.4510536193847656
                    ],
                    [
                        0.8901097774505615,
                        2.8235135078430176,
                        1.5437719821929932,
                        -3.81080961227417
                    ],
                    [
                        0.9370682239532471,
                        2.7644779682159424,
                        1.3940602540969849,
                        -4.123683452606201
                    ],
                    [
                        1.087087869644165,
                        2.9192614555358887,
                        1.5557286739349365,
                        -4.341541767120361
                    ],
                    [
                        1.1707066297531128,
                        2.926443338394165,
                        1.40017569065094,
                        -4.2801008224487305
                    ],
                    [
                        1.0470185279846191,
                        2.840855121612549,
                        1.3661940097808838,
                        -4.378921985626221
                    ],
                    [
                        1.0835847854614258,
                        2.933650255203247,
                        1.3646408319473267,
                        -4.319601535797119
                    ],
                    [
                        1.0320578813552856,
                        2.815088987350464,
                        1.4279059171676636,
                        -4.614554405212402
                    ],
                    [
                        1.025240182876587,
                        2.9955251216888428,
                        1.4822200536727905,
                        -5.249728202819824
                    ],
                    [
                        1.0073109865188599,
                        3.125136613845825,
                        1.499650239944458,
                        -5.4239501953125
                    ],
                    [
                        1.009797215461731,
                        3.1899218559265137,
                        1.54495370388031,
                        -5.318692207336426
                    ],
                    [
                        1.0941895246505737,
                        3.326049566268921,
                        1.7315019369125366,
                        -6.032416343688965
                    ],
                    [
                        1.4217274188995361,
                        3.2666423320770264,
                        1.7958664894104004,
                        -6.352005958557129
                    ],
                    [
                        1.3299334049224854,
                        3.445111036300659,
                        1.9477555751800537,
                        -6.661638259887695
                    ],
                    [
                        1.3746824264526367,
                        3.6482796669006348,
                        1.5544509887695312,
                        -6.382237434387207
                    ],
                    [
                        1.3313055038452148,
                        3.702232837677002,
                        1.8362913131713867,
                        -6.4959211349487305
                    ],
                    [
                        1.301320195198059,
                        3.922459125518799,
                        1.9279484748840332,
                        -6.743968486785889
                    ]
                ]
            ],
            "actions_pred": [
                [
                    [
                        0.7128556370735168,
                        0.6504795551300049,
                        0.6955341100692749,
                        0.7043776512145996,
                        0.8901097774505615,
                        0.9370682239532471,
                        1.087087869644165,
                        1.1707066297531128,
                        1.0470185279846191,
                        1.0835847854614258,
                        1.0320578813552856,
                        1.025240182876587,
                        1.0073109865188599,
                        1.009797215461731,
                        1.0941895246505737,
                        1.4217274188995361,
                        1.3299334049224854,
                        1.3746824264526367,
                        1.3313055038452148,
                        1.301320195198059
                    ],
                    [
                        1.4587663412094116,
                        1.6666390895843506,
                        2.1754136085510254,
                        2.544375419616699,
                        2.8235135078430176,
                        2.7644779682159424,
                        2.9192614555358887,
                        2.926443338394165,
                        2.840855121612549,
                        2.933650255203247,
                        2.815088987350464,
                        2.9955251216888428,
                        3.125136613845825,
                        3.1899218559265137,
                        3.326049566268921,
                        3.2666423320770264,
                        3.445111036300659,
                        3.6482796669006348,
                        3.702232837677002,
                        3.922459125518799
                    ],
                    [
                        0.8470818400382996,
                        1.2859102487564087,
                        1.3358638286590576,
                        1.4794642925262451,
                        1.5437719821929932,
                        1.3940602540969849,
                        1.5557286739349365,
                        1.40017569065094,
                        1.3661940097808838,
                        1.3646408319473267,
                        1.4279059171676636,
                        1.4822200536727905,
                        1.499650239944458,
                        1.54495370388031,
                        1.7315019369125366,
                        1.7958664894104004,
                        1.9477555751800537,
                        1.5544509887695312,
                        1.8362913131713867,
                        1.9279484748840332
                    ],
                    [
                        -3.1249585151672363,
                        -2.7590694427490234,
                        -3.0588998794555664,
                        -3.4510536193847656,
                        -3.81080961227417,
                        -4.123683452606201,
                        -4.341541767120361,
                        -4.2801008224487305,
                        -4.378921985626221,
                        -4.319601535797119,
                        -4.614554405212402,
                        -5.249728202819824,
                        -5.4239501953125,
                        -5.318692207336426,
                        -6.032416343688965,
                        -6.352005958557129,
                        -6.661638259887695,
                        -6.382237434387207,
                        -6.4959211349487305,
                        -6.743968486785889
                    ]
                ]
            ],
            "states": [
                [
                    [
                        6436360.0,
                        3.756791920750402e-05,
                        0.00023788119142409414,
                        525420.0
                    ],
                    [
                        5822408.0,
                        3.5673747333930805e-05,
                        0.0002484873402863741,
                        540076.8125
                    ],
                    [
                        6120696.0,
                        3.400527930352837e-05,
                        0.00025739934062585235,
                        546681.375
                    ],
                    [
                        6143632.0,
                        3.2446547265863046e-05,
                        0.00019004895875696093,
                        549135.1875
                    ],
                    [
                        6290344.0,
                        3.100591857219115e-05,
                        0.00022606240236200392,
                        515628.96875
                    ],
                    [
                        7225288.0,
                        2.9579521651612595e-05,
                        0.0002532026555854827,
                        501138.75
                    ],
                    [
                        5695216.0,
                        2.8330134227871895e-05,
                        0.0002667571825440973,
                        501280.09375
                    ],
                    [
                        6048296.0,
                        2.72848174063256e-05,
                        0.00026687141507864,
                        520591.84375
                    ],
                    [
                        5956840.0,
                        2.6292696929886006e-05,
                        0.0002529114135541022,
                        510954.5
                    ],
                    [
                        5511320.0,
                        2.5409783120267093e-05,
                        0.0002583715249784291,
                        498321.25
                    ],
                    [
                        7421000.0,
                        2.448467603244353e-05,
                        0.001365873496979475,
                        470548.53125
                    ],
                    [
                        6653560.0,
                        2.3549235265818425e-05,
                        0.0008239395683631301,
                        489404.40625
                    ],
                    [
                        5919424.0,
                        2.2772055672248825e-05,
                        0.0005388445570133626,
                        494672.6875
                    ],
                    [
                        6049744.0,
                        2.2078909751144238e-05,
                        0.0005018769879825413,
                        522203.84375
                    ],
                    [
                        5699328.0,
                        2.1438178009702824e-05,
                        0.0005396626074798405,
                        525676.375
                    ],
                    [
                        5907840.0,
                        2.084095285681542e-05,
                        0.00039070475031621754,
                        484434.71875
                    ],
                    [
                        7654128.0,
                        2.0184714230708778e-05,
                        0.00037147922557778656,
                        485244.75
                    ],
                    [
                        6171376.0,
                        1.9555423932615668e-05,
                        0.00035373689024709165,
                        520211.9375
                    ],
                    [
                        5359048.0,
                        1.9060054910369217e-05,
                        0.0003472233365755528,
                        514446.75
                    ],
                    [
                        5344568.0,
                        1.8622442439664155e-05,
                        0.00021890846255701035,
                        526664.75
                    ]
                ]
            ],
            "actions": [
                [
                    [
                        0.5
                    ],
                    [
                        0.5
                    ],
                    [
                        0.5
                    ],
                    [
                        0.5
                    ],
                    [
                        0.5
                    ],
                    [
                        0.5
                    ],
                    [
                        0.5
                    ],
                    [
                        0.5
                    ],
                    [
                        0.5
                    ],
                    [
                        0.5
                    ],
                    [
                        0.5
                    ],
                    [
                        0.5
                    ],
                    [
                        0.5
                    ],
                    [
                        0.5
                    ],
                    [
                        0.5
                    ],
                    [
                        0.5
                    ],
                    [
                        0.5
                    ],
                    [
                        0.5
                    ],
                    [
                        0.5
                    ],
                    [
                        0.5
                    ]
                ]
            ],
            "returns": [
                [
                    [
                        0.17125853896141052
                    ],
                    [
                        0.17030860483646393
                    ],
                    [
                        0.16936755180358887
                    ],
                    [
                        0.16842207312583923
                    ],
                    [
                        0.16747625172138214
                    ],
                    [
                        0.1665283590555191
                    ],
                    [
                        0.16556815803050995
                    ],
                    [
                        0.16462907195091248
                    ],
                    [
                        0.1636846512556076
                    ],
                    [
                        0.16274157166481018
                    ],
                    [
                        0.1618053913116455
                    ],
                    [
                        0.16084282100200653
                    ],
                    [
                        0.15988995134830475
                    ],
                    [
                        0.1589474231004715
                    ],
                    [
                        0.15800298750400543
                    ],
                    [
                        0.157063826918602
                    ],
                    [
                        0.15612147748470306
                    ],
                    [
                        0.1551561802625656
                    ],
                    [
                        0.15420997142791748
                    ],
                    [
                        0.153276264667511
                    ]
                ]
            ],
            "timesteps": [
                [
                    440,
                    441,
                    442,
                    443,
                    444,
                    445,
                    446,
                    447,
                    448,
                    449,
                    450,
                    451,
                    452,
                    453,
                    454,
                    455,
                    456,
                    457,
                    458,
                    459
                ]
            ],
            "labels": [
                [
                    1,
                    1,
                    1,
                    1,
                    1,
                    1,
                    1,
                    1,
                    1,
                    1,
                    1,
                    1,
                    1,
                    1,
                    1,
                    1,
                    1,
                    1,
                    1,
                    1
                ]
            ],
            "CPU Usage": 45.9,
            "RAM Usage": 55.0,
            "GPU Usage": 0.0,
            "VRAM Usage": 355.0,
            "Disk Read Speed (MB/s)": 206644.9287109375,
            "Disk Write Speed (MB/s)": 412287.2314453125
        },
        {
            "step": 1,
            "train_loss": 0.050763148814439774,
            "actions_pred1": [
                [
                    [
                        0.35831111669540405,
                        1.8030089139938354,
                        2.1733031272888184,
                        -3.3813579082489014
                    ],
                    [
                        0.5443047881126404,
                        1.373713493347168,
                        2.0015976428985596,
                        -3.029081106185913
                    ],
                    [
                        0.6760730147361755,
                        1.2615842819213867,
                        2.048654317855835,
                        -3.221182346343994
                    ],
                    [
                        0.8063126802444458,
                        1.2272861003875732,
                        2.127265453338623,
                        -3.176419258117676
                    ],
                    [
                        1.0223586559295654,
                        1.2022475004196167,
                        2.2668795585632324,
                        -3.3556113243103027
                    ],
                    [
                        1.1109857559204102,
                        1.3494033813476562,
                        2.190084457397461,
                        -3.449065685272217
                    ],
                    [
                        0.9595388770103455,
                        1.4702520370483398,
                        2.125575065612793,
                        -3.495734691619873
                    ],
                    [
                        0.9726130962371826,
                        1.4435330629348755,
                        1.975185513496399,
                        -3.807286024093628
                    ],
                    [
                        0.9003426432609558,
                        1.4256911277770996,
                        1.9869916439056396,
                        -3.9396157264709473
                    ],
                    [
                        1.2963535785675049,
                        1.8358252048492432,
                        2.2343432903289795,
                        -4.581978797912598
                    ],
                    [
                        1.777559518814087,
                        2.1151070594787598,
                        2.3736186027526855,
                        -4.6632280349731445
                    ],
                    [
                        1.892749547958374,
                        2.104029655456543,
                        2.14928936958313,
                        -4.582808017730713
                    ],
                    [
                        1.832608699798584,
                        2.355038642883301,
                        2.205009698867798,
                        -4.771476745605469
                    ],
                    [
                        1.7132115364074707,
                        2.2649168968200684,
                        2.3665599822998047,
                        -4.678013324737549
                    ],
                    [
                        1.7097973823547363,
                        2.125443935394287,
                        2.2066831588745117,
                        -4.8646368980407715
                    ],
                    [
                        1.9098968505859375,
                        2.1764612197875977,
                        2.217526912689209,
                        -5.041660785675049
                    ],
                    [
                        1.8192033767700195,
                        2.283984661102295,
                        2.344344139099121,
                        -5.132351398468018
                    ],
                    [
                        2.3036766052246094,
                        2.643873691558838,
                        2.6344921588897705,
                        -5.570637226104736
                    ],
                    [
                        2.189067840576172,
                        2.6935744285583496,
                        2.418109893798828,
                        -5.557079792022705
                    ],
                    [
                        2.0673561096191406,
                        2.6324174404144287,
                        2.6163012981414795,
                        -5.267498970031738
                    ]
                ]
            ],
            "actions_pred": [
                [
                    [
                        0.35831111669540405,
                        0.5443047881126404,
                        0.6760730147361755,
                        0.8063126802444458,
                        1.0223586559295654,
                        1.1109857559204102,
                        0.9595388770103455,
                        0.9726130962371826,
                        0.9003426432609558,
                        1.2963535785675049,
                        1.777559518814087,
                        1.892749547958374,
                        1.832608699798584,
                        1.7132115364074707,
                        1.7097973823547363,
                        1.9098968505859375,
                        1.8192033767700195,
                        2.3036766052246094,
                        2.189067840576172,
                        2.0673561096191406
                    ],
                    [
                        1.8030089139938354,
                        1.373713493347168,
                        1.2615842819213867,
                        1.2272861003875732,
                        1.2022475004196167,
                        1.3494033813476562,
                        1.4702520370483398,
                        1.4435330629348755,
                        1.4256911277770996,
                        1.8358252048492432,
                        2.1151070594787598,
                        2.104029655456543,
                        2.355038642883301,
                        2.2649168968200684,
                        2.125443935394287,
                        2.1764612197875977,
                        2.283984661102295,
                        2.643873691558838,
                        2.6935744285583496,
                        2.6324174404144287
                    ],
                    [
                        2.1733031272888184,
                        2.0015976428985596,
                        2.048654317855835,
                        2.127265453338623,
                        2.2668795585632324,
                        2.190084457397461,
                        2.125575065612793,
                        1.975185513496399,
                        1.9869916439056396,
                        2.2343432903289795,
                        2.3736186027526855,
                        2.14928936958313,
                        2.205009698867798,
                        2.3665599822998047,
                        2.2066831588745117,
                        2.217526912689209,
                        2.344344139099121,
                        2.6344921588897705,
                        2.418109893798828,
                        2.6163012981414795
                    ],
                    [
                        -3.3813579082489014,
                        -3.029081106185913,
                        -3.221182346343994,
                        -3.176419258117676,
                        -3.3556113243103027,
                        -3.449065685272217,
                        -3.495734691619873,
                        -3.807286024093628,
                        -3.9396157264709473,
                        -4.581978797912598,
                        -4.6632280349731445,
                        -4.582808017730713,
                        -4.771476745605469,
                        -4.678013324737549,
                        -4.8646368980407715,
                        -5.041660785675049,
                        -5.132351398468018,
                        -5.570637226104736,
                        -5.557079792022705,
                        -5.267498970031738
                    ]
                ]
            ],
            "states": [
                [
                    [
                        1715880.0,
                        9.430604404769838e-05,
                        0.0053657107055187225,
                        470709.75
                    ],
                    [
                        1967832.0,
                        9.068279905477539e-05,
                        0.004402399994432926,
                        434480.75
                    ],
                    [
                        2130008.0,
                        8.69646537466906e-05,
                        0.004303366411477327,
                        508551.15625
                    ],
                    [
                        2267568.0,
                        8.329902630066499e-05,
                        0.003460775362327695,
                        467240.71875
                    ],
                    [
                        2448568.0,
                        7.969679427333176e-05,
                        0.003044134471565485,
                        537034.5
                    ],
                    [
                        2646944.0,
                        7.613936031702906e-05,
                        0.00288664479739964,
                        500456.03125
                    ],
                    [
                        1710088.0,
                        7.333141547860578e-05,
                        0.0027106136549264193,
                        490357.90625
                    ],
                    [
                        2580336.0,
                        7.077431655488908e-05,
                        0.0027518118731677532,
                        546850.6875
                    ],
                    [
                        2927856.0,
                        6.773720087949187e-05,
                        0.0026009255088865757,
                        496203.71875
                    ],
                    [
                        3168224.0,
                        6.466506602009758e-05,
                        0.002423960482701659,
                        507070.15625
                    ],
                    [
                        3505608.0,
                        6.160674092825502e-05,
                        0.002274049213156104,
                        516057.96875
                    ],
                    [
                        3553392.0,
                        5.866973879165016e-05,
                        0.0023237415589392185,
                        471484.09375
                    ],
                    [
                        4039920.0,
                        5.581038931268267e-05,
                        0.0021793735213577747,
                        501229.875
                    ],
                    [
                        4028336.0,
                        5.305969170876779e-05,
                        0.002523052040487528,
                        561908.75
                    ],
                    [
                        4312144.0,
                        5.04888485011179e-05,
                        0.002231767401099205,
                        502897.96875
                    ],
                    [
                        4776952.0,
                        4.795741187990643e-05,
                        0.0032643231097608805,
                        459673.25
                    ],
                    [
                        4743648.0,
                        4.5562293962575495e-05,
                        0.0020812072325497866,
                        515212.4375
                    ],
                    [
                        2971296.0,
                        4.3785152229247615e-05,
                        0.0015903349267318845,
                        502955.46875
                    ],
                    [
                        4981120.0,
                        4.21030999859795e-05,
                        0.0016534600872546434,
                        511202.4375
                    ],
                    [
                        4962296.0,
                        4.016688762931153e-05,
                        0.0014106292510405183,
                        493895.1875
                    ]
                ]
            ],
            "actions": [
                [
                    [
                        0.25
                    ],
                    [
                        0.25
                    ],
                    [
                        0.25
                    ],
                    [
                        0.25
                    ],
                    [
                        0.25
                    ],
                    [
                        0.25
                    ],
                    [
                        0.25
                    ],
                    [
                        0.25
                    ],
                    [
                        0.25
                    ],
                    [
                        0.25
                    ],
                    [
                        0.25
                    ],
                    [
                        0.25
                    ],
                    [
                        0.25
                    ],
                    [
                        0.25
                    ],
                    [
                        0.25
                    ],
                    [
                        0.25
                    ],
                    [
                        0.25
                    ],
                    [
                        0.25
                    ],
                    [
                        0.25
                    ],
                    [
                        0.25
                    ]
                ]
            ],
            "returns": [
                [
                    [
                        0.053779877722263336
                    ],
                    [
                        0.05294714868068695
                    ],
                    [
                        0.05210227146744728
                    ],
                    [
                        0.05125037208199501
                    ],
                    [
                        0.05039292573928833
                    ],
                    [
                        0.04952867329120636
                    ],
                    [
                        0.04865751042962074
                    ],
                    [
                        0.047825079411268234
                    ],
                    [
                        0.046956177800893784
                    ],
                    [
                        0.04607607424259186
                    ],
                    [
                        0.04518897458910942
                    ],
                    [
                        0.04429290443658829
                    ],
                    [
                        0.04339563474059105
                    ],
                    [
                        0.04248698428273201
                    ],
                    [
                        0.04157859459519386
                    ],
                    [
                        0.04066416248679161
                    ],
                    [
                        0.039740659296512604
                    ],
                    [
                        0.03881777450442314
                    ],
                    [
                        0.037936363369226456
                    ],
                    [
                        0.03700914978981018
                    ]
                ]
            ],
            "timesteps": [
                [
                    580,
                    581,
                    582,
                    583,
                    584,
                    585,
                    586,
                    587,
                    588,
                    589,
                    590,
                    591,
                    592,
                    593,
                    594,
                    595,
                    596,
                    597,
                    598,
                    599
                ]
            ],
            "labels": [
                [
                    0,
                    0,
                    0,
                    0,
                    0,
                    0,
                    0,
                    0,
                    0,
                    0,
                    0,
                    0,
                    0,
                    0,
                    0,
                    0,
                    0,
                    0,
                    0,
                    0
                ]
            ],
            "CPU Usage": 47.0,
            "RAM Usage": 55.2,
            "GPU Usage": 0.0,
            "VRAM Usage": 355.0,
            "Disk Read Speed (MB/s)": 206644.9287109375,
            "Disk Write Speed (MB/s)": 412287.2822265625
        },
        {
            "step": 2,
            "train_loss": 0.04324915260076523,
            "actions_pred1": [
                [
                    [
                        1.1490094661712646,
                        2.6698851585388184,
                        2.263101577758789,
                        -4.028151512145996
                    ],
                    [
                        1.2800283432006836,
                        2.0434134006500244,
                        1.5786715745925903,
                        -3.6062283515930176
                    ],
                    [
                        1.2497198581695557,
                        1.6477348804473877,
                        1.327860951423645,
                        -3.9405112266540527
                    ],
                    [
                        1.3414943218231201,
                        1.7460739612579346,
                        1.2192338705062866,
                        -4.281047344207764
                    ],
                    [
                        1.449329137802124,
                        1.9125781059265137,
                        1.1917665004730225,
                        -4.5260701179504395
                    ],
                    [
                        1.3485321998596191,
                        1.8089302778244019,
                        1.2467705011367798,
                        -4.410880088806152
                    ],
                    [
                        1.453251838684082,
                        2.126973867416382,
                        1.265419840812683,
                        -5.029160499572754
                    ],
                    [
                        1.4262712001800537,
                        2.00443172454834,
                        1.2500838041305542,
                        -5.111644268035889
                    ],
                    [
                        1.5766769647598267,
                        2.729106903076172,
                        1.536332368850708,
                        -5.690901756286621
                    ],
                    [
                        1.7665812969207764,
                        2.7001802921295166,
                        1.500130295753479,
                        -5.645473480224609
                    ],
                    [
                        1.7330107688903809,
                        2.5085349082946777,
                        1.4298624992370605,
                        -5.625821113586426
                    ],
                    [
                        1.5598702430725098,
                        2.419236183166504,
                        1.4145845174789429,
                        -5.442962169647217
                    ],
                    [
                        1.7062798738479614,
                        2.5010650157928467,
                        1.4026345014572144,
                        -5.610961437225342
                    ],
                    [
                        1.7959284782409668,
                        2.533538341522217,
                        1.6641755104064941,
                        -5.629424095153809
                    ],
                    [
                        1.8646888732910156,
                        2.374081611633301,
                        1.5633350610733032,
                        -5.225055694580078
                    ],
                    [
                        1.8314430713653564,
                        2.3501195907592773,
                        1.4643521308898926,
                        -5.429544925689697
                    ],
                    [
                        1.8592058420181274,
                        2.4826416969299316,
                        1.4196423292160034,
                        -5.823383331298828
                    ],
                    [
                        1.7438304424285889,
                        2.551334857940674,
                        1.3952935934066772,
                        -5.665232181549072
                    ],
                    [
                        1.8238469362258911,
                        2.6217808723449707,
                        1.4392200708389282,
                        -5.612040042877197
                    ],
                    [
                        1.7396003007888794,
                        2.445266008377075,
                        1.587300181388855,
                        -5.535593032836914
                    ]
                ]
            ],
            "actions_pred": [
                [
                    [
                        1.1490094661712646,
                        1.2800283432006836,
                        1.2497198581695557,
                        1.3414943218231201,
                        1.449329137802124,
                        1.3485321998596191,
                        1.453251838684082,
                        1.4262712001800537,
                        1.5766769647598267,
                        1.7665812969207764,
                        1.7330107688903809,
                        1.5598702430725098,
                        1.7062798738479614,
                        1.7959284782409668,
                        1.8646888732910156,
