{
    "steps": [
        {
            "step": 0,
            "train_loss": 0.04551814869046211,
            "actions_pred1": [
                [
                    [
                        0.470260351896286,
                        0.09253939986228943,
                        0.5647065043449402,
                        -0.2103661149740219
                    ],
                    [
                        0.37792515754699707,
                        -0.07782889902591705,
                        0.3836316168308258,
                        -0.19786107540130615
                    ],
                    [
                        0.2969013452529907,
                        -0.03401350975036621,
                        0.48857009410858154,
                        -0.2649126350879669
                    ],
                    [
                        0.09631838649511337,
                        0.032194606959819794,
                        0.4366471767425537,
                        -0.29107311367988586
                    ],
                    [
                        0.05983014404773712,
                        0.1001974418759346,
                        0.4803318977355957,
                        -0.354957640171051
                    ],
                    [
                        0.09029398113489151,
                        0.14082986116409302,
                        0.5266600251197815,
                        -0.269783079624176
                    ],
                    [
                        0.06337697058916092,
                        0.1896202266216278,
                        0.4322564899921417,
                        -0.25686609745025635
                    ],
                    [
                        0.05213329941034317,
                        0.09794651716947556,
                        0.4915667474269867,
                        -0.3129953145980835
                    ],
                    [
                        0.03553543984889984,
                        0.08248020708560944,
                        0.5176576972007751,
                        -0.3537953197956085
                    ],
                    [
                        0.0565963014960289,
                        0.1055811271071434,
                        0.6618415713310242,
                        -0.2819231152534485
                    ],
                    [
                        0.23002131283283234,
                        0.10895764082670212,
                        0.5918080806732178,
                        -0.393100768327713
                    ],
                    [
                        0.3544209599494934,
                        0.05931173264980316,
                        0.5817890763282776,
                        -0.4629182815551758
                    ],
                    [
                        0.2216026782989502,
                        0.1562803089618683,
                        0.6983193159103394,
                        -0.4739829897880554
                    ],
                    [
                        0.1813269704580307,
                        0.1420905441045761,
                        0.7118967175483704,
                        -0.34836888313293457
                    ],
                    [
                        0.1043078824877739,
                        0.20501187443733215,
                        0.6826223134994507,
                        -0.3178735673427582
                    ],
                    [
                        0.14076900482177734,
                        0.2680509090423584,
                        0.7054561376571655,
                        -0.2947198152542114
                    ],
                    [
                        0.13467198610305786,
                        0.17326505482196808,
                        0.7401584386825562,
                        -0.34511303901672363
                    ],
                    [
                        0.11836398392915726,
                        0.14595988392829895,
                        0.6725635528564453,
                        -0.29941412806510925
                    ],
                    [
                        0.21995943784713745,
                        0.1912074089050293,
                        0.5759092569351196,
                        -0.22268828749656677
                    ],
                    [
                        0.26596397161483765,
                        0.2517293691635132,
                        0.5000820159912109,
                        -0.30399367213249207
                    ]
                ]
            ],
            "actions_pred": [
                [
                    [
                        0.470260351896286,
                        0.37792515754699707,
                        0.2969013452529907,
                        0.09631838649511337,
                        0.05983014404773712,
                        0.09029398113489151,
                        0.06337697058916092,
                        0.05213329941034317,
                        0.03553543984889984,
                        0.0565963014960289,
                        0.23002131283283234,
                        0.3544209599494934,
                        0.2216026782989502,
                        0.1813269704580307,
                        0.1043078824877739,
                        0.14076900482177734,
                        0.13467198610305786,
                        0.11836398392915726,
                        0.21995943784713745,
                        0.26596397161483765
                    ],
                    [
                        0.09253939986228943,
                        -0.07782889902591705,
                        -0.03401350975036621,
                        0.032194606959819794,
                        0.1001974418759346,
                        0.14082986116409302,
                        0.1896202266216278,
                        0.09794651716947556,
                        0.08248020708560944,
                        0.1055811271071434,
                        0.10895764082670212,
                        0.05931173264980316,
                        0.1562803089618683,
                        0.1420905441045761,
                        0.20501187443733215,
                        0.2680509090423584,
                        0.17326505482196808,
                        0.14595988392829895,
                        0.1912074089050293,
                        0.2517293691635132
                    ],
                    [
                        0.5647065043449402,
                        0.3836316168308258,
                        0.48857009410858154,
                        0.4366471767425537,
                        0.4803318977355957,
                        0.5266600251197815,
                        0.4322564899921417,
                        0.4915667474269867,
                        0.5176576972007751,
                        0.6618415713310242,
                        0.5918080806732178,
                        0.5817890763282776,
                        0.6983193159103394,
                        0.7118967175483704,
                        0.6826223134994507,
                        0.7054561376571655,
                        0.7401584386825562,
                        0.6725635528564453,
                        0.5759092569351196,
                        0.5000820159912109
                    ],
                    [
                        -0.2103661149740219,
                        -0.19786107540130615,
                        -0.2649126350879669,
                        -0.29107311367988586,
                        -0.354957640171051,
                        -0.269783079624176,
                        -0.25686609745025635,
                        -0.3129953145980835,
                        -0.3537953197956085,
                        -0.2819231152534485,
                        -0.393100768327713,
                        -0.4629182815551758,
                        -0.4739829897880554,
                        -0.34836888313293457,
                        -0.3178735673427582,
                        -0.2947198152542114,
                        -0.34511303901672363,
                        -0.29941412806510925,
                        -0.22268828749656677,
                        -0.30399367213249207
                    ]
                ]
            ],
            "states": [
                [
                    [
                        5603760.0,
                        1.8195280063082464e-05,
                        0.00019109471759293228,
                        502731.65625
                    ],
                    [
                        5502400.0,
                        1.778137630026322e-05,
                        0.00025023153284564614,
                        515799.5
                    ],
                    [
                        3495337.0,
                        2.0890449377475306e-05,
                        0.000305382302030921,
                        476338.21875
                    ],
                    [
                        1255416.0,
                        5.187569695408456e-05,
                        0.00029567780438810587,
                        761957.25
                    ],
                    [
                        2240056.0,
                        5.151751611265354e-05,
                        0.00033060877467505634,
                        603144.3125
                    ],
                    [
                        3857472.0,
                        4.8557489208178595e-05,
                        0.0031183171086013317,
                        533986.8125
                    ],
                    [
                        4274496.0,
                        4.78329966426827e-05,
                        0.0025027666706591845,
                        540291.25
                    ],
                    [
                        4416400.0,
                        4.7082099627004936e-05,
                        0.0014389286516234279,
                        565093.875
                    ],
                    [
                        8094320.0,
                        4.604376954375766e-05,
                        0.0007658242247998714,
                        548988.375
                    ],
                    [
                        6445048.0,
                        4.488962440518662e-05,
                        0.00038344759377650917,
                        548654.4375
                    ],
                    [
                        5370632.0,
                        4.3993775761919096e-05,
                        0.00022289676417130977,
                        576383.875
                    ],
                    [
                        4669800.0,
                        4.3260322854621336e-05,
                        0.00016156068886630237,
                        587927.8125
                    ],
                    [
                        5024560.0,
                        4.257538603269495e-05,
                        0.0001406134688295424,
                        551057.8125
                    ],
                    [
                        5088272.0,
                        4.1883507947204635e-05,
                        0.00015407148748636246,
                        546541.25
                    ],
                    [
                        5479232.0,
                        4.118427023058757e-05,
                        0.00013193934864830226,
                        600107.125
                    ],
                    [
                        4853696.0,
                        4.0522416384192184e-05,
                        0.000135277965455316,
                        557284.125
                    ],
                    [
                        4022544.0,
                        3.997057501692325e-05,
                        0.0001415384467691183,
                        635772.1875
                    ],
                    [
                        3612760.0,
                        3.950786776840687e-05,
                        0.0001762084721121937,
                        576885.25
                    ],
                    [
                        3773488.0,
                        3.907046266249381e-05,
                        0.000310274597723037,
                        547162.9375
                    ],
                    [
                        4445360.0,
                        3.8595113437622786e-05,
                        0.00025462565827183425,
                        623805.0
                    ]
                ]
            ],
            "actions": [
                [
                    [
                        0.5
                    ],
                    [
                        0.5
                    ],
                    [
                        0.5
                    ],
                    [
                        0.5
                    ],
                    [
                        0.5
                    ],
                    [
                        0.5
                    ],
                    [
                        0.5
                    ],
                    [
                        0.5
                    ],
                    [
                        0.5
                    ],
                    [
                        0.5
                    ],
                    [
                        0.5
                    ],
                    [
                        0.5
                    ],
                    [
                        0.5
                    ],
                    [
                        0.5
                    ],
                    [
                        0.5
                    ],
                    [
                        0.5
                    ],
                    [
                        0.5
                    ],
                    [
                        0.5
                    ],
                    [
                        0.5
                    ],
                    [
                        0.5
                    ]
                ]
            ],
            "returns": [
                [
                    [
                        0.1523428112268448
                    ],
                    [
                        0.15140515565872192
                    ],
                    [
                        0.150469109416008
                    ],
                    [
                        0.14957329630851746
                    ],
                    [
                        0.14876827597618103
                    ],
                    [
                        0.1479119062423706
                    ],
                    [
                        0.14700736105442047
                    ],
                    [
                        0.1460937112569809
                    ],
                    [
                        0.14517715573310852
                    ],
                    [
                        0.14420689642429352
                    ],
                    [
                        0.14325684309005737
                    ],
                    [
                        0.14232294261455536
                    ],
                    [
                        0.14140145480632782
                    ],
                    [
                        0.14047347009181976
                    ],
                    [
                        0.13954436779022217
                    ],
                    [
                        0.13860870897769928
                    ],
                    [
                        0.13768377900123596
                    ],
                    [
                        0.13677552342414856
                    ],
                    [
                        0.13587677478790283
                    ],
                    [
                        0.1349741816520691
                    ]
                ]
            ],
            "timesteps": [
                [
                    460,
                    461,
                    462,
                    463,
                    464,
                    465,
                    466,
                    467,
                    468,
                    469,
                    470,
                    471,
                    472,
                    473,
                    474,
                    475,
                    476,
                    477,
                    478,
                    479
                ]
            ],
            "labels": [
                [
                    1,
                    1,
                    1,
                    1,
                    1,
                    1,
                    1,
                    1,
                    1,
                    1,
                    1,
                    1,
                    1,
                    1,
                    1,
                    1,
                    1,
                    1,
                    1,
                    1
                ]
            ],
            "CPU Usage": 45.8,
            "RAM Usage": 55.2,
            "GPU Usage": 0.0,
            "VRAM Usage": 355.0,
            "Disk Read Speed (MB/s)": 206065.2978515625,
            "Disk Write Speed (MB/s)": 361832.9111328125
        },
        {
            "step": 1,
            "train_loss": 0.034379396587610245,
            "actions_pred1": [
                [
                    [
                        0.6932660937309265,
                        0.11771803349256516,
                        0.3372766971588135,
                        -0.1108362227678299
                    ],
                    [
                        0.6306172609329224,
                        0.2943606376647949,
                        0.3909803032875061,
                        -0.06741726398468018
                    ],
                    [
                        0.6593341827392578,
                        0.34955865144729614,
                        0.3852575719356537,
                        -0.21835371851921082
                    ],
                    [
                        0.6274359822273254,
                        0.28933990001678467,
                        0.27105510234832764,
                        -0.2515178620815277
                    ],
                    [
                        0.39310330152511597,
                        0.5072459578514099,
                        0.48746368288993835,
                        -0.37774232029914856
                    ],
                    [
                        0.2732345461845398,
                        0.30124515295028687,
                        0.5362691879272461,
                        -0.328853577375412
                    ],
                    [
                        0.46554166078567505,
                        0.33439114689826965,
                        0.5740582346916199,
                        -0.20104533433914185
                    ],
                    [
                        0.6863824129104614,
                        0.06643345206975937,
                        0.645150899887085,
                        -0.33900806307792664
                    ],
                    [
                        0.48776113986968994,
                        0.20115673542022705,
                        0.8038202524185181,
                        -0.36326491832733154
                    ],
                    [
                        0.38877615332603455,
                        0.2552207112312317,
                        0.7480992078781128,
                        -0.32094091176986694
                    ],
                    [
                        0.5078269243240356,
                        0.1682334840297699,
                        0.6321311593055725,
                        -0.3348630666732788
                    ],
                    [
                        0.5788460969924927,
                        0.25365906953811646,
                        0.7016714811325073,
                        -0.2553660273551941
                    ],
                    [
                        0.5199808478355408,
                        0.22147221863269806,
                        0.6759304404258728,
                        -0.31501954793930054
                    ],
                    [
                        0.4295390546321869,
                        0.08816690742969513,
                        0.7090706825256348,
                        -0.34469783306121826
                    ],
                    [
                        0.3870287835597992,
                        0.13761119544506073,
                        0.664980411529541,
                        -0.26441457867622375
                    ],
                    [
                        0.33760887384414673,
                        0.15966880321502686,
                        0.6223131418228149,
                        -0.13760459423065186
                    ],
                    [
                        0.42958372831344604,
                        0.18914766609668732,
                        0.681812584400177,
                        -0.11715459823608398
                    ],
                    [
                        0.4728233814239502,
                        0.20329472422599792,
                        0.7645055651664734,
                        -0.0861562192440033
                    ],
                    [
                        0.5370709896087646,
                        0.26712554693222046,
                        0.9698686003684998,
                        -0.21251584589481354
                    ],
                    [
                        0.5137641429901123,
                        0.21382346749305725,
                        0.838614284992218,
                        -0.25727778673171997
                    ]
                ]
            ],
            "actions_pred": [
                [
                    [
                        0.6932660937309265,
                        0.6306172609329224,
                        0.6593341827392578,
                        0.6274359822273254,
                        0.39310330152511597,
                        0.2732345461845398,
                        0.46554166078567505,
                        0.6863824129104614,
                        0.48776113986968994,
                        0.38877615332603455,
                        0.5078269243240356,
                        0.5788460969924927,
                        0.5199808478355408,
                        0.4295390546321869,
                        0.3870287835597992,
                        0.33760887384414673,
                        0.42958372831344604,
                        0.4728233814239502,
                        0.5370709896087646,
                        0.5137641429901123
                    ],
                    [
                        0.11771803349256516,
                        0.2943606376647949,
                        0.34955865144729614,
                        0.28933990001678467,
                        0.5072459578514099,
                        0.30124515295028687,
                        0.33439114689826965,
                        0.06643345206975937,
                        0.20115673542022705,
                        0.2552207112312317,
                        0.1682334840297699,
                        0.25365906953811646,
                        0.22147221863269806,
                        0.08816690742969513,
                        0.13761119544506073,
                        0.15966880321502686,
                        0.18914766609668732,
                        0.20329472422599792,
                        0.26712554693222046,
                        0.21382346749305725
                    ],
                    [
                        0.3372766971588135,
                        0.3909803032875061,
                        0.3852575719356537,
                        0.27105510234832764,
                        0.48746368288993835,
                        0.5362691879272461,
                        0.5740582346916199,
                        0.645150899887085,
                        0.8038202524185181,
                        0.7480992078781128,
                        0.6321311593055725,
                        0.7016714811325073,
                        0.6759304404258728,
                        0.7090706825256348,
                        0.664980411529541,
                        0.6223131418228149,
                        0.681812584400177,
                        0.7645055651664734,
                        0.9698686003684998,
                        0.838614284992218
                    ],
                    [
                        -0.1108362227678299,
                        -0.06741726398468018,
                        -0.21835371851921082,
                        -0.2515178620815277,
                        -0.37774232029914856,
                        -0.328853577375412,
                        -0.20104533433914185,
                        -0.33900806307792664,
                        -0.36326491832733154,
                        -0.32094091176986694,
                        -0.3348630666732788,
                        -0.2553660273551941,
                        -0.31501954793930054,
                        -0.34469783306121826,
                        -0.26441457867622375,
                        -0.13760459423065186,
                        -0.11715459823608398,
                        -0.0861562192440033,
                        -0.21251584589481354,
                        -0.25727778673171997
                    ]
                ]
            ],
            "states": [
                [
                    [
                        5325744.0,
                        3.011092121596448e-05,
                        0.00027277067420072854,
                        851925.625
                    ],
                    [
                        5357600.0,
                        2.9456161428242922e-05,
                        0.00027305487310513854,
                        832487.0625
                    ],
                    [
                        5618240.0,
                        2.881258842535317e-05,
                        0.0002689558023121208,
                        866650.0
                    ],
                    [
                        5764488.0,
                        2.8174086764920503e-05,
                        0.0002797737834043801,
                        885137.0
                    ],
                    [
                        5370632.0,
                        2.7576063075684942e-05,
                        0.00025503398501314223,
                        827897.4375
                    ],
                    [
                        5432896.0,
                        2.7019848857889883e-05,
                        0.00027816780493594706,
                        880666.4375
                    ],
                    [
                        5364840.0,
                        2.6485795387998223e-05,
                        0.00026209698989987373,
                        834819.0
                    ],
                    [
                        5233072.0,
                        2.598174069134984e-05,
                        0.0002851165772881359,
                        880287.1875
                    ],
                    [
                        5114336.0,
                        2.5507837563054636e-05,
                        0.000267517170868814,
                        884475.5
                    ],
                    [
                        5458960.0,
                        2.504124859115109e-05,
                        0.00027258697082288563,
                        833080.1875
                    ],
                    [
                        5170808.0,
                        2.4588902306277305e-05,
                        0.00027191461413167417,
                        830618.8125
                    ],
                    [
                        5131712.0,
                        2.416586175968405e-05,
                        0.00027577357832342386,
                        795031.0
                    ],
                    [
                        5137504.0,
                        2.3758442694088444e-05,
                        0.00027702987426891923,
                        830415.5625
                    ],
                    [
                        5460408.0,
                        2.3352160496870056e-05,
                        0.0002779100905172527,
                        812805.0
                    ],
                    [
                        5332984.0,
                        2.2952330255066045e-05,
                        0.00026160795823670924,
                        784998.0
                    ],
                    [
                        5464752.0,
                        2.256591324112378e-05,
                        0.0002753763983491808,
                        843504.25
                    ],
                    [
                        5461856.0,
                        2.2187881768331863e-05,
                        0.0002731475979089737,
                        901654.0625
                    ],
                    [
                        5571904.0,
                        2.181875788664911e-05,
                        0.0002628508664201945,
                        880942.125
                    ],
                    [
                        5370632.0,
                        2.146460974472575e-05,
                        0.00026417680783197284,
                        856475.0625
                    ],
                    [
                        5508192.0,
                        2.1123838450876065e-05,
                        0.0002805523981805891,
                        865747.5
                    ]
                ]
            ],
            "actions": [
                [
                    [
                        0.75
                    ],
                    [
                        0.75
                    ],
                    [
                        0.75
                    ],
                    [
                        0.75
                    ],
                    [
                        0.75
                    ],
                    [
                        0.75
                    ],
                    [
                        0.75
                    ],
                    [
                        0.75
                    ],
                    [
                        0.75
                    ],
                    [
                        0.75
                    ],
                    [
                        0.75
                    ],
                    [
                        0.75
                    ],
                    [
                        0.75
                    ],
                    [
                        0.75
                    ],
                    [
                        0.75
                    ],
                    [
                        0.75
                    ],
                    [
                        0.75
                    ],
                    [
                        0.75
                    ],
                    [
                        0.75
                    ],
                    [
                        0.75
                    ]
                ]
            ],
            "returns": [
                [
                    [
                        0.34190085530281067
                    ],
                    [
                        0.34096771478652954
                    ],
                    [
                        0.34003403782844543
                    ],
                    [
                        0.3390961289405823
                    ],
                    [
                        0.33815598487854004
                    ],
                    [
                        0.33722206950187683
                    ],
                    [
                        0.33628717064857483
                    ],
                    [
                        0.33535337448120117
                    ],
                    [
                        0.3344217836856842
                    ],
                    [
                        0.3334922194480896
                    ],
                    [
                        0.33255690336227417
                    ],
                    [
                        0.33162635564804077
                    ],
                    [
                        0.3306964933872223
                    ],
                    [
                        0.32976654171943665
                    ],
                    [
                        0.32883119583129883
                    ],
                    [
                        0.32789793610572815
                    ],
                    [
                        0.32696250081062317
                    ],
                    [
                        0.3260270953178406
                    ],
                    [
                        0.3250899612903595
                    ],
                    [
                        0.3241560757160187
                    ]
                ]
            ],
            "timesteps": [
                [
                    260,
                    261,
                    262,
                    263,
                    264,
                    265,
                    266,
                    267,
                    268,
                    269,
                    270,
                    271,
                    272,
                    273,
                    274,
                    275,
                    276,
                    277,
                    278,
                    279
                ]
            ],
            "labels": [
                [
                    2,
                    2,
                    2,
                    2,
                    2,
                    2,
                    2,
                    2,
                    2,
                    2,
                    2,
                    2,
                    2,
                    2,
                    2,
                    2,
                    2,
                    2,
                    2,
                    2
                ]
            ],
            "CPU Usage": 46.7,
            "RAM Usage": 55.4,
            "GPU Usage": 0.0,
            "VRAM Usage": 355.0,
            "Disk Read Speed (MB/s)": 206065.2978515625,
            "Disk Write Speed (MB/s)": 361837.6689453125
        },
        {
            "step": 2,
            "train_loss": 0.029667437076568604,
            "actions_pred1": [
                [
                    [
                        0.47550714015960693,
                        -0.06037016212940216,
                        0.7257288694381714,
                        -0.2364961802959442
                    ],
                    [
                        0.4425705671310425,
                        0.09170302748680115,
                        0.6759490370750427,
                        -0.23840519785881042
                    ],
                    [
                        0.44704174995422363,
                        0.20546773076057434,
                        0.630031168460846,
                        -0.1927204579114914
                    ],
                    [
                        0.618834912776947,
                        0.2593195140361786,
                        0.8439529538154602,
                        -0.22692672908306122
                    ],
                    [
                        0.5452935099601746,
                        0.2862159311771393,
                        0.8846245408058167,
                        -0.30832329392433167
                    ],
                    [
                        0.23725979030132294,
                        0.07059749960899353,
                        0.8628424406051636,
                        -0.26025426387786865
                    ],
                    [
                        0.17318612337112427,
                        0.03795088082551956,
                        0.780062735080719,
                        -0.32656967639923096
                    ],
                    [
                        0.3234218657016754,
                        0.10372906178236008,
                        0.7306399941444397,
                        -0.2557765245437622
                    ],
                    [
                        0.32846155762672424,
                        0.12610399723052979,
                        0.6626276969909668,
                        -0.36638280749320984
                    ],
                    [
                        0.3042599558830261,
                        0.15816032886505127,
                        0.6786318421363831,
                        -0.5216920971870422
                    ],
                    [
                        0.3988567292690277,
                        0.055741086602211,
                        0.5678694248199463,
                        -0.47450995445251465
                    ],
                    [
                        0.3529283106327057,
                        0.1487840712070465,
                        0.7325798273086548,
                        -0.5321536064147949
                    ],
                    [
                        0.3814837634563446,
                        0.12905502319335938,
                        0.8028109073638916,
                        -0.464065283536911
                    ],
                    [
                        0.4408387541770935,
                        0.021253816783428192,
                        0.8117597699165344,
                        -0.5878509879112244
                    ],
                    [
                        0.49438154697418213,
                        0.011489823460578918,
                        0.7427747249603271,
                        -0.5146843194961548
                    ],
                    [
                        0.38178712129592896,
                        0.04937589168548584,
                        0.6396806836128235,
                        -0.5404877066612244
                    ],
                    [
                        0.45340755581855774,
                        0.09422337263822556,
                        0.69965660572052,
                        -0.4072238802909851
                    ],
                    [
                        0.444797158241272,
                        0.14070460200309753,
                        0.7386723756790161,
                        -0.45803123712539673
                    ],
                    [
                        0.423147976398468,
                        0.15380609035491943,
                        0.7519368529319763,
                        -0.5473314523696899
                    ],
                    [
                        0.3966529667377472,
                        0.1934485137462616,
                        0.7225809693336487,
                        -0.559563159942627
                    ]
                ]
            ],
            "actions_pred": [
                [
                    [
                        0.47550714015960693,
                        0.4425705671310425,
                        0.44704174995422363,
                        0.618834912776947,
                        0.5452935099601746,
                        0.23725979030132294,
                        0.17318612337112427,
                        0.3234218657016754,
