{
    "steps": [
        {
            "step": 0,
            "train_loss": 0.03289547562599182,
            "actions_pred1": [
                [
                    [
                        0.7270102500915527,
                        0.8159509301185608,
                        0.9806196689605713,
                        -2.844485282897949
                    ],
                    [
                        0.7767733335494995,
                        0.9328233599662781,
                        0.9663407206535339,
                        -2.8980493545532227
                    ],
                    [
                        0.8046244978904724,
                        0.9669216275215149,
                        1.1497812271118164,
                        -2.658393144607544
                    ],
                    [
                        1.0169994831085205,
                        0.8554860949516296,
                        1.2095695734024048,
                        -2.808258056640625
                    ],
                    [
                        1.23249089717865,
                        0.8635104298591614,
                        1.2982747554779053,
                        -3.3463995456695557
                    ],
                    [
                        1.3992104530334473,
                        1.3743394613265991,
                        0.8185739517211914,
                        -4.264345169067383
                    ],
                    [
                        1.330883264541626,
                        1.544390320777893,
                        0.8245164155960083,
                        -3.6714048385620117
                    ],
                    [
                        1.5151634216308594,
                        1.3070151805877686,
                        1.0608357191085815,
                        -3.531789541244507
                    ],
                    [
                        1.7019413709640503,
                        1.390496015548706,
                        1.0529160499572754,
                        -3.452317237854004
                    ],
                    [
                        1.6715147495269775,
                        1.1502759456634521,
                        1.3658900260925293,
                        -3.407017230987549
                    ],
                    [
                        1.4629900455474854,
                        1.1818984746932983,
                        1.4024648666381836,
                        -3.163405179977417
                    ],
                    [
                        1.4811042547225952,
                        1.195048451423645,
                        1.3818745613098145,
                        -3.148892402648926
                    ],
                    [
                        1.5565694570541382,
                        1.1838831901550293,
                        1.3664796352386475,
                        -3.221806764602661
                    ],
                    [
                        1.4784964323043823,
                        1.1805270910263062,
                        1.3401854038238525,
                        -3.2427139282226562
                    ],
                    [
                        1.5457677841186523,
                        1.2894861698150635,
                        1.4342246055603027,
                        -3.7072701454162598
                    ],
                    [
                        1.5483485460281372,
                        1.2873653173446655,
                        1.6979951858520508,
                        -3.752591133117676
                    ],
                    [
                        1.5445575714111328,
                        1.1920379400253296,
                        1.5467839241027832,
                        -3.5813045501708984
                    ],
                    [
                        1.418094515800476,
                        1.4385696649551392,
                        1.5994861125946045,
                        -3.615678071975708
                    ],
                    [
                        1.408579707145691,
                        1.4058934450149536,
                        1.642411231994629,
                        -3.574779987335205
                    ],
                    [
                        1.2688294649124146,
                        1.3511770963668823,
                        1.8379219770431519,
                        -3.589672565460205
                    ]
                ]
            ],
            "actions_pred": [
                [
                    [
                        0.7270102500915527,
                        0.7767733335494995,
                        0.8046244978904724,
                        1.0169994831085205,
                        1.23249089717865,
                        1.3992104530334473,
                        1.330883264541626,
                        1.5151634216308594,
                        1.7019413709640503,
                        1.6715147495269775,
                        1.4629900455474854,
                        1.4811042547225952,
                        1.5565694570541382,
                        1.4784964323043823,
                        1.5457677841186523,
                        1.5483485460281372,
                        1.5445575714111328,
                        1.418094515800476,
                        1.408579707145691,
                        1.2688294649124146
                    ],
                    [
                        0.8159509301185608,
                        0.9328233599662781,
                        0.9669216275215149,
                        0.8554860949516296,
                        0.8635104298591614,
                        1.3743394613265991,
                        1.544390320777893,
                        1.3070151805877686,
                        1.390496015548706,
                        1.1502759456634521,
                        1.1818984746932983,
                        1.195048451423645,
                        1.1838831901550293,
                        1.1805270910263062,
                        1.2894861698150635,
                        1.2873653173446655,
                        1.1920379400253296,
                        1.4385696649551392,
                        1.4058934450149536,
                        1.3511770963668823
                    ],
                    [
                        0.9806196689605713,
                        0.9663407206535339,
                        1.1497812271118164,
                        1.2095695734024048,
                        1.2982747554779053,
                        0.8185739517211914,
                        0.8245164155960083,
                        1.0608357191085815,
                        1.0529160499572754,
                        1.3658900260925293,
                        1.4024648666381836,
                        1.3818745613098145,
                        1.3664796352386475,
                        1.3401854038238525,
                        1.4342246055603027,
                        1.6979951858520508,
                        1.5467839241027832,
                        1.5994861125946045,
                        1.642411231994629,
                        1.8379219770431519
                    ],
                    [
                        -2.844485282897949,
                        -2.8980493545532227,
                        -2.658393144607544,
                        -2.808258056640625,
                        -3.3463995456695557,
                        -4.264345169067383,
                        -3.6714048385620117,
                        -3.531789541244507,
                        -3.452317237854004,
                        -3.407017230987549,
                        -3.163405179977417,
                        -3.148892402648926,
                        -3.221806764602661,
                        -3.2427139282226562,
                        -3.7072701454162598,
                        -3.752591133117676,
                        -3.5813045501708984,
                        -3.615678071975708,
                        -3.574779987335205,
                        -3.589672565460205
                    ]
                ]
            ],
            "states": [
                [
                    [
                        10534200.0,
                        2.6509645977057517e-05,
                        0.00013993013999424875,
                        443834.40625
                    ],
                    [
                        10761536.0,
                        2.5514371372992173e-05,
                        0.0001420098269591108,
                        437980.875
                    ],
                    [
                        9713184.0,
                        2.462484007992316e-05,
                        0.00013746164040639997,
                        438923.15625
                    ],
                    [
                        11058376.0,
                        2.37847361859167e-05,
                        0.00013166402641218156,
                        442931.21875
                    ],
                    [
                        10751400.0,
                        2.2961492504691705e-05,
                        0.00014091107004787773,
                        432700.84375
                    ],
                    [
                        10246048.0,
                        2.2220945538720116e-05,
                        0.0001376972795696929,
                        435969.53125
                    ],
                    [
                        9969480.0,
                        2.1551775716943666e-05,
                        0.00013403889897745103,
                        440537.53125
                    ],
                    [
                        10251840.0,
                        2.0921770556014962e-05,
                        0.00014748213288839906,
                        443483.875
                    ],
                    [
                        10121520.0,
                        2.0323142962297425e-05,
                        0.00013067024701740593,
                        443831.96875
                    ],
                    [
                        9543768.0,
                        1.977682586584706e-05,
                        0.00013482528447639197,
                        439055.96875
                    ],
                    [
                        8799496.0,
                        1.9293054720037617e-05,
                        0.00013897643657401204,
                        475444.21875
                    ],
                    [
                        9742144.0,
                        1.8827833628165536e-05,
                        0.00014449551235884428,
                        446623.25
                    ],
                    [
                        9966584.0,
                        1.835721377574373e-05,
                        0.00014116551028564572,
                        435027.78125
                    ],
                    [
                        9815992.0,
                        1.7907843357534148e-05,
                        0.0001414243597537279,
                        434458.03125
                    ],
                    [
                        10637008.0,
                        1.7465919881942682e-05,
                        0.00015197490574792027,
                        447300.9375
                    ],
                    [
                        9175976.0,
                        1.705779868643731e-05,
                        0.00016332330415025353,
                        457786.65625
                    ],
                    [
                        9695808.0,
                        1.6686690287315287e-05,
                        0.00014966299931984395,
                        442052.53125
                    ],
                    [
                        10571848.0,
                        1.6305739336530678e-05,
                        0.0001437981118215248,
                        454590.5
                    ],
                    [
                        9242584.0,
                        1.5949490261846222e-05,
                        0.0001480604405514896,
                        454658.375
                    ],
                    [
                        10438632.0,
                        1.5611025446560234e-05,
                        0.00013623677659779787,
                        451379.625
                    ]
                ]
            ],
            "actions": [
                [
                    [
                        0.25
                    ],
                    [
                        0.25
                    ],
                    [
                        0.25
                    ],
                    [
                        0.25
                    ],
                    [
                        0.25
                    ],
                    [
                        0.25
                    ],
                    [
                        0.25
                    ],
                    [
                        0.25
                    ],
                    [
                        0.25
                    ],
                    [
                        0.25
                    ],
                    [
                        0.25
                    ],
                    [
                        0.25
                    ],
                    [
                        0.25
                    ],
                    [
                        0.25
                    ],
                    [
                        0.25
                    ],
                    [
                        0.25
                    ],
                    [
                        0.25
                    ],
                    [
                        0.25
                    ],
                    [
                        0.25
                    ],
                    [
                        0.25
                    ]
                ]
            ],
            "returns": [
                [
                    [
                        0.2667037844657898
                    ],
                    [
                        0.26571014523506165
                    ],
                    [
                        0.26471462845802307
                    ],
                    [
                        0.26372823119163513
                    ],
                    [
                        0.26273030042648315
                    ],
                    [
                        0.26173487305641174
                    ],
                    [
                        0.2607437074184418
                    ],
                    [
                        0.2597549855709076
                    ],
                    [
                        0.25876376032829285
                    ],
                    [
                        0.2577736973762512
                    ],
                    [
                        0.25678882002830505
                    ],
                    [
                        0.2558111548423767
                    ],
                    [
                        0.2548244595527649
                    ],
                    [
                        0.2538357675075531
                    ],
                    [
                        0.25284841656684875
                    ],
                    [
                        0.25185394287109375
                    ],
                    [
                        0.25087255239486694
                    ],
                    [
                        0.24988628923892975
                    ],
                    [
                        0.24889235198497772
                    ],
                    [
                        0.24791033565998077
                    ]
                ]
            ],
            "timesteps": [
                [
                    340,
                    341,
                    342,
                    343,
                    344,
                    345,
                    346,
                    347,
                    348,
                    349,
                    350,
                    351,
                    352,
                    353,
                    354,
                    355,
                    356,
                    357,
                    358,
                    359
                ]
            ],
            "labels": [
                [
                    0,
                    0,
                    0,
                    0,
                    0,
                    0,
                    0,
                    0,
                    0,
                    0,
                    0,
                    0,
                    0,
                    0,
                    0,
                    0,
                    0,
                    0,
                    0,
                    0
                ]
            ],
            "CPU Usage": 45.4,
            "RAM Usage": 55.0,
            "GPU Usage": 0.0,
            "VRAM Usage": 355.0,
            "Disk Read Speed (MB/s)": 206644.9287109375,
            "Disk Write Speed (MB/s)": 411716.4541015625
        },
        {
            "step": 1,
            "train_loss": 0.02284817211329937,
            "actions_pred1": [
                [
                    [
                        0.4400149881839752,
                        2.0155293941497803,
                        1.8415944576263428,
                        -3.7073731422424316
                    ],
                    [
                        0.24196478724479675,
                        2.0477993488311768,
                        1.805854320526123,
                        -3.2344799041748047
                    ],
                    [
                        0.5552511215209961,
                        1.7761852741241455,
                        1.7253636121749878,
                        -3.194831371307373
                    ],
                    [
                        0.6823809742927551,
                        1.725931167602539,
                        1.562552571296692,
                        -3.47019624710083
                    ],
                    [
                        0.3676236569881439,
                        2.1307897567749023,
                        1.7018771171569824,
                        -3.818209409713745
                    ],
                    [
                        0.269508957862854,
                        1.8771381378173828,
                        1.999108910560608,
                        -3.831212043762207
                    ],
                    [
                        0.5735834240913391,
                        2.142449378967285,
                        2.0970115661621094,
                        -3.745305299758911
                    ],
                    [
                        0.9757161140441895,
                        2.1257877349853516,
                        2.375096559524536,
                        -4.204316139221191
                    ],
                    [
                        0.8742334246635437,
                        2.43204665184021,
                        2.7956128120422363,
                        -4.769557476043701
                    ],
                    [
                        0.6886574029922485,
                        2.5071969032287598,
                        2.858149290084839,
                        -4.725749492645264
                    ],
                    [
                        0.6698837280273438,
                        2.296656847000122,
                        2.5074949264526367,
                        -4.820212364196777
                    ],
                    [
                        0.8394728302955627,
                        2.252991199493408,
                        2.384404182434082,
                        -4.587057113647461
                    ],
                    [
                        0.7503917217254639,
                        2.1364312171936035,
                        2.3066232204437256,
                        -4.670709609985352
                    ],
                    [
                        0.9764280915260315,
                        1.7879137992858887,
                        2.316403388977051,
                        -4.757541656494141
                    ],
                    [
                        0.9173550605773926,
                        1.763936996459961,
                        2.172621488571167,
                        -4.739663124084473
                    ],
                    [
                        0.7082520723342896,
                        1.8256421089172363,
                        2.1594738960266113,
                        -4.534065246582031
                    ],
                    [
                        0.6713216304779053,
                        1.945425033569336,
                        2.282865285873413,
                        -4.380888938903809
                    ],
                    [
                        0.634009599685669,
                        2.020803689956665,
                        2.3997650146484375,
                        -4.293034553527832
                    ],
                    [
                        0.4875048100948334,
                        2.113473892211914,
                        2.660290241241455,
                        -4.4945573806762695
                    ],
                    [
                        0.6084882020950317,
                        2.1796250343322754,
                        2.5082061290740967,
                        -4.710860252380371
                    ]
                ]
            ],
            "actions_pred": [
                [
                    [
                        0.4400149881839752,
                        0.24196478724479675,
                        0.5552511215209961,
                        0.6823809742927551,
                        0.3676236569881439,
                        0.269508957862854,
                        0.5735834240913391,
                        0.9757161140441895,
                        0.8742334246635437,
                        0.6886574029922485,
                        0.6698837280273438,
                        0.8394728302955627,
                        0.7503917217254639,
                        0.9764280915260315,
                        0.9173550605773926,
                        0.7082520723342896,
                        0.6713216304779053,
                        0.634009599685669,
                        0.4875048100948334,
                        0.6084882020950317
                    ],
                    [
                        2.0155293941497803,
                        2.0477993488311768,
                        1.7761852741241455,
                        1.725931167602539,
                        2.1307897567749023,
                        1.8771381378173828,
                        2.142449378967285,
                        2.1257877349853516,
                        2.43204665184021,
                        2.5071969032287598,
                        2.296656847000122,
                        2.252991199493408,
                        2.1364312171936035,
                        1.7879137992858887,
                        1.763936996459961,
                        1.8256421089172363,
                        1.945425033569336,
                        2.020803689956665,
                        2.113473892211914,
                        2.1796250343322754
                    ],
                    [
                        1.8415944576263428,
                        1.805854320526123,
                        1.7253636121749878,
                        1.562552571296692,
                        1.7018771171569824,
                        1.999108910560608,
                        2.0970115661621094,
                        2.375096559524536,
                        2.7956128120422363,
                        2.858149290084839,
                        2.5074949264526367,
                        2.384404182434082,
                        2.3066232204437256,
                        2.316403388977051,
                        2.172621488571167,
                        2.1594738960266113,
                        2.282865285873413,
                        2.3997650146484375,
                        2.660290241241455,
                        2.5082061290740967
                    ],
                    [
                        -3.7073731422424316,
                        -3.2344799041748047,
                        -3.194831371307373,
                        -3.47019624710083,
                        -3.818209409713745,
                        -3.831212043762207,
                        -3.745305299758911,
                        -4.204316139221191,
                        -4.769557476043701,
                        -4.725749492645264,
                        -4.820212364196777,
                        -4.587057113647461,
                        -4.670709609985352,
                        -4.757541656494141,
                        -4.739663124084473,
                        -4.534065246582031,
                        -4.380888938903809,
                        -4.293034553527832,
                        -4.4945573806762695,
                        -4.710860252380371
                    ]
                ]
            ],
            "states": [
                [
                    [
                        5325744.0,
                        3.011092121596448e-05,
                        0.00027277067420072854,
                        851925.625
                    ],
                    [
                        5357600.0,
                        2.9456161428242922e-05,
                        0.00027305487310513854,
                        832487.0625
                    ],
                    [
                        5618240.0,
                        2.881258842535317e-05,
                        0.0002689558023121208,
                        866650.0
                    ],
                    [
                        5764488.0,
                        2.8174086764920503e-05,
                        0.0002797737834043801,
                        885137.0
                    ],
                    [
                        5370632.0,
                        2.7576063075684942e-05,
                        0.00025503398501314223,
                        827897.4375
                    ],
                    [
                        5432896.0,
                        2.7019848857889883e-05,
                        0.00027816780493594706,
                        880666.4375
                    ],
                    [
                        5364840.0,
                        2.6485795387998223e-05,
                        0.00026209698989987373,
                        834819.0
                    ],
                    [
                        5233072.0,
                        2.598174069134984e-05,
                        0.0002851165772881359,
                        880287.1875
                    ],
                    [
                        5114336.0,
                        2.5507837563054636e-05,
                        0.000267517170868814,
                        884475.5
                    ],
                    [
                        5458960.0,
                        2.504124859115109e-05,
                        0.00027258697082288563,
                        833080.1875
                    ],
                    [
                        5170808.0,
                        2.4588902306277305e-05,
                        0.00027191461413167417,
                        830618.8125
                    ],
                    [
                        5131712.0,
                        2.416586175968405e-05,
                        0.00027577357832342386,
                        795031.0
                    ],
                    [
                        5137504.0,
                        2.3758442694088444e-05,
                        0.00027702987426891923,
                        830415.5625
                    ],
                    [
                        5460408.0,
                        2.3352160496870056e-05,
                        0.0002779100905172527,
                        812805.0
                    ],
                    [
                        5332984.0,
                        2.2952330255066045e-05,
                        0.00026160795823670924,
                        784998.0
                    ],
                    [
                        5464752.0,
                        2.256591324112378e-05,
                        0.0002753763983491808,
                        843504.25
                    ],
                    [
                        5461856.0,
                        2.2187881768331863e-05,
                        0.0002731475979089737,
                        901654.0625
                    ],
                    [
                        5571904.0,
                        2.181875788664911e-05,
                        0.0002628508664201945,
                        880942.125
                    ],
                    [
                        5370632.0,
                        2.146460974472575e-05,
                        0.00026417680783197284,
                        856475.0625
                    ],
                    [
                        5508192.0,
                        2.1123838450876065e-05,
                        0.0002805523981805891,
                        865747.5
                    ]
                ]
            ],
            "actions": [
                [
                    [
                        0.75
                    ],
                    [
                        0.75
                    ],
                    [
                        0.75
                    ],
                    [
                        0.75
                    ],
                    [
                        0.75
                    ],
                    [
                        0.75
                    ],
                    [
                        0.75
                    ],
                    [
                        0.75
                    ],
                    [
                        0.75
                    ],
                    [
                        0.75
                    ],
                    [
                        0.75
                    ],
                    [
                        0.75
                    ],
                    [
                        0.75
                    ],
                    [
                        0.75
                    ],
                    [
                        0.75
                    ],
                    [
                        0.75
                    ],
                    [
                        0.75
                    ],
                    [
                        0.75
                    ],
                    [
                        0.75
                    ],
                    [
                        0.75
                    ]
                ]
            ],
            "returns": [
                [
                    [
                        0.34190085530281067
                    ],
                    [
                        0.34096771478652954
                    ],
                    [
                        0.34003403782844543
                    ],
                    [
                        0.3390961289405823
                    ],
                    [
                        0.33815598487854004
                    ],
                    [
                        0.33722206950187683
                    ],
                    [
                        0.33628717064857483
                    ],
                    [
                        0.33535337448120117
                    ],
                    [
                        0.3344217836856842
                    ],
                    [
                        0.3334922194480896
                    ],
                    [
                        0.33255690336227417
                    ],
                    [
                        0.33162635564804077
                    ],
                    [
                        0.3306964933872223
                    ],
                    [
                        0.32976654171943665
                    ],
                    [
                        0.32883119583129883
                    ],
                    [
                        0.32789793610572815
                    ],
                    [
                        0.32696250081062317
                    ],
                    [
                        0.3260270953178406
                    ],
                    [
                        0.3250899612903595
                    ],
                    [
                        0.3241560757160187
                    ]
                ]
            ],
            "timesteps": [
                [
                    260,
                    261,
                    262,
                    263,
                    264,
                    265,
                    266,
                    267,
                    268,
                    269,
                    270,
                    271,
                    272,
                    273,
                    274,
                    275,
                    276,
                    277,
                    278,
                    279
                ]
            ],
            "labels": [
                [
                    2,
                    2,
                    2,
                    2,
                    2,
                    2,
                    2,
                    2,
                    2,
                    2,
                    2,
                    2,
                    2,
                    2,
                    2,
                    2,
                    2,
                    2,
                    2,
                    2
                ]
            ],
            "CPU Usage": 46.7,
            "RAM Usage": 55.1,
            "GPU Usage": 0.0,
            "VRAM Usage": 355.0,
            "Disk Read Speed (MB/s)": 206644.9287109375,
            "Disk Write Speed (MB/s)": 411716.6103515625
        },
        {
            "step": 2,
            "train_loss": 0.0026890267618000507,
            "actions_pred1": [
                [
                    [
                        -0.5161632895469666,
                        3.704249382019043,
                        1.5589958429336548,
                        -1.9576456546783447
                    ],
                    [
                        -0.5681352019309998,
                        4.018466949462891,
                        1.2316220998764038,
                        -2.4936225414276123
                    ],
                    [
                        -0.5381274819374084,
                        4.403728008270264,
                        1.381323218345642,
                        -3.179114818572998
                    ],
                    [
                        -0.39688459038734436,
                        4.794546127319336,
                        1.297443151473999,
                        -3.4906768798828125
                    ],
                    [
                        -0.11606788635253906,
                        4.864522457122803,
                        1.325890302658081,
                        -3.6091971397399902
                    ],
                    [
                        0.0639270693063736,
                        4.987598419189453,
                        1.643581748008728,
                        -3.9975152015686035
                    ],
                    [
                        -0.002890363335609436,
                        5.051680088043213,
                        1.7387983798980713,
                        -4.233964443206787
                    ],
                    [
                        -0.01472368836402893,
                        4.796496868133545,
                        1.859056830406189,
                        -4.528497695922852
                    ],
                    [
                        0.30545324087142944,
                        4.602494239807129,
                        2.19321608543396,
                        -4.458433151245117
                    ],
                    [
                        0.3452954590320587,
                        4.7109174728393555,
                        2.2876553535461426,
                        -4.700682163238525
                    ],
                    [
                        0.13135701417922974,
                        4.560628890991211,
                        2.108689546585083,
                        -4.603558540344238
                    ],
                    [
                        0.2603600323200226,
                        4.64462947845459,
                        2.2126307487487793,
                        -4.916001796722412
                    ],
                    [
                        0.4584723114967346,
                        4.717341423034668,
                        2.2396011352539062,
                        -5.125222206115723
                    ],
                    [
                        0.5626528263092041,
                        4.657294273376465,
                        2.3751800060272217,
                        -5.561942100524902
                    ],
                    [
                        0.43707743287086487,
                        4.8301191329956055,
                        2.2971513271331787,
                        -5.711495399475098
                    ],
                    [
                        0.6098054647445679,
                        5.015690326690674,
                        2.274102210998535,
                        -5.843708038330078
                    ],
                    [
                        0.6759635210037231,
                        4.748124122619629,
                        2.537288188934326,
                        -5.8722357749938965
                    ],
                    [
                        0.6457284688949585,
                        4.763544082641602,
                        2.666104316711426,
                        -5.770307540893555
                    ],
                    [
                        0.5991737842559814,
                        4.831395149230957,
                        2.6288397312164307,
                        -5.967977046966553
                    ],
                    [
                        0.7423312067985535,
                        4.887421131134033,
                        2.837585210800171,
                        -6.050227165222168
                    ]
                ]
            ],
            "actions_pred": [
                [
                    [
                        -0.5161632895469666,
                        -0.5681352019309998,
                        -0.5381274819374084,
                        -0.39688459038734436,
                        -0.11606788635253906,
                        0.0639270693063736,
                        -0.002890363335609436,
                        -0.01472368836402893,
                        0.30545324087142944,
                        0.3452954590320587,
                        0.13135701417922974,
                        0.2603600323200226,
                        0.4584723114967346,
