{
    "steps": [
        {
            "step": 0,
            "train_loss": 0.0008020040695555508,
            "actions_pred1": [
                [
                    [
                        4.176116943359375,
                        1.1438199281692505,
                        1.5983188152313232,
                        -5.942698001861572
                    ],
                    [
                        4.594628810882568,
                        1.4754877090454102,
                        1.1783331632614136,
                        -5.567534446716309
                    ],
                    [
                        5.025364875793457,
                        1.0603020191192627,
                        1.3371405601501465,
                        -5.7838945388793945
                    ],
                    [
                        5.783141136169434,
                        0.48953473567962646,
                        0.9091338515281677,
                        -6.005551338195801
                    ],
                    [
                        5.662333965301514,
                        0.5898363590240479,
                        0.7656752467155457,
                        -6.165542125701904
                    ],
                    [
                        5.482983589172363,
                        0.6086959838867188,
                        0.39628875255584717,
                        -6.120807647705078
                    ],
                    [
                        5.394867420196533,
                        0.8021823167800903,
                        0.43689072132110596,
                        -5.958986759185791
                    ],
                    [
                        5.332472801208496,
                        0.5476852655410767,
                        0.39613327383995056,
                        -6.112395763397217
                    ],
                    [
                        5.508022308349609,
                        0.6684476137161255,
                        0.6419150829315186,
                        -6.180044174194336
                    ],
                    [
                        5.799286842346191,
                        0.5430086851119995,
                        0.9412199854850769,
                        -6.360659599304199
                    ],
                    [
                        5.457707405090332,
                        0.07659775018692017,
                        0.6524882316589355,
                        -6.458335876464844
                    ],
                    [
                        5.299969673156738,
                        0.12369823455810547,
                        0.7184245586395264,
                        -6.160123825073242
                    ],
                    [
                        5.4373931884765625,
                        0.2377350926399231,
                        0.5734314322471619,
                        -6.019659996032715
                    ],
                    [
                        5.437519073486328,
                        0.2911784052848816,
                        0.40885666012763977,
                        -6.036386013031006
                    ],
                    [
                        5.613431930541992,
                        0.2801360785961151,
                        0.2907685935497284,
                        -6.048178672790527
                    ],
                    [
                        5.365382671356201,
                        0.2905235290527344,
                        0.26512429118156433,
                        -6.201206207275391
                    ],
                    [
                        4.9883317947387695,
                        0.2901708483695984,
                        0.5120878219604492,
                        -6.167975902557373
                    ],
                    [
                        4.894231796264648,
                        0.38220566511154175,
                        0.7094095945358276,
                        -6.08516263961792
                    ],
                    [
                        4.8741631507873535,
                        0.5360242128372192,
                        0.6666347980499268,
                        -6.138163089752197
                    ],
                    [
                        4.936512470245361,
                        0.3686593174934387,
                        0.9436774253845215,
                        -6.241966724395752
                    ]
                ]
            ],
            "actions_pred": [
                [
                    [
                        4.176116943359375,
                        4.594628810882568,
                        5.025364875793457,
                        5.783141136169434,
                        5.662333965301514,
                        5.482983589172363,
                        5.394867420196533,
                        5.332472801208496,
                        5.508022308349609,
                        5.799286842346191,
                        5.457707405090332,
                        5.299969673156738,
                        5.4373931884765625,
                        5.437519073486328,
                        5.613431930541992,
                        5.365382671356201,
                        4.9883317947387695,
                        4.894231796264648,
                        4.8741631507873535,
                        4.936512470245361
                    ],
                    [
                        1.1438199281692505,
                        1.4754877090454102,
                        1.0603020191192627,
                        0.48953473567962646,
                        0.5898363590240479,
                        0.6086959838867188,
                        0.8021823167800903,
                        0.5476852655410767,
                        0.6684476137161255,
                        0.5430086851119995,
                        0.07659775018692017,
                        0.12369823455810547,
                        0.2377350926399231,
                        0.2911784052848816,
                        0.2801360785961151,
                        0.2905235290527344,
                        0.2901708483695984,
                        0.38220566511154175,
                        0.5360242128372192,
                        0.3686593174934387
                    ],
                    [
                        1.5983188152313232,
                        1.1783331632614136,
                        1.3371405601501465,
                        0.9091338515281677,
                        0.7656752467155457,
                        0.39628875255584717,
                        0.43689072132110596,
                        0.39613327383995056,
                        0.6419150829315186,
                        0.9412199854850769,
                        0.6524882316589355,
                        0.7184245586395264,
                        0.5734314322471619,
                        0.40885666012763977,
                        0.2907685935497284,
                        0.26512429118156433,
                        0.5120878219604492,
                        0.7094095945358276,
                        0.6666347980499268,
                        0.9436774253845215
                    ],
                    [
                        -5.942698001861572,
                        -5.567534446716309,
                        -5.7838945388793945,
                        -6.005551338195801,
                        -6.165542125701904,
                        -6.120807647705078,
                        -5.958986759185791,
                        -6.112395763397217,
                        -6.180044174194336,
                        -6.360659599304199,
                        -6.458335876464844,
                        -6.160123825073242,
                        -6.019659996032715,
                        -6.036386013031006,
                        -6.048178672790527,
                        -6.201206207275391,
                        -6.167975902557373,
                        -6.08516263961792,
                        -6.138163089752197,
                        -6.241966724395752
                    ]
                ]
            ],
            "states": [
                [
                    [
                        492320.0,
                        0.00014767394168302417,
                        0.018082506954669952,
                        363027.84375
                    ],
                    [
                        506800.0,
                        0.00014520809054374695,
                        0.01018515508621931,
                        441748.1875
                    ],
                    [
                        501008.0,
                        0.00014280257164500654,
                        0.009355437941849232,
                        481891.75
                    ],
                    [
                        543000.0,
                        0.00014039389498066157,
                        0.008023547939956188,
                        309271.0625
                    ],
                    [
                        571960.0,
                        0.00013790946104563773,
                        0.007616695482283831,
                        326690.1875
                    ],
                    [
                        626984.0,
                        0.00013533451419789344,
                        0.00705355079844594,
                        304830.28125
                    ],
                    [
                        582096.0,
                        0.00013283209409564734,
                        0.006484133191406727,
                        283344.0
                    ],
                    [
                        638568.0,
                        0.00013039908662904054,
                        0.005326922982931137,
                        341204.21875
                    ],
                    [
                        584992.0,
                        0.00012804687139578164,
                        0.005689277779310942,
                        350770.6875
                    ],
                    [
                        631328.0,
                        0.00012579229951370507,
                        0.0069713592529296875,
                        304207.3125
                    ],
                    [
                        438744.0,
                        0.00012387130118440837,
                        0.005918858107179403,
                        445445.40625
                    ],
                    [
                        682008.0,
                        0.00012192520807730034,
                        0.005743528250604868,
                        443906.625
                    ],
                    [
                        894864.0,
                        0.00011928792810067534,
                        0.007119554560631514,
                        502220.71875
                    ],
                    [
                        799296.0,
                        0.00011657496361294761,
                        0.006755398586392403,
                        559882.4375
                    ],
                    [
                        1003464.0,
                        0.000113823996798601,
                        0.007165591698139906,
                        431313.21875
                    ],
                    [
                        990432.0,
                        0.00011092599743278697,
                        0.006897749379277229,
                        501689.5625
                    ],
                    [
                        1185912.0,
                        0.00010792924149427563,
                        0.00677958969026804,
                        421160.84375
                    ],
                    [
                        1324920.0,
                        0.00010466613457538188,
                        0.006738434080034494,
                        445300.59375
                    ],
                    [
                        1403112.0,
                        0.00010133643809240311,
                        0.008364989422261715,
                        440591.6875
                    ],
                    [
                        1637688.0,
                        9.786803275346756e-05,
                        0.005549952387809753,
                        381840.25
                    ]
                ]
            ],
            "actions": [
                [
                    [
                        0.25
                    ],
                    [
                        0.25
                    ],
                    [
                        0.25
                    ],
                    [
                        0.25
                    ],
                    [
                        0.25
                    ],
                    [
                        0.25
                    ],
                    [
                        0.25
                    ],
                    [
                        0.25
                    ],
                    [
                        0.25
                    ],
                    [
                        0.25
                    ],
                    [
                        0.25
                    ],
                    [
                        0.25
                    ],
                    [
                        0.25
                    ],
                    [
                        0.25
                    ],
                    [
                        0.25
                    ],
                    [
                        0.25
                    ],
                    [
                        0.25
                    ],
                    [
                        0.25
                    ],
                    [
                        0.25
                    ],
                    [
                        0.25
                    ]
                ]
            ],
            "returns": [
                [
                    [
                        0.06894823163747787
                    ],
                    [
                        0.06822619587182999
                    ],
                    [
                        0.06750158965587616
                    ],
                    [
                        0.06677800416946411
                    ],
                    [
                        0.06604728102684021
                    ],
                    [
                        0.06531195342540741
                    ],
                    [
                        0.06456847488880157
                    ],
                    [
                        0.06383159011602402
                    ],
                    [
                        0.06308649480342865
                    ],
                    [
                        0.062349170446395874
                    ],
                    [
                        0.06160508468747139
                    ],
                    [
                        0.060893263667821884
                    ],
                    [
                        0.060142334550619125
                    ],
                    [
                        0.05936732143163681
                    ],
                    [
                        0.05860232189297676
                    ],
                    [
                        0.05781715363264084
                    ],
                    [
                        0.05703314393758774
                    ],
                    [
                        0.05623316764831543
                    ],
                    [
                        0.05542336031794548
                    ],
                    [
                        0.05460847169160843
                    ]
                ]
            ],
            "timesteps": [
                [
                    560,
                    561,
                    562,
                    563,
                    564,
                    565,
                    566,
                    567,
                    568,
                    569,
                    570,
                    571,
                    572,
                    573,
                    574,
                    575,
                    576,
                    577,
                    578,
                    579
                ]
            ],
            "labels": [
                [
                    0,
                    0,
                    0,
                    0,
                    0,
                    0,
                    0,
                    0,
                    0,
                    0,
                    0,
                    0,
                    0,
                    0,
                    0,
                    0,
                    0,
                    0,
                    0,
                    0
                ]
            ],
            "CPU Usage": 45.5,
            "RAM Usage": 55.0,
            "GPU Usage": 0.0,
            "VRAM Usage": 355.0,
            "Disk Read Speed (MB/s)": 206653.4365234375,
            "Disk Write Speed (MB/s)": 430626.6650390625
        },
        {
            "step": 1,
            "train_loss": 0.011665540747344494,
            "actions_pred1": [
                [
                    [
                        1.1975048780441284,
                        2.1034762859344482,
                        2.3600447177886963,
                        -4.168034553527832
                    ],
                    [
                        1.1545063257217407,
                        1.9890646934509277,
                        2.50834584236145,
                        -4.481815338134766
                    ],
                    [
                        1.1649658679962158,
                        2.5614256858825684,
                        2.3231265544891357,
                        -5.270151138305664
                    ],
                    [
                        1.0632424354553223,
                        2.9982447624206543,
                        1.9823769330978394,
                        -5.874112129211426
                    ],
                    [
                        0.7309236526489258,
                        3.7391083240509033,
                        1.798883080482483,
                        -5.840787410736084
                    ],
                    [
                        1.0888683795928955,
                        3.7994472980499268,
                        1.4795732498168945,
                        -6.203472137451172
                    ],
                    [
                        1.2260689735412598,
                        3.8601555824279785,
                        1.1389753818511963,
                        -6.325869083404541
                    ],
                    [
                        1.324681282043457,
                        4.310711860656738,
                        1.4650300741195679,
                        -6.428855895996094
                    ],
                    [
                        1.438843011856079,
                        4.225065231323242,
                        1.7247004508972168,
                        -6.356016159057617
                    ],
                    [
                        1.7157752513885498,
                        4.199316501617432,
                        1.6582915782928467,
                        -6.650618553161621
                    ],
                    [
                        1.6824736595153809,
                        3.9271223545074463,
                        1.3022410869598389,
                        -6.526841163635254
                    ],
                    [
                        1.6566145420074463,
                        4.018412113189697,
                        1.2431371212005615,
                        -6.550057411193848
                    ],
                    [
                        1.5666284561157227,
                        4.014751434326172,
                        1.332779049873352,
                        -6.477543830871582
                    ],
                    [
                        1.6958917379379272,
                        4.212986946105957,
                        1.5535268783569336,
                        -6.720679759979248
                    ],
                    [
                        1.7112410068511963,
                        4.493196964263916,
                        1.3472013473510742,
                        -6.4871320724487305
                    ],
                    [
                        1.7301334142684937,
                        4.455796718597412,
                        1.5430474281311035,
                        -6.639601230621338
                    ],
                    [
                        1.9048138856887817,
                        4.241233825683594,
                        1.682088851928711,
                        -6.588439464569092
                    ],
                    [
                        1.9113718271255493,
                        4.160097599029541,
                        1.76759672164917,
                        -6.757194519042969
                    ],
                    [
                        1.960101842880249,
                        3.9760217666625977,
                        1.9179027080535889,
                        -6.432571887969971
                    ],
                    [
                        2.393893003463745,
                        4.066271781921387,
                        1.7277876138687134,
                        -6.5751848220825195
                    ]
                ]
            ],
            "actions_pred": [
                [
                    [
                        1.1975048780441284,
                        1.1545063257217407,
                        1.1649658679962158,
                        1.0632424354553223,
                        0.7309236526489258,
                        1.0888683795928955,
                        1.2260689735412598,
                        1.324681282043457,
                        1.438843011856079,
                        1.7157752513885498,
                        1.6824736595153809,
                        1.6566145420074463,
                        1.5666284561157227,
                        1.6958917379379272,
                        1.7112410068511963,
                        1.7301334142684937,
                        1.9048138856887817,
                        1.9113718271255493,
                        1.960101842880249,
                        2.393893003463745
                    ],
                    [
                        2.1034762859344482,
                        1.9890646934509277,
                        2.5614256858825684,
                        2.9982447624206543,
                        3.7391083240509033,
                        3.7994472980499268,
                        3.8601555824279785,
                        4.310711860656738,
                        4.225065231323242,
                        4.199316501617432,
                        3.9271223545074463,
                        4.018412113189697,
                        4.014751434326172,
                        4.212986946105957,
                        4.493196964263916,
                        4.455796718597412,
                        4.241233825683594,
                        4.160097599029541,
                        3.9760217666625977,
                        4.066271781921387
                    ],
                    [
                        2.3600447177886963,
                        2.50834584236145,
                        2.3231265544891357,
                        1.9823769330978394,
                        1.798883080482483,
                        1.4795732498168945,
                        1.1389753818511963,
                        1.4650300741195679,
                        1.7247004508972168,
                        1.6582915782928467,
                        1.3022410869598389,
                        1.2431371212005615,
                        1.332779049873352,
                        1.5535268783569336,
                        1.3472013473510742,
                        1.5430474281311035,
                        1.682088851928711,
                        1.76759672164917,
                        1.9179027080535889,
                        1.7277876138687134
                    ],
                    [
                        -4.168034553527832,
                        -4.481815338134766,
                        -5.270151138305664,
                        -5.874112129211426,
                        -5.840787410736084,
                        -6.203472137451172,
                        -6.325869083404541,
                        -6.428855895996094,
                        -6.356016159057617,
                        -6.650618553161621,
                        -6.526841163635254,
                        -6.550057411193848,
                        -6.477543830871582,
                        -6.720679759979248,
                        -6.4871320724487305,
                        -6.639601230621338,
                        -6.588439464569092,
                        -6.757194519042969,
                        -6.432571887969971,
                        -6.5751848220825195
                    ]
                ]
            ],
            "states": [
                [
                    [
                        5354704.0,
                        8.239823728217743e-06,
                        0.00025337765691801906,
                        501396.375
                    ],
                    [
                        6112008.0,
                        8.186386367015075e-06,
                        0.00023226119810715318,
                        493386.84375
                    ],
                    [
                        437474.0,
                        0.04059061408042908,
                        0.000310274597723037,
                        179519.703125
                    ],
                    [
                        742824.0,
                        0.00568061089143157,
                        0.00025462565827183425,
                        494869.5625
                    ],
                    [
                        1293064.0,
                        0.002463217591866851,
                        0.00027542549651116133,
                        568802.125
                    ],
                    [
                        2754096.0,
                        0.001175331766717136,
                        0.00025879128952510655,
                        506395.59375
                    ],
                    [
                        4959400.0,
                        0.0005831622984260321,
                        0.0002528103068470955,
                        510830.5
                    ],
                    [
                        7180632.0,
                        0.0003223789972253144,
                        0.00020026147831231356,
                        497092.78125
                    ],
                    [
                        10328584.0,
                        0.00019613979384303093,
                        0.00022364039614330977,
                        447740.25
                    ],
                    [
                        9514808.0,
                        0.00013474683510139585,
                        0.0002323320077266544,
                        458092.9375
                    ],
                    [
                        9614720.0,
                        0.00010378147271694615,
                        0.00023472661268897355,
                        451882.15625
                    ],
                    [
                        11055480.0,
                        8.32404475659132e-05,
                        0.00024062122975010425,
                        451078.96875
                    ],
                    [
                        10631216.0,
                        6.886368646519259e-05,
                        0.0001874879380920902,
                        454141.4375
                    ],
                    [
                        9736352.0,
                        5.92533870076295e-05,
                        0.00025532711879350245,
                        501440.96875
                    ],
                    [
                        5832544.0,
                        5.351470463210717e-05,
                        0.0002452299522701651,
                        514617.375
                    ],
                    [
                        4878312.0,
                        5.0193953939015046e-05,
                        0.00023082415282260627,
                        598373.25
                    ],
                    [
                        5687744.0,
                        4.730764703708701e-05,
                        0.00026125748991034925,
                        594833.125
                    ],
                    [
                        5154880.0,
                        4.466561586013995e-05,
                        0.00024003862927202135,
                        666985.1875
                    ],
                    [
                        5471992.0,
                        4.2350944568170235e-05,
                        0.00019315553072374314,
                        641558.875
                    ],
                    [
                        7102440.0,
                        3.9908583858050406e-05,
                        0.00022412248654291034,
                        477795.28125
                    ]
                ]
            ],
            "actions": [
                [
                    [
                        0.25
                    ],
                    [
                        0.25
                    ],
                    [
                        0.5
                    ],
                    [
                        0.5
                    ],
                    [
                        0.5
                    ],
                    [
                        0.5
                    ],
                    [
                        0.5
                    ],
                    [
                        0.5
                    ],
                    [
                        0.5
                    ],
                    [
                        0.5
                    ],
                    [
                        0.5
                    ],
                    [
                        0.5
                    ],
                    [
                        0.5
                    ],
                    [
                        0.5
                    ],
                    [
                        0.5
                    ],
                    [
                        0.5
                    ],
                    [
                        0.5
                    ],
                    [
                        0.5
                    ],
                    [
                        0.5
                    ],
                    [
                        0.5
                    ]
                ]
            ],
            "returns": [
                [
                    [
                        0.18974736332893372
                    ],
                    [
                        0.1888137310743332
                    ],
                    [
                        0.1878683865070343
                    ],
                    [
                        0.1871568113565445
                    ],
                    [
                        0.18639831244945526
                    ],
                    [
                        0.18559066951274872
                    ],
                    [
                        0.18471598625183105
                    ],
                    [
                        0.18378916382789612
                    ],
                    [
                        0.18282951414585114
                    ],
                    [
                        0.18183764815330505
                    ],
                    [
                        0.18085305392742157
                    ],
                    [
                        0.17986753582954407
                    ],
                    [
                        0.17886963486671448
                    ],
                    [
                        0.17787520587444305
                    ],
                    [
                        0.176888570189476
                    ],
                    [
                        0.17594735324382782
                    ],
                    [
                        0.17502199113368988
                    ],
                    [
                        0.17408300936222076
                    ],
                    [
                        0.17315275967121124
                    ],
                    [
                        0.1722172051668167
                    ]
                ]
            ],
            "timesteps": [
                [
                    420,
                    421,
                    422,
                    423,
                    424,
                    425,
                    426,
                    427,
                    428,
                    429,
                    430,
                    431,
                    432,
                    433,
                    434,
                    435,
                    436,
                    437,
                    438,
                    439
                ]
            ],
            "labels": [
                [
                    0,
                    0,
                    1,
                    1,
                    1,
                    1,
                    1,
                    1,
                    1,
                    1,
                    1,
                    1,
                    1,
                    1,
                    1,
                    1,
                    1,
                    1,
                    1,
                    1
                ]
            ],
            "CPU Usage": 46.8,
            "RAM Usage": 55.1,
            "GPU Usage": 0.0,
            "VRAM Usage": 355.0,
            "Disk Read Speed (MB/s)": 206653.4365234375,
            "Disk Write Speed (MB/s)": 430626.8759765625
        },
        {
            "step": 2,
            "train_loss": 0.0001936137123266235,
            "actions_pred1": [
                [
                    [
                        -1.8379437923431396,
                        3.9279119968414307,
                        -0.47725191712379456,
                        -4.516573429107666
                    ],
                    [
                        -1.5573153495788574,
                        4.276972770690918,
                        -0.7173061370849609,
                        -4.012182712554932
                    ],
                    [
                        -1.8056987524032593,
                        4.306342124938965,
                        -1.2708275318145752,
                        -4.010739326477051
                    ],
                    [
                        -1.9215824604034424,
                        4.4737372398376465,
                        -1.443881869316101,
                        -4.197790622711182
                    ],
                    [
                        -1.8990927934646606,
                        4.39818811416626,
                        -1.9905495643615723,
                        -4.481148719787598
                    ],
                    [
                        -1.5960266590118408,
                        4.596803188323975,
                        -1.7898749113082886,
                        -4.566872596740723
                    ],
                    [
                        -1.473902940750122,
                        4.782463073730469,
                        -1.930945873260498,
                        -4.557000160217285
                    ],
                    [
                        -1.2965764999389648,
                        4.810708999633789,
                        -1.8095518350601196,
                        -4.305505752563477
                    ],
                    [
                        -1.1076713800430298,
                        4.667335510253906,
                        -1.5046230554580688,
                        -4.741890907287598
                    ],
                    [
                        -1.097825288772583,
                        4.531890392303467,
                        -1.3981860876083374,
                        -4.70852518081665
                    ],
                    [
                        -1.0554678440093994,
                        4.578059673309326,
                        -1.448300838470459,
                        -4.798183917999268
                    ],
                    [
                        -1.0497510433197021,
                        4.565372467041016,
                        -1.471848964691162,
                        -4.864164352416992
                    ],
                    [
                        -1.1933391094207764,
                        4.609147548675537,
                        -1.5000497102737427,
                        -4.84100341796875
                    ],
                    [
                        -1.2853198051452637,
                        4.606396675109863,
                        -1.402140498161316,
                        -4.835028171539307
                    ],
                    [
                        -1.2522659301757812,
                        4.7074408531188965,
                        -1.3414249420166016,
                        -4.898338794708252
                    ],
                    [
                        -1.0730092525482178,
                        4.773024082183838,
                        -1.3645814657211304,
                        -4.989828109741211
                    ],
                    [
                        -0.9252117872238159,
                        4.71421480178833,
                        -1.3361958265304565,
                        -4.9102463722229
                    ],
                    [
                        -0.8562412261962891,
                        4.6158037185668945,
                        -1.4341295957565308,
                        -4.958855628967285
                    ],
                    [
                        -0.8394854068756104,
                        4.445691108703613,
                        -1.3757318258285522,
                        -4.899911880493164
                    ],
                    [
                        -0.8227624297142029,
                        4.4160661697387695,
                        -1.3830112218856812,
                        -4.886885166168213
                    ]
                ]
            ],
            "actions_pred": [
                [
                    [
                        -1.8379437923431396,
                        -1.5573153495788574,
                        -1.8056987524032593,
                        -1.9215824604034424,
                        -1.8990927934646606,
                        -1.5960266590118408,
                        -1.473902940750122,
                        -1.2965764999389648,
                        -1.1076713800430298,
                        -1.097825288772583,
                        -1.0554678440093994,
                        -1.0497510433197021,
                        -1.1933391094207764,
                        -1.2853198051452637,
