{
    "steps": [
        {
            "step": 0,
            "train_loss": 0.03198966383934021,
            "actions_pred1": [
                [
                    [
                        0.5707197189331055,
                        0.889449417591095,
                        1.8118072748184204,
                        -2.484307289123535
                    ],
                    [
                        0.6833446025848389,
                        0.8718617558479309,
                        1.8070385456085205,
                        -2.4499173164367676
                    ],
                    [
                        0.7315885424613953,
                        0.9099026918411255,
                        1.8966530561447144,
                        -2.7465310096740723
                    ],
                    [
                        0.5770125389099121,
                        0.9717997312545776,
                        1.864531397819519,
                        -2.925428628921509
                    ],
                    [
                        0.5700199007987976,
                        1.2666348218917847,
                        1.6444627046585083,
                        -3.0039424896240234
                    ],
                    [
                        0.6429427862167358,
                        1.1905443668365479,
                        1.602450966835022,
                        -2.801724672317505
                    ],
                    [
                        0.8556888699531555,
                        1.1789727210998535,
                        1.425072431564331,
                        -2.6785261631011963
                    ],
                    [
                        0.6423083543777466,
                        1.2340867519378662,
                        1.7812436819076538,
                        -2.597435712814331
                    ],
                    [
                        0.596103310585022,
                        1.2970445156097412,
                        1.819703459739685,
                        -2.511409044265747
                    ],
                    [
                        0.4547247886657715,
                        1.2531754970550537,
                        1.8347759246826172,
                        -2.5857908725738525
                    ],
                    [
                        0.4032045900821686,
                        1.3279554843902588,
                        2.1861047744750977,
                        -2.962669849395752
                    ],
                    [
                        0.5541841983795166,
                        1.1912739276885986,
                        1.97042715549469,
                        -2.777925968170166
                    ],
                    [
                        0.6028773784637451,
                        1.1165815591812134,
                        1.9779030084609985,
                        -2.834184169769287
                    ],
                    [
                        0.5335861444473267,
                        0.874370276927948,
                        1.8932256698608398,
                        -2.6258020401000977
                    ],
                    [
                        0.7067707777023315,
                        1.2422785758972168,
                        1.9419646263122559,
                        -3.0863564014434814
                    ],
                    [
                        0.7202531099319458,
                        1.1428089141845703,
                        1.666904091835022,
                        -2.6921260356903076
                    ],
                    [
                        0.804374098777771,
                        1.1757210493087769,
                        1.566755771636963,
                        -2.527899742126465
                    ],
                    [
                        0.8438147306442261,
                        1.0618586540222168,
                        1.5106340646743774,
                        -2.513188362121582
                    ],
                    [
                        1.0187714099884033,
                        1.0764731168746948,
                        1.693232774734497,
                        -2.645794153213501
                    ],
                    [
                        0.9168530106544495,
                        1.1561784744262695,
                        1.7731893062591553,
                        -2.7528505325317383
                    ]
                ]
            ],
            "actions_pred": [
                [
                    [
                        0.5707197189331055,
                        0.6833446025848389,
                        0.7315885424613953,
                        0.5770125389099121,
                        0.5700199007987976,
                        0.6429427862167358,
                        0.8556888699531555,
                        0.6423083543777466,
                        0.596103310585022,
                        0.4547247886657715,
                        0.4032045900821686,
                        0.5541841983795166,
                        0.6028773784637451,
                        0.5335861444473267,
                        0.7067707777023315,
                        0.7202531099319458,
                        0.804374098777771,
                        0.8438147306442261,
                        1.0187714099884033,
                        0.9168530106544495
                    ],
                    [
                        0.889449417591095,
                        0.8718617558479309,
                        0.9099026918411255,
                        0.9717997312545776,
                        1.2666348218917847,
                        1.1905443668365479,
                        1.1789727210998535,
                        1.2340867519378662,
                        1.2970445156097412,
                        1.2531754970550537,
                        1.3279554843902588,
                        1.1912739276885986,
                        1.1165815591812134,
                        0.874370276927948,
                        1.2422785758972168,
                        1.1428089141845703,
                        1.1757210493087769,
                        1.0618586540222168,
                        1.0764731168746948,
                        1.1561784744262695
                    ],
                    [
                        1.8118072748184204,
                        1.8070385456085205,
                        1.8966530561447144,
                        1.864531397819519,
                        1.6444627046585083,
                        1.602450966835022,
                        1.425072431564331,
                        1.7812436819076538,
                        1.819703459739685,
                        1.8347759246826172,
                        2.1861047744750977,
                        1.97042715549469,
                        1.9779030084609985,
                        1.8932256698608398,
                        1.9419646263122559,
                        1.666904091835022,
                        1.566755771636963,
                        1.5106340646743774,
                        1.693232774734497,
                        1.7731893062591553
                    ],
                    [
                        -2.484307289123535,
                        -2.4499173164367676,
                        -2.7465310096740723,
                        -2.925428628921509,
                        -3.0039424896240234,
                        -2.801724672317505,
                        -2.6785261631011963,
                        -2.597435712814331,
                        -2.511409044265747,
                        -2.5857908725738525,
                        -2.962669849395752,
                        -2.777925968170166,
                        -2.834184169769287,
                        -2.6258020401000977,
                        -3.0863564014434814,
                        -2.6921260356903076,
                        -2.527899742126465,
                        -2.513188362121582,
                        -2.645794153213501,
                        -2.7528505325317383
                    ]
                ]
            ],
            "states": [
                [
                    [
                        5847024.0,
                        7.17427474228316e-06,
                        0.0002797465131152421,
                        862261.25
                    ],
                    [
                        5130264.0,
                        7.109771104296669e-06,
                        0.00027696648612618446,
                        791462.9375
                    ],
                    [
                        5460408.0,
                        7.0486535150848795e-06,
                        0.0002747685939539224,
                        848104.9375
                    ],
                    [
                        5159224.0,
                        6.988396307860967e-06,
                        0.000255326071055606,
                        826896.4375
                    ],
                    [
                        5280856.0,
                        6.9301599978643935e-06,
                        0.0002729953557718545,
                        850071.375
                    ],
                    [
                        5415520.0,
                        6.871501227578847e-06,
                        0.00026464968686923385,
                        894284.875
                    ],
                    [
                        5138952.0,
                        6.81457140672137e-06,
                        0.000260901142610237,
                        824406.5
                    ],
                    [
                        5364840.0,
                        6.758851213817252e-06,
                        0.00026091569452546537,
                        837380.25
                    ],
                    [
                        8605643.0,
                        0.0036125751212239265,
                        0.0002766261750366539,
                        462352.0625
                    ],
                    [
                        10015816.0,
                        0.00033437556703574955,
                        0.00026207882910966873,
                        482968.0625
                    ],
                    [
                        7806168.0,
                        0.00019468956452328712,
                        0.00027697221958078444,
                        473153.5
                    ],
                    [
                        6004856.0,
                        0.00014804340025875717,
                        0.00037561735371127725,
                        563905.9375
                    ],
                    [
                        3835752.0,
                        0.00012653775047510862,
                        0.000348972505889833,
                        546822.625
                    ],
                    [
                        693592.0,
                        0.00011859468213515356,
                        0.000344088242854923,
                        536207.0
                    ],
                    [
                        1136680.0,
                        0.00011570940841920674,
                        0.00030916635296307504,
                        532932.75
                    ],
                    [
                        755856.0,
                        0.0001128598305513151,
                        0.00029186115716584027,
                        668301.125
                    ],
                    [
                        573408.0,
                        0.00011094257206423208,
                        0.00031188191496767104,
                        741689.6875
                    ],
                    [
                        432952.0,
                        0.0001095341140171513,
                        0.0003927450452465564,
                        678985.1875
                    ],
                    [
                        1216320.0,
                        0.00010730996291385964,
                        0.00034627493005245924,
                        618105.1875
                    ],
                    [
                        4131144.0,
                        0.00010072957229567692,
                        0.00028098482289351523,
                        571491.4375
                    ]
                ]
            ],
            "actions": [
                [
                    [
                        0.75
                    ],
                    [
                        0.75
                    ],
                    [
                        0.75
                    ],
                    [
                        0.75
                    ],
                    [
                        0.75
                    ],
                    [
                        0.75
                    ],
                    [
                        0.75
                    ],
                    [
                        0.75
                    ],
                    [
                        0.5
                    ],
                    [
                        0.5
                    ],
                    [
                        0.5
                    ],
                    [
                        0.5
                    ],
                    [
                        0.5
                    ],
                    [
                        0.5
                    ],
                    [
                        0.5
                    ],
                    [
                        0.5
                    ],
                    [
                        0.5
                    ],
                    [
                        0.5
                    ],
                    [
                        0.5
                    ],
                    [
                        0.5
                    ]
                ]
            ],
            "returns": [
                [
                    [
                        0.48685410618782043
                    ],
                    [
                        0.4859126806259155
                    ],
                    [
                        0.48498284816741943
                    ],
                    [
                        0.4840475022792816
                    ],
                    [
                        0.48311716318130493
                    ],
                    [
                        0.4821847677230835
                    ],
                    [
                        0.481250137090683
                    ],
                    [
                        0.48032015562057495
                    ],
                    [
                        0.4793863594532013
                    ],
                    [
                        0.47841066122055054
                    ],
                    [
                        0.47742152214050293
                    ],
                    [
                        0.4764544665813446
                    ],
                    [
                        0.47551068663597107
                    ],
                    [
                        0.47460663318634033
                    ],
                    [
                        0.4738542139530182
                    ],
                    [
                        0.47305798530578613
                    ],
                    [
                        0.4722979664802551
                    ],
                    [
                        0.47156238555908203
                    ],
                    [
                        0.47085174918174744
                    ],
                    [
                        0.47004953026771545
                    ]
                ]
            ],
            "timesteps": [
                [
                    100,
                    101,
                    102,
                    103,
                    104,
                    105,
                    106,
                    107,
                    108,
                    109,
                    110,
                    111,
                    112,
                    113,
                    114,
                    115,
                    116,
                    117,
                    118,
                    119
                ]
            ],
            "labels": [
                [
                    2,
                    2,
                    2,
                    2,
                    2,
                    2,
                    2,
                    2,
                    1,
                    1,
                    1,
                    1,
                    1,
                    1,
                    1,
                    1,
                    1,
                    1,
                    1,
                    1
                ]
            ],
            "CPU Usage": 45.0,
            "RAM Usage": 54.9,
            "GPU Usage": 0.0,
            "VRAM Usage": 355.0,
            "Disk Read Speed (MB/s)": 206580.7294921875,
            "Disk Write Speed (MB/s)": 402253.3916015625
        },
        {
            "step": 1,
            "train_loss": 0.04866636544466019,
            "actions_pred1": [
                [
                    [
                        0.6814265251159668,
                        0.3739825487136841,
                        1.741180419921875,
                        -1.8977830410003662
                    ],
                    [
                        0.6560391187667847,
                        0.3534221053123474,
                        1.8225572109222412,
                        -1.9222066402435303
                    ],
                    [
                        0.6125392317771912,
                        0.5105994939804077,
                        1.7001206874847412,
                        -2.0310068130493164
                    ],
                    [
                        0.4478597044944763,
                        0.6199612617492676,
                        1.7970482110977173,
                        -2.176161050796509
                    ],
                    [
                        0.5604186058044434,
                        0.7820080518722534,
                        1.7050586938858032,
                        -2.104970932006836
                    ],
                    [
                        0.6722685098648071,
                        0.5903494954109192,
                        1.4508793354034424,
                        -2.1083812713623047
                    ],
                    [
                        0.7070426940917969,
                        0.6008784770965576,
                        1.4151688814163208,
                        -2.1172385215759277
                    ],
                    [
                        0.6756664514541626,
                        0.8227502703666687,
                        1.5302646160125732,
                        -2.0381081104278564
                    ],
                    [
                        0.758516788482666,
                        0.7329111695289612,
                        1.6411583423614502,
                        -2.0793614387512207
                    ],
                    [
                        0.8406348824501038,
                        0.6760684847831726,
                        1.5759906768798828,
                        -2.20143723487854
                    ],
                    [
                        0.8112765550613403,
                        0.677959144115448,
                        1.5513054132461548,
                        -2.215463638305664
                    ],
                    [
                        0.8162344098091125,
                        0.7506426572799683,
                        1.5448392629623413,
                        -2.294189214706421
                    ],
                    [
                        0.7635869383811951,
                        0.8330456614494324,
                        1.679779052734375,
                        -2.4207067489624023
                    ],
                    [
                        1.0363905429840088,
                        0.8857598900794983,
                        1.7079102993011475,
                        -2.4452242851257324
                    ],
                    [
                        1.033708930015564,
                        0.9408084750175476,
                        1.6511313915252686,
                        -2.379854917526245
                    ],
                    [
                        1.0172182321548462,
                        0.8122097253799438,
                        1.6766806840896606,
                        -2.4635629653930664
                    ],
                    [
                        0.9775819778442383,
                        0.6352924108505249,
                        1.7739239931106567,
                        -2.3903989791870117
                    ],
                    [
                        0.9916787147521973,
                        0.6070139408111572,
                        1.6638365983963013,
                        -2.281252145767212
                    ],
                    [
                        0.9385637044906616,
                        0.7237305045127869,
                        1.8381404876708984,
                        -2.3726274967193604
                    ],
                    [
                        1.0415480136871338,
                        0.6969128251075745,
                        1.8826531171798706,
                        -2.337057590484619
                    ]
                ]
            ],
            "actions_pred": [
                [
                    [
                        0.6814265251159668,
                        0.6560391187667847,
                        0.6125392317771912,
                        0.4478597044944763,
                        0.5604186058044434,
                        0.6722685098648071,
                        0.7070426940917969,
                        0.6756664514541626,
                        0.758516788482666,
                        0.8406348824501038,
                        0.8112765550613403,
                        0.8162344098091125,
                        0.7635869383811951,
                        1.0363905429840088,
                        1.033708930015564,
                        1.0172182321548462,
                        0.9775819778442383,
                        0.9916787147521973,
                        0.9385637044906616,
                        1.0415480136871338
                    ],
                    [
                        0.3739825487136841,
                        0.3534221053123474,
                        0.5105994939804077,
                        0.6199612617492676,
                        0.7820080518722534,
                        0.5903494954109192,
                        0.6008784770965576,
                        0.8227502703666687,
                        0.7329111695289612,
                        0.6760684847831726,
                        0.677959144115448,
                        0.7506426572799683,
                        0.8330456614494324,
                        0.8857598900794983,
                        0.9408084750175476,
                        0.8122097253799438,
                        0.6352924108505249,
                        0.6070139408111572,
                        0.7237305045127869,
                        0.6969128251075745
                    ],
                    [
                        1.741180419921875,
                        1.8225572109222412,
                        1.7001206874847412,
                        1.7970482110977173,
                        1.7050586938858032,
                        1.4508793354034424,
                        1.4151688814163208,
                        1.5302646160125732,
                        1.6411583423614502,
                        1.5759906768798828,
                        1.5513054132461548,
                        1.5448392629623413,
                        1.679779052734375,
                        1.7079102993011475,
                        1.6511313915252686,
                        1.6766806840896606,
                        1.7739239931106567,
                        1.6638365983963013,
                        1.8381404876708984,
                        1.8826531171798706
                    ],
                    [
                        -1.8977830410003662,
                        -1.9222066402435303,
                        -2.0310068130493164,
                        -2.176161050796509,
                        -2.104970932006836,
                        -2.1083812713623047,
                        -2.1172385215759277,
                        -2.0381081104278564,
                        -2.0793614387512207,
                        -2.20143723487854,
                        -2.215463638305664,
                        -2.294189214706421,
                        -2.4207067489624023,
                        -2.4452242851257324,
                        -2.379854917526245,
                        -2.4635629653930664,
                        -2.3903989791870117,
                        -2.281252145767212,
                        -2.3726274967193604,
                        -2.337057590484619
                    ]
                ]
            ],
            "states": [
                [
                    [
                        5354704.0,
                        8.239823728217743e-06,
                        0.00025337765691801906,
                        501396.375
                    ],
                    [
                        6112008.0,
                        8.186386367015075e-06,
                        0.00023226119810715318,
                        493386.84375
                    ],
                    [
                        437474.0,
                        0.04059061408042908,
                        0.000310274597723037,
                        179519.703125
                    ],
                    [
                        742824.0,
                        0.00568061089143157,
                        0.00025462565827183425,
                        494869.5625
                    ],
                    [
                        1293064.0,
                        0.002463217591866851,
                        0.00027542549651116133,
                        568802.125
                    ],
                    [
                        2754096.0,
                        0.001175331766717136,
                        0.00025879128952510655,
                        506395.59375
                    ],
                    [
                        4959400.0,
                        0.0005831622984260321,
                        0.0002528103068470955,
                        510830.5
                    ],
                    [
                        7180632.0,
                        0.0003223789972253144,
                        0.00020026147831231356,
                        497092.78125
                    ],
                    [
                        10328584.0,
                        0.00019613979384303093,
                        0.00022364039614330977,
                        447740.25
                    ],
                    [
                        9514808.0,
                        0.00013474683510139585,
                        0.0002323320077266544,
                        458092.9375
                    ],
                    [
                        9614720.0,
                        0.00010378147271694615,
                        0.00023472661268897355,
                        451882.15625
                    ],
                    [
                        11055480.0,
                        8.32404475659132e-05,
                        0.00024062122975010425,
                        451078.96875
                    ],
                    [
                        10631216.0,
                        6.886368646519259e-05,
                        0.0001874879380920902,
                        454141.4375
                    ],
                    [
                        9736352.0,
                        5.92533870076295e-05,
                        0.00025532711879350245,
                        501440.96875
                    ],
                    [
                        5832544.0,
                        5.351470463210717e-05,
                        0.0002452299522701651,
                        514617.375
                    ],
                    [
                        4878312.0,
                        5.0193953939015046e-05,
                        0.00023082415282260627,
                        598373.25
                    ],
                    [
                        5687744.0,
                        4.730764703708701e-05,
                        0.00026125748991034925,
                        594833.125
                    ],
                    [
                        5154880.0,
                        4.466561586013995e-05,
                        0.00024003862927202135,
                        666985.1875
                    ],
                    [
                        5471992.0,
                        4.2350944568170235e-05,
                        0.00019315553072374314,
                        641558.875
                    ],
                    [
                        7102440.0,
                        3.9908583858050406e-05,
                        0.00022412248654291034,
                        477795.28125
                    ]
                ]
            ],
            "actions": [
                [
                    [
                        0.25
                    ],
                    [
                        0.25
                    ],
                    [
                        0.5
                    ],
                    [
                        0.5
                    ],
                    [
                        0.5
                    ],
                    [
                        0.5
                    ],
                    [
                        0.5
                    ],
                    [
                        0.5
                    ],
                    [
                        0.5
                    ],
                    [
                        0.5
                    ],
                    [
                        0.5
                    ],
                    [
                        0.5
                    ],
                    [
                        0.5
                    ],
                    [
                        0.5
                    ],
                    [
                        0.5
                    ],
                    [
                        0.5
                    ],
                    [
                        0.5
                    ],
                    [
                        0.5
                    ],
                    [
                        0.5
                    ],
                    [
                        0.5
                    ]
                ]
            ],
            "returns": [
                [
                    [
                        0.18974736332893372
                    ],
                    [
                        0.1888137310743332
                    ],
                    [
                        0.1878683865070343
                    ],
                    [
                        0.1871568113565445
                    ],
                    [
                        0.18639831244945526
                    ],
                    [
                        0.18559066951274872
                    ],
                    [
                        0.18471598625183105
                    ],
                    [
                        0.18378916382789612
                    ],
                    [
                        0.18282951414585114
                    ],
                    [
                        0.18183764815330505
                    ],
                    [
                        0.18085305392742157
                    ],
                    [
                        0.17986753582954407
                    ],
                    [
                        0.17886963486671448
                    ],
                    [
                        0.17787520587444305
                    ],
                    [
                        0.176888570189476
                    ],
                    [
                        0.17594735324382782
                    ],
                    [
                        0.17502199113368988
                    ],
                    [
                        0.17408300936222076
                    ],
                    [
                        0.17315275967121124
                    ],
                    [
                        0.1722172051668167
                    ]
                ]
            ],
            "timesteps": [
                [
                    420,
                    421,
                    422,
                    423,
                    424,
                    425,
                    426,
                    427,
                    428,
                    429,
                    430,
                    431,
                    432,
                    433,
                    434,
                    435,
                    436,
                    437,
                    438,
                    439
                ]
            ],
            "labels": [
                [
                    0,
                    0,
                    1,
                    1,
                    1,
                    1,
                    1,
                    1,
                    1,
                    1,
                    1,
                    1,
                    1,
                    1,
                    1,
                    1,
                    1,
                    1,
                    1,
                    1
                ]
            ],
            "CPU Usage": 46.7,
            "RAM Usage": 55.1,
            "GPU Usage": 0.0,
            "VRAM Usage": 355.0,
            "Disk Read Speed (MB/s)": 206580.7294921875,
            "Disk Write Speed (MB/s)": 402253.5048828125
        },
        {
            "step": 2,
            "train_loss": 0.04325706511735916,
            "actions_pred1": [
                [
                    [
                        1.1853982210159302,
                        0.7082711458206177,
                        1.0800806283950806,
                        -2.049492597579956
                    ],
                    [
                        1.3553768396377563,
                        0.3675195574760437,
                        1.1395483016967773,
                        -2.2524771690368652
                    ],
                    [
                        1.1326640844345093,
                        0.5366931557655334,
                        1.021989107131958,
                        -2.250197649002075
                    ],
                    [
                        0.9270876049995422,
                        0.5865828990936279,
                        1.0464226007461548,
                        -2.30477237701416
                    ],
                    [
                        1.0004972219467163,
                        0.5826148390769958,
                        1.0652804374694824,
                        -2.433049201965332
                    ],
                    [
                        0.9721351861953735,
                        0.5676971077919006,
                        1.1235605478286743,
                        -2.6716418266296387
                    ],
                    [
                        0.9533654451370239,
                        0.6751798391342163,
                        1.1954368352890015,
                        -2.619856357574463
                    ],
                    [
                        0.8305842876434326,
                        0.5769153833389282,
                        0.9454671144485474,
                        -2.467686414718628
                    ],
                    [
                        0.8559460043907166,
                        0.528548002243042,
                        0.9368672966957092,
                        -2.5321197509765625
                    ],
                    [
                        0.9192801713943481,
                        0.6137266159057617,
                        0.9952828288078308,
                        -2.409755229949951
                    ],
                    [
                        0.9899207353591919,
                        0.6298921704292297,
                        0.9838722944259644,
                        -2.255472421646118
                    ],
                    [
                        0.9294582605361938,
                        0.6969338059425354,
                        1.0858910083770752,
                        -2.2557873725891113
                    ],
                    [
                        0.858505368232727,
                        0.6786830425262451,
                        0.9467637538909912,
                        -2.204507827758789
                    ],
                    [
                        0.805428147315979,
                        0.8773717880249023,
                        1.0286234617233276,
                        -2.3231544494628906
                    ],
                    [
                        0.8918178081512451,
                        0.7819059491157532,
                        1.1922358274459839,
                        -2.8693456649780273
                    ],
                    [
                        0.8922638893127441,
                        0.7579552531242371,
                        1.2316786050796509,
                        -2.7095370292663574
                    ],
                    [
                        0.9147917032241821,
                        0.7221651673316956,
                        1.3534181118011475,
                        -2.7150113582611084
                    ],
                    [
                        1.1219669580459595,
                        0.7062946557998657,
                        1.3859741687774658,
                        -2.699014663696289
                    ],
                    [
                        1.1620171070098877,
                        0.8276541233062744,
                        1.0998703241348267,
                        -2.821767807006836
                    ],
                    [
                        1.0583254098892212,
                        0.8505754470825195,
                        1.119539499282837,
                        -2.6976020336151123
                    ]
                ]
            ],
            "actions_pred": [
                [
                    [
                        1.1853982210159302,
                        1.3553768396377563,
                        1.1326640844345093,
                        0.9270876049995422,
                        1.0004972219467163,
                        0.9721351861953735,
                        0.9533654451370239,
                        0.8305842876434326,
                        0.8559460043907166,
                        0.9192801713943481,
                        0.9899207353591919,
                        0.9294582605361938,
                        0.858505368232727,
                        0.805428147315979,
