{
    "steps": [
        {
            "step": 0,
            "train_loss": 0.040689509361982346,
            "actions_pred1": [
                [
                    [
                        0.73818439245224,
                        0.2491174042224884,
                        0.8701736927032471,
                        -0.1878204643726349
                    ],
                    [
                        0.6566665768623352,
                        0.1906755566596985,
                        0.6072752475738525,
                        0.09987317025661469
                    ],
                    [
                        0.6254686713218689,
                        0.2937277555465698,
                        0.49547070264816284,
                        0.07811200618743896
                    ],
                    [
                        0.5685068368911743,
                        0.26596254110336304,
                        0.5313271284103394,
                        -0.03905332088470459
                    ],
                    [
                        0.5369894504547119,
                        0.2279544621706009,
                        0.561708390712738,
                        -0.3832022547721863
                    ],
                    [
                        0.46280568838119507,
                        0.22445707023143768,
                        0.6044372916221619,
                        -0.32827264070510864
                    ],
                    [
                        0.37829387187957764,
                        0.1572076976299286,
                        0.6432883143424988,
                        -0.37361985445022583
                    ],
                    [
                        0.4003363251686096,
                        0.20957374572753906,
                        0.5772772431373596,
                        -0.3992735743522644
                    ],
                    [
                        0.41544607281684875,
                        0.26115357875823975,
                        0.6248461008071899,
                        -0.5295884609222412
                    ],
                    [
                        0.3550441265106201,
                        0.4065861105918884,
                        0.5825982093811035,
                        -0.3422600030899048
                    ],
                    [
                        0.2548069953918457,
                        0.15984562039375305,
                        0.6111816167831421,
                        -0.32372334599494934
                    ],
                    [
                        0.27605539560317993,
                        0.10235275328159332,
                        0.6182358860969543,
                        -0.43539613485336304
                    ],
                    [
                        0.34886986017227173,
                        0.27988728880882263,
                        0.8773675560951233,
                        -0.35739463567733765
                    ],
                    [
                        0.35742101073265076,
                        0.23328618705272675,
                        0.751406192779541,
                        -0.31118112802505493
                    ],
                    [
                        0.27709072828292847,
                        0.2309584617614746,
                        0.7302468419075012,
                        -0.3782828152179718
                    ],
                    [
                        0.26087766885757446,
                        0.005479484796524048,
                        0.9261151552200317,
                        -0.28694838285446167
                    ],
                    [
                        0.20546278357505798,
                        0.01108233630657196,
                        0.9889771342277527,
                        -0.3834307789802551
                    ],
                    [
                        0.2769356966018677,
                        0.17604413628578186,
                        0.8142919540405273,
                        -0.3351935148239136
                    ],
                    [
                        0.3389604687690735,
                        0.1528671383857727,
                        0.7626417875289917,
                        -0.40644314885139465
                    ],
                    [
                        0.3339576721191406,
                        0.2727012038230896,
                        0.6619668006896973,
                        -0.34603768587112427
                    ]
                ]
            ],
            "actions_pred": [
                [
                    [
                        0.73818439245224,
                        0.6566665768623352,
                        0.6254686713218689,
                        0.5685068368911743,
                        0.5369894504547119,
                        0.46280568838119507,
                        0.37829387187957764,
                        0.4003363251686096,
                        0.41544607281684875,
                        0.3550441265106201,
                        0.2548069953918457,
                        0.27605539560317993,
                        0.34886986017227173,
                        0.35742101073265076,
                        0.27709072828292847,
                        0.26087766885757446,
                        0.20546278357505798,
                        0.2769356966018677,
                        0.3389604687690735,
                        0.3339576721191406
                    ],
                    [
                        0.2491174042224884,
                        0.1906755566596985,
                        0.2937277555465698,
                        0.26596254110336304,
                        0.2279544621706009,
                        0.22445707023143768,
                        0.1572076976299286,
                        0.20957374572753906,
                        0.26115357875823975,
                        0.4065861105918884,
                        0.15984562039375305,
                        0.10235275328159332,
                        0.27988728880882263,
                        0.23328618705272675,
                        0.2309584617614746,
                        0.005479484796524048,
                        0.01108233630657196,
                        0.17604413628578186,
                        0.1528671383857727,
                        0.2727012038230896
                    ],
                    [
                        0.8701736927032471,
                        0.6072752475738525,
                        0.49547070264816284,
                        0.5313271284103394,
                        0.561708390712738,
                        0.6044372916221619,
                        0.6432883143424988,
                        0.5772772431373596,
                        0.6248461008071899,
                        0.5825982093811035,
                        0.6111816167831421,
                        0.6182358860969543,
                        0.8773675560951233,
                        0.751406192779541,
                        0.7302468419075012,
                        0.9261151552200317,
                        0.9889771342277527,
                        0.8142919540405273,
                        0.7626417875289917,
                        0.6619668006896973
                    ],
                    [
                        -0.1878204643726349,
                        0.09987317025661469,
                        0.07811200618743896,
                        -0.03905332088470459,
                        -0.3832022547721863,
                        -0.32827264070510864,
                        -0.37361985445022583,
                        -0.3992735743522644,
                        -0.5295884609222412,
                        -0.3422600030899048,
                        -0.32372334599494934,
                        -0.43539613485336304,
                        -0.35739463567733765,
                        -0.31118112802505493,
                        -0.3782828152179718,
                        -0.28694838285446167,
                        -0.3834307789802551,
                        -0.3351935148239136,
                        -0.40644314885139465,
                        -0.34603768587112427
                    ]
                ]
            ],
            "states": [
                [
                    [
                        195480.0,
                        0.00017859364743344486,
                        0.0014523763675242662,
                        455306.15625
                    ],
                    [
                        224440.0,
                        0.00017706550715956837,
                        0.0012122188927605748,
                        199210.375
                    ],
                    [
                        260640.0,
                        0.00017533254867885262,
                        0.0010567386634647846,
                        291813.4375
                    ],
                    [
                        231680.0,
                        0.00017360733181703836,
                        0.0010331012308597565,
                        619352.5625
                    ],
                    [
                        201272.0,
                        0.00017211795784533024,
                        0.0008577806875109673,
                        757621.5
                    ],
                    [
                        233128.0,
                        0.0001706496550468728,
                        0.002856994280591607,
                        402371.75
                    ],
                    [
                        238920.0,
                        0.00016908197721932083,
                        0.005327177233994007,
                        418626.09375
                    ],
                    [
                        185344.0,
                        0.00016769685316830873,
                        0.006734849885106087,
                        490648.125
                    ],
                    [
                        205616.0,
                        0.000166440979228355,
                        0.008968048729002476,
                        304516.78125
                    ],
                    [
                        195480.0,
                        0.00016517171752639115,
                        0.00019177634385414422,
                        553446.625
                    ],
                    [
                        202720.0,
                        0.00016393074474763125,
                        0.0001491233124397695,
                        853423.1875
                    ],
                    [
                        209960.0,
                        0.00016266417514998466,
                        0.0002625611668918282,
                        298799.9375
                    ],
                    [
                        209960.0,
                        0.0001613952626939863,
                        0.0004885925445705652,
                        376011.875
                    ],
                    [
                        144800.0,
                        0.00016033815336413682,
                        0.0010367168579250574,
                        94745.609375
                    ],
                    [
                        246160.0,
                        0.00015919026918709278,
                        0.0028569940477609634,
                        223245.734375
                    ],
                    [
                        253400.0,
                        0.000157746413606219,
                        0.005327177233994007,
                        267948.78125
                    ],
                    [
                        296840.0,
                        0.00015618640463799238,
                        0.006734849885106087,
                        291045.46875
                    ],
                    [
                        340280.0,
                        0.0001544181868666783,
                        0.008968048729002476,
                        376205.125
                    ],
                    [
                        405440.0,
                        0.0001523990067653358,
                        0.010990988463163376,
                        467932.84375
                    ],
                    [
                        463360.0,
                        0.0001501120423199609,
                        0.011323424987494946,
                        301846.5
                    ]
                ]
            ],
            "actions": [
                [
                    [
                        0.25
                    ],
                    [
                        0.25
                    ],
                    [
                        0.25
                    ],
                    [
                        0.25
                    ],
                    [
                        0.25
                    ],
                    [
                        0.25
                    ],
                    [
                        0.25
                    ],
                    [
                        0.25
                    ],
                    [
                        0.25
                    ],
                    [
                        0.25
                    ],
                    [
                        0.25
                    ],
                    [
                        0.25
                    ],
                    [
                        0.25
                    ],
                    [
                        0.25
                    ],
                    [
                        0.25
                    ],
                    [
                        0.25
                    ],
                    [
                        0.25
                    ],
                    [
                        0.25
                    ],
                    [
                        0.25
                    ],
                    [
                        0.25
                    ]
                ]
            ],
            "returns": [
                [
                    [
                        0.0820998102426529
                    ],
                    [
                        0.0814596638083458
                    ],
                    [
                        0.08080726861953735
                    ],
                    [
                        0.08014161884784698
                    ],
                    [
                        0.0794864147901535
                    ],
                    [
                        0.07884368300437927
                    ],
                    [
                        0.07818792015314102
                    ],
                    [
                        0.07752998173236847
                    ],
                    [
                        0.07689455896615982
                    ],
                    [
                        0.07624993473291397
                    ],
                    [
                        0.07560978829860687
                    ],
                    [
                        0.0749664157629013
                    ],
                    [
                        0.07431993633508682
                    ],
                    [
                        0.07367345690727234
                    ],
                    [
                        0.07305991649627686
                    ],
                    [
                        0.0723993331193924
                    ],
                    [
                        0.07173618674278259
                    ],
                    [
                        0.07105900347232819
                    ],
                    [
                        0.07036971300840378
                    ],
                    [
                        0.06966488808393478
                    ]
                ]
            ],
            "timesteps": [
                [
                    540,
                    541,
                    542,
                    543,
                    544,
                    545,
                    546,
                    547,
                    548,
                    549,
                    550,
                    551,
                    552,
                    553,
                    554,
                    555,
                    556,
                    557,
                    558,
                    559
                ]
            ],
            "labels": [
                [
                    0,
                    0,
                    0,
                    0,
                    0,
                    0,
                    0,
                    0,
                    0,
                    0,
                    0,
                    0,
                    0,
                    0,
                    0,
                    0,
                    0,
                    0,
                    0,
                    0
                ]
            ],
            "CPU Usage": 45.1,
            "RAM Usage": 55.3,
            "GPU Usage": 0.0,
            "VRAM Usage": 356.0,
            "Disk Read Speed (MB/s)": 206044.3173828125,
            "Disk Write Speed (MB/s)": 358674.8955078125
        },
        {
            "step": 1,
            "train_loss": 0.02945263311266899,
            "actions_pred1": [
                [
                    [
                        0.4293437600135803,
                        -0.10580295324325562,
                        0.7198936343193054,
                        -0.13140293955802917
                    ],
                    [
                        0.39213359355926514,
                        0.044001683592796326,
                        0.6718047857284546,
                        -0.12869039177894592
                    ],
                    [
                        0.39626064896583557,
                        0.15614080429077148,
                        0.6249731183052063,
                        -0.08033979684114456
                    ],
                    [
                        0.5679197907447815,
                        0.20911480486392975,
                        0.8356133699417114,
                        -0.1106695830821991
                    ],
                    [
                        0.4924956262111664,
                        0.23688018321990967,
                        0.8768742680549622,
                        -0.1918238252401352
                    ],
                    [
                        0.18302619457244873,
                        0.02488601952791214,
                        0.857699990272522,
                        -0.14639776945114136
                    ],
                    [
                        0.12009496241807938,
                        -0.008921325206756592,
                        0.774906575679779,
                        -0.21336406469345093
                    ],
                    [
                        0.26831814646720886,
                        0.05373523756861687,
                        0.7264330983161926,
                        -0.13989925384521484
                    ],
                    [
                        0.2719413936138153,
                        0.07805219292640686,
                        0.6554380059242249,
                        -0.24552175402641296
                    ],
                    [
                        0.24759390950202942,
                        0.11231119930744171,
                        0.6744235157966614,
                        -0.3994956910610199
                    ],
                    [
                        0.3430330753326416,
                        0.012020513415336609,
                        0.5631532073020935,
                        -0.35254231095314026
                    ],
                    [
                        0.2988645136356354,
                        0.10404438525438309,
                        0.7278880476951599,
                        -0.41300904750823975
                    ],
                    [
                        0.3271065950393677,
                        0.08581002056598663,
                        0.8011307716369629,
                        -0.3472312092781067
                    ],
                    [
                        0.3791200518608093,
                        -0.019352853298187256,
                        0.8140730261802673,
                        -0.46622365713119507
                    ],
                    [
                        0.428639680147171,
                        -0.03142446279525757,
                        0.740779459476471,
                        -0.38999050855636597
                    ],
                    [
                        0.3115622401237488,
                        -0.0006870478391647339,
                        0.6366503834724426,
                        -0.4075548052787781
                    ],
                    [
                        0.3852030038833618,
                        0.044178470969200134,
                        0.6960470080375671,
                        -0.2788933515548706
                    ],
                    [
                        0.3781825006008148,
                        0.09278114140033722,
                        0.7353528738021851,
                        -0.33260056376457214
                    ],
                    [
                        0.3591393232345581,
                        0.10394828766584396,
                        0.7496602535247803,
                        -0.4230741858482361
                    ],
                    [
                        0.33425843715667725,
                        0.14575734734535217,
                        0.7179282903671265,
                        -0.4400830566883087
                    ]
                ]
            ],
            "actions_pred": [
                [
                    [
                        0.4293437600135803,
                        0.39213359355926514,
                        0.39626064896583557,
                        0.5679197907447815,
                        0.4924956262111664,
                        0.18302619457244873,
                        0.12009496241807938,
                        0.26831814646720886,
                        0.2719413936138153,
                        0.24759390950202942,
                        0.3430330753326416,
                        0.2988645136356354,
                        0.3271065950393677,
                        0.3791200518608093,
                        0.428639680147171,
                        0.3115622401237488,
                        0.3852030038833618,
                        0.3781825006008148,
                        0.3591393232345581,
                        0.33425843715667725
                    ],
                    [
                        -0.10580295324325562,
                        0.044001683592796326,
                        0.15614080429077148,
                        0.20911480486392975,
                        0.23688018321990967,
                        0.02488601952791214,
                        -0.008921325206756592,
                        0.05373523756861687,
                        0.07805219292640686,
                        0.11231119930744171,
                        0.012020513415336609,
                        0.10404438525438309,
                        0.08581002056598663,
                        -0.019352853298187256,
                        -0.03142446279525757,
                        -0.0006870478391647339,
                        0.044178470969200134,
                        0.09278114140033722,
                        0.10394828766584396,
                        0.14575734734535217
                    ],
                    [
                        0.7198936343193054,
                        0.6718047857284546,
                        0.6249731183052063,
                        0.8356133699417114,
                        0.8768742680549622,
                        0.857699990272522,
                        0.774906575679779,
                        0.7264330983161926,
                        0.6554380059242249,
                        0.6744235157966614,
                        0.5631532073020935,
                        0.7278880476951599,
                        0.8011307716369629,
                        0.8140730261802673,
                        0.740779459476471,
                        0.6366503834724426,
                        0.6960470080375671,
                        0.7353528738021851,
                        0.7496602535247803,
                        0.7179282903671265
                    ],
                    [
                        -0.13140293955802917,
                        -0.12869039177894592,
                        -0.08033979684114456,
                        -0.1106695830821991,
                        -0.1918238252401352,
                        -0.14639776945114136,
                        -0.21336406469345093,
                        -0.13989925384521484,
                        -0.24552175402641296,
                        -0.3994956910610199,
                        -0.35254231095314026,
                        -0.41300904750823975,
                        -0.3472312092781067,
                        -0.46622365713119507,
                        -0.38999050855636597,
                        -0.4075548052787781,
                        -0.2788933515548706,
                        -0.33260056376457214,
                        -0.4230741858482361,
                        -0.4400830566883087
                    ]
                ]
            ],
            "states": [
                [
                    [
                        5583488.0,
                        1.565206184750423e-05,
                        0.00026454709586687386,
                        777972.9375
                    ],
                    [
                        4978224.0,
                        1.5359531971625984e-05,
                        0.0002797465131152421,
                        855686.3125
                    ],
                    [
                        5334432.0,
                        1.5084374354046304e-05,
                        0.00027696648612618446,
                        816815.875
                    ],
                    [
                        5159224.0,
                        1.4814246242167428e-05,
                        0.0002747685939539224,
                        799861.375
                    ],
                    [
                        5513984.0,
                        1.4549360457749572e-05,
                        0.000255326071055606,
                        807912.1875
                    ],
                    [
                        5082480.0,
                        1.4295442269940395e-05,
                        0.0002729953557718545,
                        779605.9375
                    ],
                    [
                        5376424.0,
                        1.4053456652618479e-05,
                        0.00026464968686923385,
                        853596.25
                    ],
                    [
                        5073792.0,
                        1.3819644664181396e-05,
                        0.000260901142610237,
                        865763.5
                    ],
                    [
                        5425656.0,
                        1.3592515642812941e-05,
                        0.00026091569452546537,
                        896600.0
                    ],
                    [
                        5301128.0,
                        1.3368029613047838e-05,
                        0.00027603365015238523,
                        844597.4375
                    ],
                    [
                        5346016.0,
                        1.3152442988939583e-05,
                        0.0002529293124098331,
                        839011.5
                    ],
                    [
                        5652992.0,
                        1.2936916391481645e-05,
                        0.0002769185812212527,
                        874385.5625
                    ],
                    [
                        5185288.0,
                        1.2731260540022049e-05,
                        0.0002480096882209182,
                        820181.0625
                    ],
                    [
                        5438688.0,
                        1.2536010217445437e-05,
                        0.00027678909827955067,
                        838090.6875
                    ],
                    [
                        5221488.0,
                        1.2345956747594755e-05,
                        0.0002834639744833112,
                        979366.25
                    ],
                    [
                        5306920.0,
                        1.2163849532953463e-05,
                        0.00027035834500566125,
                        858373.0
                    ],
                    [
                        5419864.0,
                        1.1983782314928249e-05,
                        0.0002671718248166144,
                        825702.5
                    ],
                    [
                        5708016.0,
                        1.1802524568338413e-05,
                        0.00027032653451897204,
                        851358.6875
                    ],
                    [
                        5637064.0,
                        1.1623262253124267e-05,
                        0.0002656110445968807,
                        872734.375
                    ],
                    [
                        5471992.0,
                        1.1452919352450408e-05,
                        0.0002651966060511768,
                        865487.25
                    ]
                ]
            ],
            "actions": [
                [
                    [
                        0.75
                    ],
                    [
                        0.75
                    ],
                    [
                        0.75
                    ],
                    [
                        0.75
                    ],
                    [
                        0.75
                    ],
                    [
                        0.75
                    ],
                    [
                        0.75
                    ],
                    [
                        0.75
                    ],
                    [
                        0.75
                    ],
                    [
                        0.75
                    ],
                    [
                        0.75
                    ],
                    [
                        0.75
                    ],
                    [
                        0.75
                    ],
                    [
                        0.75
                    ],
                    [
                        0.75
                    ],
                    [
                        0.75
                    ],
                    [
                        0.75
                    ],
                    [
                        0.75
                    ],
                    [
                        0.75
                    ],
                    [
                        0.75
                    ]
                ]
            ],
            "returns": [
                [
                    [
                        0.5428837537765503
                    ],
                    [
                        0.5419464111328125
                    ],
                    [
                        0.5410192608833313
                    ],
                    [
                        0.5400859713554382
                    ],
                    [
                        0.5391556620597839
                    ],
                    [
                        0.5382193922996521
                    ],
                    [
                        0.5372903943061829
                    ],
                    [
                        0.5363564491271973
                    ],
                    [
                        0.5354275703430176
                    ],
                    [
                        0.5344927906990051
                    ],
                    [
                        0.533560037612915
                    ],
                    [
                        0.5326265692710876
                    ],
                    [
                        0.5316881537437439
                    ],
                    [
                        0.5307573676109314
                    ],
                    [
                        0.5298223495483398
                    ],
                    [
                        0.5288909673690796
                    ],
                    [
                        0.5279580950737
                    ],
                    [
                        0.527023434638977
                    ],
                    [
                        0.5260841250419617
                    ],
                    [
                        0.525145947933197
                    ]
                ]
            ],
            "timesteps": [
                [
                    40,
                    41,
                    42,
                    43,
                    44,
                    45,
                    46,
                    47,
                    48,
                    49,
                    50,
                    51,
                    52,
                    53,
                    54,
                    55,
                    56,
                    57,
                    58,
                    59
                ]
            ],
            "labels": [
                [
                    2,
                    2,
                    2,
                    2,
                    2,
                    2,
                    2,
                    2,
                    2,
                    2,
                    2,
                    2,
                    2,
                    2,
                    2,
                    2,
                    2,
                    2,
                    2,
                    2
                ]
            ],
            "CPU Usage": 46.7,
            "RAM Usage": 55.3,
            "GPU Usage": 0.0,
            "VRAM Usage": 356.0,
            "Disk Read Speed (MB/s)": 206044.3173828125,
            "Disk Write Speed (MB/s)": 358674.9580078125
        },
        {
            "step": 2,
            "train_loss": 0.04464491084218025,
            "actions_pred1": [
                [
                    [
                        0.23308393359184265,
                        -0.09196220338344574,
                        0.5641610622406006,
                        -0.4568787217140198
                    ],
                    [
                        0.2195945382118225,
                        0.02062200754880905,
                        0.7776696681976318,
                        -0.6121677756309509
                    ],
                    [
                        0.3720550537109375,
                        0.16889351606369019,
                        0.547189474105835,
                        -0.7216894626617432
                    ],
                    [
                        0.33601224422454834,
                        0.27321234345436096,
                        0.3476256728172302,
                        -0.6880674362182617
                    ],
                    [
                        0.21671661734580994,
                        0.18753497302532196,
                        0.3051762878894806,
                        -0.5092085003852844
                    ],
                    [
                        0.1006212830543518,
                        0.1979769468307495,
                        0.5102236866950989,
                        -0.5375105142593384
                    ],
                    [
                        0.1383192241191864,
                        0.30174481868743896,
                        0.5207393765449524,
                        -0.5035526752471924
                    ],
                    [
                        0.025880873203277588,
                        0.3175089955329895,
                        0.5384447574615479,
                        -0.4861503839492798
                    ],
                    [
                        0.02643483877182007,
                        0.16374684870243073,
                        0.5580418109893799,
                        -0.6911789178848267
                    ],
                    [
                        0.12016026675701141,
                        0.07629135251045227,
                        0.4677901566028595,
                        -0.6950408220291138
                    ],
                    [
                        0.015694662928581238,
                        0.14447596669197083,
                        0.6033652424812317,
                        -0.6493315696716309
                    ],
                    [
                        -0.07278331369161606,
                        0.20601415634155273,
                        0.5786339044570923,
                        -0.65080726146698
                    ],
                    [
                        0.09954572468996048,
                        0.1516101062297821,
                        0.5364248752593994,
                        -0.5551273822784424
                    ],
                    [
                        0.1383451223373413,
                        0.14946523308753967,
                        0.517142653465271,
                        -0.6065691709518433
                    ],
                    [
                        0.08970494568347931,
                        0.22153422236442566,
                        0.547086775302887,
                        -0.6883779168128967
                    ],
                    [
                        0.0716431513428688,
                        0.2973347306251526,
                        0.6968404650688171,
                        -0.6111926436424255
                    ],
                    [
                        -0.016599908471107483,
                        0.22994336485862732,
                        0.6440688371658325,
                        -0.5365058183670044
                    ],
                    [
                        0.033489890396595,
                        0.2737138867378235,
                        0.6131383180618286,
                        -0.5499918460845947
                    ],
                    [
                        0.05859780311584473,
                        0.38289669156074524,
                        0.5979915261268616,
                        -0.5276345014572144
                    ],
                    [
                        0.04140008985996246,
                        0.3332015872001648,
                        0.7468432188034058,
                        -0.5054331421852112
                    ]
                ]
            ],
            "actions_pred": [
                [
                    [
                        0.23308393359184265,
                        0.2195945382118225,
                        0.3720550537109375,
                        0.33601224422454834,
                        0.21671661734580994,
                        0.1006212830543518,
                        0.1383192241191864,
                        0.025880873203277588,
