{
    "steps": [
        {
            "step": 0,
            "train_loss": 0.04270748421549797,
            "actions_pred1": [
                [
                    [
                        0.38093212246894836,
                        0.19095608592033386,
                        1.4092378616333008,
                        -1.6949541568756104
                    ],
                    [
                        0.3375367820262909,
                        0.34239187836647034,
                        1.4593946933746338,
                        -1.748659610748291
                    ],
                    [
                        0.3208524286746979,
                        0.4956532120704651,
                        1.3962182998657227,
                        -1.749351978302002
                    ],
                    [
                        0.6388108730316162,
                        0.4802466034889221,
                        1.3038074970245361,
                        -1.7588423490524292
                    ],
                    [
                        0.6922916173934937,
                        0.4519272446632385,
                        1.4050012826919556,
                        -2.1162657737731934
                    ],
                    [
                        0.9717685580253601,
                        0.621450662612915,
                        1.4979370832443237,
                        -2.4833312034606934
                    ],
                    [
                        1.0584231615066528,
                        0.7047711610794067,
                        1.5150198936462402,
                        -2.506194829940796
                    ],
                    [
                        0.9404278993606567,
                        1.0049011707305908,
                        1.528358817100525,
                        -2.573516845703125
                    ],
                    [
                        0.8734430074691772,
                        0.8572588562965393,
                        1.55095374584198,
                        -2.342660903930664
                    ],
                    [
                        0.9120204448699951,
                        0.9186307191848755,
                        1.44430673122406,
                        -2.385650634765625
                    ],
                    [
                        0.9038295745849609,
                        0.9481959342956543,
                        1.4158215522766113,
                        -2.509690761566162
                    ],
                    [
                        0.9742863178253174,
                        0.846426248550415,
                        1.3979676961898804,
                        -2.41262149810791
                    ],
                    [
                        0.8734637498855591,
                        0.8619498014450073,
                        1.5533523559570312,
                        -2.477241277694702
                    ],
                    [
                        1.0275274515151978,
                        0.9763224720954895,
                        1.628648042678833,
                        -2.5394997596740723
                    ],
                    [
                        0.966647744178772,
                        0.9164549112319946,
                        1.5369917154312134,
                        -2.4513978958129883
                    ],
                    [
                        1.0170217752456665,
                        0.855945348739624,
                        1.543818473815918,
                        -2.498633861541748
                    ],
                    [
                        0.936637282371521,
                        0.7874400019645691,
                        1.5504224300384521,
                        -2.4830315113067627
                    ],
                    [
                        0.7076679468154907,
                        0.7284684777259827,
                        1.346031904220581,
                        -2.4400522708892822
                    ],
                    [
                        0.844691276550293,
                        0.6929624676704407,
                        1.4458321332931519,
                        -2.355088710784912
                    ],
                    [
                        0.8444246053695679,
                        0.9358788132667542,
                        1.4424734115600586,
                        -2.4171361923217773
                    ]
                ]
            ],
            "actions_pred": [
                [
                    [
                        0.38093212246894836,
                        0.3375367820262909,
                        0.3208524286746979,
                        0.6388108730316162,
                        0.6922916173934937,
                        0.9717685580253601,
                        1.0584231615066528,
                        0.9404278993606567,
                        0.8734430074691772,
                        0.9120204448699951,
                        0.9038295745849609,
                        0.9742863178253174,
                        0.8734637498855591,
                        1.0275274515151978,
                        0.966647744178772,
                        1.0170217752456665,
                        0.936637282371521,
                        0.7076679468154907,
                        0.844691276550293,
                        0.8444246053695679
                    ],
                    [
                        0.19095608592033386,
                        0.34239187836647034,
                        0.4956532120704651,
                        0.4802466034889221,
                        0.4519272446632385,
                        0.621450662612915,
                        0.7047711610794067,
                        1.0049011707305908,
                        0.8572588562965393,
                        0.9186307191848755,
                        0.9481959342956543,
                        0.846426248550415,
                        0.8619498014450073,
                        0.9763224720954895,
                        0.9164549112319946,
                        0.855945348739624,
                        0.7874400019645691,
                        0.7284684777259827,
                        0.6929624676704407,
                        0.9358788132667542
                    ],
                    [
                        1.4092378616333008,
                        1.4593946933746338,
                        1.3962182998657227,
                        1.3038074970245361,
                        1.4050012826919556,
                        1.4979370832443237,
                        1.5150198936462402,
                        1.528358817100525,
                        1.55095374584198,
                        1.44430673122406,
                        1.4158215522766113,
                        1.3979676961898804,
                        1.5533523559570312,
                        1.628648042678833,
                        1.5369917154312134,
                        1.543818473815918,
                        1.5504224300384521,
                        1.346031904220581,
                        1.4458321332931519,
                        1.4424734115600586
                    ],
                    [
                        -1.6949541568756104,
                        -1.748659610748291,
                        -1.749351978302002,
                        -1.7588423490524292,
                        -2.1162657737731934,
                        -2.4833312034606934,
                        -2.506194829940796,
                        -2.573516845703125,
                        -2.342660903930664,
                        -2.385650634765625,
                        -2.509690761566162,
                        -2.41262149810791,
                        -2.477241277694702,
                        -2.5394997596740723,
                        -2.4513978958129883,
                        -2.498633861541748,
                        -2.4830315113067627,
                        -2.4400522708892822,
                        -2.355088710784912,
                        -2.4171361923217773
                    ]
                ]
            ],
            "states": [
                [
                    [
                        9174528.0,
                        1.5287421774701215e-05,
                        0.00015401413838844746,
                        462799.78125
                    ],
                    [
                        9721872.0,
                        1.4988291695772205e-05,
                        0.00014908269804436713,
                        471413.40625
                    ],
                    [
                        8650352.0,
                        1.4708337403135374e-05,
                        0.00013771618250757456,
                        476596.0
                    ],
                    [
                        9385704.0,
                        1.4443650798057206e-05,
                        0.000157010683324188,
                        448618.75
                    ],
                    [
                        9197696.0,
                        1.4180617654346861e-05,
                        0.00013674897491000593,
                        456343.53125
                    ],
                    [
                        9271544.0,
                        1.392852846038295e-05,
                        0.000155533998622559,
                        449987.3125
                    ],
                    [
                        8570712.0,
                        1.3693322216568049e-05,
                        0.00014997956168372184,
                        453578.0625
                    ],
                    [
                        9304848.0,
                        1.346561111859046e-05,
                        0.0001673756050877273,
                        435181.0625
                    ],
                    [
                        8921128.0,
                        1.3241030501376372e-05,
                        0.00015327449364122003,
                        460544.8125
                    ],
                    [
                        8646008.0,
                        1.303156568610575e-05,
                        0.00015547996736131608,
                        463163.09375
                    ],
                    [
                        8767640.0,
                        1.2830393643525895e-05,
                        0.00015675314352847636,
                        458172.0625
                    ],
                    [
                        8076944.0,
                        1.2641571629501414e-05,
                        0.00016837925068102777,
                        477030.90625
                    ],
                    [
                        8123280.0,
                        1.2465176951081958e-05,
                        0.00015461879957001656,
                        493767.40625
                    ],
                    [
                        8650352.0,
                        1.228769360750448e-05,
                        0.00016164440603461117,
                        451473.28125
                    ],
                    [
                        7982824.0,
                        1.211656035593478e-05,
                        0.00016790036170277745,
                        481186.15625
                    ],
                    [
                        7248688.0,
                        1.1963955330429599e-05,
                        0.00016397373110521585,
                        490311.46875
                    ],
                    [
                        7208144.0,
                        1.1822661690530367e-05,
                        0.00017705760546959937,
                        472943.71875
                    ],
                    [
                        7193664.0,
                        1.1685199751809705e-05,
                        0.000179134716745466,
                        469996.125
                    ],
                    [
                        6442152.0,
                        1.1557923244254198e-05,
                        0.00016420705651398748,
                        470480.40625
                    ],
                    [
                        6989496.0,
                        1.1435274245741311e-05,
                        0.00018320638628210872,
                        451753.78125
                    ]
                ]
            ],
            "actions": [
                [
                    [
                        0.25
                    ],
                    [
                        0.25
                    ],
                    [
                        0.25
                    ],
                    [
                        0.25
                    ],
                    [
                        0.25
                    ],
                    [
                        0.25
                    ],
                    [
                        0.25
                    ],
                    [
                        0.25
                    ],
                    [
                        0.25
                    ],
                    [
                        0.25
                    ],
                    [
                        0.25
                    ],
                    [
                        0.25
                    ],
                    [
                        0.25
                    ],
                    [
                        0.25
                    ],
                    [
                        0.25
                    ],
                    [
                        0.25
                    ],
                    [
                        0.25
                    ],
                    [
                        0.25
                    ],
                    [
                        0.25
                    ],
                    [
                        0.25
                    ]
                ]
            ],
            "returns": [
                [
                    [
                        0.2469175159931183
                    ],
                    [
                        0.24593615531921387
                    ],
                    [
                        0.24494965374469757
                    ],
                    [
                        0.2439734935760498
                    ],
                    [
                        0.24299012124538422
                    ],
                    [
                        0.2420085221529007
                    ],
                    [
                        0.24102622270584106
                    ],
                    [
                        0.24005089700222015
                    ],
                    [
                        0.23906828463077545
                    ],
                    [
                        0.2380893975496292
                    ],
                    [
                        0.23711329698562622
                    ],
                    [
                        0.23613594472408295
                    ],
                    [
                        0.23516587913036346
                    ],
                    [
                        0.2341953068971634
                    ],
                    [
                        0.23321916162967682
                    ],
                    [
                        0.2322501242160797
                    ],
                    [
                        0.23128965497016907
                    ],
                    [
                        0.23032966256141663
                    ],
                    [
                        0.2293698638677597
                    ],
                    [
                        0.22841985523700714
                    ]
                ]
            ],
            "timesteps": [
                [
                    360,
                    361,
                    362,
                    363,
                    364,
                    365,
                    366,
                    367,
                    368,
                    369,
                    370,
                    371,
                    372,
                    373,
                    374,
                    375,
                    376,
                    377,
                    378,
                    379
                ]
            ],
            "labels": [
                [
                    0,
                    0,
                    0,
                    0,
                    0,
                    0,
                    0,
                    0,
                    0,
                    0,
                    0,
                    0,
                    0,
                    0,
                    0,
                    0,
                    0,
                    0,
                    0,
                    0
                ]
            ],
            "CPU Usage": 45.6,
            "RAM Usage": 54.9,
            "GPU Usage": 0.0,
            "VRAM Usage": 355.0,
            "Disk Read Speed (MB/s)": 206640.2841796875,
            "Disk Write Speed (MB/s)": 404833.5400390625
        },
        {
            "step": 1,
            "train_loss": 0.042052753269672394,
            "actions_pred1": [
                [
                    [
                        0.7655690908432007,
                        0.9183285236358643,
                        1.4243117570877075,
                        -2.5699541568756104
                    ],
                    [
                        0.6563562154769897,
                        0.9952206015586853,
                        1.3544559478759766,
                        -2.0783495903015137
                    ],
                    [
                        0.7294785380363464,
                        0.9183840751647949,
                        1.4450808763504028,
                        -2.2282419204711914
                    ],
                    [
                        0.7799137830734253,
                        0.7779598236083984,
                        1.5197479724884033,
                        -2.3224854469299316
                    ],
                    [
                        0.7372041940689087,
                        0.8661772012710571,
                        1.7147949934005737,
                        -2.519137382507324
                    ],
                    [
                        0.6576979160308838,
                        1.0071640014648438,
                        1.5747454166412354,
                        -2.798844337463379
                    ],
                    [
                        0.7617056369781494,
                        0.9397640228271484,
                        1.5031441450119019,
                        -2.773346185684204
                    ],
                    [
                        0.7758352756500244,
                        0.8852397203445435,
                        1.426626205444336,
                        -2.6354732513427734
                    ],
                    [
                        0.8078235983848572,
                        0.8364713191986084,
                        1.45371413230896,
                        -2.591855049133301
                    ],
                    [
                        0.6556056141853333,
                        0.7113269567489624,
                        1.3986623287200928,
                        -2.3560028076171875
                    ],
                    [
                        0.8021547794342041,
                        0.8579238653182983,
                        1.438913106918335,
                        -2.489166736602783
                    ],
                    [
                        0.8407738208770752,
                        0.857245147228241,
                        1.4177844524383545,
                        -2.6003899574279785
                    ],
                    [
                        0.7359023094177246,
                        0.8766905069351196,
                        1.4678462743759155,
                        -2.650195837020874
                    ],
                    [
                        0.6987606287002563,
                        1.0222814083099365,
                        1.5580203533172607,
                        -2.7978169918060303
                    ],
                    [
                        0.7855450510978699,
                        0.8199228644371033,
                        1.692603588104248,
                        -2.6505675315856934
                    ],
                    [
                        0.7482300400733948,
                        0.8474761843681335,
                        1.6408642530441284,
                        -2.6885924339294434
                    ],
                    [
                        0.7108174562454224,
                        0.9438337087631226,
                        1.6723136901855469,
                        -2.7164666652679443
                    ],
                    [
                        0.765169084072113,
                        0.9108156561851501,
                        1.7639203071594238,
                        -2.813427448272705
                    ],
                    [
                        0.8372743725776672,
                        0.9194526672363281,
                        1.7820183038711548,
                        -2.7158608436584473
                    ],
                    [
                        0.7340455055236816,
                        0.8836098313331604,
                        1.692365050315857,
                        -2.8448486328125
                    ]
                ]
            ],
            "actions_pred": [
                [
                    [
                        0.7655690908432007,
                        0.6563562154769897,
                        0.7294785380363464,
                        0.7799137830734253,
                        0.7372041940689087,
                        0.6576979160308838,
                        0.7617056369781494,
                        0.7758352756500244,
                        0.8078235983848572,
                        0.6556056141853333,
                        0.8021547794342041,
                        0.8407738208770752,
                        0.7359023094177246,
                        0.6987606287002563,
                        0.7855450510978699,
                        0.7482300400733948,
                        0.7108174562454224,
                        0.765169084072113,
                        0.8372743725776672,
                        0.7340455055236816
                    ],
                    [
                        0.9183285236358643,
                        0.9952206015586853,
                        0.9183840751647949,
                        0.7779598236083984,
                        0.8661772012710571,
                        1.0071640014648438,
                        0.9397640228271484,
                        0.8852397203445435,
                        0.8364713191986084,
                        0.7113269567489624,
                        0.8579238653182983,
                        0.857245147228241,
                        0.8766905069351196,
                        1.0222814083099365,
                        0.8199228644371033,
                        0.8474761843681335,
                        0.9438337087631226,
                        0.9108156561851501,
                        0.9194526672363281,
                        0.8836098313331604
                    ],
                    [
                        1.4243117570877075,
                        1.3544559478759766,
                        1.4450808763504028,
                        1.5197479724884033,
                        1.7147949934005737,
                        1.5747454166412354,
                        1.5031441450119019,
                        1.426626205444336,
                        1.45371413230896,
                        1.3986623287200928,
                        1.438913106918335,
                        1.4177844524383545,
                        1.4678462743759155,
                        1.5580203533172607,
                        1.692603588104248,
                        1.6408642530441284,
                        1.6723136901855469,
                        1.7639203071594238,
                        1.7820183038711548,
                        1.692365050315857
                    ],
                    [
                        -2.5699541568756104,
                        -2.0783495903015137,
                        -2.2282419204711914,
                        -2.3224854469299316,
                        -2.519137382507324,
                        -2.798844337463379,
                        -2.773346185684204,
                        -2.6354732513427734,
                        -2.591855049133301,
                        -2.3560028076171875,
                        -2.489166736602783,
                        -2.6003899574279785,
                        -2.650195837020874,
                        -2.7978169918060303,
                        -2.6505675315856934,
                        -2.6885924339294434,
                        -2.7164666652679443,
                        -2.813427448272705,
                        -2.7158608436584473,
                        -2.8448486328125
                    ]
                ]
            ],
            "states": [
                [
                    [
                        3453480.0,
                        1.1675143468892202e-05,
                        0.00029440681100822985,
                        672821.0625
                    ],
                    [
                        4107976.0,
                        1.1557735888345633e-05,
                        0.00028164629475213587,
                        683579.125
                    ],
                    [
                        4089152.0,
                        1.1433058716647793e-05,
                        0.00027785348356701434,
                        696568.625
                    ],
                    [
                        3556288.0,
                        1.131914814322954e-05,
                        0.00038381022750400007,
                        634586.1875
                    ],
                    [
                        2583232.0,
                        1.1229288247704972e-05,
                        0.0002961547579616308,
                        661987.4375
                    ],
                    [
                        1912808.0,
                        1.1164392162754666e-05,
                        0.00029962105327285826,
                        693806.25
                    ],
                    [
                        2088016.0,
                        1.1107291356893256e-05,
                        0.00029777659801766276,
                        580816.75
                    ],
                    [
                        2896000.0,
                        1.103698832594091e-05,
                        0.0002728095860220492,
                        525629.9375
                    ],
                    [
                        2564408.0,
                        1.0960944564430974e-05,
                        0.0002930021146312356,
                        619511.5625
                    ],
                    [
                        3921184.0,
                        1.087203600036446e-05,
                        0.0005929499748162925,
                        538834.625
                    ],
                    [
                        2794640.0,
                        1.0781384844449349e-05,
                        0.00017766767996363342,
                        677916.4375
                    ],
                    [
                        4726272.0,
                        1.0681769708753563e-05,
                        0.00018339134112466127,
                        599563.375
                    ],
                    [
                        4927544.0,
                        1.0556481356616132e-05,
                        0.00019205290300305933,
                        583179.3125
                    ],
                    [
                        5944040.0,
                        1.0418904821563046e-05,
                        0.0002024973655352369,
                        603427.0
                    ],
                    [
                        5063656.0,
                        1.0283110896125436e-05,
                        0.0002613598189782351,
                        607061.125
                    ],
                    [
                        5221488.0,
                        1.015944144455716e-05,
                        0.00023075626813806593,
                        620602.0625
                    ],
                    [
                        3421624.0,
                        1.0057716281153262e-05,
                        0.00032322804327122867,
                        608652.25
                    ],
                    [
                        3476648.0,
                        9.978034540836234e-06,
                        0.0002578554267529398,
                        617310.8125
                    ],
                    [
                        3407144.0,
                        9.899765245791059e-06,
                        0.00022438736050389707,
                        706043.875
                    ],
                    [
                        3938560.0,
                        9.817606041906402e-06,
                        0.00038321700412780046,
                        631372.625
                    ]
                ]
            ],
            "actions": [
                [
                    [
                        0.5
                    ],
                    [
                        0.5
                    ],
                    [
                        0.5
                    ],
                    [
                        0.5
                    ],
                    [
                        0.5
                    ],
                    [
                        0.5
                    ],
                    [
                        0.5
                    ],
                    [
                        0.5
                    ],
                    [
                        0.5
                    ],
                    [
                        0.5
                    ],
                    [
                        0.5
                    ],
                    [
                        0.5
                    ],
                    [
                        0.5
                    ],
                    [
                        0.5
                    ],
                    [
                        0.5
                    ],
                    [
                        0.5
                    ],
                    [
                        0.5
                    ],
                    [
                        0.5
                    ],
                    [
                        0.5
                    ],
                    [
                        0.5
                    ]
                ]
            ],
            "returns": [
                [
                    [
                        0.41369158029556274
                    ],
                    [
                        0.41279682517051697
                    ],
                    [
                        0.41188669204711914
                    ],
                    [
                        0.41097697615623474
                    ],
                    [
                        0.41007962822914124
                    ],
                    [
                        0.4092106521129608
                    ],
                    [
                        0.4083682894706726
                    ],
                    [
                        0.4075181484222412
                    ],
                    [
                        0.4066390097141266
                    ],
                    [
                        0.4057706594467163
                    ],
                    [
                        0.40486466884613037
                    ],
                    [
                        0.40398868918418884
                    ],
                    [
                        0.40306612849235535
                    ],
                    [
                        0.4021398723125458
                    ],
                    [
                        0.40119698643684387
                    ],
                    [
                        0.4002683162689209
                    ],
                    [
                        0.39933690428733826
                    ],
                    [
                        0.39844298362731934
                    ],
                    [
                        0.3975476622581482
                    ],
                    [
                        0.3966540992259979
                    ]
                ]
            ],
            "timesteps": [
                [
                    180,
                    181,
                    182,
                    183,
                    184,
                    185,
                    186,
                    187,
                    188,
                    189,
                    190,
                    191,
                    192,
                    193,
                    194,
                    195,
                    196,
                    197,
                    198,
                    199
                ]
            ],
            "labels": [
                [
                    1,
                    1,
                    1,
                    1,
                    1,
                    1,
                    1,
                    1,
                    1,
                    1,
                    1,
                    1,
                    1,
                    1,
                    1,
                    1,
                    1,
                    1,
                    1,
                    1
                ]
            ],
            "CPU Usage": 46.7,
            "RAM Usage": 55.0,
            "GPU Usage": 0.0,
            "VRAM Usage": 355.0,
            "Disk Read Speed (MB/s)": 206640.2841796875,
            "Disk Write Speed (MB/s)": 404833.6533203125
        },
        {
            "step": 2,
            "train_loss": 0.014322181232273579,
            "actions_pred1": [
                [
                    [
                        0.4930059015750885,
                        0.4152820110321045,
                        1.6935800313949585,
                        -1.9614360332489014
                    ],
                    [
                        0.5197495222091675,
                        0.5851620435714722,
                        1.6367377042770386,
                        -2.057647228240967
                    ],
                    [
                        0.5271514058113098,
                        0.7281105518341064,
                        1.6587218046188354,
                        -2.1369690895080566
                    ],
                    [
                        0.7415995597839355,
                        0.7564467191696167,
                        1.992924451828003,
                        -2.2639284133911133
                    ],
                    [
                        0.7409458756446838,
                        0.7813387513160706,
                        2.0343215465545654,
                        -2.3864760398864746
                    ],
                    [
                        0.36614471673965454,
                        0.5289602279663086,
                        2.0339581966400146,
                        -2.401670455932617
                    ],
                    [
                        0.29588788747787476,
                        0.5430102348327637,
                        1.9760258197784424,
                        -2.4646432399749756
                    ],
                    [
                        0.47806620597839355,
                        0.6547648310661316,
                        1.9071910381317139,
                        -2.4014601707458496
                    ],
                    [
                        0.5255314111709595,
                        0.6080190539360046,
                        1.8174084424972534,
                        -2.5883562564849854
                    ],
                    [
                        0.509741485118866,
                        0.6141852140426636,
                        1.6975876092910767,
                        -2.8165159225463867
                    ],
                    [
                        0.5477936863899231,
                        0.521955132484436,
                        1.5870087146759033,
                        -2.777733564376831
                    ],
                    [
                        0.5799674987792969,
                        0.6093828678131104,
                        1.7673025131225586,
                        -2.8480167388916016
                    ],
                    [
                        0.6339538097381592,
                        0.6415655612945557,
                        1.8651806116104126,
                        -2.814211845397949
                    ],
                    [
                        0.701411783695221,
                        0.45256781578063965,
                        1.9101567268371582,
                        -3.066316604614258
                    ],
                    [
                        0.7635965943336487,
                        0.5183652639389038,
                        1.914107084274292,
                        -3.247589111328125
                    ],
                    [
                        0.6039634943008423,
                        0.6014431715011597,
                        1.9534662961959839,
                        -3.472825527191162
                    ],
                    [
                        0.6505417227745056,
                        0.6944063901901245,
                        2.0218613147735596,
                        -3.2609236240386963
                    ],
                    [
                        0.6659245491027832,
                        0.7426689267158508,
                        1.9914482831954956,
                        -3.221404790878296
                    ],
                    [
                        0.6530753374099731,
                        0.783954381942749,
                        1.9625228643417358,
                        -3.300215244293213
                    ],
                    [
                        0.5702522993087769,
                        0.7820533514022827,
                        1.9140002727508545,
                        -3.2495203018188477
                    ]
                ]
            ],
            "actions_pred": [
                [
                    [
                        0.4930059015750885,
                        0.5197495222091675,
                        0.5271514058113098,
                        0.7415995597839355,
                        0.7409458756446838,
                        0.36614471673965454,
                        0.29588788747787476,
                        0.47806620597839355,
                        0.5255314111709595,
                        0.509741485118866,
                        0.5477936863899231,
                        0.5799674987792969,
