{
    "steps": [
        {
            "step": 0,
            "train_loss": 0.028849810361862183,
            "actions_pred1": [
                [
                    [
                        -0.418072372674942,
                        0.38284629583358765,
                        0.4277876317501068,
                        -2.540233612060547
                    ],
                    [
                        -0.49811428785324097,
                        0.7200853824615479,
                        0.41101351380348206,
                        -1.8840820789337158
                    ],
                    [
                        -0.31295764446258545,
                        0.7221447825431824,
                        0.5137075185775757,
                        -1.763039231300354
                    ],
                    [
                        -0.2452946901321411,
                        0.814387857913971,
                        0.6474738121032715,
                        -1.8079324960708618
                    ],
                    [
                        -0.21715886890888214,
                        0.6795933842658997,
                        0.6836928725242615,
                        -1.8840703964233398
                    ],
                    [
                        -0.25114327669143677,
                        0.7432880401611328,
                        0.8215171694755554,
                        -1.9546284675598145
                    ],
                    [
                        -0.24322380125522614,
                        0.6367189884185791,
                        0.82285475730896,
                        -1.8403189182281494
                    ],
                    [
                        -0.19001992046833038,
                        0.6276123523712158,
                        0.7509998083114624,
                        -1.698927879333496
                    ],
                    [
                        -0.290706068277359,
                        0.5523468255996704,
                        0.7662133574485779,
                        -1.7888298034667969
                    ],
                    [
                        -0.3802971839904785,
                        0.5704816579818726,
                        0.7242163419723511,
                        -1.8220343589782715
                    ],
                    [
                        -0.29293715953826904,
                        0.7748454809188843,
                        0.8663755059242249,
                        -1.7478426694869995
                    ],
                    [
                        -0.36629581451416016,
                        0.7373238801956177,
                        0.8633258938789368,
                        -1.5628416538238525
                    ],
                    [
                        -0.3755330443382263,
                        0.7324223518371582,
                        0.9147471785545349,
                        -1.623335838317871
                    ],
                    [
                        -0.37037450075149536,
                        0.7684906721115112,
                        0.9692139625549316,
                        -1.6409963369369507
                    ],
                    [
                        -0.37362539768218994,
                        0.7297448515892029,
                        0.9123943448066711,
                        -1.7524771690368652
                    ],
                    [
                        -0.41387060284614563,
                        0.7176504731178284,
                        0.8422521352767944,
                        -1.6818923950195312
                    ],
                    [
                        -0.3832088112831116,
                        0.7013612985610962,
                        0.8975284099578857,
                        -1.7795865535736084
                    ],
                    [
                        -0.4065752923488617,
                        0.6813379526138306,
                        0.8527402281761169,
                        -1.7813782691955566
                    ],
                    [
                        -0.32972362637519836,
                        0.9532355666160583,
                        0.8345655202865601,
                        -1.611255168914795
                    ],
                    [
                        -0.2613321542739868,
                        0.824874997138977,
                        0.9156745672225952,
                        -1.6909503936767578
                    ]
                ]
            ],
            "actions_pred": [
                [
                    [
                        -0.418072372674942,
                        -0.49811428785324097,
                        -0.31295764446258545,
                        -0.2452946901321411,
                        -0.21715886890888214,
                        -0.25114327669143677,
                        -0.24322380125522614,
                        -0.19001992046833038,
                        -0.290706068277359,
                        -0.3802971839904785,
                        -0.29293715953826904,
                        -0.36629581451416016,
                        -0.3755330443382263,
                        -0.37037450075149536,
                        -0.37362539768218994,
                        -0.41387060284614563,
                        -0.3832088112831116,
                        -0.4065752923488617,
                        -0.32972362637519836,
                        -0.2613321542739868
                    ],
                    [
                        0.38284629583358765,
                        0.7200853824615479,
                        0.7221447825431824,
                        0.814387857913971,
                        0.6795933842658997,
                        0.7432880401611328,
                        0.6367189884185791,
                        0.6276123523712158,
                        0.5523468255996704,
                        0.5704816579818726,
                        0.7748454809188843,
                        0.7373238801956177,
                        0.7324223518371582,
                        0.7684906721115112,
                        0.7297448515892029,
                        0.7176504731178284,
                        0.7013612985610962,
                        0.6813379526138306,
                        0.9532355666160583,
                        0.824874997138977
                    ],
                    [
                        0.4277876317501068,
                        0.41101351380348206,
                        0.5137075185775757,
                        0.6474738121032715,
                        0.6836928725242615,
                        0.8215171694755554,
                        0.82285475730896,
                        0.7509998083114624,
                        0.7662133574485779,
                        0.7242163419723511,
                        0.8663755059242249,
                        0.8633258938789368,
                        0.9147471785545349,
                        0.9692139625549316,
                        0.9123943448066711,
                        0.8422521352767944,
                        0.8975284099578857,
                        0.8527402281761169,
                        0.8345655202865601,
                        0.9156745672225952
                    ],
                    [
                        -2.540233612060547,
                        -1.8840820789337158,
                        -1.763039231300354,
                        -1.8079324960708618,
                        -1.8840703964233398,
                        -1.9546284675598145,
                        -1.8403189182281494,
                        -1.698927879333496,
                        -1.7888298034667969,
                        -1.8220343589782715,
                        -1.7478426694869995,
                        -1.5628416538238525,
                        -1.623335838317871,
                        -1.6409963369369507,
                        -1.7524771690368652,
                        -1.6818923950195312,
                        -1.7795865535736084,
                        -1.7813782691955566,
                        -1.611255168914795,
                        -1.6909503936767578
                    ]
                ]
            ],
            "states": [
                [
                    [
                        3840096.0,
                        2.92694730887888e-05,
                        0.00022606240236200392,
                        669392.5
                    ],
                    [
                        5186736.0,
                        2.8975890018045902e-05,
                        0.0002532026555854827,
                        623919.4375
                    ],
                    [
                        4765368.0,
                        2.86587583104847e-05,
                        0.0002667571825440973,
                        632646.8125
                    ],
                    [
                        6161240.0,
                        2.8318694603512995e-05,
                        0.00026687141507864,
                        545136.5625
                    ],
                    [
                        6174272.0,
                        2.7944166504312307e-05,
                        0.0002529114135541022,
                        614846.3125
                    ],
                    [
                        5751456.0,
                        2.7591326215770096e-05,
                        0.0002583715249784291,
                        530205.9375
                    ],
                    [
                        7742456.0,
                        2.720300471992232e-05,
                        0.001365873496979475,
                        538990.625
                    ],
                    [
                        6206128.0,
                        2.6812451324076392e-05,
                        0.0008239395683631301,
                        520321.9375
                    ],
                    [
                        5211352.0,
                        2.6501078536966816e-05,
                        0.0005388445570133626,
                        565831.875
                    ],
                    [
                        4737856.0,
                        2.623563341330737e-05,
                        0.0005018769879825413,
                        557744.25
                    ],
                    [
                        3256552.0,
                        2.6026094928965904e-05,
                        0.0005396626074798405,
                        583406.625
                    ],
                    [
                        2370376.0,
                        2.588063398434315e-05,
                        0.00039070475031621754,
                        599303.875
                    ],
                    [
                        3150848.0,
                        2.573955680418294e-05,
                        0.00037147922557778656,
                        638024.3125
                    ],
                    [
                        4121008.0,
                        2.5556088075973094e-05,
                        0.00035373689024709165,
                        613075.625
                    ],
                    [
                        3627240.0,
                        2.5363364329678006e-05,
                        0.0003472233365755528,
                        713559.4375
                    ],
                    [
                        4171688.0,
                        2.5172355890390463e-05,
                        0.00021890846255701035,
                        610763.0
                    ],
                    [
                        2390648.0,
                        2.501373273844365e-05,
                        0.00019109471759293228,
                        629310.5
                    ],
                    [
                        3237728.0,
                        2.487938036210835e-05,
                        0.00025023153284564614,
                        525239.375
                    ],
                    [
                        5175152.0,
                        2.4681297873030417e-05,
                        0.000305382302030921,
                        610625.375
                    ],
                    [
                        4510520.0,
                        2.445693280606065e-05,
                        0.00029567780438810587,
                        582702.6875
                    ]
                ]
            ],
            "actions": [
                [
                    [
                        0.5
                    ],
                    [
                        0.5
                    ],
                    [
                        0.5
                    ],
                    [
                        0.5
                    ],
                    [
                        0.5
                    ],
                    [
                        0.5
                    ],
                    [
                        0.5
                    ],
                    [
                        0.5
                    ],
                    [
                        0.5
                    ],
                    [
                        0.5
                    ],
                    [
                        0.5
                    ],
                    [
                        0.5
                    ],
                    [
                        0.5
                    ],
                    [
                        0.5
                    ],
                    [
                        0.5
                    ],
                    [
                        0.5
                    ],
                    [
                        0.5
                    ],
                    [
                        0.5
                    ],
                    [
                        0.5
                    ],
                    [
                        0.5
                    ]
                ]
            ],
            "returns": [
                [
                    [
                        0.11548818647861481
                    ],
                    [
                        0.11458403617143631
                    ],
                    [
                        0.11365323513746262
                    ],
                    [
                        0.11272994428873062
                    ],
                    [
                        0.11178387701511383
                    ],
                    [
                        0.11083762347698212
                    ],
                    [
                        0.1098976582288742
                    ],
                    [
                        0.10893134027719498
                    ],
                    [
                        0.10798463225364685
                    ],
                    [
                        0.10705341398715973
                    ],
                    [
                        0.10613063722848892
                    ],
                    [
                        0.10524109750986099
                    ],
                    [
                        0.10437972098588943
                    ],
                    [
                        0.1034931093454361
                    ],
                    [
                        0.10258270055055618
                    ],
                    [
                        0.1016836017370224
                    ],
                    [
                        0.10077211260795593
                    ],
                    [
                        0.09990997612476349
                    ],
                    [
                        0.09902095794677734
                    ],
                    [
                        0.09809035062789917
                    ]
                ]
            ],
            "timesteps": [
                [
                    500,
                    501,
                    502,
                    503,
                    504,
                    505,
                    506,
                    507,
                    508,
                    509,
                    510,
                    511,
                    512,
                    513,
                    514,
                    515,
                    516,
                    517,
                    518,
                    519
                ]
            ],
            "labels": [
                [
                    1,
                    1,
                    1,
                    1,
                    1,
                    1,
                    1,
                    1,
                    1,
                    1,
                    1,
                    1,
                    1,
                    1,
                    1,
                    1,
                    1,
                    1,
                    1,
                    1
                ]
            ],
            "CPU Usage": 46.4,
            "RAM Usage": 55.1,
            "GPU Usage": 0.0,
            "VRAM Usage": 356.0,
            "Disk Read Speed (MB/s)": 206398.7080078125,
            "Disk Write Speed (MB/s)": 389719.4306640625
        },
        {
            "step": 1,
            "train_loss": 0.053353410214185715,
            "actions_pred1": [
                [
                    [
                        -0.06634598225355148,
                        1.002316951751709,
                        1.3988099098205566,
                        -1.545956015586853
                    ],
                    [
                        0.0027363859117031097,
                        0.7884320020675659,
                        1.3694597482681274,
                        -1.4693584442138672
                    ],
                    [
                        0.10370886325836182,
                        0.7255143523216248,
                        1.4033104181289673,
                        -1.6013914346694946
                    ],
                    [
                        0.18362556397914886,
                        0.7561326026916504,
                        1.4672919511795044,
                        -1.4032267332077026
                    ],
                    [
                        0.35012197494506836,
                        0.7608308792114258,
                        1.534928321838379,
                        -1.4843943119049072
                    ],
                    [
                        0.36449339985847473,
                        0.8322526216506958,
                        1.4667935371398926,
                        -1.4817548990249634
                    ],
                    [
                        0.17550379037857056,
                        0.8785771131515503,
                        1.4065561294555664,
                        -1.5176236629486084
                    ],
                    [
                        0.22509969770908356,
                        0.7972767949104309,
                        1.2536102533340454,
                        -1.6902194023132324
                    ],
                    [
                        0.25415706634521484,
                        0.7002955675125122,
                        1.3299059867858887,
                        -1.6133296489715576
                    ],
                    [
                        0.4254456162452698,
                        0.9211721420288086,
                        1.4380995035171509,
                        -1.7828928232192993
                    ],
                    [
                        0.6389846801757812,
                        1.0440740585327148,
                        1.5169240236282349,
                        -1.6438286304473877
                    ],
                    [
                        0.6661633253097534,
                        0.9968386292457581,
                        1.3696410655975342,
                        -1.6042084693908691
                    ],
                    [
                        0.5920160412788391,
                        1.0833033323287964,
                        1.396297574043274,
                        -1.6543673276901245
                    ],
                    [
                        0.4899058938026428,
                        0.9960376024246216,
                        1.4504404067993164,
                        -1.6534702777862549
                    ],
                    [
                        0.4635851979255676,
                        0.8883323669433594,
                        1.312116265296936,
                        -1.709472417831421
                    ],
                    [
                        0.5200108289718628,
                        0.8807088136672974,
                        1.295488715171814,
                        -1.7520365715026855
                    ],
                    [
                        0.4160938262939453,
                        0.9462634325027466,
                        1.3783364295959473,
                        -1.6897573471069336
                    ],
                    [
                        0.611901044845581,
                        0.9473055601119995,
                        1.275010108947754,
                        -1.6437984704971313
                    ],
                    [
                        0.6112985610961914,
                        0.8474895358085632,
                        1.0757050514221191,
                        -1.4914093017578125
                    ],
                    [
                        0.5768052339553833,
                        0.8336279988288879,
                        1.2830771207809448,
                        -1.4397315979003906
                    ]
                ]
            ],
            "actions_pred": [
                [
                    [
                        -0.06634598225355148,
                        0.0027363859117031097,
                        0.10370886325836182,
                        0.18362556397914886,
                        0.35012197494506836,
                        0.36449339985847473,
                        0.17550379037857056,
                        0.22509969770908356,
                        0.25415706634521484,
                        0.4254456162452698,
                        0.6389846801757812,
                        0.6661633253097534,
                        0.5920160412788391,
                        0.4899058938026428,
                        0.4635851979255676,
                        0.5200108289718628,
                        0.4160938262939453,
                        0.611901044845581,
                        0.6112985610961914,
                        0.5768052339553833
                    ],
                    [
                        1.002316951751709,
                        0.7884320020675659,
                        0.7255143523216248,
                        0.7561326026916504,
                        0.7608308792114258,
                        0.8322526216506958,
                        0.8785771131515503,
                        0.7972767949104309,
                        0.7002955675125122,
                        0.9211721420288086,
                        1.0440740585327148,
                        0.9968386292457581,
                        1.0833033323287964,
                        0.9960376024246216,
                        0.8883323669433594,
                        0.8807088136672974,
                        0.9462634325027466,
                        0.9473055601119995,
                        0.8474895358085632,
                        0.8336279988288879
                    ],
                    [
                        1.3988099098205566,
                        1.3694597482681274,
                        1.4033104181289673,
                        1.4672919511795044,
                        1.534928321838379,
                        1.4667935371398926,
                        1.4065561294555664,
                        1.2536102533340454,
                        1.3299059867858887,
                        1.4380995035171509,
                        1.5169240236282349,
                        1.3696410655975342,
                        1.396297574043274,
                        1.4504404067993164,
                        1.312116265296936,
                        1.295488715171814,
                        1.3783364295959473,
                        1.275010108947754,
                        1.0757050514221191,
                        1.2830771207809448
                    ],
                    [
                        -1.545956015586853,
                        -1.4693584442138672,
                        -1.6013914346694946,
                        -1.4032267332077026,
                        -1.4843943119049072,
                        -1.4817548990249634,
                        -1.5176236629486084,
                        -1.6902194023132324,
                        -1.6133296489715576,
                        -1.7828928232192993,
                        -1.6438286304473877,
                        -1.6042084693908691,
                        -1.6543673276901245,
                        -1.6534702777862549,
                        -1.709472417831421,
                        -1.7520365715026855,
                        -1.6897573471069336,
                        -1.6437984704971313,
                        -1.4914093017578125,
                        -1.4397315979003906
                    ]
                ]
            ],
            "states": [
                [
                    [
                        1715880.0,
                        9.430604404769838e-05,
                        0.0053657107055187225,
                        470709.75
                    ],
                    [
                        1967832.0,
                        9.068279905477539e-05,
                        0.004402399994432926,
                        434480.75
                    ],
                    [
                        2130008.0,
                        8.69646537466906e-05,
                        0.004303366411477327,
                        508551.15625
                    ],
                    [
                        2267568.0,
                        8.329902630066499e-05,
                        0.003460775362327695,
                        467240.71875
                    ],
                    [
                        2448568.0,
                        7.969679427333176e-05,
                        0.003044134471565485,
                        537034.5
                    ],
                    [
                        2646944.0,
                        7.613936031702906e-05,
                        0.00288664479739964,
                        500456.03125
                    ],
                    [
                        1710088.0,
                        7.333141547860578e-05,
                        0.0027106136549264193,
                        490357.90625
                    ],
                    [
                        2580336.0,
                        7.077431655488908e-05,
                        0.0027518118731677532,
                        546850.6875
                    ],
                    [
                        2927856.0,
                        6.773720087949187e-05,
                        0.0026009255088865757,
                        496203.71875
                    ],
                    [
                        3168224.0,
                        6.466506602009758e-05,
                        0.002423960482701659,
                        507070.15625
                    ],
                    [
                        3505608.0,
                        6.160674092825502e-05,
                        0.002274049213156104,
                        516057.96875
                    ],
                    [
                        3553392.0,
                        5.866973879165016e-05,
                        0.0023237415589392185,
                        471484.09375
                    ],
                    [
                        4039920.0,
                        5.581038931268267e-05,
                        0.0021793735213577747,
                        501229.875
                    ],
                    [
                        4028336.0,
                        5.305969170876779e-05,
                        0.002523052040487528,
                        561908.75
                    ],
                    [
                        4312144.0,
                        5.04888485011179e-05,
                        0.002231767401099205,
                        502897.96875
                    ],
                    [
                        4776952.0,
                        4.795741187990643e-05,
                        0.0032643231097608805,
                        459673.25
                    ],
                    [
                        4743648.0,
                        4.5562293962575495e-05,
                        0.0020812072325497866,
                        515212.4375
                    ],
                    [
                        2971296.0,
                        4.3785152229247615e-05,
                        0.0015903349267318845,
                        502955.46875
                    ],
                    [
                        4981120.0,
                        4.21030999859795e-05,
                        0.0016534600872546434,
                        511202.4375
                    ],
                    [
                        4962296.0,
                        4.016688762931153e-05,
                        0.0014106292510405183,
                        493895.1875
                    ]
                ]
            ],
            "actions": [
                [
                    [
                        0.25
                    ],
                    [
                        0.25
                    ],
                    [
                        0.25
                    ],
                    [
                        0.25
                    ],
                    [
                        0.25
                    ],
                    [
                        0.25
                    ],
                    [
                        0.25
                    ],
                    [
                        0.25
                    ],
                    [
                        0.25
                    ],
                    [
                        0.25
                    ],
                    [
                        0.25
                    ],
                    [
                        0.25
                    ],
                    [
                        0.25
                    ],
                    [
                        0.25
                    ],
                    [
                        0.25
                    ],
                    [
                        0.25
                    ],
                    [
                        0.25
                    ],
                    [
                        0.25
                    ],
                    [
                        0.25
                    ],
                    [
                        0.25
                    ]
                ]
            ],
            "returns": [
                [
                    [
                        0.053779877722263336
                    ],
                    [
                        0.05294714868068695
                    ],
                    [
                        0.05210227146744728
                    ],
                    [
                        0.05125037208199501
                    ],
                    [
                        0.05039292573928833
                    ],
                    [
                        0.04952867329120636
                    ],
                    [
                        0.04865751042962074
                    ],
                    [
                        0.047825079411268234
                    ],
                    [
                        0.046956177800893784
                    ],
                    [
                        0.04607607424259186
                    ],
                    [
                        0.04518897458910942
                    ],
                    [
                        0.04429290443658829
                    ],
                    [
                        0.04339563474059105
                    ],
                    [
                        0.04248698428273201
                    ],
                    [
                        0.04157859459519386
                    ],
                    [
                        0.04066416248679161
                    ],
                    [
                        0.039740659296512604
                    ],
                    [
                        0.03881777450442314
                    ],
                    [
                        0.037936363369226456
                    ],
                    [
                        0.03700914978981018
                    ]
                ]
            ],
            "timesteps": [
                [
                    580,
                    581,
                    582,
                    583,
                    584,
                    585,
                    586,
                    587,
                    588,
                    589,
                    590,
                    591,
                    592,
                    593,
                    594,
                    595,
                    596,
                    597,
                    598,
                    599
                ]
            ],
            "labels": [
                [
                    0,
                    0,
                    0,
                    0,
                    0,
                    0,
                    0,
                    0,
                    0,
                    0,
                    0,
                    0,
                    0,
                    0,
                    0,
                    0,
                    0,
                    0,
                    0,
                    0
                ]
            ],
            "CPU Usage": 47.2,
            "RAM Usage": 55.2,
            "GPU Usage": 0.0,
            "VRAM Usage": 356.0,
            "Disk Read Speed (MB/s)": 206398.7080078125,
            "Disk Write Speed (MB/s)": 389719.5126953125
        },
        {
            "step": 2,
            "train_loss": 0.024672003462910652,
            "actions_pred1": [
                [
                    [
                        0.24231141805648804,
                        1.0047249794006348,
                        1.148832082748413,
                        -1.720950961112976
                    ],
                    [
                        0.03788140416145325,
                        1.2603349685668945,
                        1.4391907453536987,
                        -2.1388981342315674
                    ],
                    [
                        0.26387447118759155,
                        1.262489676475525,
                        1.3781490325927734,
                        -1.7312989234924316
                    ],
                    [
                        0.2243589162826538,
                        0.9963153004646301,
                        1.1580907106399536,
                        -1.9581021070480347
                    ],
                    [
                        0.12982484698295593,
                        0.8894697427749634,
                        1.0995656251907349,
                        -1.8085688352584839
                    ],
                    [
                        0.10630346834659576,
                        1.0148873329162598,
                        1.237380862236023,
                        -1.9800502061843872
                    ],
                    [
                        0.0821523666381836,
                        1.0170501470565796,
                        1.1632080078125,
                        -1.8662360906600952
                    ],
                    [
                        -0.018533095717430115,
                        1.4017130136489868,
                        0.9337319135665894,
                        -1.5267709493637085
                    ],
                    [
                        -0.18860414624214172,
                        0.9965237379074097,
                        1.2153048515319824,
                        -1.8514255285263062
                    ],
                    [
                        -0.22816702723503113,
                        0.9443703889846802,
                        1.2043508291244507,
                        -1.7600817680358887
                    ],
                    [
                        -0.19945299625396729,
                        1.0617094039916992,
                        1.1146255731582642,
                        -1.7737094163894653
                    ],
                    [
                        -0.2399955540895462,
                        1.0626909732818604,
                        1.1237822771072388,
                        -1.8900123834609985
                    ],
                    [
                        -0.37523114681243896,
                        1.0008893013000488,
                        1.3052847385406494,
                        -2.0456995964050293
                    ],
                    [
                        -0.15585362911224365,
                        0.910175621509552,
                        1.2953095436096191,
                        -1.8370945453643799
                    ],
                    [
                        -0.09225837141275406,
                        0.8392899632453918,
                        1.1476961374282837,
                        -1.7978379726409912
                    ],
                    [
                        -0.21221616864204407,
                        0.8247920274734497,
                        1.1138418912887573,
                        -1.7795779705047607
                    ],
                    [
                        -0.14001798629760742,
                        0.9891928434371948,
                        1.1707650423049927,
                        -1.683403730392456
                    ],
                    [
                        -0.09862348437309265,
                        0.9944906234741211,
                        1.20499587059021,
                        -1.732771635055542
                    ],
                    [
                        -0.14757885038852692,
                        1.1219607591629028,
                        1.209485411643982,
                        -1.7469024658203125
                    ],
                    [
                        -0.025696218013763428,
                        1.1576628684997559,
                        1.2335063219070435,
                        -1.722290277481079
                    ]
                ]
            ],
            "actions_pred": [
                [
                    [
                        0.24231141805648804,
                        0.03788140416145325,
                        0.26387447118759155,
                        0.2243589162826538,
                        0.12982484698295593,
                        0.10630346834659576,
                        0.0821523666381836,
                        -0.018533095717430115,
                        -0.18860414624214172,
