{
    "steps": [
        {
            "step": 0,
            "train_loss": 0.04360342398285866,
            "actions_pred1": [
                [
                    [
                        0.654365062713623,
                        0.27865859866142273,
                        0.8126280307769775,
                        -0.6868388056755066
                    ],
                    [
                        0.7219195365905762,
                        0.45259082317352295,
                        0.7895233035087585,
                        -0.8631126880645752
                    ],
                    [
                        0.6413936018943787,
                        0.6114688515663147,
                        0.7482007741928101,
                        -1.0509974956512451
                    ],
                    [
                        0.6436732411384583,
                        0.622917890548706,
                        0.8401005864143372,
                        -1.0284676551818848
                    ],
                    [
                        0.5735622644424438,
                        0.6011494398117065,
                        0.7419203519821167,
                        -0.805270791053772
                    ],
                    [
                        0.6080287098884583,
                        0.6592772006988525,
                        0.8248209357261658,
                        -0.7566423416137695
                    ],
                    [
                        0.5955865979194641,
                        0.5443659424781799,
                        0.8028973937034607,
                        -0.7437952756881714
                    ],
                    [
                        0.4664405584335327,
                        0.5541588664054871,
                        0.9304991364479065,
                        -0.8443384170532227
                    ],
                    [
                        0.41611185669898987,
                        0.625000536441803,
                        0.9810728430747986,
                        -0.8697219491004944
                    ],
                    [
                        0.42627811431884766,
                        0.5394854545593262,
                        0.8629798889160156,
                        -0.7666899561882019
                    ],
                    [
                        0.3505670428276062,
                        0.6333200931549072,
                        0.9268187284469604,
                        -0.8722642660140991
                    ],
                    [
                        0.48277023434638977,
                        0.6690921187400818,
                        1.0398337841033936,
                        -0.5883638262748718
                    ],
                    [
                        0.5268972516059875,
                        0.6565015912055969,
                        0.9876625537872314,
                        -0.927737832069397
                    ],
                    [
                        0.4163722097873688,
                        0.6635771989822388,
                        0.9922676086425781,
                        -0.8035299181938171
                    ],
                    [
                        0.40114307403564453,
                        0.6932227611541748,
                        1.0414541959762573,
                        -0.7978076934814453
                    ],
                    [
                        0.47886621952056885,
                        0.700790524482727,
                        1.047011375427246,
                        -0.7191745638847351
                    ],
                    [
                        0.43227899074554443,
                        0.648019552230835,
                        1.035538911819458,
                        -0.7220489978790283
                    ],
                    [
                        0.3083984851837158,
                        0.6068254709243774,
                        0.8807971477508545,
                        -0.7342766523361206
                    ],
                    [
                        0.4430815279483795,
                        0.5224305391311646,
                        0.8631119728088379,
                        -0.689905047416687
                    ],
                    [
                        0.3232283890247345,
                        0.5923573970794678,
                        0.9376451373100281,
                        -0.7404218912124634
                    ]
                ]
            ],
            "actions_pred": [
                [
                    [
                        0.654365062713623,
                        0.7219195365905762,
                        0.6413936018943787,
                        0.6436732411384583,
                        0.5735622644424438,
                        0.6080287098884583,
                        0.5955865979194641,
                        0.4664405584335327,
                        0.41611185669898987,
                        0.42627811431884766,
                        0.3505670428276062,
                        0.48277023434638977,
                        0.5268972516059875,
                        0.4163722097873688,
                        0.40114307403564453,
                        0.47886621952056885,
                        0.43227899074554443,
                        0.3083984851837158,
                        0.4430815279483795,
                        0.3232283890247345
                    ],
                    [
                        0.27865859866142273,
                        0.45259082317352295,
                        0.6114688515663147,
                        0.622917890548706,
                        0.6011494398117065,
                        0.6592772006988525,
                        0.5443659424781799,
                        0.5541588664054871,
                        0.625000536441803,
                        0.5394854545593262,
                        0.6333200931549072,
                        0.6690921187400818,
                        0.6565015912055969,
                        0.6635771989822388,
                        0.6932227611541748,
                        0.700790524482727,
                        0.648019552230835,
                        0.6068254709243774,
                        0.5224305391311646,
                        0.5923573970794678
                    ],
                    [
                        0.8126280307769775,
                        0.7895233035087585,
                        0.7482007741928101,
                        0.8401005864143372,
                        0.7419203519821167,
                        0.8248209357261658,
                        0.8028973937034607,
                        0.9304991364479065,
                        0.9810728430747986,
                        0.8629798889160156,
                        0.9268187284469604,
                        1.0398337841033936,
                        0.9876625537872314,
                        0.9922676086425781,
                        1.0414541959762573,
                        1.047011375427246,
                        1.035538911819458,
                        0.8807971477508545,
                        0.8631119728088379,
                        0.9376451373100281
                    ],
                    [
                        -0.6868388056755066,
                        -0.8631126880645752,
                        -1.0509974956512451,
                        -1.0284676551818848,
                        -0.805270791053772,
                        -0.7566423416137695,
                        -0.7437952756881714,
                        -0.8443384170532227,
                        -0.8697219491004944,
                        -0.7666899561882019,
                        -0.8722642660140991,
                        -0.5883638262748718,
                        -0.927737832069397,
                        -0.8035299181938171,
                        -0.7978076934814453,
                        -0.7191745638847351,
                        -0.7220489978790283,
                        -0.7342766523361206,
                        -0.689905047416687,
                        -0.7404218912124634
                    ]
                ]
            ],
            "states": [
                [
                    [
                        4843560.0,
                        2.424415470159147e-05,
                        0.00033060877467505634,
                        578357.375
                    ],
                    [
                        5799240.0,
                        2.295832928211894e-05,
                        0.0031183171086013317,
                        515791.3125
                    ],
                    [
                        4623464.0,
                        2.2749398340238258e-05,
                        0.0025027666706591845,
                        635101.375
                    ],
                    [
                        4743648.0,
                        2.2564916434930637e-05,
                        0.0014389286516234279,
                        594770.9375
                    ],
                    [
                        2644227.0,
                        0.009791561402380466,
                        0.003044134471565485,
                        425038.1875
                    ],
                    [
                        9469920.0,
                        0.0006961323670111597,
                        0.00288664479739964,
                        440941.21875
                    ],
                    [
                        5718152.0,
                        0.00029342120978981256,
                        0.0027106136549264193,
                        528296.5625
                    ],
                    [
                        2943784.0,
                        0.00022529042325913906,
                        0.0027518118731677532,
                        461782.90625
                    ],
                    [
                        1387184.0,
                        0.0002022606786340475,
                        0.0026009255088865757,
                        650753.875
                    ],
                    [
                        490872.0,
                        0.00019373110262677073,
                        0.002423960482701659,
                        624566.0
                    ],
                    [
                        260640.0,
                        0.00019053270807489753,
                        0.002274049213156104,
                        567144.625
                    ],
                    [
                        201272.0,
                        0.00018862112483475357,
                        0.0023237415589392185,
                        604014.4375
                    ],
                    [
                        152040.0,
                        0.00018718479259405285,
                        0.0021793735213577747,
                        487596.375
                    ],
                    [
                        117288.0,
                        0.00018610460392665118,
                        0.002523052040487528,
                        579471.3125
                    ],
                    [
                        123080.0,
                        0.0001851513225119561,
                        0.002231767401099205,
                        401703.1875
                    ],
                    [
                        70952.0,
                        0.00018438858387526125,
                        0.0032643231097608805,
                        840606.75
                    ],
                    [
                        131768.0,
                        0.0001835990115068853,
                        0.0020812072325497866,
                        190522.296875
                    ],
                    [
                        144800.0,
                        0.00018253228336106986,
                        0.0015903349267318845,
                        318817.125
                    ],
                    [
                        173760.0,
                        0.0001813189737731591,
                        0.0016534600872546434,
                        316928.125
                    ],
                    [
                        181000.0,
                        0.0001799864403437823,
                        0.0014106292510405183,
                        219901.125
                    ]
                ]
            ],
            "actions": [
                [
                    [
                        0.5
                    ],
                    [
                        0.5
                    ],
                    [
                        0.5
                    ],
                    [
                        0.5
                    ],
                    [
                        0.25
                    ],
                    [
                        0.25
                    ],
                    [
                        0.25
                    ],
                    [
                        0.25
                    ],
                    [
                        0.25
                    ],
                    [
                        0.25
                    ],
                    [
                        0.25
                    ],
                    [
                        0.25
                    ],
                    [
                        0.25
                    ],
                    [
                        0.25
                    ],
                    [
                        0.25
                    ],
                    [
                        0.25
                    ],
                    [
                        0.25
                    ],
                    [
                        0.25
                    ],
                    [
                        0.25
                    ],
                    [
                        0.25
                    ]
                ]
            ],
            "returns": [
                [
                    [
                        0.09717193245887756
                    ],
                    [
                        0.09624720364809036
                    ],
                    [
                        0.09530650824308395
                    ],
                    [
                        0.09438589215278625
                    ],
                    [
                        0.09346301108598709
                    ],
                    [
                        0.09259194135665894
                    ],
                    [
                        0.09160776436328888
                    ],
                    [
                        0.09066831320524216
                    ],
                    [
                        0.08978772908449173
                    ],
                    [
                        0.08897385746240616
                    ],
                    [
                        0.08825208246707916
                    ],
                    [
                        0.0875864326953888
                    ],
                    [
                        0.08694369345903397
                    ],
                    [
                        0.08632583171129227
                    ],
                    [
                        0.08573097735643387
                    ],
                    [
                        0.08513184636831284
                    ],
                    [
                        0.08458154648542404
                    ],
                    [
                        0.0839763730764389
                    ],
                    [
                        0.08336283266544342
                    ],
                    [
                        0.08273313194513321
                    ]
                ]
            ],
            "timesteps": [
                [
                    520,
                    521,
                    522,
                    523,
                    524,
                    525,
                    526,
                    527,
                    528,
                    529,
                    530,
                    531,
                    532,
                    533,
                    534,
                    535,
                    536,
                    537,
                    538,
                    539
                ]
            ],
            "labels": [
                [
                    1,
                    1,
                    1,
                    1,
                    0,
                    0,
                    0,
                    0,
                    0,
                    0,
                    0,
                    0,
                    0,
                    0,
                    0,
                    0,
                    0,
                    0,
                    0,
                    0
                ]
            ],
            "CPU Usage": 45.5,
            "RAM Usage": 55.2,
            "GPU Usage": 0.0,
            "VRAM Usage": 355.0,
            "Disk Read Speed (MB/s)": 206067.4267578125,
            "Disk Write Speed (MB/s)": 375925.0830078125
        },
        {
            "step": 1,
            "train_loss": 0.030603468418121338,
            "actions_pred1": [
                [
                    [
                        0.43336597084999084,
                        0.38535353541374207,
                        0.7917928099632263,
                        -0.8074043989181519
                    ],
                    [
                        0.4138506054878235,
                        0.558356523513794,
                        0.7318814396858215,
                        -0.8314105272293091
                    ],
                    [
                        0.410839706659317,
                        0.6868597269058228,
                        0.6974025368690491,
                        -0.8111168146133423
                    ],
                    [
                        0.5767567157745361,
                        0.7449076175689697,
                        0.925147533416748,
                        -0.8708512783050537
                    ],
                    [
                        0.5190584659576416,
                        0.7710092663764954,
                        0.9650111198425293,
                        -0.9526950120925903
                    ],
                    [
                        0.21594642102718353,
                        0.5548558235168457,
                        0.930217981338501,
                        -0.9113200902938843
                    ],
                    [
                        0.15529951453208923,
                        0.528861403465271,
                        0.8568564057350159,
                        -0.9781862497329712
                    ],
                    [
                        0.30640262365341187,
                        0.610183596611023,
                        0.7961267828941345,
                        -0.924272894859314
                    ],
                    [
                        0.3149709701538086,
                        0.6208899021148682,
                        0.7452387809753418,
                        -1.0552583932876587
                    ],
                    [
                        0.30096253752708435,
                        0.6396443843841553,
                        0.7361240983009338,
                        -1.2182979583740234
                    ],
                    [
                        0.3787231147289276,
                        0.5396216511726379,
                        0.6220355033874512,
                        -1.1757304668426514
                    ],
                    [
                        0.32844722270965576,
                        0.6355448365211487,
                        0.786738932132721,
                        -1.2274866104125977
                    ],
                    [
                        0.3638160824775696,
                        0.6170472502708435,
                        0.848308265209198,
                        -1.1520487070083618
                    ],
                    [
                        0.4276810884475708,
                        0.5065075159072876,
                        0.8371912240982056,
                        -1.3026041984558105
                    ],
                    [
                        0.4814029335975647,
                        0.5187538862228394,
                        0.7846127152442932,
                        -1.2644597291946411
                    ],
                    [
                        0.3772624433040619,
                        0.6065452098846436,
                        0.684630811214447,
                        -1.3237074613571167
                    ],
                    [
                        0.44789427518844604,
                        0.6453120112419128,
                        0.7535035014152527,
                        -1.1753102540969849
                    ],
                    [
                        0.4400181770324707,
                        0.6750127673149109,
                        0.7841729521751404,
                        -1.211990475654602
                    ],
                    [
                        0.4111131727695465,
                        0.6999621391296387,
                        0.781818687915802,
                        -1.2879188060760498
                    ],
                    [
                        0.38387131690979004,
                        0.717253565788269,
                        0.769227147102356,
                        -1.2850046157836914
                    ]
                ]
            ],
            "actions_pred": [
                [
                    [
                        0.43336597084999084,
                        0.4138506054878235,
                        0.410839706659317,
                        0.5767567157745361,
                        0.5190584659576416,
                        0.21594642102718353,
                        0.15529951453208923,
                        0.30640262365341187,
                        0.3149709701538086,
                        0.30096253752708435,
                        0.3787231147289276,
                        0.32844722270965576,
                        0.3638160824775696,
                        0.4276810884475708,
                        0.4814029335975647,
                        0.3772624433040619,
                        0.44789427518844604,
                        0.4400181770324707,
                        0.4111131727695465,
                        0.38387131690979004
                    ],
                    [
                        0.38535353541374207,
                        0.558356523513794,
                        0.6868597269058228,
                        0.7449076175689697,
                        0.7710092663764954,
                        0.5548558235168457,
                        0.528861403465271,
                        0.610183596611023,
                        0.6208899021148682,
                        0.6396443843841553,
                        0.5396216511726379,
                        0.6355448365211487,
                        0.6170472502708435,
                        0.5065075159072876,
                        0.5187538862228394,
                        0.6065452098846436,
                        0.6453120112419128,
                        0.6750127673149109,
                        0.6999621391296387,
                        0.717253565788269
                    ],
                    [
                        0.7917928099632263,
                        0.7318814396858215,
                        0.6974025368690491,
                        0.925147533416748,
                        0.9650111198425293,
                        0.930217981338501,
                        0.8568564057350159,
                        0.7961267828941345,
                        0.7452387809753418,
                        0.7361240983009338,
                        0.6220355033874512,
                        0.786738932132721,
                        0.848308265209198,
                        0.8371912240982056,
                        0.7846127152442932,
                        0.684630811214447,
                        0.7535035014152527,
                        0.7841729521751404,
                        0.781818687915802,
                        0.769227147102356
                    ],
                    [
                        -0.8074043989181519,
                        -0.8314105272293091,
                        -0.8111168146133423,
                        -0.8708512783050537,
                        -0.9526950120925903,
                        -0.9113200902938843,
                        -0.9781862497329712,
                        -0.924272894859314,
                        -1.0552583932876587,
                        -1.2182979583740234,
                        -1.1757304668426514,
                        -1.2274866104125977,
                        -1.1520487070083618,
                        -1.3026041984558105,
                        -1.2644597291946411,
                        -1.3237074613571167,
                        -1.1753102540969849,
                        -1.211990475654602,
                        -1.2879188060760498,
                        -1.2850046157836914
                    ]
                ]
            ],
            "states": [
                [
                    [
                        5583488.0,
                        1.565206184750423e-05,
                        0.00026454709586687386,
                        777972.9375
                    ],
                    [
                        4978224.0,
                        1.5359531971625984e-05,
                        0.0002797465131152421,
                        855686.3125
                    ],
                    [
                        5334432.0,
                        1.5084374354046304e-05,
                        0.00027696648612618446,
                        816815.875
                    ],
                    [
                        5159224.0,
                        1.4814246242167428e-05,
                        0.0002747685939539224,
                        799861.375
                    ],
                    [
                        5513984.0,
                        1.4549360457749572e-05,
                        0.000255326071055606,
                        807912.1875
                    ],
                    [
                        5082480.0,
                        1.4295442269940395e-05,
                        0.0002729953557718545,
                        779605.9375
                    ],
                    [
                        5376424.0,
                        1.4053456652618479e-05,
                        0.00026464968686923385,
                        853596.25
                    ],
                    [
                        5073792.0,
                        1.3819644664181396e-05,
                        0.000260901142610237,
                        865763.5
                    ],
                    [
                        5425656.0,
                        1.3592515642812941e-05,
                        0.00026091569452546537,
                        896600.0
                    ],
                    [
                        5301128.0,
                        1.3368029613047838e-05,
                        0.00027603365015238523,
                        844597.4375
                    ],
                    [
                        5346016.0,
                        1.3152442988939583e-05,
                        0.0002529293124098331,
                        839011.5
                    ],
                    [
                        5652992.0,
                        1.2936916391481645e-05,
                        0.0002769185812212527,
                        874385.5625
                    ],
                    [
                        5185288.0,
                        1.2731260540022049e-05,
                        0.0002480096882209182,
                        820181.0625
                    ],
                    [
                        5438688.0,
                        1.2536010217445437e-05,
                        0.00027678909827955067,
                        838090.6875
                    ],
                    [
                        5221488.0,
                        1.2345956747594755e-05,
                        0.0002834639744833112,
                        979366.25
                    ],
                    [
                        5306920.0,
                        1.2163849532953463e-05,
                        0.00027035834500566125,
                        858373.0
                    ],
                    [
                        5419864.0,
                        1.1983782314928249e-05,
                        0.0002671718248166144,
                        825702.5
                    ],
                    [
                        5708016.0,
                        1.1802524568338413e-05,
                        0.00027032653451897204,
                        851358.6875
                    ],
                    [
                        5637064.0,
                        1.1623262253124267e-05,
                        0.0002656110445968807,
                        872734.375
                    ],
                    [
                        5471992.0,
                        1.1452919352450408e-05,
                        0.0002651966060511768,
                        865487.25
                    ]
                ]
            ],
            "actions": [
                [
                    [
                        0.75
                    ],
                    [
                        0.75
                    ],
                    [
                        0.75
                    ],
                    [
                        0.75
                    ],
                    [
                        0.75
                    ],
                    [
                        0.75
                    ],
                    [
                        0.75
                    ],
                    [
                        0.75
                    ],
                    [
                        0.75
                    ],
                    [
                        0.75
                    ],
                    [
                        0.75
                    ],
                    [
                        0.75
                    ],
                    [
                        0.75
                    ],
                    [
                        0.75
                    ],
                    [
                        0.75
                    ],
                    [
                        0.75
                    ],
                    [
                        0.75
                    ],
                    [
                        0.75
                    ],
                    [
                        0.75
                    ],
                    [
                        0.75
                    ]
                ]
            ],
            "returns": [
                [
                    [
                        0.5428837537765503
                    ],
                    [
                        0.5419464111328125
                    ],
                    [
                        0.5410192608833313
                    ],
                    [
                        0.5400859713554382
                    ],
                    [
                        0.5391556620597839
                    ],
                    [
                        0.5382193922996521
                    ],
                    [
                        0.5372903943061829
                    ],
                    [
                        0.5363564491271973
                    ],
                    [
                        0.5354275703430176
                    ],
                    [
                        0.5344927906990051
                    ],
                    [
                        0.533560037612915
                    ],
                    [
                        0.5326265692710876
                    ],
                    [
                        0.5316881537437439
                    ],
                    [
                        0.5307573676109314
                    ],
                    [
                        0.5298223495483398
                    ],
                    [
                        0.5288909673690796
                    ],
                    [
                        0.5279580950737
                    ],
                    [
                        0.527023434638977
                    ],
                    [
                        0.5260841250419617
                    ],
                    [
                        0.525145947933197
                    ]
                ]
            ],
            "timesteps": [
                [
                    40,
                    41,
                    42,
                    43,
                    44,
                    45,
                    46,
                    47,
                    48,
                    49,
                    50,
                    51,
                    52,
                    53,
                    54,
                    55,
                    56,
                    57,
                    58,
                    59
                ]
            ],
            "labels": [
                [
                    2,
                    2,
                    2,
                    2,
                    2,
                    2,
                    2,
                    2,
                    2,
                    2,
                    2,
                    2,
                    2,
                    2,
                    2,
                    2,
                    2,
                    2,
                    2,
                    2
                ]
            ],
            "CPU Usage": 46.7,
            "RAM Usage": 55.3,
            "GPU Usage": 0.0,
            "VRAM Usage": 355.0,
            "Disk Read Speed (MB/s)": 206067.4267578125,
            "Disk Write Speed (MB/s)": 375925.1298828125
        },
        {
            "step": 2,
            "train_loss": 0.033302322030067444,
            "actions_pred1": [
                [
                    [
                        0.4445238709449768,
                        0.5446200370788574,
                        0.5970832705497742,
                        -0.7814360857009888
                    ],
                    [
                        0.3698124885559082,
                        0.36724257469177246,
                        0.41383928060531616,
                        -0.7592639327049255
                    ],
                    [
                        0.2890097498893738,
                        0.40732625126838684,
                        0.5078892111778259,
                        -0.8141875267028809
                    ],
                    [
                        0.1043706163764,
                        0.48948079347610474,
                        0.4407108724117279,
                        -0.8411186933517456
                    ],
                    [
                        0.06708774715662003,
                        0.5474468469619751,
                        0.48957884311676025,
                        -0.9152839183807373
                    ],
                    [
                        0.09893032163381577,
                        0.5807344317436218,
                        0.5414819121360779,
                        -0.8312331438064575
                    ],
                    [
                        0.07097978889942169,
                        0.6686341762542725,
                        0.45426473021507263,
                        -0.848839282989502
                    ],
                    [
                        0.061411432921886444,
                        0.5521355867385864,
                        0.5184913873672485,
                        -0.8871694207191467
                    ],
                    [
                        0.057604700326919556,
                        0.5359348654747009,
                        0.5378064513206482,
                        -0.9425760507583618
                    ],
                    [
                        0.07969479262828827,
                        0.575092077255249,
                        0.6871674656867981,
                        -0.8746704459190369
                    ],
                    [
                        0.24530412256717682,
                        0.583360493183136,
                        0.6093090772628784,
                        -0.9755594730377197
                    ],
                    [
                        0.39074546098709106,
                        0.5517120361328125,
                        0.5947246551513672,
                        -1.0561147928237915
                    ],
                    [
                        0.25223737955093384,
                        0.6543400883674622,
                        0.7195789217948914,
                        -1.070859670639038
                    ],
                    [
                        0.20950546860694885,
                        0.6459051370620728,
                        0.7459890246391296,
                        -0.9636020660400391
                    ],
                    [
                        0.12871141731739044,
                        0.7050133943557739,
                        0.7301734685897827,
                        -0.9317643642425537
                    ],
                    [
                        0.15569265186786652,
                        0.76479172706604,
                        0.7475191354751587,
                        -0.90813148021698
                    ],
                    [
                        0.15846171975135803,
                        0.6666839718818665,
                        0.7848942875862122,
                        -0.9561353921890259
                    ],
                    [
                        0.14026089012622833,
                        0.6256420016288757,
                        0.716469407081604,
                        -0.9120010733604431
                    ],
                    [
                        0.23679354786872864,
                        0.697652280330658,
                        0.5907351970672607,
                        -0.8352828621864319
                    ],
                    [
                        0.2741028964519501,
                        0.7611165642738342,
                        0.5180048942565918,
                        -0.9130763411521912
                    ]
                ]
            ],
            "actions_pred": [
                [
                    [
                        0.4445238709449768,
                        0.3698124885559082,
                        0.2890097498893738,
                        0.1043706163764,
                        0.06708774715662003,
                        0.09893032163381577,
                        0.07097978889942169,
                        0.061411432921886444,
                        0.057604700326919556,
                        0.07969479262828827,
                        0.24530412256717682,
                        0.39074546098709106,
