{
    "steps": [
        {
            "step": 0,
            "train_loss": 0.022571194916963577,
            "actions_pred1": [
                [
                    [
                        0.3724704682826996,
                        1.0368266105651855,
                        1.362149953842163,
                        -1.1462082862854004
                    ],
                    [
                        -0.03667180985212326,
                        1.1667499542236328,
                        1.4528160095214844,
                        -1.4130504131317139
                    ],
                    [
                        -0.05959876626729965,
                        1.0127480030059814,
                        1.2584580183029175,
                        -1.400442361831665
                    ],
                    [
                        -0.06043705344200134,
                        1.0460407733917236,
                        1.2329734563827515,
                        -1.4722154140472412
                    ],
                    [
                        -0.10102181136608124,
                        1.1286040544509888,
                        1.2579445838928223,
                        -1.4709289073944092
                    ],
                    [
                        0.12351171672344208,
                        1.0558629035949707,
                        1.2381501197814941,
                        -1.705885887145996
                    ],
                    [
                        -0.011649653315544128,
                        0.8368431329727173,
                        1.310361623764038,
                        -1.6304361820220947
                    ],
                    [
                        0.024152055382728577,
                        0.9166849851608276,
                        1.369460940361023,
                        -1.6531163454055786
                    ],
                    [
                        -0.07559290528297424,
                        0.9636680483818054,
                        1.3040350675582886,
                        -1.4731776714324951
                    ],
                    [
                        -0.02167358249425888,
                        0.960205614566803,
                        1.2735611200332642,
                        -1.5492072105407715
                    ],
                    [
                        -0.036631084978580475,
                        1.038426160812378,
                        1.373578667640686,
                        -1.5675452947616577
                    ],
                    [
                        0.07166238129138947,
                        0.8752204179763794,
                        1.3158257007598877,
                        -1.4670662879943848
                    ],
                    [
                        -0.020469985902309418,
                        0.8760789036750793,
                        1.3852592706680298,
                        -1.3665568828582764
                    ],
                    [
                        0.007410906255245209,
                        0.972203254699707,
                        1.3088836669921875,
                        -1.4840894937515259
                    ],
                    [
                        0.0963214635848999,
                        0.9961111545562744,
                        1.4049961566925049,
                        -1.551782488822937
                    ],
                    [
                        0.24665452539920807,
                        1.0135475397109985,
                        1.3481619358062744,
                        -1.568274974822998
                    ],
                    [
                        0.20974507927894592,
                        1.049942970275879,
                        1.439131259918213,
                        -1.5080108642578125
                    ],
                    [
                        0.1356300562620163,
                        1.146970272064209,
                        1.4104883670806885,
                        -1.7152440547943115
                    ],
                    [
                        0.15090307593345642,
                        1.0521714687347412,
                        1.3859001398086548,
                        -1.7155473232269287
                    ],
                    [
                        0.20410388708114624,
                        1.0026535987854004,
                        1.3237289190292358,
                        -1.567928671836853
                    ]
                ]
            ],
            "actions_pred": [
                [
                    [
                        0.3724704682826996,
                        -0.03667180985212326,
                        -0.05959876626729965,
                        -0.06043705344200134,
                        -0.10102181136608124,
                        0.12351171672344208,
                        -0.011649653315544128,
                        0.024152055382728577,
                        -0.07559290528297424,
                        -0.02167358249425888,
                        -0.036631084978580475,
                        0.07166238129138947,
                        -0.020469985902309418,
                        0.007410906255245209,
                        0.0963214635848999,
                        0.24665452539920807,
                        0.20974507927894592,
                        0.1356300562620163,
                        0.15090307593345642,
                        0.20410388708114624
                    ],
                    [
                        1.0368266105651855,
                        1.1667499542236328,
                        1.0127480030059814,
                        1.0460407733917236,
                        1.1286040544509888,
                        1.0558629035949707,
                        0.8368431329727173,
                        0.9166849851608276,
                        0.9636680483818054,
                        0.960205614566803,
                        1.038426160812378,
                        0.8752204179763794,
                        0.8760789036750793,
                        0.972203254699707,
                        0.9961111545562744,
                        1.0135475397109985,
                        1.049942970275879,
                        1.146970272064209,
                        1.0521714687347412,
                        1.0026535987854004
                    ],
                    [
                        1.362149953842163,
                        1.4528160095214844,
                        1.2584580183029175,
                        1.2329734563827515,
                        1.2579445838928223,
                        1.2381501197814941,
                        1.310361623764038,
                        1.369460940361023,
                        1.3040350675582886,
                        1.2735611200332642,
                        1.373578667640686,
                        1.3158257007598877,
                        1.3852592706680298,
                        1.3088836669921875,
                        1.4049961566925049,
                        1.3481619358062744,
                        1.439131259918213,
                        1.4104883670806885,
                        1.3859001398086548,
                        1.3237289190292358
                    ],
                    [
                        -1.1462082862854004,
                        -1.4130504131317139,
                        -1.400442361831665,
                        -1.4722154140472412,
                        -1.4709289073944092,
                        -1.705885887145996,
                        -1.6304361820220947,
                        -1.6531163454055786,
                        -1.4731776714324951,
                        -1.5492072105407715,
                        -1.5675452947616577,
                        -1.4670662879943848,
                        -1.3665568828582764,
                        -1.4840894937515259,
                        -1.551782488822937,
                        -1.568274974822998,
                        -1.5080108642578125,
                        -1.7152440547943115,
                        -1.7155473232269287,
                        -1.567928671836853
                    ]
                ]
            ],
            "states": [
                [
                    [
                        5466200.0,
                        1.129001520894235e-05,
                        0.0002789112040773034,
                        818770.4375
                    ],
                    [
                        5612448.0,
                        1.1129687663924415e-05,
                        0.00025781430304050446,
                        898413.75
                    ],
                    [
                        5046280.0,
                        1.0979628314089496e-05,
                        0.0002818313369061798,
                        909004.75
                    ],
                    [
                        5249000.0,
                        1.0838540219992865e-05,
                        0.00027022496215067804,
                        810422.3125
                    ],
                    [
                        5515432.0,
                        1.0694837328628637e-05,
                        0.00027221045456826687,
                        891063.1875
                    ],
                    [
                        5182392.0,
                        1.0555714652582537e-05,
                        0.0002733847650233656,
                        862686.6875
                    ],
                    [
                        5021664.0,
                        1.0426368135085795e-05,
                        0.00026607781182974577,
                        893778.125
                    ],
                    [
                        5292440.0,
                        1.0298814231646247e-05,
                        0.00028466759249567986,
                        852371.5625
                    ],
                    [
                        5366288.0,
                        1.0170228961214889e-05,
                        0.0002693114511203021,
                        775255.625
                    ],
                    [
                        5483576.0,
                        1.0042614121630322e-05,
                        0.0002695369767025113,
                        802315.875
                    ],
                    [
                        5369184.0,
                        9.918102477968205e-06,
                        0.00026757299201563,
                        854250.0
                    ],
                    [
                        5670368.0,
                        9.794596735446248e-06,
                        0.0002770914288703352,
                        851009.75
                    ],
                    [
                        5537152.0,
                        9.67230062087765e-06,
                        0.0002540841815061867,
                        843244.5625
                    ],
                    [
                        5557424.0,
                        9.554213647788856e-06,
                        0.0002650599053595215,
                        914621.5625
                    ],
                    [
                        5403936.0,
                        9.440349458600394e-06,
                        0.00027801760006695986,
                        829670.8125
                    ],
                    [
                        5246104.0,
                        9.332287845609244e-06,
                        0.0002704633225221187,
                        839801.4375
                    ],
                    [
                        5603760.0,
                        9.224719178746454e-06,
                        0.0002756867033895105,
                        804814.3125
                    ],
                    [
                        5383664.0,
                        9.118263733398635e-06,
                        0.00025344316964037716,
                        920753.0625
                    ],
                    [
                        5525568.0,
                        8.914936188375577e-06,
                        0.000413205154472962,
                        941023.9375
                    ],
                    [
                        5521224.0,
                        8.814949069346767e-06,
                        0.00012937834253534675,
                        850908.25
                    ]
                ]
            ],
            "actions": [
                [
                    [
                        0.75
                    ],
                    [
                        0.75
                    ],
                    [
                        0.75
                    ],
                    [
                        0.75
                    ],
                    [
                        0.75
                    ],
                    [
                        0.75
                    ],
                    [
                        0.75
                    ],
                    [
                        0.75
                    ],
                    [
                        0.75
                    ],
                    [
                        0.75
                    ],
                    [
                        0.75
                    ],
                    [
                        0.75
                    ],
                    [
                        0.75
                    ],
                    [
                        0.75
                    ],
                    [
                        0.75
                    ],
                    [
                        0.75
                    ],
                    [
                        0.75
                    ],
                    [
                        0.75
                    ],
                    [
                        0.75
                    ],
                    [
                        0.75
                    ]
                ]
            ],
            "returns": [
                [
                    [
                        0.5242103934288025
                    ],
                    [
                        0.5232749581336975
                    ],
                    [
                        0.5223371386528015
                    ],
                    [
                        0.5214087963104248
                    ],
                    [
                        0.5204769372940063
                    ],
                    [
                        0.5195406675338745
                    ],
                    [
                        0.5186099410057068
                    ],
                    [
                        0.5176820158958435
                    ],
                    [
                        0.5167494416236877
                    ],
                    [
                        0.5158156156539917
                    ],
                    [
                        0.5148798823356628
                    ],
                    [
                        0.513945996761322
                    ],
                    [
                        0.5130072832107544
                    ],
                    [
                        0.5120707154273987
                    ],
                    [
                        0.5111337900161743
                    ],
                    [
                        0.5101993083953857
                    ],
                    [
                        0.5092675089836121
                    ],
                    [
                        0.5083298683166504
                    ],
                    [
                        0.5073957443237305
                    ],
                    [
                        0.5064593553543091
                    ]
                ]
            ],
            "timesteps": [
                [
                    60,
                    61,
                    62,
                    63,
                    64,
                    65,
                    66,
                    67,
                    68,
                    69,
                    70,
                    71,
                    72,
                    73,
                    74,
                    75,
                    76,
                    77,
                    78,
                    79
                ]
            ],
            "labels": [
                [
                    2,
                    2,
                    2,
                    2,
                    2,
                    2,
                    2,
                    2,
                    2,
                    2,
                    2,
                    2,
                    2,
                    2,
                    2,
                    2,
                    2,
                    2,
                    2,
                    2
                ]
            ],
            "CPU Usage": 45.7,
            "RAM Usage": 55.1,
            "GPU Usage": 0.0,
            "VRAM Usage": 355.0,
            "Disk Read Speed (MB/s)": 206398.8095703125,
            "Disk Write Speed (MB/s)": 390578.6884765625
        },
        {
            "step": 1,
            "train_loss": 0.024783674627542496,
            "actions_pred1": [
                [
                    [
                        0.14490759372711182,
                        0.730394721031189,
                        0.8901264667510986,
                        -1.4636731147766113
                    ],
                    [
                        -0.04791000485420227,
                        0.8679322004318237,
                        0.9242884516716003,
                        -1.5183367729187012
                    ],
                    [
                        -0.07364988327026367,
                        0.8569855093955994,
                        1.0108293294906616,
                        -1.549426555633545
                    ],
                    [
                        -0.13372795283794403,
                        0.8840569853782654,
                        1.1404829025268555,
                        -1.5716099739074707
                    ],
                    [
                        -0.04464808106422424,
                        0.921877920627594,
                        1.1541218757629395,
                        -1.6164867877960205
                    ],
                    [
                        -0.18438559770584106,
                        0.9246070981025696,
                        1.1187492609024048,
                        -1.6345789432525635
                    ],
                    [
                        -0.30411750078201294,
                        0.978518545627594,
                        1.243485450744629,
                        -1.836432695388794
                    ],
                    [
                        -0.19020676612854004,
                        0.8825657963752747,
                        1.300100564956665,
                        -1.8670461177825928
                    ],
                    [
                        -0.13981413841247559,
                        0.866112470626831,
                        1.1969094276428223,
                        -1.9653990268707275
                    ],
                    [
                        -0.16341938078403473,
                        0.8765255212783813,
                        1.1877797842025757,
                        -2.005589723587036
                    ],
                    [
                        -0.15686675906181335,
                        0.8451429605484009,
                        1.2622319459915161,
                        -1.9427238702774048
                    ],
                    [
                        -0.10321606695652008,
                        0.8060970902442932,
                        1.2261533737182617,
                        -1.9784659147262573
                    ],
                    [
                        -0.11229563504457474,
                        0.8890235424041748,
                        1.337365746498108,
                        -1.8939635753631592
                    ],
                    [
                        -0.16236107051372528,
                        1.0060027837753296,
                        1.4278044700622559,
                        -1.9369933605194092
                    ],
                    [
                        -0.14062708616256714,
                        1.0109739303588867,
                        1.3825751543045044,
                        -1.9943372011184692
                    ],
                    [
                        -0.12964951992034912,
                        0.9571472406387329,
                        1.4055712223052979,
                        -2.0744853019714355
                    ],
                    [
                        -0.29202550649642944,
                        0.9650339484214783,
                        1.481468677520752,
                        -2.2443437576293945
                    ],
                    [
                        -0.12805812060832977,
                        1.0031142234802246,
                        1.4515933990478516,
                        -2.094207525253296
                    ],
                    [
                        -0.16216808557510376,
                        0.9586101174354553,
                        1.3161745071411133,
                        -2.035534143447876
                    ],
                    [
                        -0.1358882188796997,
                        0.94807368516922,
                        1.3246405124664307,
                        -2.069262742996216
                    ]
                ]
            ],
            "actions_pred": [
                [
                    [
                        0.14490759372711182,
                        -0.04791000485420227,
                        -0.07364988327026367,
                        -0.13372795283794403,
                        -0.04464808106422424,
                        -0.18438559770584106,
                        -0.30411750078201294,
                        -0.19020676612854004,
                        -0.13981413841247559,
                        -0.16341938078403473,
                        -0.15686675906181335,
                        -0.10321606695652008,
                        -0.11229563504457474,
                        -0.16236107051372528,
                        -0.14062708616256714,
                        -0.12964951992034912,
                        -0.29202550649642944,
                        -0.12805812060832977,
                        -0.16216808557510376,
                        -0.1358882188796997
                    ],
                    [
                        0.730394721031189,
                        0.8679322004318237,
                        0.8569855093955994,
                        0.8840569853782654,
                        0.921877920627594,
                        0.9246070981025696,
                        0.978518545627594,
                        0.8825657963752747,
                        0.866112470626831,
                        0.8765255212783813,
                        0.8451429605484009,
                        0.8060970902442932,
                        0.8890235424041748,
                        1.0060027837753296,
                        1.0109739303588867,
                        0.9571472406387329,
                        0.9650339484214783,
                        1.0031142234802246,
                        0.9586101174354553,
                        0.94807368516922
                    ],
                    [
                        0.8901264667510986,
                        0.9242884516716003,
                        1.0108293294906616,
                        1.1404829025268555,
                        1.1541218757629395,
                        1.1187492609024048,
                        1.243485450744629,
                        1.300100564956665,
                        1.1969094276428223,
                        1.1877797842025757,
                        1.2622319459915161,
                        1.2261533737182617,
                        1.337365746498108,
                        1.4278044700622559,
                        1.3825751543045044,
                        1.4055712223052979,
                        1.481468677520752,
                        1.4515933990478516,
                        1.3161745071411133,
                        1.3246405124664307
                    ],
                    [
                        -1.4636731147766113,
                        -1.5183367729187012,
                        -1.549426555633545,
                        -1.5716099739074707,
                        -1.6164867877960205,
                        -1.6345789432525635,
                        -1.836432695388794,
                        -1.8670461177825928,
                        -1.9653990268707275,
                        -2.005589723587036,
                        -1.9427238702774048,
                        -1.9784659147262573,
                        -1.8939635753631592,
                        -1.9369933605194092,
                        -1.9943372011184692,
                        -2.0744853019714355,
                        -2.2443437576293945,
                        -2.094207525253296,
                        -2.035534143447876,
                        -2.069262742996216
                    ]
                ]
            ],
            "states": [
                [
                    [
                        5457512.0,
                        9.714517545944545e-06,
                        0.0004527103737927973,
                        552968.1875
                    ],
                    [
                        4474320.0,
                        9.607780157239176e-06,
                        0.00029970589093863964,
                        640429.75
                    ],
                    [
                        3226144.0,
                        9.52661685005296e-06,
                        0.00026218051789328456,
                        614909.3125
                    ],
                    [
                        4174584.0,
                        9.44995554164052e-06,
                        0.0002925366861745715,
                        607098.5
                    ],
                    [
                        4522104.0,
                        9.361412594444118e-06,
                        0.00028024095809087157,
                        568885.75
                    ],
                    [
                        2825048.0,
                        8.919517313188408e-06,
                        0.0001758198341121897,
                        690901.5625
                    ],
                    [
                        5196872.0,
                        8.846717719279695e-06,
                        0.00013516498438548297,
                        601105.3125
                    ],
                    [
                        7633856.0,
                        8.732715286896564e-06,
                        0.0001646996388444677,
                        547900.5625
                    ],
                    [
                        47963.0,
                        0.2136354148387909,
                        0.00027816780493594706,
                        871190.125
                    ],
                    [
                        608160.0,
                        0.027683094143867493,
                        0.00026209698989987373,
                        1030414.6875
                    ],
                    [
                        537208.0,
                        0.007899114862084389,
                        0.0002851165772881359,
                        949322.9375
                    ],
                    [
                        671872.0,
                        0.004755145870149136,
                        0.000267517170868814,
                        888587.6875
                    ],
                    [
                        858664.0,
                        0.003167606657370925,
                        0.00027258697082288563,
                        909664.5625
                    ],
                    [
                        877488.0,
                        0.0022909550461918116,
                        0.00027191461413167417,
                        989545.25
                    ],
                    [
                        1255416.0,
                        0.0017173178493976593,
                        0.00027577357832342386,
                        1043241.4375
                    ],
                    [
                        1436416.0,
                        0.0013016851153224707,
                        0.00027702987426891923,
                        939221.25
                    ],
                    [
                        1715880.0,
                        0.0010147599969059229,
                        0.0002779100905172527,
                        989890.625
                    ],
                    [
                        1867920.0,
                        0.0008108949987217784,
                        0.00026160795823670924,
                        1001348.25
                    ],
                    [
                        2189376.0,
                        0.0006609969423152506,
                        0.0002753763983491808,
                        969961.0625
                    ],
                    [
                        2552824.0,
                        0.000543545582331717,
                        0.0002731475979089737,
                        970656.1875
                    ]
                ]
            ],
            "actions": [
                [
                    [
                        0.5
                    ],
                    [
                        0.5
                    ],
                    [
                        0.5
                    ],
                    [
                        0.5
                    ],
                    [
                        0.5
                    ],
                    [
                        0.5
                    ],
                    [
                        0.5
                    ],
                    [
                        0.5
                    ],
                    [
                        0.75
                    ],
                    [
                        0.75
                    ],
                    [
                        0.75
                    ],
                    [
                        0.75
                    ],
                    [
                        0.75
                    ],
                    [
                        0.75
                    ],
                    [
                        0.75
                    ],
                    [
                        0.75
                    ],
                    [
                        0.75
                    ],
                    [
                        0.75
                    ],
                    [
                        0.75
                    ],
                    [
                        0.75
                    ]
                ]
            ],
            "returns": [
                [
                    [
                        0.39574772119522095
                    ],
                    [
                        0.3948124051094055
                    ],
                    [
                        0.3938947021961212
                    ],
                    [
                        0.39300599694252014
                    ],
                    [
                        0.3920944333076477
                    ],
                    [
                        0.3911758065223694
                    ],
                    [
                        0.39029887318611145
                    ],
                    [
                        0.38936787843704224
                    ],
                    [
                        0.3884028196334839
                    ],
                    [
                        0.38788723945617676
                    ],
                    [
                        0.3871464729309082
                    ],
                    [
                        0.3864167034626007
                    ],
                    [
                        0.385667085647583
                    ],
                    [
                        0.3848957419395447
                    ],
                    [
                        0.38412246108055115
                    ],
                    [
                        0.3833174407482147
                    ],
                    [
                        0.38250046968460083
                    ],
                    [
                        0.38166773319244385
                    ],
                    [
                        0.38082748651504517
                    ],
                    [
                        0.3799731433391571
                    ]
                ]
            ],
            "timesteps": [
                [
                    200,
                    201,
                    202,
                    203,
                    204,
                    205,
                    206,
                    207,
                    208,
                    209,
                    210,
                    211,
                    212,
                    213,
                    214,
                    215,
                    216,
                    217,
                    218,
                    219
                ]
            ],
            "labels": [
                [
                    1,
                    1,
                    1,
                    1,
                    1,
                    1,
                    1,
                    1,
                    2,
                    2,
                    2,
                    2,
                    2,
                    2,
                    2,
                    2,
                    2,
                    2,
                    2,
                    2
                ]
            ],
            "CPU Usage": 46.7,
            "RAM Usage": 55.2,
            "GPU Usage": 0.0,
            "VRAM Usage": 356.0,
            "Disk Read Speed (MB/s)": 206398.8095703125,
            "Disk Write Speed (MB/s)": 390578.7353515625
        },
        {
            "step": 2,
            "train_loss": 0.017038406804203987,
            "actions_pred1": [
                [
                    [
                        0.05485345423221588,
                        0.5631146430969238,
                        1.280471920967102,
                        -1.3552494049072266
                    ],
                    [
                        -0.04956243187189102,
                        0.5202696919441223,
                        1.3941024541854858,
                        -1.3612500429153442
                    ],
                    [
                        0.06893196702003479,
                        0.6098383665084839,
                        1.365523099899292,
                        -1.2731621265411377
                    ],
                    [
                        0.17397812008857727,
                        0.6189292669296265,
                        1.382995843887329,
                        -1.3640403747558594
                    ],
                    [
                        0.2281985580921173,
                        0.672627329826355,
                        1.328763484954834,
                        -1.534764289855957
                    ],
                    [
                        0.05001147836446762,
                        0.5887778997421265,
                        1.2930437326431274,
                        -1.490748643875122
                    ],
                    [
                        0.053535811603069305,
                        0.5233008861541748,
                        1.4004316329956055,
                        -1.4800665378570557
                    ],
                    [
                        0.05540827661752701,
                        0.5929716229438782,
                        1.4418697357177734,
                        -1.5564706325531006
                    ],
                    [
                        0.2109653353691101,
                        0.6480613946914673,
                        1.5243552923202515,
                        -1.4771599769592285
                    ],
                    [
                        0.1770329624414444,
                        0.5872839689254761,
                        1.4953008890151978,
                        -1.5144085884094238
                    ],
                    [
                        0.19303227961063385,
                        0.7003316879272461,
                        1.5248427391052246,
                        -1.5069844722747803
                    ],
                    [
                        0.23641352355480194,
                        0.6368036270141602,
                        1.4669148921966553,
                        -1.5268864631652832
                    ],
                    [
                        0.23423227667808533,
                        0.6340979337692261,
                        1.4829578399658203,
                        -1.495746374130249
                    ],
                    [
                        0.2555494010448456,
                        0.7459210157394409,
                        1.6829172372817993,
                        -1.4539483785629272
                    ],
                    [
                        0.24925199151039124,
                        0.7879536151885986,
                        1.6985937356948853,
                        -1.3786747455596924
                    ],
                    [
                        0.2563120126724243,
                        0.7941039800643921,
                        1.7927969694137573,
                        -1.3796411752700806
                    ],
                    [
                        0.052961356937885284,
                        0.7522379159927368,
                        1.7254058122634888,
                        -1.5429718494415283
                    ],
                    [
                        -0.07002907991409302,
                        0.7704123258590698,
                        1.7613576650619507,
                        -1.5053510665893555
                    ],
                    [
                        -0.05353411287069321,
                        0.7762963771820068,
                        1.6693660020828247,
                        -1.517030954360962
                    ],
                    [
                        -0.09006592631340027,
                        0.8822271823883057,
                        1.8012027740478516,
                        -1.4941729307174683
                    ]
                ]
            ],
            "actions_pred": [
                [
                    [
                        0.05485345423221588,
                        -0.04956243187189102,
                        0.06893196702003479,
                        0.17397812008857727,
                        0.2281985580921173,
                        0.05001147836446762,
                        0.053535811603069305,
                        0.05540827661752701,
                        0.2109653353691101,
                        0.1770329624414444,
