{
    "steps": [
        {
            "step": 0,
            "train_loss": 0.04168127849698067,
            "actions_pred1": [
                [
                    [
                        0.013220153748989105,
                        0.2917748689651489,
                        0.8708091378211975,
                        -0.2714564800262451
                    ],
                    [
                        0.040659308433532715,
                        0.15058743953704834,
                        0.8544741272926331,
                        -0.28138768672943115
                    ],
                    [
                        0.14674723148345947,
                        0.10489336401224136,
                        0.8815648555755615,
                        -0.38712987303733826
                    ],
                    [
                        0.24771247804164886,
                        0.1366405189037323,
                        0.9277223944664001,
                        -0.16564297676086426
                    ],
                    [
                        0.42445898056030273,
                        0.11848941445350647,
                        0.9810105562210083,
                        -0.1913948655128479
                    ],
                    [
                        0.44001948833465576,
                        0.18775677680969238,
                        0.9135370254516602,
                        -0.18578729033470154
                    ],
                    [
                        0.23782691359519958,
                        0.2520507574081421,
                        0.8829976916313171,
                        -0.25024136900901794
                    ],
                    [
                        0.2891242504119873,
                        0.15000464022159576,
                        0.7062473297119141,
                        -0.39769747853279114
                    ],
                    [
                        0.35953712463378906,
                        0.020046480000019073,
                        0.7594244480133057,
                        -0.2841436266899109
                    ],
                    [
                        0.47611239552497864,
                        0.22347453236579895,
                        0.794166624546051,
                        -0.3843907415866852
                    ],
                    [
                        0.6448560357093811,
                        0.34923893213272095,
                        0.9103787541389465,
                        -0.2560686469078064
                    ],
                    [
                        0.6329941749572754,
                        0.300292044878006,
                        0.774938702583313,
                        -0.26176774501800537
                    ],
                    [
                        0.566291093826294,
                        0.3641076982021332,
                        0.7893517017364502,
                        -0.2845134139060974
                    ],
                    [
                        0.4734119176864624,
                        0.2889750599861145,
                        0.8616824150085449,
                        -0.300518661737442
                    ],
                    [
                        0.4627614915370941,
                        0.1890147179365158,
                        0.7282960414886475,
                        -0.3694602847099304
                    ],
                    [
                        0.5404607653617859,
                        0.17077866196632385,
                        0.6770429015159607,
                        -0.36400461196899414
                    ],
                    [
                        0.4372032880783081,
                        0.24711279571056366,
                        0.7894488573074341,
                        -0.32649296522140503
                    ],
                    [
                        0.6291699409484863,
                        0.1643407940864563,
                        0.6442239284515381,
                        -0.2331637442111969
                    ],
                    [
                        0.6457992792129517,
                        0.08082818239927292,
                        0.46599578857421875,
                        -0.08460655808448792
                    ],
                    [
                        0.6000860929489136,
                        0.10798504203557968,
                        0.7005497813224792,
                        -0.08995798230171204
                    ]
                ]
            ],
            "actions_pred": [
                [
                    [
                        0.013220153748989105,
                        0.040659308433532715,
                        0.14674723148345947,
                        0.24771247804164886,
                        0.42445898056030273,
                        0.44001948833465576,
                        0.23782691359519958,
                        0.2891242504119873,
                        0.35953712463378906,
                        0.47611239552497864,
                        0.6448560357093811,
                        0.6329941749572754,
                        0.566291093826294,
                        0.4734119176864624,
                        0.4627614915370941,
                        0.5404607653617859,
                        0.4372032880783081,
                        0.6291699409484863,
                        0.6457992792129517,
                        0.6000860929489136
                    ],
                    [
                        0.2917748689651489,
                        0.15058743953704834,
                        0.10489336401224136,
                        0.1366405189037323,
                        0.11848941445350647,
                        0.18775677680969238,
                        0.2520507574081421,
                        0.15000464022159576,
                        0.020046480000019073,
                        0.22347453236579895,
                        0.34923893213272095,
                        0.300292044878006,
                        0.3641076982021332,
                        0.2889750599861145,
                        0.1890147179365158,
                        0.17077866196632385,
                        0.24711279571056366,
                        0.1643407940864563,
                        0.08082818239927292,
                        0.10798504203557968
                    ],
                    [
                        0.8708091378211975,
                        0.8544741272926331,
                        0.8815648555755615,
                        0.9277223944664001,
                        0.9810105562210083,
                        0.9135370254516602,
                        0.8829976916313171,
                        0.7062473297119141,
                        0.7594244480133057,
                        0.794166624546051,
                        0.9103787541389465,
                        0.774938702583313,
                        0.7893517017364502,
                        0.8616824150085449,
                        0.7282960414886475,
                        0.6770429015159607,
                        0.7894488573074341,
                        0.6442239284515381,
                        0.46599578857421875,
                        0.7005497813224792
                    ],
                    [
                        -0.2714564800262451,
                        -0.28138768672943115,
                        -0.38712987303733826,
                        -0.16564297676086426,
                        -0.1913948655128479,
                        -0.18578729033470154,
                        -0.25024136900901794,
                        -0.39769747853279114,
                        -0.2841436266899109,
                        -0.3843907415866852,
                        -0.2560686469078064,
                        -0.26176774501800537,
                        -0.2845134139060974,
                        -0.300518661737442,
                        -0.3694602847099304,
                        -0.36400461196899414,
                        -0.32649296522140503,
                        -0.2331637442111969,
                        -0.08460655808448792,
                        -0.08995798230171204
                    ]
                ]
            ],
            "states": [
                [
                    [
                        1715880.0,
                        9.430604404769838e-05,
                        0.0053657107055187225,
                        470709.75
                    ],
                    [
                        1967832.0,
                        9.068279905477539e-05,
                        0.004402399994432926,
                        434480.75
                    ],
                    [
                        2130008.0,
                        8.69646537466906e-05,
                        0.004303366411477327,
                        508551.15625
                    ],
                    [
                        2267568.0,
                        8.329902630066499e-05,
                        0.003460775362327695,
                        467240.71875
                    ],
                    [
                        2448568.0,
                        7.969679427333176e-05,
                        0.003044134471565485,
                        537034.5
                    ],
                    [
                        2646944.0,
                        7.613936031702906e-05,
                        0.00288664479739964,
                        500456.03125
                    ],
                    [
                        1710088.0,
                        7.333141547860578e-05,
                        0.0027106136549264193,
                        490357.90625
                    ],
                    [
                        2580336.0,
                        7.077431655488908e-05,
                        0.0027518118731677532,
                        546850.6875
                    ],
                    [
                        2927856.0,
                        6.773720087949187e-05,
                        0.0026009255088865757,
                        496203.71875
                    ],
                    [
                        3168224.0,
                        6.466506602009758e-05,
                        0.002423960482701659,
                        507070.15625
                    ],
                    [
                        3505608.0,
                        6.160674092825502e-05,
                        0.002274049213156104,
                        516057.96875
                    ],
                    [
                        3553392.0,
                        5.866973879165016e-05,
                        0.0023237415589392185,
                        471484.09375
                    ],
                    [
                        4039920.0,
                        5.581038931268267e-05,
                        0.0021793735213577747,
                        501229.875
                    ],
                    [
                        4028336.0,
                        5.305969170876779e-05,
                        0.002523052040487528,
                        561908.75
                    ],
                    [
                        4312144.0,
                        5.04888485011179e-05,
                        0.002231767401099205,
                        502897.96875
                    ],
                    [
                        4776952.0,
                        4.795741187990643e-05,
                        0.0032643231097608805,
                        459673.25
                    ],
                    [
                        4743648.0,
                        4.5562293962575495e-05,
                        0.0020812072325497866,
                        515212.4375
                    ],
                    [
                        2971296.0,
                        4.3785152229247615e-05,
                        0.0015903349267318845,
                        502955.46875
                    ],
                    [
                        4981120.0,
                        4.21030999859795e-05,
                        0.0016534600872546434,
                        511202.4375
                    ],
                    [
                        4962296.0,
                        4.016688762931153e-05,
                        0.0014106292510405183,
                        493895.1875
                    ]
                ]
            ],
            "actions": [
                [
                    [
                        0.25
                    ],
                    [
                        0.25
                    ],
                    [
                        0.25
                    ],
                    [
                        0.25
                    ],
                    [
                        0.25
                    ],
                    [
                        0.25
                    ],
                    [
                        0.25
                    ],
                    [
                        0.25
                    ],
                    [
                        0.25
                    ],
                    [
                        0.25
                    ],
                    [
                        0.25
                    ],
                    [
                        0.25
                    ],
                    [
                        0.25
                    ],
                    [
                        0.25
                    ],
                    [
                        0.25
                    ],
                    [
                        0.25
                    ],
                    [
                        0.25
                    ],
                    [
                        0.25
                    ],
                    [
                        0.25
                    ],
                    [
                        0.25
                    ]
                ]
            ],
            "returns": [
                [
                    [
                        0.053779877722263336
                    ],
                    [
                        0.05294714868068695
                    ],
                    [
                        0.05210227146744728
                    ],
                    [
                        0.05125037208199501
                    ],
                    [
                        0.05039292573928833
                    ],
                    [
                        0.04952867329120636
                    ],
                    [
                        0.04865751042962074
                    ],
                    [
                        0.047825079411268234
                    ],
                    [
                        0.046956177800893784
                    ],
                    [
                        0.04607607424259186
                    ],
                    [
                        0.04518897458910942
                    ],
                    [
                        0.04429290443658829
                    ],
                    [
                        0.04339563474059105
                    ],
                    [
                        0.04248698428273201
                    ],
                    [
                        0.04157859459519386
                    ],
                    [
                        0.04066416248679161
                    ],
                    [
                        0.039740659296512604
                    ],
                    [
                        0.03881777450442314
                    ],
                    [
                        0.037936363369226456
                    ],
                    [
                        0.03700914978981018
                    ]
                ]
            ],
            "timesteps": [
                [
                    580,
                    581,
                    582,
                    583,
                    584,
                    585,
                    586,
                    587,
                    588,
                    589,
                    590,
                    591,
                    592,
                    593,
                    594,
                    595,
                    596,
                    597,
                    598,
                    599
                ]
            ],
            "labels": [
                [
                    0,
                    0,
                    0,
                    0,
                    0,
                    0,
                    0,
                    0,
                    0,
                    0,
                    0,
                    0,
                    0,
                    0,
                    0,
                    0,
                    0,
                    0,
                    0,
                    0
                ]
            ],
            "CPU Usage": 46.4,
            "RAM Usage": 55.2,
            "GPU Usage": 0.0,
            "VRAM Usage": 355.0,
            "Disk Read Speed (MB/s)": 206060.4697265625,
            "Disk Write Speed (MB/s)": 360972.9423828125
        },
        {
            "step": 1,
            "train_loss": 0.03262597322463989,
            "actions_pred1": [
                [
                    [
                        0.6035297513008118,
                        0.18028764426708221,
                        0.5900876522064209,
                        0.2961268424987793
                    ],
                    [
                        0.2738693058490753,
                        0.2933323383331299,
                        0.6432095766067505,
                        0.08089655637741089
                    ],
                    [
                        0.2406177520751953,
                        0.16282591223716736,
                        0.4738137423992157,
                        0.04631108045578003
                    ],
                    [
                        0.18803808093070984,
                        0.20373564958572388,
                        0.5046581625938416,
                        -0.038552939891815186
                    ],
                    [
                        0.13708466291427612,
                        0.2643747627735138,
                        0.49799808859825134,
                        -0.04018312692642212
                    ],
                    [
                        0.33041858673095703,
                        0.22310692071914673,
                        0.48005223274230957,
                        -0.20381289720535278
                    ],
                    [
                        0.20446865260601044,
                        0.05435207486152649,
                        0.646157443523407,
                        -0.24070879817008972
                    ],
                    [
                        0.22653068602085114,
                        0.136904776096344,
                        0.7064917087554932,
                        -0.2507863938808441
                    ],
                    [
                        0.11796069145202637,
                        0.2010265588760376,
                        0.5980851650238037,
                        -0.097086101770401
                    ],
                    [
                        0.17310577630996704,
                        0.1971065253019333,
                        0.5809659957885742,
                        -0.16642305254936218
                    ],
                    [
                        0.1386902779340744,
                        0.24633902311325073,
                        0.7057472467422485,
                        -0.11811268329620361
                    ],
                    [
                        0.2917761206626892,
                        0.08566132932901382,
                        0.5989171266555786,
                        0.004417866468429565
                    ],
                    [
                        0.1960669755935669,
                        0.1253628432750702,
                        0.6856650114059448,
                        -0.022686779499053955
                    ],
                    [
                        0.20676466822624207,
                        0.23270632326602936,
                        0.6083611249923706,
                        -0.1316821575164795
                    ],
                    [
                        0.23284241557121277,
                        0.27750465273857117,
                        0.7396066188812256,
                        -0.15997686982154846
                    ],
                    [
                        0.3897620141506195,
                        0.26810336112976074,
                        0.6643224954605103,
                        -0.18021155893802643
                    ],
                    [
                        0.3455588221549988,
                        0.2973218262195587,
                        0.7569291591644287,
                        -0.103658527135849
                    ],
                    [
                        0.2125302255153656,
                        0.3541465401649475,
                        0.7502942681312561,
                        -0.2829087972640991
                    ],
                    [
                        0.270793080329895,
                        0.31052255630493164,
                        0.7217181921005249,
                        -0.30170273780822754
                    ],
                    [
                        0.33030349016189575,
                        0.2712436020374298,
                        0.6587712168693542,
                        -0.15059351921081543
                    ]
                ]
            ],
            "actions_pred": [
                [
                    [
                        0.6035297513008118,
                        0.2738693058490753,
                        0.2406177520751953,
                        0.18803808093070984,
                        0.13708466291427612,
                        0.33041858673095703,
                        0.20446865260601044,
                        0.22653068602085114,
                        0.11796069145202637,
                        0.17310577630996704,
                        0.1386902779340744,
                        0.2917761206626892,
                        0.1960669755935669,
                        0.20676466822624207,
                        0.23284241557121277,
                        0.3897620141506195,
                        0.3455588221549988,
                        0.2125302255153656,
                        0.270793080329895,
                        0.33030349016189575
                    ],
                    [
                        0.18028764426708221,
                        0.2933323383331299,
                        0.16282591223716736,
                        0.20373564958572388,
                        0.2643747627735138,
                        0.22310692071914673,
                        0.05435207486152649,
                        0.136904776096344,
                        0.2010265588760376,
                        0.1971065253019333,
                        0.24633902311325073,
                        0.08566132932901382,
                        0.1253628432750702,
                        0.23270632326602936,
                        0.27750465273857117,
                        0.26810336112976074,
                        0.2973218262195587,
                        0.3541465401649475,
                        0.31052255630493164,
                        0.2712436020374298
                    ],
                    [
                        0.5900876522064209,
                        0.6432095766067505,
                        0.4738137423992157,
                        0.5046581625938416,
                        0.49799808859825134,
                        0.48005223274230957,
                        0.646157443523407,
                        0.7064917087554932,
                        0.5980851650238037,
                        0.5809659957885742,
                        0.7057472467422485,
                        0.5989171266555786,
                        0.6856650114059448,
                        0.6083611249923706,
                        0.7396066188812256,
                        0.6643224954605103,
                        0.7569291591644287,
                        0.7502942681312561,
                        0.7217181921005249,
                        0.6587712168693542
                    ],
                    [
                        0.2961268424987793,
                        0.08089655637741089,
                        0.04631108045578003,
                        -0.038552939891815186,
                        -0.04018312692642212,
                        -0.20381289720535278,
                        -0.24070879817008972,
                        -0.2507863938808441,
                        -0.097086101770401,
                        -0.16642305254936218,
                        -0.11811268329620361,
                        0.004417866468429565,
                        -0.022686779499053955,
                        -0.1316821575164795,
                        -0.15997686982154846,
                        -0.18021155893802643,
                        -0.103658527135849,
                        -0.2829087972640991,
                        -0.30170273780822754,
                        -0.15059351921081543
                    ]
                ]
            ],
            "states": [
                [
                    [
                        5466200.0,
                        1.129001520894235e-05,
                        0.0002789112040773034,
                        818770.4375
                    ],
                    [
                        5612448.0,
                        1.1129687663924415e-05,
                        0.00025781430304050446,
                        898413.75
                    ],
                    [
                        5046280.0,
                        1.0979628314089496e-05,
                        0.0002818313369061798,
                        909004.75
                    ],
                    [
                        5249000.0,
                        1.0838540219992865e-05,
                        0.00027022496215067804,
                        810422.3125
                    ],
                    [
                        5515432.0,
                        1.0694837328628637e-05,
                        0.00027221045456826687,
                        891063.1875
                    ],
                    [
                        5182392.0,
                        1.0555714652582537e-05,
                        0.0002733847650233656,
                        862686.6875
                    ],
                    [
                        5021664.0,
                        1.0426368135085795e-05,
                        0.00026607781182974577,
                        893778.125
                    ],
                    [
                        5292440.0,
                        1.0298814231646247e-05,
                        0.00028466759249567986,
                        852371.5625
                    ],
                    [
                        5366288.0,
                        1.0170228961214889e-05,
                        0.0002693114511203021,
                        775255.625
                    ],
                    [
                        5483576.0,
                        1.0042614121630322e-05,
                        0.0002695369767025113,
                        802315.875
                    ],
                    [
                        5369184.0,
                        9.918102477968205e-06,
                        0.00026757299201563,
                        854250.0
                    ],
                    [
                        5670368.0,
                        9.794596735446248e-06,
                        0.0002770914288703352,
                        851009.75
                    ],
                    [
                        5537152.0,
                        9.67230062087765e-06,
                        0.0002540841815061867,
                        843244.5625
                    ],
                    [
                        5557424.0,
                        9.554213647788856e-06,
                        0.0002650599053595215,
                        914621.5625
                    ],
                    [
                        5403936.0,
                        9.440349458600394e-06,
                        0.00027801760006695986,
                        829670.8125
                    ],
                    [
                        5246104.0,
                        9.332287845609244e-06,
                        0.0002704633225221187,
                        839801.4375
                    ],
                    [
                        5603760.0,
                        9.224719178746454e-06,
                        0.0002756867033895105,
                        804814.3125
                    ],
                    [
                        5383664.0,
                        9.118263733398635e-06,
                        0.00025344316964037716,
                        920753.0625
                    ],
                    [
                        5525568.0,
                        8.914936188375577e-06,
                        0.000413205154472962,
                        941023.9375
                    ],
                    [
                        5521224.0,
                        8.814949069346767e-06,
                        0.00012937834253534675,
                        850908.25
                    ]
                ]
            ],
            "actions": [
                [
                    [
                        0.75
                    ],
                    [
                        0.75
                    ],
                    [
                        0.75
                    ],
                    [
                        0.75
                    ],
                    [
                        0.75
                    ],
                    [
                        0.75
                    ],
                    [
                        0.75
                    ],
                    [
                        0.75
                    ],
                    [
                        0.75
                    ],
                    [
                        0.75
                    ],
                    [
                        0.75
                    ],
                    [
                        0.75
                    ],
                    [
                        0.75
                    ],
                    [
                        0.75
                    ],
                    [
                        0.75
                    ],
                    [
                        0.75
                    ],
                    [
                        0.75
                    ],
                    [
                        0.75
                    ],
                    [
                        0.75
                    ],
                    [
                        0.75
                    ]
                ]
            ],
            "returns": [
                [
                    [
                        0.5242103934288025
                    ],
                    [
                        0.5232749581336975
                    ],
                    [
                        0.5223371386528015
                    ],
                    [
                        0.5214087963104248
                    ],
                    [
                        0.5204769372940063
                    ],
                    [
                        0.5195406675338745
                    ],
                    [
                        0.5186099410057068
                    ],
                    [
                        0.5176820158958435
                    ],
                    [
                        0.5167494416236877
                    ],
                    [
                        0.5158156156539917
                    ],
                    [
                        0.5148798823356628
                    ],
                    [
                        0.513945996761322
                    ],
                    [
                        0.5130072832107544
                    ],
                    [
                        0.5120707154273987
                    ],
                    [
                        0.5111337900161743
                    ],
                    [
                        0.5101993083953857
                    ],
                    [
                        0.5092675089836121
                    ],
                    [
                        0.5083298683166504
                    ],
                    [
                        0.5073957443237305
                    ],
                    [
                        0.5064593553543091
                    ]
                ]
            ],
            "timesteps": [
                [
                    60,
                    61,
                    62,
                    63,
                    64,
                    65,
                    66,
                    67,
                    68,
                    69,
                    70,
                    71,
                    72,
                    73,
                    74,
                    75,
                    76,
                    77,
                    78,
                    79
                ]
            ],
            "labels": [
                [
                    2,
                    2,
                    2,
                    2,
                    2,
                    2,
                    2,
                    2,
                    2,
                    2,
                    2,
                    2,
                    2,
                    2,
                    2,
                    2,
                    2,
                    2,
                    2,
                    2
                ]
            ],
            "CPU Usage": 46.8,
            "RAM Usage": 55.4,
            "GPU Usage": 0.0,
            "VRAM Usage": 355.0,
            "Disk Read Speed (MB/s)": 206060.4697265625,
            "Disk Write Speed (MB/s)": 360972.9970703125
        },
        {
            "step": 2,
            "train_loss": 0.046699605882167816,
            "actions_pred1": [
                [
                    [
                        0.3214529752731323,
                        0.119627445936203,
                        0.6992828845977783,
                        -0.32684531807899475
                    ],
                    [
                        0.2818971872329712,
                        0.2697429060935974,
                        0.6438588500022888,
                        -0.0875183492898941
                    ],
                    [
                        0.1746087521314621,
                        0.18998587131500244,
                        0.3692934811115265,
                        0.039481982588768005
                    ],
                    [
                        0.14370635151863098,
                        0.1775846779346466,
                        0.3598630726337433,
                        -0.044539690017700195
                    ],
                    [
                        0.25565946102142334,
                        0.12863123416900635,
                        0.5396834015846252,
                        -0.19854256510734558
                    ],
                    [
                        0.18503792583942413,
                        0.18667060136795044,
                        0.7075085639953613,
                        -0.18177849054336548
                    ],
                    [
                        0.11822304129600525,
                        0.1425427794456482,
                        0.8097360134124756,
                        -0.2762804329395294
                    ],
                    [
                        -0.0761011615395546,
                        0.1676521599292755,
                        0.7974655628204346,
                        -0.3072585165500641
                    ],
                    [
                        0.08117976784706116,
                        0.1973426640033722,
                        0.85832279920578,
                        -0.2803099751472473
                    ],
                    [
                        0.0249522402882576,
                        0.18419022858142853,
                        0.967483639717102,
                        -0.2771395444869995
                    ],
                    [
                        -0.009820669889450073,
                        0.16355372965335846,
                        0.8883430361747742,
                        -0.29560816287994385
                    ],
                    [
                        0.28300464153289795,
                        -0.02550661563873291,
                        0.8808909058570862,
                        -0.30392971634864807
                    ],
                    [
                        0.14257821440696716,
                        -0.0039406418800354,
                        0.8734068274497986,
                        -0.22822311520576477
                    ],
                    [
                        0.15189994871616364,
                        -0.02456355094909668,
                        0.7980880737304688,
                        -0.35520443320274353
                    ],
                    [
                        0.24412384629249573,
                        0.09355226159095764,
                        0.7815859913825989,
                        -0.279966801404953
                    ],
                    [
                        0.21302953362464905,
                        0.1129327341914177,
                        0.8341354727745056,
                        -0.379003643989563
                    ],
                    [
                        0.17689248919487,
                        0.20324687659740448,
                        0.8549370169639587,
                        -0.35693493485450745
                    ],
                    [
                        0.2025529146194458,
                        0.17967572808265686,
                        0.7784576416015625,
                        -0.24294345080852509
                    ],
                    [
                        0.20052370429039001,
                        0.127731591463089,
                        0.8462433218955994,
                        -0.3229076564311981
                    ],
                    [
                        0.1990673542022705,
                        -0.014485858380794525,
                        0.8101467490196228,
                        -0.2632828950881958
                    ]
                ]
            ],
            "actions_pred": [
                [
                    [
                        0.3214529752731323,
                        0.2818971872329712,
                        0.1746087521314621,
                        0.14370635151863098,
                        0.25565946102142334,
                        0.18503792583942413,
                        0.11822304129600525,
                        -0.0761011615395546,
