{
    "steps": [
        {
            "step": 0,
            "train_loss": 0.042866554111242294,
            "actions_pred1": [
                [
                    [
                        -0.08702759444713593,
                        -0.4459015429019928,
                        0.1928480565547943,
                        0.7844722270965576
                    ],
                    [
                        -0.3151749074459076,
                        -0.30441102385520935,
                        0.2436496466398239,
                        0.6915972232818604
                    ],
                    [
                        -0.36614739894866943,
                        -0.324465811252594,
                        0.34774813055992126,
                        0.6940408945083618
                    ],
                    [
                        -0.39579761028289795,
                        -0.2993823289871216,
                        0.4583193361759186,
                        0.6984866261482239
                    ],
                    [
                        -0.2754465937614441,
                        -0.2073872834444046,
                        0.4766250252723694,
                        0.6715518236160278
                    ],
                    [
                        -0.4556127190589905,
                        -0.2056005597114563,
                        0.4157089591026306,
                        0.5931695699691772
                    ],
                    [
                        -0.6640676259994507,
                        -0.20762817561626434,
                        0.4459610879421234,
                        0.5382670164108276
                    ],
                    [
                        -0.6341853141784668,
                        -0.22778822481632233,
                        0.4574093222618103,
                        0.4575570225715637
                    ],
                    [
                        -0.5758326053619385,
                        -0.26391738653182983,
                        0.2691666781902313,
                        0.39797258377075195
                    ],
                    [
                        -0.5106999278068542,
                        -0.25940778851509094,
                        0.27268481254577637,
                        0.3639661371707916
                    ],
                    [
                        -0.5058908462524414,
                        -0.24719536304473877,
                        0.42361530661582947,
                        0.44552117586135864
                    ],
                    [
                        -0.46677136421203613,
                        -0.2539967894554138,
                        0.3594282269477844,
                        0.43691831827163696
                    ],
                    [
                        -0.5118498802185059,
                        -0.2083023190498352,
                        0.46429550647735596,
                        0.5069339275360107
                    ],
                    [
                        -0.5172028541564941,
                        -0.10513937473297119,
                        0.562343418598175,
                        0.41016554832458496
                    ],
                    [
                        -0.47813504934310913,
                        -0.09268928319215775,
                        0.5250372886657715,
                        0.43919190764427185
                    ],
                    [
                        -0.54020756483078,
                        -0.15636099874973297,
                        0.5260359644889832,
                        0.35577499866485596
                    ],
                    [
                        -0.7613793611526489,
                        -0.17862649261951447,
                        0.5899883508682251,
                        0.1805734932422638
                    ],
                    [
                        -0.5945786237716675,
                        -0.08482234179973602,
                        0.5401890873908997,
                        0.31417420506477356
                    ],
                    [
                        -0.5989118218421936,
                        -0.16602745652198792,
                        0.34905141592025757,
                        0.4032805562019348
                    ],
                    [
                        -0.6409151554107666,
                        -0.17024746537208557,
                        0.3612010180950165,
                        0.3950044810771942
                    ]
                ]
            ],
            "actions_pred": [
                [
                    [
                        -0.08702759444713593,
                        -0.3151749074459076,
                        -0.36614739894866943,
                        -0.39579761028289795,
                        -0.2754465937614441,
                        -0.4556127190589905,
                        -0.6640676259994507,
                        -0.6341853141784668,
                        -0.5758326053619385,
                        -0.5106999278068542,
                        -0.5058908462524414,
                        -0.46677136421203613,
                        -0.5118498802185059,
                        -0.5172028541564941,
                        -0.47813504934310913,
                        -0.54020756483078,
                        -0.7613793611526489,
                        -0.5945786237716675,
                        -0.5989118218421936,
                        -0.6409151554107666
                    ],
                    [
                        -0.4459015429019928,
                        -0.30441102385520935,
                        -0.324465811252594,
                        -0.2993823289871216,
                        -0.2073872834444046,
                        -0.2056005597114563,
                        -0.20762817561626434,
                        -0.22778822481632233,
                        -0.26391738653182983,
                        -0.25940778851509094,
                        -0.24719536304473877,
                        -0.2539967894554138,
                        -0.2083023190498352,
                        -0.10513937473297119,
                        -0.09268928319215775,
                        -0.15636099874973297,
                        -0.17862649261951447,
                        -0.08482234179973602,
                        -0.16602745652198792,
                        -0.17024746537208557
                    ],
                    [
                        0.1928480565547943,
                        0.2436496466398239,
                        0.34774813055992126,
                        0.4583193361759186,
                        0.4766250252723694,
                        0.4157089591026306,
                        0.4459610879421234,
                        0.4574093222618103,
                        0.2691666781902313,
                        0.27268481254577637,
                        0.42361530661582947,
                        0.3594282269477844,
                        0.46429550647735596,
                        0.562343418598175,
                        0.5250372886657715,
                        0.5260359644889832,
                        0.5899883508682251,
                        0.5401890873908997,
                        0.34905141592025757,
                        0.3612010180950165
                    ],
                    [
                        0.7844722270965576,
                        0.6915972232818604,
                        0.6940408945083618,
                        0.6984866261482239,
                        0.6715518236160278,
                        0.5931695699691772,
                        0.5382670164108276,
                        0.4575570225715637,
                        0.39797258377075195,
                        0.3639661371707916,
                        0.44552117586135864,
                        0.43691831827163696,
                        0.5069339275360107,
                        0.41016554832458496,
                        0.43919190764427185,
                        0.35577499866485596,
                        0.1805734932422638,
                        0.31417420506477356,
                        0.4032805562019348,
                        0.3950044810771942
                    ]
                ]
            ],
            "states": [
                [
                    [
                        5457512.0,
                        9.714517545944545e-06,
                        0.0004527103737927973,
                        552968.1875
                    ],
                    [
                        4474320.0,
                        9.607780157239176e-06,
                        0.00029970589093863964,
                        640429.75
                    ],
                    [
                        3226144.0,
                        9.52661685005296e-06,
                        0.00026218051789328456,
                        614909.3125
                    ],
                    [
                        4174584.0,
                        9.44995554164052e-06,
                        0.0002925366861745715,
                        607098.5
                    ],
                    [
                        4522104.0,
                        9.361412594444118e-06,
                        0.00028024095809087157,
                        568885.75
                    ],
                    [
                        2825048.0,
                        8.919517313188408e-06,
                        0.0001758198341121897,
                        690901.5625
                    ],
                    [
                        5196872.0,
                        8.846717719279695e-06,
                        0.00013516498438548297,
                        601105.3125
                    ],
                    [
                        7633856.0,
                        8.732715286896564e-06,
                        0.0001646996388444677,
                        547900.5625
                    ],
                    [
                        47963.0,
                        0.2136354148387909,
                        0.00027816780493594706,
                        871190.125
                    ],
                    [
                        608160.0,
                        0.027683094143867493,
                        0.00026209698989987373,
                        1030414.6875
                    ],
                    [
                        537208.0,
                        0.007899114862084389,
                        0.0002851165772881359,
                        949322.9375
                    ],
                    [
                        671872.0,
                        0.004755145870149136,
                        0.000267517170868814,
                        888587.6875
                    ],
                    [
                        858664.0,
                        0.003167606657370925,
                        0.00027258697082288563,
                        909664.5625
                    ],
                    [
                        877488.0,
                        0.0022909550461918116,
                        0.00027191461413167417,
                        989545.25
                    ],
                    [
                        1255416.0,
                        0.0017173178493976593,
                        0.00027577357832342386,
                        1043241.4375
                    ],
                    [
                        1436416.0,
                        0.0013016851153224707,
                        0.00027702987426891923,
                        939221.25
                    ],
                    [
                        1715880.0,
                        0.0010147599969059229,
                        0.0002779100905172527,
                        989890.625
                    ],
                    [
                        1867920.0,
                        0.0008108949987217784,
                        0.00026160795823670924,
                        1001348.25
                    ],
                    [
                        2189376.0,
                        0.0006609969423152506,
                        0.0002753763983491808,
                        969961.0625
                    ],
                    [
                        2552824.0,
                        0.000543545582331717,
                        0.0002731475979089737,
                        970656.1875
                    ]
                ]
            ],
            "actions": [
                [
                    [
                        0.5
                    ],
                    [
                        0.5
                    ],
                    [
                        0.5
                    ],
                    [
                        0.5
                    ],
                    [
                        0.5
                    ],
                    [
                        0.5
                    ],
                    [
                        0.5
                    ],
                    [
                        0.5
                    ],
                    [
                        0.75
                    ],
                    [
                        0.75
                    ],
                    [
                        0.75
                    ],
                    [
                        0.75
                    ],
                    [
                        0.75
                    ],
                    [
                        0.75
                    ],
                    [
                        0.75
                    ],
                    [
                        0.75
                    ],
                    [
                        0.75
                    ],
                    [
                        0.75
                    ],
                    [
                        0.75
                    ],
                    [
                        0.75
                    ]
                ]
            ],
            "returns": [
                [
                    [
                        0.39574772119522095
                    ],
                    [
                        0.3948124051094055
                    ],
                    [
                        0.3938947021961212
                    ],
                    [
                        0.39300599694252014
                    ],
                    [
                        0.3920944333076477
                    ],
                    [
                        0.3911758065223694
                    ],
                    [
                        0.39029887318611145
                    ],
                    [
                        0.38936787843704224
                    ],
                    [
                        0.3884028196334839
                    ],
                    [
                        0.38788723945617676
                    ],
                    [
                        0.3871464729309082
                    ],
                    [
                        0.3864167034626007
                    ],
                    [
                        0.385667085647583
                    ],
                    [
                        0.3848957419395447
                    ],
                    [
                        0.38412246108055115
                    ],
                    [
                        0.3833174407482147
                    ],
                    [
                        0.38250046968460083
                    ],
                    [
                        0.38166773319244385
                    ],
                    [
                        0.38082748651504517
                    ],
                    [
                        0.3799731433391571
                    ]
                ]
            ],
            "timesteps": [
                [
                    200,
                    201,
                    202,
                    203,
                    204,
                    205,
                    206,
                    207,
                    208,
                    209,
                    210,
                    211,
                    212,
                    213,
                    214,
                    215,
                    216,
                    217,
                    218,
                    219
                ]
            ],
            "labels": [
                [
                    1,
                    1,
                    1,
                    1,
                    1,
                    1,
                    1,
                    1,
                    2,
                    2,
                    2,
                    2,
                    2,
                    2,
                    2,
                    2,
                    2,
                    2,
                    2,
                    2
                ]
            ],
            "CPU Usage": 45.7,
            "RAM Usage": 55.5,
            "GPU Usage": 0.0,
            "VRAM Usage": 357.0,
            "Disk Read Speed (MB/s)": 206020.32421875,
            "Disk Write Speed (MB/s)": 324837.3291015625
        },
        {
            "step": 1,
            "train_loss": 0.030318135395646095,
            "actions_pred1": [
                [
                    [
                        -0.16649723052978516,
                        -0.26557111740112305,
                        0.5588515996932983,
                        0.6112484335899353
                    ],
                    [
                        -0.3257311284542084,
                        -0.24612031877040863,
                        0.6825230121612549,
                        0.5708610415458679
                    ],
                    [
                        -0.2570277750492096,
                        -0.17096741497516632,
                        0.6365420818328857,
                        0.6621308326721191
                    ],
                    [
                        -0.1929696798324585,
                        -0.16122090816497803,
                        0.6934409141540527,
                        0.5661461353302002
                    ],
                    [
                        -0.15134817361831665,
                        -0.1550411880016327,
                        0.6105952262878418,
                        0.45386964082717896
                    ],
                    [
                        -0.32849323749542236,
                        -0.21484407782554626,
                        0.5513314008712769,
                        0.5344175100326538
                    ],
                    [
                        -0.3417741656303406,
                        -0.26563090085983276,
                        0.6337034702301025,
                        0.5510841608047485
                    ],
                    [
                        -0.3452593982219696,
                        -0.17556461691856384,
                        0.6886348724365234,
                        0.49206364154815674
                    ],
                    [
                        -0.21098823845386505,
                        -0.16767725348472595,
                        0.7145511507987976,
                        0.6068365573883057
                    ],
                    [
                        -0.24956755340099335,
                        -0.26434677839279175,
                        0.6949864625930786,
                        0.6144337058067322
                    ],
                    [
                        -0.2551743984222412,
                        -0.1436837911605835,
                        0.7321250438690186,
                        0.6010136008262634
                    ],
                    [
                        -0.19380450248718262,
                        -0.21195359528064728,
                        0.6543478965759277,
                        0.5736582279205322
                    ],
                    [
                        -0.19151441752910614,
                        -0.22915226221084595,
                        0.6450484395027161,
                        0.6147710680961609
                    ],
                    [
                        -0.20190247893333435,
                        -0.15459799766540527,
                        0.8851749300956726,
                        0.7296448349952698
                    ],
                    [
                        -0.2126334011554718,
                        -0.1276322901248932,
                        0.9429118633270264,
                        0.8035653233528137
                    ],
                    [
                        -0.2190331220626831,
                        -0.1570986658334732,
                        0.9975134134292603,
                        0.8222521543502808
                    ],
                    [
                        -0.42878258228302,
                        -0.18347203731536865,
                        0.9378557801246643,
                        0.7602263689041138
                    ],
                    [
                        -0.5053145885467529,
                        -0.16021916270256042,
                        0.9433587193489075,
                        0.7855644822120667
                    ],
                    [
                        -0.5082160830497742,
                        -0.13958770036697388,
                        0.8857253789901733,
                        0.7654803991317749
                    ],
                    [
                        -0.4853765368461609,
                        0.017892591655254364,
                        1.093553900718689,
                        0.6673636436462402
                    ]
                ]
            ],
            "actions_pred": [
                [
                    [
                        -0.16649723052978516,
                        -0.3257311284542084,
                        -0.2570277750492096,
                        -0.1929696798324585,
                        -0.15134817361831665,
                        -0.32849323749542236,
                        -0.3417741656303406,
                        -0.3452593982219696,
                        -0.21098823845386505,
                        -0.24956755340099335,
                        -0.2551743984222412,
                        -0.19380450248718262,
                        -0.19151441752910614,
                        -0.20190247893333435,
                        -0.2126334011554718,
                        -0.2190331220626831,
                        -0.42878258228302,
                        -0.5053145885467529,
                        -0.5082160830497742,
                        -0.4853765368461609
                    ],
                    [
                        -0.26557111740112305,
                        -0.24612031877040863,
                        -0.17096741497516632,
                        -0.16122090816497803,
                        -0.1550411880016327,
                        -0.21484407782554626,
                        -0.26563090085983276,
                        -0.17556461691856384,
                        -0.16767725348472595,
                        -0.26434677839279175,
                        -0.1436837911605835,
                        -0.21195359528064728,
                        -0.22915226221084595,
                        -0.15459799766540527,
                        -0.1276322901248932,
                        -0.1570986658334732,
                        -0.18347203731536865,
                        -0.16021916270256042,
                        -0.13958770036697388,
                        0.017892591655254364
                    ],
                    [
                        0.5588515996932983,
                        0.6825230121612549,
                        0.6365420818328857,
                        0.6934409141540527,
                        0.6105952262878418,
                        0.5513314008712769,
                        0.6337034702301025,
                        0.6886348724365234,
                        0.7145511507987976,
                        0.6949864625930786,
                        0.7321250438690186,
                        0.6543478965759277,
                        0.6450484395027161,
                        0.8851749300956726,
                        0.9429118633270264,
                        0.9975134134292603,
                        0.9378557801246643,
                        0.9433587193489075,
                        0.8857253789901733,
                        1.093553900718689
                    ],
                    [
                        0.6112484335899353,
                        0.5708610415458679,
                        0.6621308326721191,
                        0.5661461353302002,
                        0.45386964082717896,
                        0.5344175100326538,
                        0.5510841608047485,
                        0.49206364154815674,
                        0.6068365573883057,
                        0.6144337058067322,
                        0.6010136008262634,
                        0.5736582279205322,
                        0.6147710680961609,
                        0.7296448349952698,
                        0.8035653233528137,
                        0.8222521543502808,
                        0.7602263689041138,
                        0.7855644822120667,
                        0.7654803991317749,
                        0.6673636436462402
                    ]
                ]
            ],
            "states": [
                [
                    [
                        9069003.0,
                        0.0034533278085291386,
                        0.0002651966060511768,
                        441188.5625
                    ],
                    [
                        11320464.0,
                        0.000310528528643772,
                        0.0002789112040773034,
                        436995.21875
                    ],
                    [
                        10438632.0,
                        0.00017193457460962236,
                        0.00025781430304050446,
                        493798.40625
                    ],
                    [
                        10012920.0,
                        0.00012196777242934331,
                        0.0002818313369061798,
                        466062.65625
                    ],
                    [
                        10120072.0,
                        9.498456347500905e-05,
                        0.00027022496215067804,
                        484496.1875
                    ],
                    [
                        9115160.0,
                        7.838496094336733e-05,
                        0.00027221045456826687,
                        480218.375
                    ],
                    [
                        8819768.0,
                        6.74370166962035e-05,
                        0.0002733847650233656,
                        463188.125
                    ],
                    [
                        9522048.0,
                        5.902954944758676e-05,
                        0.00026607781182974577,
                        571538.5
                    ],
                    [
                        9099232.0,
                        5.2383467846084386e-05,
                        0.00028466759249567986,
                        601120.625
                    ],
                    [
                        8877688.0,
                        4.72521896881517e-05,
                        0.0002693114511203021,
                        590414.6875
                    ],
                    [
                        7406288.0,
                        4.339466249803081e-05,
                        0.0002695369767025113,
                        529230.5625
                    ],
                    [
                        7668840.0,
                        4.0354032535105944e-05,
                        0.00026757299201563,
                        612860.8125
                    ],
                    [
                        7531048.0,
                        3.768979149754159e-05,
                        0.0002770914288703352,
                        740788.0625
                    ],
                    [
                        7394936.0,
                        3.539538010954857e-05,
                        0.0002540841815061867,
                        705727.25
                    ],
                    [
                        6951848.0,
                        3.34380820277147e-05,
                        0.0002650599053595215,
                        732259.125
                    ],
                    [
                        6330656.0,
                        3.180928251822479e-05,
                        0.00027801760006695986,
                        722867.4375
                    ],
                    [
                        5884672.0,
                        3.0445722586591728e-05,
                        0.0002704633225221187,
                        677627.4375
                    ],
                    [
                        5363392.0,
                        2.9289631129358895e-05,
                        0.0002756867033895105,
                        805457.5625
                    ],
                    [
                        5311264.0,
                        2.82715027424274e-05,
                        0.00025344316964037716,
                        860605.0
                    ],
                    [
                        5401040.0,
                        2.6375411835033447e-05,
                        0.000413205154472962,
                        833632.5625
                    ]
                ]
            ],
            "actions": [
                [
                    [
                        0.75
                    ],
                    [
                        0.75
                    ],
                    [
                        0.75
                    ],
                    [
                        0.75
                    ],
                    [
                        0.75
                    ],
                    [
                        0.75
                    ],
                    [
                        0.75
                    ],
                    [
                        0.75
                    ],
                    [
                        0.75
                    ],
                    [
                        0.75
                    ],
                    [
                        0.75
                    ],
                    [
                        0.75
                    ],
                    [
                        0.75
                    ],
                    [
                        0.75
                    ],
                    [
                        0.75
                    ],
                    [
                        0.75
                    ],
                    [
                        0.75
                    ],
                    [
                        0.75
                    ],
                    [
                        0.75
                    ],
                    [
                        0.75
                    ]
                ]
            ],
            "returns": [
                [
                    [
                        0.5809153318405151
                    ],
                    [
                        0.5799350142478943
                    ],
                    [
                        0.5789350271224976
                    ],
                    [
                        0.5779421925544739
                    ],
                    [
                        0.5769530534744263
                    ],
                    [
                        0.575963020324707
                    ],
                    [
                        0.574982225894928
                    ],
                    [
                        0.5740043520927429
                    ],
                    [
                        0.5730196833610535
                    ],
                    [
                        0.5720390677452087
                    ],
                    [
                        0.5710605978965759
                    ],
                    [
                        0.5700982213020325
                    ],
                    [
                        0.5691327452659607
                    ],
                    [
                        0.5681688785552979
                    ],
                    [
                        0.567206621170044
                    ],
                    [
                        0.5662498474121094
                    ],
                    [
                        0.5653014183044434
                    ],
                    [
                        0.5643594264984131
                    ],
                    [
                        0.563425600528717
                    ],
                    [
                        0.5624927282333374
                    ]
                ]
            ],
            "timesteps": [
                [
                    0,
                    1,
                    2,
                    3,
                    4,
                    5,
                    6,
                    7,
                    8,
                    9,
                    10,
                    11,
                    12,
                    13,
                    14,
                    15,
                    16,
                    17,
                    18,
                    19
                ]
            ],
            "labels": [
                [
                    2,
                    2,
                    2,
                    2,
                    2,
                    2,
                    2,
                    2,
                    2,
                    2,
                    2,
                    2,
                    2,
                    2,
                    2,
                    2,
                    2,
                    2,
                    2,
                    2
                ]
            ],
            "CPU Usage": 46.6,
            "RAM Usage": 55.6,
            "GPU Usage": 0.0,
            "VRAM Usage": 355.0,
            "Disk Read Speed (MB/s)": 206020.32421875,
            "Disk Write Speed (MB/s)": 324837.3837890625
        },
        {
            "step": 2,
            "train_loss": 0.036415424197912216,
            "actions_pred1": [
                [
                    [
                        0.09221833944320679,
                        -0.1830390989780426,
                        0.2667745053768158,
                        0.8546863794326782
                    ],
                    [
                        0.014374345541000366,
                        -0.0023429393768310547,
                        0.3234632611274719,
                        0.9033737778663635
                    ],
                    [
                        0.04728161543607712,
                        0.06943923234939575,
                        0.30982452630996704,
                        0.7461928129196167
                    ],
                    [
                        0.010367065668106079,
                        0.01028674840927124,
                        0.20574963092803955,
                        0.7118146419525146
                    ],
                    [
                        -0.21802270412445068,
                        0.22987204790115356,
                        0.4180409610271454,
                        0.577723503112793
                    ],
                    [
                        -0.3378693759441376,
                        0.037167876958847046,
                        0.4631311893463135,
                        0.5952987670898438
                    ],
                    [
                        -0.20353558659553528,
                        0.078091099858284,
                        0.5034933686256409,
                        0.7083734273910522
                    ],
                    [
                        -0.022122211754322052,
                        -0.233536034822464,
                        0.5737349390983582,
                        0.6428487300872803
                    ],
                    [
                        -0.22190022468566895,
                        -0.1104394942522049,
                        0.7277949452400208,
                        0.625995397567749
                    ],
                    [
                        -0.2945994436740875,
                        -0.04007495194673538,
                        0.6688683032989502,
                        0.6437984704971313
                    ],
                    [
                        -0.17827969789505005,
                        -0.11533382534980774,
                        0.567375898361206,
                        0.6064767837524414
                    ],
                    [
                        -0.1004432961344719,
                        -0.03109639137983322,
                        0.6202422380447388,
                        0.6779714822769165
                    ],
                    [
                        -0.15988251566886902,
                        -0.05870708078145981,
                        0.5989487171173096,
                        0.6144113540649414
                    ],
                    [
                        -0.2470678687095642,
                        -0.17299166321754456,
                        0.6633972525596619,
                        0.5679184794425964
                    ],
                    [
                        -0.3013128638267517,
                        -0.1138138622045517,
                        0.6265374422073364,
                        0.6552356481552124
                    ],
                    [
                        -0.34865814447402954,
                        -0.09743092954158783,
                        0.5611385703086853,
                        0.7896649837493896
                    ],
                    [
                        -0.26480185985565186,
                        -0.08530952036380768,
                        0.6393613815307617,
                        0.8137722015380859
                    ],
                    [
                        -0.2175958752632141,
                        -0.0638551339507103,
                        0.705338716506958,
                        0.8356702923774719
                    ],
                    [
                        -0.15423192083835602,
                        0.0002968013286590576,
                        0.9105230569839478,
                        0.6967645287513733
                    ],
                    [
                        -0.1769341230392456,
                        -0.0591202974319458,
                        0.7788613438606262,
                        0.6595505475997925
                    ]
                ]
            ],
            "actions_pred": [
                [
                    [
                        0.09221833944320679,
                        0.014374345541000366,
                        0.04728161543607712,
                        0.010367065668106079,
                        -0.21802270412445068,
                        -0.3378693759441376,
                        -0.20353558659553528,
