{
    "steps": [
        {
            "step": 0,
            "train_loss": 0.044804852455854416,
            "actions_pred1": [
                [
                    [
                        1.4391497373580933,
                        3.253525733947754,
                        2.0408318042755127,
                        -4.458698272705078
                    ],
                    [
                        1.6988929510116577,
                        2.680086135864258,
                        1.3448588848114014,
                        -4.217922687530518
                    ],
                    [
                        1.69576895236969,
                        2.2901289463043213,
                        1.0524274110794067,
                        -4.575920104980469
                    ],
                    [
                        1.8251186609268188,
                        2.40109920501709,
                        0.9326702952384949,
                        -5.0419921875
                    ],
                    [
                        1.9894959926605225,
                        2.667022228240967,
                        0.8689876794815063,
                        -5.400157451629639
                    ],
                    [
                        1.9288387298583984,
                        2.558763265609741,
                        0.9383670687675476,
                        -5.429595470428467
                    ],
                    [
                        2.0259792804718018,
                        2.8970870971679688,
                        0.8470808267593384,
                        -5.9173665046691895
                    ],
                    [
                        2.0118861198425293,
                        2.8031797409057617,
                        0.8545128107070923,
                        -6.146164894104004
                    ],
                    [
                        2.1372017860412598,
                        3.6352405548095703,
                        1.1153538227081299,
                        -6.735986709594727
                    ],
                    [
                        2.362567901611328,
                        3.62583065032959,
                        1.067866325378418,
                        -6.802597999572754
                    ],
                    [
                        2.3362693786621094,
                        3.4302010536193848,
                        0.9788781404495239,
                        -6.774686813354492
                    ],
                    [
                        2.200655460357666,
                        3.356133460998535,
                        1.0351101160049438,
                        -6.669360160827637
                    ],
                    [
                        2.3527820110321045,
                        3.493974447250366,
                        1.0093234777450562,
                        -6.858786582946777
                    ],
                    [
                        2.447854995727539,
                        3.52474308013916,
                        1.2802448272705078,
                        -6.912909030914307
                    ],
                    [
                        2.5207901000976562,
                        3.382420539855957,
                        1.2008683681488037,
                        -6.535581588745117
                    ],
                    [
                        2.4583253860473633,
                        3.3485467433929443,
                        1.0529534816741943,
                        -6.574295997619629
                    ],
                    [
                        2.4922261238098145,
                        3.5009071826934814,
                        0.9715965986251831,
                        -7.056064128875732
                    ],
                    [
                        2.415748119354248,
                        3.5993757247924805,
                        0.9362232089042664,
                        -6.968731880187988
                    ],
                    [
                        2.512946128845215,
                        3.750765323638916,
                        0.9741382002830505,
                        -6.951147079467773
                    ],
                    [
                        2.452759265899658,
                        3.5919406414031982,
                        1.2027002573013306,
                        -7.01439094543457
                    ]
                ]
            ],
            "actions_pred": [
                [
                    [
                        1.4391497373580933,
                        1.6988929510116577,
                        1.69576895236969,
                        1.8251186609268188,
                        1.9894959926605225,
                        1.9288387298583984,
                        2.0259792804718018,
                        2.0118861198425293,
                        2.1372017860412598,
                        2.362567901611328,
                        2.3362693786621094,
                        2.200655460357666,
                        2.3527820110321045,
                        2.447854995727539,
                        2.5207901000976562,
                        2.4583253860473633,
                        2.4922261238098145,
                        2.415748119354248,
                        2.512946128845215,
                        2.452759265899658
                    ],
                    [
                        3.253525733947754,
                        2.680086135864258,
                        2.2901289463043213,
                        2.40109920501709,
                        2.667022228240967,
                        2.558763265609741,
                        2.8970870971679688,
                        2.8031797409057617,
                        3.6352405548095703,
                        3.62583065032959,
                        3.4302010536193848,
                        3.356133460998535,
                        3.493974447250366,
                        3.52474308013916,
                        3.382420539855957,
                        3.3485467433929443,
                        3.5009071826934814,
                        3.5993757247924805,
                        3.750765323638916,
                        3.5919406414031982
                    ],
                    [
                        2.0408318042755127,
                        1.3448588848114014,
                        1.0524274110794067,
                        0.9326702952384949,
                        0.8689876794815063,
                        0.9383670687675476,
                        0.8470808267593384,
                        0.8545128107070923,
                        1.1153538227081299,
                        1.067866325378418,
                        0.9788781404495239,
                        1.0351101160049438,
                        1.0093234777450562,
                        1.2802448272705078,
                        1.2008683681488037,
                        1.0529534816741943,
                        0.9715965986251831,
                        0.9362232089042664,
                        0.9741382002830505,
                        1.2027002573013306
                    ],
                    [
                        -4.458698272705078,
                        -4.217922687530518,
                        -4.575920104980469,
                        -5.0419921875,
                        -5.400157451629639,
                        -5.429595470428467,
                        -5.9173665046691895,
                        -6.146164894104004,
                        -6.735986709594727,
                        -6.802597999572754,
                        -6.774686813354492,
                        -6.669360160827637,
                        -6.858786582946777,
                        -6.912909030914307,
                        -6.535581588745117,
                        -6.574295997619629,
                        -7.056064128875732,
                        -6.968731880187988,
                        -6.951147079467773,
                        -7.01439094543457
                    ]
                ]
            ],
            "states": [
                [
                    [
                        5130264.0,
                        9.53052585828118e-06,
                        0.00017112551722675562,
                        484343.53125
                    ],
                    [
                        5473440.0,
                        9.464440154260956e-06,
                        0.00025726869353093207,
                        530369.25
                    ],
                    [
                        5615344.0,
                        9.396303539688233e-06,
                        0.000244751397985965,
                        507658.4375
                    ],
                    [
                        5705120.0,
                        9.327747648057994e-06,
                        0.0002547030453570187,
                        475297.125
                    ],
                    [
                        5661680.0,
                        9.25990843825275e-06,
                        0.0002602769818622619,
                        509474.46875
                    ],
                    [
                        5626928.0,
                        9.193505320581608e-06,
                        0.00028401854797266424,
                        512406.875
                    ],
                    [
                        7240000.0,
                        9.118992238654755e-06,
                        0.00026182830333709717,
                        473767.34375
                    ],
                    [
                        6098976.0,
                        9.042967576533556e-06,
                        0.00025427230866625905,
                        486137.84375
                    ],
                    [
                        5957072.0,
                        8.975355740403756e-06,
                        0.00025071317213587463,
                        481721.90625
                    ],
                    [
                        6045400.0,
                        8.909044481697492e-06,
                        0.000257556646829471,
                        512695.15625
                    ],
                    [
                        5554528.0,
                        8.845872798701748e-06,
                        0.0002534309751354158,
                        490408.03125
                    ],
                    [
                        5395248.0,
                        8.787061233306304e-06,
                        0.00019772094674408436,
                        502051.125
                    ],
                    [
                        6014992.0,
                        8.726612577447668e-06,
                        0.00023689404770266265,
                        496127.90625
                    ],
                    [
                        5615344.0,
                        8.665836503496394e-06,
                        0.00024040597782004625,
                        497831.1875
                    ],
                    [
                        5961416.0,
                        8.60618456499651e-06,
                        0.00023798528127372265,
                        498399.9375
                    ],
                    [
                        5690640.0,
                        8.546960089006461e-06,
                        0.0002599294239189476,
                        501903.53125
                    ],
                    [
                        6043952.0,
                        8.48813488119049e-06,
                        0.0002636733988765627,
                        501576.46875
                    ],
                    [
                        7975584.0,
                        8.418936886300799e-06,
                        0.00023683813924435526,
                        444337.65625
                    ],
                    [
                        5891912.0,
                        8.351544238394126e-06,
                        0.0002558637352194637,
                        498428.25
                    ],
                    [
                        6125040.0,
                        8.294033250422217e-06,
                        0.00024174025747925043,
                        501703.09375
                    ]
                ]
            ],
            "actions": [
                [
                    [
                        0.25
                    ],
                    [
                        0.25
                    ],
                    [
                        0.25
                    ],
                    [
                        0.25
                    ],
                    [
                        0.25
                    ],
                    [
                        0.25
                    ],
                    [
                        0.25
                    ],
                    [
                        0.25
                    ],
                    [
                        0.25
                    ],
                    [
                        0.25
                    ],
                    [
                        0.25
                    ],
                    [
                        0.25
                    ],
                    [
                        0.25
                    ],
                    [
                        0.25
                    ],
                    [
                        0.25
                    ],
                    [
                        0.25
                    ],
                    [
                        0.25
                    ],
                    [
                        0.25
                    ],
                    [
                        0.25
                    ],
                    [
                        0.25
                    ]
                ]
            ],
            "returns": [
                [
                    [
                        0.20859551429748535
                    ],
                    [
                        0.20766568183898926
                    ],
                    [
                        0.20673011243343353
                    ],
                    [
                        0.20579227805137634
                    ],
                    [
                        0.20485302805900574
                    ],
                    [
                        0.20391446352005005
                    ],
                    [
                        0.20297643542289734
                    ],
                    [
                        0.20201605558395386
                    ],
                    [
                        0.2010708898305893
                    ],
                    [
                        0.20012782514095306
                    ],
                    [
                        0.19918343424797058
                    ],
                    [
                        0.1982465535402298
                    ],
                    [
                        0.19731226563453674
                    ],
                    [
                        0.19636832177639008
                    ],
                    [
                        0.19543048739433289
                    ],
                    [
                        0.19448734819889069
                    ],
                    [
                        0.193548321723938
                    ],
                    [
                        0.1926039606332779
                    ],
                    [
                        0.19163501262664795
                    ],
                    [
                        0.19069290161132812
                    ]
                ]
            ],
            "timesteps": [
                [
                    400,
                    401,
                    402,
                    403,
                    404,
                    405,
                    406,
                    407,
                    408,
                    409,
                    410,
                    411,
                    412,
                    413,
                    414,
                    415,
                    416,
                    417,
                    418,
                    419
                ]
            ],
            "labels": [
                [
                    0,
                    0,
                    0,
                    0,
                    0,
                    0,
                    0,
                    0,
                    0,
                    0,
                    0,
                    0,
                    0,
                    0,
                    0,
                    0,
                    0,
                    0,
                    0,
                    0
                ]
            ],
            "CPU Usage": 45.4,
            "RAM Usage": 54.9,
            "GPU Usage": 0.0,
            "VRAM Usage": 355.0,
            "Disk Read Speed (MB/s)": 206645.8310546875,
            "Disk Write Speed (MB/s)": 414289.9892578125
        },
        {
            "step": 1,
            "train_loss": 0.019648734480142593,
            "actions_pred1": [
                [
                    [
                        0.6308770179748535,
                        0.8984556198120117,
                        1.5649815797805786,
                        -2.9088733196258545
                    ],
                    [
                        0.4997020959854126,
                        0.9756757020950317,
                        1.5809999704360962,
                        -3.018669605255127
                    ],
                    [
                        0.6159266233444214,
                        0.9934072494506836,
                        1.5866856575012207,
                        -2.910137891769409
                    ],
                    [
                        0.7119797468185425,
                        0.914911150932312,
                        1.9620221853256226,
                        -3.2359321117401123
                    ],
                    [
                        0.6827320456504822,
                        1.1794514656066895,
                        2.1580543518066406,
                        -3.5679147243499756
                    ],
                    [
                        0.8463839292526245,
                        1.1564719676971436,
                        1.9868544340133667,
                        -3.6125335693359375
                    ],
                    [
                        0.7564545273780823,
                        1.1777303218841553,
                        1.783228874206543,
                        -3.842337131500244
                    ],
                    [
                        1.017113208770752,
                        1.459066390991211,
                        1.8359012603759766,
                        -3.7977423667907715
                    ],
                    [
                        1.1507248878479004,
                        1.5190410614013672,
                        1.7612535953521729,
                        -3.6868796348571777
                    ],
                    [
                        0.9897144436836243,
                        1.4411261081695557,
                        1.8851193189620972,
                        -3.745802640914917
                    ],
                    [
                        1.1725131273269653,
                        1.5511680841445923,
                        2.3864095211029053,
                        -4.2659196853637695
                    ],
                    [
                        1.185314655303955,
                        1.4155099391937256,
                        2.20786190032959,
                        -4.038852691650391
                    ],
                    [
                        1.2323014736175537,
                        1.2809386253356934,
                        2.252027988433838,
                        -4.327641487121582
                    ],
                    [
                        1.3374347686767578,
                        1.3312528133392334,
                        2.2642087936401367,
                        -4.442522048950195
                    ],
                    [
                        1.3399897813796997,
                        1.4428050518035889,
                        2.313857078552246,
                        -4.648228168487549
                    ],
                    [
                        1.3296024799346924,
                        1.6136119365692139,
                        2.4073805809020996,
                        -4.635432720184326
                    ],
                    [
                        1.3434147834777832,
                        1.5500309467315674,
                        2.28719425201416,
                        -4.4666242599487305
                    ],
                    [
                        1.2256876230239868,
                        1.6023764610290527,
                        2.0954298973083496,
                        -4.281769752502441
                    ],
                    [
                        1.062441349029541,
                        1.7784085273742676,
                        2.22060489654541,
                        -4.518346786499023
                    ],
                    [
                        1.1187245845794678,
                        1.9238311052322388,
                        2.366328239440918,
                        -4.50778865814209
                    ]
                ]
            ],
            "actions_pred": [
                [
                    [
                        0.6308770179748535,
                        0.4997020959854126,
                        0.6159266233444214,
                        0.7119797468185425,
                        0.6827320456504822,
                        0.8463839292526245,
                        0.7564545273780823,
                        1.017113208770752,
                        1.1507248878479004,
                        0.9897144436836243,
                        1.1725131273269653,
                        1.185314655303955,
                        1.2323014736175537,
                        1.3374347686767578,
                        1.3399897813796997,
                        1.3296024799346924,
                        1.3434147834777832,
                        1.2256876230239868,
                        1.062441349029541,
                        1.1187245845794678
                    ],
                    [
                        0.8984556198120117,
                        0.9756757020950317,
                        0.9934072494506836,
                        0.914911150932312,
                        1.1794514656066895,
                        1.1564719676971436,
                        1.1777303218841553,
                        1.459066390991211,
                        1.5190410614013672,
                        1.4411261081695557,
                        1.5511680841445923,
                        1.4155099391937256,
                        1.2809386253356934,
                        1.3312528133392334,
                        1.4428050518035889,
                        1.6136119365692139,
                        1.5500309467315674,
                        1.6023764610290527,
                        1.7784085273742676,
                        1.9238311052322388
                    ],
                    [
                        1.5649815797805786,
                        1.5809999704360962,
                        1.5866856575012207,
                        1.9620221853256226,
                        2.1580543518066406,
                        1.9868544340133667,
                        1.783228874206543,
                        1.8359012603759766,
                        1.7612535953521729,
                        1.8851193189620972,
                        2.3864095211029053,
                        2.20786190032959,
                        2.252027988433838,
                        2.2642087936401367,
                        2.313857078552246,
                        2.4073805809020996,
                        2.28719425201416,
                        2.0954298973083496,
                        2.22060489654541,
                        2.366328239440918
                    ],
                    [
                        -2.9088733196258545,
                        -3.018669605255127,
                        -2.910137891769409,
                        -3.2359321117401123,
                        -3.5679147243499756,
                        -3.6125335693359375,
                        -3.842337131500244,
                        -3.7977423667907715,
                        -3.6868796348571777,
                        -3.745802640914917,
                        -4.2659196853637695,
                        -4.038852691650391,
                        -4.327641487121582,
                        -4.442522048950195,
                        -4.648228168487549,
                        -4.635432720184326,
                        -4.4666242599487305,
                        -4.281769752502441,
                        -4.518346786499023,
                        -4.50778865814209
                    ]
                ]
            ],
            "states": [
                [
                    [
                        3105960.0,
                        0.00044856633758172393,
                        0.0002628508664201945,
                        907599.4375
                    ],
                    [
                        3777832.0,
                        0.00036993034882470965,
                        0.00026417680783197284,
                        946940.1875
                    ],
                    [
                        4115216.0,
                        0.00030784233240410686,
                        0.0002805523981805891,
                        868017.4375
                    ],
                    [
                        4368616.0,
                        0.0002607771893963218,
                        0.00026978878304362297,
                        839353.625
                    ],
                    [
                        5060760.0,
                        0.0002229743986390531,
                        0.00027627943200059235,
                        780951.6875
                    ],
                    [
                        5356152.0,
                        0.00019212921324651688,
                        0.00025924446526914835,
                        788666.125
                    ],
                    [
                        5373528.0,
                        0.00012254947796463966,
                        0.006524195894598961,
                        846197.875
                    ],
                    [
                        5111440.0,
                        0.00011254391574766487,
                        0.002146858023479581,
                        777919.5
                    ],
                    [
                        5496608.0,
                        0.00010397062578704208,
                        0.0023773028515279293,
                        803926.1875
                    ],
                    [
                        5341672.0,
                        9.645324462326244e-05,
                        0.0020079242531210184,
                        853121.5
                    ],
                    [
                        5344568.0,
                        9.003730519907549e-05,
                        0.0019139255164191127,
                        790495.3125
                    ],
                    [
                        5479232.0,
                        8.435636846115813e-05,
                        0.0013429223326966166,
                        807753.3125
                    ],
                    [
                        5356152.0,
                        7.934254972497001e-05,
                        0.0011628043139353395,
                        855534.6875
                    ],
                    [
                        5398144.0,
                        7.492363511119038e-05,
                        0.0009117702720686793,
                        841216.6875
                    ],
                    [
                        5729736.0,
                        7.084311073413119e-05,
                        0.000803604198154062,
                        821157.125
                    ],
                    [
                        5244656.0,
                        6.722798570990562e-05,
                        0.000699773314408958,
                        790182.875
                    ],
                    [
                        5503848.0,
                        6.403109728125855e-05,
                        0.0006680691731162369,
                        817074.375
                    ],
                    [
                        5367736.0,
                        6.109109381213784e-05,
                        0.0005246230284683406,
                        814748.3125
                    ],
                    [
                        5217144.0,
                        5.847758802701719e-05,
                        0.00046889804070815444,
                        836873.125
                    ],
                    [
                        5033248.0,
                        5.6151271564885974e-05,
                        0.00035997320082969964,
                        833663.1875
                    ]
                ]
            ],
            "actions": [
                [
                    [
                        0.75
                    ],
                    [
                        0.75
                    ],
                    [
                        0.75
                    ],
                    [
                        0.75
                    ],
                    [
                        0.75
                    ],
                    [
                        0.75
                    ],
                    [
                        0.75
                    ],
                    [
                        0.75
                    ],
                    [
                        0.75
                    ],
                    [
                        0.75
                    ],
                    [
                        0.75
                    ],
                    [
                        0.75
                    ],
                    [
                        0.75
                    ],
                    [
                        0.75
                    ],
                    [
                        0.75
                    ],
                    [
                        0.75
                    ],
                    [
                        0.75
                    ],
                    [
                        0.75
                    ],
                    [
                        0.75
                    ],
                    [
                        0.75
                    ]
                ]
            ],
            "returns": [
                [
                    [
                        0.37910521030426025
                    ],
                    [
                        0.378219872713089
                    ],
                    [
                        0.3773171603679657
                    ],
                    [
                        0.37640687823295593
                    ],
                    [
                        0.37549129128456116
                    ],
                    [
                        0.37456268072128296
                    ],
                    [
                        0.37362903356552124
                    ],
                    [
                        0.37269508838653564
                    ],
                    [
                        0.3717655837535858
                    ],
                    [
                        0.37082964181900024
                    ],
                    [
                        0.3698962330818176
                    ],
                    [
                        0.36896276473999023
                    ],
                    [
                        0.36802709102630615
                    ],
                    [
                        0.36709344387054443
                    ],
                    [
                        0.3661591112613678
                    ],
                    [
                        0.36521947383880615
                    ],
                    [
                        0.36428767442703247
                    ],
                    [
                        0.36335161328315735
                    ],
                    [
                        0.3624177873134613
                    ],
                    [
                        0.3614864647388458
                    ]
                ]
            ],
            "timesteps": [
                [
                    220,
                    221,
                    222,
                    223,
                    224,
                    225,
                    226,
                    227,
                    228,
                    229,
                    230,
                    231,
                    232,
                    233,
                    234,
                    235,
                    236,
                    237,
                    238,
                    239
                ]
            ],
            "labels": [
                [
                    2,
                    2,
                    2,
                    2,
                    2,
                    2,
                    2,
                    2,
                    2,
                    2,
                    2,
                    2,
                    2,
                    2,
                    2,
                    2,
                    2,
                    2,
                    2,
                    2
                ]
            ],
            "CPU Usage": 46.7,
            "RAM Usage": 55.0,
            "GPU Usage": 0.0,
            "VRAM Usage": 355.0,
            "Disk Read Speed (MB/s)": 206645.8310546875,
            "Disk Write Speed (MB/s)": 414290.1611328125
        },
        {
            "step": 2,
            "train_loss": 0.004117005504667759,
            "actions_pred1": [
                [
                    [
                        0.925081729888916,
                        2.1161489486694336,
                        0.44548624753952026,
                        -3.798219680786133
                    ],
                    [
                        0.917824387550354,
                        2.4079768657684326,
                        0.9623576402664185,
                        -3.4427566528320312
                    ],
                    [
                        1.0375558137893677,
                        3.0848798751831055,
                        1.0384223461151123,
                        -3.910065174102783
                    ],
                    [
                        1.0968787670135498,
                        3.690347671508789,
                        1.1763932704925537,
                        -4.45679235458374
                    ],
                    [
                        1.37276029586792,
                        4.101385593414307,
                        1.1587244272232056,
                        -4.894023418426514
                    ],
                    [
                        1.4100465774536133,
                        4.0448408126831055,
                        0.9080252647399902,
                        -5.243341445922852
                    ],
                    [
                        1.56553316116333,
                        4.183923721313477,
                        1.0588101148605347,
                        -5.42075252532959
                    ],
                    [
                        1.6548805236816406,
                        4.1580376625061035,
                        0.8975358009338379,
                        -5.362515449523926
                    ],
                    [
                        1.573904037475586,
                        4.04581880569458,
                        0.8142292499542236,
                        -5.433535099029541
                    ],
                    [
                        1.6266698837280273,
                        4.178343772888184,
                        0.827853262424469,
                        -5.337296485900879
                    ],
                    [
                        1.5649147033691406,
                        4.0992512702941895,
                        0.8298276662826538,
                        -5.662025451660156
                    ],
                    [
                        1.6128267049789429,
                        4.426611423492432,
                        0.8618077635765076,
                        -6.427997589111328
                    ],
                    [
                        1.5997748374938965,
                        4.567092418670654,
                        0.8310198187828064,
                        -6.627937316894531
                    ],
                    [
                        1.645052433013916,
                        4.64256477355957,
                        0.9317108392715454,
                        -6.582582473754883
                    ],
                    [
                        1.7375597953796387,
                        4.7118377685546875,
                        1.0486302375793457,
                        -7.027526378631592
                    ],
                    [
                        2.0679948329925537,
                        4.545247554779053,
                        1.108738660812378,
                        -7.258948802947998
                    ],
                    [
                        1.97053861618042,
                        4.682478427886963,
                        1.2034924030303955,
                        -7.556632995605469
                    ],
                    [
                        2.018582344055176,
                        4.919557094573975,
                        0.7824222445487976,
                        -7.406523704528809
                    ],
                    [
                        1.9628496170043945,
                        4.930633068084717,
                        0.9914402961730957,
                        -7.410752296447754
                    ],
                    [
                        1.8455702066421509,
                        5.109467506408691,
                        1.0430076122283936,
                        -7.459445953369141
                    ]
                ]
            ],
            "actions_pred": [
                [
                    [
                        0.925081729888916,
                        0.917824387550354,
                        1.0375558137893677,
                        1.0968787670135498,
                        1.37276029586792,
                        1.4100465774536133,
                        1.56553316116333,
                        1.6548805236816406,
                        1.573904037475586,
                        1.6266698837280273,
                        1.5649147033691406,
                        1.6128267049789429,
                        1.5997748374938965,
                        1.645052433013916,
                        1.7375597953796387,
