{
    "steps": [
        {
            "step": 0,
            "train_loss": 0.047106750309467316,
            "actions_pred1": [
                [
                    [
                        -0.12889626622200012,
                        -0.7395491600036621,
                        -0.07849475741386414,
                        -0.7078961133956909
                    ],
                    [
                        -0.23758664727210999,
                        -0.29319167137145996,
                        -0.06576967239379883,
                        -0.25501078367233276
                    ],
                    [
                        -0.20149526000022888,
                        -0.21135908365249634,
                        0.030221998691558838,
                        -0.23215658962726593
                    ],
                    [
                        -0.17959070205688477,
                        -0.10066364705562592,
                        0.1769167184829712,
                        -0.3053586483001709
                    ],
                    [
                        -0.19593952596187592,
                        -0.2350674718618393,
                        0.19780296087265015,
                        -0.3617616295814514
                    ],
                    [
                        -0.20361796021461487,
                        -0.14789390563964844,
                        0.38217106461524963,
                        -0.4488734006881714
                    ],
                    [
                        -0.1870044767856598,
                        -0.2515227794647217,
                        0.366192102432251,
                        -0.33114778995513916
                    ],
                    [
                        -0.17149877548217773,
                        -0.2669138014316559,
                        0.29208821058273315,
                        -0.19406232237815857
                    ],
                    [
                        -0.2725222110748291,
                        -0.3244568109512329,
                        0.2945493757724762,
                        -0.31912946701049805
                    ],
                    [
                        -0.3514033555984497,
                        -0.30600154399871826,
                        0.24742361903190613,
                        -0.32724529504776
                    ],
                    [
                        -0.25405484437942505,
                        -0.07265091687440872,
                        0.41477179527282715,
                        -0.2891501784324646
                    ],
                    [
                        -0.34079402685165405,
                        -0.12527668476104736,
                        0.40564554929733276,
                        -0.12008947134017944
                    ],
                    [
                        -0.3407421112060547,
                        -0.1415080726146698,
                        0.4556402564048767,
                        -0.16907314956188202
                    ],
                    [
                        -0.3253902792930603,
                        -0.09131728112697601,
                        0.521563708782196,
                        -0.17122477293014526
                    ],
                    [
                        -0.3360116481781006,
                        -0.11584461480379105,
                        0.47203361988067627,
                        -0.27614712715148926
                    ],
                    [
                        -0.36927664279937744,
                        -0.12339941412210464,
                        0.38754093647003174,
                        -0.20046523213386536
                    ],
                    [
                        -0.3006441593170166,
                        -0.15456679463386536,
                        0.42586421966552734,
                        -0.3215442895889282
                    ],
                    [
                        -0.3472709059715271,
                        -0.1657063066959381,
                        0.39103955030441284,
                        -0.33566874265670776
                    ],
                    [
                        -0.2612296938896179,
                        0.07416389882564545,
                        0.3249332904815674,
                        -0.1718088686466217
                    ],
                    [
                        -0.21408607065677643,
                        -0.09184929728507996,
                        0.4287485182285309,
                        -0.21419864892959595
                    ]
                ]
            ],
            "actions_pred": [
                [
                    [
                        -0.12889626622200012,
                        -0.23758664727210999,
                        -0.20149526000022888,
                        -0.17959070205688477,
                        -0.19593952596187592,
                        -0.20361796021461487,
                        -0.1870044767856598,
                        -0.17149877548217773,
                        -0.2725222110748291,
                        -0.3514033555984497,
                        -0.25405484437942505,
                        -0.34079402685165405,
                        -0.3407421112060547,
                        -0.3253902792930603,
                        -0.3360116481781006,
                        -0.36927664279937744,
                        -0.3006441593170166,
                        -0.3472709059715271,
                        -0.2612296938896179,
                        -0.21408607065677643
                    ],
                    [
                        -0.7395491600036621,
                        -0.29319167137145996,
                        -0.21135908365249634,
                        -0.10066364705562592,
                        -0.2350674718618393,
                        -0.14789390563964844,
                        -0.2515227794647217,
                        -0.2669138014316559,
                        -0.3244568109512329,
                        -0.30600154399871826,
                        -0.07265091687440872,
                        -0.12527668476104736,
                        -0.1415080726146698,
                        -0.09131728112697601,
                        -0.11584461480379105,
                        -0.12339941412210464,
                        -0.15456679463386536,
                        -0.1657063066959381,
                        0.07416389882564545,
                        -0.09184929728507996
                    ],
                    [
                        -0.07849475741386414,
                        -0.06576967239379883,
                        0.030221998691558838,
                        0.1769167184829712,
                        0.19780296087265015,
                        0.38217106461524963,
                        0.366192102432251,
                        0.29208821058273315,
                        0.2945493757724762,
                        0.24742361903190613,
                        0.41477179527282715,
                        0.40564554929733276,
                        0.4556402564048767,
                        0.521563708782196,
                        0.47203361988067627,
                        0.38754093647003174,
                        0.42586421966552734,
                        0.39103955030441284,
                        0.3249332904815674,
                        0.4287485182285309
                    ],
                    [
                        -0.7078961133956909,
                        -0.25501078367233276,
                        -0.23215658962726593,
                        -0.3053586483001709,
                        -0.3617616295814514,
                        -0.4488734006881714,
                        -0.33114778995513916,
                        -0.19406232237815857,
                        -0.31912946701049805,
                        -0.32724529504776,
                        -0.2891501784324646,
                        -0.12008947134017944,
                        -0.16907314956188202,
                        -0.17122477293014526,
                        -0.27614712715148926,
                        -0.20046523213386536,
                        -0.3215442895889282,
                        -0.33566874265670776,
                        -0.1718088686466217,
                        -0.21419864892959595
                    ]
                ]
            ],
            "states": [
                [
                    [
                        3840096.0,
                        2.92694730887888e-05,
                        0.00022606240236200392,
                        669392.5
                    ],
                    [
                        5186736.0,
                        2.8975890018045902e-05,
                        0.0002532026555854827,
                        623919.4375
                    ],
                    [
                        4765368.0,
                        2.86587583104847e-05,
                        0.0002667571825440973,
                        632646.8125
                    ],
                    [
                        6161240.0,
                        2.8318694603512995e-05,
                        0.00026687141507864,
                        545136.5625
                    ],
                    [
                        6174272.0,
                        2.7944166504312307e-05,
                        0.0002529114135541022,
                        614846.3125
                    ],
                    [
                        5751456.0,
                        2.7591326215770096e-05,
                        0.0002583715249784291,
                        530205.9375
                    ],
                    [
                        7742456.0,
                        2.720300471992232e-05,
                        0.001365873496979475,
                        538990.625
                    ],
                    [
                        6206128.0,
                        2.6812451324076392e-05,
                        0.0008239395683631301,
                        520321.9375
                    ],
                    [
                        5211352.0,
                        2.6501078536966816e-05,
                        0.0005388445570133626,
                        565831.875
                    ],
                    [
                        4737856.0,
                        2.623563341330737e-05,
                        0.0005018769879825413,
                        557744.25
                    ],
                    [
                        3256552.0,
                        2.6026094928965904e-05,
                        0.0005396626074798405,
                        583406.625
                    ],
                    [
                        2370376.0,
                        2.588063398434315e-05,
                        0.00039070475031621754,
                        599303.875
                    ],
                    [
                        3150848.0,
                        2.573955680418294e-05,
                        0.00037147922557778656,
                        638024.3125
                    ],
                    [
                        4121008.0,
                        2.5556088075973094e-05,
                        0.00035373689024709165,
                        613075.625
                    ],
                    [
                        3627240.0,
                        2.5363364329678006e-05,
                        0.0003472233365755528,
                        713559.4375
                    ],
                    [
                        4171688.0,
                        2.5172355890390463e-05,
                        0.00021890846255701035,
                        610763.0
                    ],
                    [
                        2390648.0,
                        2.501373273844365e-05,
                        0.00019109471759293228,
                        629310.5
                    ],
                    [
                        3237728.0,
                        2.487938036210835e-05,
                        0.00025023153284564614,
                        525239.375
                    ],
                    [
                        5175152.0,
                        2.4681297873030417e-05,
                        0.000305382302030921,
                        610625.375
                    ],
                    [
                        4510520.0,
                        2.445693280606065e-05,
                        0.00029567780438810587,
                        582702.6875
                    ]
                ]
            ],
            "actions": [
                [
                    [
                        0.5
                    ],
                    [
                        0.5
                    ],
                    [
                        0.5
                    ],
                    [
                        0.5
                    ],
                    [
                        0.5
                    ],
                    [
                        0.5
                    ],
                    [
                        0.5
                    ],
                    [
                        0.5
                    ],
                    [
                        0.5
                    ],
                    [
                        0.5
                    ],
                    [
                        0.5
                    ],
                    [
                        0.5
                    ],
                    [
                        0.5
                    ],
                    [
                        0.5
                    ],
                    [
                        0.5
                    ],
                    [
                        0.5
                    ],
                    [
                        0.5
                    ],
                    [
                        0.5
                    ],
                    [
                        0.5
                    ],
                    [
                        0.5
                    ]
                ]
            ],
            "returns": [
                [
                    [
                        0.11548818647861481
                    ],
                    [
                        0.11458403617143631
                    ],
                    [
                        0.11365323513746262
                    ],
                    [
                        0.11272994428873062
                    ],
                    [
                        0.11178387701511383
                    ],
                    [
                        0.11083762347698212
                    ],
                    [
                        0.1098976582288742
                    ],
                    [
                        0.10893134027719498
                    ],
                    [
                        0.10798463225364685
                    ],
                    [
                        0.10705341398715973
                    ],
                    [
                        0.10613063722848892
                    ],
                    [
                        0.10524109750986099
                    ],
                    [
                        0.10437972098588943
                    ],
                    [
                        0.1034931093454361
                    ],
                    [
                        0.10258270055055618
                    ],
                    [
                        0.1016836017370224
                    ],
                    [
                        0.10077211260795593
                    ],
                    [
                        0.09990997612476349
                    ],
                    [
                        0.09902095794677734
                    ],
                    [
                        0.09809035062789917
                    ]
                ]
            ],
            "timesteps": [
                [
                    500,
                    501,
                    502,
                    503,
                    504,
                    505,
                    506,
                    507,
                    508,
                    509,
                    510,
                    511,
                    512,
                    513,
                    514,
                    515,
                    516,
                    517,
                    518,
                    519
                ]
            ],
            "labels": [
                [
                    1,
                    1,
                    1,
                    1,
                    1,
                    1,
                    1,
                    1,
                    1,
                    1,
                    1,
                    1,
                    1,
                    1,
                    1,
                    1,
                    1,
                    1,
                    1,
                    1
                ]
            ],
            "CPU Usage": 45.7,
            "RAM Usage": 55.3,
            "GPU Usage": 0.0,
            "VRAM Usage": 356.0,
            "Disk Read Speed (MB/s)": 206042.6650390625,
            "Disk Write Speed (MB/s)": 355798.6572265625
        },
        {
            "step": 1,
            "train_loss": 0.032225560396909714,
            "actions_pred1": [
                [
                    [
                        0.45890748500823975,
                        0.07061043381690979,
                        0.48308950662612915,
                        -0.15525642037391663
                    ],
                    [
                        0.19960197806358337,
                        0.3791627287864685,
                        0.6472727060317993,
                        -0.3219802975654602
                    ],
                    [
                        0.32086676359176636,
                        0.1508055180311203,
                        0.7265635132789612,
                        -0.10740785300731659
                    ],
                    [
                        0.5205573439598083,
                        -0.15820321440696716,
                        0.45708513259887695,
                        -0.46575701236724854
                    ],
                    [
                        0.26574552059173584,
                        0.09560596942901611,
                        0.3718023896217346,
                        -0.10421647131443024
                    ],
                    [
                        0.2268172800540924,
                        0.2369745969772339,
                        0.5455706119537354,
                        -0.18585944175720215
                    ],
                    [
                        0.24969381093978882,
                        0.24696940183639526,
                        0.521133542060852,
                        -0.15708602964878082
                    ],
                    [
                        0.1476987600326538,
                        0.12311241030693054,
                        0.4929616153240204,
                        -0.14756785333156586
                    ],
                    [
                        -0.08759371936321259,
                        0.2106775939464569,
                        0.5414520502090454,
                        -0.010252997279167175
                    ],
                    [
                        -0.11799930036067963,
                        0.14060315489768982,
                        0.5753939747810364,
                        -0.048164501786231995
                    ],
                    [
                        -0.05167118459939957,
                        0.22878266870975494,
                        0.4761255979537964,
                        -0.0589137077331543
                    ],
                    [
                        -0.13365814089775085,
                        0.21290992200374603,
                        0.4850829243659973,
                        -0.13595472276210785
                    ],
                    [
                        -0.30183151364326477,
                        0.11956943571567535,
                        0.676095724105835,
                        -0.2454969435930252
                    ],
                    [
                        -0.03273613750934601,
                        0.11229225248098373,
                        0.7129290103912354,
                        -0.12123167514801025
                    ],
                    [
                        -0.003040783107280731,
                        0.07122736424207687,
                        0.5734163522720337,
                        -0.15459471940994263
                    ],
                    [
                        -0.15583081543445587,
                        0.07266157865524292,
                        0.5501412153244019,
                        -0.1664678454399109
                    ],
                    [
                        -0.06235145032405853,
                        0.23206011950969696,
                        0.6263576149940491,
                        -0.062043219804763794
                    ],
                    [
                        -0.0465964674949646,
                        0.23288050293922424,
                        0.646757185459137,
                        -0.09064903855323792
                    ],
                    [
                        -0.03015419840812683,
                        0.2713455855846405,
                        0.5451026558876038,
                        -0.01869116723537445
                    ],
                    [
                        0.0579051747918129,
                        0.2987450659275055,
                        0.5789438486099243,
                        -0.014746695756912231
                    ]
                ]
            ],
            "actions_pred": [
                [
                    [
                        0.45890748500823975,
                        0.19960197806358337,
                        0.32086676359176636,
                        0.5205573439598083,
                        0.26574552059173584,
                        0.2268172800540924,
                        0.24969381093978882,
                        0.1476987600326538,
                        -0.08759371936321259,
                        -0.11799930036067963,
                        -0.05167118459939957,
                        -0.13365814089775085,
                        -0.30183151364326477,
                        -0.03273613750934601,
                        -0.003040783107280731,
                        -0.15583081543445587,
                        -0.06235145032405853,
                        -0.0465964674949646,
                        -0.03015419840812683,
                        0.0579051747918129
                    ],
                    [
                        0.07061043381690979,
                        0.3791627287864685,
                        0.1508055180311203,
                        -0.15820321440696716,
                        0.09560596942901611,
                        0.2369745969772339,
                        0.24696940183639526,
                        0.12311241030693054,
                        0.2106775939464569,
                        0.14060315489768982,
                        0.22878266870975494,
                        0.21290992200374603,
                        0.11956943571567535,
                        0.11229225248098373,
                        0.07122736424207687,
                        0.07266157865524292,
                        0.23206011950969696,
                        0.23288050293922424,
                        0.2713455855846405,
                        0.2987450659275055
                    ],
                    [
                        0.48308950662612915,
                        0.6472727060317993,
                        0.7265635132789612,
                        0.45708513259887695,
                        0.3718023896217346,
                        0.5455706119537354,
                        0.521133542060852,
                        0.4929616153240204,
                        0.5414520502090454,
                        0.5753939747810364,
                        0.4761255979537964,
                        0.4850829243659973,
                        0.676095724105835,
                        0.7129290103912354,
                        0.5734163522720337,
                        0.5501412153244019,
                        0.6263576149940491,
                        0.646757185459137,
                        0.5451026558876038,
                        0.5789438486099243
                    ],
                    [
                        -0.15525642037391663,
                        -0.3219802975654602,
                        -0.10740785300731659,
                        -0.46575701236724854,
                        -0.10421647131443024,
                        -0.18585944175720215,
                        -0.15708602964878082,
                        -0.14756785333156586,
                        -0.010252997279167175,
                        -0.048164501786231995,
                        -0.0589137077331543,
                        -0.13595472276210785,
                        -0.2454969435930252,
                        -0.12123167514801025,
                        -0.15459471940994263,
                        -0.1664678454399109,
                        -0.062043219804763794,
                        -0.09064903855323792,
                        -0.01869116723537445,
                        -0.014746695756912231
                    ]
                ]
            ],
            "states": [
                [
                    [
                        5057864.0,
                        2.556295476097148e-05,
                        0.00012937834253534675,
                        777561.25
                    ],
                    [
                        5348912.0,
                        2.480310831742827e-05,
                        0.00013201982073951513,
                        791966.9375
                    ],
                    [
                        5101304.0,
                        2.4083872631308623e-05,
                        0.00013791865785606205,
                        790369.0625
                    ],
                    [
                        5538600.0,
                        2.3393640731228516e-05,
                        0.00014453318726737052,
                        780343.4375
                    ],
                    [
                        5412624.0,
                        2.272302663186565e-05,
                        0.00014699026360176504,
                        758450.9375
                    ],
                    [
                        5321400.0,
                        2.2102101866039447e-05,
                        0.00016071676509454846,
                        845866.875
                    ],
                    [
                        5683400.0,
                        2.1499938156921417e-05,
                        0.00016249381587840617,
                        821531.0
                    ],
                    [
                        5282304.0,
                        2.0931340259267017e-05,
                        0.0001488575799157843,
                        840709.875
                    ],
                    [
                        5545840.0,
                        2.0398911146912724e-05,
                        0.00016087492986116558,
                        823198.9375
                    ],
                    [
                        5474888.0,
                        1.9883997083525173e-05,
                        0.00016716374375391752,
                        838579.125
                    ],
                    [
                        5364840.0,
                        1.9402330508455634e-05,
                        0.00019032474665436894,
                        800380.6875
                    ],
                    [
                        5569008.0,
                        1.8939608708024025e-05,
                        0.00018542619363870472,
                        823891.875
                    ],
                    [
                        5332984.0,
                        1.849955879151821e-05,
                        0.000198170033399947,
                        846311.4375
                    ],
                    [
                        5224384.0,
                        1.8092512618750334e-05,
                        0.0001916241308208555,
                        900435.5625
                    ],
                    [
                        5133160.0,
                        1.771021015883889e-05,
                        0.0002063407882815227,
                        866428.5625
                    ],
                    [
                        5361944.0,
                        1.733909812173806e-05,
                        0.00023895764024928212,
                        862112.4375
                    ],
                    [
                        5535704.0,
                        1.6969803255051374e-05,
                        0.00025051896227523685,
                        868913.125
                    ],
                    [
                        5189632.0,
                        1.662127579038497e-05,
                        0.0002676467993296683,
                        810234.1875
                    ],
                    [
                        5453168.0,
                        1.6289424820570275e-05,
                        0.0002700872428249568,
                        842694.5
                    ],
                    [
                        5334432.0,
                        1.5966239516274072e-05,
                        0.0002660537720657885,
                        825795.9375
                    ]
                ]
            ],
            "actions": [
                [
                    [
                        0.75
                    ],
                    [
                        0.75
                    ],
                    [
                        0.75
                    ],
                    [
                        0.75
                    ],
                    [
                        0.75
                    ],
                    [
                        0.75
                    ],
                    [
                        0.75
                    ],
                    [
                        0.75
                    ],
                    [
                        0.75
                    ],
                    [
                        0.75
                    ],
                    [
                        0.75
                    ],
                    [
                        0.75
                    ],
                    [
                        0.75
                    ],
                    [
                        0.75
                    ],
                    [
                        0.75
                    ],
                    [
                        0.75
                    ],
                    [
                        0.75
                    ],
                    [
                        0.75
                    ],
                    [
                        0.75
                    ],
                    [
                        0.75
                    ]
                ]
            ],
            "returns": [
                [
                    [
                        0.5615583062171936
                    ],
                    [
                        0.5606297850608826
                    ],
                    [
                        0.5596962571144104
                    ],
                    [
                        0.5587669014930725
                    ],
                    [
                        0.557830274105072
                    ],
                    [
                        0.5568956732749939
                    ],
                    [
                        0.5559626221656799
                    ],
                    [
                        0.555023729801178
                    ],
                    [
                        0.5540912747383118
                    ],
                    [
                        0.5531545877456665
                    ],
                    [
                        0.5522189736366272
                    ],
                    [
                        0.5512851476669312
                    ],
                    [
                        0.5503480434417725
                    ],
                    [
                        0.5494148135185242
                    ],
                    [
                        0.5484833717346191
                    ],
                    [
                        0.5475534796714783
                    ],
                    [
                        0.546619713306427
                    ],
                    [
                        0.5456831455230713
                    ],
                    [
                        0.544752299785614
                    ],
                    [
                        0.5438170433044434
                    ]
                ]
            ],
            "timesteps": [
                [
                    20,
                    21,
                    22,
                    23,
                    24,
                    25,
                    26,
                    27,
                    28,
                    29,
                    30,
                    31,
                    32,
                    33,
                    34,
                    35,
                    36,
                    37,
                    38,
                    39
                ]
            ],
            "labels": [
                [
                    2,
                    2,
                    2,
                    2,
                    2,
                    2,
                    2,
                    2,
                    2,
                    2,
                    2,
                    2,
                    2,
                    2,
                    2,
                    2,
                    2,
                    2,
                    2,
                    2
                ]
            ],
            "CPU Usage": 46.7,
            "RAM Usage": 55.4,
            "GPU Usage": 0.0,
            "VRAM Usage": 356.0,
            "Disk Read Speed (MB/s)": 206042.6650390625,
            "Disk Write Speed (MB/s)": 355798.8251953125
        },
        {
            "step": 2,
            "train_loss": 0.0394628643989563,
            "actions_pred1": [
                [
                    [
                        0.27844905853271484,
                        0.08070500195026398,
                        0.6332703232765198,
                        -0.006682604551315308
                    ],
                    [
                        0.2651454210281372,
                        0.13568946719169617,
                        0.6545941233634949,
                        -0.07718485593795776
                    ],
                    [
                        0.19524702429771423,
                        0.17953568696975708,
                        0.7283943891525269,
                        -0.21867753565311432
                    ],
                    [
                        0.095858134329319,
                        0.1908758580684662,
                        0.6863538026809692,
                        -0.20325703918933868
                    ],
                    [
                        0.06870601326227188,
                        0.3577338457107544,
                        0.5963426828384399,
                        -0.2656714916229248
                    ],
                    [
                        0.1694995015859604,
                        0.25444862246513367,
                        0.6503173112869263,
                        -0.19316905736923218
                    ],
                    [
                        0.2894213795661926,
                        0.285588800907135,
                        0.575670599937439,
                        -0.11398044228553772
                    ],
                    [
                        0.001565597951412201,
                        0.36102592945098877,
                        0.8506505489349365,
                        -0.15234123170375824
                    ],
                    [
                        -0.02009216696023941,
                        0.4398999810218811,
                        0.9374969005584717,
                        -0.14446508884429932
                    ],
                    [
                        -0.12129955738782883,
                        0.3825462758541107,
                        0.9565454721450806,
                        -0.19705232977867126
                    ],
                    [
                        -0.1314449906349182,
                        0.3909691274166107,
                        1.0197136402130127,
                        -0.31101295351982117
                    ],
                    [
                        0.0588061660528183,
                        0.2611265182495117,
                        0.8528265357017517,
                        -0.16379979252815247
                    ],
                    [
                        0.061920925974845886,
                        0.2229384034872055,
                        0.9017314910888672,
                        -0.24900482594966888
                    ],
                    [
                        -0.004507139325141907,
                        0.1384492665529251,
                        0.9164903163909912,
                        -0.21416881680488586
                    ],
                    [
                        0.150702103972435,
                        0.2376839518547058,
                        0.8573776483535767,
                        -0.22427895665168762
                    ],
                    [
                        0.15873616933822632,
                        0.18133533000946045,
                        0.6670722961425781,
                        -0.08082717657089233
                    ],
                    [
                        0.20623686909675598,
                        0.24103501439094543,
                        0.6345000267028809,
                        -0.04454156756401062
                    ],
                    [
                        0.23203922808170319,
                        0.2292041778564453,
                        0.6186673641204834,
                        -0.09084372222423553
                    ],
                    [
                        0.36567258834838867,
                        0.22065310180187225,
                        0.7197166681289673,
                        -0.14614129066467285
                    ],
                    [
                        0.2198556363582611,
                        0.31305184960365295,
                        0.7000964879989624,
                        -0.12410096824169159
                    ]
                ]
            ],
            "actions_pred": [
                [
                    [
                        0.27844905853271484,
                        0.2651454210281372,
                        0.19524702429771423,
                        0.095858134329319,
