{
    "steps": [
        {
            "step": 0,
            "train_loss": 0.029290635138750076,
            "actions_pred1": [
                [
                    [
                        0.2281360626220703,
                        0.9722311496734619,
                        1.0832117795944214,
                        -1.4723949432373047
                    ],
                    [
                        0.2751213610172272,
                        0.9572781324386597,
                        1.093743085861206,
                        -1.4755029678344727
                    ],
                    [
                        0.25506845116615295,
                        1.0050934553146362,
                        1.1686443090438843,
                        -1.6468470096588135
                    ],
                    [
                        0.12149400264024734,
                        1.051165223121643,
                        1.1208745241165161,
                        -1.7026326656341553
                    ],
                    [
                        0.11630183458328247,
                        1.2407467365264893,
                        0.9942970275878906,
                        -1.76304030418396
                    ],
                    [
                        0.20342037081718445,
                        1.1301244497299194,
                        1.0164239406585693,
                        -1.6272201538085938
                    ],
                    [
                        0.34973978996276855,
                        1.1342272758483887,
                        0.906011700630188,
                        -1.5450348854064941
                    ],
                    [
                        0.09478829056024551,
                        1.1822357177734375,
                        1.2203538417816162,
                        -1.5213416814804077
                    ],
                    [
                        0.06759080290794373,
                        1.2368061542510986,
                        1.287724494934082,
                        -1.474873661994934
                    ],
                    [
                        -0.04883961379528046,
                        1.1870042085647583,
                        1.304242491722107,
                        -1.5463253259658813
                    ],
                    [
                        -0.08424598723649979,
                        1.2422144412994385,
                        1.4527044296264648,
                        -1.7555856704711914
                    ],
                    [
                        0.08889302611351013,
                        1.1061923503875732,
                        1.2746208906173706,
                        -1.5954517126083374
                    ],
                    [
                        0.118708536028862,
                        1.042173147201538,
                        1.3164719343185425,
                        -1.6818822622299194
                    ],
                    [
                        0.0663311779499054,
                        0.8842233419418335,
                        1.2970837354660034,
                        -1.5632004737854004
                    ],
                    [
                        0.21287459135055542,
                        1.1558046340942383,
                        1.275186538696289,
                        -1.7884869575500488
                    ],
                    [
                        0.22356140613555908,
                        1.081983208656311,
                        1.069451093673706,
                        -1.5418446063995361
                    ],
                    [
                        0.29931169748306274,
                        1.1061164140701294,
                        1.016795039176941,
                        -1.455283761024475
                    ],
                    [
                        0.32353857159614563,
                        1.0481215715408325,
                        0.9880411028862,
                        -1.4873067140579224
                    ],
                    [
                        0.47338026762008667,
                        1.04058837890625,
                        1.1224831342697144,
                        -1.5739668607711792
                    ],
                    [
                        0.32080256938934326,
                        1.1552441120147705,
                        1.127400517463684,
                        -1.6031426191329956
                    ]
                ]
            ],
            "actions_pred": [
                [
                    [
                        0.2281360626220703,
                        0.2751213610172272,
                        0.25506845116615295,
                        0.12149400264024734,
                        0.11630183458328247,
                        0.20342037081718445,
                        0.34973978996276855,
                        0.09478829056024551,
                        0.06759080290794373,
                        -0.04883961379528046,
                        -0.08424598723649979,
                        0.08889302611351013,
                        0.118708536028862,
                        0.0663311779499054,
                        0.21287459135055542,
                        0.22356140613555908,
                        0.29931169748306274,
                        0.32353857159614563,
                        0.47338026762008667,
                        0.32080256938934326
                    ],
                    [
                        0.9722311496734619,
                        0.9572781324386597,
                        1.0050934553146362,
                        1.051165223121643,
                        1.2407467365264893,
                        1.1301244497299194,
                        1.1342272758483887,
                        1.1822357177734375,
                        1.2368061542510986,
                        1.1870042085647583,
                        1.2422144412994385,
                        1.1061923503875732,
                        1.042173147201538,
                        0.8842233419418335,
                        1.1558046340942383,
                        1.081983208656311,
                        1.1061164140701294,
                        1.0481215715408325,
                        1.04058837890625,
                        1.1552441120147705
                    ],
                    [
                        1.0832117795944214,
                        1.093743085861206,
                        1.1686443090438843,
                        1.1208745241165161,
                        0.9942970275878906,
                        1.0164239406585693,
                        0.906011700630188,
                        1.2203538417816162,
                        1.287724494934082,
                        1.304242491722107,
                        1.4527044296264648,
                        1.2746208906173706,
                        1.3164719343185425,
                        1.2970837354660034,
                        1.275186538696289,
                        1.069451093673706,
                        1.016795039176941,
                        0.9880411028862,
                        1.1224831342697144,
                        1.127400517463684
                    ],
                    [
                        -1.4723949432373047,
                        -1.4755029678344727,
                        -1.6468470096588135,
                        -1.7026326656341553,
                        -1.76304030418396,
                        -1.6272201538085938,
                        -1.5450348854064941,
                        -1.5213416814804077,
                        -1.474873661994934,
                        -1.5463253259658813,
                        -1.7555856704711914,
                        -1.5954517126083374,
                        -1.6818822622299194,
                        -1.5632004737854004,
                        -1.7884869575500488,
                        -1.5418446063995361,
                        -1.455283761024475,
                        -1.4873067140579224,
                        -1.5739668607711792,
                        -1.6031426191329956
                    ]
                ]
            ],
            "states": [
                [
                    [
                        5847024.0,
                        7.17427474228316e-06,
                        0.0002797465131152421,
                        862261.25
                    ],
                    [
                        5130264.0,
                        7.109771104296669e-06,
                        0.00027696648612618446,
                        791462.9375
                    ],
                    [
                        5460408.0,
                        7.0486535150848795e-06,
                        0.0002747685939539224,
                        848104.9375
                    ],
                    [
                        5159224.0,
                        6.988396307860967e-06,
                        0.000255326071055606,
                        826896.4375
                    ],
                    [
                        5280856.0,
                        6.9301599978643935e-06,
                        0.0002729953557718545,
                        850071.375
                    ],
                    [
                        5415520.0,
                        6.871501227578847e-06,
                        0.00026464968686923385,
                        894284.875
                    ],
                    [
                        5138952.0,
                        6.81457140672137e-06,
                        0.000260901142610237,
                        824406.5
                    ],
                    [
                        5364840.0,
                        6.758851213817252e-06,
                        0.00026091569452546537,
                        837380.25
                    ],
                    [
                        8605643.0,
                        0.0036125751212239265,
                        0.0002766261750366539,
                        462352.0625
                    ],
                    [
                        10015816.0,
                        0.00033437556703574955,
                        0.00026207882910966873,
                        482968.0625
                    ],
                    [
                        7806168.0,
                        0.00019468956452328712,
                        0.00027697221958078444,
                        473153.5
                    ],
                    [
                        6004856.0,
                        0.00014804340025875717,
                        0.00037561735371127725,
                        563905.9375
                    ],
                    [
                        3835752.0,
                        0.00012653775047510862,
                        0.000348972505889833,
                        546822.625
                    ],
                    [
                        693592.0,
                        0.00011859468213515356,
                        0.000344088242854923,
                        536207.0
                    ],
                    [
                        1136680.0,
                        0.00011570940841920674,
                        0.00030916635296307504,
                        532932.75
                    ],
                    [
                        755856.0,
                        0.0001128598305513151,
                        0.00029186115716584027,
                        668301.125
                    ],
                    [
                        573408.0,
                        0.00011094257206423208,
                        0.00031188191496767104,
                        741689.6875
                    ],
                    [
                        432952.0,
                        0.0001095341140171513,
                        0.0003927450452465564,
                        678985.1875
                    ],
                    [
                        1216320.0,
                        0.00010730996291385964,
                        0.00034627493005245924,
                        618105.1875
                    ],
                    [
                        4131144.0,
                        0.00010072957229567692,
                        0.00028098482289351523,
                        571491.4375
                    ]
                ]
            ],
            "actions": [
                [
                    [
                        0.75
                    ],
                    [
                        0.75
                    ],
                    [
                        0.75
                    ],
                    [
                        0.75
                    ],
                    [
                        0.75
                    ],
                    [
                        0.75
                    ],
                    [
                        0.75
                    ],
                    [
                        0.75
                    ],
                    [
                        0.5
                    ],
                    [
                        0.5
                    ],
                    [
                        0.5
                    ],
                    [
                        0.5
                    ],
                    [
                        0.5
                    ],
                    [
                        0.5
                    ],
                    [
                        0.5
                    ],
                    [
                        0.5
                    ],
                    [
                        0.5
                    ],
                    [
                        0.5
                    ],
                    [
                        0.5
                    ],
                    [
                        0.5
                    ]
                ]
            ],
            "returns": [
                [
                    [
                        0.48685410618782043
                    ],
                    [
                        0.4859126806259155
                    ],
                    [
                        0.48498284816741943
                    ],
                    [
                        0.4840475022792816
                    ],
                    [
                        0.48311716318130493
                    ],
                    [
                        0.4821847677230835
                    ],
                    [
                        0.481250137090683
                    ],
                    [
                        0.48032015562057495
                    ],
                    [
                        0.4793863594532013
                    ],
                    [
                        0.47841066122055054
                    ],
                    [
                        0.47742152214050293
                    ],
                    [
                        0.4764544665813446
                    ],
                    [
                        0.47551068663597107
                    ],
                    [
                        0.47460663318634033
                    ],
                    [
                        0.4738542139530182
                    ],
                    [
                        0.47305798530578613
                    ],
                    [
                        0.4722979664802551
                    ],
                    [
                        0.47156238555908203
                    ],
                    [
                        0.47085174918174744
                    ],
                    [
                        0.47004953026771545
                    ]
                ]
            ],
            "timesteps": [
                [
                    100,
                    101,
                    102,
                    103,
                    104,
                    105,
                    106,
                    107,
                    108,
                    109,
                    110,
                    111,
                    112,
                    113,
                    114,
                    115,
                    116,
                    117,
                    118,
                    119
                ]
            ],
            "labels": [
                [
                    2,
                    2,
                    2,
                    2,
                    2,
                    2,
                    2,
                    2,
                    1,
                    1,
                    1,
                    1,
                    1,
                    1,
                    1,
                    1,
                    1,
                    1,
                    1,
                    1
                ]
            ],
            "CPU Usage": 46.4,
            "RAM Usage": 55.1,
            "GPU Usage": 0.0,
            "VRAM Usage": 355.0,
            "Disk Read Speed (MB/s)": 206398.1962890625,
            "Disk Write Speed (MB/s)": 385418.7392578125
        },
        {
            "step": 1,
            "train_loss": 0.028906594961881638,
            "actions_pred1": [
                [
                    [
                        -0.24772809445858002,
                        0.22090743482112885,
                        0.21529456973075867,
                        -2.374955415725708
                    ],
                    [
                        -0.3552502393722534,
                        0.6280884146690369,
                        0.19995924830436707,
                        -1.6198428869247437
                    ],
                    [
                        -0.20029973983764648,
                        0.6239831447601318,
                        0.31174707412719727,
                        -1.5468264818191528
                    ],
                    [
                        -0.14102467894554138,
                        0.719464898109436,
                        0.44852960109710693,
                        -1.597159504890442
                    ],
                    [
                        -0.1181597039103508,
                        0.5845971703529358,
                        0.48230722546577454,
                        -1.6708214282989502
                    ],
                    [
                        -0.14684955775737762,
                        0.6517342329025269,
                        0.6300601959228516,
                        -1.7463679313659668
                    ],
                    [
                        -0.13884757459163666,
                        0.5459211468696594,
                        0.6275960206985474,
                        -1.6298229694366455
                    ],
                    [
                        -0.0907217264175415,
                        0.5348168611526489,
                        0.5540633797645569,
                        -1.486987590789795
                    ],
                    [
                        -0.19304847717285156,
                        0.46113842725753784,
                        0.5666477084159851,
                        -1.582820177078247
                    ],
                    [
                        -0.2772238850593567,
                        0.4802514910697937,
                        0.5210546255111694,
                        -1.6113433837890625
                    ],
                    [
                        -0.1884375512599945,
                        0.6889892220497131,
                        0.6723688244819641,
                        -1.5424749851226807
                    ],
                    [
                        -0.26534202694892883,
                        0.6493066549301147,
                        0.6676404476165771,
                        -1.3591437339782715
                    ],
                    [
                        -0.27404001355171204,
                        0.6429151296615601,
                        0.7174954414367676,
                        -1.4184062480926514
                    ],
                    [
                        -0.26647964119911194,
                        0.6804347038269043,
                        0.7738175392150879,
                        -1.4316097497940063
                    ],
                    [
                        -0.2715717554092407,
                        0.6434518098831177,
                        0.7188219428062439,
                        -1.5462803840637207
                    ],
                    [
                        -0.30886605381965637,
                        0.6299751400947571,
                        0.6461790204048157,
                        -1.4724172353744507
                    ],
                    [
                        -0.27357205748558044,
                        0.6100196838378906,
                        0.6980518102645874,
                        -1.5750974416732788
                    ],
                    [
                        -0.2994701564311981,
                        0.5933417081832886,
                        0.6546562910079956,
                        -1.5792049169540405
                    ],
                    [
                        -0.21990934014320374,
                        0.8572970628738403,
                        0.6254369616508484,
                        -1.4059255123138428
                    ],
                    [
                        -0.1520790010690689,
                        0.7223716378211975,
                        0.7084572911262512,
                        -1.474299430847168
                    ]
                ]
            ],
            "actions_pred": [
                [
                    [
                        -0.24772809445858002,
                        -0.3552502393722534,
                        -0.20029973983764648,
                        -0.14102467894554138,
                        -0.1181597039103508,
                        -0.14684955775737762,
                        -0.13884757459163666,
                        -0.0907217264175415,
                        -0.19304847717285156,
                        -0.2772238850593567,
                        -0.1884375512599945,
                        -0.26534202694892883,
                        -0.27404001355171204,
                        -0.26647964119911194,
                        -0.2715717554092407,
                        -0.30886605381965637,
                        -0.27357205748558044,
                        -0.2994701564311981,
                        -0.21990934014320374,
                        -0.1520790010690689
                    ],
                    [
                        0.22090743482112885,
                        0.6280884146690369,
                        0.6239831447601318,
                        0.719464898109436,
                        0.5845971703529358,
                        0.6517342329025269,
                        0.5459211468696594,
                        0.5348168611526489,
                        0.46113842725753784,
                        0.4802514910697937,
                        0.6889892220497131,
                        0.6493066549301147,
                        0.6429151296615601,
                        0.6804347038269043,
                        0.6434518098831177,
                        0.6299751400947571,
                        0.6100196838378906,
                        0.5933417081832886,
                        0.8572970628738403,
                        0.7223716378211975
                    ],
                    [
                        0.21529456973075867,
                        0.19995924830436707,
                        0.31174707412719727,
                        0.44852960109710693,
                        0.48230722546577454,
                        0.6300601959228516,
                        0.6275960206985474,
                        0.5540633797645569,
                        0.5666477084159851,
                        0.5210546255111694,
                        0.6723688244819641,
                        0.6676404476165771,
                        0.7174954414367676,
                        0.7738175392150879,
                        0.7188219428062439,
                        0.6461790204048157,
                        0.6980518102645874,
                        0.6546562910079956,
                        0.6254369616508484,
                        0.7084572911262512
                    ],
                    [
                        -2.374955415725708,
                        -1.6198428869247437,
                        -1.5468264818191528,
                        -1.597159504890442,
                        -1.6708214282989502,
                        -1.7463679313659668,
                        -1.6298229694366455,
                        -1.486987590789795,
                        -1.582820177078247,
                        -1.6113433837890625,
                        -1.5424749851226807,
                        -1.3591437339782715,
                        -1.4184062480926514,
                        -1.4316097497940063,
                        -1.5462803840637207,
                        -1.4724172353744507,
                        -1.5750974416732788,
                        -1.5792049169540405,
                        -1.4059255123138428,
                        -1.474299430847168
                    ]
                ]
            ],
            "states": [
                [
                    [
                        3840096.0,
                        2.92694730887888e-05,
                        0.00022606240236200392,
                        669392.5
                    ],
                    [
                        5186736.0,
                        2.8975890018045902e-05,
                        0.0002532026555854827,
                        623919.4375
                    ],
                    [
                        4765368.0,
                        2.86587583104847e-05,
                        0.0002667571825440973,
                        632646.8125
                    ],
                    [
                        6161240.0,
                        2.8318694603512995e-05,
                        0.00026687141507864,
                        545136.5625
                    ],
                    [
                        6174272.0,
                        2.7944166504312307e-05,
                        0.0002529114135541022,
                        614846.3125
                    ],
                    [
                        5751456.0,
                        2.7591326215770096e-05,
                        0.0002583715249784291,
                        530205.9375
                    ],
                    [
                        7742456.0,
                        2.720300471992232e-05,
                        0.001365873496979475,
                        538990.625
                    ],
                    [
                        6206128.0,
                        2.6812451324076392e-05,
                        0.0008239395683631301,
                        520321.9375
                    ],
                    [
                        5211352.0,
                        2.6501078536966816e-05,
                        0.0005388445570133626,
                        565831.875
                    ],
                    [
                        4737856.0,
                        2.623563341330737e-05,
                        0.0005018769879825413,
                        557744.25
                    ],
                    [
                        3256552.0,
                        2.6026094928965904e-05,
                        0.0005396626074798405,
                        583406.625
                    ],
                    [
                        2370376.0,
                        2.588063398434315e-05,
                        0.00039070475031621754,
                        599303.875
                    ],
                    [
                        3150848.0,
                        2.573955680418294e-05,
                        0.00037147922557778656,
                        638024.3125
                    ],
                    [
                        4121008.0,
                        2.5556088075973094e-05,
                        0.00035373689024709165,
                        613075.625
                    ],
                    [
                        3627240.0,
                        2.5363364329678006e-05,
                        0.0003472233365755528,
                        713559.4375
                    ],
                    [
                        4171688.0,
                        2.5172355890390463e-05,
                        0.00021890846255701035,
                        610763.0
                    ],
                    [
                        2390648.0,
                        2.501373273844365e-05,
                        0.00019109471759293228,
                        629310.5
                    ],
                    [
                        3237728.0,
                        2.487938036210835e-05,
                        0.00025023153284564614,
                        525239.375
                    ],
                    [
                        5175152.0,
                        2.4681297873030417e-05,
                        0.000305382302030921,
                        610625.375
                    ],
                    [
                        4510520.0,
                        2.445693280606065e-05,
                        0.00029567780438810587,
                        582702.6875
                    ]
                ]
            ],
            "actions": [
                [
                    [
                        0.5
                    ],
                    [
                        0.5
                    ],
                    [
                        0.5
                    ],
                    [
                        0.5
                    ],
                    [
                        0.5
                    ],
                    [
                        0.5
                    ],
                    [
                        0.5
                    ],
                    [
                        0.5
                    ],
                    [
                        0.5
                    ],
                    [
                        0.5
                    ],
                    [
                        0.5
                    ],
                    [
                        0.5
                    ],
                    [
                        0.5
                    ],
                    [
                        0.5
                    ],
                    [
                        0.5
                    ],
                    [
                        0.5
                    ],
                    [
                        0.5
                    ],
                    [
                        0.5
                    ],
                    [
                        0.5
                    ],
                    [
                        0.5
                    ]
                ]
            ],
            "returns": [
                [
                    [
                        0.11548818647861481
                    ],
                    [
                        0.11458403617143631
                    ],
                    [
                        0.11365323513746262
                    ],
                    [
                        0.11272994428873062
                    ],
                    [
                        0.11178387701511383
                    ],
                    [
                        0.11083762347698212
                    ],
                    [
                        0.1098976582288742
                    ],
                    [
                        0.10893134027719498
                    ],
                    [
                        0.10798463225364685
                    ],
                    [
                        0.10705341398715973
                    ],
                    [
                        0.10613063722848892
                    ],
                    [
                        0.10524109750986099
                    ],
                    [
                        0.10437972098588943
                    ],
                    [
                        0.1034931093454361
                    ],
                    [
                        0.10258270055055618
                    ],
                    [
                        0.1016836017370224
                    ],
                    [
                        0.10077211260795593
                    ],
                    [
                        0.09990997612476349
                    ],
                    [
                        0.09902095794677734
                    ],
                    [
                        0.09809035062789917
                    ]
                ]
            ],
            "timesteps": [
                [
                    500,
                    501,
                    502,
                    503,
                    504,
                    505,
                    506,
                    507,
                    508,
                    509,
                    510,
                    511,
                    512,
                    513,
                    514,
                    515,
                    516,
                    517,
                    518,
                    519
                ]
            ],
            "labels": [
                [
                    1,
                    1,
                    1,
                    1,
                    1,
                    1,
                    1,
                    1,
                    1,
                    1,
                    1,
                    1,
                    1,
                    1,
                    1,
                    1,
                    1,
                    1,
                    1,
                    1
                ]
            ],
            "CPU Usage": 46.7,
            "RAM Usage": 55.3,
            "GPU Usage": 0.0,
            "VRAM Usage": 355.0,
            "Disk Read Speed (MB/s)": 206398.1962890625,
            "Disk Write Speed (MB/s)": 385418.7939453125
        },
        {
            "step": 2,
            "train_loss": 0.024711528792977333,
            "actions_pred1": [
                [
                    [
                        0.19259464740753174,
                        0.5917307138442993,
                        1.2021571397781372,
                        -0.9388328194618225
                    ],
                    [
                        0.15984827280044556,
                        0.5700957179069519,
                        1.1740797758102417,
                        -0.971511960029602
                    ],
                    [
                        0.2259737104177475,
                        0.6037725210189819,
                        1.0801080465316772,
                        -1.0515519380569458
                    ],
                    [
                        0.2576887011528015,
                        0.4602416157722473,
                        0.9844244718551636,
                        -1.2633053064346313
                    ],
                    [
                        0.4005707800388336,
                        0.44006288051605225,
                        1.0094681978225708,
                        -1.3355934619903564
                    ],
                    [
                        0.3778550326824188,
                        0.42291051149368286,
                        0.9561110138893127,
                        -1.2745884656906128
                    ],
                    [
                        0.3671901822090149,
                        0.700840950012207,
                        0.8672578930854797,
                        -1.244910717010498
                    ],
                    [
                        0.398876816034317,
                        0.6668527722358704,
                        1.0020251274108887,
                        -1.1710901260375977
                    ],
                    [
                        0.4812951683998108,
                        0.712733268737793,
                        1.0016887187957764,
                        -1.296173095703125
                    ],
                    [
                        0.3988884687423706,
                        0.6900498270988464,
                        1.0163720846176147,
                        -1.3684380054473877
                    ],
                    [
                        0.3877105116844177,
                        0.6709526181221008,
                        1.0562084913253784,
                        -1.3419610261917114
                    ],
                    [
                        0.3215025067329407,
                        0.6833452582359314,
                        1.0159751176834106,
                        -1.3348437547683716
                    ],
                    [
                        0.41519296169281006,
                        0.6207699179649353,
                        1.189033031463623,
                        -1.4261246919631958
                    ],
                    [
                        0.39277878403663635,
                        0.6625760197639465,
                        1.1862449645996094,
                        -1.4064786434173584
                    ],
                    [
                        0.35036611557006836,
                        0.6903970241546631,
                        1.0939255952835083,
                        -1.4301291704177856
                    ],
                    [
                        0.2601170539855957,
                        0.710453987121582,
                        1.188317060470581,
                        -1.5086008310317993
                    ],
                    [
                        0.12913326919078827,
                        0.732399582862854,
                        1.1999253034591675,
                        -1.4802048206329346
                    ],
                    [
                        0.3316052258014679,
                        0.7840481996536255,
                        1.1163313388824463,
                        -1.4619410037994385
                    ],
                    [
                        0.2661460041999817,
                        0.7430548071861267,
                        1.1471123695373535,
                        -1.436856985092163
                    ],
                    [
                        0.23697949945926666,
                        0.6889821290969849,
                        1.2302309274673462,
                        -1.4040217399597168
                    ]
                ]
            ],
            "actions_pred": [
                [
                    [
                        0.19259464740753174,
                        0.15984827280044556,
                        0.2259737104177475,
                        0.2576887011528015,
                        0.4005707800388336,
                        0.3778550326824188,
                        0.3671901822090149,
                        0.398876816034317,
                        0.4812951683998108,
                        0.3988884687423706,
