{
    "steps": [
        {
            "step": 0,
            "train_loss": 0.014657978899776936,
            "actions_pred1": [
                [
                    [
                        0.9357031583786011,
                        2.13230562210083,
                        1.678254246711731,
                        -3.9385592937469482
                    ],
                    [
                        0.7812437415122986,
                        2.696535348892212,
                        1.4905731678009033,
                        -4.305541515350342
                    ],
                    [
                        0.7922034859657288,
                        2.4970083236694336,
                        1.3838279247283936,
                        -4.810654640197754
                    ],
                    [
                        0.17789441347122192,
                        2.179224967956543,
                        2.1093697547912598,
                        -5.286098957061768
                    ],
                    [
                        -0.0844605565071106,
                        2.1106889247894287,
                        2.6173758506774902,
                        -5.534911155700684
                    ],
                    [
                        0.25112321972846985,
                        1.8490283489227295,
                        2.6548523902893066,
                        -5.682973384857178
                    ],
                    [
                        0.5792866945266724,
                        1.43158757686615,
                        2.834434747695923,
                        -5.623933792114258
                    ],
                    [
                        0.6967635154724121,
                        1.1964308023452759,
                        3.3903214931488037,
                        -5.853265762329102
                    ],
                    [
                        1.0055370330810547,
                        1.0071982145309448,
                        3.562178134918213,
                        -5.809078216552734
                    ],
                    [
                        0.9785547256469727,
                        0.879841685295105,
                        3.8214638233184814,
                        -5.973476886749268
                    ],
                    [
                        0.9781545996665955,
                        0.5995004177093506,
                        3.9091341495513916,
                        -5.982918739318848
                    ],
                    [
                        1.179210901260376,
                        0.5223009586334229,
                        4.13907527923584,
                        -6.113372802734375
                    ],
                    [
                        1.3531103134155273,
                        0.5778506994247437,
                        4.283892631530762,
                        -6.192965507507324
                    ],
                    [
                        1.2156920433044434,
                        0.6742503643035889,
                        4.523009300231934,
                        -6.222478866577148
                    ],
                    [
                        1.0603623390197754,
                        0.6425970196723938,
                        4.514330863952637,
                        -6.11979866027832
                    ],
                    [
                        1.1918752193450928,
                        0.4949073791503906,
                        4.497584342956543,
                        -6.311214923858643
                    ],
                    [
                        1.036232352256775,
                        0.46728789806365967,
                        4.405742645263672,
                        -6.287081718444824
                    ],
                    [
                        1.239820122718811,
                        0.546789824962616,
                        4.367753505706787,
                        -6.314399242401123
                    ],
                    [
                        1.2995184659957886,
                        0.6181354522705078,
                        4.475011348724365,
                        -6.158627986907959
                    ],
                    [
                        1.4271706342697144,
                        0.639984130859375,
                        4.477141857147217,
                        -6.275172233581543
                    ]
                ]
            ],
            "actions_pred": [
                [
                    [
                        0.9357031583786011,
                        0.7812437415122986,
                        0.7922034859657288,
                        0.17789441347122192,
                        -0.0844605565071106,
                        0.25112321972846985,
                        0.5792866945266724,
                        0.6967635154724121,
                        1.0055370330810547,
                        0.9785547256469727,
                        0.9781545996665955,
                        1.179210901260376,
                        1.3531103134155273,
                        1.2156920433044434,
                        1.0603623390197754,
                        1.1918752193450928,
                        1.036232352256775,
                        1.239820122718811,
                        1.2995184659957886,
                        1.4271706342697144
                    ],
                    [
                        2.13230562210083,
                        2.696535348892212,
                        2.4970083236694336,
                        2.179224967956543,
                        2.1106889247894287,
                        1.8490283489227295,
                        1.43158757686615,
                        1.1964308023452759,
                        1.0071982145309448,
                        0.879841685295105,
                        0.5995004177093506,
                        0.5223009586334229,
                        0.5778506994247437,
                        0.6742503643035889,
                        0.6425970196723938,
                        0.4949073791503906,
                        0.46728789806365967,
                        0.546789824962616,
                        0.6181354522705078,
                        0.639984130859375
                    ],
                    [
                        1.678254246711731,
                        1.4905731678009033,
                        1.3838279247283936,
                        2.1093697547912598,
                        2.6173758506774902,
                        2.6548523902893066,
                        2.834434747695923,
                        3.3903214931488037,
                        3.562178134918213,
                        3.8214638233184814,
                        3.9091341495513916,
                        4.13907527923584,
                        4.283892631530762,
                        4.523009300231934,
                        4.514330863952637,
                        4.497584342956543,
                        4.405742645263672,
                        4.367753505706787,
                        4.475011348724365,
                        4.477141857147217
                    ],
                    [
                        -3.9385592937469482,
                        -4.305541515350342,
                        -4.810654640197754,
                        -5.286098957061768,
                        -5.534911155700684,
                        -5.682973384857178,
                        -5.623933792114258,
                        -5.853265762329102,
                        -5.809078216552734,
                        -5.973476886749268,
                        -5.982918739318848,
                        -6.113372802734375,
                        -6.192965507507324,
                        -6.222478866577148,
                        -6.11979866027832,
                        -6.311214923858643,
                        -6.287081718444824,
                        -6.314399242401123,
                        -6.158627986907959,
                        -6.275172233581543
                    ]
                ]
            ],
            "states": [
                [
                    [
                        5457512.0,
                        9.714517545944545e-06,
                        0.0004527103737927973,
                        552968.1875
                    ],
                    [
                        4474320.0,
                        9.607780157239176e-06,
                        0.00029970589093863964,
                        640429.75
                    ],
                    [
                        3226144.0,
                        9.52661685005296e-06,
                        0.00026218051789328456,
                        614909.3125
                    ],
                    [
                        4174584.0,
                        9.44995554164052e-06,
                        0.0002925366861745715,
                        607098.5
                    ],
                    [
                        4522104.0,
                        9.361412594444118e-06,
                        0.00028024095809087157,
                        568885.75
                    ],
                    [
                        2825048.0,
                        8.919517313188408e-06,
                        0.0001758198341121897,
                        690901.5625
                    ],
                    [
                        5196872.0,
                        8.846717719279695e-06,
                        0.00013516498438548297,
                        601105.3125
                    ],
                    [
                        7633856.0,
                        8.732715286896564e-06,
                        0.0001646996388444677,
                        547900.5625
                    ],
                    [
                        47963.0,
                        0.2136354148387909,
                        0.00027816780493594706,
                        871190.125
                    ],
                    [
                        608160.0,
                        0.027683094143867493,
                        0.00026209698989987373,
                        1030414.6875
                    ],
                    [
                        537208.0,
                        0.007899114862084389,
                        0.0002851165772881359,
                        949322.9375
                    ],
                    [
                        671872.0,
                        0.004755145870149136,
                        0.000267517170868814,
                        888587.6875
                    ],
                    [
                        858664.0,
                        0.003167606657370925,
                        0.00027258697082288563,
                        909664.5625
                    ],
                    [
                        877488.0,
                        0.0022909550461918116,
                        0.00027191461413167417,
                        989545.25
                    ],
                    [
                        1255416.0,
                        0.0017173178493976593,
                        0.00027577357832342386,
                        1043241.4375
                    ],
                    [
                        1436416.0,
                        0.0013016851153224707,
                        0.00027702987426891923,
                        939221.25
                    ],
                    [
                        1715880.0,
                        0.0010147599969059229,
                        0.0002779100905172527,
                        989890.625
                    ],
                    [
                        1867920.0,
                        0.0008108949987217784,
                        0.00026160795823670924,
                        1001348.25
                    ],
                    [
                        2189376.0,
                        0.0006609969423152506,
                        0.0002753763983491808,
                        969961.0625
                    ],
                    [
                        2552824.0,
                        0.000543545582331717,
                        0.0002731475979089737,
                        970656.1875
                    ]
                ]
            ],
            "actions": [
                [
                    [
                        0.5
                    ],
                    [
                        0.5
                    ],
                    [
                        0.5
                    ],
                    [
                        0.5
                    ],
                    [
                        0.5
                    ],
                    [
                        0.5
                    ],
                    [
                        0.5
                    ],
                    [
                        0.5
                    ],
                    [
                        0.75
                    ],
                    [
                        0.75
                    ],
                    [
                        0.75
                    ],
                    [
                        0.75
                    ],
                    [
                        0.75
                    ],
                    [
                        0.75
                    ],
                    [
                        0.75
                    ],
                    [
                        0.75
                    ],
                    [
                        0.75
                    ],
                    [
                        0.75
                    ],
                    [
                        0.75
                    ],
                    [
                        0.75
                    ]
                ]
            ],
            "returns": [
                [
                    [
                        0.39574772119522095
                    ],
                    [
                        0.3948124051094055
                    ],
                    [
                        0.3938947021961212
                    ],
                    [
                        0.39300599694252014
                    ],
                    [
                        0.3920944333076477
                    ],
                    [
                        0.3911758065223694
                    ],
                    [
                        0.39029887318611145
                    ],
                    [
                        0.38936787843704224
                    ],
                    [
                        0.3884028196334839
                    ],
                    [
                        0.38788723945617676
                    ],
                    [
                        0.3871464729309082
                    ],
                    [
                        0.3864167034626007
                    ],
                    [
                        0.385667085647583
                    ],
                    [
                        0.3848957419395447
                    ],
                    [
                        0.38412246108055115
                    ],
                    [
                        0.3833174407482147
                    ],
                    [
                        0.38250046968460083
                    ],
                    [
                        0.38166773319244385
                    ],
                    [
                        0.38082748651504517
                    ],
                    [
                        0.3799731433391571
                    ]
                ]
            ],
            "timesteps": [
                [
                    200,
                    201,
                    202,
                    203,
                    204,
                    205,
                    206,
                    207,
                    208,
                    209,
                    210,
                    211,
                    212,
                    213,
                    214,
                    215,
                    216,
                    217,
                    218,
                    219
                ]
            ],
            "labels": [
                [
                    1,
                    1,
                    1,
                    1,
                    1,
                    1,
                    1,
                    1,
                    2,
                    2,
                    2,
                    2,
                    2,
                    2,
                    2,
                    2,
                    2,
                    2,
                    2,
                    2
                ]
            ],
            "CPU Usage": 46.0,
            "RAM Usage": 55.0,
            "GPU Usage": 0.0,
            "VRAM Usage": 355.0,
            "Disk Read Speed (MB/s)": 206654.6162109375,
            "Disk Write Speed (MB/s)": 434065.9111328125
        },
        {
            "step": 1,
            "train_loss": 0.005470342934131622,
            "actions_pred1": [
                [
                    [
                        0.700606644153595,
                        1.7423596382141113,
                        2.8836867809295654,
                        -4.01730489730835
                    ],
                    [
                        0.48351016640663147,
                        2.3434553146362305,
                        3.358020782470703,
                        -4.331137657165527
                    ],
                    [
                        1.3846395015716553,
                        2.208719253540039,
                        3.4238741397857666,
                        -4.898820400238037
                    ],
                    [
                        2.0000650882720947,
                        1.7014464139938354,
                        3.0389184951782227,
                        -5.194749355316162
                    ],
                    [
                        1.3785123825073242,
                        2.0595455169677734,
                        3.0491788387298584,
                        -5.908663272857666
                    ],
                    [
                        1.0063726902008057,
                        1.6894574165344238,
                        3.6602377891540527,
                        -5.951107025146484
                    ],
                    [
                        1.0960146188735962,
                        1.8490126132965088,
                        3.8151004314422607,
                        -5.345279693603516
                    ],
                    [
                        0.886297345161438,
                        1.5004551410675049,
                        3.8857641220092773,
                        -5.052308082580566
                    ],
                    [
                        0.8653137683868408,
                        1.5101913213729858,
                        4.161966800689697,
                        -5.1319499015808105
                    ],
                    [
                        0.7779220342636108,
                        1.5107253789901733,
                        4.377470970153809,
                        -5.201443195343018
                    ],
                    [
                        0.6927372217178345,
                        1.5573891401290894,
                        4.359401702880859,
                        -5.489989280700684
                    ],
                    [
                        1.0258159637451172,
                        1.5489652156829834,
                        4.280991077423096,
                        -5.251465797424316
                    ],
                    [
                        1.0062909126281738,
                        1.3713407516479492,
                        4.044163703918457,
                        -5.238591194152832
                    ],
                    [
                        1.1860249042510986,
                        0.9547660946846008,
                        4.220136642456055,
                        -5.346297264099121
                    ],
                    [
                        1.1317754983901978,
                        0.7911406755447388,
                        4.087160587310791,
                        -5.140970230102539
                    ],
                    [
                        0.982149600982666,
                        0.8884049654006958,
                        4.048210144042969,
                        -4.987471580505371
                    ],
                    [
                        0.9389674067497253,
                        1.0749142169952393,
                        4.295999050140381,
                        -4.884052276611328
                    ],
                    [
                        0.7896652221679688,
                        1.1312179565429688,
                        4.381016254425049,
                        -4.852275848388672
                    ],
                    [
                        0.608260989189148,
                        1.1370766162872314,
                        4.375434875488281,
                        -4.854804039001465
                    ],
                    [
                        0.7366903424263,
                        1.1363831758499146,
                        4.222742557525635,
                        -5.005916595458984
                    ]
                ]
            ],
            "actions_pred": [
                [
                    [
                        0.700606644153595,
                        0.48351016640663147,
                        1.3846395015716553,
                        2.0000650882720947,
                        1.3785123825073242,
                        1.0063726902008057,
                        1.0960146188735962,
                        0.886297345161438,
                        0.8653137683868408,
                        0.7779220342636108,
                        0.6927372217178345,
                        1.0258159637451172,
                        1.0062909126281738,
                        1.1860249042510986,
                        1.1317754983901978,
                        0.982149600982666,
                        0.9389674067497253,
                        0.7896652221679688,
                        0.608260989189148,
                        0.7366903424263
                    ],
                    [
                        1.7423596382141113,
                        2.3434553146362305,
                        2.208719253540039,
                        1.7014464139938354,
                        2.0595455169677734,
                        1.6894574165344238,
                        1.8490126132965088,
                        1.5004551410675049,
                        1.5101913213729858,
                        1.5107253789901733,
                        1.5573891401290894,
                        1.5489652156829834,
                        1.3713407516479492,
                        0.9547660946846008,
                        0.7911406755447388,
                        0.8884049654006958,
                        1.0749142169952393,
                        1.1312179565429688,
                        1.1370766162872314,
                        1.1363831758499146
                    ],
                    [
                        2.8836867809295654,
                        3.358020782470703,
                        3.4238741397857666,
                        3.0389184951782227,
                        3.0491788387298584,
                        3.6602377891540527,
                        3.8151004314422607,
                        3.8857641220092773,
                        4.161966800689697,
                        4.377470970153809,
                        4.359401702880859,
                        4.280991077423096,
                        4.044163703918457,
                        4.220136642456055,
                        4.087160587310791,
                        4.048210144042969,
                        4.295999050140381,
                        4.381016254425049,
                        4.375434875488281,
                        4.222742557525635
                    ],
                    [
                        -4.01730489730835,
                        -4.331137657165527,
                        -4.898820400238037,
                        -5.194749355316162,
                        -5.908663272857666,
                        -5.951107025146484,
                        -5.345279693603516,
                        -5.052308082580566,
                        -5.1319499015808105,
                        -5.201443195343018,
                        -5.489989280700684,
                        -5.251465797424316,
                        -5.238591194152832,
                        -5.346297264099121,
                        -5.140970230102539,
                        -4.987471580505371,
                        -4.884052276611328,
                        -4.852275848388672,
                        -4.854804039001465,
                        -5.005916595458984
                    ]
                ]
            ],
            "states": [
                [
                    [
                        5325744.0,
                        3.011092121596448e-05,
                        0.00027277067420072854,
                        851925.625
                    ],
                    [
                        5357600.0,
                        2.9456161428242922e-05,
                        0.00027305487310513854,
                        832487.0625
                    ],
                    [
                        5618240.0,
                        2.881258842535317e-05,
                        0.0002689558023121208,
                        866650.0
                    ],
                    [
                        5764488.0,
                        2.8174086764920503e-05,
                        0.0002797737834043801,
                        885137.0
                    ],
                    [
                        5370632.0,
                        2.7576063075684942e-05,
                        0.00025503398501314223,
                        827897.4375
                    ],
                    [
                        5432896.0,
                        2.7019848857889883e-05,
                        0.00027816780493594706,
                        880666.4375
                    ],
                    [
                        5364840.0,
                        2.6485795387998223e-05,
                        0.00026209698989987373,
                        834819.0
                    ],
                    [
                        5233072.0,
                        2.598174069134984e-05,
                        0.0002851165772881359,
                        880287.1875
                    ],
                    [
                        5114336.0,
                        2.5507837563054636e-05,
                        0.000267517170868814,
                        884475.5
                    ],
                    [
                        5458960.0,
                        2.504124859115109e-05,
                        0.00027258697082288563,
                        833080.1875
                    ],
                    [
                        5170808.0,
                        2.4588902306277305e-05,
                        0.00027191461413167417,
                        830618.8125
                    ],
                    [
                        5131712.0,
                        2.416586175968405e-05,
                        0.00027577357832342386,
                        795031.0
                    ],
                    [
                        5137504.0,
                        2.3758442694088444e-05,
                        0.00027702987426891923,
                        830415.5625
                    ],
                    [
                        5460408.0,
                        2.3352160496870056e-05,
                        0.0002779100905172527,
                        812805.0
                    ],
                    [
                        5332984.0,
                        2.2952330255066045e-05,
                        0.00026160795823670924,
                        784998.0
                    ],
                    [
                        5464752.0,
                        2.256591324112378e-05,
                        0.0002753763983491808,
                        843504.25
                    ],
                    [
                        5461856.0,
                        2.2187881768331863e-05,
                        0.0002731475979089737,
                        901654.0625
                    ],
                    [
                        5571904.0,
                        2.181875788664911e-05,
                        0.0002628508664201945,
                        880942.125
                    ],
                    [
                        5370632.0,
                        2.146460974472575e-05,
                        0.00026417680783197284,
                        856475.0625
                    ],
                    [
                        5508192.0,
                        2.1123838450876065e-05,
                        0.0002805523981805891,
                        865747.5
                    ]
                ]
            ],
            "actions": [
                [
                    [
                        0.75
                    ],
                    [
                        0.75
                    ],
                    [
                        0.75
                    ],
                    [
                        0.75
                    ],
                    [
                        0.75
                    ],
                    [
                        0.75
                    ],
                    [
                        0.75
                    ],
                    [
                        0.75
                    ],
                    [
                        0.75
                    ],
                    [
                        0.75
                    ],
                    [
                        0.75
                    ],
                    [
                        0.75
                    ],
                    [
                        0.75
                    ],
                    [
                        0.75
                    ],
                    [
                        0.75
                    ],
                    [
                        0.75
                    ],
                    [
                        0.75
                    ],
                    [
                        0.75
                    ],
                    [
                        0.75
                    ],
                    [
                        0.75
                    ]
                ]
            ],
            "returns": [
                [
                    [
                        0.34190085530281067
                    ],
                    [
                        0.34096771478652954
                    ],
                    [
                        0.34003403782844543
                    ],
                    [
                        0.3390961289405823
                    ],
                    [
                        0.33815598487854004
                    ],
                    [
                        0.33722206950187683
                    ],
                    [
                        0.33628717064857483
                    ],
                    [
                        0.33535337448120117
                    ],
                    [
                        0.3344217836856842
                    ],
                    [
                        0.3334922194480896
                    ],
                    [
                        0.33255690336227417
                    ],
                    [
                        0.33162635564804077
                    ],
                    [
                        0.3306964933872223
                    ],
                    [
                        0.32976654171943665
                    ],
                    [
                        0.32883119583129883
                    ],
                    [
                        0.32789793610572815
                    ],
                    [
                        0.32696250081062317
                    ],
                    [
                        0.3260270953178406
                    ],
                    [
                        0.3250899612903595
                    ],
                    [
                        0.3241560757160187
                    ]
                ]
            ],
            "timesteps": [
                [
                    260,
                    261,
                    262,
                    263,
                    264,
                    265,
                    266,
                    267,
                    268,
                    269,
                    270,
                    271,
                    272,
                    273,
                    274,
                    275,
                    276,
                    277,
                    278,
                    279
                ]
            ],
            "labels": [
                [
                    2,
                    2,
                    2,
                    2,
                    2,
                    2,
                    2,
                    2,
                    2,
                    2,
                    2,
                    2,
                    2,
                    2,
                    2,
                    2,
                    2,
                    2,
                    2,
                    2
                ]
            ],
            "CPU Usage": 47.0,
            "RAM Usage": 55.0,
            "GPU Usage": 0.0,
            "VRAM Usage": 355.0,
            "Disk Read Speed (MB/s)": 206654.6162109375,
            "Disk Write Speed (MB/s)": 434066.0869140625
        },
        {
            "step": 2,
            "train_loss": 0.003813058603554964,
            "actions_pred1": [
                [
                    [
                        1.4395438432693481,
                        0.11406201124191284,
                        2.664161205291748,
                        -4.187677383422852
                    ],
                    [
                        1.318695068359375,
                        0.18313944339752197,
                        2.7205116748809814,
                        -4.581597805023193
                    ],
                    [
                        1.4979116916656494,
                        0.22235825657844543,
                        2.8749661445617676,
                        -4.636301040649414
                    ],
                    [
                        1.693828821182251,
                        0.07512879371643066,
                        3.8410072326660156,
                        -5.251490116119385
                    ],
                    [
                        1.475557565689087,
                        0.20666319131851196,
                        4.519505500793457,
                        -5.700188636779785
                    ],
                    [
                        1.601538062095642,
                        0.2394428551197052,
                        4.543129920959473,
                        -5.973956108093262
                    ],
                    [
                        1.5051573514938354,
                        0.191440612077713,
                        4.411759853363037,
                        -6.435767650604248
                    ],
                    [
                        1.9063644409179688,
                        0.9268589019775391,
                        4.604493141174316,
                        -6.553229808807373
                    ],
                    [
                        2.350526809692383,
                        1.2500195503234863,
                        4.41852331161499,
                        -6.502889156341553
                    ],
                    [
                        2.3102235794067383,
                        0.9617034792900085,
                        4.645331859588623,
                        -6.653678894042969
                    ],
                    [
                        2.3085477352142334,
                        1.0890260934829712,
                        5.026197910308838,
                        -6.802491664886475
                    ],
                    [
                        2.466123104095459,
                        0.8403503894805908,
                        4.804781436920166,
                        -6.89375114440918
                    ],
                    [
                        2.5240402221679688,
                        0.5694090127944946,
                        4.914176940917969,
                        -7.083543300628662
                    ],
                    [
                        2.661835193634033,
                        0.38375821709632874,
                        4.983706474304199,
                        -7.002545356750488
                    ],
                    [
                        2.62246036529541,
                        0.4279928505420685,
                        4.986600399017334,
                        -7.1740264892578125
                    ],
                    [
                        2.500947952270508,
                        0.6435114741325378,
                        5.227215766906738,
                        -7.2613654136657715
                    ],
                    [
                        2.5698673725128174,
                        0.5682886838912964,
                        5.110381126403809,
                        -7.1780290603637695
                    ],
                    [
                        2.519164800643921,
                        0.5621147751808167,
                        4.936849117279053,
                        -7.14476203918457
                    ],
                    [
                        2.1892049312591553,
                        0.729727566242218,
                        5.051300048828125,
                        -7.226508140563965
                    ],
                    [
                        2.1898372173309326,
                        0.8148353099822998,
                        5.139359951019287,
                        -7.1518096923828125
                    ]
                ]
            ],
            "actions_pred": [
                [
                    [
                        1.4395438432693481,
                        1.318695068359375,
                        1.4979116916656494,
                        1.693828821182251,
                        1.475557565689087,
                        1.601538062095642,
                        1.5051573514938354,
                        1.9063644409179688,
                        2.350526809692383,
                        2.3102235794067383,
                        2.3085477352142334,
                        2.466123104095459,
                        2.5240402221679688,
                        2.661835193634033,
                        2.62246036529541,
                        2.500947952270508,
                        2.5698673725128174,
