{
    "steps": [
        {
            "step": 0,
            "train_loss": 0.03158359229564667,
            "actions_pred1": [
                [
                    [
                        -0.19120042026042938,
                        -0.08867386728525162,
                        0.8209134936332703,
                        0.6941522359848022
                    ],
                    [
                        -0.2346014380455017,
                        -0.11460182070732117,
                        0.7818551063537598,
                        0.6788617372512817
                    ],
                    [
                        -0.20662644505500793,
                        -0.12272484600543976,
                        0.6551378965377808,
                        0.6622487902641296
                    ],
                    [
                        -0.22983941435813904,
                        -0.25633397698402405,
                        0.5463578701019287,
                        0.4810507893562317
                    ],
                    [
                        -0.09719167649745941,
                        -0.2605708837509155,
                        0.5873563289642334,
                        0.4182589054107666
                    ],
                    [
                        -0.13836334645748138,
                        -0.2810285985469818,
                        0.5376325249671936,
                        0.48212891817092896
                    ],
                    [
                        -0.16422131657600403,
                        -0.08733350038528442,
                        0.4038083255290985,
                        0.6298438310623169
                    ],
                    [
                        -0.13480719923973083,
                        -0.09871675074100494,
                        0.5579073429107666,
                        0.6320800185203552
                    ],
                    [
                        -0.09130439162254333,
                        -0.05696898698806763,
                        0.5623145699501038,
                        0.5384173393249512
                    ],
                    [
                        -0.18140071630477905,
                        -0.073575958609581,
                        0.572464644908905,
                        0.4592863619327545
                    ],
                    [
                        -0.19129113852977753,
                        -0.09582128375768661,
                        0.6237043142318726,
                        0.4880616068840027
                    ],
                    [
                        -0.24603906273841858,
                        -0.08178208768367767,
                        0.5743154883384705,
                        0.4720538258552551
                    ],
                    [
                        -0.1612485647201538,
                        -0.12350272387266159,
                        0.765432596206665,
                        0.37955808639526367
                    ],
                    [
                        -0.1913052499294281,
                        -0.09280407428741455,
                        0.7362344264984131,
                        0.41902393102645874
                    ],
                    [
                        -0.23714904487133026,
                        -0.07393808662891388,
                        0.6381465792655945,
                        0.43344372510910034
                    ],
                    [
                        -0.3284521996974945,
                        -0.06341519206762314,
                        0.7347126007080078,
                        0.3607654869556427
                    ],
                    [
                        -0.4205831289291382,
                        -0.030659843236207962,
                        0.7685962319374084,
                        0.34290575981140137
                    ],
                    [
                        -0.2506149411201477,
                        0.011432379484176636,
                        0.6960824131965637,
                        0.41264671087265015
                    ],
                    [
                        -0.3173251748085022,
                        -0.045247793197631836,
                        0.7163846492767334,
                        0.4401586651802063
                    ],
                    [
                        -0.35009700059890747,
                        -0.07625818252563477,
                        0.8036338090896606,
                        0.44777733087539673
                    ]
                ]
            ],
            "actions_pred": [
                [
                    [
                        -0.19120042026042938,
                        -0.2346014380455017,
                        -0.20662644505500793,
                        -0.22983941435813904,
                        -0.09719167649745941,
                        -0.13836334645748138,
                        -0.16422131657600403,
                        -0.13480719923973083,
                        -0.09130439162254333,
                        -0.18140071630477905,
                        -0.19129113852977753,
                        -0.24603906273841858,
                        -0.1612485647201538,
                        -0.1913052499294281,
                        -0.23714904487133026,
                        -0.3284521996974945,
                        -0.4205831289291382,
                        -0.2506149411201477,
                        -0.3173251748085022,
                        -0.35009700059890747
                    ],
                    [
                        -0.08867386728525162,
                        -0.11460182070732117,
                        -0.12272484600543976,
                        -0.25633397698402405,
                        -0.2605708837509155,
                        -0.2810285985469818,
                        -0.08733350038528442,
                        -0.09871675074100494,
                        -0.05696898698806763,
                        -0.073575958609581,
                        -0.09582128375768661,
                        -0.08178208768367767,
                        -0.12350272387266159,
                        -0.09280407428741455,
                        -0.07393808662891388,
                        -0.06341519206762314,
                        -0.030659843236207962,
                        0.011432379484176636,
                        -0.045247793197631836,
                        -0.07625818252563477
                    ],
                    [
                        0.8209134936332703,
                        0.7818551063537598,
                        0.6551378965377808,
                        0.5463578701019287,
                        0.5873563289642334,
                        0.5376325249671936,
                        0.4038083255290985,
                        0.5579073429107666,
                        0.5623145699501038,
                        0.572464644908905,
                        0.6237043142318726,
                        0.5743154883384705,
                        0.765432596206665,
                        0.7362344264984131,
                        0.6381465792655945,
                        0.7347126007080078,
                        0.7685962319374084,
                        0.6960824131965637,
                        0.7163846492767334,
                        0.8036338090896606
                    ],
                    [
                        0.6941522359848022,
                        0.6788617372512817,
                        0.6622487902641296,
                        0.4810507893562317,
                        0.4182589054107666,
                        0.48212891817092896,
                        0.6298438310623169,
                        0.6320800185203552,
                        0.5384173393249512,
                        0.4592863619327545,
                        0.4880616068840027,
                        0.4720538258552551,
                        0.37955808639526367,
                        0.41902393102645874,
                        0.43344372510910034,
                        0.3607654869556427,
                        0.34290575981140137,
                        0.41264671087265015,
                        0.4401586651802063,
                        0.44777733087539673
                    ]
                ]
            ],
            "states": [
                [
                    [
                        5451720.0,
                        5.395679545472376e-05,
                        0.00037329201586544514,
                        787492.0625
                    ],
                    [
                        5280856.0,
                        5.18798733537551e-05,
                        0.00029995679506100714,
                        814349.6875
                    ],
                    [
                        5398144.0,
                        4.996706411475316e-05,
                        0.0002722619683481753,
                        830635.1875
                    ],
                    [
                        5419864.0,
                        4.8167821660172194e-05,
                        0.0002737951872404665,
                        823458.5625
                    ],
                    [
                        5285200.0,
                        4.651026029023342e-05,
                        0.0002537628752179444,
                        847604.5625
                    ],
                    [
                        5632720.0,
                        4.493406231631525e-05,
                        0.0002845273702405393,
                        778198.5625
                    ],
                    [
                        4926096.0,
                        4.350659582996741e-05,
                        0.00027429292094893754,
                        769937.4375
                    ],
                    [
                        5379320.0,
                        4.219951370032504e-05,
                        0.0002784566895570606,
                        775819.3125
                    ],
                    [
                        5141848.0,
                        4.0942868508864194e-05,
                        0.00027366288122721016,
                        804782.8125
                    ],
                    [
                        5422760.0,
                        3.9754886529408395e-05,
                        0.0002617421268951148,
                        784755.125
                    ],
                    [
                        5163568.0,
                        3.8631129427812994e-05,
                        0.000270931632257998,
                        777998.8125
                    ],
                    [
                        5172256.0,
                        3.7593843444483355e-05,
                        0.00027350522577762604,
                        827638.0
                    ],
                    [
                        5228728.0,
                        3.6604818888008595e-05,
                        0.0002609447401482612,
                        836480.3125
                    ],
                    [
                        5215696.0,
                        3.566250597941689e-05,
                        0.0002695223083719611,
                        842399.5625
                    ],
                    [
                        5496608.0,
                        3.474534969427623e-05,
                        0.00026009109569713473,
                        814649.5
                    ],
                    [
                        5165016.0,
                        3.3877906389534473e-05,
                        0.0002577552804723382,
                        820590.75
                    ],
                    [
                        5712360.0,
                        3.3036900276783854e-05,
                        0.0002756010799203068,
                        835693.0625
                    ],
                    [
                        5086824.0,
                        3.224165993742645e-05,
                        0.0002540297864470631,
                        845564.6875
                    ],
                    [
                        5490816.0,
                        3.14996468659956e-05,
                        0.00027847016463056207,
                        824773.25
                    ],
                    [
                        5183840.0,
                        3.078411828028038e-05,
                        0.0002814441977534443,
                        810358.5625
                    ]
                ]
            ],
            "actions": [
                [
                    [
                        0.75
                    ],
                    [
                        0.75
                    ],
                    [
                        0.75
                    ],
                    [
                        0.75
                    ],
                    [
                        0.75
                    ],
                    [
                        0.75
                    ],
                    [
                        0.75
                    ],
                    [
                        0.75
                    ],
                    [
                        0.75
                    ],
                    [
                        0.75
                    ],
                    [
                        0.75
                    ],
                    [
                        0.75
                    ],
                    [
                        0.75
                    ],
                    [
                        0.75
                    ],
                    [
                        0.75
                    ],
                    [
                        0.75
                    ],
                    [
                        0.75
                    ],
                    [
                        0.75
                    ],
                    [
                        0.75
                    ],
                    [
                        0.75
                    ]
                ]
            ],
            "returns": [
                [
                    [
                        0.36055833101272583
                    ],
                    [
                        0.35962310433387756
                    ],
                    [
                        0.35869070887565613
                    ],
                    [
                        0.3577563464641571
                    ],
                    [
                        0.3568216562271118
                    ],
                    [
                        0.3558892011642456
                    ],
                    [
                        0.35495108366012573
                    ],
                    [
                        0.35402485728263855
                    ],
                    [
                        0.3530908226966858
                    ],
                    [
                        0.352160781621933
                    ],
                    [
                        0.3512260317802429
                    ],
                    [
                        0.35029563307762146
                    ],
                    [
                        0.34936508536338806
                    ],
                    [
                        0.34843355417251587
                    ],
                    [
                        0.3475022614002228
                    ],
                    [
                        0.3465663194656372
                    ],
                    [
                        0.34563589096069336
                    ],
                    [
                        0.3446965217590332
                    ],
                    [
                        0.3437674641609192
                    ],
                    [
                        0.3428316116333008
                    ]
                ]
            ],
            "timesteps": [
                [
                    240,
                    241,
                    242,
                    243,
                    244,
                    245,
                    246,
                    247,
                    248,
                    249,
                    250,
                    251,
                    252,
                    253,
                    254,
                    255,
                    256,
                    257,
                    258,
                    259
                ]
            ],
            "labels": [
                [
                    2,
                    2,
                    2,
                    2,
                    2,
                    2,
                    2,
                    2,
                    2,
                    2,
                    2,
                    2,
                    2,
                    2,
                    2,
                    2,
                    2,
                    2,
                    2,
                    2
                ]
            ],
            "CPU Usage": 44.9,
            "RAM Usage": 55.2,
            "GPU Usage": 0.0,
            "VRAM Usage": 357.0,
            "Disk Read Speed (MB/s)": 205933.3359375,
            "Disk Write Speed (MB/s)": 316527.1689453125
        },
        {
            "step": 1,
            "train_loss": 0.0652824193239212,
            "actions_pred1": [
                [
                    [
                        0.1644660234451294,
                        -0.48784327507019043,
                        0.7666342854499817,
                        1.0057035684585571
                    ],
                    [
                        0.07078360766172409,
                        -0.3523898422718048,
                        0.799993634223938,
                        0.8660472631454468
                    ],
                    [
                        -0.24207064509391785,
                        -0.26002755761146545,
                        0.7039517164230347,
                        0.6724069714546204
                    ],
                    [
                        -0.4260040819644928,
                        -0.2650507092475891,
                        0.6876521110534668,
                        0.6611891984939575
                    ],
                    [
                        -0.4805496037006378,
                        -0.2290341556072235,
                        0.6676774024963379,
                        0.6454116702079773
                    ],
                    [
                        -0.5387561321258545,
                        -0.2899312376976013,
                        0.7017343640327454,
                        0.6301712989807129
                    ],
                    [
                        -0.5861674547195435,
                        -0.3214973211288452,
                        0.7325952053070068,
                        0.6182861328125
                    ],
                    [
                        -0.6726272106170654,
                        -0.23302866518497467,
                        0.7838946580886841,
                        0.6050660014152527
                    ],
                    [
                        -0.44595253467559814,
                        -0.220363587141037,
                        0.7772781252861023,
                        0.6053817272186279
                    ],
                    [
                        -0.37991130352020264,
                        -0.29316332936286926,
                        0.8282751441001892,
                        0.5109598636627197
                    ],
                    [
                        -0.35677850246429443,
                        -0.2823154330253601,
                        0.561752200126648,
                        0.6664706468582153
                    ],
                    [
                        -0.3301677405834198,
                        -0.26246607303619385,
                        0.6489104628562927,
                        0.6469230055809021
                    ],
                    [
                        -0.35692843794822693,
                        -0.21635231375694275,
                        0.6012323498725891,
                        0.7368612289428711
                    ],
                    [
                        -0.4308260977268219,
                        -0.14303000271320343,
                        0.7398788332939148,
                        0.6968590617179871
                    ],
                    [
                        -0.4431765377521515,
                        -0.11402679979801178,
                        0.8216471672058105,
                        0.5889626741409302
                    ],
                    [
                        -0.4678589999675751,
                        -0.13802805542945862,
                        0.8222459554672241,
                        0.5927011370658875
                    ],
                    [
                        -0.4615927040576935,
                        -0.2263823300600052,
                        0.7050049304962158,
                        0.6293255090713501
                    ],
                    [
                        -0.49771034717559814,
                        -0.1797117292881012,
                        0.7388110160827637,
                        0.5988847017288208
                    ],
                    [
                        -0.4452296495437622,
                        -0.04782445728778839,
                        0.7555766105651855,
                        0.5728112459182739
                    ],
                    [
                        -0.35584402084350586,
                        -0.028388649225234985,
                        0.6757373213768005,
                        0.6453192234039307
                    ]
                ]
            ],
            "actions_pred": [
                [
                    [
                        0.1644660234451294,
                        0.07078360766172409,
                        -0.24207064509391785,
                        -0.4260040819644928,
                        -0.4805496037006378,
                        -0.5387561321258545,
                        -0.5861674547195435,
                        -0.6726272106170654,
                        -0.44595253467559814,
                        -0.37991130352020264,
                        -0.35677850246429443,
                        -0.3301677405834198,
                        -0.35692843794822693,
                        -0.4308260977268219,
                        -0.4431765377521515,
                        -0.4678589999675751,
                        -0.4615927040576935,
                        -0.49771034717559814,
                        -0.4452296495437622,
                        -0.35584402084350586
                    ],
                    [
                        -0.48784327507019043,
                        -0.3523898422718048,
                        -0.26002755761146545,
                        -0.2650507092475891,
                        -0.2290341556072235,
                        -0.2899312376976013,
                        -0.3214973211288452,
                        -0.23302866518497467,
                        -0.220363587141037,
                        -0.29316332936286926,
                        -0.2823154330253601,
                        -0.26246607303619385,
                        -0.21635231375694275,
                        -0.14303000271320343,
                        -0.11402679979801178,
                        -0.13802805542945862,
                        -0.2263823300600052,
                        -0.1797117292881012,
                        -0.04782445728778839,
                        -0.028388649225234985
                    ],
                    [
                        0.7666342854499817,
                        0.799993634223938,
                        0.7039517164230347,
                        0.6876521110534668,
                        0.6676774024963379,
                        0.7017343640327454,
                        0.7325952053070068,
                        0.7838946580886841,
                        0.7772781252861023,
                        0.8282751441001892,
                        0.561752200126648,
                        0.6489104628562927,
                        0.6012323498725891,
                        0.7398788332939148,
                        0.8216471672058105,
                        0.8222459554672241,
                        0.7050049304962158,
                        0.7388110160827637,
                        0.7555766105651855,
                        0.6757373213768005
                    ],
                    [
                        1.0057035684585571,
                        0.8660472631454468,
                        0.6724069714546204,
                        0.6611891984939575,
                        0.6454116702079773,
                        0.6301712989807129,
                        0.6182861328125,
                        0.6050660014152527,
                        0.6053817272186279,
                        0.5109598636627197,
                        0.6664706468582153,
                        0.6469230055809021,
                        0.7368612289428711,
                        0.6968590617179871,
                        0.5889626741409302,
                        0.5927011370658875,
                        0.6293255090713501,
                        0.5988847017288208,
                        0.5728112459182739,
                        0.6453192234039307
                    ]
                ]
            ],
            "states": [
                [
                    [
                        10490760.0,
                        0.00010820227180374786,
                        0.00015429843915626407,
                        444121.375
                    ],
                    [
                        10112832.0,
                        9.372556087328121e-05,
                        0.00014512072084471583,
                        443784.5
                    ],
                    [
                        10076632.0,
                        8.28753545647487e-05,
                        0.00015239186177495867,
                        427008.3125
                    ],
                    [
                        10218536.0,
                        7.424143404932693e-05,
                        0.00013630501052830368,
                        433225.1875
                    ],
                    [
                        10903440.0,
                        6.698495417367667e-05,
                        0.0001300903531955555,
                        434838.78125
                    ],
                    [
                        10177992.0,
                        6.102009865571745e-05,
                        0.0001368058001389727,
                        431759.375
                    ],
                    [
                        10500896.0,
                        5.612600944004953e-05,
                        0.00014432381431106478,
                        435333.53125
                    ],
                    [
                        10752848.0,
                        5.185119152883999e-05,
                        0.00014270890096668154,
                        438961.46875
                    ],
                    [
                        10833936.0,
                        4.812757106265053e-05,
                        0.00014136718527879566,
                        432069.78125
                    ],
                    [
                        10654384.0,
                        4.491618892643601e-05,
                        0.00013239651161711663,
                        433675.4375
                    ],
                    [
                        10524064.0,
                        4.214471118757501e-05,
                        0.00014063461276236922,
                        436827.0
                    ],
                    [
                        8511344.0,
                        3.9926697354530916e-05,
                        0.00013637621304951608,
                        473364.125
                    ],
                    [
                        10828144.0,
                        3.790804112213664e-05,
                        0.00013436605513561517,
                        430273.59375
                    ],
                    [
                        10288040.0,
                        3.5919863876188174e-05,
                        0.00013586058048531413,
                        455927.09375
                    ],
                    [
                        9009456.0,
                        3.427618867135607e-05,
                        0.00013340605073608458,
                        453153.21875
                    ],
                    [
                        10348856.0,
                        3.2774834835436195e-05,
                        0.0001376099098706618,
                        434225.03125
                    ],
                    [
                        10166408.0,
                        3.131924677290954e-05,
                        0.00017068465240299702,
                        438236.6875
                    ],
                    [
                        10539992.0,
                        2.9976108635310084e-05,
                        0.0001329061051364988,
                        436937.3125
                    ],
                    [
                        10836832.0,
                        2.8705166187137365e-05,
                        0.00013878877507522702,
                        435041.5
                    ],
                    [
                        10188128.0,
                        2.755545938271098e-05,
                        0.00015914233517833054,
                        427912.71875
                    ]
                ]
            ],
            "actions": [
                [
                    [
                        0.25
                    ],
                    [
                        0.25
                    ],
                    [
                        0.25
                    ],
                    [
                        0.25
                    ],
                    [
                        0.25
                    ],
                    [
                        0.25
                    ],
                    [
                        0.25
                    ],
                    [
                        0.25
                    ],
                    [
                        0.25
                    ],
                    [
                        0.25
                    ],
                    [
                        0.25
                    ],
                    [
                        0.25
                    ],
                    [
                        0.25
                    ],
                    [
                        0.25
                    ],
                    [
                        0.25
                    ],
                    [
                        0.25
                    ],
                    [
                        0.25
                    ],
                    [
                        0.25
                    ],
                    [
                        0.25
                    ],
                    [
                        0.25
                    ]
                ]
            ],
            "returns": [
                [
                    [
                        0.2865329086780548
                    ],
                    [
                        0.2855396568775177
                    ],
                    [
                        0.28454965353012085
                    ],
                    [
                        0.28355997800827026
                    ],
                    [
                        0.2825690507888794
                    ],
                    [
                        0.2815724015235901
                    ],
                    [
                        0.28058183193206787
                    ],
                    [
                        0.2795884907245636
                    ],
                    [
                        0.2785930335521698
                    ],
                    [
                        0.27759695053100586
                    ],
                    [
                        0.2766023278236389
                    ],
                    [
                        0.27560877799987793
                    ],
                    [
                        0.27463406324386597
                    ],
                    [
                        0.2736380100250244
                    ],
                    [
                        0.2726464867591858
                    ],
                    [
                        0.2716667354106903
                    ],
                    [
                        0.2706746757030487
                    ],
                    [
                        0.26968422532081604
                    ],
                    [
                        0.2686905562877655
                    ],
                    [
                        0.2676944136619568
                    ]
                ]
            ],
            "timesteps": [
                [
                    320,
                    321,
                    322,
                    323,
                    324,
                    325,
                    326,
                    327,
                    328,
                    329,
                    330,
                    331,
                    332,
                    333,
                    334,
                    335,
                    336,
                    337,
                    338,
                    339
                ]
            ],
            "labels": [
                [
                    0,
                    0,
                    0,
                    0,
                    0,
                    0,
                    0,
                    0,
                    0,
                    0,
                    0,
                    0,
                    0,
                    0,
                    0,
                    0,
                    0,
                    0,
                    0,
                    0
                ]
            ],
            "CPU Usage": 46.7,
            "RAM Usage": 55.7,
            "GPU Usage": 0.0,
            "VRAM Usage": 356.0,
            "Disk Read Speed (MB/s)": 205933.3359375,
            "Disk Write Speed (MB/s)": 316527.2158203125
        },
        {
            "step": 2,
            "train_loss": 0.06312772631645203,
            "actions_pred1": [
                [
                    [
                        -0.35848501324653625,
                        -0.38182511925697327,
                        0.6298340559005737,
                        0.6636232137680054
                    ],
                    [
                        -0.45986825227737427,
                        -0.2386898398399353,
                        0.7141176462173462,
                        0.5658695101737976
                    ],
                    [
                        -0.5527934432029724,
                        -0.17803694307804108,
                        0.6194717288017273,
                        0.5557186603546143
                    ],
                    [
                        -0.3183698356151581,
                        -0.18952861428260803,
                        0.548044741153717,
                        0.6479669213294983
                    ],
                    [
                        -0.3080432116985321,
                        -0.1532200425863266,
                        0.5763704776763916,
                        0.5126276016235352
                    ],
                    [
                        -0.19241854548454285,
                        -0.052794549614191055,
                        0.6202311515808105,
                        0.422110378742218
                    ],
                    [
                        -0.23440073430538177,
                        0.04945666342973709,
                        0.6911025047302246,
                        0.4594816565513611
                    ],
                    [
                        -0.3767339587211609,
                        0.21408596634864807,
                        0.6985975503921509,
                        0.4612802267074585
                    ],
                    [
                        -0.394873708486557,
                        0.06731913983821869,
                        0.7337823510169983,
                        0.5878971815109253
                    ],
                    [
                        -0.44139689207077026,
                        0.14335063099861145,
                        0.5748763680458069,
                        0.6203979253768921
                    ],
                    [
                        -0.43701469898223877,
                        0.16079369187355042,
                        0.49823296070098877,
                        0.5365681052207947
                    ],
                    [
                        -0.30779027938842773,
                        0.060473643243312836,
                        0.49736106395721436,
                        0.48102372884750366
                    ],
                    [
                        -0.36220407485961914,
                        0.05349096655845642,
                        0.618706226348877,
                        0.5165541172027588
                    ],
                    [
                        -0.2180095613002777,
                        0.14236126840114594,
                        0.6224374771118164,
                        0.5758156180381775
                    ],
                    [
                        -0.24921980500221252,
                        0.1228289008140564,
                        0.563448965549469,
                        0.6100967526435852
                    ],
                    [
                        -0.24883314967155457,
                        0.10236677527427673,
                        0.5893607139587402,
                        0.5662181973457336
                    ],
                    [
                        -0.31445974111557007,
                        0.061089783906936646,
                        0.5629616975784302,
                        0.5978747010231018
                    ],
                    [
                        -0.5328625440597534,
                        0.023777171969413757,
                        0.4364967942237854,
                        0.5979726314544678
                    ],
                    [
                        -0.4276513457298279,
                        -0.012003883719444275,
                        0.5048270225524902,
                        0.6826732158660889
                    ],
                    [
                        -0.3265452980995178,
                        0.14190047979354858,
                        0.5298596620559692,
                        0.6355513334274292
                    ]
                ]
            ],
            "actions_pred": [
                [
                    [
                        -0.35848501324653625,
                        -0.45986825227737427,
                        -0.5527934432029724,
                        -0.3183698356151581,
                        -0.3080432116985321,
