{
    "steps": [
        {
            "step": 0,
            "train_loss": 0.017419541254639626,
            "actions_pred1": [
                [
                    [
                        0.20709528028964996,
                        0.6135802865028381,
                        1.2822651863098145,
                        -1.5951838493347168
                    ],
                    [
                        0.08612936735153198,
                        0.7126015424728394,
                        1.3610777854919434,
                        -1.660649299621582
                    ],
                    [
                        0.11047624796628952,
                        0.6385453939437866,
                        1.3801016807556152,
                        -1.5157846212387085
                    ],
                    [
                        0.1387811005115509,
                        0.6278294324874878,
                        1.557183027267456,
                        -1.6370081901550293
                    ],
                    [
                        0.15378965437412262,
                        0.7930028438568115,
                        1.634901523590088,
                        -1.6880412101745605
                    ],
                    [
                        0.27482569217681885,
                        0.7116338014602661,
                        1.5482704639434814,
                        -1.6419222354888916
                    ],
                    [
                        0.16035602986812592,
                        0.7070060968399048,
                        1.3595898151397705,
                        -1.6704130172729492
                    ],
                    [
                        0.2830142080783844,
                        0.8147669434547424,
                        1.3821378946304321,
                        -1.6230696439743042
                    ],
                    [
                        0.2980319857597351,
                        0.8196383118629456,
                        1.35496187210083,
                        -1.5817022323608398
                    ],
                    [
                        0.1181398332118988,
                        0.776336133480072,
                        1.4857256412506104,
                        -1.6316978931427002
                    ],
                    [
                        0.16513827443122864,
                        0.8311580419540405,
                        1.7477304935455322,
                        -1.7718256711959839
                    ],
                    [
                        0.14008863270282745,
                        0.7756136655807495,
                        1.6557111740112305,
                        -1.6336023807525635
                    ],
                    [
                        0.10397202521562576,
                        0.6391818523406982,
                        1.6350347995758057,
                        -1.7083325386047363
                    ],
                    [
                        0.15757378935813904,
                        0.7128060460090637,
                        1.6748615503311157,
                        -1.7903854846954346
                    ],
                    [
                        0.18593735992908478,
                        0.7449557781219482,
                        1.6972053050994873,
                        -1.8299896717071533
                    ],
                    [
                        0.18431462347507477,
                        0.7750376462936401,
                        1.6753261089324951,
                        -1.795156478881836
                    ],
                    [
                        0.11346369981765747,
                        0.7454690337181091,
                        1.6134158372879028,
                        -1.7273248434066772
                    ],
                    [
                        0.05775374174118042,
                        0.8560037612915039,
                        1.5871520042419434,
                        -1.63409423828125
                    ],
                    [
                        0.07247532904148102,
                        0.9133119583129883,
                        1.653533697128296,
                        -1.7041630744934082
                    ],
                    [
                        0.09655552357435226,
                        0.9156076908111572,
                        1.6848992109298706,
                        -1.7450532913208008
                    ]
                ]
            ],
            "actions_pred": [
                [
                    [
                        0.20709528028964996,
                        0.08612936735153198,
                        0.11047624796628952,
                        0.1387811005115509,
                        0.15378965437412262,
                        0.27482569217681885,
                        0.16035602986812592,
                        0.2830142080783844,
                        0.2980319857597351,
                        0.1181398332118988,
                        0.16513827443122864,
                        0.14008863270282745,
                        0.10397202521562576,
                        0.15757378935813904,
                        0.18593735992908478,
                        0.18431462347507477,
                        0.11346369981765747,
                        0.05775374174118042,
                        0.07247532904148102,
                        0.09655552357435226
                    ],
                    [
                        0.6135802865028381,
                        0.7126015424728394,
                        0.6385453939437866,
                        0.6278294324874878,
                        0.7930028438568115,
                        0.7116338014602661,
                        0.7070060968399048,
                        0.8147669434547424,
                        0.8196383118629456,
                        0.776336133480072,
                        0.8311580419540405,
                        0.7756136655807495,
                        0.6391818523406982,
                        0.7128060460090637,
                        0.7449557781219482,
                        0.7750376462936401,
                        0.7454690337181091,
                        0.8560037612915039,
                        0.9133119583129883,
                        0.9156076908111572
                    ],
                    [
                        1.2822651863098145,
                        1.3610777854919434,
                        1.3801016807556152,
                        1.557183027267456,
                        1.634901523590088,
                        1.5482704639434814,
                        1.3595898151397705,
                        1.3821378946304321,
                        1.35496187210083,
                        1.4857256412506104,
                        1.7477304935455322,
                        1.6557111740112305,
                        1.6350347995758057,
                        1.6748615503311157,
                        1.6972053050994873,
                        1.6753261089324951,
                        1.6134158372879028,
                        1.5871520042419434,
                        1.653533697128296,
                        1.6848992109298706
                    ],
                    [
                        -1.5951838493347168,
                        -1.660649299621582,
                        -1.5157846212387085,
                        -1.6370081901550293,
                        -1.6880412101745605,
                        -1.6419222354888916,
                        -1.6704130172729492,
                        -1.6230696439743042,
                        -1.5817022323608398,
                        -1.6316978931427002,
                        -1.7718256711959839,
                        -1.6336023807525635,
                        -1.7083325386047363,
                        -1.7903854846954346,
                        -1.8299896717071533,
                        -1.795156478881836,
                        -1.7273248434066772,
                        -1.63409423828125,
                        -1.7041630744934082,
                        -1.7450532913208008
                    ]
                ]
            ],
            "states": [
                [
                    [
                        3105960.0,
                        0.00044856633758172393,
                        0.0002628508664201945,
                        907599.4375
                    ],
                    [
                        3777832.0,
                        0.00036993034882470965,
                        0.00026417680783197284,
                        946940.1875
                    ],
                    [
                        4115216.0,
                        0.00030784233240410686,
                        0.0002805523981805891,
                        868017.4375
                    ],
                    [
                        4368616.0,
                        0.0002607771893963218,
                        0.00026978878304362297,
                        839353.625
                    ],
                    [
                        5060760.0,
                        0.0002229743986390531,
                        0.00027627943200059235,
                        780951.6875
                    ],
                    [
                        5356152.0,
                        0.00019212921324651688,
                        0.00025924446526914835,
                        788666.125
                    ],
                    [
                        5373528.0,
                        0.00012254947796463966,
                        0.006524195894598961,
                        846197.875
                    ],
                    [
                        5111440.0,
                        0.00011254391574766487,
                        0.002146858023479581,
                        777919.5
                    ],
                    [
                        5496608.0,
                        0.00010397062578704208,
                        0.0023773028515279293,
                        803926.1875
                    ],
                    [
                        5341672.0,
                        9.645324462326244e-05,
                        0.0020079242531210184,
                        853121.5
                    ],
                    [
                        5344568.0,
                        9.003730519907549e-05,
                        0.0019139255164191127,
                        790495.3125
                    ],
                    [
                        5479232.0,
                        8.435636846115813e-05,
                        0.0013429223326966166,
                        807753.3125
                    ],
                    [
                        5356152.0,
                        7.934254972497001e-05,
                        0.0011628043139353395,
                        855534.6875
                    ],
                    [
                        5398144.0,
                        7.492363511119038e-05,
                        0.0009117702720686793,
                        841216.6875
                    ],
                    [
                        5729736.0,
                        7.084311073413119e-05,
                        0.000803604198154062,
                        821157.125
                    ],
                    [
                        5244656.0,
                        6.722798570990562e-05,
                        0.000699773314408958,
                        790182.875
                    ],
                    [
                        5503848.0,
                        6.403109728125855e-05,
                        0.0006680691731162369,
                        817074.375
                    ],
                    [
                        5367736.0,
                        6.109109381213784e-05,
                        0.0005246230284683406,
                        814748.3125
                    ],
                    [
                        5217144.0,
                        5.847758802701719e-05,
                        0.00046889804070815444,
                        836873.125
                    ],
                    [
                        5033248.0,
                        5.6151271564885974e-05,
                        0.00035997320082969964,
                        833663.1875
                    ]
                ]
            ],
            "actions": [
                [
                    [
                        0.75
                    ],
                    [
                        0.75
                    ],
                    [
                        0.75
                    ],
                    [
                        0.75
                    ],
                    [
                        0.75
                    ],
                    [
                        0.75
                    ],
                    [
                        0.75
                    ],
                    [
                        0.75
                    ],
                    [
                        0.75
                    ],
                    [
                        0.75
                    ],
                    [
                        0.75
                    ],
                    [
                        0.75
                    ],
                    [
                        0.75
                    ],
                    [
                        0.75
                    ],
                    [
                        0.75
                    ],
                    [
                        0.75
                    ],
                    [
                        0.75
                    ],
                    [
                        0.75
                    ],
                    [
                        0.75
                    ],
                    [
                        0.75
                    ]
                ]
            ],
            "returns": [
                [
                    [
                        0.37910521030426025
                    ],
                    [
                        0.378219872713089
                    ],
                    [
                        0.3773171603679657
                    ],
                    [
                        0.37640687823295593
                    ],
                    [
                        0.37549129128456116
                    ],
                    [
                        0.37456268072128296
                    ],
                    [
                        0.37362903356552124
                    ],
                    [
                        0.37269508838653564
                    ],
                    [
                        0.3717655837535858
                    ],
                    [
                        0.37082964181900024
                    ],
                    [
                        0.3698962330818176
                    ],
                    [
                        0.36896276473999023
                    ],
                    [
                        0.36802709102630615
                    ],
                    [
                        0.36709344387054443
                    ],
                    [
                        0.3661591112613678
                    ],
                    [
                        0.36521947383880615
                    ],
                    [
                        0.36428767442703247
                    ],
                    [
                        0.36335161328315735
                    ],
                    [
                        0.3624177873134613
                    ],
                    [
                        0.3614864647388458
                    ]
                ]
            ],
            "timesteps": [
                [
                    220,
                    221,
                    222,
                    223,
                    224,
                    225,
                    226,
                    227,
                    228,
                    229,
                    230,
                    231,
                    232,
                    233,
                    234,
                    235,
                    236,
                    237,
                    238,
                    239
                ]
            ],
            "labels": [
                [
                    2,
                    2,
                    2,
                    2,
                    2,
                    2,
                    2,
                    2,
                    2,
                    2,
                    2,
                    2,
                    2,
                    2,
                    2,
                    2,
                    2,
                    2,
                    2,
                    2
                ]
            ],
            "CPU Usage": 46.0,
            "RAM Usage": 54.9,
            "GPU Usage": 0.0,
            "VRAM Usage": 355.0,
            "Disk Read Speed (MB/s)": 206399.6416015625,
            "Disk Write Speed (MB/s)": 393299.9580078125
        },
        {
            "step": 1,
            "train_loss": 0.03258388489484787,
            "actions_pred1": [
                [
                    [
                        -0.3040575385093689,
                        0.37967970967292786,
                        1.5009965896606445,
                        -1.6834266185760498
                    ],
                    [
                        -0.23025327920913696,
                        0.4583591818809509,
                        1.4257526397705078,
                        -1.784510612487793
                    ],
                    [
                        -0.14939013123512268,
                        0.6698653101921082,
                        1.4208987951278687,
                        -1.8320239782333374
                    ],
                    [
                        -0.14494526386260986,
                        0.6570243835449219,
                        1.3802505731582642,
                        -1.7839583158493042
                    ],
                    [
                        -0.2795482873916626,
                        0.8518185615539551,
                        1.4943982362747192,
                        -1.749849557876587
                    ],
                    [
                        -0.34855759143829346,
                        0.9172304272651672,
                        1.4889781475067139,
                        -1.8223737478256226
                    ],
                    [
                        -0.07303537428379059,
                        0.8716140389442444,
                        1.4661964178085327,
                        -1.8230701684951782
                    ],
                    [
                        0.07896275818347931,
                        0.9284500479698181,
                        1.4581513404846191,
                        -1.7083836793899536
                    ],
                    [
                        0.07818853110074997,
                        0.8986664414405823,
                        1.466233253479004,
                        -1.7365387678146362
                    ],
                    [
                        0.06716814637184143,
                        0.9121717214584351,
                        1.4640109539031982,
                        -1.8132257461547852
                    ],
                    [
                        0.05613596737384796,
                        0.9101690053939819,
                        1.4111311435699463,
                        -1.7069220542907715
                    ],
                    [
                        0.0794304683804512,
                        0.8890462517738342,
                        1.3761154413223267,
                        -1.8048126697540283
                    ],
                    [
                        0.3332637846469879,
                        0.9590659141540527,
                        1.416804552078247,
                        -1.9414281845092773
                    ],
                    [
                        0.35992419719696045,
                        0.9288157820701599,
                        1.2960845232009888,
                        -1.7391400337219238
                    ],
                    [
                        0.4526771306991577,
                        0.893699586391449,
                        1.2756403684616089,
                        -1.7094149589538574
                    ],
                    [
                        0.36886918544769287,
                        0.8608099222183228,
                        1.3169124126434326,
                        -1.798097848892212
                    ],
                    [
                        0.22438475489616394,
                        0.8445048928260803,
                        1.2945810556411743,
                        -1.7590346336364746
                    ],
                    [
                        0.23083509504795074,
                        0.8666161894798279,
                        1.3443495035171509,
                        -1.8501919507980347
                    ],
                    [
                        0.2394782304763794,
                        0.9063833355903625,
                        1.415793776512146,
                        -1.796823501586914
                    ],
                    [
                        0.2288891077041626,
                        0.8955792188644409,
                        1.3238308429718018,
                        -1.8526233434677124
                    ]
                ]
            ],
            "actions_pred": [
                [
                    [
                        -0.3040575385093689,
                        -0.23025327920913696,
                        -0.14939013123512268,
                        -0.14494526386260986,
                        -0.2795482873916626,
                        -0.34855759143829346,
                        -0.07303537428379059,
                        0.07896275818347931,
                        0.07818853110074997,
                        0.06716814637184143,
                        0.05613596737384796,
                        0.0794304683804512,
                        0.3332637846469879,
                        0.35992419719696045,
                        0.4526771306991577,
                        0.36886918544769287,
                        0.22438475489616394,
                        0.23083509504795074,
                        0.2394782304763794,
                        0.2288891077041626
                    ],
                    [
                        0.37967970967292786,
                        0.4583591818809509,
                        0.6698653101921082,
                        0.6570243835449219,
                        0.8518185615539551,
                        0.9172304272651672,
                        0.8716140389442444,
                        0.9284500479698181,
                        0.8986664414405823,
                        0.9121717214584351,
                        0.9101690053939819,
                        0.8890462517738342,
                        0.9590659141540527,
                        0.9288157820701599,
                        0.893699586391449,
                        0.8608099222183228,
                        0.8445048928260803,
                        0.8666161894798279,
                        0.9063833355903625,
                        0.8955792188644409
                    ],
                    [
                        1.5009965896606445,
                        1.4257526397705078,
                        1.4208987951278687,
                        1.3802505731582642,
                        1.4943982362747192,
                        1.4889781475067139,
                        1.4661964178085327,
                        1.4581513404846191,
                        1.466233253479004,
                        1.4640109539031982,
                        1.4111311435699463,
                        1.3761154413223267,
                        1.416804552078247,
                        1.2960845232009888,
                        1.2756403684616089,
                        1.3169124126434326,
                        1.2945810556411743,
                        1.3443495035171509,
                        1.415793776512146,
                        1.3238308429718018
                    ],
                    [
                        -1.6834266185760498,
                        -1.784510612487793,
                        -1.8320239782333374,
                        -1.7839583158493042,
                        -1.749849557876587,
                        -1.8223737478256226,
                        -1.8230701684951782,
                        -1.7083836793899536,
                        -1.7365387678146362,
                        -1.8132257461547852,
                        -1.7069220542907715,
                        -1.8048126697540283,
                        -1.9414281845092773,
                        -1.7391400337219238,
                        -1.7094149589538574,
                        -1.798097848892212,
                        -1.7590346336364746,
                        -1.8501919507980347,
                        -1.796823501586914,
                        -1.8526233434677124
                    ]
                ]
            ],
            "states": [
                [
                    [
                        5527016.0,
                        1.5349276509368792e-05,
                        0.0002737951872404665,
                        805844.5
                    ],
                    [
                        5095512.0,
                        1.517824421171099e-05,
                        0.0002537628752179444,
                        822709.0625
                    ],
                    [
                        5057864.0,
                        1.501830956840422e-05,
                        0.0002845273702405393,
                        817377.8125
                    ],
                    [
                        5703672.0,
                        1.4852455933578312e-05,
                        0.00027429292094893754,
                        848477.75
                    ],
                    [
                        5414072.0,
                        1.4684866982861422e-05,
                        0.0002784566895570606,
                        829260.1875
                    ],
                    [
                        5337328.0,
                        1.452638753107749e-05,
                        0.00027366288122721016,
                        838067.9375
                    ],
                    [
                        5141848.0,
                        1.4375169484992512e-05,
                        0.0002617421268951148,
                        823064.0
                    ],
                    [
                        5211352.0,
                        1.422882269253023e-05,
                        0.000270931632257998,
                        844933.9375
                    ],
                    [
                        5386560.0,
                        1.4082077541388571e-05,
                        0.00027350522577762604,
                        861893.1875
                    ],
                    [
                        5118680.0,
                        1.3939571545051876e-05,
                        0.0002609447401482612,
                        831639.4375
                    ],
                    [
                        5401040.0,
                        1.3799754015053622e-05,
                        0.0002695223083719611,
                        814358.625
                    ],
                    [
                        5211352.0,
                        1.3661498996953014e-05,
                        0.00026009109569713473,
                        868776.75
                    ],
                    [
                        142.0,
                        0.21944443881511688,
                        0.00015429843915626407,
                        853.0870361328125
                    ],
                    [
                        4879797.0,
                        0.008871808648109436,
                        0.0001451207062928006,
                        568995.3125
                    ],
                    [
                        6620256.0,
                        0.0009351735934615135,
                        0.00015239168715197593,
                        450753.09375
                    ],
                    [
                        9419240.0,
                        0.00045934959780424833,
                        0.0001363051705993712,
                        480722.0
                    ],
                    [
                        9852192.0,
                        0.0002833923790603876,
                        0.0001300903531955555,
                        459858.53125
                    ],
                    [
                        9448200.0,
                        0.0002050806797342375,
                        0.026162419468164444,
                        444324.5625
                    ],
                    [
                        10519720.0,
                        0.00015983681078068912,
                        0.00028762174770236015,
                        442793.625
                    ],
                    [
                        11032312.0,
                        0.00012905527546536177,
                        0.00021737493807449937,
                        442420.15625
                    ]
                ]
            ],
            "actions": [
                [
                    [
                        0.75
                    ],
                    [
                        0.75
                    ],
                    [
                        0.75
                    ],
                    [
                        0.75
                    ],
                    [
                        0.75
                    ],
                    [
                        0.75
                    ],
                    [
                        0.75
                    ],
                    [
                        0.75
                    ],
                    [
                        0.75
                    ],
                    [
                        0.75
                    ],
                    [
                        0.75
                    ],
                    [
                        0.75
                    ],
                    [
                        0.25
                    ],
                    [
                        0.25
                    ],
                    [
                        0.25
                    ],
                    [
                        0.25
                    ],
                    [
                        0.25
                    ],
                    [
                        0.25
                    ],
                    [
                        0.25
                    ],
                    [
                        0.25
                    ]
                ]
            ],
            "returns": [
                [
                    [
                        0.30454936623573303
                    ],
                    [
                        0.30361291766166687
                    ],
                    [
                        0.3026837110519409
                    ],
                    [
                        0.3017551302909851
                    ],
                    [
                        0.3008159101009369
                    ],
                    [
                        0.29988130927085876
                    ],
                    [
                        0.2989479601383209
                    ],
                    [
                        0.2980179190635681
                    ],
                    [
                        0.2970867156982422
                    ],
                    [
                        0.2961525619029999
                    ],
                    [
                        0.2952229082584381
                    ],
                    [
                        0.2942885160446167
                    ],
                    [
                        0.29335731267929077
                    ],
                    [
                        0.29335731267929077
                    ],
                    [
                        0.29243192076683044
                    ],
                    [
                        0.2914794683456421
                    ],
                    [
                        0.29049578309059143
                    ],
                    [
                        0.2895081043243408
                    ],
                    [
                        0.2885241210460663
                    ],
                    [
                        0.2875306308269501
                    ]
                ]
            ],
            "timesteps": [
                [
                    300,
                    301,
                    302,
                    303,
                    304,
                    305,
                    306,
                    307,
                    308,
                    309,
                    310,
                    311,
                    312,
                    313,
                    314,
                    315,
                    316,
                    317,
                    318,
                    319
                ]
            ],
            "labels": [
                [
                    2,
                    2,
                    2,
                    2,
                    2,
                    2,
                    2,
                    2,
                    2,
                    2,
                    2,
                    2,
                    0,
                    0,
                    0,
                    0,
                    0,
                    0,
                    0,
                    0
                ]
            ],
            "CPU Usage": 46.7,
            "RAM Usage": 54.9,
            "GPU Usage": 0.0,
            "VRAM Usage": 355.0,
            "Disk Read Speed (MB/s)": 206399.6416015625,
            "Disk Write Speed (MB/s)": 393300.1181640625
        },
        {
            "step": 2,
            "train_loss": 0.05829869583249092,
            "actions_pred1": [
                [
                    [
                        0.572477400302887,
                        0.5114284753799438,
                        1.6445975303649902,
                        -1.2877042293548584
                    ],
                    [
                        0.524324357509613,
                        0.5866411924362183,
                        1.5638887882232666,
                        -1.341701626777649
                    ],
                    [
                        0.23216676712036133,
                        0.6370754837989807,
                        1.4226429462432861,
                        -1.5300729274749756
                    ],
                    [
                        0.08360490947961807,
                        0.6407354474067688,
                        1.4056549072265625,
                        -1.583136796951294
                    ],
                    [
                        0.02803269773721695,
                        0.6848511099815369,
                        1.3750214576721191,
                        -1.6265997886657715
                    ],
                    [
                        -0.045788004994392395,
                        0.6225606203079224,
                        1.4076164960861206,
                        -1.6818583011627197
                    ],
                    [
                        -0.11286541074514389,
                        0.5889549255371094,
                        1.4682457447052002,
                        -1.7581603527069092
                    ],
                    [
                        -0.12345181405544281,
                        0.6771844625473022,
                        1.5462661981582642,
                        -1.8722584247589111
                    ],
                    [
                        0.14570540189743042,
                        0.7776849269866943,
                        1.5110424757003784,
                        -1.9077965021133423
                    ],
                    [
                        0.33283090591430664,
                        0.7380881309509277,
                        1.4748374223709106,
                        -2.0451884269714355
                    ],
                    [
                        0.3339933454990387,
                        0.7955524325370789,
                        1.3836582899093628,
                        -2.0260658264160156
                    ],
                    [
                        0.35745370388031006,
                        0.8035224080085754,
                        1.459984302520752,
                        -2.071924924850464
                    ],
                    [
                        0.3240021765232086,
                        0.8597355484962463,
                        1.3306561708450317,
                        -2.030543088912964
                    ],
                    [
                        0.30548906326293945,
                        0.8918895721435547,
                        1.400974154472351,
                        -1.9629324674606323
                    ],
                    [
                        0.32564955949783325,
                        0.9319289922714233,
                        1.5003019571304321,
                        -2.0357532501220703
                    ],
                    [
                        0.26393836736679077,
                        0.9228098392486572,
                        1.4944195747375488,
                        -2.071291208267212
                    ],
                    [
                        0.3031823933124542,
                        0.8048122525215149,
                        1.402716875076294,
                        -2.0603575706481934
                    ],
                    [
                        0.05275610089302063,
                        0.9635350704193115,
                        1.5252431631088257,
                        -2.163329601287842
                    ],
                    [
                        0.0459766685962677,
                        1.0375713109970093,
                        1.4935262203216553,
                        -2.0003368854522705
                    ],
                    [
                        0.10977789759635925,
                        1.06308114528656,
                        1.38807213306427,
                        -1.9498918056488037
                    ]
                ]
            ],
            "actions_pred": [
                [
                    [
                        0.572477400302887,
                        0.524324357509613,
                        0.23216676712036133,
                        0.08360490947961807,
                        0.02803269773721695,
                        -0.045788004994392395,
                        -0.11286541074514389,
                        -0.12345181405544281,
                        0.14570540189743042,
                        0.33283090591430664,
