{
    "steps": [
        {
            "step": 0,
            "train_loss": 0.04378606379032135,
            "actions_pred1": [
                [
                    [
                        -0.1740143597126007,
                        -0.10003849864006042,
                        0.6363165974617004,
                        0.6165990233421326
                    ],
                    [
                        -0.19761303067207336,
                        -0.03879232704639435,
                        0.6556043028831482,
                        0.5445904731750488
                    ],
                    [
                        -0.28002527356147766,
                        0.004542708396911621,
                        0.7249635457992554,
                        0.41838496923446655
                    ],
                    [
                        -0.38358446955680847,
                        0.013957701623439789,
                        0.6962233185768127,
                        0.4421015977859497
                    ],
                    [
                        -0.41809600591659546,
                        0.1594059020280838,
                        0.6091853380203247,
                        0.38963383436203003
                    ],
                    [
                        -0.31079792976379395,
                        0.0662354975938797,
                        0.6783878207206726,
                        0.43936094641685486
                    ],
                    [
                        -0.1974530816078186,
                        0.09794620424509048,
                        0.6088562607765198,
                        0.522878885269165
                    ],
                    [
                        -0.4670746922492981,
                        0.17527583241462708,
                        0.8845627903938293,
                        0.43442997336387634
                    ],
                    [
                        -0.47833251953125,
                        0.2536603808403015,
                        0.9743566513061523,
                        0.4392305612564087
                    ],
                    [
                        -0.5818408727645874,
                        0.19711653888225555,
                        0.9978044629096985,
                        0.3990055024623871
                    ],
                    [
                        -0.6112852096557617,
                        0.18927010893821716,
                        1.058939814567566,
                        0.31303220987319946
                    ],
                    [
                        -0.41746509075164795,
                        0.06486499309539795,
                        0.8917643427848816,
                        0.45027583837509155
                    ],
                    [
                        -0.4189217984676361,
                        0.030264049768447876,
                        0.9399739503860474,
                        0.3714272379875183
                    ],
                    [
                        -0.46890416741371155,
                        -0.03745061904191971,
                        0.952377200126648,
                        0.37376081943511963
                    ],
                    [
                        -0.3671523332595825,
                        0.010968700051307678,
                        0.9076694250106812,
                        0.4288221597671509
                    ],
                    [
                        -0.3551405966281891,
                        -0.032364726066589355,
                        0.7160300612449646,
                        0.5443321466445923
                    ],
                    [
                        -0.30059361457824707,
                        0.03520520403981209,
                        0.6862645149230957,
                        0.5635955929756165
                    ],
                    [
                        -0.276992529630661,
                        0.026073984801769257,
                        0.6741337180137634,
                        0.5162033438682556
                    ],
                    [
                        -0.15177157521247864,
                        0.021489545702934265,
                        0.7630848288536072,
                        0.46136170625686646
                    ],
                    [
                        -0.30854368209838867,
                        0.10801973193883896,
                        0.7475501894950867,
                        0.5057259798049927
                    ]
                ]
            ],
            "actions_pred": [
                [
                    [
                        -0.1740143597126007,
                        -0.19761303067207336,
                        -0.28002527356147766,
                        -0.38358446955680847,
                        -0.41809600591659546,
                        -0.31079792976379395,
                        -0.1974530816078186,
                        -0.4670746922492981,
                        -0.47833251953125,
                        -0.5818408727645874,
                        -0.6112852096557617,
                        -0.41746509075164795,
                        -0.4189217984676361,
                        -0.46890416741371155,
                        -0.3671523332595825,
                        -0.3551405966281891,
                        -0.30059361457824707,
                        -0.276992529630661,
                        -0.15177157521247864,
                        -0.30854368209838867
                    ],
                    [
                        -0.10003849864006042,
                        -0.03879232704639435,
                        0.004542708396911621,
                        0.013957701623439789,
                        0.1594059020280838,
                        0.0662354975938797,
                        0.09794620424509048,
                        0.17527583241462708,
                        0.2536603808403015,
                        0.19711653888225555,
                        0.18927010893821716,
                        0.06486499309539795,
                        0.030264049768447876,
                        -0.03745061904191971,
                        0.010968700051307678,
                        -0.032364726066589355,
                        0.03520520403981209,
                        0.026073984801769257,
                        0.021489545702934265,
                        0.10801973193883896
                    ],
                    [
                        0.6363165974617004,
                        0.6556043028831482,
                        0.7249635457992554,
                        0.6962233185768127,
                        0.6091853380203247,
                        0.6783878207206726,
                        0.6088562607765198,
                        0.8845627903938293,
                        0.9743566513061523,
                        0.9978044629096985,
                        1.058939814567566,
                        0.8917643427848816,
                        0.9399739503860474,
                        0.952377200126648,
                        0.9076694250106812,
                        0.7160300612449646,
                        0.6862645149230957,
                        0.6741337180137634,
                        0.7630848288536072,
                        0.7475501894950867
                    ],
                    [
                        0.6165990233421326,
                        0.5445904731750488,
                        0.41838496923446655,
                        0.4421015977859497,
                        0.38963383436203003,
                        0.43936094641685486,
                        0.522878885269165,
                        0.43442997336387634,
                        0.4392305612564087,
                        0.3990055024623871,
                        0.31303220987319946,
                        0.45027583837509155,
                        0.3714272379875183,
                        0.37376081943511963,
                        0.4288221597671509,
                        0.5443321466445923,
                        0.5635955929756165,
                        0.5162033438682556,
                        0.46136170625686646,
                        0.5057259798049927
                    ]
                ]
            ],
            "states": [
                [
                    [
                        5847024.0,
                        7.17427474228316e-06,
                        0.0002797465131152421,
                        862261.25
                    ],
                    [
                        5130264.0,
                        7.109771104296669e-06,
                        0.00027696648612618446,
                        791462.9375
                    ],
                    [
                        5460408.0,
                        7.0486535150848795e-06,
                        0.0002747685939539224,
                        848104.9375
                    ],
                    [
                        5159224.0,
                        6.988396307860967e-06,
                        0.000255326071055606,
                        826896.4375
                    ],
                    [
                        5280856.0,
                        6.9301599978643935e-06,
                        0.0002729953557718545,
                        850071.375
                    ],
                    [
                        5415520.0,
                        6.871501227578847e-06,
                        0.00026464968686923385,
                        894284.875
                    ],
                    [
                        5138952.0,
                        6.81457140672137e-06,
                        0.000260901142610237,
                        824406.5
                    ],
                    [
                        5364840.0,
                        6.758851213817252e-06,
                        0.00026091569452546537,
                        837380.25
                    ],
                    [
                        8605643.0,
                        0.0036125751212239265,
                        0.0002766261750366539,
                        462352.0625
                    ],
                    [
                        10015816.0,
                        0.00033437556703574955,
                        0.00026207882910966873,
                        482968.0625
                    ],
                    [
                        7806168.0,
                        0.00019468956452328712,
                        0.00027697221958078444,
                        473153.5
                    ],
                    [
                        6004856.0,
                        0.00014804340025875717,
                        0.00037561735371127725,
                        563905.9375
                    ],
                    [
                        3835752.0,
                        0.00012653775047510862,
                        0.000348972505889833,
                        546822.625
                    ],
                    [
                        693592.0,
                        0.00011859468213515356,
                        0.000344088242854923,
                        536207.0
                    ],
                    [
                        1136680.0,
                        0.00011570940841920674,
                        0.00030916635296307504,
                        532932.75
                    ],
                    [
                        755856.0,
                        0.0001128598305513151,
                        0.00029186115716584027,
                        668301.125
                    ],
                    [
                        573408.0,
                        0.00011094257206423208,
                        0.00031188191496767104,
                        741689.6875
                    ],
                    [
                        432952.0,
                        0.0001095341140171513,
                        0.0003927450452465564,
                        678985.1875
                    ],
                    [
                        1216320.0,
                        0.00010730996291385964,
                        0.00034627493005245924,
                        618105.1875
                    ],
                    [
                        4131144.0,
                        0.00010072957229567692,
                        0.00028098482289351523,
                        571491.4375
                    ]
                ]
            ],
            "actions": [
                [
                    [
                        0.75
                    ],
                    [
                        0.75
                    ],
                    [
                        0.75
                    ],
                    [
                        0.75
                    ],
                    [
                        0.75
                    ],
                    [
                        0.75
                    ],
                    [
                        0.75
                    ],
                    [
                        0.75
                    ],
                    [
                        0.5
                    ],
                    [
                        0.5
                    ],
                    [
                        0.5
                    ],
                    [
                        0.5
                    ],
                    [
                        0.5
                    ],
                    [
                        0.5
                    ],
                    [
                        0.5
                    ],
                    [
                        0.5
                    ],
                    [
                        0.5
                    ],
                    [
                        0.5
                    ],
                    [
                        0.5
                    ],
                    [
                        0.5
                    ]
                ]
            ],
            "returns": [
                [
                    [
                        0.48685410618782043
                    ],
                    [
                        0.4859126806259155
                    ],
                    [
                        0.48498284816741943
                    ],
                    [
                        0.4840475022792816
                    ],
                    [
                        0.48311716318130493
                    ],
                    [
                        0.4821847677230835
                    ],
                    [
                        0.481250137090683
                    ],
                    [
                        0.48032015562057495
                    ],
                    [
                        0.4793863594532013
                    ],
                    [
                        0.47841066122055054
                    ],
                    [
                        0.47742152214050293
                    ],
                    [
                        0.4764544665813446
                    ],
                    [
                        0.47551068663597107
                    ],
                    [
                        0.47460663318634033
                    ],
                    [
                        0.4738542139530182
                    ],
                    [
                        0.47305798530578613
                    ],
                    [
                        0.4722979664802551
                    ],
                    [
                        0.47156238555908203
                    ],
                    [
                        0.47085174918174744
                    ],
                    [
                        0.47004953026771545
                    ]
                ]
            ],
            "timesteps": [
                [
                    100,
                    101,
                    102,
                    103,
                    104,
                    105,
                    106,
                    107,
                    108,
                    109,
                    110,
                    111,
                    112,
                    113,
                    114,
                    115,
                    116,
                    117,
                    118,
                    119
                ]
            ],
            "labels": [
                [
                    2,
                    2,
                    2,
                    2,
                    2,
                    2,
                    2,
                    2,
                    1,
                    1,
                    1,
                    1,
                    1,
                    1,
                    1,
                    1,
                    1,
                    1,
                    1,
                    1
                ]
            ],
            "CPU Usage": 45.4,
            "RAM Usage": 55.5,
            "GPU Usage": 0.0,
            "VRAM Usage": 355.0,
            "Disk Read Speed (MB/s)": 206022.24609375,
            "Disk Write Speed (MB/s)": 331136.4658203125
        },
        {
            "step": 1,
            "train_loss": 0.0293938759714365,
            "actions_pred1": [
                [
                    [
                        -0.15787217020988464,
                        -0.08023035526275635,
                        0.8868734836578369,
                        0.5902373194694519
                    ],
                    [
                        -0.20635442435741425,
                        -0.10220431536436081,
                        0.8448736667633057,
                        0.5737782716751099
                    ],
                    [
                        -0.17800457775592804,
                        -0.10926409810781479,
                        0.7208238244056702,
                        0.5548183917999268
                    ],
                    [
                        -0.19882714748382568,
                        -0.24457472562789917,
                        0.6149548888206482,
                        0.371448814868927
                    ],
                    [
                        -0.06513363867998123,
                        -0.24949105083942413,
                        0.6572983860969543,
                        0.30529314279556274
                    ],
                    [
                        -0.10740531980991364,
                        -0.27042993903160095,
                        0.6085145473480225,
                        0.3706543445587158
                    ],
                    [
                        -0.13585877418518066,
                        -0.07004518061876297,
                        0.4801476001739502,
                        0.5105080008506775
                    ],
                    [
                        -0.10713603347539902,
                        -0.0816240981221199,
                        0.6306090950965881,
                        0.5172597169876099
                    ],
                    [
                        -0.06160359084606171,
                        -0.03971933573484421,
                        0.6346123814582825,
                        0.4232957065105438
                    ],
                    [
                        -0.15093055367469788,
                        -0.0573965460062027,
                        0.6458233594894409,
                        0.3452227711677551
                    ],
                    [
                        -0.16075900197029114,
                        -0.07975366711616516,
                        0.6969927549362183,
                        0.37439608573913574
                    ],
                    [
                        -0.2152843177318573,
                        -0.06487783044576645,
                        0.6459921598434448,
                        0.35986045002937317
                    ],
                    [
                        -0.13162127137184143,
                        -0.10866881906986237,
                        0.8386698365211487,
                        0.26642459630966187
                    ],
                    [
                        -0.1604931801557541,
                        -0.07753653824329376,
                        0.8092105984687805,
                        0.30478182435035706
                    ],
                    [
                        -0.2063978612422943,
                        -0.05803123861551285,
                        0.70989990234375,
                        0.3174368441104889
                    ],
                    [
                        -0.2989245355129242,
                        -0.04653201997280121,
                        0.8078727126121521,
                        0.24498358368873596
                    ],
                    [
                        -0.3921688199043274,
                        -0.013739407062530518,
                        0.8407557010650635,
                        0.2307751476764679
                    ],
                    [
                        -0.2198687493801117,
                        0.02790297567844391,
                        0.7691521048545837,
                        0.2956247925758362
                    ],
                    [
                        -0.2858116328716278,
                        -0.03193952143192291,
                        0.7871187925338745,
                        0.32584577798843384
                    ],
                    [
                        -0.31902116537094116,
                        -0.06140831857919693,
                        0.8734649419784546,
                        0.33598077297210693
                    ]
                ]
            ],
            "actions_pred": [
                [
                    [
                        -0.15787217020988464,
                        -0.20635442435741425,
                        -0.17800457775592804,
                        -0.19882714748382568,
                        -0.06513363867998123,
                        -0.10740531980991364,
                        -0.13585877418518066,
                        -0.10713603347539902,
                        -0.06160359084606171,
                        -0.15093055367469788,
                        -0.16075900197029114,
                        -0.2152843177318573,
                        -0.13162127137184143,
                        -0.1604931801557541,
                        -0.2063978612422943,
                        -0.2989245355129242,
                        -0.3921688199043274,
                        -0.2198687493801117,
                        -0.2858116328716278,
                        -0.31902116537094116
                    ],
                    [
                        -0.08023035526275635,
                        -0.10220431536436081,
                        -0.10926409810781479,
                        -0.24457472562789917,
                        -0.24949105083942413,
                        -0.27042993903160095,
                        -0.07004518061876297,
                        -0.0816240981221199,
                        -0.03971933573484421,
                        -0.0573965460062027,
                        -0.07975366711616516,
                        -0.06487783044576645,
                        -0.10866881906986237,
                        -0.07753653824329376,
                        -0.05803123861551285,
                        -0.04653201997280121,
                        -0.013739407062530518,
                        0.02790297567844391,
                        -0.03193952143192291,
                        -0.06140831857919693
                    ],
                    [
                        0.8868734836578369,
                        0.8448736667633057,
                        0.7208238244056702,
                        0.6149548888206482,
                        0.6572983860969543,
                        0.6085145473480225,
                        0.4801476001739502,
                        0.6306090950965881,
                        0.6346123814582825,
                        0.6458233594894409,
                        0.6969927549362183,
                        0.6459921598434448,
                        0.8386698365211487,
                        0.8092105984687805,
                        0.70989990234375,
                        0.8078727126121521,
                        0.8407557010650635,
                        0.7691521048545837,
                        0.7871187925338745,
                        0.8734649419784546
                    ],
                    [
                        0.5902373194694519,
                        0.5737782716751099,
                        0.5548183917999268,
                        0.371448814868927,
                        0.30529314279556274,
                        0.3706543445587158,
                        0.5105080008506775,
                        0.5172597169876099,
                        0.4232957065105438,
                        0.3452227711677551,
                        0.37439608573913574,
                        0.35986045002937317,
                        0.26642459630966187,
                        0.30478182435035706,
                        0.3174368441104889,
                        0.24498358368873596,
                        0.2307751476764679,
                        0.2956247925758362,
                        0.32584577798843384,
                        0.33598077297210693
                    ]
                ]
            ],
            "states": [
                [
                    [
                        5451720.0,
                        5.395679545472376e-05,
                        0.00037329201586544514,
                        787492.0625
                    ],
                    [
                        5280856.0,
                        5.18798733537551e-05,
                        0.00029995679506100714,
                        814349.6875
                    ],
                    [
                        5398144.0,
                        4.996706411475316e-05,
                        0.0002722619683481753,
                        830635.1875
                    ],
                    [
                        5419864.0,
                        4.8167821660172194e-05,
                        0.0002737951872404665,
                        823458.5625
                    ],
                    [
                        5285200.0,
                        4.651026029023342e-05,
                        0.0002537628752179444,
                        847604.5625
                    ],
                    [
                        5632720.0,
                        4.493406231631525e-05,
                        0.0002845273702405393,
                        778198.5625
                    ],
                    [
                        4926096.0,
                        4.350659582996741e-05,
                        0.00027429292094893754,
                        769937.4375
                    ],
                    [
                        5379320.0,
                        4.219951370032504e-05,
                        0.0002784566895570606,
                        775819.3125
                    ],
                    [
                        5141848.0,
                        4.0942868508864194e-05,
                        0.00027366288122721016,
                        804782.8125
                    ],
                    [
                        5422760.0,
                        3.9754886529408395e-05,
                        0.0002617421268951148,
                        784755.125
                    ],
                    [
                        5163568.0,
                        3.8631129427812994e-05,
                        0.000270931632257998,
                        777998.8125
                    ],
                    [
                        5172256.0,
                        3.7593843444483355e-05,
                        0.00027350522577762604,
                        827638.0
                    ],
                    [
                        5228728.0,
                        3.6604818888008595e-05,
                        0.0002609447401482612,
                        836480.3125
                    ],
                    [
                        5215696.0,
                        3.566250597941689e-05,
                        0.0002695223083719611,
                        842399.5625
                    ],
                    [
                        5496608.0,
                        3.474534969427623e-05,
                        0.00026009109569713473,
                        814649.5
                    ],
                    [
                        5165016.0,
                        3.3877906389534473e-05,
                        0.0002577552804723382,
                        820590.75
                    ],
                    [
                        5712360.0,
                        3.3036900276783854e-05,
                        0.0002756010799203068,
                        835693.0625
                    ],
                    [
                        5086824.0,
                        3.224165993742645e-05,
                        0.0002540297864470631,
                        845564.6875
                    ],
                    [
                        5490816.0,
                        3.14996468659956e-05,
                        0.00027847016463056207,
                        824773.25
                    ],
                    [
                        5183840.0,
                        3.078411828028038e-05,
                        0.0002814441977534443,
                        810358.5625
                    ]
                ]
            ],
            "actions": [
                [
                    [
                        0.75
                    ],
                    [
                        0.75
                    ],
                    [
                        0.75
                    ],
                    [
                        0.75
                    ],
                    [
                        0.75
                    ],
                    [
                        0.75
                    ],
                    [
                        0.75
                    ],
                    [
                        0.75
                    ],
                    [
                        0.75
                    ],
                    [
                        0.75
                    ],
                    [
                        0.75
                    ],
                    [
                        0.75
                    ],
                    [
                        0.75
                    ],
                    [
                        0.75
                    ],
                    [
                        0.75
                    ],
                    [
                        0.75
                    ],
                    [
                        0.75
                    ],
                    [
                        0.75
                    ],
                    [
                        0.75
                    ],
                    [
                        0.75
                    ]
                ]
            ],
            "returns": [
                [
                    [
                        0.36055833101272583
                    ],
                    [
                        0.35962310433387756
                    ],
                    [
                        0.35869070887565613
                    ],
                    [
                        0.3577563464641571
                    ],
                    [
                        0.3568216562271118
                    ],
                    [
                        0.3558892011642456
                    ],
                    [
                        0.35495108366012573
                    ],
                    [
                        0.35402485728263855
                    ],
                    [
                        0.3530908226966858
                    ],
                    [
                        0.352160781621933
                    ],
                    [
                        0.3512260317802429
                    ],
                    [
                        0.35029563307762146
                    ],
                    [
                        0.34936508536338806
                    ],
                    [
                        0.34843355417251587
                    ],
                    [
                        0.3475022614002228
                    ],
                    [
                        0.3465663194656372
                    ],
                    [
                        0.34563589096069336
                    ],
                    [
                        0.3446965217590332
                    ],
                    [
                        0.3437674641609192
                    ],
                    [
                        0.3428316116333008
                    ]
                ]
            ],
            "timesteps": [
                [
                    240,
                    241,
                    242,
                    243,
                    244,
                    245,
                    246,
                    247,
                    248,
                    249,
                    250,
                    251,
                    252,
                    253,
                    254,
                    255,
                    256,
                    257,
                    258,
                    259
                ]
            ],
            "labels": [
                [
                    2,
                    2,
                    2,
                    2,
                    2,
                    2,
                    2,
                    2,
                    2,
                    2,
                    2,
                    2,
                    2,
                    2,
                    2,
                    2,
                    2,
                    2,
                    2,
                    2
                ]
            ],
            "CPU Usage": 47.1,
            "RAM Usage": 55.6,
            "GPU Usage": 0.0,
            "VRAM Usage": 355.0,
            "Disk Read Speed (MB/s)": 206022.24609375,
            "Disk Write Speed (MB/s)": 331136.5986328125
        },
        {
            "step": 2,
            "train_loss": 0.06328586488962173,
            "actions_pred1": [
                [
                    [
                        -0.31658485531806946,
                        -0.3017837405204773,
                        0.6008810997009277,
                        0.25656113028526306
                    ],
                    [
                        -0.35840994119644165,
                        -0.17763860523700714,
                        0.7975960373878479,
                        0.1441049873828888
                    ],
                    [
                        -0.23334382474422455,
                        -0.026015818119049072,
                        0.5836664438247681,
                        0.06445580720901489
                    ],
                    [
                        -0.2811940312385559,
                        0.06763793528079987,
                        0.4036672115325928,
                        0.0867815911769867
                    ],
                    [
                        -0.37976741790771484,
                        -0.01121048629283905,
                        0.3553391098976135,
                        0.23294177651405334
                    ],
                    [
                        -0.4934837818145752,
                        -0.001580856740474701,
                        0.5583226680755615,
                        0.2140921652317047
                    ],
                    [
                        -0.47188740968704224,
                        0.09913332760334015,
                        0.5717828273773193,
                        0.29357457160949707
                    ],
                    [
                        -0.5836139917373657,
                        0.10745486617088318,
                        0.5956803560256958,
                        0.28969061374664307
                    ],
                    [
                        -0.5691152811050415,
                        -0.04898122325539589,
                        0.6149656772613525,
                        0.06578445434570312
                    ],
                    [
                        -0.4904949367046356,
                        -0.13067446649074554,
                        0.5121071338653564,
                        0.08250081539154053
                    ],
                    [
                        -0.5853303670883179,
                        -0.05325068533420563,
                        0.6562207937240601,
                        0.09923803806304932
                    ],
                    [
                        -0.6738367080688477,
                        0.006289221346378326,
                        0.6205664873123169,
                        0.12435096502304077
                    ],
                    [
                        -0.5078954100608826,
                        -0.045452818274497986,
                        0.5767067670822144,
                        0.2095012068748474
                    ],
                    [
                        -0.46141648292541504,
                        -0.04720710963010788,
                        0.5678517818450928,
                        0.144246906042099
                    ],
                    [
                        -0.5350964069366455,
                        0.023226898163557053,
                        0.6005910038948059,
                        0.08659660816192627
                    ],
                    [
                        -0.5316980481147766,
                        0.10988566279411316,
                        0.7541071176528931,
                        0.14305120706558228
                    ],
                    [
                        -0.6143316030502319,
                        0.03642283380031586,
                        0.6958428025245667,
                        0.20966404676437378
                    ],
                    [
                        -0.5625656247138977,
                        0.06929177045822144,
                        0.6679538488388062,
                        0.18508337438106537
                    ],
                    [
                        -0.5557681322097778,
                        0.17398615181446075,
                        0.6560273170471191,
                        0.2094751000404358
                    ],
                    [
                        -0.5502108335494995,
                        0.13271695375442505,
                        0.799314022064209,
                        0.19868159294128418
                    ]
                ]
            ],
            "actions_pred": [
                [
                    [
                        -0.31658485531806946,
                        -0.35840994119644165,
                        -0.23334382474422455,
                        -0.2811940312385559,
                        -0.37976741790771484,
                        -0.4934837818145752,
