{
    "steps": [
        {
            "step": 0,
            "train_loss": 0.04024272412061691,
            "actions_pred1": [
                [
                    [
                        0.44601091742515564,
                        0.2679502069950104,
                        0.5579992532730103,
                        -0.386780321598053
                    ],
                    [
                        0.3587307929992676,
                        0.0943918526172638,
                        0.3759947419166565,
                        -0.3731653392314911
                    ],
                    [
                        0.27850863337516785,
                        0.1377735733985901,
                        0.4783326983451843,
                        -0.43925267457962036
                    ],
                    [
                        0.08120854198932648,
                        0.20917174220085144,
                        0.42350098490715027,
                        -0.4648280739784241
                    ],
                    [
                        0.04460775852203369,
                        0.2746874988079071,
                        0.47137945890426636,
                        -0.5308114886283875
                    ],
                    [
                        0.07705213874578476,
                        0.3128089904785156,
                        0.5192093849182129,
                        -0.44640839099884033
                    ],
                    [
                        0.04914136230945587,
                        0.37509313225746155,
                        0.42423704266548157,
                        -0.44385021924972534
                    ],
                    [
                        0.03993740677833557,
                        0.274406760931015,
                        0.4830816686153412,
                        -0.4968304932117462
                    ],
                    [
                        0.02725934237241745,
                        0.258287250995636,
                        0.5069416165351868,
                        -0.54209965467453
                    ],
                    [
                        0.04757564514875412,
                        0.2880665361881256,
                        0.6522776484489441,
                        -0.47201576828956604
                    ],
                    [
                        0.21937274932861328,
                        0.29127079248428345,
                        0.5808731913566589,
                        -0.5786381959915161
                    ],
                    [
                        0.34814170002937317,
                        0.24917083978652954,
                        0.568466305732727,
                        -0.6521510481834412
                    ],
                    [
                        0.21321190893650055,
                        0.34920209646224976,
                        0.6878978610038757,
                        -0.6621865034103394
                    ],
                    [
                        0.17083798348903656,
                        0.3382106423377991,
                        0.7059740424156189,
                        -0.5432738065719604
                    ],
                    [
                        0.09407716989517212,
                        0.39836055040359497,
                        0.6800696849822998,
                        -0.512134313583374
                    ],
                    [
                        0.12800586223602295,
                        0.46167653799057007,
                        0.7009907364845276,
                        -0.48820075392723083
                    ],
                    [
                        0.12398040294647217,
                        0.36360621452331543,
                        0.7355299592018127,
                        -0.5369583964347839
                    ],
                    [
                        0.10814928263425827,
                        0.3313259482383728,
                        0.6681340932846069,
                        -0.4927443265914917
                    ],
                    [
                        0.20516541600227356,
                        0.38660576939582825,
                        0.5621359348297119,
                        -0.4169539213180542
                    ],
                    [
                        0.2501290440559387,
                        0.4452161192893982,
                        0.4854762852191925,
                        -0.49658650159835815
                    ]
                ]
            ],
            "actions_pred": [
                [
                    [
                        0.44601091742515564,
                        0.3587307929992676,
                        0.27850863337516785,
                        0.08120854198932648,
                        0.04460775852203369,
                        0.07705213874578476,
                        0.04914136230945587,
                        0.03993740677833557,
                        0.02725934237241745,
                        0.04757564514875412,
                        0.21937274932861328,
                        0.34814170002937317,
                        0.21321190893650055,
                        0.17083798348903656,
                        0.09407716989517212,
                        0.12800586223602295,
                        0.12398040294647217,
                        0.10814928263425827,
                        0.20516541600227356,
                        0.2501290440559387
                    ],
                    [
                        0.2679502069950104,
                        0.0943918526172638,
                        0.1377735733985901,
                        0.20917174220085144,
                        0.2746874988079071,
                        0.3128089904785156,
                        0.37509313225746155,
                        0.274406760931015,
                        0.258287250995636,
                        0.2880665361881256,
                        0.29127079248428345,
                        0.24917083978652954,
                        0.34920209646224976,
                        0.3382106423377991,
                        0.39836055040359497,
                        0.46167653799057007,
                        0.36360621452331543,
                        0.3313259482383728,
                        0.38660576939582825,
                        0.4452161192893982
                    ],
                    [
                        0.5579992532730103,
                        0.3759947419166565,
                        0.4783326983451843,
                        0.42350098490715027,
                        0.47137945890426636,
                        0.5192093849182129,
                        0.42423704266548157,
                        0.4830816686153412,
                        0.5069416165351868,
                        0.6522776484489441,
                        0.5808731913566589,
                        0.568466305732727,
                        0.6878978610038757,
                        0.7059740424156189,
                        0.6800696849822998,
                        0.7009907364845276,
                        0.7355299592018127,
                        0.6681340932846069,
                        0.5621359348297119,
                        0.4854762852191925
                    ],
                    [
                        -0.386780321598053,
                        -0.3731653392314911,
                        -0.43925267457962036,
                        -0.4648280739784241,
                        -0.5308114886283875,
                        -0.44640839099884033,
                        -0.44385021924972534,
                        -0.4968304932117462,
                        -0.54209965467453,
                        -0.47201576828956604,
                        -0.5786381959915161,
                        -0.6521510481834412,
                        -0.6621865034103394,
                        -0.5432738065719604,
                        -0.512134313583374,
                        -0.48820075392723083,
                        -0.5369583964347839,
                        -0.4927443265914917,
                        -0.4169539213180542,
                        -0.49658650159835815
                    ]
                ]
            ],
            "states": [
                [
                    [
                        5603760.0,
                        1.8195280063082464e-05,
                        0.00019109471759293228,
                        502731.65625
                    ],
                    [
                        5502400.0,
                        1.778137630026322e-05,
                        0.00025023153284564614,
                        515799.5
                    ],
                    [
                        3495337.0,
                        2.0890449377475306e-05,
                        0.000305382302030921,
                        476338.21875
                    ],
                    [
                        1255416.0,
                        5.187569695408456e-05,
                        0.00029567780438810587,
                        761957.25
                    ],
                    [
                        2240056.0,
                        5.151751611265354e-05,
                        0.00033060877467505634,
                        603144.3125
                    ],
                    [
                        3857472.0,
                        4.8557489208178595e-05,
                        0.0031183171086013317,
                        533986.8125
                    ],
                    [
                        4274496.0,
                        4.78329966426827e-05,
                        0.0025027666706591845,
                        540291.25
                    ],
                    [
                        4416400.0,
                        4.7082099627004936e-05,
                        0.0014389286516234279,
                        565093.875
                    ],
                    [
                        8094320.0,
                        4.604376954375766e-05,
                        0.0007658242247998714,
                        548988.375
                    ],
                    [
                        6445048.0,
                        4.488962440518662e-05,
                        0.00038344759377650917,
                        548654.4375
                    ],
                    [
                        5370632.0,
                        4.3993775761919096e-05,
                        0.00022289676417130977,
                        576383.875
                    ],
                    [
                        4669800.0,
                        4.3260322854621336e-05,
                        0.00016156068886630237,
                        587927.8125
                    ],
                    [
                        5024560.0,
                        4.257538603269495e-05,
                        0.0001406134688295424,
                        551057.8125
                    ],
                    [
                        5088272.0,
                        4.1883507947204635e-05,
                        0.00015407148748636246,
                        546541.25
                    ],
                    [
                        5479232.0,
                        4.118427023058757e-05,
                        0.00013193934864830226,
                        600107.125
                    ],
                    [
                        4853696.0,
                        4.0522416384192184e-05,
                        0.000135277965455316,
                        557284.125
                    ],
                    [
                        4022544.0,
                        3.997057501692325e-05,
                        0.0001415384467691183,
                        635772.1875
                    ],
                    [
                        3612760.0,
                        3.950786776840687e-05,
                        0.0001762084721121937,
                        576885.25
                    ],
                    [
                        3773488.0,
                        3.907046266249381e-05,
                        0.000310274597723037,
                        547162.9375
                    ],
                    [
                        4445360.0,
                        3.8595113437622786e-05,
                        0.00025462565827183425,
                        623805.0
                    ]
                ]
            ],
            "actions": [
                [
                    [
                        0.5
                    ],
                    [
                        0.5
                    ],
                    [
                        0.5
                    ],
                    [
                        0.5
                    ],
                    [
                        0.5
                    ],
                    [
                        0.5
                    ],
                    [
                        0.5
                    ],
                    [
                        0.5
                    ],
                    [
                        0.5
                    ],
                    [
                        0.5
                    ],
                    [
                        0.5
                    ],
                    [
                        0.5
                    ],
                    [
                        0.5
                    ],
                    [
                        0.5
                    ],
                    [
                        0.5
                    ],
                    [
                        0.5
                    ],
                    [
                        0.5
                    ],
                    [
                        0.5
                    ],
                    [
                        0.5
                    ],
                    [
                        0.5
                    ]
                ]
            ],
            "returns": [
                [
                    [
                        0.1523428112268448
                    ],
                    [
                        0.15140515565872192
                    ],
                    [
                        0.150469109416008
                    ],
                    [
                        0.14957329630851746
                    ],
                    [
                        0.14876827597618103
                    ],
                    [
                        0.1479119062423706
                    ],
                    [
                        0.14700736105442047
                    ],
                    [
                        0.1460937112569809
                    ],
                    [
                        0.14517715573310852
                    ],
                    [
                        0.14420689642429352
                    ],
                    [
                        0.14325684309005737
                    ],
                    [
                        0.14232294261455536
                    ],
                    [
                        0.14140145480632782
                    ],
                    [
                        0.14047347009181976
                    ],
                    [
                        0.13954436779022217
                    ],
                    [
                        0.13860870897769928
                    ],
                    [
                        0.13768377900123596
                    ],
                    [
                        0.13677552342414856
                    ],
                    [
                        0.13587677478790283
                    ],
                    [
                        0.1349741816520691
                    ]
                ]
            ],
            "timesteps": [
                [
                    460,
                    461,
                    462,
                    463,
                    464,
                    465,
                    466,
                    467,
                    468,
                    469,
                    470,
                    471,
                    472,
                    473,
                    474,
                    475,
                    476,
                    477,
                    478,
                    479
                ]
            ],
            "labels": [
                [
                    1,
                    1,
                    1,
                    1,
                    1,
                    1,
                    1,
                    1,
                    1,
                    1,
                    1,
                    1,
                    1,
                    1,
                    1,
                    1,
                    1,
                    1,
                    1,
                    1
                ]
            ],
            "CPU Usage": 45.8,
            "RAM Usage": 55.1,
            "GPU Usage": 0.0,
            "VRAM Usage": 356.0,
            "Disk Read Speed (MB/s)": 206066.4072265625,
            "Disk Write Speed (MB/s)": 367014.9384765625
        },
        {
            "step": 1,
            "train_loss": 0.040002305060625076,
            "actions_pred1": [
                [
                    [
                        0.7681206464767456,
                        0.49873805046081543,
                        0.8726139068603516,
                        -0.49461305141448975
                    ],
                    [
                        0.6909852027893066,
                        0.4459419250488281,
                        0.6117615699768066,
                        -0.2290882021188736
                    ],
                    [
                        0.6681297421455383,
                        0.5518875122070312,
                        0.4979720711708069,
                        -0.25990092754364014
                    ],
                    [
                        0.6191773414611816,
                        0.5146323442459106,
                        0.5240418910980225,
                        -0.3670443892478943
                    ],
                    [
                        0.5982659459114075,
                        0.46401455998420715,
                        0.5433525443077087,
                        -0.7043125629425049
                    ],
                    [
                        0.5255882740020752,
                        0.4572630822658539,
                        0.5866430997848511,
                        -0.6529635190963745
                    ],
                    [
                        0.44328516721725464,
                        0.3919873833656311,
                        0.6248226165771484,
                        -0.7017494440078735
                    ],
                    [
                        0.46005797386169434,
                        0.4400266706943512,
                        0.5609861612319946,
                        -0.7323424816131592
                    ],
                    [
                        0.4773188829421997,
                        0.4966040551662445,
                        0.6107888221740723,
                        -0.866515576839447
                    ],
                    [
                        0.40747514367103577,
                        0.6464359164237976,
                        0.5674552917480469,
                        -0.6513628959655762
                    ],
                    [
                        0.31104975938796997,
                        0.39944034814834595,
                        0.5927752256393433,
                        -0.6324811577796936
                    ],
                    [
                        0.3368227183818817,
                        0.3360167145729065,
                        0.606909990310669,
                        -0.7445734739303589
                    ],
                    [
                        0.41010773181915283,
                        0.5150724649429321,
                        0.8614418506622314,
                        -0.6676079034805298
                    ],
                    [
                        0.4173402786254883,
                        0.47225886583328247,
                        0.7303871512413025,
                        -0.629719614982605
                    ],
                    [
                        0.3342016339302063,
                        0.4620239734649658,
                        0.7108362317085266,
                        -0.7003315687179565
                    ],
                    [
                        0.3159880042076111,
                        0.24346528947353363,
                        0.9084749221801758,
                        -0.5899324417114258
                    ],
                    [
                        0.26248404383659363,
                        0.24505633115768433,
                        0.9688256978988647,
                        -0.6836155652999878
                    ],
                    [
                        0.3364737629890442,
                        0.41051626205444336,
                        0.7903883457183838,
                        -0.6456058025360107
                    ],
                    [
                        0.3952426016330719,
                        0.38597047328948975,
                        0.7424606680870056,
                        -0.7246571779251099
                    ],
                    [
                        0.3855825364589691,
                        0.5077370405197144,
                        0.654060423374176,
                        -0.6625900268554688
                    ]
                ]
            ],
            "actions_pred": [
                [
                    [
                        0.7681206464767456,
                        0.6909852027893066,
                        0.6681297421455383,
                        0.6191773414611816,
                        0.5982659459114075,
                        0.5255882740020752,
                        0.44328516721725464,
                        0.46005797386169434,
                        0.4773188829421997,
                        0.40747514367103577,
                        0.31104975938796997,
                        0.3368227183818817,
                        0.41010773181915283,
                        0.4173402786254883,
                        0.3342016339302063,
                        0.3159880042076111,
                        0.26248404383659363,
                        0.3364737629890442,
                        0.3952426016330719,
                        0.3855825364589691
                    ],
                    [
                        0.49873805046081543,
                        0.4459419250488281,
                        0.5518875122070312,
                        0.5146323442459106,
                        0.46401455998420715,
                        0.4572630822658539,
                        0.3919873833656311,
                        0.4400266706943512,
                        0.4966040551662445,
                        0.6464359164237976,
                        0.39944034814834595,
                        0.3360167145729065,
                        0.5150724649429321,
                        0.47225886583328247,
                        0.4620239734649658,
                        0.24346528947353363,
                        0.24505633115768433,
                        0.41051626205444336,
                        0.38597047328948975,
                        0.5077370405197144
                    ],
                    [
                        0.8726139068603516,
                        0.6117615699768066,
                        0.4979720711708069,
                        0.5240418910980225,
                        0.5433525443077087,
                        0.5866430997848511,
                        0.6248226165771484,
                        0.5609861612319946,
                        0.6107888221740723,
                        0.5674552917480469,
                        0.5927752256393433,
                        0.606909990310669,
                        0.8614418506622314,
                        0.7303871512413025,
                        0.7108362317085266,
                        0.9084749221801758,
                        0.9688256978988647,
                        0.7903883457183838,
                        0.7424606680870056,
                        0.654060423374176
                    ],
                    [
                        -0.49461305141448975,
                        -0.2290882021188736,
                        -0.25990092754364014,
                        -0.3670443892478943,
                        -0.7043125629425049,
                        -0.6529635190963745,
                        -0.7017494440078735,
                        -0.7323424816131592,
                        -0.866515576839447,
                        -0.6513628959655762,
                        -0.6324811577796936,
                        -0.7445734739303589,
                        -0.6676079034805298,
                        -0.629719614982605,
                        -0.7003315687179565,
                        -0.5899324417114258,
                        -0.6836155652999878,
                        -0.6456058025360107,
                        -0.7246571779251099,
                        -0.6625900268554688
                    ]
                ]
            ],
            "states": [
                [
                    [
                        195480.0,
                        0.00017859364743344486,
                        0.0014523763675242662,
                        455306.15625
                    ],
                    [
                        224440.0,
                        0.00017706550715956837,
                        0.0012122188927605748,
                        199210.375
                    ],
                    [
                        260640.0,
                        0.00017533254867885262,
                        0.0010567386634647846,
                        291813.4375
                    ],
                    [
                        231680.0,
                        0.00017360733181703836,
                        0.0010331012308597565,
                        619352.5625
                    ],
                    [
                        201272.0,
                        0.00017211795784533024,
                        0.0008577806875109673,
                        757621.5
                    ],
                    [
                        233128.0,
                        0.0001706496550468728,
                        0.002856994280591607,
                        402371.75
                    ],
                    [
                        238920.0,
                        0.00016908197721932083,
                        0.005327177233994007,
                        418626.09375
                    ],
                    [
                        185344.0,
                        0.00016769685316830873,
                        0.006734849885106087,
                        490648.125
                    ],
                    [
                        205616.0,
                        0.000166440979228355,
                        0.008968048729002476,
                        304516.78125
                    ],
                    [
                        195480.0,
                        0.00016517171752639115,
                        0.00019177634385414422,
                        553446.625
                    ],
                    [
                        202720.0,
                        0.00016393074474763125,
                        0.0001491233124397695,
                        853423.1875
                    ],
                    [
                        209960.0,
                        0.00016266417514998466,
                        0.0002625611668918282,
                        298799.9375
                    ],
                    [
                        209960.0,
                        0.0001613952626939863,
                        0.0004885925445705652,
                        376011.875
                    ],
                    [
                        144800.0,
                        0.00016033815336413682,
                        0.0010367168579250574,
                        94745.609375
                    ],
                    [
                        246160.0,
                        0.00015919026918709278,
                        0.0028569940477609634,
                        223245.734375
                    ],
                    [
                        253400.0,
                        0.000157746413606219,
                        0.005327177233994007,
                        267948.78125
                    ],
                    [
                        296840.0,
                        0.00015618640463799238,
                        0.006734849885106087,
                        291045.46875
                    ],
                    [
                        340280.0,
                        0.0001544181868666783,
                        0.008968048729002476,
                        376205.125
                    ],
                    [
                        405440.0,
                        0.0001523990067653358,
                        0.010990988463163376,
                        467932.84375
                    ],
                    [
                        463360.0,
                        0.0001501120423199609,
                        0.011323424987494946,
                        301846.5
                    ]
                ]
            ],
            "actions": [
                [
                    [
                        0.25
                    ],
                    [
                        0.25
                    ],
                    [
                        0.25
                    ],
                    [
                        0.25
                    ],
                    [
                        0.25
                    ],
                    [
                        0.25
                    ],
                    [
                        0.25
                    ],
                    [
                        0.25
                    ],
                    [
                        0.25
                    ],
                    [
                        0.25
                    ],
                    [
                        0.25
                    ],
                    [
                        0.25
                    ],
                    [
                        0.25
                    ],
                    [
                        0.25
                    ],
                    [
                        0.25
                    ],
                    [
                        0.25
                    ],
                    [
                        0.25
                    ],
                    [
                        0.25
                    ],
                    [
                        0.25
                    ],
                    [
                        0.25
                    ]
                ]
            ],
            "returns": [
                [
                    [
                        0.0820998102426529
                    ],
                    [
                        0.0814596638083458
                    ],
                    [
                        0.08080726861953735
                    ],
                    [
                        0.08014161884784698
                    ],
                    [
                        0.0794864147901535
                    ],
                    [
                        0.07884368300437927
                    ],
                    [
                        0.07818792015314102
                    ],
                    [
                        0.07752998173236847
                    ],
                    [
                        0.07689455896615982
                    ],
                    [
                        0.07624993473291397
                    ],
                    [
                        0.07560978829860687
                    ],
                    [
                        0.0749664157629013
                    ],
                    [
                        0.07431993633508682
                    ],
                    [
                        0.07367345690727234
                    ],
                    [
                        0.07305991649627686
                    ],
                    [
                        0.0723993331193924
                    ],
                    [
                        0.07173618674278259
                    ],
                    [
                        0.07105900347232819
                    ],
                    [
                        0.07036971300840378
                    ],
                    [
                        0.06966488808393478
                    ]
                ]
            ],
            "timesteps": [
                [
                    540,
                    541,
                    542,
                    543,
                    544,
                    545,
                    546,
                    547,
                    548,
                    549,
                    550,
                    551,
                    552,
                    553,
                    554,
                    555,
                    556,
                    557,
                    558,
                    559
                ]
            ],
            "labels": [
                [
                    0,
                    0,
                    0,
                    0,
                    0,
                    0,
                    0,
                    0,
                    0,
                    0,
                    0,
                    0,
                    0,
                    0,
                    0,
                    0,
                    0,
                    0,
                    0,
                    0
                ]
            ],
            "CPU Usage": 46.6,
            "RAM Usage": 55.3,
            "GPU Usage": 0.0,
            "VRAM Usage": 356.0,
            "Disk Read Speed (MB/s)": 206066.4072265625,
            "Disk Write Speed (MB/s)": 367015.0517578125
        },
        {
            "step": 2,
            "train_loss": 0.04126562550663948,
            "actions_pred1": [
                [
                    [
                        0.40705856680870056,
                        0.28982001543045044,
                        0.5889841318130493,
                        -0.42534226179122925
                    ],
                    [
                        0.3649058938026428,
                        0.4137759208679199,
                        0.6540296077728271,
                        -0.24300464987754822
                    ],
                    [
                        0.4424324035644531,
                        0.39888620376586914,
                        0.7322858572006226,
                        -0.38655585050582886
                    ],
                    [
                        0.44379645586013794,
                        0.32609957456588745,
                        0.7742782235145569,
                        -0.47059574723243713
                    ],
                    [
                        0.4043852984905243,
                        0.3912721574306488,
                        0.8612347841262817,
                        -0.5012638568878174
                    ],
                    [
                        0.27495628595352173,
                        0.4069833755493164,
                        0.6569417715072632,
                        -0.6789147853851318
                    ],
                    [
                        0.3871178925037384,
                        0.3571556806564331,
                        0.682744026184082,
                        -0.6469318270683289
                    ],
                    [
                        0.38093340396881104,
                        0.3372301161289215,
                        0.6539642214775085,
                        -0.576756477355957
                    ],
                    [
                        0.4317956268787384,
                        0.3424910604953766,
                        0.5606288909912109,
                        -0.6036434769630432
                    ],
                    [
                        0.3330715000629425,
                        0.29057925939559937,
                        0.6277379989624023,
                        -0.5531911849975586
                    ],
                    [
                        0.40695369243621826,
                        0.39926278591156006,
                        0.640260636806488,
                        -0.5959476232528687
                    ],
                    [
                        0.42854374647140503,
                        0.39609503746032715,
                        0.6210848093032837,
                        -0.6500686407089233
                    ],
                    [
                        0.3751038610935211,
                        0.37651094794273376,
                        0.6007923483848572,
                        -0.644116997718811
                    ],
                    [
                        0.359253853559494,
                        0.4526425302028656,
                        0.6577498912811279,
                        -0.6583865284919739
                    ],
                    [
                        0.4623927175998688,
                        0.3496551215648651,
                        0.77542644739151,
                        -0.5913283824920654
                    ],
                    [
                        0.37689030170440674,
                        0.40755051374435425,
                        0.7099570631980896,
                        -0.6118789315223694
                    ],
                    [
                        0.292921781539917,
                        0.48271888494491577,
                        0.7289187908172607,
                        -0.6348949074745178
                    ],
                    [
                        0.3689650297164917,
                        0.4407239556312561,
                        0.8208447694778442,
                        -0.5980311632156372
                    ],
                    [
                        0.420956015586853,
                        0.4487253725528717,
                        0.8053027391433716,
                        -0.6251273155212402
                    ],
                    [
                        0.30070075392723083,
                        0.4572827219963074,
                        0.771496057510376,
                        -0.7286834716796875
                    ]
                ]
            ],
            "actions_pred": [
                [
                    [
                        0.40705856680870056,
                        0.3649058938026428,
                        0.4424324035644531,
                        0.44379645586013794,
                        0.4043852984905243,
                        0.27495628595352173,
                        0.3871178925037384,
                        0.38093340396881104,
                        0.4317956268787384,
                        0.3330715000629425,
