{
    "steps": [
        {
            "step": 0,
            "train_loss": 0.008380510844290257,
            "actions_pred1": [
                [
                    [
                        -0.3987078070640564,
                        3.389528751373291,
                        1.857881784439087,
                        -2.1197776794433594
                    ],
                    [
                        -0.42488667368888855,
                        3.819458484649658,
                        1.6175856590270996,
                        -2.803483247756958
                    ],
                    [
                        -0.4545249938964844,
                        4.154848098754883,
                        1.7684457302093506,
                        -3.5172290802001953
                    ],
                    [
                        -0.29480448365211487,
                        4.326329708099365,
                        1.7579668760299683,
                        -3.9265694618225098
                    ],
                    [
                        -0.04411306977272034,
                        4.4187912940979,
                        1.862461805343628,
                        -4.105759620666504
                    ],
                    [
                        0.06344914436340332,
                        4.441878318786621,
                        2.2187728881835938,
                        -4.477446556091309
                    ],
                    [
                        -0.00962035357952118,
                        4.24647331237793,
                        2.1998486518859863,
                        -4.417020797729492
                    ],
                    [
                        -0.022530555725097656,
                        3.780229330062866,
                        2.3074164390563965,
                        -4.49487829208374
                    ],
                    [
                        0.38621383905410767,
                        3.6399319171905518,
                        2.642746925354004,
                        -4.592632293701172
                    ],
                    [
                        0.3619807958602905,
                        3.5625839233398438,
                        2.5861904621124268,
                        -4.424494743347168
                    ],
                    [
                        0.15662765502929688,
                        3.4651083946228027,
                        2.485185146331787,
                        -4.576356410980225
                    ],
                    [
                        0.28676655888557434,
                        3.556143283843994,
                        2.4255921840667725,
                        -4.541750907897949
                    ],
                    [
                        0.40180540084838867,
                        3.4529778957366943,
                        2.364161491394043,
                        -4.47972297668457
                    ],
                    [
                        0.4331432580947876,
                        3.436304807662964,
                        2.3783535957336426,
                        -4.514729022979736
                    ],
                    [
                        0.3692072629928589,
                        3.4556682109832764,
                        2.3285701274871826,
                        -4.63578987121582
                    ],
                    [
                        0.5322866439819336,
                        3.627378463745117,
                        2.340245008468628,
                        -4.857026100158691
                    ],
                    [
                        0.5223917961120605,
                        3.3797454833984375,
                        2.5059621334075928,
                        -4.747402191162109
                    ],
                    [
                        0.48597049713134766,
                        3.335139036178589,
                        2.592013120651245,
                        -4.614577293395996
                    ],
                    [
                        0.41710221767425537,
                        3.380406379699707,
                        2.533468723297119,
                        -4.809995651245117
                    ],
                    [
                        0.5505268573760986,
                        3.418926239013672,
                        2.841032028198242,
                        -4.911786079406738
                    ]
                ]
            ],
            "actions_pred": [
                [
                    [
                        -0.3987078070640564,
                        -0.42488667368888855,
                        -0.4545249938964844,
                        -0.29480448365211487,
                        -0.04411306977272034,
                        0.06344914436340332,
                        -0.00962035357952118,
                        -0.022530555725097656,
                        0.38621383905410767,
                        0.3619807958602905,
                        0.15662765502929688,
                        0.28676655888557434,
                        0.40180540084838867,
                        0.4331432580947876,
                        0.3692072629928589,
                        0.5322866439819336,
                        0.5223917961120605,
                        0.48597049713134766,
                        0.41710221767425537,
                        0.5505268573760986
                    ],
                    [
                        3.389528751373291,
                        3.819458484649658,
                        4.154848098754883,
                        4.326329708099365,
                        4.4187912940979,
                        4.441878318786621,
                        4.24647331237793,
                        3.780229330062866,
                        3.6399319171905518,
                        3.5625839233398438,
                        3.4651083946228027,
                        3.556143283843994,
                        3.4529778957366943,
                        3.436304807662964,
                        3.4556682109832764,
                        3.627378463745117,
                        3.3797454833984375,
                        3.335139036178589,
                        3.380406379699707,
                        3.418926239013672
                    ],
                    [
                        1.857881784439087,
                        1.6175856590270996,
                        1.7684457302093506,
                        1.7579668760299683,
                        1.862461805343628,
                        2.2187728881835938,
                        2.1998486518859863,
                        2.3074164390563965,
                        2.642746925354004,
                        2.5861904621124268,
                        2.485185146331787,
                        2.4255921840667725,
                        2.364161491394043,
                        2.3783535957336426,
                        2.3285701274871826,
                        2.340245008468628,
                        2.5059621334075928,
                        2.592013120651245,
                        2.533468723297119,
                        2.841032028198242
                    ],
                    [
                        -2.1197776794433594,
                        -2.803483247756958,
                        -3.5172290802001953,
                        -3.9265694618225098,
                        -4.105759620666504,
                        -4.477446556091309,
                        -4.417020797729492,
                        -4.49487829208374,
                        -4.592632293701172,
                        -4.424494743347168,
                        -4.576356410980225,
                        -4.541750907897949,
                        -4.47972297668457,
                        -4.514729022979736,
                        -4.63578987121582,
                        -4.857026100158691,
                        -4.747402191162109,
                        -4.614577293395996,
                        -4.809995651245117,
                        -4.911786079406738
                    ]
                ]
            ],
            "states": [
                [
                    [
                        5059312.0,
                        9.1049492766615e-05,
                        0.0002829945588018745,
                        570940.9375
                    ],
                    [
                        5117232.0,
                        8.226631325669587e-05,
                        0.00027779326774179935,
                        553102.75
                    ],
                    [
                        5535704.0,
                        7.472792640328407e-05,
                        0.00029917724896222353,
                        546738.9375
                    ],
                    [
                        4970984.0,
                        6.851889338577166e-05,
                        0.00037997434264980257,
                        615590.1875
                    ],
                    [
                        2654184.0,
                        6.460718577727675e-05,
                        0.00029415389872156084,
                        481818.0625
                    ],
                    [
                        4494592.0,
                        6.135837611509487e-05,
                        0.00029440681100822985,
                        522992.78125
                    ],
                    [
                        4348344.0,
                        5.774946475867182e-05,
                        0.00028164629475213587,
                        491780.875
                    ],
                    [
                        4933336.0,
                        5.439664164441638e-05,
                        0.00027785348356701434,
                        520398.875
                    ],
                    [
                        4701656.0,
                        5.129960845806636e-05,
                        0.00038381022750400007,
                        575110.6875
                    ],
                    [
                        4578576.0,
                        4.8633406549924985e-05,
                        0.0002961547579616308,
                        495802.21875
                    ],
                    [
                        3149400.0,
                        4.661144339479506e-05,
                        0.00029962105327285826,
                        505119.28125
                    ],
                    [
                        4999944.0,
                        4.466465179575607e-05,
                        0.00029777659801766276,
                        484590.125
                    ],
                    [
                        5011528.0,
                        4.247795732226223e-05,
                        0.0002728095860220492,
                        482498.96875
                    ],
                    [
                        5127368.0,
                        4.047168113174848e-05,
                        0.0002930021146312356,
                        492467.5625
                    ],
                    [
                        5149088.0,
                        3.862225275952369e-05,
                        0.0005929499748162925,
                        510973.59375
                    ],
                    [
                        3434656.0,
                        3.7198835343588144e-05,
                        0.00017766767996363342,
                        518040.0625
                    ],
                    [
                        4734960.0,
                        3.594371446524747e-05,
                        0.00018339134112466127,
                        483570.8125
                    ],
                    [
                        4713240.0,
                        3.459137587924488e-05,
                        0.00019205290300305933,
                        485131.46875
                    ],
                    [
                        5099856.0,
                        3.3291154977632686e-05,
                        0.0002024973655352369,
                        498759.9375
                    ],
                    [
                        5243208.0,
                        3.2021918741520494e-05,
                        0.0002613598189782351,
                        496721.28125
                    ]
                ]
            ],
            "actions": [
                [
                    [
                        0.5
                    ],
                    [
                        0.5
                    ],
                    [
                        0.5
                    ],
                    [
                        0.5
                    ],
                    [
                        0.5
                    ],
                    [
                        0.5
                    ],
                    [
                        0.5
                    ],
                    [
                        0.5
                    ],
                    [
                        0.5
                    ],
                    [
                        0.5
                    ],
                    [
                        0.5
                    ],
                    [
                        0.5
                    ],
                    [
                        0.5
                    ],
                    [
                        0.5
                    ],
                    [
                        0.5
                    ],
                    [
                        0.5
                    ],
                    [
                        0.5
                    ],
                    [
                        0.5
                    ],
                    [
                        0.5
                    ],
                    [
                        0.5
                    ]
                ]
            ],
            "returns": [
                [
                    [
                        0.4691389203071594
                    ],
                    [
                        0.4682103097438812
                    ],
                    [
                        0.46728071570396423
                    ],
                    [
                        0.46634411811828613
                    ],
                    [
                        0.4654170870780945
                    ],
                    [
                        0.46454569697380066
                    ],
                    [
                        0.46362757682800293
                    ],
                    [
                        0.4627124071121216
                    ],
                    [
                        0.46178606152534485
                    ],
                    [
                        0.46086394786834717
                    ],
                    [
                        0.4599442183971405
                    ],
                    [
                        0.45905765891075134
                    ],
                    [
                        0.4581300914287567
                    ],
                    [
                        0.45720234513282776
                    ],
                    [
                        0.45627257227897644
                    ],
                    [
                        0.4553424119949341
                    ],
                    [
                        0.4544481337070465
                    ],
                    [
                        0.4535254240036011
                    ],
                    [
                        0.4526031017303467
                    ],
                    [
                        0.45167380571365356
                    ]
                ]
            ],
            "timesteps": [
                [
                    120,
                    121,
                    122,
                    123,
                    124,
                    125,
                    126,
                    127,
                    128,
                    129,
                    130,
                    131,
                    132,
                    133,
                    134,
                    135,
                    136,
                    137,
                    138,
                    139
                ]
            ],
            "labels": [
                [
                    1,
                    1,
                    1,
                    1,
                    1,
                    1,
                    1,
                    1,
                    1,
                    1,
                    1,
                    1,
                    1,
                    1,
                    1,
                    1,
                    1,
                    1,
                    1,
                    1
                ]
            ],
            "CPU Usage": 45.8,
            "RAM Usage": 54.9,
            "GPU Usage": 0.0,
            "VRAM Usage": 355.0,
            "Disk Read Speed (MB/s)": 206643.9912109375,
            "Disk Write Speed (MB/s)": 409707.4697265625
        },
        {
            "step": 1,
            "train_loss": 0.013197094202041626,
            "actions_pred1": [
                [
                    [
                        0.4394981563091278,
                        0.5562357902526855,
                        1.6480011940002441,
                        -2.291297435760498
                    ],
                    [
                        0.3086780607700348,
                        0.654973030090332,
                        1.7096993923187256,
                        -2.3715901374816895
                    ],
                    [
                        0.36188217997550964,
                        0.6249184608459473,
                        1.7327899932861328,
                        -2.2330567836761475
                    ],
                    [
                        0.40198907256126404,
                        0.5685926675796509,
                        2.006660223007202,
                        -2.4283900260925293
                    ],
                    [
                        0.39542293548583984,
                        0.7664865255355835,
                        2.153078317642212,
                        -2.5975449085235596
                    ],
                    [
                        0.5573118925094604,
                        0.6908504962921143,
                        2.0236713886260986,
                        -2.5686936378479004
                    ],
                    [
                        0.42476922273635864,
                        0.6695717573165894,
                        1.836594820022583,
                        -2.645277976989746
                    ],
                    [
                        0.6061292886734009,
                        0.8600674271583557,
                        1.8528984785079956,
                        -2.6010234355926514
                    ],
                    [
                        0.6780665516853333,
                        0.890394926071167,
                        1.7823935747146606,
                        -2.5129497051239014
                    ],
                    [
                        0.5037116408348083,
                        0.8429160118103027,
                        1.907628059387207,
                        -2.552417516708374
                    ],
                    [
                        0.6311267614364624,
                        0.8728126883506775,
                        2.33048152923584,
                        -2.868760347366333
                    ],
                    [
                        0.5967506766319275,
                        0.7871267795562744,
                        2.1586005687713623,
                        -2.621553421020508
                    ],
                    [
                        0.5698536038398743,
                        0.6163659691810608,
                        2.146789789199829,
                        -2.739532709121704
                    ],
                    [
                        0.6420952081680298,
                        0.6709145903587341,
                        2.170409917831421,
                        -2.854287624359131
                    ],
                    [
                        0.6814967393875122,
                        0.7281615734100342,
                        2.21774959564209,
                        -2.957549571990967
                    ],
                    [
                        0.6801707148551941,
                        0.798885703086853,
                        2.2319746017456055,
                        -2.926177740097046
                    ],
                    [
                        0.659940242767334,
                        0.7755144238471985,
                        2.1564388275146484,
                        -2.8217577934265137
                    ],
                    [
                        0.563206672668457,
                        0.8833960890769958,
                        2.039069414138794,
                        -2.6715569496154785
                    ],
                    [
                        0.487348735332489,
                        1.006978154182434,
                        2.154662847518921,
                        -2.844839334487915
                    ],
                    [
                        0.54543137550354,
                        1.074601173400879,
                        2.250869035720825,
                        -2.8636903762817383
                    ]
                ]
            ],
            "actions_pred": [
                [
                    [
                        0.4394981563091278,
                        0.3086780607700348,
                        0.36188217997550964,
                        0.40198907256126404,
                        0.39542293548583984,
                        0.5573118925094604,
                        0.42476922273635864,
                        0.6061292886734009,
                        0.6780665516853333,
                        0.5037116408348083,
                        0.6311267614364624,
                        0.5967506766319275,
                        0.5698536038398743,
                        0.6420952081680298,
                        0.6814967393875122,
                        0.6801707148551941,
                        0.659940242767334,
                        0.563206672668457,
                        0.487348735332489,
                        0.54543137550354
                    ],
                    [
                        0.5562357902526855,
                        0.654973030090332,
                        0.6249184608459473,
                        0.5685926675796509,
                        0.7664865255355835,
                        0.6908504962921143,
                        0.6695717573165894,
                        0.8600674271583557,
                        0.890394926071167,
                        0.8429160118103027,
                        0.8728126883506775,
                        0.7871267795562744,
                        0.6163659691810608,
                        0.6709145903587341,
                        0.7281615734100342,
                        0.798885703086853,
                        0.7755144238471985,
                        0.8833960890769958,
                        1.006978154182434,
                        1.074601173400879
                    ],
                    [
                        1.6480011940002441,
                        1.7096993923187256,
                        1.7327899932861328,
                        2.006660223007202,
                        2.153078317642212,
                        2.0236713886260986,
                        1.836594820022583,
                        1.8528984785079956,
                        1.7823935747146606,
                        1.907628059387207,
                        2.33048152923584,
                        2.1586005687713623,
                        2.146789789199829,
                        2.170409917831421,
                        2.21774959564209,
                        2.2319746017456055,
                        2.1564388275146484,
                        2.039069414138794,
                        2.154662847518921,
                        2.250869035720825
                    ],
                    [
                        -2.291297435760498,
                        -2.3715901374816895,
                        -2.2330567836761475,
                        -2.4283900260925293,
                        -2.5975449085235596,
                        -2.5686936378479004,
                        -2.645277976989746,
                        -2.6010234355926514,
                        -2.5129497051239014,
                        -2.552417516708374,
                        -2.868760347366333,
                        -2.621553421020508,
                        -2.739532709121704,
                        -2.854287624359131,
                        -2.957549571990967,
                        -2.926177740097046,
                        -2.8217577934265137,
                        -2.6715569496154785,
                        -2.844839334487915,
                        -2.8636903762817383
                    ]
                ]
            ],
            "states": [
                [
                    [
                        3105960.0,
                        0.00044856633758172393,
                        0.0002628508664201945,
                        907599.4375
                    ],
                    [
                        3777832.0,
                        0.00036993034882470965,
                        0.00026417680783197284,
                        946940.1875
                    ],
                    [
                        4115216.0,
                        0.00030784233240410686,
                        0.0002805523981805891,
                        868017.4375
                    ],
                    [
                        4368616.0,
                        0.0002607771893963218,
                        0.00026978878304362297,
                        839353.625
                    ],
                    [
                        5060760.0,
                        0.0002229743986390531,
                        0.00027627943200059235,
                        780951.6875
                    ],
                    [
                        5356152.0,
                        0.00019212921324651688,
                        0.00025924446526914835,
                        788666.125
                    ],
                    [
                        5373528.0,
                        0.00012254947796463966,
                        0.006524195894598961,
                        846197.875
                    ],
                    [
                        5111440.0,
                        0.00011254391574766487,
                        0.002146858023479581,
                        777919.5
                    ],
                    [
                        5496608.0,
                        0.00010397062578704208,
                        0.0023773028515279293,
                        803926.1875
                    ],
                    [
                        5341672.0,
                        9.645324462326244e-05,
                        0.0020079242531210184,
                        853121.5
                    ],
                    [
                        5344568.0,
                        9.003730519907549e-05,
                        0.0019139255164191127,
                        790495.3125
                    ],
                    [
                        5479232.0,
                        8.435636846115813e-05,
                        0.0013429223326966166,
                        807753.3125
                    ],
                    [
                        5356152.0,
                        7.934254972497001e-05,
                        0.0011628043139353395,
                        855534.6875
                    ],
                    [
                        5398144.0,
                        7.492363511119038e-05,
                        0.0009117702720686793,
                        841216.6875
                    ],
                    [
                        5729736.0,
                        7.084311073413119e-05,
                        0.000803604198154062,
                        821157.125
                    ],
                    [
                        5244656.0,
                        6.722798570990562e-05,
                        0.000699773314408958,
                        790182.875
                    ],
                    [
                        5503848.0,
                        6.403109728125855e-05,
                        0.0006680691731162369,
                        817074.375
                    ],
                    [
                        5367736.0,
                        6.109109381213784e-05,
                        0.0005246230284683406,
                        814748.3125
                    ],
                    [
                        5217144.0,
                        5.847758802701719e-05,
                        0.00046889804070815444,
                        836873.125
                    ],
                    [
                        5033248.0,
                        5.6151271564885974e-05,
                        0.00035997320082969964,
                        833663.1875
                    ]
                ]
            ],
            "actions": [
                [
                    [
                        0.75
                    ],
                    [
                        0.75
                    ],
                    [
                        0.75
                    ],
                    [
                        0.75
                    ],
                    [
                        0.75
                    ],
                    [
                        0.75
                    ],
                    [
                        0.75
                    ],
                    [
                        0.75
                    ],
                    [
                        0.75
                    ],
                    [
                        0.75
                    ],
                    [
                        0.75
                    ],
                    [
                        0.75
                    ],
                    [
                        0.75
                    ],
                    [
                        0.75
                    ],
                    [
                        0.75
                    ],
                    [
                        0.75
                    ],
                    [
                        0.75
                    ],
                    [
                        0.75
                    ],
                    [
                        0.75
                    ],
                    [
                        0.75
                    ]
                ]
            ],
            "returns": [
                [
                    [
                        0.37910521030426025
                    ],
                    [
                        0.378219872713089
                    ],
                    [
                        0.3773171603679657
                    ],
                    [
                        0.37640687823295593
                    ],
                    [
                        0.37549129128456116
                    ],
                    [
                        0.37456268072128296
                    ],
                    [
                        0.37362903356552124
                    ],
                    [
                        0.37269508838653564
                    ],
                    [
                        0.3717655837535858
                    ],
                    [
                        0.37082964181900024
                    ],
                    [
                        0.3698962330818176
                    ],
                    [
                        0.36896276473999023
                    ],
                    [
                        0.36802709102630615
                    ],
                    [
                        0.36709344387054443
                    ],
                    [
                        0.3661591112613678
                    ],
                    [
                        0.36521947383880615
                    ],
                    [
                        0.36428767442703247
                    ],
                    [
                        0.36335161328315735
                    ],
                    [
                        0.3624177873134613
                    ],
                    [
                        0.3614864647388458
                    ]
                ]
            ],
            "timesteps": [
                [
                    220,
                    221,
                    222,
                    223,
                    224,
                    225,
                    226,
                    227,
                    228,
                    229,
                    230,
                    231,
                    232,
                    233,
                    234,
                    235,
                    236,
                    237,
                    238,
                    239
                ]
            ],
            "labels": [
                [
                    2,
                    2,
                    2,
                    2,
                    2,
                    2,
                    2,
                    2,
                    2,
                    2,
                    2,
                    2,
                    2,
                    2,
                    2,
                    2,
                    2,
                    2,
                    2,
                    2
                ]
            ],
            "CPU Usage": 46.7,
            "RAM Usage": 55.1,
            "GPU Usage": 0.0,
            "VRAM Usage": 355.0,
            "Disk Read Speed (MB/s)": 206643.9912109375,
            "Disk Write Speed (MB/s)": 409707.5673828125
        },
        {
            "step": 2,
            "train_loss": 0.047906436026096344,
            "actions_pred1": [
                [
                    [
                        0.8529030084609985,
                        0.7092854976654053,
                        1.880044937133789,
                        -2.3897929191589355
                    ],
                    [
                        1.1359851360321045,
                        0.8765691518783569,
                        1.748513102531433,
                        -2.635308265686035
                    ],
                    [
                        1.0889233350753784,
                        1.0553350448608398,
                        1.6194895505905151,
                        -2.9291141033172607
                    ],
                    [
                        1.107356071472168,
                        0.9884359836578369,
                        1.6334954500198364,
                        -2.7900824546813965
                    ],
                    [
                        0.9775959253311157,
                        0.9070575833320618,
                        1.475677251815796,
                        -2.352177858352661
                    ],
                    [
                        0.9414424300193787,
                        0.9077554941177368,
                        1.570011854171753,
                        -2.202152729034424
                    ],
                    [
                        0.9346173405647278,
                        0.7741490006446838,
                        1.6189279556274414,
                        -2.221571922302246
                    ],
                    [
                        0.8688341975212097,
                        0.7511479258537292,
                        1.737195611000061,
                        -2.280162811279297
                    ],
                    [
                        0.8431429266929626,
                        0.7943995594978333,
                        1.8194938898086548,
                        -2.3444113731384277
                    ],
                    [
                        0.852206826210022,
                        0.7113479971885681,
                        1.651829481124878,
                        -2.159557819366455
                    ],
                    [
                        0.7590665817260742,
                        0.7999926805496216,
                        1.6878254413604736,
                        -2.248013973236084
                    ],
                    [
                        0.8990675210952759,
                        0.8264195322990417,
                        1.9057557582855225,
                        -1.8532686233520508
                    ],
                    [
                        0.9219289422035217,
                        0.9162859916687012,
                        1.8080774545669556,
                        -2.298483371734619
                    ],
                    [
                        0.7833602428436279,
                        0.9425922632217407,
                        1.7897469997406006,
                        -2.218285083770752
                    ],
                    [
                        0.7293251752853394,
                        0.9680308103561401,
                        1.8529139757156372,
                        -2.2352797985076904
                    ],
                    [
                        0.8053982257843018,
                        1.0215861797332764,
                        1.8720790147781372,
                        -2.159522294998169
                    ],
                    [
                        0.8142346143722534,
                        0.9294994473457336,
                        1.969751000404358,
                        -2.213334560394287
                    ],
                    [
                        0.7187269330024719,
                        0.8737082481384277,
                        1.840735673904419,
                        -2.337437152862549
                    ],
                    [
                        0.7584023475646973,
                        0.8341424465179443,
                        1.8466732501983643,
                        -2.279996871948242
                    ],
                    [
                        0.6220543384552002,
                        0.8574998378753662,
                        1.9033451080322266,
                        -2.303969144821167
                    ]
                ]
            ],
            "actions_pred": [
                [
                    [
                        0.8529030084609985,
                        1.1359851360321045,
                        1.0889233350753784,
                        1.107356071472168,
                        0.9775959253311157,
                        0.9414424300193787,
                        0.9346173405647278,
                        0.8688341975212097,
                        0.8431429266929626,
                        0.852206826210022,
                        0.7590665817260742,
                        0.8990675210952759,
                        0.9219289422035217,
                        0.7833602428436279,
