{
    "steps": [
        {
            "step": 0,
            "train_loss": 0.01143259834498167,
            "actions_pred1": [
                [
                    [
                        1.1859443187713623,
                        0.26703792810440063,
                        1.9926176071166992,
                        -3.2429800033569336
                    ],
                    [
                        1.0737905502319336,
                        0.27866131067276,
                        1.99965500831604,
                        -3.362628936767578
                    ],
                    [
                        1.233791708946228,
                        0.26729482412338257,
                        2.014770030975342,
                        -3.261665105819702
                    ],
                    [
                        1.3738512992858887,
                        0.12078699469566345,
                        2.5091633796691895,
                        -3.611009120941162
                    ],
                    [
                        1.3535270690917969,
                        0.26044827699661255,
                        2.845334768295288,
                        -3.987298011779785
                    ],
                    [
                        1.5928322076797485,
                        0.20248858630657196,
                        2.7145636081695557,
                        -4.129796504974365
                    ],
                    [
                        1.5428552627563477,
                        0.1400631219148636,
                        2.6127877235412598,
                        -4.525708198547363
                    ],
                    [
                        1.8409327268600464,
                        0.5244077444076538,
                        2.722655773162842,
                        -4.518342971801758
                    ],
                    [
                        2.036566734313965,
                        0.6324458122253418,
                        2.5758986473083496,
                        -4.368971824645996
                    ],
                    [
                        1.9388165473937988,
                        0.4815274178981781,
                        2.757507085800171,
                        -4.482241630554199
                    ],
                    [
                        2.1741626262664795,
                        0.6020203232765198,
                        3.425255060195923,
                        -5.099765300750732
                    ],
                    [
                        2.2527496814727783,
                        0.44461822509765625,
                        3.253746747970581,
                        -4.932882785797119
                    ],
                    [
                        2.427251100540161,
                        0.13797539472579956,
                        3.4858105182647705,
                        -5.335871696472168
                    ],
                    [
                        2.583639621734619,
                        0.09079119563102722,
                        3.5620505809783936,
                        -5.433965682983398
                    ],
                    [
                        2.6013882160186768,
                        0.1718321144580841,
                        3.6526284217834473,
                        -5.735633373260498
                    ],
                    [
                        2.6120412349700928,
                        0.39100414514541626,
                        3.820199966430664,
                        -5.777849197387695
                    ],
                    [
                        2.618600368499756,
                        0.3002548813819885,
                        3.6293816566467285,
                        -5.55018424987793
                    ],
                    [
                        2.5073578357696533,
                        0.4027884006500244,
                        3.381981372833252,
                        -5.340585231781006
                    ],
                    [
                        2.250491142272949,
                        0.5586746335029602,
                        3.5570058822631836,
                        -5.684537410736084
                    ],
                    [
                        2.3762707710266113,
                        0.6868484020233154,
                        3.852450370788574,
                        -5.723937511444092
                    ]
                ]
            ],
            "actions_pred": [
                [
                    [
                        1.1859443187713623,
                        1.0737905502319336,
                        1.233791708946228,
                        1.3738512992858887,
                        1.3535270690917969,
                        1.5928322076797485,
                        1.5428552627563477,
                        1.8409327268600464,
                        2.036566734313965,
                        1.9388165473937988,
                        2.1741626262664795,
                        2.2527496814727783,
                        2.427251100540161,
                        2.583639621734619,
                        2.6013882160186768,
                        2.6120412349700928,
                        2.618600368499756,
                        2.5073578357696533,
                        2.250491142272949,
                        2.3762707710266113
                    ],
                    [
                        0.26703792810440063,
                        0.27866131067276,
                        0.26729482412338257,
                        0.12078699469566345,
                        0.26044827699661255,
                        0.20248858630657196,
                        0.1400631219148636,
                        0.5244077444076538,
                        0.6324458122253418,
                        0.4815274178981781,
                        0.6020203232765198,
                        0.44461822509765625,
                        0.13797539472579956,
                        0.09079119563102722,
                        0.1718321144580841,
                        0.39100414514541626,
                        0.3002548813819885,
                        0.4027884006500244,
                        0.5586746335029602,
                        0.6868484020233154
                    ],
                    [
                        1.9926176071166992,
                        1.99965500831604,
                        2.014770030975342,
                        2.5091633796691895,
                        2.845334768295288,
                        2.7145636081695557,
                        2.6127877235412598,
                        2.722655773162842,
                        2.5758986473083496,
                        2.757507085800171,
                        3.425255060195923,
                        3.253746747970581,
                        3.4858105182647705,
                        3.5620505809783936,
                        3.6526284217834473,
                        3.820199966430664,
                        3.6293816566467285,
                        3.381981372833252,
                        3.5570058822631836,
                        3.852450370788574
                    ],
                    [
                        -3.2429800033569336,
                        -3.362628936767578,
                        -3.261665105819702,
                        -3.611009120941162,
                        -3.987298011779785,
                        -4.129796504974365,
                        -4.525708198547363,
                        -4.518342971801758,
                        -4.368971824645996,
                        -4.482241630554199,
                        -5.099765300750732,
                        -4.932882785797119,
                        -5.335871696472168,
                        -5.433965682983398,
                        -5.735633373260498,
                        -5.777849197387695,
                        -5.55018424987793,
                        -5.340585231781006,
                        -5.684537410736084,
                        -5.723937511444092
                    ]
                ]
            ],
            "states": [
                [
                    [
                        3105960.0,
                        0.00044856633758172393,
                        0.0002628508664201945,
                        907599.4375
                    ],
                    [
                        3777832.0,
                        0.00036993034882470965,
                        0.00026417680783197284,
                        946940.1875
                    ],
                    [
                        4115216.0,
                        0.00030784233240410686,
                        0.0002805523981805891,
                        868017.4375
                    ],
                    [
                        4368616.0,
                        0.0002607771893963218,
                        0.00026978878304362297,
                        839353.625
                    ],
                    [
                        5060760.0,
                        0.0002229743986390531,
                        0.00027627943200059235,
                        780951.6875
                    ],
                    [
                        5356152.0,
                        0.00019212921324651688,
                        0.00025924446526914835,
                        788666.125
                    ],
                    [
                        5373528.0,
                        0.00012254947796463966,
                        0.006524195894598961,
                        846197.875
                    ],
                    [
                        5111440.0,
                        0.00011254391574766487,
                        0.002146858023479581,
                        777919.5
                    ],
                    [
                        5496608.0,
                        0.00010397062578704208,
                        0.0023773028515279293,
                        803926.1875
                    ],
                    [
                        5341672.0,
                        9.645324462326244e-05,
                        0.0020079242531210184,
                        853121.5
                    ],
                    [
                        5344568.0,
                        9.003730519907549e-05,
                        0.0019139255164191127,
                        790495.3125
                    ],
                    [
                        5479232.0,
                        8.435636846115813e-05,
                        0.0013429223326966166,
                        807753.3125
                    ],
                    [
                        5356152.0,
                        7.934254972497001e-05,
                        0.0011628043139353395,
                        855534.6875
                    ],
                    [
                        5398144.0,
                        7.492363511119038e-05,
                        0.0009117702720686793,
                        841216.6875
                    ],
                    [
                        5729736.0,
                        7.084311073413119e-05,
                        0.000803604198154062,
                        821157.125
                    ],
                    [
                        5244656.0,
                        6.722798570990562e-05,
                        0.000699773314408958,
                        790182.875
                    ],
                    [
                        5503848.0,
                        6.403109728125855e-05,
                        0.0006680691731162369,
                        817074.375
                    ],
                    [
                        5367736.0,
                        6.109109381213784e-05,
                        0.0005246230284683406,
                        814748.3125
                    ],
                    [
                        5217144.0,
                        5.847758802701719e-05,
                        0.00046889804070815444,
                        836873.125
                    ],
                    [
                        5033248.0,
                        5.6151271564885974e-05,
                        0.00035997320082969964,
                        833663.1875
                    ]
                ]
            ],
            "actions": [
                [
                    [
                        0.75
                    ],
                    [
                        0.75
                    ],
                    [
                        0.75
                    ],
                    [
                        0.75
                    ],
                    [
                        0.75
                    ],
                    [
                        0.75
                    ],
                    [
                        0.75
                    ],
                    [
                        0.75
                    ],
                    [
                        0.75
                    ],
                    [
                        0.75
                    ],
                    [
                        0.75
                    ],
                    [
                        0.75
                    ],
                    [
                        0.75
                    ],
                    [
                        0.75
                    ],
                    [
                        0.75
                    ],
                    [
                        0.75
                    ],
                    [
                        0.75
                    ],
                    [
                        0.75
                    ],
                    [
                        0.75
                    ],
                    [
                        0.75
                    ]
                ]
            ],
            "returns": [
                [
                    [
                        0.37910521030426025
                    ],
                    [
                        0.378219872713089
                    ],
                    [
                        0.3773171603679657
                    ],
                    [
                        0.37640687823295593
                    ],
                    [
                        0.37549129128456116
                    ],
                    [
                        0.37456268072128296
                    ],
                    [
                        0.37362903356552124
                    ],
                    [
                        0.37269508838653564
                    ],
                    [
                        0.3717655837535858
                    ],
                    [
                        0.37082964181900024
                    ],
                    [
                        0.3698962330818176
                    ],
                    [
                        0.36896276473999023
                    ],
                    [
                        0.36802709102630615
                    ],
                    [
                        0.36709344387054443
                    ],
                    [
                        0.3661591112613678
                    ],
                    [
                        0.36521947383880615
                    ],
                    [
                        0.36428767442703247
                    ],
                    [
                        0.36335161328315735
                    ],
                    [
                        0.3624177873134613
                    ],
                    [
                        0.3614864647388458
                    ]
                ]
            ],
            "timesteps": [
                [
                    220,
                    221,
                    222,
                    223,
                    224,
                    225,
                    226,
                    227,
                    228,
                    229,
                    230,
                    231,
                    232,
                    233,
                    234,
                    235,
                    236,
                    237,
                    238,
                    239
                ]
            ],
            "labels": [
                [
                    2,
                    2,
                    2,
                    2,
                    2,
                    2,
                    2,
                    2,
                    2,
                    2,
                    2,
                    2,
                    2,
                    2,
                    2,
                    2,
                    2,
                    2,
                    2,
                    2
                ]
            ],
            "CPU Usage": 46.2,
            "RAM Usage": 55.0,
            "GPU Usage": 0.0,
            "VRAM Usage": 355.0,
            "Disk Read Speed (MB/s)": 206647.1396484375,
            "Disk Write Speed (MB/s)": 423457.5869140625
        },
        {
            "step": 1,
            "train_loss": 0.021475855261087418,
            "actions_pred1": [
                [
                    [
                        1.5381425619125366,
                        1.713976263999939,
                        2.794889211654663,
                        -4.600512981414795
                    ],
                    [
                        1.8642300367355347,
                        1.203471064567566,
                        2.5804247856140137,
                        -4.201706409454346
                    ],
                    [
                        2.0732269287109375,
                        0.9757503271102905,
                        2.7290146350860596,
                        -4.480462074279785
                    ],
                    [
                        2.429821014404297,
                        0.856094479560852,
                        2.9169857501983643,
                        -4.672222137451172
                    ],
                    [
                        2.8796048164367676,
                        0.694771945476532,
                        3.2112655639648438,
                        -5.048581600189209
                    ],
                    [
                        3.14125919342041,
                        0.8272972702980042,
                        3.2073795795440674,
                        -5.185810089111328
                    ],
                    [
                        3.078101873397827,
                        0.9810231328010559,
                        3.2384486198425293,
                        -5.410904884338379
                    ],
                    [
                        3.099421262741089,
                        0.920468807220459,
                        3.074679374694824,
                        -5.608463764190674
                    ],
                    [
                        3.1597847938537598,
                        0.912116289138794,
                        3.1783437728881836,
                        -6.036149978637695
                    ],
                    [
                        3.6978957653045654,
                        1.1726830005645752,
                        3.4682729244232178,
                        -6.667569160461426
                    ],
                    [
                        4.340933322906494,
                        1.6224677562713623,
                        3.659921884536743,
                        -7.024555683135986
                    ],
                    [
                        4.4819183349609375,
                        1.6235004663467407,
                        3.5596656799316406,
                        -7.070788383483887
                    ],
                    [
                        4.424670696258545,
                        1.8601508140563965,
                        3.5882246494293213,
                        -7.206531047821045
                    ],
                    [
                        4.37136697769165,
                        1.7471039295196533,
                        3.7506349086761475,
                        -7.054214954376221
                    ],
                    [
                        4.474306583404541,
                        1.5745487213134766,
                        3.588205099105835,
                        -7.50766134262085
                    ],
                    [
                        4.783740997314453,
                        1.6714184284210205,
                        3.558405876159668,
                        -7.754944324493408
                    ],
                    [
                        4.720754623413086,
                        1.802976369857788,
                        3.694159507751465,
                        -7.90321159362793
                    ],
                    [
                        4.911472320556641,
                        1.7718923091888428,
                        3.8782777786254883,
                        -7.878996849060059
                    ],
                    [
                        4.779174327850342,
                        1.7961534261703491,
                        3.7859532833099365,
                        -7.701941013336182
                    ],
                    [
                        4.7168498039245605,
                        1.8015142679214478,
                        4.023926258087158,
                        -7.521327018737793
                    ]
                ]
            ],
            "actions_pred": [
                [
                    [
                        1.5381425619125366,
                        1.8642300367355347,
                        2.0732269287109375,
                        2.429821014404297,
                        2.8796048164367676,
                        3.14125919342041,
                        3.078101873397827,
                        3.099421262741089,
                        3.1597847938537598,
                        3.6978957653045654,
                        4.340933322906494,
                        4.4819183349609375,
                        4.424670696258545,
                        4.37136697769165,
                        4.474306583404541,
                        4.783740997314453,
                        4.720754623413086,
                        4.911472320556641,
                        4.779174327850342,
                        4.7168498039245605
                    ],
                    [
                        1.713976263999939,
                        1.203471064567566,
                        0.9757503271102905,
                        0.856094479560852,
                        0.694771945476532,
                        0.8272972702980042,
                        0.9810231328010559,
                        0.920468807220459,
                        0.912116289138794,
                        1.1726830005645752,
                        1.6224677562713623,
                        1.6235004663467407,
                        1.8601508140563965,
                        1.7471039295196533,
                        1.5745487213134766,
                        1.6714184284210205,
                        1.802976369857788,
                        1.7718923091888428,
                        1.7961534261703491,
                        1.8015142679214478
                    ],
                    [
                        2.794889211654663,
                        2.5804247856140137,
                        2.7290146350860596,
                        2.9169857501983643,
                        3.2112655639648438,
                        3.2073795795440674,
                        3.2384486198425293,
                        3.074679374694824,
                        3.1783437728881836,
                        3.4682729244232178,
                        3.659921884536743,
                        3.5596656799316406,
                        3.5882246494293213,
                        3.7506349086761475,
                        3.588205099105835,
                        3.558405876159668,
                        3.694159507751465,
                        3.8782777786254883,
                        3.7859532833099365,
                        4.023926258087158
                    ],
                    [
                        -4.600512981414795,
                        -4.201706409454346,
                        -4.480462074279785,
                        -4.672222137451172,
                        -5.048581600189209,
                        -5.185810089111328,
                        -5.410904884338379,
                        -5.608463764190674,
                        -6.036149978637695,
                        -6.667569160461426,
                        -7.024555683135986,
                        -7.070788383483887,
                        -7.206531047821045,
                        -7.054214954376221,
                        -7.50766134262085,
                        -7.754944324493408,
                        -7.90321159362793,
                        -7.878996849060059,
                        -7.701941013336182,
                        -7.521327018737793
                    ]
                ]
            ],
            "states": [
                [
                    [
                        1715880.0,
                        9.430604404769838e-05,
                        0.0053657107055187225,
                        470709.75
                    ],
                    [
                        1967832.0,
                        9.068279905477539e-05,
                        0.004402399994432926,
                        434480.75
                    ],
                    [
                        2130008.0,
                        8.69646537466906e-05,
                        0.004303366411477327,
                        508551.15625
                    ],
                    [
                        2267568.0,
                        8.329902630066499e-05,
                        0.003460775362327695,
                        467240.71875
                    ],
                    [
                        2448568.0,
                        7.969679427333176e-05,
                        0.003044134471565485,
                        537034.5
                    ],
                    [
                        2646944.0,
                        7.613936031702906e-05,
                        0.00288664479739964,
                        500456.03125
                    ],
                    [
                        1710088.0,
                        7.333141547860578e-05,
                        0.0027106136549264193,
                        490357.90625
                    ],
                    [
                        2580336.0,
                        7.077431655488908e-05,
                        0.0027518118731677532,
                        546850.6875
                    ],
                    [
                        2927856.0,
                        6.773720087949187e-05,
                        0.0026009255088865757,
                        496203.71875
                    ],
                    [
                        3168224.0,
                        6.466506602009758e-05,
                        0.002423960482701659,
                        507070.15625
                    ],
                    [
                        3505608.0,
                        6.160674092825502e-05,
                        0.002274049213156104,
                        516057.96875
                    ],
                    [
                        3553392.0,
                        5.866973879165016e-05,
                        0.0023237415589392185,
                        471484.09375
                    ],
                    [
                        4039920.0,
                        5.581038931268267e-05,
                        0.0021793735213577747,
                        501229.875
                    ],
                    [
                        4028336.0,
                        5.305969170876779e-05,
                        0.002523052040487528,
                        561908.75
                    ],
                    [
                        4312144.0,
                        5.04888485011179e-05,
                        0.002231767401099205,
                        502897.96875
                    ],
                    [
                        4776952.0,
                        4.795741187990643e-05,
                        0.0032643231097608805,
                        459673.25
                    ],
                    [
                        4743648.0,
                        4.5562293962575495e-05,
                        0.0020812072325497866,
                        515212.4375
                    ],
                    [
                        2971296.0,
                        4.3785152229247615e-05,
                        0.0015903349267318845,
                        502955.46875
                    ],
                    [
                        4981120.0,
                        4.21030999859795e-05,
                        0.0016534600872546434,
                        511202.4375
                    ],
                    [
                        4962296.0,
                        4.016688762931153e-05,
                        0.0014106292510405183,
                        493895.1875
                    ]
                ]
            ],
            "actions": [
                [
                    [
                        0.25
                    ],
                    [
                        0.25
                    ],
                    [
                        0.25
                    ],
                    [
                        0.25
                    ],
                    [
                        0.25
                    ],
                    [
                        0.25
                    ],
                    [
                        0.25
                    ],
                    [
                        0.25
                    ],
                    [
                        0.25
                    ],
                    [
                        0.25
                    ],
                    [
                        0.25
                    ],
                    [
                        0.25
                    ],
                    [
                        0.25
                    ],
                    [
                        0.25
                    ],
                    [
                        0.25
                    ],
                    [
                        0.25
                    ],
                    [
                        0.25
                    ],
                    [
                        0.25
                    ],
                    [
                        0.25
                    ],
                    [
                        0.25
                    ]
                ]
            ],
            "returns": [
                [
                    [
                        0.053779877722263336
                    ],
                    [
                        0.05294714868068695
                    ],
                    [
                        0.05210227146744728
                    ],
                    [
                        0.05125037208199501
                    ],
                    [
                        0.05039292573928833
                    ],
                    [
                        0.04952867329120636
                    ],
                    [
                        0.04865751042962074
                    ],
                    [
                        0.047825079411268234
                    ],
                    [
                        0.046956177800893784
                    ],
                    [
                        0.04607607424259186
                    ],
                    [
                        0.04518897458910942
                    ],
                    [
                        0.04429290443658829
                    ],
                    [
                        0.04339563474059105
                    ],
                    [
                        0.04248698428273201
                    ],
                    [
                        0.04157859459519386
                    ],
                    [
                        0.04066416248679161
                    ],
                    [
                        0.039740659296512604
                    ],
                    [
                        0.03881777450442314
                    ],
                    [
                        0.037936363369226456
                    ],
                    [
                        0.03700914978981018
                    ]
                ]
            ],
            "timesteps": [
                [
                    580,
                    581,
                    582,
                    583,
                    584,
                    585,
                    586,
                    587,
                    588,
                    589,
                    590,
                    591,
                    592,
                    593,
                    594,
                    595,
                    596,
                    597,
                    598,
                    599
                ]
            ],
            "labels": [
                [
                    0,
                    0,
                    0,
                    0,
                    0,
                    0,
                    0,
                    0,
                    0,
                    0,
                    0,
                    0,
                    0,
                    0,
                    0,
                    0,
                    0,
                    0,
                    0,
                    0
                ]
            ],
            "CPU Usage": 46.7,
            "RAM Usage": 55.1,
            "GPU Usage": 0.0,
            "VRAM Usage": 355.0,
            "Disk Read Speed (MB/s)": 206647.1396484375,
            "Disk Write Speed (MB/s)": 423457.6181640625
        },
        {
            "step": 2,
            "train_loss": 0.009881187230348587,
            "actions_pred1": [
                [
                    [
                        1.8483413457870483,
                        3.3067991733551025,
                        1.3537653684616089,
                        -4.567901134490967
                    ],
                    [
                        2.12692928314209,
                        2.3198938369750977,
                        1.3635399341583252,
                        -4.891964435577393
                    ],
                    [
                        1.847278356552124,
                        2.836790084838867,
                        0.9300121665000916,
                        -5.257451057434082
                    ],
                    [
                        1.5609350204467773,
                        3.2316970825195312,
                        0.8771665096282959,
                        -5.730161190032959
                    ],
                    [
                        1.6940017938613892,
                        3.253715753555298,
                        1.0224370956420898,
                        -6.147898197174072
                    ],
                    [
                        1.6555241346359253,
                        3.0483055114746094,
                        1.1039332151412964,
                        -6.528457164764404
                    ],
                    [
                        1.4636363983154297,
                        3.2926573753356934,
                        1.2465476989746094,
                        -6.641152858734131
                    ],
                    [
                        1.3839161396026611,
                        3.2709333896636963,
                        0.9686563014984131,
                        -6.7583465576171875
                    ],
                    [
                        1.4825634956359863,
                        2.977825880050659,
                        0.7967735528945923,
                        -6.841122627258301
                    ],
                    [
                        1.5816404819488525,
                        3.1119704246520996,
                        0.8309499025344849,
                        -6.7386555671691895
                    ],
                    [
                        1.624450445175171,
                        3.1903092861175537,
                        0.9288551807403564,
                        -6.861761093139648
                    ],
                    [
                        1.5930569171905518,
                        3.1478757858276367,
                        1.1879150867462158,
                        -6.725481986999512
                    ],
                    [
                        1.8182268142700195,
                        3.075911521911621,
                        1.2065818309783936,
                        -6.650230407714844
                    ],
                    [
                        1.9598870277404785,
                        3.263031005859375,
                        1.1174622774124146,
                        -6.568267822265625
                    ],
                    [
                        1.8720099925994873,
                        3.4016425609588623,
                        1.2258909940719604,
                        -6.837137699127197
                    ],
                    [
                        1.9219156503677368,
                        3.7244582176208496,
                        1.2014893293380737,
                        -6.932673454284668
                    ],
                    [
                        1.7508277893066406,
                        3.675346851348877,
                        1.4233025312423706,
                        -7.084928035736084
                    ],
                    [
                        2.0792601108551025,
                        3.5554447174072266,
                        1.3534268140792847,
                        -6.790937900543213
                    ],
                    [
                        2.0185933113098145,
                        3.522326946258545,
                        1.259674072265625,
                        -6.861569404602051
                    ],
                    [
                        2.028846263885498,
                        3.380581855773926,
                        1.2771568298339844,
                        -6.7646918296813965
                    ]
                ]
            ],
            "actions_pred": [
                [
                    [
                        1.8483413457870483,
                        2.12692928314209,
                        1.847278356552124,
                        1.5609350204467773,
                        1.6940017938613892,
                        1.6555241346359253,
                        1.4636363983154297,
                        1.3839161396026611,
                        1.4825634956359863,
                        1.5816404819488525,
                        1.624450445175171,
                        1.5930569171905518,
                        1.8182268142700195,
                        1.9598870277404785,
                        1.8720099925994873,
