{
    "steps": [
        {
            "step": 0,
            "train_loss": 0.03293081372976303,
            "actions_pred1": [
                [
                    [
                        0.47426798939704895,
                        0.10331583023071289,
                        0.5661759972572327,
                        0.5316962599754333
                    ],
                    [
                        0.15090323984622955,
                        0.21413007378578186,
                        0.6115034222602844,
                        0.3265466094017029
                    ],
                    [
                        0.11819455772638321,
                        0.08271665871143341,
                        0.44337528944015503,
                        0.2870948910713196
                    ],
                    [
                        0.06452901661396027,
                        0.11948060989379883,
                        0.47899484634399414,
                        0.1992795467376709
                    ],
                    [
                        0.005536496639251709,
                        0.1764407604932785,
                        0.4719323515892029,
                        0.20036104321479797
                    ],
                    [
                        0.18235108256340027,
                        0.1367533653974533,
                        0.4469004273414612,
                        0.05404198169708252
                    ],
                    [
                        0.06493404507637024,
                        -0.028530597686767578,
                        0.6188902854919434,
                        0.000540614128112793
                    ],
                    [
                        0.08341825008392334,
                        0.05632893741130829,
                        0.6805031895637512,
                        -0.007178753614425659
                    ],
                    [
                        -0.020199984312057495,
                        0.12127602845430374,
                        0.5681401491165161,
                        0.13754194974899292
                    ],
                    [
                        0.03255031257867813,
                        0.11696085333824158,
                        0.5565342307090759,
                        0.07591846585273743
                    ],
                    [
                        0.003090009093284607,
                        0.163816899061203,
                        0.6878236532211304,
                        0.1296016275882721
                    ],
                    [
                        0.15431015193462372,
                        -0.00010088086128234863,
                        0.5751136541366577,
                        0.25440722703933716
                    ],
                    [
                        0.059259749948978424,
                        0.03884635865688324,
                        0.6611221432685852,
                        0.22378972172737122
                    ],
                    [
                        0.06566640734672546,
                        0.14529582858085632,
                        0.585451602935791,
                        0.11193063855171204
                    ],
                    [
                        0.0781380832195282,
                        0.20033203065395355,
                        0.727317750453949,
                        0.07587552070617676
                    ],
                    [
                        0.2247036099433899,
                        0.18471717834472656,
                        0.6542509198188782,
                        0.05469581484794617
                    ],
                    [
                        0.18344944715499878,
                        0.20745015144348145,
                        0.7451307773590088,
                        0.14055830240249634
                    ],
                    [
                        0.04194216430187225,
                        0.27596771717071533,
                        0.7448755502700806,
                        -0.03931358456611633
                    ],
                    [
                        0.10616593062877655,
                        0.23425734043121338,
                        0.7124271988868713,
                        -0.058813631534576416
                    ],
                    [
                        0.16925016045570374,
                        0.19292424619197845,
                        0.6514304280281067,
                        0.09380871057510376
                    ]
                ]
            ],
            "actions_pred": [
                [
                    [
                        0.47426798939704895,
                        0.15090323984622955,
                        0.11819455772638321,
                        0.06452901661396027,
                        0.005536496639251709,
                        0.18235108256340027,
                        0.06493404507637024,
                        0.08341825008392334,
                        -0.020199984312057495,
                        0.03255031257867813,
                        0.003090009093284607,
                        0.15431015193462372,
                        0.059259749948978424,
                        0.06566640734672546,
                        0.0781380832195282,
                        0.2247036099433899,
                        0.18344944715499878,
                        0.04194216430187225,
                        0.10616593062877655,
                        0.16925016045570374
                    ],
                    [
                        0.10331583023071289,
                        0.21413007378578186,
                        0.08271665871143341,
                        0.11948060989379883,
                        0.1764407604932785,
                        0.1367533653974533,
                        -0.028530597686767578,
                        0.05632893741130829,
                        0.12127602845430374,
                        0.11696085333824158,
                        0.163816899061203,
                        -0.00010088086128234863,
                        0.03884635865688324,
                        0.14529582858085632,
                        0.20033203065395355,
                        0.18471717834472656,
                        0.20745015144348145,
                        0.27596771717071533,
                        0.23425734043121338,
                        0.19292424619197845
                    ],
                    [
                        0.5661759972572327,
                        0.6115034222602844,
                        0.44337528944015503,
                        0.47899484634399414,
                        0.4719323515892029,
                        0.4469004273414612,
                        0.6188902854919434,
                        0.6805031895637512,
                        0.5681401491165161,
                        0.5565342307090759,
                        0.6878236532211304,
                        0.5751136541366577,
                        0.6611221432685852,
                        0.585451602935791,
                        0.727317750453949,
                        0.6542509198188782,
                        0.7451307773590088,
                        0.7448755502700806,
                        0.7124271988868713,
                        0.6514304280281067
                    ],
                    [
                        0.5316962599754333,
                        0.3265466094017029,
                        0.2870948910713196,
                        0.1992795467376709,
                        0.20036104321479797,
                        0.05404198169708252,
                        0.000540614128112793,
                        -0.007178753614425659,
                        0.13754194974899292,
                        0.07591846585273743,
                        0.1296016275882721,
                        0.25440722703933716,
                        0.22378972172737122,
                        0.11193063855171204,
                        0.07587552070617676,
                        0.05469581484794617,
                        0.14055830240249634,
                        -0.03931358456611633,
                        -0.058813631534576416,
                        0.09380871057510376
                    ]
                ]
            ],
            "states": [
                [
                    [
                        5466200.0,
                        1.129001520894235e-05,
                        0.0002789112040773034,
                        818770.4375
                    ],
                    [
                        5612448.0,
                        1.1129687663924415e-05,
                        0.00025781430304050446,
                        898413.75
                    ],
                    [
                        5046280.0,
                        1.0979628314089496e-05,
                        0.0002818313369061798,
                        909004.75
                    ],
                    [
                        5249000.0,
                        1.0838540219992865e-05,
                        0.00027022496215067804,
                        810422.3125
                    ],
                    [
                        5515432.0,
                        1.0694837328628637e-05,
                        0.00027221045456826687,
                        891063.1875
                    ],
                    [
                        5182392.0,
                        1.0555714652582537e-05,
                        0.0002733847650233656,
                        862686.6875
                    ],
                    [
                        5021664.0,
                        1.0426368135085795e-05,
                        0.00026607781182974577,
                        893778.125
                    ],
                    [
                        5292440.0,
                        1.0298814231646247e-05,
                        0.00028466759249567986,
                        852371.5625
                    ],
                    [
                        5366288.0,
                        1.0170228961214889e-05,
                        0.0002693114511203021,
                        775255.625
                    ],
                    [
                        5483576.0,
                        1.0042614121630322e-05,
                        0.0002695369767025113,
                        802315.875
                    ],
                    [
                        5369184.0,
                        9.918102477968205e-06,
                        0.00026757299201563,
                        854250.0
                    ],
                    [
                        5670368.0,
                        9.794596735446248e-06,
                        0.0002770914288703352,
                        851009.75
                    ],
                    [
                        5537152.0,
                        9.67230062087765e-06,
                        0.0002540841815061867,
                        843244.5625
                    ],
                    [
                        5557424.0,
                        9.554213647788856e-06,
                        0.0002650599053595215,
                        914621.5625
                    ],
                    [
                        5403936.0,
                        9.440349458600394e-06,
                        0.00027801760006695986,
                        829670.8125
                    ],
                    [
                        5246104.0,
                        9.332287845609244e-06,
                        0.0002704633225221187,
                        839801.4375
                    ],
                    [
                        5603760.0,
                        9.224719178746454e-06,
                        0.0002756867033895105,
                        804814.3125
                    ],
                    [
                        5383664.0,
                        9.118263733398635e-06,
                        0.00025344316964037716,
                        920753.0625
                    ],
                    [
                        5525568.0,
                        8.914936188375577e-06,
                        0.000413205154472962,
                        941023.9375
                    ],
                    [
                        5521224.0,
                        8.814949069346767e-06,
                        0.00012937834253534675,
                        850908.25
                    ]
                ]
            ],
            "actions": [
                [
                    [
                        0.75
                    ],
                    [
                        0.75
                    ],
                    [
                        0.75
                    ],
                    [
                        0.75
                    ],
                    [
                        0.75
                    ],
                    [
                        0.75
                    ],
                    [
                        0.75
                    ],
                    [
                        0.75
                    ],
                    [
                        0.75
                    ],
                    [
                        0.75
                    ],
                    [
                        0.75
                    ],
                    [
                        0.75
                    ],
                    [
                        0.75
                    ],
                    [
                        0.75
                    ],
                    [
                        0.75
                    ],
                    [
                        0.75
                    ],
                    [
                        0.75
                    ],
                    [
                        0.75
                    ],
                    [
                        0.75
                    ],
                    [
                        0.75
                    ]
                ]
            ],
            "returns": [
                [
                    [
                        0.5242103934288025
                    ],
                    [
                        0.5232749581336975
                    ],
                    [
                        0.5223371386528015
                    ],
                    [
                        0.5214087963104248
                    ],
                    [
                        0.5204769372940063
                    ],
                    [
                        0.5195406675338745
                    ],
                    [
                        0.5186099410057068
                    ],
                    [
                        0.5176820158958435
                    ],
                    [
                        0.5167494416236877
                    ],
                    [
                        0.5158156156539917
                    ],
                    [
                        0.5148798823356628
                    ],
                    [
                        0.513945996761322
                    ],
                    [
                        0.5130072832107544
                    ],
                    [
                        0.5120707154273987
                    ],
                    [
                        0.5111337900161743
                    ],
                    [
                        0.5101993083953857
                    ],
                    [
                        0.5092675089836121
                    ],
                    [
                        0.5083298683166504
                    ],
                    [
                        0.5073957443237305
                    ],
                    [
                        0.5064593553543091
                    ]
                ]
            ],
            "timesteps": [
                [
                    60,
                    61,
                    62,
                    63,
                    64,
                    65,
                    66,
                    67,
                    68,
                    69,
                    70,
                    71,
                    72,
                    73,
                    74,
                    75,
                    76,
                    77,
                    78,
                    79
                ]
            ],
            "labels": [
                [
                    2,
                    2,
                    2,
                    2,
                    2,
                    2,
                    2,
                    2,
                    2,
                    2,
                    2,
                    2,
                    2,
                    2,
                    2,
                    2,
                    2,
                    2,
                    2,
                    2
                ]
            ],
            "CPU Usage": 45.8,
            "RAM Usage": 55.3,
            "GPU Usage": 0.0,
            "VRAM Usage": 355.0,
            "Disk Read Speed (MB/s)": 206042.6025390625,
            "Disk Write Speed (MB/s)": 354927.2119140625
        },
        {
            "step": 1,
            "train_loss": 0.047850124537944794,
            "actions_pred1": [
                [
                    [
                        0.3446996808052063,
                        0.007180426269769669,
                        0.5606328248977661,
                        0.016496002674102783
                    ],
                    [
                        0.24107682704925537,
                        -0.1598258912563324,
                        0.3792673945426941,
                        0.027277469635009766
                    ],
                    [
                        0.16308417916297913,
                        -0.11429857462644577,
                        0.4887582063674927,
                        -0.040347665548324585
                    ],
                    [
                        -0.04338964819908142,
                        -0.05095519870519638,
                        0.4396263360977173,
                        -0.06223636865615845
                    ],
                    [
                        -0.08095280826091766,
                        0.01691095530986786,
                        0.4822580814361572,
                        -0.1267898678779602
                    ],
                    [
                        -0.051286689937114716,
                        0.0580119714140892,
                        0.5282629728317261,
                        -0.04197114706039429
                    ],
                    [
                        -0.08578229695558548,
                        0.0995081216096878,
                        0.43342170119285583,
                        -0.017222940921783447
                    ],
                    [
                        -0.09472132474184036,
                        0.013518065214157104,
                        0.49155884981155396,
                        -0.0798085629940033
                    ],
                    [
                        -0.1136125773191452,
                        -0.000171661376953125,
                        0.5172728300094604,
                        -0.11768311262130737
                    ],
                    [
                        -0.09472759813070297,
                        0.01764080673456192,
                        0.6585769653320312,
                        -0.04320994019508362
                    ],
                    [
                        0.0802646353840828,
                        0.01903761923313141,
                        0.5919588804244995,
                        -0.15769916772842407
                    ],
                    [
                        0.19405242800712585,
                        -0.033429235219955444,
                        0.5834859609603882,
                        -0.21937483549118042
                    ],
                    [
                        0.06151006370782852,
                        0.06326159089803696,
                        0.6982213258743286,
                        -0.2286016047000885
                    ],
                    [
                        0.021586976945400238,
                        0.04788507521152496,
                        0.7080989480018616,
                        -0.10016396641731262
                    ],
                    [
                        -0.05326814204454422,
                        0.11143722385168076,
                        0.6750845909118652,
                        -0.07068479061126709
                    ],
                    [
                        -0.01192554086446762,
                        0.17500363290309906,
                        0.6983131170272827,
                        -0.050122976303100586
                    ],
                    [
                        -0.01796143501996994,
                        0.08044764399528503,
                        0.7325400710105896,
                        -0.10200080275535583
                    ],
                    [
                        -0.034598059952259064,
                        0.057022735476493835,
                        0.667109489440918,
                        -0.05659967660903931
                    ],
                    [
                        0.06699341535568237,
                        0.09751976281404495,
                        0.581189751625061,
                        0.024960368871688843
                    ],
                    [
                        0.11805161833763123,
                        0.15560144186019897,
                        0.5031976103782654,
                        -0.055852532386779785
                    ]
                ]
            ],
            "actions_pred": [
                [
                    [
                        0.3446996808052063,
                        0.24107682704925537,
                        0.16308417916297913,
                        -0.04338964819908142,
                        -0.08095280826091766,
                        -0.051286689937114716,
                        -0.08578229695558548,
                        -0.09472132474184036,
                        -0.1136125773191452,
                        -0.09472759813070297,
                        0.0802646353840828,
                        0.19405242800712585,
                        0.06151006370782852,
                        0.021586976945400238,
                        -0.05326814204454422,
                        -0.01192554086446762,
                        -0.01796143501996994,
                        -0.034598059952259064,
                        0.06699341535568237,
                        0.11805161833763123
                    ],
                    [
                        0.007180426269769669,
                        -0.1598258912563324,
                        -0.11429857462644577,
                        -0.05095519870519638,
                        0.01691095530986786,
                        0.0580119714140892,
                        0.0995081216096878,
                        0.013518065214157104,
                        -0.000171661376953125,
                        0.01764080673456192,
                        0.01903761923313141,
                        -0.033429235219955444,
                        0.06326159089803696,
                        0.04788507521152496,
                        0.11143722385168076,
                        0.17500363290309906,
                        0.08044764399528503,
                        0.057022735476493835,
                        0.09751976281404495,
                        0.15560144186019897
                    ],
                    [
                        0.5606328248977661,
                        0.3792673945426941,
                        0.4887582063674927,
                        0.4396263360977173,
                        0.4822580814361572,
                        0.5282629728317261,
                        0.43342170119285583,
                        0.49155884981155396,
                        0.5172728300094604,
                        0.6585769653320312,
                        0.5919588804244995,
                        0.5834859609603882,
                        0.6982213258743286,
                        0.7080989480018616,
                        0.6750845909118652,
                        0.6983131170272827,
                        0.7325400710105896,
                        0.667109489440918,
                        0.581189751625061,
                        0.5031976103782654
                    ],
                    [
                        0.016496002674102783,
                        0.027277469635009766,
                        -0.040347665548324585,
                        -0.06223636865615845,
                        -0.1267898678779602,
                        -0.04197114706039429,
                        -0.017222940921783447,
                        -0.0798085629940033,
                        -0.11768311262130737,
                        -0.04320994019508362,
                        -0.15769916772842407,
                        -0.21937483549118042,
                        -0.2286016047000885,
                        -0.10016396641731262,
                        -0.07068479061126709,
                        -0.050122976303100586,
                        -0.10200080275535583,
                        -0.05659967660903931,
                        0.024960368871688843,
                        -0.055852532386779785
                    ]
                ]
            ],
            "states": [
                [
                    [
                        5603760.0,
                        1.8195280063082464e-05,
                        0.00019109471759293228,
                        502731.65625
                    ],
                    [
                        5502400.0,
                        1.778137630026322e-05,
                        0.00025023153284564614,
                        515799.5
                    ],
                    [
                        3495337.0,
                        2.0890449377475306e-05,
                        0.000305382302030921,
                        476338.21875
                    ],
                    [
                        1255416.0,
                        5.187569695408456e-05,
                        0.00029567780438810587,
                        761957.25
                    ],
                    [
                        2240056.0,
                        5.151751611265354e-05,
                        0.00033060877467505634,
                        603144.3125
                    ],
                    [
                        3857472.0,
                        4.8557489208178595e-05,
                        0.0031183171086013317,
                        533986.8125
                    ],
                    [
                        4274496.0,
                        4.78329966426827e-05,
                        0.0025027666706591845,
                        540291.25
                    ],
                    [
                        4416400.0,
                        4.7082099627004936e-05,
                        0.0014389286516234279,
                        565093.875
                    ],
                    [
                        8094320.0,
                        4.604376954375766e-05,
                        0.0007658242247998714,
                        548988.375
                    ],
                    [
                        6445048.0,
                        4.488962440518662e-05,
                        0.00038344759377650917,
                        548654.4375
                    ],
                    [
                        5370632.0,
                        4.3993775761919096e-05,
                        0.00022289676417130977,
                        576383.875
                    ],
                    [
                        4669800.0,
                        4.3260322854621336e-05,
                        0.00016156068886630237,
                        587927.8125
                    ],
                    [
                        5024560.0,
                        4.257538603269495e-05,
                        0.0001406134688295424,
                        551057.8125
                    ],
                    [
                        5088272.0,
                        4.1883507947204635e-05,
                        0.00015407148748636246,
                        546541.25
                    ],
                    [
                        5479232.0,
                        4.118427023058757e-05,
                        0.00013193934864830226,
                        600107.125
                    ],
                    [
                        4853696.0,
                        4.0522416384192184e-05,
                        0.000135277965455316,
                        557284.125
                    ],
                    [
                        4022544.0,
                        3.997057501692325e-05,
                        0.0001415384467691183,
                        635772.1875
                    ],
                    [
                        3612760.0,
                        3.950786776840687e-05,
                        0.0001762084721121937,
                        576885.25
                    ],
                    [
                        3773488.0,
                        3.907046266249381e-05,
                        0.000310274597723037,
                        547162.9375
                    ],
                    [
                        4445360.0,
                        3.8595113437622786e-05,
                        0.00025462565827183425,
                        623805.0
                    ]
                ]
            ],
            "actions": [
                [
                    [
                        0.5
                    ],
                    [
                        0.5
                    ],
                    [
                        0.5
                    ],
                    [
                        0.5
                    ],
                    [
                        0.5
                    ],
                    [
                        0.5
                    ],
                    [
                        0.5
                    ],
                    [
                        0.5
                    ],
                    [
                        0.5
                    ],
                    [
                        0.5
                    ],
                    [
                        0.5
                    ],
                    [
                        0.5
                    ],
                    [
                        0.5
                    ],
                    [
                        0.5
                    ],
                    [
                        0.5
                    ],
                    [
                        0.5
                    ],
                    [
                        0.5
                    ],
                    [
                        0.5
                    ],
                    [
                        0.5
                    ],
                    [
                        0.5
                    ]
                ]
            ],
            "returns": [
                [
                    [
                        0.1523428112268448
                    ],
                    [
                        0.15140515565872192
                    ],
                    [
                        0.150469109416008
                    ],
                    [
                        0.14957329630851746
                    ],
                    [
                        0.14876827597618103
                    ],
                    [
                        0.1479119062423706
                    ],
                    [
                        0.14700736105442047
                    ],
                    [
                        0.1460937112569809
                    ],
                    [
                        0.14517715573310852
                    ],
                    [
                        0.14420689642429352
                    ],
                    [
                        0.14325684309005737
                    ],
                    [
                        0.14232294261455536
                    ],
                    [
                        0.14140145480632782
                    ],
                    [
                        0.14047347009181976
                    ],
                    [
                        0.13954436779022217
                    ],
                    [
                        0.13860870897769928
                    ],
                    [
                        0.13768377900123596
                    ],
                    [
                        0.13677552342414856
                    ],
                    [
                        0.13587677478790283
                    ],
                    [
                        0.1349741816520691
                    ]
                ]
            ],
            "timesteps": [
                [
                    460,
                    461,
                    462,
                    463,
                    464,
                    465,
                    466,
                    467,
                    468,
                    469,
                    470,
                    471,
                    472,
                    473,
                    474,
                    475,
                    476,
                    477,
                    478,
                    479
                ]
            ],
            "labels": [
                [
                    1,
                    1,
                    1,
                    1,
                    1,
                    1,
                    1,
                    1,
                    1,
                    1,
                    1,
                    1,
                    1,
                    1,
                    1,
                    1,
                    1,
                    1,
                    1,
                    1
                ]
            ],
            "CPU Usage": 46.7,
            "RAM Usage": 55.4,
            "GPU Usage": 0.0,
            "VRAM Usage": 355.0,
            "Disk Read Speed (MB/s)": 206042.6025390625,
            "Disk Write Speed (MB/s)": 354930.2275390625
        },
        {
            "step": 2,
            "train_loss": 0.02972368337213993,
            "actions_pred1": [
                [
                    [
                        0.20335012674331665,
                        0.03792954236268997,
                        0.8761643171310425,
                        0.11790165305137634
                    ],
                    [
                        0.1509825587272644,
                        0.025050096213817596,
                        0.8316035270690918,
                        0.09428855776786804
                    ],
                    [
                        0.20221254229545593,
                        0.02508152276277542,
                        0.710350751876831,
                        0.06076815724372864
                    ],
                    [
                        0.20005756616592407,
                        -0.11311347782611847,
                        0.6075212955474854,
                        -0.13410034775733948
                    ],
                    [
                        0.3450762629508972,
                        -0.11715178191661835,
                        0.6451339721679688,
                        -0.21174266934394836
                    ],
                    [
                        0.30703166127204895,
                        -0.14413636922836304,
                        0.5863134860992432,
                        -0.1387801468372345
                    ],
                    [
                        0.29441148042678833,
                        0.07471449673175812,
                        0.4595838189125061,
                        -0.020239412784576416
                    ],
                    [
                        0.3174656629562378,
                        0.06297257542610168,
                        0.6040879487991333,
                        0.004844456911087036
                    ],
                    [
                        0.38168370723724365,
                        0.10386642813682556,
                        0.607496976852417,
                        -0.0954509973526001
                    ],
                    [
                        0.29014521837234497,
                        0.08449617028236389,
                        0.6251933574676514,
                        -0.17626053094863892
                    ],
                    [
                        0.27864211797714233,
                        0.06306249648332596,
                        0.6732051372528076,
                        -0.14525967836380005
                    ],
                    [
                        0.218732550740242,
                        0.08006755262613297,
                        0.61976158618927,
                        -0.1525316834449768
                    ],
                    [
                        0.3033333718776703,
                        0.03431423008441925,
                        0.8147870302200317,
                        -0.24629780650138855
                    ],
                    [
                        0.28514790534973145,
                        0.06530564278364182,
                        0.7819493412971497,
                        -0.2106248438358307
                    ],
                    [
                        0.23952341079711914,
                        0.08504635095596313,
                        0.6811175346374512,
                        -0.2110038697719574
                    ],
                    [
                        0.14319533109664917,
                        0.10011783242225647,
                        0.7823221683502197,
                        -0.2893534302711487
                    ],
                    [
                        0.030326485633850098,
                        0.13144634664058685,
                        0.8143650889396667,
                        -0.2877904772758484
                    ],
                    [
                        0.22398245334625244,
                        0.17538513243198395,
                        0.736714780330658,
                        -0.2321852445602417
                    ],
                    [
                        0.15311560034751892,
                        0.11529206484556198,
                        0.7620760202407837,
                        -0.1988636553287506
                    ],
                    [
                        0.11557504534721375,
                        0.08863243460655212,
                        0.8509857058525085,
                        -0.18568900227546692
                    ]
                ]
            ],
            "actions_pred": [
                [
                    [
                        0.20335012674331665,
                        0.1509825587272644,
                        0.20221254229545593,
                        0.20005756616592407,
                        0.3450762629508972,
