{
    "steps": [
        {
            "step": 0,
            "train_loss": 6.009831486153416e-05,
            "actions_pred1": [
                [
                    [
                        -1.6340311765670776,
                        5.009604454040527,
                        -0.644405722618103,
                        -0.7569610476493835
                    ],
                    [
                        -1.7911999225616455,
                        5.421775817871094,
                        -1.3852338790893555,
                        -1.0998297929763794
                    ],
                    [
                        -1.696572184562683,
                        5.421562194824219,
                        -1.38726806640625,
                        -1.2599196434020996
                    ],
                    [
                        -1.801524043083191,
                        5.964801788330078,
                        -1.476367712020874,
                        -1.4000059366226196
                    ],
                    [
                        -1.5889809131622314,
                        6.177063941955566,
                        -1.559647798538208,
                        -1.7411046028137207
                    ],
                    [
                        -1.3737154006958008,
                        6.281615734100342,
                        -1.3435509204864502,
                        -2.084137439727783
                    ],
                    [
                        -1.2710933685302734,
                        6.655745983123779,
                        -1.320473313331604,
                        -2.4165878295898438
                    ],
                    [
                        -1.1937707662582397,
                        6.573601722717285,
                        -1.3694839477539062,
                        -2.5361952781677246
                    ],
                    [
                        -0.9684288501739502,
                        6.600525856018066,
                        -0.9652863144874573,
                        -2.7791860103607178
                    ],
                    [
                        -0.9455344676971436,
                        6.671271800994873,
                        -0.841639518737793,
                        -2.8753724098205566
                    ],
                    [
                        -0.9122412204742432,
                        6.595489501953125,
                        -0.8515779376029968,
                        -2.9660327434539795
                    ],
                    [
                        -0.8456388711929321,
                        6.395643711090088,
                        -0.7365372180938721,
                        -2.946990489959717
                    ],
                    [
                        -0.7220392227172852,
                        6.4957170486450195,
                        -0.708357572555542,
                        -2.9958832263946533
                    ],
                    [
                        -0.5640074014663696,
                        6.557021617889404,
                        -0.8537427186965942,
                        -3.0549821853637695
                    ],
                    [
                        -0.6572314500808716,
                        6.695723533630371,
                        -0.8569554090499878,
                        -3.2147107124328613
                    ],
                    [
                        -0.508781373500824,
                        6.676291465759277,
                        -0.7031364440917969,
                        -3.1114399433135986
                    ],
                    [
                        -0.36836129426956177,
                        6.57291316986084,
                        -0.5871721506118774,
                        -3.1701600551605225
                    ],
                    [
                        -0.30214884877204895,
                        6.598869323730469,
                        -0.45194053649902344,
                        -3.0253074169158936
                    ],
                    [
                        -0.2221665382385254,
                        6.632562160491943,
                        -0.537132740020752,
                        -3.111258029937744
                    ],
                    [
                        -0.08764171600341797,
                        6.662358283996582,
                        -0.5088465809822083,
                        -3.221022367477417
                    ]
                ]
            ],
            "actions_pred": [
                [
                    [
                        -1.6340311765670776,
                        -1.7911999225616455,
                        -1.696572184562683,
                        -1.801524043083191,
                        -1.5889809131622314,
                        -1.3737154006958008,
                        -1.2710933685302734,
                        -1.1937707662582397,
                        -0.9684288501739502,
                        -0.9455344676971436,
                        -0.9122412204742432,
                        -0.8456388711929321,
                        -0.7220392227172852,
                        -0.5640074014663696,
                        -0.6572314500808716,
                        -0.508781373500824,
                        -0.36836129426956177,
                        -0.30214884877204895,
                        -0.2221665382385254,
                        -0.08764171600341797
                    ],
                    [
                        5.009604454040527,
                        5.421775817871094,
                        5.421562194824219,
                        5.964801788330078,
                        6.177063941955566,
                        6.281615734100342,
                        6.655745983123779,
                        6.573601722717285,
                        6.600525856018066,
                        6.671271800994873,
                        6.595489501953125,
                        6.395643711090088,
                        6.4957170486450195,
                        6.557021617889404,
                        6.695723533630371,
                        6.676291465759277,
                        6.57291316986084,
                        6.598869323730469,
                        6.632562160491943,
                        6.662358283996582
                    ],
                    [
                        -0.644405722618103,
                        -1.3852338790893555,
                        -1.38726806640625,
                        -1.476367712020874,
                        -1.559647798538208,
                        -1.3435509204864502,
                        -1.320473313331604,
                        -1.3694839477539062,
                        -0.9652863144874573,
                        -0.841639518737793,
                        -0.8515779376029968,
                        -0.7365372180938721,
                        -0.708357572555542,
                        -0.8537427186965942,
                        -0.8569554090499878,
                        -0.7031364440917969,
                        -0.5871721506118774,
                        -0.45194053649902344,
                        -0.537132740020752,
                        -0.5088465809822083
                    ],
                    [
                        -0.7569610476493835,
                        -1.0998297929763794,
                        -1.2599196434020996,
                        -1.4000059366226196,
                        -1.7411046028137207,
                        -2.084137439727783,
                        -2.4165878295898438,
                        -2.5361952781677246,
                        -2.7791860103607178,
                        -2.8753724098205566,
                        -2.9660327434539795,
                        -2.946990489959717,
                        -2.9958832263946533,
                        -3.0549821853637695,
                        -3.2147107124328613,
                        -3.1114399433135986,
                        -3.1701600551605225,
                        -3.0253074169158936,
                        -3.111258029937744,
                        -3.221022367477417
                    ]
                ]
            ],
            "states": [
                [
                    [
                        5059312.0,
                        9.1049492766615e-05,
                        0.0002829945588018745,
                        570940.9375
                    ],
                    [
                        5117232.0,
                        8.226631325669587e-05,
                        0.00027779326774179935,
                        553102.75
                    ],
                    [
                        5535704.0,
                        7.472792640328407e-05,
                        0.00029917724896222353,
                        546738.9375
                    ],
                    [
                        4970984.0,
                        6.851889338577166e-05,
                        0.00037997434264980257,
                        615590.1875
                    ],
                    [
                        2654184.0,
                        6.460718577727675e-05,
                        0.00029415389872156084,
                        481818.0625
                    ],
                    [
                        4494592.0,
                        6.135837611509487e-05,
                        0.00029440681100822985,
                        522992.78125
                    ],
                    [
                        4348344.0,
                        5.774946475867182e-05,
                        0.00028164629475213587,
                        491780.875
                    ],
                    [
                        4933336.0,
                        5.439664164441638e-05,
                        0.00027785348356701434,
                        520398.875
                    ],
                    [
                        4701656.0,
                        5.129960845806636e-05,
                        0.00038381022750400007,
                        575110.6875
                    ],
                    [
                        4578576.0,
                        4.8633406549924985e-05,
                        0.0002961547579616308,
                        495802.21875
                    ],
                    [
                        3149400.0,
                        4.661144339479506e-05,
                        0.00029962105327285826,
                        505119.28125
                    ],
                    [
                        4999944.0,
                        4.466465179575607e-05,
                        0.00029777659801766276,
                        484590.125
                    ],
                    [
                        5011528.0,
                        4.247795732226223e-05,
                        0.0002728095860220492,
                        482498.96875
                    ],
                    [
                        5127368.0,
                        4.047168113174848e-05,
                        0.0002930021146312356,
                        492467.5625
                    ],
                    [
                        5149088.0,
                        3.862225275952369e-05,
                        0.0005929499748162925,
                        510973.59375
                    ],
                    [
                        3434656.0,
                        3.7198835343588144e-05,
                        0.00017766767996363342,
                        518040.0625
                    ],
                    [
                        4734960.0,
                        3.594371446524747e-05,
                        0.00018339134112466127,
                        483570.8125
                    ],
                    [
                        4713240.0,
                        3.459137587924488e-05,
                        0.00019205290300305933,
                        485131.46875
                    ],
                    [
                        5099856.0,
                        3.3291154977632686e-05,
                        0.0002024973655352369,
                        498759.9375
                    ],
                    [
                        5243208.0,
                        3.2021918741520494e-05,
                        0.0002613598189782351,
                        496721.28125
                    ]
                ]
            ],
            "actions": [
                [
                    [
                        0.5
                    ],
                    [
                        0.5
                    ],
                    [
                        0.5
                    ],
                    [
                        0.5
                    ],
                    [
                        0.5
                    ],
                    [
                        0.5
                    ],
                    [
                        0.5
                    ],
                    [
                        0.5
                    ],
                    [
                        0.5
                    ],
                    [
                        0.5
                    ],
                    [
                        0.5
                    ],
                    [
                        0.5
                    ],
                    [
                        0.5
                    ],
                    [
                        0.5
                    ],
                    [
                        0.5
                    ],
                    [
                        0.5
                    ],
                    [
                        0.5
                    ],
                    [
                        0.5
                    ],
                    [
                        0.5
                    ],
                    [
                        0.5
                    ]
                ]
            ],
            "returns": [
                [
                    [
                        0.4691389203071594
                    ],
                    [
                        0.4682103097438812
                    ],
                    [
                        0.46728071570396423
                    ],
                    [
                        0.46634411811828613
                    ],
                    [
                        0.4654170870780945
                    ],
                    [
                        0.46454569697380066
                    ],
                    [
                        0.46362757682800293
                    ],
                    [
                        0.4627124071121216
                    ],
                    [
                        0.46178606152534485
                    ],
                    [
                        0.46086394786834717
                    ],
                    [
                        0.4599442183971405
                    ],
                    [
                        0.45905765891075134
                    ],
                    [
                        0.4581300914287567
                    ],
                    [
                        0.45720234513282776
                    ],
                    [
                        0.45627257227897644
                    ],
                    [
                        0.4553424119949341
                    ],
                    [
                        0.4544481337070465
                    ],
                    [
                        0.4535254240036011
                    ],
                    [
                        0.4526031017303467
                    ],
                    [
                        0.45167380571365356
                    ]
                ]
            ],
            "timesteps": [
                [
                    120,
                    121,
                    122,
                    123,
                    124,
                    125,
                    126,
                    127,
                    128,
                    129,
                    130,
                    131,
                    132,
                    133,
                    134,
                    135,
                    136,
                    137,
                    138,
                    139
                ]
            ],
            "labels": [
                [
                    1,
                    1,
                    1,
                    1,
                    1,
                    1,
                    1,
                    1,
                    1,
                    1,
                    1,
                    1,
                    1,
                    1,
                    1,
                    1,
                    1,
                    1,
                    1,
                    1
                ]
            ],
            "CPU Usage": 45.8,
            "RAM Usage": 55.1,
            "GPU Usage": 0.0,
            "VRAM Usage": 355.0,
            "Disk Read Speed (MB/s)": 206668.9990234375,
            "Disk Write Speed (MB/s)": 440079.0986328125
        },
        {
            "step": 1,
            "train_loss": 3.710632518050261e-05,
            "actions_pred1": [
                [
                    [
                        -1.0338386297225952,
                        1.7197598218917847,
                        6.615031719207764,
                        -3.316774845123291
                    ],
                    [
                        -0.4216603934764862,
                        0.47385457158088684,
                        7.703198432922363,
                        -3.7615511417388916
                    ],
                    [
                        -0.2665342688560486,
                        0.3850826025009155,
                        8.12569522857666,
                        -4.049837112426758
                    ],
                    [
                        0.0795358419418335,
                        0.2888868749141693,
                        8.037425994873047,
                        -4.171631336212158
                    ],
                    [
                        -0.07198365032672882,
                        0.03807026147842407,
                        7.720776081085205,
                        -4.331382751464844
                    ],
                    [
                        -0.14903831481933594,
                        -0.6193134784698486,
                        7.462450981140137,
                        -3.9598755836486816
                    ],
                    [
                        -0.3683907091617584,
                        -0.851159930229187,
                        7.452138900756836,
                        -3.747859001159668
                    ],
                    [
                        -0.5868163704872131,
                        -0.9088590145111084,
                        7.506932735443115,
                        -3.852329730987549
                    ],
                    [
                        -0.5631996989250183,
                        -0.8660533428192139,
                        7.516958713531494,
                        -3.853847026824951
                    ],
                    [
                        -0.46857351064682007,
                        -0.7660499811172485,
                        7.6008782386779785,
                        -4.131157875061035
                    ],
                    [
                        -0.5373117923736572,
                        -0.6530311703681946,
                        7.665931224822998,
                        -4.2289204597473145
                    ],
                    [
                        -0.5140097141265869,
                        -0.5217888355255127,
                        7.674986362457275,
                        -4.253152847290039
                    ],
                    [
                        -0.5689115524291992,
                        -0.34560734033584595,
                        7.65343713760376,
                        -4.088274955749512
                    ],
                    [
                        -0.4687761664390564,
                        -0.37177157402038574,
                        7.512166976928711,
                        -4.033505439758301
                    ],
                    [
                        -0.25374218821525574,
                        -0.40559303760528564,
                        7.454904079437256,
                        -4.2364397048950195
                    ],
                    [
                        -0.16514764726161957,
                        -0.31327322125434875,
                        7.287918567657471,
                        -4.209331512451172
                    ],
                    [
                        0.04927258938550949,
                        -0.4376909136772156,
                        7.348581790924072,
                        -4.230131149291992
                    ],
                    [
                        0.021172180771827698,
                        -0.36809420585632324,
                        7.252170085906982,
                        -4.153872966766357
                    ],
                    [
                        0.09399348497390747,
                        -0.24507004022598267,
                        7.301522254943848,
                        -4.153307914733887
                    ],
                    [
                        0.0636569932103157,
                        -0.24100300669670105,
                        7.244879245758057,
                        -4.061656951904297
                    ]
                ]
            ],
            "actions_pred": [
                [
                    [
                        -1.0338386297225952,
                        -0.4216603934764862,
                        -0.2665342688560486,
                        0.0795358419418335,
                        -0.07198365032672882,
                        -0.14903831481933594,
                        -0.3683907091617584,
                        -0.5868163704872131,
                        -0.5631996989250183,
                        -0.46857351064682007,
                        -0.5373117923736572,
                        -0.5140097141265869,
                        -0.5689115524291992,
                        -0.4687761664390564,
                        -0.25374218821525574,
                        -0.16514764726161957,
                        0.04927258938550949,
                        0.021172180771827698,
                        0.09399348497390747,
                        0.0636569932103157
                    ],
                    [
                        1.7197598218917847,
                        0.47385457158088684,
                        0.3850826025009155,
                        0.2888868749141693,
                        0.03807026147842407,
                        -0.6193134784698486,
                        -0.851159930229187,
                        -0.9088590145111084,
                        -0.8660533428192139,
                        -0.7660499811172485,
                        -0.6530311703681946,
                        -0.5217888355255127,
                        -0.34560734033584595,
                        -0.37177157402038574,
                        -0.40559303760528564,
                        -0.31327322125434875,
                        -0.4376909136772156,
                        -0.36809420585632324,
                        -0.24507004022598267,
                        -0.24100300669670105
                    ],
                    [
                        6.615031719207764,
                        7.703198432922363,
                        8.12569522857666,
                        8.037425994873047,
                        7.720776081085205,
                        7.462450981140137,
                        7.452138900756836,
                        7.506932735443115,
                        7.516958713531494,
                        7.6008782386779785,
                        7.665931224822998,
                        7.674986362457275,
                        7.65343713760376,
                        7.512166976928711,
                        7.454904079437256,
                        7.287918567657471,
                        7.348581790924072,
                        7.252170085906982,
                        7.301522254943848,
                        7.244879245758057
                    ],
                    [
                        -3.316774845123291,
                        -3.7615511417388916,
                        -4.049837112426758,
                        -4.171631336212158,
                        -4.331382751464844,
                        -3.9598755836486816,
                        -3.747859001159668,
                        -3.852329730987549,
                        -3.853847026824951,
                        -4.131157875061035,
                        -4.2289204597473145,
                        -4.253152847290039,
                        -4.088274955749512,
                        -4.033505439758301,
                        -4.2364397048950195,
                        -4.209331512451172,
                        -4.230131149291992,
                        -4.153872966766357,
                        -4.153307914733887,
                        -4.061656951904297
                    ]
                ]
            ],
            "states": [
                [
                    [
                        5334432.0,
                        2.079466503346339e-05,
                        0.00026978878304362297,
                        822567.125
                    ],
                    [
                        5450272.0,
                        2.0477313228184357e-05,
                        0.00027627943200059235,
                        856531.375
                    ],
                    [
                        5496608.0,
                        2.0164978195680305e-05,
                        0.00025924446526914835,
                        796247.875
                    ],
                    [
                        5340224.0,
                        1.901392352010589e-05,
                        0.006524195894598961,
                        835512.25
                    ],
                    [
                        5366288.0,
                        1.8750137314782478e-05,
                        0.002146858023479581,
                        813363.3125
                    ],
                    [
                        5389456.0,
                        1.8492408344172873e-05,
                        0.0023773028515279293,
                        845072.375
                    ],
                    [
                        5118680.0,
                        1.8247363186674193e-05,
                        0.0020079242531210184,
                        804446.8125
                    ],
                    [
                        5463304.0,
                        1.8007134713116102e-05,
                        0.0019139255164191127,
                        824885.1875
                    ],
                    [
                        5337328.0,
                        1.7768334146239795e-05,
                        0.0013429223326966166,
                        814676.0
                    ],
                    [
                        5398144.0,
                        1.753715696395375e-05,
                        0.0011628043139353395,
                        805373.25
                    ],
                    [
                        5337328.0,
                        1.7311906049144454e-05,
                        0.0009117702720686793,
                        826102.5
                    ],
                    [
                        5053520.0,
                        1.709933530946728e-05,
                        0.000803604198154062,
                        828294.75
                    ],
                    [
                        5891912.0,
                        1.6881092960829847e-05,
                        0.000699773314408958,
                        791778.0625
                    ],
                    [
                        5104200.0,
                        1.6667219824739732e-05,
                        0.0006680691731162369,
                        868015.875
                    ],
                    [
                        5372080.0,
                        1.646851160330698e-05,
                        0.0005246230284683406,
                        748358.1875
                    ],
                    [
                        5262032.0,
                        1.6271596905426122e-05,
                        0.00046889804070815444,
                        796238.875
                    ],
                    [
                        5473440.0,
                        1.6077548934845254e-05,
                        0.00035997320082969964,
                        812237.5625
                    ],
                    [
                        4978224.0,
                        1.589297789905686e-05,
                        0.00037329201586544514,
                        806297.3125
                    ],
                    [
                        5450272.0,
                        1.571305256220512e-05,
                        0.00029995679506100714,
                        802099.3125
                    ],
                    [
                        5424208.0,
                        1.5529669326497242e-05,
                        0.0002722619683481753,
                        836648.625
                    ]
                ]
            ],
            "actions": [
                [
                    [
                        0.75
                    ],
                    [
                        0.75
                    ],
                    [
                        0.75
                    ],
                    [
                        0.75
                    ],
                    [
                        0.75
                    ],
                    [
                        0.75
                    ],
                    [
                        0.75
                    ],
                    [
                        0.75
                    ],
                    [
                        0.75
                    ],
                    [
                        0.75
                    ],
                    [
                        0.75
                    ],
                    [
                        0.75
                    ],
                    [
                        0.75
                    ],
                    [
                        0.75
                    ],
                    [
                        0.75
                    ],
                    [
                        0.75
                    ],
                    [
                        0.75
                    ],
                    [
                        0.75
                    ],
                    [
                        0.75
                    ],
                    [
                        0.75
                    ]
                ]
            ],
            "returns": [
                [
                    [
                        0.3232199251651764
                    ],
                    [
                        0.3222866356372833
                    ],
                    [
                        0.32135143876075745
                    ],
                    [
                        0.3204154968261719
                    ],
                    [
                        0.31948211789131165
                    ],
                    [
                        0.3185482919216156
                    ],
                    [
                        0.3176141083240509
                    ],
                    [
                        0.31668445467948914
                    ],
                    [
                        0.31574904918670654
                    ],
                    [
                        0.3148157298564911
                    ],
                    [
                        0.31388136744499207
                    ],
                    [
                        0.3129480481147766
                    ],
                    [
                        0.3120195269584656
                    ],
                    [
                        0.31107744574546814
                    ],
                    [
                        0.31014806032180786
                    ],
                    [
                        0.30921414494514465
                    ],
                    [
                        0.3082820773124695
                    ],
                    [
                        0.30734649300575256
                    ],
                    [
                        0.306419312953949
                    ],
                    [
                        0.3054841458797455
                    ]
                ]
            ],
            "timesteps": [
                [
                    280,
                    281,
                    282,
                    283,
                    284,
                    285,
                    286,
                    287,
                    288,
                    289,
                    290,
                    291,
                    292,
                    293,
                    294,
                    295,
                    296,
                    297,
                    298,
                    299
                ]
            ],
            "labels": [
                [
                    2,
                    2,
                    2,
                    2,
                    2,
                    2,
                    2,
                    2,
                    2,
                    2,
                    2,
                    2,
                    2,
                    2,
                    2,
                    2,
                    2,
                    2,
                    2,
                    2
                ]
            ],
            "CPU Usage": 46.7,
            "RAM Usage": 55.1,
            "GPU Usage": 0.0,
            "VRAM Usage": 355.0,
            "Disk Read Speed (MB/s)": 206668.9990234375,
            "Disk Write Speed (MB/s)": 440079.3837890625
        },
        {
            "step": 2,
            "train_loss": 3.8224385207286105e-05,
            "actions_pred1": [
                [
                    [
                        -1.9008733034133911,
                        4.646591663360596,
                        -1.560820460319519,
                        -4.096846580505371
                    ],
                    [
                        -1.6322755813598633,
                        5.137495517730713,
                        -1.960571050643921,
                        -3.4439470767974854
                    ],
                    [
                        -1.933525800704956,
                        5.119630336761475,
                        -2.6077821254730225,
                        -3.2776832580566406
                    ],
                    [
                        -2.0383448600769043,
                        5.400457382202148,
                        -2.871438503265381,
                        -3.4680910110473633
                    ],
                    [
                        -2.0739312171936035,
                        5.342344760894775,
                        -3.4859812259674072,
                        -3.888385057449341
                    ],
                    [
                        -1.8788259029388428,
                        5.563872337341309,
                        -3.4215846061706543,
                        -3.862915515899658
                    ],
                    [
                        -1.7925708293914795,
                        5.787168979644775,
                        -3.6517271995544434,
                        -3.732184886932373
                    ],
                    [
                        -1.6459989547729492,
                        5.8213324546813965,
                        -3.518847703933716,
                        -3.540757179260254
                    ],
                    [
                        -1.4306373596191406,
                        5.641788005828857,
                        -3.2027747631073,
                        -4.031460762023926
                    ],
                    [
                        -1.4717845916748047,
                        5.563769340515137,
                        -3.1003148555755615,
                        -3.9650845527648926
                    ],
                    [
                        -1.4686000347137451,
                        5.651658058166504,
                        -3.182584285736084,
                        -4.012058734893799
                    ],
                    [
                        -1.4150036573410034,
                        5.621581554412842,
                        -3.193155527114868,
                        -4.117412567138672
                    ],
                    [
                        -1.5660414695739746,
                        5.663099765777588,
                        -3.1923162937164307,
                        -4.129708766937256
                    ],
                    [
                        -1.6500791311264038,
                        5.668018341064453,
                        -3.0742220878601074,
                        -4.057583332061768
                    ],
                    [
                        -1.618113398551941,
                        5.771963596343994,
                        -2.984483003616333,
                        -4.04998779296875
                    ],
                    [
                        -1.4298524856567383,
                        5.859989643096924,
                        -2.9640073776245117,
                        -4.057585716247559
                    ],
                    [
                        -1.2681916952133179,
                        5.771942138671875,
                        -2.923656702041626,
                        -3.9846277236938477
                    ],
                    [
                        -1.1971815824508667,
                        5.663541316986084,
                        -3.025726079940796,
                        -4.045828342437744
                    ],
                    [
                        -1.1995105743408203,
                        5.500316143035889,
                        -2.9629921913146973,
                        -4.012592315673828
                    ],
                    [
                        -1.242416262626648,
                        5.519964694976807,
                        -2.930467128753662,
                        -3.830023765563965
                    ]
                ]
            ],
            "actions_pred": [
                [
                    [
                        -1.9008733034133911,
                        -1.6322755813598633,
                        -1.933525800704956,
                        -2.0383448600769043,
                        -2.0739312171936035,
                        -1.8788259029388428,
                        -1.7925708293914795,
                        -1.6459989547729492,
                        -1.4306373596191406,
                        -1.4717845916748047,
