{
    "steps": [
        {
            "step": 0,
            "train_loss": 0.056893594563007355,
            "actions_pred1": [
                [
                    [
                        1.7028899192810059,
                        1.837445855140686,
                        3.8426270484924316,
                        -2.9091262817382812
                    ],
                    [
                        2.070575475692749,
                        2.094374895095825,
                        3.6886332035064697,
                        -3.193683624267578
                    ],
                    [
                        2.0900399684906006,
                        2.2033159732818604,
                        3.2525618076324463,
                        -3.9721360206604004
                    ],
                    [
                        2.1600656509399414,
                        2.2758846282958984,
                        2.9364869594573975,
                        -4.1296586990356445
                    ],
                    [
                        2.0228095054626465,
                        2.7584292888641357,
                        2.950362205505371,
                        -4.339108467102051
                    ],
                    [
                        2.00915789604187,
                        2.5942254066467285,
                        3.006950616836548,
                        -4.703207969665527
                    ],
                    [
                        1.7997655868530273,
                        2.242616891860962,
                        3.384493827819824,
                        -5.18782377243042
                    ],
                    [
                        1.6461595296859741,
                        2.0312137603759766,
                        3.599752187728882,
                        -5.478991508483887
                    ],
                    [
                        1.7964510917663574,
                        2.2313849925994873,
                        3.6639742851257324,
                        -5.296760082244873
                    ],
                    [
                        2.1317591667175293,
                        2.19547438621521,
                        3.5851709842681885,
                        -5.415771484375
                    ],
                    [
                        1.887555718421936,
                        2.225064516067505,
                        3.3776798248291016,
                        -5.441235065460205
                    ],
                    [
                        1.6949090957641602,
                        2.110023021697998,
                        3.474759101867676,
                        -5.362940311431885
                    ],
                    [
                        1.5909711122512817,
                        2.1586713790893555,
                        3.2867355346679688,
                        -5.15185022354126
                    ],
                    [
                        1.772871494293213,
                        2.231576442718506,
                        3.049685001373291,
                        -5.092696189880371
                    ],
                    [
                        2.1133933067321777,
                        2.512871026992798,
                        3.0394225120544434,
                        -5.099774360656738
                    ],
                    [
                        2.037766933441162,
                        2.4524197578430176,
                        3.0901236534118652,
                        -5.240808010101318
                    ],
                    [
                        2.140854597091675,
                        2.212693214416504,
                        3.1389713287353516,
                        -5.157917022705078
                    ],
                    [
                        2.005852699279785,
                        2.0876822471618652,
                        2.988264322280884,
                        -5.234187126159668
                    ],
                    [
                        2.147491216659546,
                        2.079840660095215,
                        2.836925506591797,
                        -5.446747779846191
                    ],
                    [
                        2.066215753555298,
                        2.229698896408081,
                        2.802006959915161,
                        -5.690919399261475
                    ]
                ]
            ],
            "actions_pred": [
                [
                    [
                        1.7028899192810059,
                        2.070575475692749,
                        2.0900399684906006,
                        2.1600656509399414,
                        2.0228095054626465,
                        2.00915789604187,
                        1.7997655868530273,
                        1.6461595296859741,
                        1.7964510917663574,
                        2.1317591667175293,
                        1.887555718421936,
                        1.6949090957641602,
                        1.5909711122512817,
                        1.772871494293213,
                        2.1133933067321777,
                        2.037766933441162,
                        2.140854597091675,
                        2.005852699279785,
                        2.147491216659546,
                        2.066215753555298
                    ],
                    [
                        1.837445855140686,
                        2.094374895095825,
                        2.2033159732818604,
                        2.2758846282958984,
                        2.7584292888641357,
                        2.5942254066467285,
                        2.242616891860962,
                        2.0312137603759766,
                        2.2313849925994873,
                        2.19547438621521,
                        2.225064516067505,
                        2.110023021697998,
                        2.1586713790893555,
                        2.231576442718506,
                        2.512871026992798,
                        2.4524197578430176,
                        2.212693214416504,
                        2.0876822471618652,
                        2.079840660095215,
                        2.229698896408081
                    ],
                    [
                        3.8426270484924316,
                        3.6886332035064697,
                        3.2525618076324463,
                        2.9364869594573975,
                        2.950362205505371,
                        3.006950616836548,
                        3.384493827819824,
                        3.599752187728882,
                        3.6639742851257324,
                        3.5851709842681885,
                        3.3776798248291016,
                        3.474759101867676,
                        3.2867355346679688,
                        3.049685001373291,
                        3.0394225120544434,
                        3.0901236534118652,
                        3.1389713287353516,
                        2.988264322280884,
                        2.836925506591797,
                        2.802006959915161
                    ],
                    [
                        -2.9091262817382812,
                        -3.193683624267578,
                        -3.9721360206604004,
                        -4.1296586990356445,
                        -4.339108467102051,
                        -4.703207969665527,
                        -5.18782377243042,
                        -5.478991508483887,
                        -5.296760082244873,
                        -5.415771484375,
                        -5.441235065460205,
                        -5.362940311431885,
                        -5.15185022354126,
                        -5.092696189880371,
                        -5.099774360656738,
                        -5.240808010101318,
                        -5.157917022705078,
                        -5.234187126159668,
                        -5.446747779846191,
                        -5.690919399261475
                    ]
                ]
            ],
            "states": [
                [
                    [
                        10490760.0,
                        0.00010820227180374786,
                        0.00015429843915626407,
                        444121.375
                    ],
                    [
                        10112832.0,
                        9.372556087328121e-05,
                        0.00014512072084471583,
                        443784.5
                    ],
                    [
                        10076632.0,
                        8.28753545647487e-05,
                        0.00015239186177495867,
                        427008.3125
                    ],
                    [
                        10218536.0,
                        7.424143404932693e-05,
                        0.00013630501052830368,
                        433225.1875
                    ],
                    [
                        10903440.0,
                        6.698495417367667e-05,
                        0.0001300903531955555,
                        434838.78125
                    ],
                    [
                        10177992.0,
                        6.102009865571745e-05,
                        0.0001368058001389727,
                        431759.375
                    ],
                    [
                        10500896.0,
                        5.612600944004953e-05,
                        0.00014432381431106478,
                        435333.53125
                    ],
                    [
                        10752848.0,
                        5.185119152883999e-05,
                        0.00014270890096668154,
                        438961.46875
                    ],
                    [
                        10833936.0,
                        4.812757106265053e-05,
                        0.00014136718527879566,
                        432069.78125
                    ],
                    [
                        10654384.0,
                        4.491618892643601e-05,
                        0.00013239651161711663,
                        433675.4375
                    ],
                    [
                        10524064.0,
                        4.214471118757501e-05,
                        0.00014063461276236922,
                        436827.0
                    ],
                    [
                        8511344.0,
                        3.9926697354530916e-05,
                        0.00013637621304951608,
                        473364.125
                    ],
                    [
                        10828144.0,
                        3.790804112213664e-05,
                        0.00013436605513561517,
                        430273.59375
                    ],
                    [
                        10288040.0,
                        3.5919863876188174e-05,
                        0.00013586058048531413,
                        455927.09375
                    ],
                    [
                        9009456.0,
                        3.427618867135607e-05,
                        0.00013340605073608458,
                        453153.21875
                    ],
                    [
                        10348856.0,
                        3.2774834835436195e-05,
                        0.0001376099098706618,
                        434225.03125
                    ],
                    [
                        10166408.0,
                        3.131924677290954e-05,
                        0.00017068465240299702,
                        438236.6875
                    ],
                    [
                        10539992.0,
                        2.9976108635310084e-05,
                        0.0001329061051364988,
                        436937.3125
                    ],
                    [
                        10836832.0,
                        2.8705166187137365e-05,
                        0.00013878877507522702,
                        435041.5
                    ],
                    [
                        10188128.0,
                        2.755545938271098e-05,
                        0.00015914233517833054,
                        427912.71875
                    ]
                ]
            ],
            "actions": [
                [
                    [
                        0.25
                    ],
                    [
                        0.25
                    ],
                    [
                        0.25
                    ],
                    [
                        0.25
                    ],
                    [
                        0.25
                    ],
                    [
                        0.25
                    ],
                    [
                        0.25
                    ],
                    [
                        0.25
                    ],
                    [
                        0.25
                    ],
                    [
                        0.25
                    ],
                    [
                        0.25
                    ],
                    [
                        0.25
                    ],
                    [
                        0.25
                    ],
                    [
                        0.25
                    ],
                    [
                        0.25
                    ],
                    [
                        0.25
                    ],
                    [
                        0.25
                    ],
                    [
                        0.25
                    ],
                    [
                        0.25
                    ],
                    [
                        0.25
                    ]
                ]
            ],
            "returns": [
                [
                    [
                        0.2865329086780548
                    ],
                    [
                        0.2855396568775177
                    ],
                    [
                        0.28454965353012085
                    ],
                    [
                        0.28355997800827026
                    ],
                    [
                        0.2825690507888794
                    ],
                    [
                        0.2815724015235901
                    ],
                    [
                        0.28058183193206787
                    ],
                    [
                        0.2795884907245636
                    ],
                    [
                        0.2785930335521698
                    ],
                    [
                        0.27759695053100586
                    ],
                    [
                        0.2766023278236389
                    ],
                    [
                        0.27560877799987793
                    ],
                    [
                        0.27463406324386597
                    ],
                    [
                        0.2736380100250244
                    ],
                    [
                        0.2726464867591858
                    ],
                    [
                        0.2716667354106903
                    ],
                    [
                        0.2706746757030487
                    ],
                    [
                        0.26968422532081604
                    ],
                    [
                        0.2686905562877655
                    ],
                    [
                        0.2676944136619568
                    ]
                ]
            ],
            "timesteps": [
                [
                    320,
                    321,
                    322,
                    323,
                    324,
                    325,
                    326,
                    327,
                    328,
                    329,
                    330,
                    331,
                    332,
                    333,
                    334,
                    335,
                    336,
                    337,
                    338,
                    339
                ]
            ],
            "labels": [
                [
                    0,
                    0,
                    0,
                    0,
                    0,
                    0,
                    0,
                    0,
                    0,
                    0,
                    0,
                    0,
                    0,
                    0,
                    0,
                    0,
                    0,
                    0,
                    0,
                    0
                ]
            ],
            "CPU Usage": 45.9,
            "RAM Usage": 55.0,
            "GPU Usage": 0.0,
            "VRAM Usage": 355.0,
            "Disk Read Speed (MB/s)": 206653.1826171875,
            "Disk Write Speed (MB/s)": 428618.8095703125
        },
        {
            "step": 1,
            "train_loss": 0.00022787658963352442,
            "actions_pred1": [
                [
                    [
                        -1.9722148180007935,
                        4.761241436004639,
                        0.24667665362358093,
                        -0.7939915060997009
                    ],
                    [
                        -2.1589245796203613,
                        4.962702751159668,
                        -0.24805927276611328,
                        -1.1949533224105835
                    ],
                    [
                        -2.154391288757324,
                        4.973214149475098,
                        -0.21531593799591064,
                        -1.3787124156951904
                    ],
                    [
                        -2.2241880893707275,
                        5.457456111907959,
                        -0.22202429175376892,
                        -1.5474523305892944
                    ],
                    [
                        -2.022425413131714,
                        5.482840538024902,
                        -0.19799870252609253,
                        -1.973667860031128
                    ],
                    [
                        -1.8193154335021973,
                        5.537982940673828,
                        0.04769456386566162,
                        -2.274198532104492
                    ],
                    [
                        -1.7126593589782715,
                        5.836853981018066,
                        0.11105901002883911,
                        -2.620471477508545
                    ],
                    [
                        -1.767014980316162,
                        5.833720684051514,
                        0.02704063057899475,
                        -2.6326141357421875
                    ],
                    [
                        -1.430214524269104,
                        5.708747863769531,
                        0.3902767300605774,
                        -2.9215855598449707
                    ],
                    [
                        -1.4121980667114258,
                        5.789503574371338,
                        0.488364577293396,
                        -3.001915454864502
                    ],
                    [
                        -1.4208111763000488,
                        5.731593608856201,
                        0.4906698763370514,
                        -3.117597818374634
                    ],
                    [
                        -1.3645710945129395,
                        5.50669527053833,
                        0.6304001808166504,
                        -3.1256823539733887
                    ],
                    [
                        -1.274566411972046,
                        5.6319193840026855,
                        0.6658550500869751,
                        -3.1820907592773438
                    ],
                    [
                        -1.1432541608810425,
                        5.639708995819092,
                        0.5507795810699463,
                        -3.2221784591674805
                    ],
                    [
                        -1.250641942024231,
                        5.788979530334473,
                        0.5525459051132202,
                        -3.4237067699432373
                    ],
                    [
                        -1.116694450378418,
                        5.75111198425293,
                        0.6962453722953796,
                        -3.3266000747680664
                    ],
                    [
                        -0.9843775033950806,
                        5.629574775695801,
                        0.8163324594497681,
                        -3.406236410140991
                    ],
                    [
                        -0.9965844750404358,
                        5.723416328430176,
                        0.8916494846343994,
                        -3.283289909362793
                    ],
                    [
                        -0.8896598815917969,
                        5.780305862426758,
                        0.8045175075531006,
                        -3.382819890975952
                    ],
                    [
                        -0.7512377500534058,
                        5.836093902587891,
                        0.8576865196228027,
                        -3.4668774604797363
                    ]
                ]
            ],
            "actions_pred": [
                [
                    [
                        -1.9722148180007935,
                        -2.1589245796203613,
                        -2.154391288757324,
                        -2.2241880893707275,
                        -2.022425413131714,
                        -1.8193154335021973,
                        -1.7126593589782715,
                        -1.767014980316162,
                        -1.430214524269104,
                        -1.4121980667114258,
                        -1.4208111763000488,
                        -1.3645710945129395,
                        -1.274566411972046,
                        -1.1432541608810425,
                        -1.250641942024231,
                        -1.116694450378418,
                        -0.9843775033950806,
                        -0.9965844750404358,
                        -0.8896598815917969,
                        -0.7512377500534058
                    ],
                    [
                        4.761241436004639,
                        4.962702751159668,
                        4.973214149475098,
                        5.457456111907959,
                        5.482840538024902,
                        5.537982940673828,
                        5.836853981018066,
                        5.833720684051514,
                        5.708747863769531,
                        5.789503574371338,
                        5.731593608856201,
                        5.50669527053833,
                        5.6319193840026855,
                        5.639708995819092,
                        5.788979530334473,
                        5.75111198425293,
                        5.629574775695801,
                        5.723416328430176,
                        5.780305862426758,
                        5.836093902587891
                    ],
                    [
                        0.24667665362358093,
                        -0.24805927276611328,
                        -0.21531593799591064,
                        -0.22202429175376892,
                        -0.19799870252609253,
                        0.04769456386566162,
                        0.11105901002883911,
                        0.02704063057899475,
                        0.3902767300605774,
                        0.488364577293396,
                        0.4906698763370514,
                        0.6304001808166504,
                        0.6658550500869751,
                        0.5507795810699463,
                        0.5525459051132202,
                        0.6962453722953796,
                        0.8163324594497681,
                        0.8916494846343994,
                        0.8045175075531006,
                        0.8576865196228027
                    ],
                    [
                        -0.7939915060997009,
                        -1.1949533224105835,
                        -1.3787124156951904,
                        -1.5474523305892944,
                        -1.973667860031128,
                        -2.274198532104492,
                        -2.620471477508545,
                        -2.6326141357421875,
                        -2.9215855598449707,
                        -3.001915454864502,
                        -3.117597818374634,
                        -3.1256823539733887,
                        -3.1820907592773438,
                        -3.2221784591674805,
                        -3.4237067699432373,
                        -3.3266000747680664,
                        -3.406236410140991,
                        -3.283289909362793,
                        -3.382819890975952,
                        -3.4668774604797363
                    ]
                ]
            ],
            "states": [
                [
                    [
                        5059312.0,
                        9.1049492766615e-05,
                        0.0002829945588018745,
                        570940.9375
                    ],
                    [
                        5117232.0,
                        8.226631325669587e-05,
                        0.00027779326774179935,
                        553102.75
                    ],
                    [
                        5535704.0,
                        7.472792640328407e-05,
                        0.00029917724896222353,
                        546738.9375
                    ],
                    [
                        4970984.0,
                        6.851889338577166e-05,
                        0.00037997434264980257,
                        615590.1875
                    ],
                    [
                        2654184.0,
                        6.460718577727675e-05,
                        0.00029415389872156084,
                        481818.0625
                    ],
                    [
                        4494592.0,
                        6.135837611509487e-05,
                        0.00029440681100822985,
                        522992.78125
                    ],
                    [
                        4348344.0,
                        5.774946475867182e-05,
                        0.00028164629475213587,
                        491780.875
                    ],
                    [
                        4933336.0,
                        5.439664164441638e-05,
                        0.00027785348356701434,
                        520398.875
                    ],
                    [
                        4701656.0,
                        5.129960845806636e-05,
                        0.00038381022750400007,
                        575110.6875
                    ],
                    [
                        4578576.0,
                        4.8633406549924985e-05,
                        0.0002961547579616308,
                        495802.21875
                    ],
                    [
                        3149400.0,
                        4.661144339479506e-05,
                        0.00029962105327285826,
                        505119.28125
                    ],
                    [
                        4999944.0,
                        4.466465179575607e-05,
                        0.00029777659801766276,
                        484590.125
                    ],
                    [
                        5011528.0,
                        4.247795732226223e-05,
                        0.0002728095860220492,
                        482498.96875
                    ],
                    [
                        5127368.0,
                        4.047168113174848e-05,
                        0.0002930021146312356,
                        492467.5625
                    ],
                    [
                        5149088.0,
                        3.862225275952369e-05,
                        0.0005929499748162925,
                        510973.59375
                    ],
                    [
                        3434656.0,
                        3.7198835343588144e-05,
                        0.00017766767996363342,
                        518040.0625
                    ],
                    [
                        4734960.0,
                        3.594371446524747e-05,
                        0.00018339134112466127,
                        483570.8125
                    ],
                    [
                        4713240.0,
                        3.459137587924488e-05,
                        0.00019205290300305933,
                        485131.46875
                    ],
                    [
                        5099856.0,
                        3.3291154977632686e-05,
                        0.0002024973655352369,
                        498759.9375
                    ],
                    [
                        5243208.0,
                        3.2021918741520494e-05,
                        0.0002613598189782351,
                        496721.28125
                    ]
                ]
            ],
            "actions": [
                [
                    [
                        0.5
                    ],
                    [
                        0.5
                    ],
                    [
                        0.5
                    ],
                    [
                        0.5
                    ],
                    [
                        0.5
                    ],
                    [
                        0.5
                    ],
                    [
                        0.5
                    ],
                    [
                        0.5
                    ],
                    [
                        0.5
                    ],
                    [
                        0.5
                    ],
                    [
                        0.5
                    ],
                    [
                        0.5
                    ],
                    [
                        0.5
                    ],
                    [
                        0.5
                    ],
                    [
                        0.5
                    ],
                    [
                        0.5
                    ],
                    [
                        0.5
                    ],
                    [
                        0.5
                    ],
                    [
                        0.5
                    ],
                    [
                        0.5
                    ]
                ]
            ],
            "returns": [
                [
                    [
                        0.4691389203071594
                    ],
                    [
                        0.4682103097438812
                    ],
                    [
                        0.46728071570396423
                    ],
                    [
                        0.46634411811828613
                    ],
                    [
                        0.4654170870780945
                    ],
                    [
                        0.46454569697380066
                    ],
                    [
                        0.46362757682800293
                    ],
                    [
                        0.4627124071121216
                    ],
                    [
                        0.46178606152534485
                    ],
                    [
                        0.46086394786834717
                    ],
                    [
                        0.4599442183971405
                    ],
                    [
                        0.45905765891075134
                    ],
                    [
                        0.4581300914287567
                    ],
                    [
                        0.45720234513282776
                    ],
                    [
                        0.45627257227897644
                    ],
                    [
                        0.4553424119949341
                    ],
                    [
                        0.4544481337070465
                    ],
                    [
                        0.4535254240036011
                    ],
                    [
                        0.4526031017303467
                    ],
                    [
                        0.45167380571365356
                    ]
                ]
            ],
            "timesteps": [
                [
                    120,
                    121,
                    122,
                    123,
                    124,
                    125,
                    126,
                    127,
                    128,
                    129,
                    130,
                    131,
                    132,
                    133,
                    134,
                    135,
                    136,
                    137,
                    138,
                    139
                ]
            ],
            "labels": [
                [
                    1,
                    1,
                    1,
                    1,
                    1,
                    1,
                    1,
                    1,
                    1,
                    1,
                    1,
                    1,
                    1,
                    1,
                    1,
                    1,
                    1,
                    1,
                    1,
                    1
                ]
            ],
            "CPU Usage": 46.7,
            "RAM Usage": 55.1,
            "GPU Usage": 0.0,
            "VRAM Usage": 355.0,
            "Disk Read Speed (MB/s)": 206653.1826171875,
            "Disk Write Speed (MB/s)": 428618.9384765625
        },
        {
            "step": 2,
            "train_loss": 0.00035516111529432237,
            "actions_pred1": [
                [
                    [
                        0.426670640707016,
                        2.091238498687744,
                        6.018974304199219,
                        -4.744911193847656
                    ],
                    [
                        0.1481257677078247,
                        1.7621041536331177,
                        6.227446556091309,
                        -4.731029987335205
                    ],
                    [
                        -0.009333491325378418,
                        2.2482943534851074,
                        6.003635406494141,
                        -4.468994617462158
                    ],
                    [
                        -0.3011656403541565,
                        2.1904141902923584,
                        6.419472694396973,
                        -4.546328544616699
                    ],
                    [
                        -0.5660520792007446,
                        2.121706485748291,
                        6.442237377166748,
                        -4.633813858032227
                    ],
                    [
                        -0.32412591576576233,
                        2.2435054779052734,
                        6.683823108673096,
                        -4.801044940948486
                    ],
                    [
                        -0.3801582455635071,
                        2.3805394172668457,
                        6.934942245483398,
                        -4.929630279541016
                    ],
                    [
                        -0.6009499430656433,
                        2.1050736904144287,
                        7.110716819763184,
                        -5.149839878082275
                    ],
                    [
                        -0.24598506093025208,
                        1.8116321563720703,
                        6.939601421356201,
                        -5.270932197570801
                    ],
                    [
                        -0.12631836533546448,
                        1.8553669452667236,
                        6.743321418762207,
                        -5.248676300048828
                    ],
                    [
                        -0.18990224599838257,
                        1.8053643703460693,
                        6.791433811187744,
                        -5.2422614097595215
                    ],
                    [
                        -0.25784626603126526,
                        1.9453141689300537,
                        6.695630073547363,
                        -5.2274298667907715
                    ],
                    [
                        -0.16616284847259521,
                        1.9918681383132935,
                        6.824154853820801,
                        -5.264548301696777
                    ],
                    [
                        -0.24745672941207886,
                        1.759703516960144,
                        6.561543941497803,
                        -5.156758785247803
                    ],
                    [
                        -0.4544632136821747,
                        1.6010078191757202,
                        6.394510269165039,
                        -5.174797058105469
                    ],
                    [
                        -0.6327609419822693,
                        1.6717609167099,
                        6.436092376708984,
                        -5.118762969970703
                    ],
                    [
                        -0.6063743233680725,
                        1.6004256010055542,
                        6.48031759262085,
                        -5.165286540985107
                    ],
                    [
                        -0.6777629256248474,
                        1.5414214134216309,
                        6.505698204040527,
                        -5.128869533538818
                    ],
                    [
                        -0.8248018622398376,
                        1.765893578529358,
                        6.570503234863281,
                        -5.101961135864258
                    ],
                    [
                        -0.7653635144233704,
                        1.8262120485305786,
                        6.4986162185668945,
                        -5.251722812652588
                    ]
                ]
            ],
            "actions_pred": [
                [
                    [
                        0.426670640707016,
                        0.1481257677078247,
                        -0.009333491325378418,
                        -0.3011656403541565,
                        -0.5660520792007446,
                        -0.32412591576576233,
                        -0.3801582455635071,
                        -0.6009499430656433,
                        -0.24598506093025208,
                        -0.12631836533546448,
                        -0.18990224599838257,
                        -0.25784626603126526,
                        -0.16616284847259521,
