{
    "steps": [
        {
            "step": 0,
            "train_loss": 0.050582002848386765,
            "actions_pred1": [
                [
                    [
                        0.21958182752132416,
                        -0.22042277455329895,
                        0.5610989332199097,
                        0.1477271169424057
                    ],
                    [
                        0.10549956560134888,
                        0.016838237643241882,
                        0.755480170249939,
                        0.2376473844051361
                    ],
                    [
                        0.0174679234623909,
                        0.12913665175437927,
                        0.7266488671302795,
                        0.15566086769104004
                    ],
                    [
                        0.015092924237251282,
                        0.10345543175935745,
                        0.7598042488098145,
                        0.14883413910865784
                    ],
                    [
                        0.0619293749332428,
                        0.1607242226600647,
                        0.7794828414916992,
                        0.09574881196022034
                    ],
                    [
                        0.10999207198619843,
                        0.09051594883203506,
                        0.6796786189079285,
                        0.05948299169540405
                    ],
                    [
                        0.16639745235443115,
                        0.13845868408679962,
                        0.7549154162406921,
                        -0.02387133240699768
                    ],
                    [
                        0.17130962014198303,
                        0.09624559432268143,
                        0.698797345161438,
                        0.010600805282592773
                    ],
                    [
                        0.048937126994132996,
                        0.02517462521791458,
                        0.787298321723938,
                        -0.050144731998443604
                    ],
                    [
                        0.05258103460073471,
                        0.11344756931066513,
                        0.8481866717338562,
                        -0.08413782715797424
                    ],
                    [
                        -0.07296611368656158,
                        -0.01802322268486023,
                        0.9254610538482666,
                        -0.23103195428848267
                    ],
                    [
                        -0.14954110980033875,
                        0.0075749680399894714,
                        0.7872635722160339,
                        -0.27758195996284485
                    ],
                    [
                        -0.12832026183605194,
                        0.05408608913421631,
                        0.7699362635612488,
                        -0.1795429289340973
                    ],
                    [
                        -0.07106481492519379,
                        0.10810580104589462,
                        0.8460168838500977,
                        -0.09486275911331177
                    ],
                    [
                        -0.21175259351730347,
                        -0.17585420608520508,
                        0.8220959901809692,
                        -0.2139187455177307
                    ],
                    [
                        -0.09031475335359573,
                        -0.1829840987920761,
                        0.7801921963691711,
                        -0.18931403756141663
                    ],
                    [
                        -0.10354085266590118,
                        -0.06724134087562561,
                        0.8194594979286194,
                        -0.22113773226737976
                    ],
                    [
                        -0.12080725282430649,
                        0.025625571608543396,
                        0.7397292852401733,
                        -0.10992547869682312
                    ],
                    [
                        -0.03810432553291321,
                        0.006311088800430298,
                        0.8393510580062866,
                        -0.14066597819328308
                    ],
                    [
                        -0.041835106909275055,
                        0.01896510273218155,
                        0.7981659770011902,
                        -0.14606636762619019
                    ]
                ]
            ],
            "actions_pred": [
                [
                    [
                        0.21958182752132416,
                        0.10549956560134888,
                        0.0174679234623909,
                        0.015092924237251282,
                        0.0619293749332428,
                        0.10999207198619843,
                        0.16639745235443115,
                        0.17130962014198303,
                        0.048937126994132996,
                        0.05258103460073471,
                        -0.07296611368656158,
                        -0.14954110980033875,
                        -0.12832026183605194,
                        -0.07106481492519379,
                        -0.21175259351730347,
                        -0.09031475335359573,
                        -0.10354085266590118,
                        -0.12080725282430649,
                        -0.03810432553291321,
                        -0.041835106909275055
                    ],
                    [
                        -0.22042277455329895,
                        0.016838237643241882,
                        0.12913665175437927,
                        0.10345543175935745,
                        0.1607242226600647,
                        0.09051594883203506,
                        0.13845868408679962,
                        0.09624559432268143,
                        0.02517462521791458,
                        0.11344756931066513,
                        -0.01802322268486023,
                        0.0075749680399894714,
                        0.05408608913421631,
                        0.10810580104589462,
                        -0.17585420608520508,
                        -0.1829840987920761,
                        -0.06724134087562561,
                        0.025625571608543396,
                        0.006311088800430298,
                        0.01896510273218155
                    ],
                    [
                        0.5610989332199097,
                        0.755480170249939,
                        0.7266488671302795,
                        0.7598042488098145,
                        0.7794828414916992,
                        0.6796786189079285,
                        0.7549154162406921,
                        0.698797345161438,
                        0.787298321723938,
                        0.8481866717338562,
                        0.9254610538482666,
                        0.7872635722160339,
                        0.7699362635612488,
                        0.8460168838500977,
                        0.8220959901809692,
                        0.7801921963691711,
                        0.8194594979286194,
                        0.7397292852401733,
                        0.8393510580062866,
                        0.7981659770011902
                    ],
                    [
                        0.1477271169424057,
                        0.2376473844051361,
                        0.15566086769104004,
                        0.14883413910865784,
                        0.09574881196022034,
                        0.05948299169540405,
                        -0.02387133240699768,
                        0.010600805282592773,
                        -0.050144731998443604,
                        -0.08413782715797424,
                        -0.23103195428848267,
                        -0.27758195996284485,
                        -0.1795429289340973,
                        -0.09486275911331177,
                        -0.2139187455177307,
                        -0.18931403756141663,
                        -0.22113773226737976,
                        -0.10992547869682312,
                        -0.14066597819328308,
                        -0.14606636762619019
                    ]
                ]
            ],
            "states": [
                [
                    [
                        6436360.0,
                        3.756791920750402e-05,
                        0.00023788119142409414,
                        525420.0
                    ],
                    [
                        5822408.0,
                        3.5673747333930805e-05,
                        0.0002484873402863741,
                        540076.8125
                    ],
                    [
                        6120696.0,
                        3.400527930352837e-05,
                        0.00025739934062585235,
                        546681.375
                    ],
                    [
                        6143632.0,
                        3.2446547265863046e-05,
                        0.00019004895875696093,
                        549135.1875
                    ],
                    [
                        6290344.0,
                        3.100591857219115e-05,
                        0.00022606240236200392,
                        515628.96875
                    ],
                    [
                        7225288.0,
                        2.9579521651612595e-05,
                        0.0002532026555854827,
                        501138.75
                    ],
                    [
                        5695216.0,
                        2.8330134227871895e-05,
                        0.0002667571825440973,
                        501280.09375
                    ],
                    [
                        6048296.0,
                        2.72848174063256e-05,
                        0.00026687141507864,
                        520591.84375
                    ],
                    [
                        5956840.0,
                        2.6292696929886006e-05,
                        0.0002529114135541022,
                        510954.5
                    ],
                    [
                        5511320.0,
                        2.5409783120267093e-05,
                        0.0002583715249784291,
                        498321.25
                    ],
                    [
                        7421000.0,
                        2.448467603244353e-05,
                        0.001365873496979475,
                        470548.53125
                    ],
                    [
                        6653560.0,
                        2.3549235265818425e-05,
                        0.0008239395683631301,
                        489404.40625
                    ],
                    [
                        5919424.0,
                        2.2772055672248825e-05,
                        0.0005388445570133626,
                        494672.6875
                    ],
                    [
                        6049744.0,
                        2.2078909751144238e-05,
                        0.0005018769879825413,
                        522203.84375
                    ],
                    [
                        5699328.0,
                        2.1438178009702824e-05,
                        0.0005396626074798405,
                        525676.375
                    ],
                    [
                        5907840.0,
                        2.084095285681542e-05,
                        0.00039070475031621754,
                        484434.71875
                    ],
                    [
                        7654128.0,
                        2.0184714230708778e-05,
                        0.00037147922557778656,
                        485244.75
                    ],
                    [
                        6171376.0,
                        1.9555423932615668e-05,
                        0.00035373689024709165,
                        520211.9375
                    ],
                    [
                        5359048.0,
                        1.9060054910369217e-05,
                        0.0003472233365755528,
                        514446.75
                    ],
                    [
                        5344568.0,
                        1.8622442439664155e-05,
                        0.00021890846255701035,
                        526664.75
                    ]
                ]
            ],
            "actions": [
                [
                    [
                        0.5
                    ],
                    [
                        0.5
                    ],
                    [
                        0.5
                    ],
                    [
                        0.5
                    ],
                    [
                        0.5
                    ],
                    [
                        0.5
                    ],
                    [
                        0.5
                    ],
                    [
                        0.5
                    ],
                    [
                        0.5
                    ],
                    [
                        0.5
                    ],
                    [
                        0.5
                    ],
                    [
                        0.5
                    ],
                    [
                        0.5
                    ],
                    [
                        0.5
                    ],
                    [
                        0.5
                    ],
                    [
                        0.5
                    ],
                    [
                        0.5
                    ],
                    [
                        0.5
                    ],
                    [
                        0.5
                    ],
                    [
                        0.5
                    ]
                ]
            ],
            "returns": [
                [
                    [
                        0.17125853896141052
                    ],
                    [
                        0.17030860483646393
                    ],
                    [
                        0.16936755180358887
                    ],
                    [
                        0.16842207312583923
                    ],
                    [
                        0.16747625172138214
                    ],
                    [
                        0.1665283590555191
                    ],
                    [
                        0.16556815803050995
                    ],
                    [
                        0.16462907195091248
                    ],
                    [
                        0.1636846512556076
                    ],
                    [
                        0.16274157166481018
                    ],
                    [
                        0.1618053913116455
                    ],
                    [
                        0.16084282100200653
                    ],
                    [
                        0.15988995134830475
                    ],
                    [
                        0.1589474231004715
                    ],
                    [
                        0.15800298750400543
                    ],
                    [
                        0.157063826918602
                    ],
                    [
                        0.15612147748470306
                    ],
                    [
                        0.1551561802625656
                    ],
                    [
                        0.15420997142791748
                    ],
                    [
                        0.153276264667511
                    ]
                ]
            ],
            "timesteps": [
                [
                    440,
                    441,
                    442,
                    443,
                    444,
                    445,
                    446,
                    447,
                    448,
                    449,
                    450,
                    451,
                    452,
                    453,
                    454,
                    455,
                    456,
                    457,
                    458,
                    459
                ]
            ],
            "labels": [
                [
                    1,
                    1,
                    1,
                    1,
                    1,
                    1,
                    1,
                    1,
                    1,
                    1,
                    1,
                    1,
                    1,
                    1,
                    1,
                    1,
                    1,
                    1,
                    1,
                    1
                ]
            ],
            "CPU Usage": 45.9,
            "RAM Usage": 55.3,
            "GPU Usage": 0.0,
            "VRAM Usage": 355.0,
            "Disk Read Speed (MB/s)": 206025.5986328125,
            "Disk Write Speed (MB/s)": 350038.7861328125
        },
        {
            "step": 1,
            "train_loss": 0.028237905353307724,
            "actions_pred1": [
                [
                    [
                        0.4727298319339752,
                        -0.14061880111694336,
                        0.571096658706665,
                        0.0008712410926818848
                    ],
                    [
                        0.19803856313228607,
                        -0.05488699674606323,
                        0.5455252528190613,
                        0.1378658413887024
                    ],
                    [
                        0.012528598308563232,
                        0.23287031054496765,
                        0.6648845672607422,
                        0.063113734126091
                    ],
                    [
                        0.007411085069179535,
                        0.14359848201274872,
                        0.7394677400588989,
                        0.1235697865486145
                    ],
                    [
                        -0.006930239498615265,
                        0.07898320257663727,
                        0.6778812408447266,
                        0.009932845830917358
                    ],
                    [
                        0.05471223592758179,
                        0.10531699657440186,
                        0.7248433828353882,
                        -0.0707937479019165
                    ],
                    [
                        -0.027189940214157104,
                        0.038143374025821686,
                        0.7983893156051636,
                        -0.06689190864562988
                    ],
                    [
                        -0.20437511801719666,
                        -0.07748603075742722,
                        0.7580946683883667,
                        -0.16869467496871948
                    ],
                    [
                        -0.08348045498132706,
                        -0.14044038951396942,
                        0.6906024813652039,
                        -0.13895121216773987
                    ],
                    [
                        -0.050524935126304626,
                        0.058550357818603516,
                        0.8770246505737305,
                        -0.12222932279109955
                    ],
                    [
                        -0.07276592403650284,
                        0.14034265279769897,
                        1.0137606859207153,
                        -0.049575433135032654
                    ],
                    [
                        0.10839581489562988,
                        0.16786909103393555,
                        0.8186928033828735,
                        -0.13975632190704346
                    ],
                    [
                        0.2502468228340149,
                        0.10183566063642502,
                        0.9127588272094727,
                        -0.22419172525405884
                    ],
                    [
                        0.13327424228191376,
                        0.02293548732995987,
                        0.6299388408660889,
                        -0.25595295429229736
                    ],
                    [
                        0.04061456769704819,
                        0.07918938249349594,
                        0.7423833608627319,
                        -0.18592306971549988
                    ],
                    [
                        0.15414392948150635,
                        -0.13275235891342163,
                        0.7326300740242004,
                        -0.1612006574869156
                    ],
                    [
                        0.15261253714561462,
                        0.012000158429145813,
                        0.7028133869171143,
                        -0.02033454179763794
                    ],
                    [
                        0.1293652355670929,
                        0.18844130635261536,
                        0.8022313714027405,
                        0.06586623191833496
                    ],
                    [
                        0.10232925415039062,
                        0.2569248676300049,
                        0.8365276455879211,
                        0.10684265196323395
                    ],
                    [
                        0.06886997818946838,
                        0.23083588480949402,
                        0.8210585713386536,
                        0.02954694628715515
                    ]
                ]
            ],
            "actions_pred": [
                [
                    [
                        0.4727298319339752,
                        0.19803856313228607,
                        0.012528598308563232,
                        0.007411085069179535,
                        -0.006930239498615265,
                        0.05471223592758179,
                        -0.027189940214157104,
                        -0.20437511801719666,
                        -0.08348045498132706,
                        -0.050524935126304626,
                        -0.07276592403650284,
                        0.10839581489562988,
                        0.2502468228340149,
                        0.13327424228191376,
                        0.04061456769704819,
                        0.15414392948150635,
                        0.15261253714561462,
                        0.1293652355670929,
                        0.10232925415039062,
                        0.06886997818946838
                    ],
                    [
                        -0.14061880111694336,
                        -0.05488699674606323,
                        0.23287031054496765,
                        0.14359848201274872,
                        0.07898320257663727,
                        0.10531699657440186,
                        0.038143374025821686,
                        -0.07748603075742722,
                        -0.14044038951396942,
                        0.058550357818603516,
                        0.14034265279769897,
                        0.16786909103393555,
                        0.10183566063642502,
                        0.02293548732995987,
                        0.07918938249349594,
                        -0.13275235891342163,
                        0.012000158429145813,
                        0.18844130635261536,
                        0.2569248676300049,
                        0.23083588480949402
                    ],
                    [
                        0.571096658706665,
                        0.5455252528190613,
                        0.6648845672607422,
                        0.7394677400588989,
                        0.6778812408447266,
                        0.7248433828353882,
                        0.7983893156051636,
                        0.7580946683883667,
                        0.6906024813652039,
                        0.8770246505737305,
                        1.0137606859207153,
                        0.8186928033828735,
                        0.9127588272094727,
                        0.6299388408660889,
                        0.7423833608627319,
                        0.7326300740242004,
                        0.7028133869171143,
                        0.8022313714027405,
                        0.8365276455879211,
                        0.8210585713386536
                    ],
                    [
                        0.0008712410926818848,
                        0.1378658413887024,
                        0.063113734126091,
                        0.1235697865486145,
                        0.009932845830917358,
                        -0.0707937479019165,
                        -0.06689190864562988,
                        -0.16869467496871948,
                        -0.13895121216773987,
                        -0.12222932279109955,
                        -0.049575433135032654,
                        -0.13975632190704346,
                        -0.22419172525405884,
                        -0.25595295429229736,
                        -0.18592306971549988,
                        -0.1612006574869156,
                        -0.02033454179763794,
                        0.06586623191833496,
                        0.10684265196323395,
                        0.02954694628715515
                    ]
                ]
            ],
            "states": [
                [
                    [
                        5305472.0,
                        8.719099241716322e-06,
                        0.00013201982073951513,
                        847637.0625
                    ],
                    [
                        5427104.0,
                        8.626127055322286e-06,
                        0.00013791865785606205,
                        798609.0
                    ],
                    [
                        5450272.0,
                        8.533900654583704e-06,
                        0.00014453318726737052,
                        879716.5
                    ],
                    [
                        5114336.0,
                        8.446181709587108e-06,
                        0.00014699026360176504,
                        849232.5625
                    ],
                    [
                        5466200.0,
                        8.360139872820582e-06,
                        0.00016071676509454846,
                        823946.3125
                    ],
                    [
                        5315608.0,
                        8.27424355520634e-06,
                        0.00016249381587840617,
                        854104.0625
                    ],
                    [
                        5602312.0,
                        8.189044820028357e-06,
                        0.0001488575799157843,
                        832423.8125
                    ],
                    [
                        5063656.0,
                        8.107467692752834e-06,
                        0.00016087492986116558,
                        837260.4375
                    ],
                    [
                        5243208.0,
                        8.030191565921996e-06,
                        0.00016716374375391752,
                        847603.1875
                    ],
                    [
                        5813720.0,
                        7.948916390887462e-06,
                        0.00019032474665436894,
                        855439.25
                    ],
                    [
                        5408280.0,
                        7.868069587857462e-06,
                        0.00018542619363870472,
                        819410.4375
                    ],
                    [
                        5082480.0,
                        7.7939621405676e-06,
                        0.000198170033399947,
                        886572.3125
                    ],
                    [
                        5553080.0,
                        7.720262146904133e-06,
                        0.0001916241308208555,
                        834980.5
                    ],
                    [
                        5222936.0,
                        7.646989615750499e-06,
                        0.0002063407882815227,
                        810099.0
                    ],
                    [
                        5267824.0,
                        7.57698762754444e-06,
                        0.00023895764024928212,
                        771615.4375
                    ],
                    [
                        5292440.0,
                        7.507794634875609e-06,
                        0.00025051896227523685,
                        873322.6875
                    ],
                    [
                        5603760.0,
                        7.437720341840759e-06,
                        0.0002676467993296683,
                        855312.0625
                    ],
                    [
                        5289312.0,
                        7.368956630671164e-06,
                        0.0002700872428249568,
                        823382.9375
                    ],
                    [
                        5275296.0,
                        7.303467100427952e-06,
                        0.0002660537720657885,
                        780031.4375
                    ],
                    [
                        5143296.0,
                        7.240012109832605e-06,
                        0.00026454709586687386,
                        808306.8125
                    ]
                ]
            ],
            "actions": [
                [
                    [
                        0.75
                    ],
                    [
                        0.75
                    ],
                    [
                        0.75
                    ],
                    [
                        0.75
                    ],
                    [
                        0.75
                    ],
                    [
                        0.75
                    ],
                    [
                        0.75
                    ],
                    [
                        0.75
                    ],
                    [
                        0.75
                    ],
                    [
                        0.75
                    ],
                    [
                        0.75
                    ],
                    [
                        0.75
                    ],
                    [
                        0.75
                    ],
                    [
                        0.75
                    ],
                    [
                        0.75
                    ],
                    [
                        0.75
                    ],
                    [
                        0.75
                    ],
                    [
                        0.75
                    ],
                    [
                        0.75
                    ],
                    [
                        0.75
                    ]
                ]
            ],
            "returns": [
                [
                    [
                        0.5055230259895325
                    ],
                    [
                        0.5045902132987976
                    ],
                    [
                        0.5036553740501404
                    ],
                    [
                        0.5027201771736145
                    ],
                    [
                        0.5017906427383423
                    ],
                    [
                        0.5008551478385925
                    ],
                    [
                        0.4999221861362457
                    ],
                    [
                        0.49898457527160645
                    ],
                    [
                        0.49805590510368347
                    ],
                    [
                        0.4971241354942322
                    ],
                    [
                        0.49618321657180786
                    ],
                    [
                        0.4952487051486969
                    ],
                    [
                        0.49431970715522766
                    ],
                    [
                        0.49338284134864807
                    ],
                    [
                        0.49245142936706543
                    ],
                    [
                        0.4915192425251007
                    ],
                    [
                        0.49058666825294495
                    ],
                    [
                        0.4896489977836609
                    ],
                    [
                        0.4887164533138275
                    ],
                    [
                        0.48778414726257324
                    ]
                ]
            ],
            "timesteps": [
                [
                    80,
                    81,
                    82,
                    83,
                    84,
                    85,
                    86,
                    87,
                    88,
                    89,
                    90,
                    91,
                    92,
                    93,
                    94,
                    95,
                    96,
                    97,
                    98,
                    99
                ]
            ],
            "labels": [
                [
                    2,
                    2,
                    2,
                    2,
                    2,
                    2,
                    2,
                    2,
                    2,
                    2,
                    2,
                    2,
                    2,
                    2,
                    2,
                    2,
                    2,
                    2,
                    2,
                    2
                ]
            ],
            "CPU Usage": 46.6,
            "RAM Usage": 55.4,
            "GPU Usage": 0.0,
            "VRAM Usage": 356.0,
            "Disk Read Speed (MB/s)": 206025.5986328125,
            "Disk Write Speed (MB/s)": 350038.8330078125
        },
        {
            "step": 2,
            "train_loss": 0.04792775958776474,
            "actions_pred1": [
                [
                    [
                        0.5218361020088196,
                        0.13191825151443481,
                        0.9280690550804138,
                        0.09057217836380005
                    ],
                    [
                        0.4323011040687561,
                        0.07827650755643845,
                        0.6707067489624023,
                        0.3896757960319519
                    ],
                    [
                        0.3984089493751526,
                        0.1731519103050232,
                        0.5543720126152039,
                        0.371987521648407
                    ],
                    [
                        0.3324633538722992,
                        0.1493784338235855,
                        0.5947960615158081,
                        0.24839350581169128
                    ],
                    [
                        0.30166488885879517,
                        0.11367180198431015,
                        0.6342995762825012,
                        -0.09691166877746582
                    ],
                    [
                        0.22001810371875763,
                        0.11271606385707855,
                        0.6795058846473694,
                        -0.03768448531627655
                    ],
                    [
                        0.13392561674118042,
                        0.046411916613578796,
                        0.7191357016563416,
                        -0.07959449291229248
                    ],
                    [
                        0.15461347997188568,
                        0.09926151484251022,
                        0.6511621475219727,
                        -0.10337913036346436
                    ],
                    [
                        0.16014982759952545,
                        0.15152788162231445,
                        0.6981602311134338,
                        -0.2285405993461609
                    ],
                    [
                        0.1185835599899292,
                        0.2926710247993469,
                        0.659365177154541,
                        -0.0613139271736145
                    ],
                    [
                        0.012829490005970001,
                        0.04822798818349838,
                        0.690601110458374,
                        -0.04239723086357117
                    ],
                    [
                        0.026173993945121765,
                        -0.007671907544136047,
                        0.6918461322784424,
                        -0.1498677134513855
                    ],
                    [
                        0.10232788324356079,
                        0.16804850101470947,
                        0.9515703916549683,
                        -0.07435998320579529
                    ],
                    [
                        0.10530872642993927,
                        0.12017584592103958,
                        0.832155704498291,
                        -0.02230021357536316
                    ],
                    [
                        0.03094598650932312,
                        0.12322766333818436,
                        0.8099079132080078,
                        -0.08898389339447021
                    ],
                    [
                        0.022682547569274902,
                        -0.1065315455198288,
                        1.0042415857315063,
                        -0.012683719396591187
                    ],
                    [
                        -0.03173162043094635,
                        -0.09770365804433823,
                        1.0648126602172852,
                        -0.11560893058776855
                    ],
                    [
                        0.028412900865077972,
                        0.06629958003759384,
                        0.8983399868011475,
                        -0.05794703960418701
                    ],
                    [
                        0.09058013558387756,
                        0.042677976191043854,
                        0.8415736556053162,
                        -0.11942064762115479
                    ],
                    [
                        0.0913410633802414,
                        0.16054567694664001,
                        0.7347390651702881,
                        -0.059861376881599426
                    ]
                ]
            ],
            "actions_pred": [
                [
                    [
                        0.5218361020088196,
                        0.4323011040687561,
                        0.3984089493751526,
                        0.3324633538722992,
                        0.30166488885879517,
