{
    "steps": [
        {
            "step": 0,
            "train_loss": 6.726618448738009e-05,
            "actions_pred1": [
                [
                    [
                        5.731983184814453,
                        0.7208178043365479,
                        0.0855347216129303,
                        -5.739109992980957
                    ],
                    [
                        6.215165138244629,
                        0.7904397249221802,
                        -0.13006386160850525,
                        -5.428436756134033
                    ],
                    [
                        6.767056465148926,
                        0.1892339289188385,
                        -0.022702708840370178,
                        -5.473656177520752
                    ],
                    [
                        7.425530910491943,
                        -0.3730756640434265,
                        -0.4539215862751007,
                        -5.611393928527832
                    ],
                    [
                        7.377552509307861,
                        -0.2561606168746948,
                        -0.627432644367218,
                        -5.768878936767578
                    ],
                    [
                        7.195587158203125,
                        -0.25598472356796265,
                        -0.9363721609115601,
                        -5.748807907104492
                    ],
                    [
                        7.061052322387695,
                        -0.05825614929199219,
                        -0.7746211290359497,
                        -5.636131286621094
                    ],
                    [
                        6.965872287750244,
                        -0.2506486773490906,
                        -0.8548528552055359,
                        -5.752674102783203
                    ],
                    [
                        7.113445281982422,
                        -0.07412204146385193,
                        -0.7270784378051758,
                        -5.793539524078369
                    ],
                    [
                        7.45183801651001,
                        -0.13027489185333252,
                        -0.5085093975067139,
                        -5.926322937011719
                    ],
                    [
                        6.955550193786621,
                        -0.5171399712562561,
                        -0.7441885471343994,
                        -5.904324531555176
                    ],
                    [
                        6.755967617034912,
                        -0.49851173162460327,
                        -0.6019472479820251,
                        -5.66908597946167
                    ],
                    [
                        6.872241497039795,
                        -0.3429793119430542,
                        -0.7500011324882507,
                        -5.546938896179199
                    ],
                    [
                        6.816187858581543,
                        -0.2709085941314697,
                        -0.8992352485656738,
                        -5.667804718017578
                    ],
                    [
                        7.058887481689453,
                        -0.2562854588031769,
                        -0.9810469746589661,
                        -5.6607866287231445
                    ],
                    [
                        6.748103141784668,
                        -0.27204111218452454,
                        -0.9667893648147583,
                        -5.726558208465576
                    ],
                    [
                        6.333393096923828,
                        -0.2502537667751312,
                        -0.7428854703903198,
                        -5.609281539916992
                    ],
                    [
                        6.277782440185547,
                        -0.1653309315443039,
                        -0.5765784978866577,
                        -5.53463888168335
                    ],
                    [
                        6.322629928588867,
                        -0.016861088573932648,
                        -0.5931448936462402,
                        -5.625313758850098
                    ],
                    [
                        6.431113243103027,
                        -0.15764343738555908,
                        -0.3366888165473938,
                        -5.708641052246094
                    ]
                ]
            ],
            "actions_pred": [
                [
                    [
                        5.731983184814453,
                        6.215165138244629,
                        6.767056465148926,
                        7.425530910491943,
                        7.377552509307861,
                        7.195587158203125,
                        7.061052322387695,
                        6.965872287750244,
                        7.113445281982422,
                        7.45183801651001,
                        6.955550193786621,
                        6.755967617034912,
                        6.872241497039795,
                        6.816187858581543,
                        7.058887481689453,
                        6.748103141784668,
                        6.333393096923828,
                        6.277782440185547,
                        6.322629928588867,
                        6.431113243103027
                    ],
                    [
                        0.7208178043365479,
                        0.7904397249221802,
                        0.1892339289188385,
                        -0.3730756640434265,
                        -0.2561606168746948,
                        -0.25598472356796265,
                        -0.05825614929199219,
                        -0.2506486773490906,
                        -0.07412204146385193,
                        -0.13027489185333252,
                        -0.5171399712562561,
                        -0.49851173162460327,
                        -0.3429793119430542,
                        -0.2709085941314697,
                        -0.2562854588031769,
                        -0.27204111218452454,
                        -0.2502537667751312,
                        -0.1653309315443039,
                        -0.016861088573932648,
                        -0.15764343738555908
                    ],
                    [
                        0.0855347216129303,
                        -0.13006386160850525,
                        -0.022702708840370178,
                        -0.4539215862751007,
                        -0.627432644367218,
                        -0.9363721609115601,
                        -0.7746211290359497,
                        -0.8548528552055359,
                        -0.7270784378051758,
                        -0.5085093975067139,
                        -0.7441885471343994,
                        -0.6019472479820251,
                        -0.7500011324882507,
                        -0.8992352485656738,
                        -0.9810469746589661,
                        -0.9667893648147583,
                        -0.7428854703903198,
                        -0.5765784978866577,
                        -0.5931448936462402,
                        -0.3366888165473938
                    ],
                    [
                        -5.739109992980957,
                        -5.428436756134033,
                        -5.473656177520752,
                        -5.611393928527832,
                        -5.768878936767578,
                        -5.748807907104492,
                        -5.636131286621094,
                        -5.752674102783203,
                        -5.793539524078369,
                        -5.926322937011719,
                        -5.904324531555176,
                        -5.66908597946167,
                        -5.546938896179199,
                        -5.667804718017578,
                        -5.6607866287231445,
                        -5.726558208465576,
                        -5.609281539916992,
                        -5.53463888168335,
                        -5.625313758850098,
                        -5.708641052246094
                    ]
                ]
            ],
            "states": [
                [
                    [
                        492320.0,
                        0.00014767394168302417,
                        0.018082506954669952,
                        363027.84375
                    ],
                    [
                        506800.0,
                        0.00014520809054374695,
                        0.01018515508621931,
                        441748.1875
                    ],
                    [
                        501008.0,
                        0.00014280257164500654,
                        0.009355437941849232,
                        481891.75
                    ],
                    [
                        543000.0,
                        0.00014039389498066157,
                        0.008023547939956188,
                        309271.0625
                    ],
                    [
                        571960.0,
                        0.00013790946104563773,
                        0.007616695482283831,
                        326690.1875
                    ],
                    [
                        626984.0,
                        0.00013533451419789344,
                        0.00705355079844594,
                        304830.28125
                    ],
                    [
                        582096.0,
                        0.00013283209409564734,
                        0.006484133191406727,
                        283344.0
                    ],
                    [
                        638568.0,
                        0.00013039908662904054,
                        0.005326922982931137,
                        341204.21875
                    ],
                    [
                        584992.0,
                        0.00012804687139578164,
                        0.005689277779310942,
                        350770.6875
                    ],
                    [
                        631328.0,
                        0.00012579229951370507,
                        0.0069713592529296875,
                        304207.3125
                    ],
                    [
                        438744.0,
                        0.00012387130118440837,
                        0.005918858107179403,
                        445445.40625
                    ],
                    [
                        682008.0,
                        0.00012192520807730034,
                        0.005743528250604868,
                        443906.625
                    ],
                    [
                        894864.0,
                        0.00011928792810067534,
                        0.007119554560631514,
                        502220.71875
                    ],
                    [
                        799296.0,
                        0.00011657496361294761,
                        0.006755398586392403,
                        559882.4375
                    ],
                    [
                        1003464.0,
                        0.000113823996798601,
                        0.007165591698139906,
                        431313.21875
                    ],
                    [
                        990432.0,
                        0.00011092599743278697,
                        0.006897749379277229,
                        501689.5625
                    ],
                    [
                        1185912.0,
                        0.00010792924149427563,
                        0.00677958969026804,
                        421160.84375
                    ],
                    [
                        1324920.0,
                        0.00010466613457538188,
                        0.006738434080034494,
                        445300.59375
                    ],
                    [
                        1403112.0,
                        0.00010133643809240311,
                        0.008364989422261715,
                        440591.6875
                    ],
                    [
                        1637688.0,
                        9.786803275346756e-05,
                        0.005549952387809753,
                        381840.25
                    ]
                ]
            ],
            "actions": [
                [
                    [
                        0.25
                    ],
                    [
                        0.25
                    ],
                    [
                        0.25
                    ],
                    [
                        0.25
                    ],
                    [
                        0.25
                    ],
                    [
                        0.25
                    ],
                    [
                        0.25
                    ],
                    [
                        0.25
                    ],
                    [
                        0.25
                    ],
                    [
                        0.25
                    ],
                    [
                        0.25
                    ],
                    [
                        0.25
                    ],
                    [
                        0.25
                    ],
                    [
                        0.25
                    ],
                    [
                        0.25
                    ],
                    [
                        0.25
                    ],
                    [
                        0.25
                    ],
                    [
                        0.25
                    ],
                    [
                        0.25
                    ],
                    [
                        0.25
                    ]
                ]
            ],
            "returns": [
                [
                    [
                        0.06894823163747787
                    ],
                    [
                        0.06822619587182999
                    ],
                    [
                        0.06750158965587616
                    ],
                    [
                        0.06677800416946411
                    ],
                    [
                        0.06604728102684021
                    ],
                    [
                        0.06531195342540741
                    ],
                    [
                        0.06456847488880157
                    ],
                    [
                        0.06383159011602402
                    ],
                    [
                        0.06308649480342865
                    ],
                    [
                        0.062349170446395874
                    ],
                    [
                        0.06160508468747139
                    ],
                    [
                        0.060893263667821884
                    ],
                    [
                        0.060142334550619125
                    ],
                    [
                        0.05936732143163681
                    ],
                    [
                        0.05860232189297676
                    ],
                    [
                        0.05781715363264084
                    ],
                    [
                        0.05703314393758774
                    ],
                    [
                        0.05623316764831543
                    ],
                    [
                        0.05542336031794548
                    ],
                    [
                        0.05460847169160843
                    ]
                ]
            ],
            "timesteps": [
                [
                    560,
                    561,
                    562,
                    563,
                    564,
                    565,
                    566,
                    567,
                    568,
                    569,
                    570,
                    571,
                    572,
                    573,
                    574,
                    575,
                    576,
                    577,
                    578,
                    579
                ]
            ],
            "labels": [
                [
                    0,
                    0,
                    0,
                    0,
                    0,
                    0,
                    0,
                    0,
                    0,
                    0,
                    0,
                    0,
                    0,
                    0,
                    0,
                    0,
                    0,
                    0,
                    0,
                    0
                ]
            ],
            "CPU Usage": 46.1,
            "RAM Usage": 55.0,
            "GPU Usage": 0.0,
            "VRAM Usage": 356.0,
            "Disk Read Speed (MB/s)": 206669.4248046875,
            "Disk Write Speed (MB/s)": 442366.4345703125
        },
        {
            "step": 1,
            "train_loss": 0.004469548352062702,
            "actions_pred1": [
                [
                    [
                        1.6960300207138062,
                        3.9203574657440186,
                        1.0078606605529785,
                        -3.822279930114746
                    ],
                    [
                        3.0064821243286133,
                        4.789056777954102,
                        0.2306196391582489,
                        -4.171712398529053
                    ],
                    [
                        3.429795742034912,
                        4.639804840087891,
                        -0.5626219511032104,
                        -5.261780738830566
                    ],
                    [
                        4.009732723236084,
                        4.3780198097229,
                        -1.020942211151123,
                        -5.429361343383789
                    ],
                    [
                        4.480959892272949,
                        4.015561580657959,
                        -1.103183627128601,
                        -5.222929000854492
                    ],
                    [
                        4.685171604156494,
                        3.785440683364868,
                        -0.8837822675704956,
                        -5.240524768829346
                    ],
                    [
                        4.863407135009766,
                        3.272036075592041,
                        -0.7181411981582642,
                        -5.633937835693359
                    ],
                    [
                        5.012556552886963,
                        3.2677111625671387,
                        -0.3551546335220337,
                        -5.4961981773376465
                    ],
                    [
                        5.3740949630737305,
                        3.0251801013946533,
                        -0.419272780418396,
                        -5.455057144165039
                    ],
                    [
                        5.571963310241699,
                        2.789534568786621,
                        -0.45680421590805054,
                        -4.9691267013549805
                    ],
                    [
                        5.690997123718262,
                        2.8377327919006348,
                        -0.4800015091896057,
                        -5.374696731567383
                    ],
                    [
                        5.574361801147461,
                        2.710270643234253,
                        -0.050532639026641846,
                        -4.682701587677002
                    ],
                    [
                        5.7830352783203125,
                        2.802198648452759,
                        -0.053464531898498535,
                        -5.2725725173950195
                    ],
                    [
                        5.719583511352539,
                        2.728402853012085,
                        -0.053167253732681274,
                        -5.410961627960205
                    ],
                    [
                        5.925304412841797,
                        2.6339035034179688,
                        0.031929194927215576,
                        -5.251762866973877
                    ],
                    [
                        6.262269973754883,
                        2.895129442214966,
                        0.07871058583259583,
                        -5.186555862426758
                    ],
                    [
                        6.159117698669434,
                        2.584678888320923,
                        0.22282782196998596,
                        -5.176253318786621
                    ],
                    [
                        6.2107648849487305,
                        2.294222116470337,
                        0.30041390657424927,
                        -5.404415607452393
                    ],
                    [
                        6.112459182739258,
                        2.4392552375793457,
                        0.5254364013671875,
                        -5.313711166381836
                    ],
                    [
                        5.953542709350586,
                        2.335895538330078,
                        0.38254407048225403,
                        -5.195838451385498
                    ]
                ]
            ],
            "actions_pred": [
                [
                    [
                        1.6960300207138062,
                        3.0064821243286133,
                        3.429795742034912,
                        4.009732723236084,
                        4.480959892272949,
                        4.685171604156494,
                        4.863407135009766,
                        5.012556552886963,
                        5.3740949630737305,
                        5.571963310241699,
                        5.690997123718262,
                        5.574361801147461,
                        5.7830352783203125,
                        5.719583511352539,
                        5.925304412841797,
                        6.262269973754883,
                        6.159117698669434,
                        6.2107648849487305,
                        6.112459182739258,
                        5.953542709350586
                    ],
                    [
                        3.9203574657440186,
                        4.789056777954102,
                        4.639804840087891,
                        4.3780198097229,
                        4.015561580657959,
                        3.785440683364868,
                        3.272036075592041,
                        3.2677111625671387,
                        3.0251801013946533,
                        2.789534568786621,
                        2.8377327919006348,
                        2.710270643234253,
                        2.802198648452759,
                        2.728402853012085,
                        2.6339035034179688,
                        2.895129442214966,
                        2.584678888320923,
                        2.294222116470337,
                        2.4392552375793457,
                        2.335895538330078
                    ],
                    [
                        1.0078606605529785,
                        0.2306196391582489,
                        -0.5626219511032104,
                        -1.020942211151123,
                        -1.103183627128601,
                        -0.8837822675704956,
                        -0.7181411981582642,
                        -0.3551546335220337,
                        -0.419272780418396,
                        -0.45680421590805054,
                        -0.4800015091896057,
                        -0.050532639026641846,
                        -0.053464531898498535,
                        -0.053167253732681274,
                        0.031929194927215576,
                        0.07871058583259583,
                        0.22282782196998596,
                        0.30041390657424927,
                        0.5254364013671875,
                        0.38254407048225403
                    ],
                    [
                        -3.822279930114746,
                        -4.171712398529053,
                        -5.261780738830566,
                        -5.429361343383789,
                        -5.222929000854492,
                        -5.240524768829346,
                        -5.633937835693359,
                        -5.4961981773376465,
                        -5.455057144165039,
                        -4.9691267013549805,
                        -5.374696731567383,
                        -4.682701587677002,
                        -5.2725725173950195,
                        -5.410961627960205,
                        -5.251762866973877,
                        -5.186555862426758,
                        -5.176253318786621,
                        -5.404415607452393,
                        -5.313711166381836,
                        -5.195838451385498
                    ]
                ]
            ],
            "states": [
                [
                    [
                        4843560.0,
                        2.424415470159147e-05,
                        0.00033060877467505634,
                        578357.375
                    ],
                    [
                        5799240.0,
                        2.295832928211894e-05,
                        0.0031183171086013317,
                        515791.3125
                    ],
                    [
                        4623464.0,
                        2.2749398340238258e-05,
                        0.0025027666706591845,
                        635101.375
                    ],
                    [
                        4743648.0,
                        2.2564916434930637e-05,
                        0.0014389286516234279,
                        594770.9375
                    ],
                    [
                        2644227.0,
                        0.009791561402380466,
                        0.003044134471565485,
                        425038.1875
                    ],
                    [
                        9469920.0,
                        0.0006961323670111597,
                        0.00288664479739964,
                        440941.21875
                    ],
                    [
                        5718152.0,
                        0.00029342120978981256,
                        0.0027106136549264193,
                        528296.5625
                    ],
                    [
                        2943784.0,
                        0.00022529042325913906,
                        0.0027518118731677532,
                        461782.90625
                    ],
                    [
                        1387184.0,
                        0.0002022606786340475,
                        0.0026009255088865757,
                        650753.875
                    ],
                    [
                        490872.0,
                        0.00019373110262677073,
                        0.002423960482701659,
                        624566.0
                    ],
                    [
                        260640.0,
                        0.00019053270807489753,
                        0.002274049213156104,
                        567144.625
                    ],
                    [
                        201272.0,
                        0.00018862112483475357,
                        0.0023237415589392185,
                        604014.4375
                    ],
                    [
                        152040.0,
                        0.00018718479259405285,
                        0.0021793735213577747,
                        487596.375
                    ],
                    [
                        117288.0,
                        0.00018610460392665118,
                        0.002523052040487528,
                        579471.3125
                    ],
                    [
                        123080.0,
                        0.0001851513225119561,
                        0.002231767401099205,
                        401703.1875
                    ],
                    [
                        70952.0,
                        0.00018438858387526125,
                        0.0032643231097608805,
                        840606.75
                    ],
                    [
                        131768.0,
                        0.0001835990115068853,
                        0.0020812072325497866,
                        190522.296875
                    ],
                    [
                        144800.0,
                        0.00018253228336106986,
                        0.0015903349267318845,
                        318817.125
                    ],
                    [
                        173760.0,
                        0.0001813189737731591,
                        0.0016534600872546434,
                        316928.125
                    ],
                    [
                        181000.0,
                        0.0001799864403437823,
                        0.0014106292510405183,
                        219901.125
                    ]
                ]
            ],
            "actions": [
                [
                    [
                        0.5
                    ],
                    [
                        0.5
                    ],
                    [
                        0.5
                    ],
                    [
                        0.5
                    ],
                    [
                        0.25
                    ],
                    [
                        0.25
                    ],
                    [
                        0.25
                    ],
                    [
                        0.25
                    ],
                    [
                        0.25
                    ],
                    [
                        0.25
                    ],
                    [
                        0.25
                    ],
                    [
                        0.25
                    ],
                    [
                        0.25
                    ],
                    [
                        0.25
                    ],
                    [
                        0.25
                    ],
                    [
                        0.25
                    ],
                    [
                        0.25
                    ],
                    [
                        0.25
                    ],
                    [
                        0.25
                    ],
                    [
                        0.25
                    ]
                ]
            ],
            "returns": [
                [
                    [
                        0.09717193245887756
                    ],
                    [
                        0.09624720364809036
                    ],
                    [
                        0.09530650824308395
                    ],
                    [
                        0.09438589215278625
                    ],
                    [
                        0.09346301108598709
                    ],
                    [
                        0.09259194135665894
                    ],
                    [
                        0.09160776436328888
                    ],
                    [
                        0.09066831320524216
                    ],
                    [
                        0.08978772908449173
                    ],
                    [
                        0.08897385746240616
                    ],
                    [
                        0.08825208246707916
                    ],
                    [
                        0.0875864326953888
                    ],
                    [
                        0.08694369345903397
                    ],
                    [
                        0.08632583171129227
                    ],
                    [
                        0.08573097735643387
                    ],
                    [
                        0.08513184636831284
                    ],
                    [
                        0.08458154648542404
                    ],
                    [
                        0.0839763730764389
                    ],
                    [
                        0.08336283266544342
                    ],
                    [
                        0.08273313194513321
                    ]
                ]
            ],
            "timesteps": [
                [
                    520,
                    521,
                    522,
                    523,
                    524,
                    525,
                    526,
                    527,
                    528,
                    529,
                    530,
                    531,
                    532,
                    533,
                    534,
                    535,
                    536,
                    537,
                    538,
                    539
                ]
            ],
            "labels": [
                [
                    1,
                    1,
                    1,
                    1,
                    0,
                    0,
                    0,
                    0,
                    0,
                    0,
                    0,
                    0,
                    0,
                    0,
                    0,
                    0,
                    0,
                    0,
                    0,
                    0
                ]
            ],
            "CPU Usage": 46.7,
            "RAM Usage": 55.0,
            "GPU Usage": 0.0,
            "VRAM Usage": 356.0,
            "Disk Read Speed (MB/s)": 206669.4248046875,
            "Disk Write Speed (MB/s)": 442366.4814453125
        },
        {
            "step": 2,
            "train_loss": 0.00041339770541526377,
            "actions_pred1": [
                [
                    [
                        1.6264220476150513,
                        -0.5932061672210693,
                        4.277021408081055,
                        -5.221351146697998
                    ],
                    [
                        1.288187026977539,
                        -0.43609941005706787,
                        4.622436046600342,
                        -5.646115303039551
                    ],
                    [
                        1.2618614435195923,
                        -0.46966925263404846,
                        4.912750720977783,
                        -5.570960521697998
                    ],
                    [
                        1.3098475933074951,
                        -0.6668028831481934,
                        5.998274803161621,
                        -6.001402854919434
                    ],
                    [
                        0.9577692747116089,
                        -0.6540504097938538,
                        6.691816329956055,
                        -6.125576496124268
                    ],
                    [
                        0.8581545948982239,
                        -0.7339963912963867,
                        6.746848106384277,
                        -5.9351701736450195
                    ],
                    [
                        0.692042887210846,
                        -0.8713061809539795,
                        6.5774664878845215,
                        -6.095651626586914
                    ],
                    [
                        1.0308219194412231,
                        -0.0857275128364563,
                        6.700468063354492,
                        -6.0876336097717285
                    ],
                    [
                        1.479251742362976,
                        0.2784040570259094,
                        6.405652046203613,
                        -6.027314186096191
                    ],
                    [
                        1.5385679006576538,
                        -0.031310562044382095,
                        6.615879058837891,
                        -6.192831993103027
                    ],
                    [
                        1.56679368019104,
                        0.2068958729505539,
                        6.850926876068115,
                        -6.315223693847656
                    ],
                    [
                        1.746557354927063,
                        -0.011023640632629395,
                        6.639960289001465,
                        -6.393619537353516
                    ],
                    [
                        1.7937175035476685,
                        -0.301543653011322,
                        6.698278903961182,
                        -6.488919734954834
                    ],
                    [
                        1.9075415134429932,
                        -0.5028672814369202,
                        6.702528953552246,
                        -6.468723773956299
                    ],
                    [
                        1.9151191711425781,
                        -0.4945303201675415,
                        6.708858966827393,
                        -6.546832084655762
                    ],
                    [
                        1.7384819984436035,
                        -0.3610135018825531,
                        6.927658557891846,
                        -6.682236194610596
                    ],
                    [
                        1.798244833946228,
                        -0.4314333200454712,
                        6.80851936340332,
                        -6.546308994293213
                    ],
                    [
                        1.7234299182891846,
                        -0.4995369613170624,
                        6.593062400817871,
                        -6.4927215576171875
                    ],
                    [
                        1.4409761428833008,
                        -0.323339581489563,
                        6.673274993896484,
                        -6.556351661682129
                    ],
                    [
                        1.4149508476257324,
                        -0.3795500099658966,
                        6.735395431518555,
                        -6.5316314697265625
                    ]
                ]
            ],
            "actions_pred": [
                [
                    [
                        1.6264220476150513,
                        1.288187026977539,
                        1.2618614435195923,
                        1.3098475933074951,
                        0.9577692747116089,
                        0.8581545948982239,
                        0.692042887210846,
                        1.0308219194412231,
                        1.479251742362976,
                        1.5385679006576538,
                        1.56679368019104,
                        1.746557354927063,
                        1.7937175035476685,
