{
    "steps": [
        {
            "step": 0,
            "train_loss": 0.03056284785270691,
            "actions_pred1": [
                [
                    [
                        0.46912437677383423,
                        0.3924850821495056,
                        0.8078466653823853,
                        -0.8743691444396973
                    ],
                    [
                        0.45348209142684937,
                        0.5646494626998901,
                        0.7471729516983032,
                        -0.9008914828300476
                    ],
                    [
                        0.45255038142204285,
                        0.6933020353317261,
                        0.713152289390564,
                        -0.8822770118713379
                    ],
                    [
                        0.6191222071647644,
                        0.7518078088760376,
                        0.9437812566757202,
                        -0.9448498487472534
                    ],
                    [
                        0.5631279945373535,
                        0.777815580368042,
                        0.9832450151443481,
                        -1.0277223587036133
                    ],
                    [
                        0.2613431215286255,
                        0.5604338049888611,
                        0.9479151964187622,
                        -0.9895534515380859
                    ],
                    [
                        0.201419860124588,
                        0.5355865955352783,
                        0.8740566372871399,
                        -1.0556480884552002
                    ],
                    [
                        0.3539287745952606,
                        0.6182709336280823,
                        0.8134642243385315,
                        -1.001976490020752
                    ],
                    [
                        0.3628060221672058,
                        0.6270582675933838,
                        0.7630428671836853,
                        -1.134019374847412
                    ],
                    [
                        0.3505573272705078,
                        0.6436920166015625,
                        0.752291202545166,
                        -1.2981903553009033
                    ],
                    [
                        0.42820051312446594,
                        0.5443527698516846,
                        0.6383074522018433,
                        -1.2559621334075928
                    ],
                    [
                        0.3795756697654724,
                        0.6396383047103882,
                        0.8024903535842896,
                        -1.3062458038330078
                    ],
                    [
                        0.4138721525669098,
                        0.6223575472831726,
                        0.8645415902137756,
                        -1.2288999557495117
                    ],
                    [
                        0.47887539863586426,
                        0.5085223913192749,
                        0.8536824584007263,
                        -1.3848341703414917
                    ],
                    [
                        0.5336393713951111,
                        0.5225602984428406,
                        0.8031742572784424,
                        -1.3506851196289062
                    ],
                    [
                        0.4321868419647217,
                        0.6122493743896484,
                        0.7060057520866394,
                        -1.4152088165283203
                    ],
                    [
                        0.5026803612709045,
                        0.6513019800186157,
                        0.7740679979324341,
                        -1.2641263008117676
                    ],
                    [
                        0.4947286546230316,
                        0.6794816255569458,
                        0.8026606440544128,
                        -1.2989583015441895
                    ],
                    [
                        0.46549975872039795,
                        0.7051821351051331,
                        0.8005338311195374,
                        -1.3736233711242676
                    ],
                    [
                        0.4362295866012573,
                        0.722251832485199,
                        0.7885081768035889,
                        -1.3681471347808838
                    ]
                ]
            ],
            "actions_pred": [
                [
                    [
                        0.46912437677383423,
                        0.45348209142684937,
                        0.45255038142204285,
                        0.6191222071647644,
                        0.5631279945373535,
                        0.2613431215286255,
                        0.201419860124588,
                        0.3539287745952606,
                        0.3628060221672058,
                        0.3505573272705078,
                        0.42820051312446594,
                        0.3795756697654724,
                        0.4138721525669098,
                        0.47887539863586426,
                        0.5336393713951111,
                        0.4321868419647217,
                        0.5026803612709045,
                        0.4947286546230316,
                        0.46549975872039795,
                        0.4362295866012573
                    ],
                    [
                        0.3924850821495056,
                        0.5646494626998901,
                        0.6933020353317261,
                        0.7518078088760376,
                        0.777815580368042,
                        0.5604338049888611,
                        0.5355865955352783,
                        0.6182709336280823,
                        0.6270582675933838,
                        0.6436920166015625,
                        0.5443527698516846,
                        0.6396383047103882,
                        0.6223575472831726,
                        0.5085223913192749,
                        0.5225602984428406,
                        0.6122493743896484,
                        0.6513019800186157,
                        0.6794816255569458,
                        0.7051821351051331,
                        0.722251832485199
                    ],
                    [
                        0.8078466653823853,
                        0.7471729516983032,
                        0.713152289390564,
                        0.9437812566757202,
                        0.9832450151443481,
                        0.9479151964187622,
                        0.8740566372871399,
                        0.8134642243385315,
                        0.7630428671836853,
                        0.752291202545166,
                        0.6383074522018433,
                        0.8024903535842896,
                        0.8645415902137756,
                        0.8536824584007263,
                        0.8031742572784424,
                        0.7060057520866394,
                        0.7740679979324341,
                        0.8026606440544128,
                        0.8005338311195374,
                        0.7885081768035889
                    ],
                    [
                        -0.8743691444396973,
                        -0.9008914828300476,
                        -0.8822770118713379,
                        -0.9448498487472534,
                        -1.0277223587036133,
                        -0.9895534515380859,
                        -1.0556480884552002,
                        -1.001976490020752,
                        -1.134019374847412,
                        -1.2981903553009033,
                        -1.2559621334075928,
                        -1.3062458038330078,
                        -1.2288999557495117,
                        -1.3848341703414917,
                        -1.3506851196289062,
                        -1.4152088165283203,
                        -1.2641263008117676,
                        -1.2989583015441895,
                        -1.3736233711242676,
                        -1.3681471347808838
                    ]
                ]
            ],
            "states": [
                [
                    [
                        5583488.0,
                        1.565206184750423e-05,
                        0.00026454709586687386,
                        777972.9375
                    ],
                    [
                        4978224.0,
                        1.5359531971625984e-05,
                        0.0002797465131152421,
                        855686.3125
                    ],
                    [
                        5334432.0,
                        1.5084374354046304e-05,
                        0.00027696648612618446,
                        816815.875
                    ],
                    [
                        5159224.0,
                        1.4814246242167428e-05,
                        0.0002747685939539224,
                        799861.375
                    ],
                    [
                        5513984.0,
                        1.4549360457749572e-05,
                        0.000255326071055606,
                        807912.1875
                    ],
                    [
                        5082480.0,
                        1.4295442269940395e-05,
                        0.0002729953557718545,
                        779605.9375
                    ],
                    [
                        5376424.0,
                        1.4053456652618479e-05,
                        0.00026464968686923385,
                        853596.25
                    ],
                    [
                        5073792.0,
                        1.3819644664181396e-05,
                        0.000260901142610237,
                        865763.5
                    ],
                    [
                        5425656.0,
                        1.3592515642812941e-05,
                        0.00026091569452546537,
                        896600.0
                    ],
                    [
                        5301128.0,
                        1.3368029613047838e-05,
                        0.00027603365015238523,
                        844597.4375
                    ],
                    [
                        5346016.0,
                        1.3152442988939583e-05,
                        0.0002529293124098331,
                        839011.5
                    ],
                    [
                        5652992.0,
                        1.2936916391481645e-05,
                        0.0002769185812212527,
                        874385.5625
                    ],
                    [
                        5185288.0,
                        1.2731260540022049e-05,
                        0.0002480096882209182,
                        820181.0625
                    ],
                    [
                        5438688.0,
                        1.2536010217445437e-05,
                        0.00027678909827955067,
                        838090.6875
                    ],
                    [
                        5221488.0,
                        1.2345956747594755e-05,
                        0.0002834639744833112,
                        979366.25
                    ],
                    [
                        5306920.0,
                        1.2163849532953463e-05,
                        0.00027035834500566125,
                        858373.0
                    ],
                    [
                        5419864.0,
                        1.1983782314928249e-05,
                        0.0002671718248166144,
                        825702.5
                    ],
                    [
                        5708016.0,
                        1.1802524568338413e-05,
                        0.00027032653451897204,
                        851358.6875
                    ],
                    [
                        5637064.0,
                        1.1623262253124267e-05,
                        0.0002656110445968807,
                        872734.375
                    ],
                    [
                        5471992.0,
                        1.1452919352450408e-05,
                        0.0002651966060511768,
                        865487.25
                    ]
                ]
            ],
            "actions": [
                [
                    [
                        0.75
                    ],
                    [
                        0.75
                    ],
                    [
                        0.75
                    ],
                    [
                        0.75
                    ],
                    [
                        0.75
                    ],
                    [
                        0.75
                    ],
                    [
                        0.75
                    ],
                    [
                        0.75
                    ],
                    [
                        0.75
                    ],
                    [
                        0.75
                    ],
                    [
                        0.75
                    ],
                    [
                        0.75
                    ],
                    [
                        0.75
                    ],
                    [
                        0.75
                    ],
                    [
                        0.75
                    ],
                    [
                        0.75
                    ],
                    [
                        0.75
                    ],
                    [
                        0.75
                    ],
                    [
                        0.75
                    ],
                    [
                        0.75
                    ]
                ]
            ],
            "returns": [
                [
                    [
                        0.5428837537765503
                    ],
                    [
                        0.5419464111328125
                    ],
                    [
                        0.5410192608833313
                    ],
                    [
                        0.5400859713554382
                    ],
                    [
                        0.5391556620597839
                    ],
                    [
                        0.5382193922996521
                    ],
                    [
                        0.5372903943061829
                    ],
                    [
                        0.5363564491271973
                    ],
                    [
                        0.5354275703430176
                    ],
                    [
                        0.5344927906990051
                    ],
                    [
                        0.533560037612915
                    ],
                    [
                        0.5326265692710876
                    ],
                    [
                        0.5316881537437439
                    ],
                    [
                        0.5307573676109314
                    ],
                    [
                        0.5298223495483398
                    ],
                    [
                        0.5288909673690796
                    ],
                    [
                        0.5279580950737
                    ],
                    [
                        0.527023434638977
                    ],
                    [
                        0.5260841250419617
                    ],
                    [
                        0.525145947933197
                    ]
                ]
            ],
            "timesteps": [
                [
                    40,
                    41,
                    42,
                    43,
                    44,
                    45,
                    46,
                    47,
                    48,
                    49,
                    50,
                    51,
                    52,
                    53,
                    54,
                    55,
                    56,
                    57,
                    58,
                    59
                ]
            ],
            "labels": [
                [
                    2,
                    2,
                    2,
                    2,
                    2,
                    2,
                    2,
                    2,
                    2,
                    2,
                    2,
                    2,
                    2,
                    2,
                    2,
                    2,
                    2,
                    2,
                    2,
                    2
                ]
            ],
            "CPU Usage": 45.7,
            "RAM Usage": 55.1,
            "GPU Usage": 0.0,
            "VRAM Usage": 355.0,
            "Disk Read Speed (MB/s)": 206068.3251953125,
            "Disk Write Speed (MB/s)": 377648.0830078125
        },
        {
            "step": 1,
            "train_loss": 0.03040436841547489,
            "actions_pred1": [
                [
                    [
                        0.2976919710636139,
                        0.5115464925765991,
                        0.9613823294639587,
                        -0.6726529598236084
                    ],
                    [
                        0.2640222907066345,
                        0.4906582236289978,
                        0.9294579029083252,
                        -0.7042962312698364
                    ],
                    [
                        0.3335549533367157,
                        0.5200026631355286,
                        0.820908784866333,
                        -0.7738423347473145
                    ],
                    [
                        0.3619897961616516,
                        0.3817923069000244,
                        0.7199695110321045,
                        -0.9776803255081177
                    ],
                    [
                        0.508232593536377,
                        0.369474321603775,
                        0.7425460815429688,
                        -1.0517115592956543
                    ],
                    [
                        0.48437589406967163,
                        0.3498794436454773,
                        0.6822363138198853,
                        -0.984804630279541
                    ],
                    [
                        0.48471522331237793,
                        0.6019678115844727,
                        0.5705215334892273,
                        -0.917500376701355
                    ],
                    [
                        0.5136061310768127,
                        0.5754034519195557,
                        0.7103749513626099,
                        -0.8601370453834534
                    ],
                    [
                        0.5944212079048157,
                        0.6200340390205383,
                        0.7119281888008118,
                        -0.9797769784927368
                    ],
                    [
                        0.5083412528038025,
                        0.6001540422439575,
                        0.72728031873703,
                        -1.057171106338501
                    ],
                    [
                        0.4955263137817383,
                        0.5830421447753906,
                        0.7667629718780518,
                        -1.032292366027832
                    ],
                    [
                        0.43048784136772156,
                        0.5956069231033325,
                        0.7251735925674438,
                        -1.030598521232605
                    ],
                    [
                        0.5224549174308777,
                        0.5427032709121704,
                        0.8996925354003906,
                        -1.1198666095733643
                    ],
                    [
                        0.5046474933624268,
                        0.5817456245422363,
                        0.8887145519256592,
                        -1.0948020219802856
                    ],
                    [
                        0.46398207545280457,
                        0.6054700613021851,
                        0.792977511882782,
                        -1.1157877445220947
                    ],
                    [
                        0.3734411299228668,
                        0.624437689781189,
                        0.8890065550804138,
                        -1.196151614189148
                    ],
                    [
                        0.2430766075849533,
                        0.6477984189987183,
                        0.9095935821533203,
                        -1.1734694242477417
                    ],
                    [
                        0.4459165334701538,
                        0.7003464102745056,
                        0.8169422745704651,
                        -1.1398229598999023
                    ],
                    [
                        0.3771909475326538,
                        0.6562356948852539,
                        0.8492506742477417,
                        -1.112640380859375
                    ],
                    [
                        0.34676748514175415,
                        0.6095995306968689,
                        0.9378485679626465,
                        -1.091806173324585
                    ]
                ]
            ],
            "actions_pred": [
                [
                    [
                        0.2976919710636139,
                        0.2640222907066345,
                        0.3335549533367157,
                        0.3619897961616516,
                        0.508232593536377,
                        0.48437589406967163,
                        0.48471522331237793,
                        0.5136061310768127,
                        0.5944212079048157,
                        0.5083412528038025,
                        0.4955263137817383,
                        0.43048784136772156,
                        0.5224549174308777,
                        0.5046474933624268,
                        0.46398207545280457,
                        0.3734411299228668,
                        0.2430766075849533,
                        0.4459165334701538,
                        0.3771909475326538,
                        0.34676748514175415
                    ],
                    [
                        0.5115464925765991,
                        0.4906582236289978,
                        0.5200026631355286,
                        0.3817923069000244,
                        0.369474321603775,
                        0.3498794436454773,
                        0.6019678115844727,
                        0.5754034519195557,
                        0.6200340390205383,
                        0.6001540422439575,
                        0.5830421447753906,
                        0.5956069231033325,
                        0.5427032709121704,
                        0.5817456245422363,
                        0.6054700613021851,
                        0.624437689781189,
                        0.6477984189987183,
                        0.7003464102745056,
                        0.6562356948852539,
                        0.6095995306968689
                    ],
                    [
                        0.9613823294639587,
                        0.9294579029083252,
                        0.820908784866333,
                        0.7199695110321045,
                        0.7425460815429688,
                        0.6822363138198853,
                        0.5705215334892273,
                        0.7103749513626099,
                        0.7119281888008118,
                        0.72728031873703,
                        0.7667629718780518,
                        0.7251735925674438,
                        0.8996925354003906,
                        0.8887145519256592,
                        0.792977511882782,
                        0.8890065550804138,
                        0.9095935821533203,
                        0.8169422745704651,
                        0.8492506742477417,
                        0.9378485679626465
                    ],
                    [
                        -0.6726529598236084,
                        -0.7042962312698364,
                        -0.7738423347473145,
                        -0.9776803255081177,
                        -1.0517115592956543,
                        -0.984804630279541,
                        -0.917500376701355,
                        -0.8601370453834534,
                        -0.9797769784927368,
                        -1.057171106338501,
                        -1.032292366027832,
                        -1.030598521232605,
                        -1.1198666095733643,
                        -1.0948020219802856,
                        -1.1157877445220947,
                        -1.196151614189148,
                        -1.1734694242477417,
                        -1.1398229598999023,
                        -1.112640380859375,
                        -1.091806173324585
                    ]
                ]
            ],
            "states": [
                [
                    [
                        5451720.0,
                        5.395679545472376e-05,
                        0.00037329201586544514,
                        787492.0625
                    ],
                    [
                        5280856.0,
                        5.18798733537551e-05,
                        0.00029995679506100714,
                        814349.6875
                    ],
                    [
                        5398144.0,
                        4.996706411475316e-05,
                        0.0002722619683481753,
                        830635.1875
                    ],
                    [
                        5419864.0,
                        4.8167821660172194e-05,
                        0.0002737951872404665,
                        823458.5625
                    ],
                    [
                        5285200.0,
                        4.651026029023342e-05,
                        0.0002537628752179444,
                        847604.5625
                    ],
                    [
                        5632720.0,
                        4.493406231631525e-05,
                        0.0002845273702405393,
                        778198.5625
                    ],
                    [
                        4926096.0,
                        4.350659582996741e-05,
                        0.00027429292094893754,
                        769937.4375
                    ],
                    [
                        5379320.0,
                        4.219951370032504e-05,
                        0.0002784566895570606,
                        775819.3125
                    ],
                    [
                        5141848.0,
                        4.0942868508864194e-05,
                        0.00027366288122721016,
                        804782.8125
                    ],
                    [
                        5422760.0,
                        3.9754886529408395e-05,
                        0.0002617421268951148,
                        784755.125
                    ],
                    [
                        5163568.0,
                        3.8631129427812994e-05,
                        0.000270931632257998,
                        777998.8125
                    ],
                    [
                        5172256.0,
                        3.7593843444483355e-05,
                        0.00027350522577762604,
                        827638.0
                    ],
                    [
                        5228728.0,
                        3.6604818888008595e-05,
                        0.0002609447401482612,
                        836480.3125
                    ],
                    [
                        5215696.0,
                        3.566250597941689e-05,
                        0.0002695223083719611,
                        842399.5625
                    ],
                    [
                        5496608.0,
                        3.474534969427623e-05,
                        0.00026009109569713473,
                        814649.5
                    ],
                    [
                        5165016.0,
                        3.3877906389534473e-05,
                        0.0002577552804723382,
                        820590.75
                    ],
                    [
                        5712360.0,
                        3.3036900276783854e-05,
                        0.0002756010799203068,
                        835693.0625
                    ],
                    [
                        5086824.0,
                        3.224165993742645e-05,
                        0.0002540297864470631,
                        845564.6875
                    ],
                    [
                        5490816.0,
                        3.14996468659956e-05,
                        0.00027847016463056207,
                        824773.25
                    ],
                    [
                        5183840.0,
                        3.078411828028038e-05,
                        0.0002814441977534443,
                        810358.5625
                    ]
                ]
            ],
            "actions": [
                [
                    [
                        0.75
                    ],
                    [
                        0.75
                    ],
                    [
                        0.75
                    ],
                    [
                        0.75
                    ],
                    [
                        0.75
                    ],
                    [
                        0.75
                    ],
                    [
                        0.75
                    ],
                    [
                        0.75
                    ],
                    [
                        0.75
                    ],
                    [
                        0.75
                    ],
                    [
                        0.75
                    ],
                    [
                        0.75
                    ],
                    [
                        0.75
                    ],
                    [
                        0.75
                    ],
                    [
                        0.75
                    ],
                    [
                        0.75
                    ],
                    [
                        0.75
                    ],
                    [
                        0.75
                    ],
                    [
                        0.75
                    ],
                    [
                        0.75
                    ]
                ]
            ],
            "returns": [
                [
                    [
                        0.36055833101272583
                    ],
                    [
                        0.35962310433387756
                    ],
                    [
                        0.35869070887565613
                    ],
                    [
                        0.3577563464641571
                    ],
                    [
                        0.3568216562271118
                    ],
                    [
                        0.3558892011642456
                    ],
                    [
                        0.35495108366012573
                    ],
                    [
                        0.35402485728263855
                    ],
                    [
                        0.3530908226966858
                    ],
                    [
                        0.352160781621933
                    ],
                    [
                        0.3512260317802429
                    ],
                    [
                        0.35029563307762146
                    ],
                    [
                        0.34936508536338806
                    ],
                    [
                        0.34843355417251587
                    ],
                    [
                        0.3475022614002228
                    ],
                    [
                        0.3465663194656372
                    ],
                    [
                        0.34563589096069336
                    ],
                    [
                        0.3446965217590332
                    ],
                    [
                        0.3437674641609192
                    ],
                    [
                        0.3428316116333008
                    ]
                ]
            ],
            "timesteps": [
                [
                    240,
                    241,
                    242,
                    243,
                    244,
                    245,
                    246,
                    247,
                    248,
                    249,
                    250,
                    251,
                    252,
                    253,
                    254,
                    255,
                    256,
                    257,
                    258,
                    259
                ]
            ],
            "labels": [
                [
                    2,
                    2,
                    2,
                    2,
                    2,
                    2,
                    2,
                    2,
                    2,
                    2,
                    2,
                    2,
                    2,
                    2,
                    2,
                    2,
                    2,
                    2,
                    2,
                    2
                ]
            ],
            "CPU Usage": 46.7,
            "RAM Usage": 55.2,
            "GPU Usage": 0.0,
            "VRAM Usage": 355.0,
            "Disk Read Speed (MB/s)": 206068.3251953125,
            "Disk Write Speed (MB/s)": 377648.1806640625
        },
        {
            "step": 2,
            "train_loss": 0.03355371952056885,
            "actions_pred1": [
                [
                    [
                        0.7589764595031738,
                        0.5345410108566284,
                        0.6608689427375793,
                        -1.15543794631958
                    ],
                    [
                        0.5077987313270569,
                        0.6149013042449951,
                        0.6050758361816406,
                        -0.9813735485076904
                    ],
                    [
                        0.3443557620048523,
                        0.9324030876159668,
                        0.68763667345047,
                        -1.0568442344665527
                    ],
                    [
                        0.4035627841949463,
                        0.8683013319969177,
                        0.7707639336585999,
                        -1.0183957815170288
                    ],
                    [
                        0.40981554985046387,
                        0.8244373202323914,
                        0.7162954807281494,
                        -1.117612600326538
                    ],
                    [
                        0.5071927309036255,
                        0.8239321708679199,
                        0.7654275894165039,
                        -1.146418809890747
                    ],
                    [
                        0.41161808371543884,
                        0.7306277751922607,
                        0.8113077878952026,
                        -1.128684401512146
                    ],
                    [
                        0.23681777715682983,
                        0.6287584900856018,
                        0.7911779880523682,
                        -1.2559146881103516
                    ],
                    [
                        0.35976481437683105,
                        0.5462533235549927,
                        0.7171032428741455,
                        -1.2282447814941406
                    ],
                    [
                        0.38337576389312744,
                        0.7339264750480652,
                        0.8827161192893982,
                        -1.2047429084777832
                    ],
                    [
                        0.35747042298316956,
                        0.814773440361023,
                        0.9826385974884033,
                        -1.151812195777893
                    ],
                    [
                        0.5739712119102478,
                        0.8481937646865845,
                        0.8149287700653076,
                        -1.3003013134002686
                    ],
                    [
                        0.7228162288665771,
                        0.7938437461853027,
                        0.8808387517929077,
                        -1.383073091506958
                    ],
                    [
                        0.6121188402175903,
                        0.7378544807434082,
                        0.6238411664962769,
                        -1.415623426437378
                    ],
                    [
                        0.4936258792877197,
                        0.798574686050415,
                        0.7201182842254639,
                        -1.3318514823913574
                    ],
                    [
                        0.5294215679168701,
                        0.6024071574211121,
                        0.735823929309845,
                        -1.445489764213562
                    ],
                    [
                        0.5485328435897827,
                        0.74227374792099,
                        0.6473010778427124,
                        -1.2532881498336792
                    ],
                    [
                        0.5242397785186768,
                        0.9125257134437561,
                        0.7425671815872192,
                        -1.155148983001709
                    ],
                    [
                        0.4854692816734314,
                        0.9877209067344666,
                        0.7984679341316223,
                        -1.1282627582550049
                    ],
                    [
                        0.4469553232192993,
                        0.9532063007354736,
                        0.8037593960762024,
                        -1.1985678672790527
                    ]
                ]
            ],
            "actions_pred": [
                [
                    [
                        0.7589764595031738,
                        0.5077987313270569,
                        0.3443557620048523,
                        0.4035627841949463,
                        0.40981554985046387,
                        0.5071927309036255,
                        0.41161808371543884,
                        0.23681777715682983,
                        0.35976481437683105,
                        0.38337576389312744,
                        0.35747042298316956,
                        0.5739712119102478,
