{
    "steps": [
        {
            "step": 0,
            "train_loss": 9.421098366146907e-05,
            "actions_pred1": [
                [
                    [
                        0.8478050231933594,
                        5.119155406951904,
                        -0.7243714332580566,
                        -4.926811695098877
                    ],
                    [
                        0.48410937190055847,
                        6.107789039611816,
                        -1.6530842781066895,
                        -4.062314033508301
                    ],
                    [
                        0.346793532371521,
                        6.358708381652832,
                        -1.5365874767303467,
                        -3.482140302658081
                    ],
                    [
                        0.3019181489944458,
                        6.571051597595215,
                        -1.6802635192871094,
                        -3.4456915855407715
                    ],
                    [
                        0.2608099579811096,
                        6.882793426513672,
                        -1.874950647354126,
                        -3.5589189529418945
                    ],
                    [
                        0.5787885189056396,
                        7.176803112030029,
                        -2.077544927597046,
                        -3.5669476985931396
                    ],
                    [
                        0.6274000406265259,
                        7.244702339172363,
                        -2.2097554206848145,
                        -4.094078540802002
                    ],
                    [
                        0.7263621687889099,
                        7.442032814025879,
                        -1.9589855670928955,
                        -4.18866491317749
                    ],
                    [
                        0.6957988142967224,
                        7.5766282081604,
                        -1.7956843376159668,
                        -4.13242244720459
                    ],
                    [
                        0.7382526397705078,
                        7.344058513641357,
                        -2.0239202976226807,
                        -4.275262832641602
                    ],
                    [
                        0.8583612442016602,
                        7.257748603820801,
                        -1.938858985900879,
                        -4.222170352935791
                    ],
                    [
                        0.8246995806694031,
                        7.131795883178711,
                        -1.8751531839370728,
                        -4.456506252288818
                    ],
                    [
                        1.0000488758087158,
                        7.171948432922363,
                        -1.85748291015625,
                        -4.528600215911865
                    ],
                    [
                        1.0044305324554443,
                        7.004220008850098,
                        -1.953022837638855,
                        -4.524084568023682
                    ],
                    [
                        0.9180396795272827,
                        6.9785051345825195,
                        -2.0473506450653076,
                        -4.310317039489746
                    ],
                    [
                        0.9466792345046997,
                        6.864864826202393,
                        -2.152724027633667,
                        -4.213222503662109
                    ],
                    [
                        0.8643844127655029,
                        6.846869945526123,
                        -2.2142887115478516,
                        -4.32275390625
                    ],
                    [
                        0.9177805781364441,
                        6.7966628074646,
                        -2.110814332962036,
                        -4.409984588623047
                    ],
                    [
                        0.8582997918128967,
                        6.722970008850098,
                        -1.8350011110305786,
                        -4.563955783843994
                    ],
                    [
                        0.9451964497566223,
                        6.625094413757324,
                        -1.8114371299743652,
                        -4.646158218383789
                    ]
                ]
            ],
            "actions_pred": [
                [
                    [
                        0.8478050231933594,
                        0.48410937190055847,
                        0.346793532371521,
                        0.3019181489944458,
                        0.2608099579811096,
                        0.5787885189056396,
                        0.6274000406265259,
                        0.7263621687889099,
                        0.6957988142967224,
                        0.7382526397705078,
                        0.8583612442016602,
                        0.8246995806694031,
                        1.0000488758087158,
                        1.0044305324554443,
                        0.9180396795272827,
                        0.9466792345046997,
                        0.8643844127655029,
                        0.9177805781364441,
                        0.8582997918128967,
                        0.9451964497566223
                    ],
                    [
                        5.119155406951904,
                        6.107789039611816,
                        6.358708381652832,
                        6.571051597595215,
                        6.882793426513672,
                        7.176803112030029,
                        7.244702339172363,
                        7.442032814025879,
                        7.5766282081604,
                        7.344058513641357,
                        7.257748603820801,
                        7.131795883178711,
                        7.171948432922363,
                        7.004220008850098,
                        6.9785051345825195,
                        6.864864826202393,
                        6.846869945526123,
                        6.7966628074646,
                        6.722970008850098,
                        6.625094413757324
                    ],
                    [
                        -0.7243714332580566,
                        -1.6530842781066895,
                        -1.5365874767303467,
                        -1.6802635192871094,
                        -1.874950647354126,
                        -2.077544927597046,
                        -2.2097554206848145,
                        -1.9589855670928955,
                        -1.7956843376159668,
                        -2.0239202976226807,
                        -1.938858985900879,
                        -1.8751531839370728,
                        -1.85748291015625,
                        -1.953022837638855,
                        -2.0473506450653076,
                        -2.152724027633667,
                        -2.2142887115478516,
                        -2.110814332962036,
                        -1.8350011110305786,
                        -1.8114371299743652
                    ],
                    [
                        -4.926811695098877,
                        -4.062314033508301,
                        -3.482140302658081,
                        -3.4456915855407715,
                        -3.5589189529418945,
                        -3.5669476985931396,
                        -4.094078540802002,
                        -4.18866491317749,
                        -4.13242244720459,
                        -4.275262832641602,
                        -4.222170352935791,
                        -4.456506252288818,
                        -4.528600215911865,
                        -4.524084568023682,
                        -4.310317039489746,
                        -4.213222503662109,
                        -4.32275390625,
                        -4.409984588623047,
                        -4.563955783843994,
                        -4.646158218383789
                    ]
                ]
            ],
            "states": [
                [
                    [
                        4791432.0,
                        3.087877848884091e-05,
                        0.00023075626813806593,
                        506720.5
                    ],
                    [
                        3692400.0,
                        2.9973596610943787e-05,
                        0.00032322804327122867,
                        492666.6875
                    ],
                    [
                        4952160.0,
                        2.9106702641001903e-05,
                        0.0002578554267529398,
                        491613.3125
                    ],
                    [
                        4808808.0,
                        2.818479697452858e-05,
                        0.00022438736050389707,
                        480345.5
                    ],
                    [
                        4978224.0,
                        2.7317544663674198e-05,
                        0.00038321700412780046,
                        500271.75
                    ],
                    [
                        5354704.0,
                        2.645807217049878e-05,
                        0.0004527103737927973,
                        496069.53125
                    ],
                    [
                        3554840.0,
                        2.5757775802048855e-05,
                        0.00029970589093863964,
                        504121.5
                    ],
                    [
                        5330088.0,
                        2.5097764591919258e-05,
                        0.00026218051789328456,
                        473636.59375
                    ],
                    [
                        7706256.0,
                        2.4188775569200516e-05,
                        0.0002925366861745715,
                        550715.1875
                    ],
                    [
                        7687432.0,
                        2.319453051313758e-05,
                        0.00028024095809087157,
                        523717.84375
                    ],
                    [
                        6233640.0,
                        1.9415590941207483e-05,
                        0.0001758198341121897,
                        575309.5
                    ],
                    [
                        6330656.0,
                        1.8885328245232813e-05,
                        0.00013516498438548297,
                        576038.875
                    ],
                    [
                        2227024.0,
                        1.8539429220254533e-05,
                        0.0001646996388444677,
                        615099.8125
                    ],
                    [
                        3611312.0,
                        1.8311515304958448e-05,
                        0.0001985474955290556,
                        642490.9375
                    ],
                    [
                        5732632.0,
                        1.795835305529181e-05,
                        0.0002949792833533138,
                        564533.125
                    ],
                    [
                        5175152.0,
                        1.7562215361976996e-05,
                        0.0007080274517647922,
                        561933.4375
                    ],
                    [
                        4907272.0,
                        1.721135777188465e-05,
                        0.0013480978086590767,
                        618870.0
                    ],
                    [
                        4346896.0,
                        1.6901381968636997e-05,
                        0.0014468225417658687,
                        555341.1875
                    ],
                    [
                        5007184.0,
                        1.6599440641584806e-05,
                        0.0019480990013107657,
                        605693.8125
                    ],
                    [
                        5735528.0,
                        1.6265725207631476e-05,
                        0.002926501678302884,
                        601773.625
                    ]
                ]
            ],
            "actions": [
                [
                    [
                        0.5
                    ],
                    [
                        0.5
                    ],
                    [
                        0.5
                    ],
                    [
                        0.5
                    ],
                    [
                        0.5
                    ],
                    [
                        0.5
                    ],
                    [
                        0.5
                    ],
                    [
                        0.5
                    ],
                    [
                        0.5
                    ],
                    [
                        0.5
                    ],
                    [
                        0.5
                    ],
                    [
                        0.5
                    ],
                    [
                        0.5
                    ],
                    [
                        0.5
                    ],
                    [
                        0.5
                    ],
                    [
                        0.5
                    ],
                    [
                        0.5
                    ],
                    [
                        0.5
                    ],
                    [
                        0.5
                    ],
                    [
                        0.5
                    ]
                ]
            ],
            "returns": [
                [
                    [
                        0.45074203610420227
                    ],
                    [
                        0.44981828331947327
                    ],
                    [
                        0.44891759753227234
                    ],
                    [
                        0.44799089431762695
                    ],
                    [
                        0.4470668137073517
                    ],
                    [
                        0.4461396336555481
                    ],
                    [
                        0.44520601630210876
                    ],
                    [
                        0.44430869817733765
                    ],
                    [
                        0.44337549805641174
                    ],
                    [
                        0.44240957498550415
                    ],
                    [
                        0.44144389033317566
                    ],
                    [
                        0.4404968023300171
                    ],
                    [
                        0.4395483136177063
                    ],
                    [
                        0.43869248032569885
                    ],
                    [
                        0.4377937614917755
                    ],
                    [
                        0.4368540942668915
                    ],
                    [
                        0.4359234869480133
                    ],
                    [
                        0.4349976181983948
                    ],
                    [
                        0.4340824484825134
                    ],
                    [
                        0.43315479159355164
                    ]
                ]
            ],
            "timesteps": [
                [
                    140,
                    141,
                    142,
                    143,
                    144,
                    145,
                    146,
                    147,
                    148,
                    149,
                    150,
                    151,
                    152,
                    153,
                    154,
                    155,
                    156,
                    157,
                    158,
                    159
                ]
            ],
            "labels": [
                [
                    1,
                    1,
                    1,
                    1,
                    1,
                    1,
                    1,
                    1,
                    1,
                    1,
                    1,
                    1,
                    1,
                    1,
                    1,
                    1,
                    1,
                    1,
                    1,
                    1
                ]
            ],
            "CPU Usage": 45.6,
            "RAM Usage": 55.0,
            "GPU Usage": 0.0,
            "VRAM Usage": 356.0,
            "Disk Read Speed (MB/s)": 206669.4248046875,
            "Disk Write Speed (MB/s)": 442654.5048828125
        },
        {
            "step": 1,
            "train_loss": 8.011580212041736e-05,
            "actions_pred1": [
                [
                    [
                        5.571582794189453,
                        0.5164191722869873,
                        1.192051649093628,
                        -3.1750738620758057
                    ],
                    [
                        6.1300482749938965,
                        0.5965874195098877,
                        0.7633252143859863,
                        -3.5084362030029297
                    ],
                    [
                        6.467157363891602,
                        0.3810829222202301,
                        -0.17925535142421722,
                        -4.402714729309082
                    ],
                    [
                        6.67240047454834,
                        0.3002179265022278,
                        -0.5012824535369873,
                        -4.875823974609375
                    ],
                    [
                        6.657931327819824,
                        0.6749078631401062,
                        -0.5545905828475952,
                        -5.121805191040039
                    ],
                    [
                        6.848710060119629,
                        0.35997313261032104,
                        -0.6619053483009338,
                        -5.524670600891113
                    ],
                    [
                        6.778192043304443,
                        -0.0951392650604248,
                        -0.29147058725357056,
                        -6.083131313323975
                    ],
                    [
                        6.707555294036865,
                        -0.2646423578262329,
                        -0.2751006782054901,
                        -6.459495544433594
                    ],
                    [
                        7.131558895111084,
                        0.026219099760055542,
                        -0.5529134273529053,
                        -6.148694038391113
                    ],
                    [
                        7.772756576538086,
                        0.09949056804180145,
                        -0.8636287450790405,
                        -5.983383655548096
                    ],
                    [
                        7.359246253967285,
                        0.039488837122917175,
                        -1.0035459995269775,
                        -5.9134368896484375
                    ],
                    [
                        7.053342819213867,
                        -0.16187836229801178,
                        -0.6640592217445374,
                        -5.9239373207092285
                    ],
                    [
                        7.028026580810547,
                        -0.22719089686870575,
                        -1.0159664154052734,
                        -5.711793899536133
                    ],
                    [
                        7.487268447875977,
                        -0.1902170181274414,
                        -1.3527452945709229,
                        -5.687986373901367
                    ],
                    [
                        7.959926128387451,
                        0.2189275175333023,
                        -1.1565649509429932,
                        -5.667753219604492
                    ],
                    [
                        7.89332389831543,
                        -0.0032229721546173096,
                        -1.1001062393188477,
                        -5.8737030029296875
                    ],
                    [
                        8.017149925231934,
                        -0.2348131239414215,
                        -1.0819909572601318,
                        -5.769389629364014
                    ],
                    [
                        7.792769432067871,
                        -0.2749102711677551,
                        -1.2167394161224365,
                        -6.151132106781006
                    ],
                    [
                        7.916572570800781,
                        -0.16844823956489563,
                        -1.321648359298706,
                        -6.342535018920898
                    ],
                    [
                        7.8191375732421875,
                        0.3632209897041321,
                        -1.3184897899627686,
                        -6.591024398803711
                    ]
                ]
            ],
            "actions_pred": [
                [
                    [
                        5.571582794189453,
                        6.1300482749938965,
                        6.467157363891602,
                        6.67240047454834,
                        6.657931327819824,
                        6.848710060119629,
                        6.778192043304443,
                        6.707555294036865,
                        7.131558895111084,
                        7.772756576538086,
                        7.359246253967285,
                        7.053342819213867,
                        7.028026580810547,
                        7.487268447875977,
                        7.959926128387451,
                        7.89332389831543,
                        8.017149925231934,
                        7.792769432067871,
                        7.916572570800781,
                        7.8191375732421875
                    ],
                    [
                        0.5164191722869873,
                        0.5965874195098877,
                        0.3810829222202301,
                        0.3002179265022278,
                        0.6749078631401062,
                        0.35997313261032104,
                        -0.0951392650604248,
                        -0.2646423578262329,
                        0.026219099760055542,
                        0.09949056804180145,
                        0.039488837122917175,
                        -0.16187836229801178,
                        -0.22719089686870575,
                        -0.1902170181274414,
                        0.2189275175333023,
                        -0.0032229721546173096,
                        -0.2348131239414215,
                        -0.2749102711677551,
                        -0.16844823956489563,
                        0.3632209897041321
                    ],
                    [
                        1.192051649093628,
                        0.7633252143859863,
                        -0.17925535142421722,
                        -0.5012824535369873,
                        -0.5545905828475952,
                        -0.6619053483009338,
                        -0.29147058725357056,
                        -0.2751006782054901,
                        -0.5529134273529053,
                        -0.8636287450790405,
                        -1.0035459995269775,
                        -0.6640592217445374,
                        -1.0159664154052734,
                        -1.3527452945709229,
                        -1.1565649509429932,
                        -1.1001062393188477,
                        -1.0819909572601318,
                        -1.2167394161224365,
                        -1.321648359298706,
                        -1.3184897899627686
                    ],
                    [
                        -3.1750738620758057,
                        -3.5084362030029297,
                        -4.402714729309082,
                        -4.875823974609375,
                        -5.121805191040039,
                        -5.524670600891113,
                        -6.083131313323975,
                        -6.459495544433594,
                        -6.148694038391113,
                        -5.983383655548096,
                        -5.9134368896484375,
                        -5.9239373207092285,
                        -5.711793899536133,
                        -5.687986373901367,
                        -5.667753219604492,
                        -5.8737030029296875,
                        -5.769389629364014,
                        -6.151132106781006,
                        -6.342535018920898,
                        -6.591024398803711
                    ]
                ]
            ],
            "states": [
                [
                    [
                        10490760.0,
                        0.00010820227180374786,
                        0.00015429843915626407,
                        444121.375
                    ],
                    [
                        10112832.0,
                        9.372556087328121e-05,
                        0.00014512072084471583,
                        443784.5
                    ],
                    [
                        10076632.0,
                        8.28753545647487e-05,
                        0.00015239186177495867,
                        427008.3125
                    ],
                    [
                        10218536.0,
                        7.424143404932693e-05,
                        0.00013630501052830368,
                        433225.1875
                    ],
                    [
                        10903440.0,
                        6.698495417367667e-05,
                        0.0001300903531955555,
                        434838.78125
                    ],
                    [
                        10177992.0,
                        6.102009865571745e-05,
                        0.0001368058001389727,
                        431759.375
                    ],
                    [
                        10500896.0,
                        5.612600944004953e-05,
                        0.00014432381431106478,
                        435333.53125
                    ],
                    [
                        10752848.0,
                        5.185119152883999e-05,
                        0.00014270890096668154,
                        438961.46875
                    ],
                    [
                        10833936.0,
                        4.812757106265053e-05,
                        0.00014136718527879566,
                        432069.78125
                    ],
                    [
                        10654384.0,
                        4.491618892643601e-05,
                        0.00013239651161711663,
                        433675.4375
                    ],
                    [
                        10524064.0,
                        4.214471118757501e-05,
                        0.00014063461276236922,
                        436827.0
                    ],
                    [
                        8511344.0,
                        3.9926697354530916e-05,
                        0.00013637621304951608,
                        473364.125
                    ],
                    [
                        10828144.0,
                        3.790804112213664e-05,
                        0.00013436605513561517,
                        430273.59375
                    ],
                    [
                        10288040.0,
                        3.5919863876188174e-05,
                        0.00013586058048531413,
                        455927.09375
                    ],
                    [
                        9009456.0,
                        3.427618867135607e-05,
                        0.00013340605073608458,
                        453153.21875
                    ],
                    [
                        10348856.0,
                        3.2774834835436195e-05,
                        0.0001376099098706618,
                        434225.03125
                    ],
                    [
                        10166408.0,
                        3.131924677290954e-05,
                        0.00017068465240299702,
                        438236.6875
                    ],
                    [
                        10539992.0,
                        2.9976108635310084e-05,
                        0.0001329061051364988,
                        436937.3125
                    ],
                    [
                        10836832.0,
                        2.8705166187137365e-05,
                        0.00013878877507522702,
                        435041.5
                    ],
                    [
                        10188128.0,
                        2.755545938271098e-05,
                        0.00015914233517833054,
                        427912.71875
                    ]
                ]
            ],
            "actions": [
                [
                    [
                        0.25
                    ],
                    [
                        0.25
                    ],
                    [
                        0.25
                    ],
                    [
                        0.25
                    ],
                    [
                        0.25
                    ],
                    [
                        0.25
                    ],
                    [
                        0.25
                    ],
                    [
                        0.25
                    ],
                    [
                        0.25
                    ],
                    [
                        0.25
                    ],
                    [
                        0.25
                    ],
                    [
                        0.25
                    ],
                    [
                        0.25
                    ],
                    [
                        0.25
                    ],
                    [
                        0.25
                    ],
                    [
                        0.25
                    ],
                    [
                        0.25
                    ],
                    [
                        0.25
                    ],
                    [
                        0.25
                    ],
                    [
                        0.25
                    ]
                ]
            ],
            "returns": [
                [
                    [
                        0.2865329086780548
                    ],
                    [
                        0.2855396568775177
                    ],
                    [
                        0.28454965353012085
                    ],
                    [
                        0.28355997800827026
                    ],
                    [
                        0.2825690507888794
                    ],
                    [
                        0.2815724015235901
                    ],
                    [
                        0.28058183193206787
                    ],
                    [
                        0.2795884907245636
                    ],
                    [
                        0.2785930335521698
                    ],
                    [
                        0.27759695053100586
                    ],
                    [
                        0.2766023278236389
                    ],
                    [
                        0.27560877799987793
                    ],
                    [
                        0.27463406324386597
                    ],
                    [
                        0.2736380100250244
                    ],
                    [
                        0.2726464867591858
                    ],
                    [
                        0.2716667354106903
                    ],
                    [
                        0.2706746757030487
                    ],
                    [
                        0.26968422532081604
                    ],
                    [
                        0.2686905562877655
                    ],
                    [
                        0.2676944136619568
                    ]
                ]
            ],
            "timesteps": [
                [
                    320,
                    321,
                    322,
                    323,
                    324,
                    325,
                    326,
                    327,
                    328,
                    329,
                    330,
                    331,
                    332,
                    333,
                    334,
                    335,
                    336,
                    337,
                    338,
                    339
                ]
            ],
            "labels": [
                [
                    0,
                    0,
                    0,
                    0,
                    0,
                    0,
                    0,
                    0,
                    0,
                    0,
                    0,
                    0,
                    0,
                    0,
                    0,
                    0,
                    0,
                    0,
                    0,
                    0
                ]
            ],
            "CPU Usage": 46.9,
            "RAM Usage": 55.1,
            "GPU Usage": 0.0,
            "VRAM Usage": 356.0,
            "Disk Read Speed (MB/s)": 206669.4248046875,
            "Disk Write Speed (MB/s)": 442654.7626953125
        },
        {
            "step": 2,
            "train_loss": 0.0003937189467251301,
            "actions_pred1": [
                [
                    [
                        4.675438404083252,
                        1.6756576299667358,
                        1.3850932121276855,
                        -4.90778923034668
                    ],
                    [
                        4.821757793426514,
                        1.2759289741516113,
                        0.8394826054573059,
                        -4.542356967926025
                    ],
                    [
                        5.275173664093018,
                        1.5665634870529175,
                        0.1372840404510498,
                        -3.9926986694335938
                    ],
                    [
                        5.50584602355957,
                        1.309685230255127,
                        0.005777567625045776,
                        -4.321369171142578
                    ],
                    [
                        5.960617542266846,
                        0.9196411371231079,
                        -0.006170153617858887,
                        -5.083946704864502
                    ],
                    [
                        6.132648944854736,
                        0.5429211258888245,
                        0.06433585286140442,
                        -5.050772666931152
                    ],
                    [
                        6.345111846923828,
                        0.3242654800415039,
                        -0.04608982801437378,
                        -5.424017429351807
                    ],
                    [
                        6.364417552947998,
                        0.4926483929157257,
                        0.10613176226615906,
                        -5.792645454406738
                    ],
                    [
                        6.790050506591797,
                        0.47241073846817017,
                        0.3259669840335846,
                        -6.135629653930664
                    ],
                    [
                        6.685431480407715,
                        0.7889021635055542,
                        0.21302035450935364,
                        -6.172461986541748
                    ],
                    [
                        6.575931549072266,
                        0.6993944644927979,
                        -0.06699228286743164,
                        -6.393662452697754
                    ],
                    [
                        6.555778980255127,
                        0.3034847676753998,
                        -0.0031074583530426025,
                        -6.032302379608154
                    ],
                    [
                        6.547433853149414,
                        0.5032585859298706,
                        0.22671854496002197,
                        -5.93829870223999
                    ],
                    [
                        6.549289703369141,
                        0.45773249864578247,
                        0.18307363986968994,
                        -5.79016637802124
                    ],
                    [
                        6.5492048263549805,
                        0.4527049660682678,
                        -0.00758969783782959,
                        -5.829767227172852
                    ],
                    [
                        6.399134635925293,
                        0.14914987981319427,
                        0.012029886245727539,
                        -5.970621109008789
                    ],
                    [
                        6.205531120300293,
                        0.08594726026058197,
                        0.2712613046169281,
                        -6.345867156982422
                    ],
                    [
                        6.265291213989258,
                        0.31136035919189453,
                        -0.0024542808532714844,
                        -6.166481018066406
                    ],
                    [
                        6.454701900482178,
                        0.5057177543640137,
                        0.12388640642166138,
                        -6.183374404907227
                    ],
                    [
                        6.44048547744751,
                        0.7909454107284546,
                        -0.1754375696182251,
                        -6.599238395690918
                    ]
                ]
            ],
            "actions_pred": [
                [
                    [
                        4.675438404083252,
                        4.821757793426514,
                        5.275173664093018,
                        5.50584602355957,
                        5.960617542266846,
                        6.132648944854736,
                        6.345111846923828,
                        6.364417552947998,
                        6.790050506591797,
                        6.685431480407715,
                        6.575931549072266,
                        6.555778980255127,
