{
    "steps": [
        {
            "step": 0,
            "train_loss": 0.05556789040565491,
            "actions_pred1": [
                [
                    [
                        0.7741453051567078,
                        2.958449125289917,
                        1.4173908233642578,
                        -4.439241886138916
                    ],
                    [
                        0.535118818283081,
                        3.208831787109375,
                        1.5158839225769043,
                        -4.266134738922119
                    ],
                    [
                        0.9467704892158508,
                        2.764850378036499,
                        1.4856454133987427,
                        -4.22951602935791
                    ],
                    [
                        1.2066620588302612,
                        2.7031967639923096,
                        1.223642110824585,
                        -4.612023830413818
                    ],
                    [
                        0.8253405690193176,
                        3.1479873657226562,
                        1.2373462915420532,
                        -5.018928527832031
                    ],
                    [
                        0.7102344036102295,
                        2.968492031097412,
                        1.6732728481292725,
                        -5.21116828918457
                    ],
                    [
                        1.0942474603652954,
                        3.4140870571136475,
                        1.7809302806854248,
                        -5.233328819274902
                    ],
                    [
                        1.4017119407653809,
                        3.3913044929504395,
                        1.9731515645980835,
                        -5.5597758293151855
                    ],
                    [
                        1.4043145179748535,
                        3.7043111324310303,
                        2.359994888305664,
                        -6.117591857910156
                    ],
                    [
                        1.2620818614959717,
                        3.9325733184814453,
                        2.5333027839660645,
                        -6.28299617767334
                    ],
                    [
                        1.2182130813598633,
                        3.796823263168335,
                        2.231384038925171,
                        -6.5893754959106445
                    ],
                    [
                        1.5159052610397339,
                        3.8441829681396484,
                        2.102341890335083,
                        -6.532492637634277
                    ],
                    [
                        1.3961448669433594,
                        3.696826934814453,
                        1.9380818605422974,
                        -6.650970458984375
                    ],
                    [
                        1.664250373840332,
                        3.2174673080444336,
                        2.05936861038208,
                        -6.698960781097412
                    ],
                    [
                        1.6117374897003174,
                        3.127063035964966,
                        1.8591965436935425,
                        -6.656214237213135
                    ],
                    [
                        1.3347389698028564,
                        3.245344400405884,
                        1.8248653411865234,
                        -6.49668025970459
                    ],
                    [
                        1.2531116008758545,
                        3.416781425476074,
                        2.0051746368408203,
                        -6.373712062835693
                    ],
                    [
                        1.2201507091522217,
                        3.5291900634765625,
                        2.1640982627868652,
                        -6.346537113189697
                    ],
                    [
                        1.0069873332977295,
                        3.655580759048462,
                        2.3438799381256104,
                        -6.520234107971191
                    ],
                    [
                        1.1549627780914307,
                        3.709547519683838,
                        2.1358678340911865,
                        -6.750103950500488
                    ]
                ]
            ],
            "actions_pred": [
                [
                    [
                        0.7741453051567078,
                        0.535118818283081,
                        0.9467704892158508,
                        1.2066620588302612,
                        0.8253405690193176,
                        0.7102344036102295,
                        1.0942474603652954,
                        1.4017119407653809,
                        1.4043145179748535,
                        1.2620818614959717,
                        1.2182130813598633,
                        1.5159052610397339,
                        1.3961448669433594,
                        1.664250373840332,
                        1.6117374897003174,
                        1.3347389698028564,
                        1.2531116008758545,
                        1.2201507091522217,
                        1.0069873332977295,
                        1.1549627780914307
                    ],
                    [
                        2.958449125289917,
                        3.208831787109375,
                        2.764850378036499,
                        2.7031967639923096,
                        3.1479873657226562,
                        2.968492031097412,
                        3.4140870571136475,
                        3.3913044929504395,
                        3.7043111324310303,
                        3.9325733184814453,
                        3.796823263168335,
                        3.8441829681396484,
                        3.696826934814453,
                        3.2174673080444336,
                        3.127063035964966,
                        3.245344400405884,
                        3.416781425476074,
                        3.5291900634765625,
                        3.655580759048462,
                        3.709547519683838
                    ],
                    [
                        1.4173908233642578,
                        1.5158839225769043,
                        1.4856454133987427,
                        1.223642110824585,
                        1.2373462915420532,
                        1.6732728481292725,
                        1.7809302806854248,
                        1.9731515645980835,
                        2.359994888305664,
                        2.5333027839660645,
                        2.231384038925171,
                        2.102341890335083,
                        1.9380818605422974,
                        2.05936861038208,
                        1.8591965436935425,
                        1.8248653411865234,
                        2.0051746368408203,
                        2.1640982627868652,
                        2.3438799381256104,
                        2.1358678340911865
                    ],
                    [
                        -4.439241886138916,
                        -4.266134738922119,
                        -4.22951602935791,
                        -4.612023830413818,
                        -5.018928527832031,
                        -5.21116828918457,
                        -5.233328819274902,
                        -5.5597758293151855,
                        -6.117591857910156,
                        -6.28299617767334,
                        -6.5893754959106445,
                        -6.532492637634277,
                        -6.650970458984375,
                        -6.698960781097412,
                        -6.656214237213135,
                        -6.49668025970459,
                        -6.373712062835693,
                        -6.346537113189697,
                        -6.520234107971191,
                        -6.750103950500488
                    ]
                ]
            ],
            "states": [
                [
                    [
                        5325744.0,
                        3.011092121596448e-05,
                        0.00027277067420072854,
                        851925.625
                    ],
                    [
                        5357600.0,
                        2.9456161428242922e-05,
                        0.00027305487310513854,
                        832487.0625
                    ],
                    [
                        5618240.0,
                        2.881258842535317e-05,
                        0.0002689558023121208,
                        866650.0
                    ],
                    [
                        5764488.0,
                        2.8174086764920503e-05,
                        0.0002797737834043801,
                        885137.0
                    ],
                    [
                        5370632.0,
                        2.7576063075684942e-05,
                        0.00025503398501314223,
                        827897.4375
                    ],
                    [
                        5432896.0,
                        2.7019848857889883e-05,
                        0.00027816780493594706,
                        880666.4375
                    ],
                    [
                        5364840.0,
                        2.6485795387998223e-05,
                        0.00026209698989987373,
                        834819.0
                    ],
                    [
                        5233072.0,
                        2.598174069134984e-05,
                        0.0002851165772881359,
                        880287.1875
                    ],
                    [
                        5114336.0,
                        2.5507837563054636e-05,
                        0.000267517170868814,
                        884475.5
                    ],
                    [
                        5458960.0,
                        2.504124859115109e-05,
                        0.00027258697082288563,
                        833080.1875
                    ],
                    [
                        5170808.0,
                        2.4588902306277305e-05,
                        0.00027191461413167417,
                        830618.8125
                    ],
                    [
                        5131712.0,
                        2.416586175968405e-05,
                        0.00027577357832342386,
                        795031.0
                    ],
                    [
                        5137504.0,
                        2.3758442694088444e-05,
                        0.00027702987426891923,
                        830415.5625
                    ],
                    [
                        5460408.0,
                        2.3352160496870056e-05,
                        0.0002779100905172527,
                        812805.0
                    ],
                    [
                        5332984.0,
                        2.2952330255066045e-05,
                        0.00026160795823670924,
                        784998.0
                    ],
                    [
                        5464752.0,
                        2.256591324112378e-05,
                        0.0002753763983491808,
                        843504.25
                    ],
                    [
                        5461856.0,
                        2.2187881768331863e-05,
                        0.0002731475979089737,
                        901654.0625
                    ],
                    [
                        5571904.0,
                        2.181875788664911e-05,
                        0.0002628508664201945,
                        880942.125
                    ],
                    [
                        5370632.0,
                        2.146460974472575e-05,
                        0.00026417680783197284,
                        856475.0625
                    ],
                    [
                        5508192.0,
                        2.1123838450876065e-05,
                        0.0002805523981805891,
                        865747.5
                    ]
                ]
            ],
            "actions": [
                [
                    [
                        0.75
                    ],
                    [
                        0.75
                    ],
                    [
                        0.75
                    ],
                    [
                        0.75
                    ],
                    [
                        0.75
                    ],
                    [
                        0.75
                    ],
                    [
                        0.75
                    ],
                    [
                        0.75
                    ],
                    [
                        0.75
                    ],
                    [
                        0.75
                    ],
                    [
                        0.75
                    ],
                    [
                        0.75
                    ],
                    [
                        0.75
                    ],
                    [
                        0.75
                    ],
                    [
                        0.75
                    ],
                    [
                        0.75
                    ],
                    [
                        0.75
                    ],
                    [
                        0.75
                    ],
                    [
                        0.75
                    ],
                    [
                        0.75
                    ]
                ]
            ],
            "returns": [
                [
                    [
                        0.34190085530281067
                    ],
                    [
                        0.34096771478652954
                    ],
                    [
                        0.34003403782844543
                    ],
                    [
                        0.3390961289405823
                    ],
                    [
                        0.33815598487854004
                    ],
                    [
                        0.33722206950187683
                    ],
                    [
                        0.33628717064857483
                    ],
                    [
                        0.33535337448120117
                    ],
                    [
                        0.3344217836856842
                    ],
                    [
                        0.3334922194480896
                    ],
                    [
                        0.33255690336227417
                    ],
                    [
                        0.33162635564804077
                    ],
                    [
                        0.3306964933872223
                    ],
                    [
                        0.32976654171943665
                    ],
                    [
                        0.32883119583129883
                    ],
                    [
                        0.32789793610572815
                    ],
                    [
                        0.32696250081062317
                    ],
                    [
                        0.3260270953178406
                    ],
                    [
                        0.3250899612903595
                    ],
                    [
                        0.3241560757160187
                    ]
                ]
            ],
            "timesteps": [
                [
                    260,
                    261,
                    262,
                    263,
                    264,
                    265,
                    266,
                    267,
                    268,
                    269,
                    270,
                    271,
                    272,
                    273,
                    274,
                    275,
                    276,
                    277,
                    278,
                    279
                ]
            ],
            "labels": [
                [
                    2,
                    2,
                    2,
                    2,
                    2,
                    2,
                    2,
                    2,
                    2,
                    2,
                    2,
                    2,
                    2,
                    2,
                    2,
                    2,
                    2,
                    2,
                    2,
                    2
                ]
            ],
            "CPU Usage": 45.8,
            "RAM Usage": 54.9,
            "GPU Usage": 0.0,
            "VRAM Usage": 355.0,
            "Disk Read Speed (MB/s)": 206645.8310546875,
            "Disk Write Speed (MB/s)": 414860.9384765625
        },
        {
            "step": 1,
            "train_loss": 0.041881587356328964,
            "actions_pred1": [
                [
                    [
                        0.7779861688613892,
                        2.690136432647705,
                        0.5845912098884583,
                        -3.838365077972412
                    ],
                    [
                        0.5405628681182861,
                        3.339357376098633,
                        0.4041334390640259,
                        -4.313784122467041
                    ],
                    [
                        0.516336977481842,
                        3.3759472370147705,
                        0.3473505675792694,
                        -4.804299354553223
                    ],
                    [
                        0.18881896138191223,
                        3.4378998279571533,
                        0.727441668510437,
                        -5.3227620124816895
                    ],
                    [
                        0.15802448987960815,
                        3.629230260848999,
                        0.922121524810791,
                        -5.71018123626709
                    ],
                    [
                        0.39035528898239136,
                        3.6272549629211426,
                        0.8008745312690735,
                        -5.910373210906982
                    ],
                    [
                        0.5122674703598022,
                        3.537264823913574,
                        0.8433831930160522,
                        -6.172188758850098
                    ],
                    [
                        0.6661597490310669,
                        3.4540650844573975,
                        1.1961071491241455,
                        -6.5847883224487305
                    ],
                    [
                        0.9031277894973755,
                        3.405515193939209,
                        1.196666955947876,
                        -6.592901229858398
                    ],
                    [
                        0.8794341087341309,
                        3.509438991546631,
                        1.4186406135559082,
                        -6.9949235916137695
                    ],
                    [
                        0.8496690988540649,
                        3.271354913711548,
                        1.442451000213623,
                        -6.840085029602051
                    ],
                    [
                        1.107577919960022,
                        3.2521300315856934,
                        1.5236172676086426,
                        -7.013814449310303
                    ],
                    [
                        1.2364119291305542,
                        3.338324785232544,
                        1.6159677505493164,
                        -6.993470668792725
                    ],
                    [
                        1.1092474460601807,
                        3.6297197341918945,
                        1.8520560264587402,
                        -7.241487503051758
                    ],
                    [
                        0.9922988414764404,
                        3.5462727546691895,
                        1.7874516248703003,
                        -7.309107780456543
                    ],
                    [
                        1.1040480136871338,
                        3.4387636184692383,
                        1.78769850730896,
                        -7.641341209411621
                    ],
                    [
                        0.875625729560852,
                        3.6229023933410645,
                        1.6939302682876587,
                        -7.946954727172852
                    ],
                    [
                        1.126003384590149,
                        3.7327747344970703,
                        1.6136571168899536,
                        -7.864213466644287
                    ],
                    [
                        1.1747725009918213,
                        3.810065269470215,
                        1.6178152561187744,
                        -7.8252058029174805
                    ],
                    [
                        1.304945707321167,
                        3.8932061195373535,
                        1.591475486755371,
                        -8.035290718078613
                    ]
                ]
            ],
            "actions_pred": [
                [
                    [
                        0.7779861688613892,
                        0.5405628681182861,
                        0.516336977481842,
                        0.18881896138191223,
                        0.15802448987960815,
                        0.39035528898239136,
                        0.5122674703598022,
                        0.6661597490310669,
                        0.9031277894973755,
                        0.8794341087341309,
                        0.8496690988540649,
                        1.107577919960022,
                        1.2364119291305542,
                        1.1092474460601807,
                        0.9922988414764404,
                        1.1040480136871338,
                        0.875625729560852,
                        1.126003384590149,
                        1.1747725009918213,
                        1.304945707321167
                    ],
                    [
                        2.690136432647705,
                        3.339357376098633,
                        3.3759472370147705,
                        3.4378998279571533,
                        3.629230260848999,
                        3.6272549629211426,
                        3.537264823913574,
                        3.4540650844573975,
                        3.405515193939209,
                        3.509438991546631,
                        3.271354913711548,
                        3.2521300315856934,
                        3.338324785232544,
                        3.6297197341918945,
                        3.5462727546691895,
                        3.4387636184692383,
                        3.6229023933410645,
                        3.7327747344970703,
                        3.810065269470215,
                        3.8932061195373535
                    ],
                    [
                        0.5845912098884583,
                        0.4041334390640259,
                        0.3473505675792694,
                        0.727441668510437,
                        0.922121524810791,
                        0.8008745312690735,
                        0.8433831930160522,
                        1.1961071491241455,
                        1.196666955947876,
                        1.4186406135559082,
                        1.442451000213623,
                        1.5236172676086426,
                        1.6159677505493164,
                        1.8520560264587402,
                        1.7874516248703003,
                        1.78769850730896,
                        1.6939302682876587,
                        1.6136571168899536,
                        1.6178152561187744,
                        1.591475486755371
                    ],
                    [
                        -3.838365077972412,
                        -4.313784122467041,
                        -4.804299354553223,
                        -5.3227620124816895,
                        -5.71018123626709,
                        -5.910373210906982,
                        -6.172188758850098,
                        -6.5847883224487305,
                        -6.592901229858398,
                        -6.9949235916137695,
                        -6.840085029602051,
                        -7.013814449310303,
                        -6.993470668792725,
                        -7.241487503051758,
                        -7.309107780456543,
                        -7.641341209411621,
                        -7.946954727172852,
                        -7.864213466644287,
                        -7.8252058029174805,
                        -8.035290718078613
                    ]
                ]
            ],
            "states": [
                [
                    [
                        5457512.0,
                        9.714517545944545e-06,
                        0.0004527103737927973,
                        552968.1875
                    ],
                    [
                        4474320.0,
                        9.607780157239176e-06,
                        0.00029970589093863964,
                        640429.75
                    ],
                    [
                        3226144.0,
                        9.52661685005296e-06,
                        0.00026218051789328456,
                        614909.3125
                    ],
                    [
                        4174584.0,
                        9.44995554164052e-06,
                        0.0002925366861745715,
                        607098.5
                    ],
                    [
                        4522104.0,
                        9.361412594444118e-06,
                        0.00028024095809087157,
                        568885.75
                    ],
                    [
                        2825048.0,
                        8.919517313188408e-06,
                        0.0001758198341121897,
                        690901.5625
                    ],
                    [
                        5196872.0,
                        8.846717719279695e-06,
                        0.00013516498438548297,
                        601105.3125
                    ],
                    [
                        7633856.0,
                        8.732715286896564e-06,
                        0.0001646996388444677,
                        547900.5625
                    ],
                    [
                        47963.0,
                        0.2136354148387909,
                        0.00027816780493594706,
                        871190.125
                    ],
                    [
                        608160.0,
                        0.027683094143867493,
                        0.00026209698989987373,
                        1030414.6875
                    ],
                    [
                        537208.0,
                        0.007899114862084389,
                        0.0002851165772881359,
                        949322.9375
                    ],
                    [
                        671872.0,
                        0.004755145870149136,
                        0.000267517170868814,
                        888587.6875
                    ],
                    [
                        858664.0,
                        0.003167606657370925,
                        0.00027258697082288563,
                        909664.5625
                    ],
                    [
                        877488.0,
                        0.0022909550461918116,
                        0.00027191461413167417,
                        989545.25
                    ],
                    [
                        1255416.0,
                        0.0017173178493976593,
                        0.00027577357832342386,
                        1043241.4375
                    ],
                    [
                        1436416.0,
                        0.0013016851153224707,
                        0.00027702987426891923,
                        939221.25
                    ],
                    [
                        1715880.0,
                        0.0010147599969059229,
                        0.0002779100905172527,
                        989890.625
                    ],
                    [
                        1867920.0,
                        0.0008108949987217784,
                        0.00026160795823670924,
                        1001348.25
                    ],
                    [
                        2189376.0,
                        0.0006609969423152506,
                        0.0002753763983491808,
                        969961.0625
                    ],
                    [
                        2552824.0,
                        0.000543545582331717,
                        0.0002731475979089737,
                        970656.1875
                    ]
                ]
            ],
            "actions": [
                [
                    [
                        0.5
                    ],
                    [
                        0.5
                    ],
                    [
                        0.5
                    ],
                    [
                        0.5
                    ],
                    [
                        0.5
                    ],
                    [
                        0.5
                    ],
                    [
                        0.5
                    ],
                    [
                        0.5
                    ],
                    [
                        0.75
                    ],
                    [
                        0.75
                    ],
                    [
                        0.75
                    ],
                    [
                        0.75
                    ],
                    [
                        0.75
                    ],
                    [
                        0.75
                    ],
                    [
                        0.75
                    ],
                    [
                        0.75
                    ],
                    [
                        0.75
                    ],
                    [
                        0.75
                    ],
                    [
                        0.75
                    ],
                    [
                        0.75
                    ]
                ]
            ],
            "returns": [
                [
                    [
                        0.39574772119522095
                    ],
                    [
                        0.3948124051094055
                    ],
                    [
                        0.3938947021961212
                    ],
                    [
                        0.39300599694252014
                    ],
                    [
                        0.3920944333076477
                    ],
                    [
                        0.3911758065223694
                    ],
                    [
                        0.39029887318611145
                    ],
                    [
                        0.38936787843704224
                    ],
                    [
                        0.3884028196334839
                    ],
                    [
                        0.38788723945617676
                    ],
                    [
                        0.3871464729309082
                    ],
                    [
                        0.3864167034626007
                    ],
                    [
                        0.385667085647583
                    ],
                    [
                        0.3848957419395447
                    ],
                    [
                        0.38412246108055115
                    ],
                    [
                        0.3833174407482147
                    ],
                    [
                        0.38250046968460083
                    ],
                    [
                        0.38166773319244385
                    ],
                    [
                        0.38082748651504517
                    ],
                    [
                        0.3799731433391571
                    ]
                ]
            ],
            "timesteps": [
                [
                    200,
                    201,
                    202,
                    203,
                    204,
                    205,
                    206,
                    207,
                    208,
                    209,
                    210,
                    211,
                    212,
                    213,
                    214,
                    215,
                    216,
                    217,
                    218,
                    219
                ]
            ],
            "labels": [
                [
                    1,
                    1,
                    1,
                    1,
                    1,
                    1,
                    1,
                    1,
                    2,
                    2,
                    2,
                    2,
                    2,
                    2,
                    2,
                    2,
                    2,
                    2,
                    2,
                    2
                ]
            ],
            "CPU Usage": 47.0,
            "RAM Usage": 55.1,
            "GPU Usage": 0.0,
            "VRAM Usage": 355.0,
            "Disk Read Speed (MB/s)": 206645.8310546875,
            "Disk Write Speed (MB/s)": 414860.9853515625
        },
        {
            "step": 2,
            "train_loss": 0.03905210644006729,
            "actions_pred1": [
                [
                    [
                        1.5997438430786133,
                        3.2234814167022705,
                        1.9258396625518799,
                        -4.470912933349609
                    ],
                    [
                        1.862518310546875,
                        2.646106481552124,
                        1.2282533645629883,
                        -4.23628568649292
                    ],
                    [
                        1.8625047206878662,
                        2.2573437690734863,
                        0.9278234839439392,
                        -4.598578453063965
                    ],
                    [
                        1.9946558475494385,
                        2.3609817028045654,
                        0.8008004426956177,
                        -5.062833786010742
                    ],
                    [
                        2.1671853065490723,
                        2.62837290763855,
                        0.7282335758209229,
                        -5.426304817199707
                    ],
                    [
                        2.10660457611084,
                        2.5267493724823,
                        0.8035002946853638,
                        -5.464787006378174
                    ],
                    [
                        2.2219362258911133,
                        2.8576042652130127,
                        0.6934272050857544,
                        -5.938013553619385
                    ],
                    [
                        2.214977979660034,
                        2.7690420150756836,
                        0.7009389996528625,
                        -6.180547714233398
                    ],
                    [
                        2.3455944061279297,
                        3.599224328994751,
                        0.9534971714019775,
                        -6.763808250427246
                    ],
                    [
                        2.5760955810546875,
                        3.5891127586364746,
                        0.899574875831604,
                        -6.834881782531738
                    ],
                    [
                        2.553331136703491,
                        3.392932653427124,
                        0.8083013296127319,
                        -6.811664581298828
                    ],
                    [
                        2.416858673095703,
                        3.3215107917785645,
                        0.8704047203063965,
                        -6.7099103927612305
                    ],
                    [
                        2.5754263401031494,
                        3.4575953483581543,
                        0.8388653993606567,
                        -6.89659309387207
                    ],
                    [
                        2.6751608848571777,
                        3.489103317260742,
                        1.1073596477508545,
                        -6.948688507080078
                    ],
                    [
                        2.743806838989258,
                        3.356684446334839,
                        1.0350914001464844,
                        -6.579710006713867
                    ],
                    [
                        2.6839404106140137,
                        3.3148183822631836,
                        0.8787531852722168,
                        -6.60288143157959
                    ],
                    [
                        2.71738600730896,
                        3.464860439300537,
                        0.7890440821647644,
                        -7.083730697631836
                    ],
                    [
                        2.645366668701172,
                        3.56242036819458,
                        0.7514749765396118,
                        -6.998025894165039
                    ],
                    [
                        2.7463502883911133,
                        3.7182912826538086,
                        0.7862976789474487,
                        -6.98188591003418
                    ],
                    [
                        2.685468912124634,
                        3.5709657669067383,
                        1.0208899974822998,
                        -7.066710472106934
                    ]
                ]
            ],
            "actions_pred": [
                [
                    [
                        1.5997438430786133,
                        1.862518310546875,
                        1.8625047206878662,
                        1.9946558475494385,
                        2.1671853065490723,
                        2.10660457611084,
                        2.2219362258911133,
                        2.214977979660034,
                        2.3455944061279297,
                        2.5760955810546875,
                        2.553331136703491,
                        2.416858673095703,
                        2.5754263401031494,
                        2.6751608848571777,
                        2.743806838989258,
                        2.6839404106140137,
                        2.71738600730896,
