{
    "steps": [
        {
            "step": 0,
            "train_loss": 0.04640106111764908,
            "actions_pred1": [
                [
                    [
                        0.56558758020401,
                        0.13566678762435913,
                        0.917349636554718,
                        0.05458366870880127
                    ],
                    [
                        0.47806316614151,
                        0.08059655129909515,
                        0.6588552594184875,
                        0.3524322509765625
                    ],
                    [
                        0.4446435570716858,
                        0.17649486660957336,
                        0.5435664057731628,
                        0.3342166244983673
                    ],
                    [
                        0.3800397515296936,
                        0.15256889164447784,
                        0.5835376381874084,
                        0.21106672286987305
                    ],
                    [
                        0.348283588886261,
                        0.11728217452764511,
                        0.6218118667602539,
                        -0.13437975943088531
                    ],
                    [
                        0.268216073513031,
                        0.11600692570209503,
                        0.6665293574333191,
                        -0.07587561011314392
                    ],
                    [
                        0.1824015974998474,
                        0.049568139016628265,
                        0.7059645652770996,
                        -0.11823728680610657
                    ],
                    [
                        0.20380960404872894,
                        0.10250158607959747,
                        0.6382268667221069,
                        -0.14221689105033875
                    ],
                    [
                        0.21121087670326233,
                        0.15419235825538635,
                        0.6851067543029785,
                        -0.26843297481536865
                    ],
                    [
                        0.1666286736726761,
                        0.2957553267478943,
                        0.6456336975097656,
                        -0.09858569502830505
                    ],
                    [
                        0.06158256530761719,
                        0.050987064838409424,
                        0.6767926812171936,
                        -0.07955315709114075
                    ],
                    [
                        0.07646159827709198,
                        -0.004868462681770325,
                        0.6789916753768921,
                        -0.18808844685554504
                    ],
                    [
                        0.15155355632305145,
                        0.17134511470794678,
                        0.9387866258621216,
                        -0.11201414465904236
                    ],
                    [
                        0.15588663518428802,
                        0.12335740774869919,
                        0.8182281255722046,
                        -0.060547441244125366
                    ],
                    [
                        0.08038394153118134,
                        0.1259709894657135,
                        0.7962521314620972,
                        -0.12710252404212952
                    ],
                    [
                        0.07057175040245056,
                        -0.1030070036649704,
                        0.9905768632888794,
                        -0.048599421977996826
                    ],
                    [
                        0.01573496311903,
                        -0.09453683346509933,
                        1.0515906810760498,
                        -0.1502360999584198
                    ],
                    [
                        0.07814734429121017,
                        0.06942539662122726,
                        0.8838549852371216,
                        -0.09399643540382385
                    ],
                    [
                        0.1407613754272461,
                        0.04583188146352768,
                        0.8278231024742126,
                        -0.15710628032684326
                    ],
                    [
                        0.1403633952140808,
                        0.16403546929359436,
                        0.7213883399963379,
                        -0.09751969575881958
                    ]
                ]
            ],
            "actions_pred": [
                [
                    [
                        0.56558758020401,
                        0.47806316614151,
                        0.4446435570716858,
                        0.3800397515296936,
                        0.348283588886261,
                        0.268216073513031,
                        0.1824015974998474,
                        0.20380960404872894,
                        0.21121087670326233,
                        0.1666286736726761,
                        0.06158256530761719,
                        0.07646159827709198,
                        0.15155355632305145,
                        0.15588663518428802,
                        0.08038394153118134,
                        0.07057175040245056,
                        0.01573496311903,
                        0.07814734429121017,
                        0.1407613754272461,
                        0.1403633952140808
                    ],
                    [
                        0.13566678762435913,
                        0.08059655129909515,
                        0.17649486660957336,
                        0.15256889164447784,
                        0.11728217452764511,
                        0.11600692570209503,
                        0.049568139016628265,
                        0.10250158607959747,
                        0.15419235825538635,
                        0.2957553267478943,
                        0.050987064838409424,
                        -0.004868462681770325,
                        0.17134511470794678,
                        0.12335740774869919,
                        0.1259709894657135,
                        -0.1030070036649704,
                        -0.09453683346509933,
                        0.06942539662122726,
                        0.04583188146352768,
                        0.16403546929359436
                    ],
                    [
                        0.917349636554718,
                        0.6588552594184875,
                        0.5435664057731628,
                        0.5835376381874084,
                        0.6218118667602539,
                        0.6665293574333191,
                        0.7059645652770996,
                        0.6382268667221069,
                        0.6851067543029785,
                        0.6456336975097656,
                        0.6767926812171936,
                        0.6789916753768921,
                        0.9387866258621216,
                        0.8182281255722046,
                        0.7962521314620972,
                        0.9905768632888794,
                        1.0515906810760498,
                        0.8838549852371216,
                        0.8278231024742126,
                        0.7213883399963379
                    ],
                    [
                        0.05458366870880127,
                        0.3524322509765625,
                        0.3342166244983673,
                        0.21106672286987305,
                        -0.13437975943088531,
                        -0.07587561011314392,
                        -0.11823728680610657,
                        -0.14221689105033875,
                        -0.26843297481536865,
                        -0.09858569502830505,
                        -0.07955315709114075,
                        -0.18808844685554504,
                        -0.11201414465904236,
                        -0.060547441244125366,
                        -0.12710252404212952,
                        -0.048599421977996826,
                        -0.1502360999584198,
                        -0.09399643540382385,
                        -0.15710628032684326,
                        -0.09751969575881958
                    ]
                ]
            ],
            "states": [
                [
                    [
                        195480.0,
                        0.00017859364743344486,
                        0.0014523763675242662,
                        455306.15625
                    ],
                    [
                        224440.0,
                        0.00017706550715956837,
                        0.0012122188927605748,
                        199210.375
                    ],
                    [
                        260640.0,
                        0.00017533254867885262,
                        0.0010567386634647846,
                        291813.4375
                    ],
                    [
                        231680.0,
                        0.00017360733181703836,
                        0.0010331012308597565,
                        619352.5625
                    ],
                    [
                        201272.0,
                        0.00017211795784533024,
                        0.0008577806875109673,
                        757621.5
                    ],
                    [
                        233128.0,
                        0.0001706496550468728,
                        0.002856994280591607,
                        402371.75
                    ],
                    [
                        238920.0,
                        0.00016908197721932083,
                        0.005327177233994007,
                        418626.09375
                    ],
                    [
                        185344.0,
                        0.00016769685316830873,
                        0.006734849885106087,
                        490648.125
                    ],
                    [
                        205616.0,
                        0.000166440979228355,
                        0.008968048729002476,
                        304516.78125
                    ],
                    [
                        195480.0,
                        0.00016517171752639115,
                        0.00019177634385414422,
                        553446.625
                    ],
                    [
                        202720.0,
                        0.00016393074474763125,
                        0.0001491233124397695,
                        853423.1875
                    ],
                    [
                        209960.0,
                        0.00016266417514998466,
                        0.0002625611668918282,
                        298799.9375
                    ],
                    [
                        209960.0,
                        0.0001613952626939863,
                        0.0004885925445705652,
                        376011.875
                    ],
                    [
                        144800.0,
                        0.00016033815336413682,
                        0.0010367168579250574,
                        94745.609375
                    ],
                    [
                        246160.0,
                        0.00015919026918709278,
                        0.0028569940477609634,
                        223245.734375
                    ],
                    [
                        253400.0,
                        0.000157746413606219,
                        0.005327177233994007,
                        267948.78125
                    ],
                    [
                        296840.0,
                        0.00015618640463799238,
                        0.006734849885106087,
                        291045.46875
                    ],
                    [
                        340280.0,
                        0.0001544181868666783,
                        0.008968048729002476,
                        376205.125
                    ],
                    [
                        405440.0,
                        0.0001523990067653358,
                        0.010990988463163376,
                        467932.84375
                    ],
                    [
                        463360.0,
                        0.0001501120423199609,
                        0.011323424987494946,
                        301846.5
                    ]
                ]
            ],
            "actions": [
                [
                    [
                        0.25
                    ],
                    [
                        0.25
                    ],
                    [
                        0.25
                    ],
                    [
                        0.25
                    ],
                    [
                        0.25
                    ],
                    [
                        0.25
                    ],
                    [
                        0.25
                    ],
                    [
                        0.25
                    ],
                    [
                        0.25
                    ],
                    [
                        0.25
                    ],
                    [
                        0.25
                    ],
                    [
                        0.25
                    ],
                    [
                        0.25
                    ],
                    [
                        0.25
                    ],
                    [
                        0.25
                    ],
                    [
                        0.25
                    ],
                    [
                        0.25
                    ],
                    [
                        0.25
                    ],
                    [
                        0.25
                    ],
                    [
                        0.25
                    ]
                ]
            ],
            "returns": [
                [
                    [
                        0.0820998102426529
                    ],
                    [
                        0.0814596638083458
                    ],
                    [
                        0.08080726861953735
                    ],
                    [
                        0.08014161884784698
                    ],
                    [
                        0.0794864147901535
                    ],
                    [
                        0.07884368300437927
                    ],
                    [
                        0.07818792015314102
                    ],
                    [
                        0.07752998173236847
                    ],
                    [
                        0.07689455896615982
                    ],
                    [
                        0.07624993473291397
                    ],
                    [
                        0.07560978829860687
                    ],
                    [
                        0.0749664157629013
                    ],
                    [
                        0.07431993633508682
                    ],
                    [
                        0.07367345690727234
                    ],
                    [
                        0.07305991649627686
                    ],
                    [
                        0.0723993331193924
                    ],
                    [
                        0.07173618674278259
                    ],
                    [
                        0.07105900347232819
                    ],
                    [
                        0.07036971300840378
                    ],
                    [
                        0.06966488808393478
                    ]
                ]
            ],
            "timesteps": [
                [
                    540,
                    541,
                    542,
                    543,
                    544,
                    545,
                    546,
                    547,
                    548,
                    549,
                    550,
                    551,
                    552,
                    553,
                    554,
                    555,
                    556,
                    557,
                    558,
                    559
                ]
            ],
            "labels": [
                [
                    0,
                    0,
                    0,
                    0,
                    0,
                    0,
                    0,
                    0,
                    0,
                    0,
                    0,
                    0,
                    0,
                    0,
                    0,
                    0,
                    0,
                    0,
                    0,
                    0
                ]
            ],
            "CPU Usage": 45.8,
            "RAM Usage": 55.2,
            "GPU Usage": 0.0,
            "VRAM Usage": 355.0,
            "Disk Read Speed (MB/s)": 206025.6064453125,
            "Disk Write Speed (MB/s)": 351469.4228515625
        },
        {
            "step": 1,
            "train_loss": 0.04069668799638748,
            "actions_pred1": [
                [
                    [
                        0.1693926751613617,
                        -0.008269205689430237,
                        0.6800791025161743,
                        0.14630748331546783
                    ],
                    [
                        0.15245439112186432,
                        0.05219147354364395,
                        0.7035929560661316,
                        0.07294300198554993
                    ],
                    [
                        0.07540640980005264,
                        0.09735109657049179,
                        0.7800950407981873,
                        -0.06645074486732483
                    ],
                    [
                        -0.024990759789943695,
                        0.10725598782300949,
                        0.7436684370040894,
                        -0.04783850908279419
                    ],
                    [
                        -0.05513792484998703,
                        0.2691664397716522,
                        0.6571900248527527,
                        -0.10868819057941437
                    ],
                    [
                        0.048155754804611206,
                        0.16917742788791656,
                        0.7128421068191528,
                        -0.042512908577919006
                    ],
                    [
                        0.16645529866218567,
                        0.2006700038909912,
                        0.6418957114219666,
                        0.035838693380355835
                    ],
                    [
                        -0.11999784409999847,
                        0.27309125661849976,
                        0.9146737456321716,
                        -0.008313953876495361
                    ],
                    [
                        -0.13780397176742554,
                        0.3519524931907654,
                        1.0010733604431152,
                        -0.0037202835083007812
                    ],
                    [
                        -0.23722779750823975,
                        0.29489511251449585,
                        1.0214797258377075,
                        -0.05412004888057709
                    ],
                    [
                        -0.2510042190551758,
                        0.29840344190597534,
                        1.0876940488815308,
                        -0.1604243516921997
                    ],
                    [
                        -0.05956777185201645,
                        0.16917738318443298,
                        0.9196968674659729,
                        -0.017552554607391357
                    ],
                    [
                        -0.0581202432513237,
                        0.1332930028438568,
                        0.9680896997451782,
                        -0.10099184513092041
                    ],
                    [
                        -0.11837182939052582,
                        0.05349831283092499,
                        0.9779219031333923,
                        -0.07549679279327393
                    ],
                    [
                        0.026364266872406006,
                        0.1308515965938568,
                        0.9301979541778564,
                        -0.06909739971160889
                    ],
                    [
                        0.03369773179292679,
                        0.08055903017520905,
                        0.7381446361541748,
                        0.0658295750617981
                    ],
                    [
                        0.08092957735061646,
                        0.14368349313735962,
                        0.7039880752563477,
                        0.09898495674133301
                    ],
                    [
                        0.10563287883996964,
                        0.13339070975780487,
                        0.6899887919425964,
                        0.05087399482727051
                    ],
                    [
                        0.23426374793052673,
                        0.12635785341262817,
                        0.7844020128250122,
                        -0.0028432905673980713
                    ],
                    [
                        0.08816874027252197,
                        0.21757829189300537,
                        0.7674140930175781,
                        0.024552494287490845
                    ]
                ]
            ],
            "actions_pred": [
                [
                    [
                        0.1693926751613617,
                        0.15245439112186432,
                        0.07540640980005264,
                        -0.024990759789943695,
                        -0.05513792484998703,
                        0.048155754804611206,
                        0.16645529866218567,
                        -0.11999784409999847,
                        -0.13780397176742554,
                        -0.23722779750823975,
                        -0.2510042190551758,
                        -0.05956777185201645,
                        -0.0581202432513237,
                        -0.11837182939052582,
                        0.026364266872406006,
                        0.03369773179292679,
                        0.08092957735061646,
                        0.10563287883996964,
                        0.23426374793052673,
                        0.08816874027252197
                    ],
                    [
                        -0.008269205689430237,
                        0.05219147354364395,
                        0.09735109657049179,
                        0.10725598782300949,
                        0.2691664397716522,
                        0.16917742788791656,
                        0.2006700038909912,
                        0.27309125661849976,
                        0.3519524931907654,
                        0.29489511251449585,
                        0.29840344190597534,
                        0.16917738318443298,
                        0.1332930028438568,
                        0.05349831283092499,
                        0.1308515965938568,
                        0.08055903017520905,
                        0.14368349313735962,
                        0.13339070975780487,
                        0.12635785341262817,
                        0.21757829189300537
                    ],
                    [
                        0.6800791025161743,
                        0.7035929560661316,
                        0.7800950407981873,
                        0.7436684370040894,
                        0.6571900248527527,
                        0.7128421068191528,
                        0.6418957114219666,
                        0.9146737456321716,
                        1.0010733604431152,
                        1.0214797258377075,
                        1.0876940488815308,
                        0.9196968674659729,
                        0.9680896997451782,
                        0.9779219031333923,
                        0.9301979541778564,
                        0.7381446361541748,
                        0.7039880752563477,
                        0.6899887919425964,
                        0.7844020128250122,
                        0.7674140930175781
                    ],
                    [
                        0.14630748331546783,
                        0.07294300198554993,
                        -0.06645074486732483,
                        -0.04783850908279419,
                        -0.10868819057941437,
                        -0.042512908577919006,
                        0.035838693380355835,
                        -0.008313953876495361,
                        -0.0037202835083007812,
                        -0.05412004888057709,
                        -0.1604243516921997,
                        -0.017552554607391357,
                        -0.10099184513092041,
                        -0.07549679279327393,
                        -0.06909739971160889,
                        0.0658295750617981,
                        0.09898495674133301,
                        0.05087399482727051,
                        -0.0028432905673980713,
                        0.024552494287490845
                    ]
                ]
            ],
            "states": [
                [
                    [
                        5847024.0,
                        7.17427474228316e-06,
                        0.0002797465131152421,
                        862261.25
                    ],
                    [
                        5130264.0,
                        7.109771104296669e-06,
                        0.00027696648612618446,
                        791462.9375
                    ],
                    [
                        5460408.0,
                        7.0486535150848795e-06,
                        0.0002747685939539224,
                        848104.9375
                    ],
                    [
                        5159224.0,
                        6.988396307860967e-06,
                        0.000255326071055606,
                        826896.4375
                    ],
                    [
                        5280856.0,
                        6.9301599978643935e-06,
                        0.0002729953557718545,
                        850071.375
                    ],
                    [
                        5415520.0,
                        6.871501227578847e-06,
                        0.00026464968686923385,
                        894284.875
                    ],
                    [
                        5138952.0,
                        6.81457140672137e-06,
                        0.000260901142610237,
                        824406.5
                    ],
                    [
                        5364840.0,
                        6.758851213817252e-06,
                        0.00026091569452546537,
                        837380.25
                    ],
                    [
                        8605643.0,
                        0.0036125751212239265,
                        0.0002766261750366539,
                        462352.0625
                    ],
                    [
                        10015816.0,
                        0.00033437556703574955,
                        0.00026207882910966873,
                        482968.0625
                    ],
                    [
                        7806168.0,
                        0.00019468956452328712,
                        0.00027697221958078444,
                        473153.5
                    ],
                    [
                        6004856.0,
                        0.00014804340025875717,
                        0.00037561735371127725,
                        563905.9375
                    ],
                    [
                        3835752.0,
                        0.00012653775047510862,
                        0.000348972505889833,
                        546822.625
                    ],
                    [
                        693592.0,
                        0.00011859468213515356,
                        0.000344088242854923,
                        536207.0
                    ],
                    [
                        1136680.0,
                        0.00011570940841920674,
                        0.00030916635296307504,
                        532932.75
                    ],
                    [
                        755856.0,
                        0.0001128598305513151,
                        0.00029186115716584027,
                        668301.125
                    ],
                    [
                        573408.0,
                        0.00011094257206423208,
                        0.00031188191496767104,
                        741689.6875
                    ],
                    [
                        432952.0,
                        0.0001095341140171513,
                        0.0003927450452465564,
                        678985.1875
                    ],
                    [
                        1216320.0,
                        0.00010730996291385964,
                        0.00034627493005245924,
                        618105.1875
                    ],
                    [
                        4131144.0,
                        0.00010072957229567692,
                        0.00028098482289351523,
                        571491.4375
                    ]
                ]
            ],
            "actions": [
                [
                    [
                        0.75
                    ],
                    [
                        0.75
                    ],
                    [
                        0.75
                    ],
                    [
                        0.75
                    ],
                    [
                        0.75
                    ],
                    [
                        0.75
                    ],
                    [
                        0.75
                    ],
                    [
                        0.75
                    ],
                    [
                        0.5
                    ],
                    [
                        0.5
                    ],
                    [
                        0.5
                    ],
                    [
                        0.5
                    ],
                    [
                        0.5
                    ],
                    [
                        0.5
                    ],
                    [
                        0.5
                    ],
                    [
                        0.5
                    ],
                    [
                        0.5
                    ],
                    [
                        0.5
                    ],
                    [
                        0.5
                    ],
                    [
                        0.5
                    ]
                ]
            ],
            "returns": [
                [
                    [
                        0.48685410618782043
                    ],
                    [
                        0.4859126806259155
                    ],
                    [
                        0.48498284816741943
                    ],
                    [
                        0.4840475022792816
                    ],
                    [
                        0.48311716318130493
                    ],
                    [
                        0.4821847677230835
                    ],
                    [
                        0.481250137090683
                    ],
                    [
                        0.48032015562057495
                    ],
                    [
                        0.4793863594532013
                    ],
                    [
                        0.47841066122055054
                    ],
                    [
                        0.47742152214050293
                    ],
                    [
                        0.4764544665813446
                    ],
                    [
                        0.47551068663597107
                    ],
                    [
                        0.47460663318634033
                    ],
                    [
                        0.4738542139530182
                    ],
                    [
                        0.47305798530578613
                    ],
                    [
                        0.4722979664802551
                    ],
                    [
                        0.47156238555908203
                    ],
                    [
                        0.47085174918174744
                    ],
                    [
                        0.47004953026771545
                    ]
                ]
            ],
            "timesteps": [
                [
                    100,
                    101,
                    102,
                    103,
                    104,
                    105,
                    106,
                    107,
                    108,
                    109,
                    110,
                    111,
                    112,
                    113,
                    114,
                    115,
                    116,
                    117,
                    118,
                    119
                ]
            ],
            "labels": [
                [
                    2,
                    2,
                    2,
                    2,
                    2,
                    2,
                    2,
                    2,
                    1,
                    1,
                    1,
                    1,
                    1,
                    1,
                    1,
                    1,
                    1,
                    1,
                    1,
                    1
                ]
            ],
            "CPU Usage": 46.6,
            "RAM Usage": 55.4,
            "GPU Usage": 0.0,
            "VRAM Usage": 355.0,
            "Disk Read Speed (MB/s)": 206025.6064453125,
            "Disk Write Speed (MB/s)": 351472.2470703125
        },
        {
            "step": 2,
            "train_loss": 0.03163960948586464,
            "actions_pred1": [
                [
                    [
                        0.38636094331741333,
                        0.03350289165973663,
                        0.6128917336463928,
                        0.6409798264503479
                    ],
                    [
                        0.06485223770141602,
                        0.1435883343219757,
                        0.6587027907371521,
                        0.4398256242275238
                    ],
                    [
                        0.030023738741874695,
                        0.014451757073402405,
                        0.49323686957359314,
                        0.3972499370574951
                    ],
                    [
                        -0.02481454610824585,
                        0.050298988819122314,
                        0.5290416479110718,
                        0.3087972402572632
                    ],
                    [
                        -0.08799963444471359,
                        0.10470030456781387,
                        0.5238193273544312,
                        0.31123626232147217
                    ],
                    [
                        0.07800659537315369,
                        0.06307190656661987,
                        0.4948320984840393,
                        0.17475467920303345
                    ],
                    [
                        -0.030854396522045135,
                        -0.09994223713874817,
                        0.6655277013778687,
                        0.11495372653007507
                    ],
                    [
                        -0.012373693287372589,
                        -0.01349109411239624,
                        0.7279146313667297,
                        0.10763564705848694
                    ],
                    [
                        -0.1144515722990036,
                        0.051395609974861145,
                        0.6158773303031921,
                        0.24718064069747925
                    ],
                    [
                        -0.06272860616445541,
                        0.044954825192689896,
                        0.6060550212860107,
                        0.18879756331443787
                    ],
                    [
                        -0.08858136087656021,
                        0.09016583859920502,
                        0.7368530631065369,
                        0.24325358867645264
                    ],
                    [
                        0.058458492159843445,
                        -0.07242719829082489,
                        0.6252063512802124,
                        0.3703514635562897
                    ],
                    [
                        -0.03281176835298538,
                        -0.03388933837413788,
                        0.7091683149337769,
                        0.33580440282821655
                    ],
                    [
                        -0.027978122234344482,
                        0.07161761820316315,
                        0.6339847445487976,
                        0.2233259081840515
                    ],
                    [
                        -0.021300658583641052,
                        0.127789705991745,
                        0.7798094749450684,
                        0.18586185574531555
                    ],
                    [
                        0.11712144315242767,
                        0.10990677028894424,
                        0.7103317975997925,
                        0.16393446922302246
                    ],
                    [
                        0.07750404626131058,
                        0.13174967467784882,
                        0.8012714385986328,
                        0.25081074237823486
                    ],
                    [
                        -0.06138588488101959,
                        0.20265871286392212,
                        0.8032333850860596,
                        0.07408171892166138
                    ],
                    [
                        0.0019240081310272217,
                        0.16253021359443665,
                        0.770703136920929,
                        0.05433019995689392
                    ],
                    [
                        0.06487783789634705,
                        0.11999526619911194,
                        0.7095885276794434,
                        0.2058071494102478
                    ]
                ]
            ],
            "actions_pred": [
                [
                    [
                        0.38636094331741333,
                        0.06485223770141602,
                        0.030023738741874695,
                        -0.02481454610824585,
                        -0.08799963444471359,
                        0.07800659537315369,
