{
    "steps": [
        {
            "step": 0,
            "train_loss": 0.033548612147569656,
            "actions_pred1": [
                [
                    [
                        0.18156035244464874,
                        0.8041613698005676,
                        1.2240437269210815,
                        -1.5900754928588867
                    ],
                    [
                        0.11120492219924927,
                        0.6281572580337524,
                        1.0243500471115112,
                        -1.5268158912658691
                    ],
                    [
                        0.043833158910274506,
                        0.6594422459602356,
                        1.1021223068237305,
                        -1.5521637201309204
                    ],
                    [
                        -0.10629472136497498,
                        0.7570891380310059,
                        1.0138137340545654,
                        -1.5645110607147217
                    ],
                    [
                        -0.15194493532180786,
                        0.7989683151245117,
                        1.0432072877883911,
                        -1.672918438911438
                    ],
                    [
                        -0.12150095403194427,
                        0.8220083117485046,
                        1.1084206104278564,
                        -1.5819358825683594
                    ],
                    [
                        -0.15128087997436523,
                        0.951401948928833,
                        1.0638132095336914,
                        -1.63663911819458
                    ],
                    [
                        -0.14491209387779236,
                        0.8043824434280396,
                        1.122194766998291,
                        -1.6615149974822998
                    ],
                    [
                        -0.12637794017791748,
                        0.7863719463348389,
                        1.1313847303390503,
                        -1.7296266555786133
                    ],
                    [
                        -0.11234737932682037,
                        0.8394885659217834,
                        1.3101664781570435,
                        -1.660975694656372
                    ],
                    [
                        0.030576691031455994,
                        0.8655619025230408,
                        1.2306036949157715,
                        -1.7759242057800293
                    ],
                    [
                        0.20574995875358582,
                        0.8285136222839355,
                        1.2415231466293335,
                        -1.8873543739318848
                    ],
                    [
                        0.06587863713502884,
                        0.933732271194458,
                        1.373628854751587,
                        -1.9096815586090088
                    ],
                    [
                        0.024411216378211975,
                        0.9274007081985474,
                        1.402212381362915,
                        -1.8149819374084473
                    ],
                    [
                        -0.07221060991287231,
                        0.9819031357765198,
                        1.4105571508407593,
                        -1.7749791145324707
                    ],
                    [
                        -0.05074859410524368,
                        1.0380061864852905,
                        1.4207972288131714,
                        -1.7564597129821777
                    ],
                    [
                        -0.02719610184431076,
                        0.9406343698501587,
                        1.4568710327148438,
                        -1.8017178773880005
                    ],
                    [
                        -0.05427949130535126,
                        0.8832679390907288,
                        1.3849282264709473,
                        -1.7494698762893677
                    ],
                    [
                        0.02544097602367401,
                        1.0070494413375854,
                        1.2268620729446411,
                        -1.6858000755310059
                    ],
                    [
                        0.0489388108253479,
                        1.0905591249465942,
                        1.1753188371658325,
                        -1.77410089969635
                    ]
                ]
            ],
            "actions_pred": [
                [
                    [
                        0.18156035244464874,
                        0.11120492219924927,
                        0.043833158910274506,
                        -0.10629472136497498,
                        -0.15194493532180786,
                        -0.12150095403194427,
                        -0.15128087997436523,
                        -0.14491209387779236,
                        -0.12637794017791748,
                        -0.11234737932682037,
                        0.030576691031455994,
                        0.20574995875358582,
                        0.06587863713502884,
                        0.024411216378211975,
                        -0.07221060991287231,
                        -0.05074859410524368,
                        -0.02719610184431076,
                        -0.05427949130535126,
                        0.02544097602367401,
                        0.0489388108253479
                    ],
                    [
                        0.8041613698005676,
                        0.6281572580337524,
                        0.6594422459602356,
                        0.7570891380310059,
                        0.7989683151245117,
                        0.8220083117485046,
                        0.951401948928833,
                        0.8043824434280396,
                        0.7863719463348389,
                        0.8394885659217834,
                        0.8655619025230408,
                        0.8285136222839355,
                        0.933732271194458,
                        0.9274007081985474,
                        0.9819031357765198,
                        1.0380061864852905,
                        0.9406343698501587,
                        0.8832679390907288,
                        1.0070494413375854,
                        1.0905591249465942
                    ],
                    [
                        1.2240437269210815,
                        1.0243500471115112,
                        1.1021223068237305,
                        1.0138137340545654,
                        1.0432072877883911,
                        1.1084206104278564,
                        1.0638132095336914,
                        1.122194766998291,
                        1.1313847303390503,
                        1.3101664781570435,
                        1.2306036949157715,
                        1.2415231466293335,
                        1.373628854751587,
                        1.402212381362915,
                        1.4105571508407593,
                        1.4207972288131714,
                        1.4568710327148438,
                        1.3849282264709473,
                        1.2268620729446411,
                        1.1753188371658325
                    ],
                    [
                        -1.5900754928588867,
                        -1.5268158912658691,
                        -1.5521637201309204,
                        -1.5645110607147217,
                        -1.672918438911438,
                        -1.5819358825683594,
                        -1.63663911819458,
                        -1.6615149974822998,
                        -1.7296266555786133,
                        -1.660975694656372,
                        -1.7759242057800293,
                        -1.8873543739318848,
                        -1.9096815586090088,
                        -1.8149819374084473,
                        -1.7749791145324707,
                        -1.7564597129821777,
                        -1.8017178773880005,
                        -1.7494698762893677,
                        -1.6858000755310059,
                        -1.77410089969635
                    ]
                ]
            ],
            "states": [
                [
                    [
                        5603760.0,
                        1.8195280063082464e-05,
                        0.00019109471759293228,
                        502731.65625
                    ],
                    [
                        5502400.0,
                        1.778137630026322e-05,
                        0.00025023153284564614,
                        515799.5
                    ],
                    [
                        3495337.0,
                        2.0890449377475306e-05,
                        0.000305382302030921,
                        476338.21875
                    ],
                    [
                        1255416.0,
                        5.187569695408456e-05,
                        0.00029567780438810587,
                        761957.25
                    ],
                    [
                        2240056.0,
                        5.151751611265354e-05,
                        0.00033060877467505634,
                        603144.3125
                    ],
                    [
                        3857472.0,
                        4.8557489208178595e-05,
                        0.0031183171086013317,
                        533986.8125
                    ],
                    [
                        4274496.0,
                        4.78329966426827e-05,
                        0.0025027666706591845,
                        540291.25
                    ],
                    [
                        4416400.0,
                        4.7082099627004936e-05,
                        0.0014389286516234279,
                        565093.875
                    ],
                    [
                        8094320.0,
                        4.604376954375766e-05,
                        0.0007658242247998714,
                        548988.375
                    ],
                    [
                        6445048.0,
                        4.488962440518662e-05,
                        0.00038344759377650917,
                        548654.4375
                    ],
                    [
                        5370632.0,
                        4.3993775761919096e-05,
                        0.00022289676417130977,
                        576383.875
                    ],
                    [
                        4669800.0,
                        4.3260322854621336e-05,
                        0.00016156068886630237,
                        587927.8125
                    ],
                    [
                        5024560.0,
                        4.257538603269495e-05,
                        0.0001406134688295424,
                        551057.8125
                    ],
                    [
                        5088272.0,
                        4.1883507947204635e-05,
                        0.00015407148748636246,
                        546541.25
                    ],
                    [
                        5479232.0,
                        4.118427023058757e-05,
                        0.00013193934864830226,
                        600107.125
                    ],
                    [
                        4853696.0,
                        4.0522416384192184e-05,
                        0.000135277965455316,
                        557284.125
                    ],
                    [
                        4022544.0,
                        3.997057501692325e-05,
                        0.0001415384467691183,
                        635772.1875
                    ],
                    [
                        3612760.0,
                        3.950786776840687e-05,
                        0.0001762084721121937,
                        576885.25
                    ],
                    [
                        3773488.0,
                        3.907046266249381e-05,
                        0.000310274597723037,
                        547162.9375
                    ],
                    [
                        4445360.0,
                        3.8595113437622786e-05,
                        0.00025462565827183425,
                        623805.0
                    ]
                ]
            ],
            "actions": [
                [
                    [
                        0.5
                    ],
                    [
                        0.5
                    ],
                    [
                        0.5
                    ],
                    [
                        0.5
                    ],
                    [
                        0.5
                    ],
                    [
                        0.5
                    ],
                    [
                        0.5
                    ],
                    [
                        0.5
                    ],
                    [
                        0.5
                    ],
                    [
                        0.5
                    ],
                    [
                        0.5
                    ],
                    [
                        0.5
                    ],
                    [
                        0.5
                    ],
                    [
                        0.5
                    ],
                    [
                        0.5
                    ],
                    [
                        0.5
                    ],
                    [
                        0.5
                    ],
                    [
                        0.5
                    ],
                    [
                        0.5
                    ],
                    [
                        0.5
                    ]
                ]
            ],
            "returns": [
                [
                    [
                        0.1523428112268448
                    ],
                    [
                        0.15140515565872192
                    ],
                    [
                        0.150469109416008
                    ],
                    [
                        0.14957329630851746
                    ],
                    [
                        0.14876827597618103
                    ],
                    [
                        0.1479119062423706
                    ],
                    [
                        0.14700736105442047
                    ],
                    [
                        0.1460937112569809
                    ],
                    [
                        0.14517715573310852
                    ],
                    [
                        0.14420689642429352
                    ],
                    [
                        0.14325684309005737
                    ],
                    [
                        0.14232294261455536
                    ],
                    [
                        0.14140145480632782
                    ],
                    [
                        0.14047347009181976
                    ],
                    [
                        0.13954436779022217
                    ],
                    [
                        0.13860870897769928
                    ],
                    [
                        0.13768377900123596
                    ],
                    [
                        0.13677552342414856
                    ],
                    [
                        0.13587677478790283
                    ],
                    [
                        0.1349741816520691
                    ]
                ]
            ],
            "timesteps": [
                [
                    460,
                    461,
                    462,
                    463,
                    464,
                    465,
                    466,
                    467,
                    468,
                    469,
                    470,
                    471,
                    472,
                    473,
                    474,
                    475,
                    476,
                    477,
                    478,
                    479
                ]
            ],
            "labels": [
                [
                    1,
                    1,
                    1,
                    1,
                    1,
                    1,
                    1,
                    1,
                    1,
                    1,
                    1,
                    1,
                    1,
                    1,
                    1,
                    1,
                    1,
                    1,
                    1,
                    1
                ]
            ],
            "CPU Usage": 45.0,
            "RAM Usage": 54.9,
            "GPU Usage": 0.0,
            "VRAM Usage": 356.0,
            "Disk Read Speed (MB/s)": 206399.9619140625,
            "Disk Write Speed (MB/s)": 394448.9892578125
        },
        {
            "step": 1,
            "train_loss": 0.014461529441177845,
            "actions_pred1": [
                [
                    [
                        -0.019625328481197357,
                        0.5965271592140198,
                        1.4639664888381958,
                        -1.5194971561431885
                    ],
                    [
                        -0.1232730820775032,
                        0.5485144853591919,
                        1.570150375366211,
                        -1.518385887145996
                    ],
                    [
                        0.0007198899984359741,
                        0.6362501978874207,
                        1.5419011116027832,
                        -1.4296491146087646
                    ],
                    [
                        0.10755287855863571,
                        0.6492319107055664,
                        1.5584362745285034,
                        -1.5188864469528198
                    ],
                    [
                        0.1677989810705185,
                        0.7137267589569092,
                        1.506149172782898,
                        -1.696367859840393
                    ],
                    [
                        -0.009664766490459442,
                        0.6286363005638123,
                        1.4743746519088745,
                        -1.6678743362426758
                    ],
                    [
                        -0.006459422409534454,
                        0.5593245625495911,
                        1.5846941471099854,
                        -1.6542048454284668
                    ],
                    [
                        -0.006948873400688171,
                        0.6242897510528564,
                        1.6325161457061768,
                        -1.7447490692138672
                    ],
                    [
                        0.15230168402194977,
                        0.6827751398086548,
                        1.7287145853042603,
                        -1.6812565326690674
                    ],
                    [
                        0.12237891554832458,
                        0.6252509951591492,
                        1.7045117616653442,
                        -1.722259283065796
                    ],
                    [
                        0.1430002599954605,
                        0.7418681979179382,
                        1.731500267982483,
                        -1.7133997678756714
                    ],
                    [
                        0.1848781704902649,
                        0.67767333984375,
                        1.6744675636291504,
                        -1.731698751449585
                    ],
                    [
                        0.17892354726791382,
                        0.6796027421951294,
                        1.6981831789016724,
                        -1.6968711614608765
                    ],
                    [
                        0.20502379536628723,
                        0.7917577028274536,
                        1.8990790843963623,
                        -1.6633285284042358
                    ],
                    [
                        0.19717881083488464,
                        0.8385035395622253,
                        1.9107296466827393,
                        -1.587308645248413
                    ],
                    [
                        0.21031783521175385,
                        0.851370096206665,
                        2.024733304977417,
                        -1.59116792678833
                    ],
                    [
                        0.00622914731502533,
                        0.8153777122497559,
                        1.965413212776184,
                        -1.7738075256347656
                    ],
                    [
                        -0.13779103755950928,
                        0.8385762572288513,
                        2.0109543800354004,
                        -1.7422070503234863
                    ],
                    [
                        -0.11259499192237854,
                        0.8424846529960632,
                        1.9048722982406616,
                        -1.7530980110168457
                    ],
                    [
                        -0.15974926948547363,
                        0.9378964304924011,
                        2.024587631225586,
                        -1.713818073272705
                    ]
                ]
            ],
            "actions_pred": [
                [
                    [
                        -0.019625328481197357,
                        -0.1232730820775032,
                        0.0007198899984359741,
                        0.10755287855863571,
                        0.1677989810705185,
                        -0.009664766490459442,
                        -0.006459422409534454,
                        -0.006948873400688171,
                        0.15230168402194977,
                        0.12237891554832458,
                        0.1430002599954605,
                        0.1848781704902649,
                        0.17892354726791382,
                        0.20502379536628723,
                        0.19717881083488464,
                        0.21031783521175385,
                        0.00622914731502533,
                        -0.13779103755950928,
                        -0.11259499192237854,
                        -0.15974926948547363
                    ],
                    [
                        0.5965271592140198,
                        0.5485144853591919,
                        0.6362501978874207,
                        0.6492319107055664,
                        0.7137267589569092,
                        0.6286363005638123,
                        0.5593245625495911,
                        0.6242897510528564,
                        0.6827751398086548,
                        0.6252509951591492,
                        0.7418681979179382,
                        0.67767333984375,
                        0.6796027421951294,
                        0.7917577028274536,
                        0.8385035395622253,
                        0.851370096206665,
                        0.8153777122497559,
                        0.8385762572288513,
                        0.8424846529960632,
                        0.9378964304924011
                    ],
                    [
                        1.4639664888381958,
                        1.570150375366211,
                        1.5419011116027832,
                        1.5584362745285034,
                        1.506149172782898,
                        1.4743746519088745,
                        1.5846941471099854,
                        1.6325161457061768,
                        1.7287145853042603,
                        1.7045117616653442,
                        1.731500267982483,
                        1.6744675636291504,
                        1.6981831789016724,
                        1.8990790843963623,
                        1.9107296466827393,
                        2.024733304977417,
                        1.965413212776184,
                        2.0109543800354004,
                        1.9048722982406616,
                        2.024587631225586
                    ],
                    [
                        -1.5194971561431885,
                        -1.518385887145996,
                        -1.4296491146087646,
                        -1.5188864469528198,
                        -1.696367859840393,
                        -1.6678743362426758,
                        -1.6542048454284668,
                        -1.7447490692138672,
                        -1.6812565326690674,
                        -1.722259283065796,
                        -1.7133997678756714,
                        -1.731698751449585,
                        -1.6968711614608765,
                        -1.6633285284042358,
                        -1.587308645248413,
                        -1.59116792678833,
                        -1.7738075256347656,
                        -1.7422070503234863,
                        -1.7530980110168457,
                        -1.713818073272705
                    ]
                ]
            ],
            "states": [
                [
                    [
                        9069003.0,
                        0.0034533278085291386,
                        0.0002651966060511768,
                        441188.5625
                    ],
                    [
                        11320464.0,
                        0.000310528528643772,
                        0.0002789112040773034,
                        436995.21875
                    ],
                    [
                        10438632.0,
                        0.00017193457460962236,
                        0.00025781430304050446,
                        493798.40625
                    ],
                    [
                        10012920.0,
                        0.00012196777242934331,
                        0.0002818313369061798,
                        466062.65625
                    ],
                    [
                        10120072.0,
                        9.498456347500905e-05,
                        0.00027022496215067804,
                        484496.1875
                    ],
                    [
                        9115160.0,
                        7.838496094336733e-05,
                        0.00027221045456826687,
                        480218.375
                    ],
                    [
                        8819768.0,
                        6.74370166962035e-05,
                        0.0002733847650233656,
                        463188.125
                    ],
                    [
                        9522048.0,
                        5.902954944758676e-05,
                        0.00026607781182974577,
                        571538.5
                    ],
                    [
                        9099232.0,
                        5.2383467846084386e-05,
                        0.00028466759249567986,
                        601120.625
                    ],
                    [
                        8877688.0,
                        4.72521896881517e-05,
                        0.0002693114511203021,
                        590414.6875
                    ],
                    [
                        7406288.0,
                        4.339466249803081e-05,
                        0.0002695369767025113,
                        529230.5625
                    ],
                    [
                        7668840.0,
                        4.0354032535105944e-05,
                        0.00026757299201563,
                        612860.8125
                    ],
                    [
                        7531048.0,
                        3.768979149754159e-05,
                        0.0002770914288703352,
                        740788.0625
                    ],
                    [
                        7394936.0,
                        3.539538010954857e-05,
                        0.0002540841815061867,
                        705727.25
                    ],
                    [
                        6951848.0,
                        3.34380820277147e-05,
                        0.0002650599053595215,
                        732259.125
                    ],
                    [
                        6330656.0,
                        3.180928251822479e-05,
                        0.00027801760006695986,
                        722867.4375
                    ],
                    [
                        5884672.0,
                        3.0445722586591728e-05,
                        0.0002704633225221187,
                        677627.4375
                    ],
                    [
                        5363392.0,
                        2.9289631129358895e-05,
                        0.0002756867033895105,
                        805457.5625
                    ],
                    [
                        5311264.0,
                        2.82715027424274e-05,
                        0.00025344316964037716,
                        860605.0
                    ],
                    [
                        5401040.0,
                        2.6375411835033447e-05,
                        0.000413205154472962,
                        833632.5625
                    ]
                ]
            ],
            "actions": [
                [
                    [
                        0.75
                    ],
                    [
                        0.75
                    ],
                    [
                        0.75
                    ],
                    [
                        0.75
                    ],
                    [
                        0.75
                    ],
                    [
                        0.75
                    ],
                    [
                        0.75
                    ],
                    [
                        0.75
                    ],
                    [
                        0.75
                    ],
                    [
                        0.75
                    ],
                    [
                        0.75
                    ],
                    [
                        0.75
                    ],
                    [
                        0.75
                    ],
                    [
                        0.75
                    ],
                    [
                        0.75
                    ],
                    [
                        0.75
                    ],
                    [
                        0.75
                    ],
                    [
                        0.75
                    ],
                    [
                        0.75
                    ],
                    [
                        0.75
                    ]
                ]
            ],
            "returns": [
                [
                    [
                        0.5809153318405151
                    ],
                    [
                        0.5799350142478943
                    ],
                    [
                        0.5789350271224976
                    ],
                    [
                        0.5779421925544739
                    ],
                    [
                        0.5769530534744263
                    ],
                    [
                        0.575963020324707
                    ],
                    [
                        0.574982225894928
                    ],
                    [
                        0.5740043520927429
                    ],
                    [
                        0.5730196833610535
                    ],
                    [
                        0.5720390677452087
                    ],
                    [
                        0.5710605978965759
                    ],
                    [
                        0.5700982213020325
                    ],
                    [
                        0.5691327452659607
                    ],
                    [
                        0.5681688785552979
                    ],
                    [
                        0.567206621170044
                    ],
                    [
                        0.5662498474121094
                    ],
                    [
                        0.5653014183044434
                    ],
                    [
                        0.5643594264984131
                    ],
                    [
                        0.563425600528717
                    ],
                    [
                        0.5624927282333374
                    ]
                ]
            ],
            "timesteps": [
                [
                    0,
                    1,
                    2,
                    3,
                    4,
                    5,
                    6,
                    7,
                    8,
                    9,
                    10,
                    11,
                    12,
                    13,
                    14,
                    15,
                    16,
                    17,
                    18,
                    19
                ]
            ],
            "labels": [
                [
                    2,
                    2,
                    2,
                    2,
                    2,
                    2,
                    2,
                    2,
                    2,
                    2,
                    2,
                    2,
                    2,
                    2,
                    2,
                    2,
                    2,
                    2,
                    2,
                    2
                ]
            ],
            "CPU Usage": 46.6,
            "RAM Usage": 55.0,
            "GPU Usage": 0.0,
            "VRAM Usage": 356.0,
            "Disk Read Speed (MB/s)": 206399.9619140625,
            "Disk Write Speed (MB/s)": 394449.1337890625
        },
        {
            "step": 2,
            "train_loss": 0.03196249157190323,
            "actions_pred1": [
                [
                    [
                        -0.28861409425735474,
                        0.3563537001609802,
                        1.551303505897522,
                        -1.7313430309295654
                    ],
                    [
                        -0.21438109874725342,
                        0.4343439042568207,
                        1.472216248512268,
                        -1.8321514129638672
                    ],
                    [
                        -0.1316697895526886,
                        0.6459255218505859,
                        1.4654817581176758,
                        -1.879094123840332
                    ],
                    [
                        -0.12747430801391602,
                        0.6330914497375488,
                        1.4258830547332764,
                        -1.8319470882415771
                    ],
                    [
                        -0.26193058490753174,
                        0.8285416960716248,
                        1.5408655405044556,
                        -1.7967250347137451
                    ],
                    [
                        -0.32927054166793823,
                        0.8963515758514404,
                        1.5376135110855103,
                        -1.8729305267333984
                    ],
                    [
                        -0.051422521471977234,
                        0.8500784039497375,
                        1.519158959388733,
                        -1.8752976655960083
                    ],
                    [
                        0.10252723097801208,
                        0.9048426747322083,
                        1.5100011825561523,
                        -1.7588083744049072
                    ],
                    [
                        0.10355866700410843,
                        0.8737515211105347,
                        1.5173019170761108,
                        -1.7852896451950073
                    ],
                    [
                        0.09227997064590454,
                        0.8897726535797119,
                        1.5144093036651611,
                        -1.862235188484192
                    ],
                    [
                        0.08135485649108887,
                        0.8860945105552673,
                        1.4597502946853638,
                        -1.7551600933074951
                    ],
                    [
                        0.10464627295732498,
                        0.8646519184112549,
                        1.4246494770050049,
                        -1.8557475805282593
                    ],
                    [
                        0.3628635108470917,
                        0.9350366592407227,
                        1.466470718383789,
                        -2.0010786056518555
                    ],
                    [
                        0.3892640769481659,
                        0.9055411219596863,
                        1.3452068567276,
                        -1.7935960292816162
                    ],
                    [
                        0.48199841380119324,
                        0.8694480657577515,
                        1.3229620456695557,
                        -1.7595728635787964
                    ],
                    [
                        0.3998603820800781,
                        0.8367000818252563,
                        1.3643800020217896,
                        -1.8492132425308228
                    ],
                    [
                        0.25488632917404175,
                        0.820254921913147,
                        1.3372156620025635,
                        -1.807887315750122
                    ],
                    [
                        0.26087039709091187,
                        0.8416087627410889,
                        1.3887712955474854,
                        -1.901146411895752
                    ],
                    [
                        0.26991111040115356,
                        0.8808206915855408,
                        1.4582949876785278,
                        -1.846205711364746
                    ],
                    [
                        0.2596063017845154,
                        0.8712018132209778,
                        1.3680846691131592,
                        -1.9039114713668823
                    ]
                ]
            ],
            "actions_pred": [
                [
                    [
                        -0.28861409425735474,
                        -0.21438109874725342,
                        -0.1316697895526886,
                        -0.12747430801391602,
                        -0.26193058490753174,
                        -0.32927054166793823,
                        -0.051422521471977234,
                        0.10252723097801208,
                        0.10355866700410843,
                        0.09227997064590454,
