{
    "steps": [
        {
            "step": 0,
            "train_loss": 0.03215300291776657,
            "actions_pred1": [
                [
                    [
                        0.47039443254470825,
                        0.43050795793533325,
                        0.3863300681114197,
                        -0.9059264659881592
                    ],
                    [
                        0.2751368284225464,
                        0.5680614709854126,
                        0.41610246896743774,
                        -0.964174747467041
                    ],
                    [
                        0.2620294690132141,
                        0.5562616586685181,
                        0.4965665936470032,
                        -0.9826579093933105
                    ],
                    [
                        0.23217324912548065,
                        0.5830093622207642,
                        0.6017712950706482,
                        -0.9904001951217651
                    ],
                    [
                        0.3420712947845459,
                        0.6392123103141785,
                        0.6012115478515625,
                        -1.0251680612564087
                    ],
                    [
                        0.1880502551794052,
                        0.6497309803962708,
                        0.554110586643219,
                        -1.0643389225006104
                    ],
                    [
                        0.05120445787906647,
                        0.6892732977867126,
                        0.6180387735366821,
                        -1.2095351219177246
                    ],
                    [
                        0.13271251320838928,
                        0.6294425129890442,
                        0.6680963635444641,
                        -1.24336576461792
                    ],
                    [
                        0.1964782029390335,
                        0.6177650690078735,
                        0.5231446623802185,
                        -1.3526558876037598
                    ],
                    [
                        0.18365468084812164,
                        0.6351880431175232,
                        0.5088843107223511,
                        -1.3751137256622314
                    ],
                    [
                        0.1975298970937729,
                        0.610775351524353,
                        0.6135554313659668,
                        -1.3117711544036865
                    ],
                    [
                        0.24090918898582458,
                        0.5793917179107666,
                        0.5671245455741882,
                        -1.3448243141174316
                    ],
                    [
                        0.21273638308048248,
                        0.6495756506919861,
                        0.6838542819023132,
                        -1.262728214263916
                    ],
                    [
                        0.1658833622932434,
                        0.7681496739387512,
                        0.7824029922485352,
                        -1.3204597234725952
                    ],
                    [
                        0.19920626282691956,
                        0.7889610528945923,
                        0.7275837659835815,
                        -1.368896722793579
                    ],
                    [
                        0.1947457492351532,
                        0.7309671640396118,
                        0.7482080459594727,
                        -1.4535317420959473
                    ],
                    [
                        -0.0007743984460830688,
                        0.7308410406112671,
                        0.8235438466072083,
                        -1.6409554481506348
                    ],
                    [
                        0.18186676502227783,
                        0.7763268351554871,
                        0.7999195456504822,
                        -1.4943350553512573
                    ],
                    [
                        0.14744214713573456,
                        0.7263877391815186,
                        0.6455181837081909,
                        -1.4317926168441772
                    ],
                    [
                        0.16453330218791962,
                        0.7246384620666504,
                        0.6790865659713745,
                        -1.4536619186401367
                    ]
                ]
            ],
            "actions_pred": [
                [
                    [
                        0.47039443254470825,
                        0.2751368284225464,
                        0.2620294690132141,
                        0.23217324912548065,
                        0.3420712947845459,
                        0.1880502551794052,
                        0.05120445787906647,
                        0.13271251320838928,
                        0.1964782029390335,
                        0.18365468084812164,
                        0.1975298970937729,
                        0.24090918898582458,
                        0.21273638308048248,
                        0.1658833622932434,
                        0.19920626282691956,
                        0.1947457492351532,
                        -0.0007743984460830688,
                        0.18186676502227783,
                        0.14744214713573456,
                        0.16453330218791962
                    ],
                    [
                        0.43050795793533325,
                        0.5680614709854126,
                        0.5562616586685181,
                        0.5830093622207642,
                        0.6392123103141785,
                        0.6497309803962708,
                        0.6892732977867126,
                        0.6294425129890442,
                        0.6177650690078735,
                        0.6351880431175232,
                        0.610775351524353,
                        0.5793917179107666,
                        0.6495756506919861,
                        0.7681496739387512,
                        0.7889610528945923,
                        0.7309671640396118,
                        0.7308410406112671,
                        0.7763268351554871,
                        0.7263877391815186,
                        0.7246384620666504
                    ],
                    [
                        0.3863300681114197,
                        0.41610246896743774,
                        0.4965665936470032,
                        0.6017712950706482,
                        0.6012115478515625,
                        0.554110586643219,
                        0.6180387735366821,
                        0.6680963635444641,
                        0.5231446623802185,
                        0.5088843107223511,
                        0.6135554313659668,
                        0.5671245455741882,
                        0.6838542819023132,
                        0.7824029922485352,
                        0.7275837659835815,
                        0.7482080459594727,
                        0.8235438466072083,
                        0.7999195456504822,
                        0.6455181837081909,
                        0.6790865659713745
                    ],
                    [
                        -0.9059264659881592,
                        -0.964174747467041,
                        -0.9826579093933105,
                        -0.9904001951217651,
                        -1.0251680612564087,
                        -1.0643389225006104,
                        -1.2095351219177246,
                        -1.24336576461792,
                        -1.3526558876037598,
                        -1.3751137256622314,
                        -1.3117711544036865,
                        -1.3448243141174316,
                        -1.262728214263916,
                        -1.3204597234725952,
                        -1.368896722793579,
                        -1.4535317420959473,
                        -1.6409554481506348,
                        -1.4943350553512573,
                        -1.4317926168441772,
                        -1.4536619186401367
                    ]
                ]
            ],
            "states": [
                [
                    [
                        5457512.0,
                        9.714517545944545e-06,
                        0.0004527103737927973,
                        552968.1875
                    ],
                    [
                        4474320.0,
                        9.607780157239176e-06,
                        0.00029970589093863964,
                        640429.75
                    ],
                    [
                        3226144.0,
                        9.52661685005296e-06,
                        0.00026218051789328456,
                        614909.3125
                    ],
                    [
                        4174584.0,
                        9.44995554164052e-06,
                        0.0002925366861745715,
                        607098.5
                    ],
                    [
                        4522104.0,
                        9.361412594444118e-06,
                        0.00028024095809087157,
                        568885.75
                    ],
                    [
                        2825048.0,
                        8.919517313188408e-06,
                        0.0001758198341121897,
                        690901.5625
                    ],
                    [
                        5196872.0,
                        8.846717719279695e-06,
                        0.00013516498438548297,
                        601105.3125
                    ],
                    [
                        7633856.0,
                        8.732715286896564e-06,
                        0.0001646996388444677,
                        547900.5625
                    ],
                    [
                        47963.0,
                        0.2136354148387909,
                        0.00027816780493594706,
                        871190.125
                    ],
                    [
                        608160.0,
                        0.027683094143867493,
                        0.00026209698989987373,
                        1030414.6875
                    ],
                    [
                        537208.0,
                        0.007899114862084389,
                        0.0002851165772881359,
                        949322.9375
                    ],
                    [
                        671872.0,
                        0.004755145870149136,
                        0.000267517170868814,
                        888587.6875
                    ],
                    [
                        858664.0,
                        0.003167606657370925,
                        0.00027258697082288563,
                        909664.5625
                    ],
                    [
                        877488.0,
                        0.0022909550461918116,
                        0.00027191461413167417,
                        989545.25
                    ],
                    [
                        1255416.0,
                        0.0017173178493976593,
                        0.00027577357832342386,
                        1043241.4375
                    ],
                    [
                        1436416.0,
                        0.0013016851153224707,
                        0.00027702987426891923,
                        939221.25
                    ],
                    [
                        1715880.0,
                        0.0010147599969059229,
                        0.0002779100905172527,
                        989890.625
                    ],
                    [
                        1867920.0,
                        0.0008108949987217784,
                        0.00026160795823670924,
                        1001348.25
                    ],
                    [
                        2189376.0,
                        0.0006609969423152506,
                        0.0002753763983491808,
                        969961.0625
                    ],
                    [
                        2552824.0,
                        0.000543545582331717,
                        0.0002731475979089737,
                        970656.1875
                    ]
                ]
            ],
            "actions": [
                [
                    [
                        0.5
                    ],
                    [
                        0.5
                    ],
                    [
                        0.5
                    ],
                    [
                        0.5
                    ],
                    [
                        0.5
                    ],
                    [
                        0.5
                    ],
                    [
                        0.5
                    ],
                    [
                        0.5
                    ],
                    [
                        0.75
                    ],
                    [
                        0.75
                    ],
                    [
                        0.75
                    ],
                    [
                        0.75
                    ],
                    [
                        0.75
                    ],
                    [
                        0.75
                    ],
                    [
                        0.75
                    ],
                    [
                        0.75
                    ],
                    [
                        0.75
                    ],
                    [
                        0.75
                    ],
                    [
                        0.75
                    ],
                    [
                        0.75
                    ]
                ]
            ],
            "returns": [
                [
                    [
                        0.39574772119522095
                    ],
                    [
                        0.3948124051094055
                    ],
                    [
                        0.3938947021961212
                    ],
                    [
                        0.39300599694252014
                    ],
                    [
                        0.3920944333076477
                    ],
                    [
                        0.3911758065223694
                    ],
                    [
                        0.39029887318611145
                    ],
                    [
                        0.38936787843704224
                    ],
                    [
                        0.3884028196334839
                    ],
                    [
                        0.38788723945617676
                    ],
                    [
                        0.3871464729309082
                    ],
                    [
                        0.3864167034626007
                    ],
                    [
                        0.385667085647583
                    ],
                    [
                        0.3848957419395447
                    ],
                    [
                        0.38412246108055115
                    ],
                    [
                        0.3833174407482147
                    ],
                    [
                        0.38250046968460083
                    ],
                    [
                        0.38166773319244385
                    ],
                    [
                        0.38082748651504517
                    ],
                    [
                        0.3799731433391571
                    ]
                ]
            ],
            "timesteps": [
                [
                    200,
                    201,
                    202,
                    203,
                    204,
                    205,
                    206,
                    207,
                    208,
                    209,
                    210,
                    211,
                    212,
                    213,
                    214,
                    215,
                    216,
                    217,
                    218,
                    219
                ]
            ],
            "labels": [
                [
                    1,
                    1,
                    1,
                    1,
                    1,
                    1,
                    1,
                    1,
                    2,
                    2,
                    2,
                    2,
                    2,
                    2,
                    2,
                    2,
                    2,
                    2,
                    2,
                    2
                ]
            ],
            "CPU Usage": 44.9,
            "RAM Usage": 55.1,
            "GPU Usage": 0.0,
            "VRAM Usage": 355.0,
            "Disk Read Speed (MB/s)": 206397.9033203125,
            "Disk Write Speed (MB/s)": 379682.7119140625
        },
        {
            "step": 1,
            "train_loss": 0.03180196136236191,
            "actions_pred1": [
                [
                    [
                        0.3159193992614746,
                        0.5372214317321777,
                        0.8060985207557678,
                        -1.3014572858810425
                    ],
                    [
                        0.48608893156051636,
                        0.7204799652099609,
                        0.7952038049697876,
                        -1.1799079179763794
                    ],
                    [
                        0.5085211992263794,
                        0.7753194570541382,
                        0.7788480520248413,
                        -1.0392597913742065
                    ],
                    [
                        0.5718944072723389,
                        0.8359751105308533,
                        0.8005997538566589,
                        -1.0928754806518555
                    ],
                    [
                        0.45322608947753906,
                        0.9558523893356323,
                        0.7961858510971069,
                        -1.2781352996826172
                    ],
                    [
                        0.5307125449180603,
                        1.0320786237716675,
                        0.8166002631187439,
                        -1.409482479095459
                    ],
                    [
                        0.49948179721832275,
                        1.015518069267273,
                        0.9063633680343628,
                        -1.402397632598877
                    ],
                    [
                        0.5054471492767334,
                        0.970834493637085,
                        0.8999382257461548,
                        -1.2957860231399536
                    ],
                    [
                        0.3959377408027649,
                        1.0766103267669678,
                        0.8810826539993286,
                        -1.3054955005645752
                    ],
                    [
                        0.44709256291389465,
                        0.8980311155319214,
                        0.863675594329834,
                        -1.156689167022705
                    ],
                    [
                        0.5456224679946899,
                        0.8530274629592896,
                        0.8722805380821228,
                        -1.1634466648101807
                    ],
                    [
                        0.4480743110179901,
                        0.7815062999725342,
                        0.8762613534927368,
                        -1.2951078414916992
                    ],
                    [
                        0.31327763199806213,
                        0.9072964191436768,
                        0.723724901676178,
                        -1.266164779663086
                    ],
                    [
                        0.36739057302474976,
                        0.944576621055603,
                        0.7950563430786133,
                        -1.2029541730880737
                    ],
                    [
                        0.4495129883289337,
                        0.8374289274215698,
                        0.7928828001022339,
                        -1.161421298980713
                    ],
                    [
                        0.48847275972366333,
                        0.8275455236434937,
                        0.7740489840507507,
                        -1.1675022840499878
                    ],
                    [
                        0.5465558767318726,
                        0.8449277877807617,
                        0.8223397731781006,
                        -1.1895712614059448
                    ],
                    [
                        0.5367286205291748,
                        0.8045222759246826,
                        0.7581329345703125,
                        -1.2417998313903809
                    ],
                    [
                        0.395627498626709,
                        0.7939190864562988,
                        0.929004967212677,
                        -1.4523098468780518
                    ],
                    [
                        0.4350525736808777,
                        0.8401041626930237,
                        0.9375252723693848,
                        -1.4241094589233398
                    ]
                ]
            ],
            "actions_pred": [
                [
                    [
                        0.3159193992614746,
                        0.48608893156051636,
                        0.5085211992263794,
                        0.5718944072723389,
                        0.45322608947753906,
                        0.5307125449180603,
                        0.49948179721832275,
                        0.5054471492767334,
                        0.3959377408027649,
                        0.44709256291389465,
                        0.5456224679946899,
                        0.4480743110179901,
                        0.31327763199806213,
                        0.36739057302474976,
                        0.4495129883289337,
                        0.48847275972366333,
                        0.5465558767318726,
                        0.5367286205291748,
                        0.395627498626709,
                        0.4350525736808777
                    ],
                    [
                        0.5372214317321777,
                        0.7204799652099609,
                        0.7753194570541382,
                        0.8359751105308533,
                        0.9558523893356323,
                        1.0320786237716675,
                        1.015518069267273,
                        0.970834493637085,
                        1.0766103267669678,
                        0.8980311155319214,
                        0.8530274629592896,
                        0.7815062999725342,
                        0.9072964191436768,
                        0.944576621055603,
                        0.8374289274215698,
                        0.8275455236434937,
                        0.8449277877807617,
                        0.8045222759246826,
                        0.7939190864562988,
                        0.8401041626930237
                    ],
                    [
                        0.8060985207557678,
                        0.7952038049697876,
                        0.7788480520248413,
                        0.8005997538566589,
                        0.7961858510971069,
                        0.8166002631187439,
                        0.9063633680343628,
                        0.8999382257461548,
                        0.8810826539993286,
                        0.863675594329834,
                        0.8722805380821228,
                        0.8762613534927368,
                        0.723724901676178,
                        0.7950563430786133,
                        0.7928828001022339,
                        0.7740489840507507,
                        0.8223397731781006,
                        0.7581329345703125,
                        0.929004967212677,
                        0.9375252723693848
                    ],
                    [
                        -1.3014572858810425,
                        -1.1799079179763794,
                        -1.0392597913742065,
                        -1.0928754806518555,
                        -1.2781352996826172,
                        -1.409482479095459,
                        -1.402397632598877,
                        -1.2957860231399536,
                        -1.3054955005645752,
                        -1.156689167022705,
                        -1.1634466648101807,
                        -1.2951078414916992,
                        -1.266164779663086,
                        -1.2029541730880737,
                        -1.161421298980713,
                        -1.1675022840499878,
                        -1.1895712614059448,
                        -1.2417998313903809,
                        -1.4523098468780518,
                        -1.4241094589233398
                    ]
                ]
            ],
            "states": [
                [
                    [
                        4791432.0,
                        3.087877848884091e-05,
                        0.00023075626813806593,
                        506720.5
                    ],
                    [
                        3692400.0,
                        2.9973596610943787e-05,
                        0.00032322804327122867,
                        492666.6875
                    ],
                    [
                        4952160.0,
                        2.9106702641001903e-05,
                        0.0002578554267529398,
                        491613.3125
                    ],
                    [
                        4808808.0,
                        2.818479697452858e-05,
                        0.00022438736050389707,
                        480345.5
                    ],
                    [
                        4978224.0,
                        2.7317544663674198e-05,
                        0.00038321700412780046,
                        500271.75
                    ],
                    [
                        5354704.0,
                        2.645807217049878e-05,
                        0.0004527103737927973,
                        496069.53125
                    ],
                    [
                        3554840.0,
                        2.5757775802048855e-05,
                        0.00029970589093863964,
                        504121.5
                    ],
                    [
                        5330088.0,
                        2.5097764591919258e-05,
                        0.00026218051789328456,
                        473636.59375
                    ],
                    [
                        7706256.0,
                        2.4188775569200516e-05,
                        0.0002925366861745715,
                        550715.1875
                    ],
                    [
                        7687432.0,
                        2.319453051313758e-05,
                        0.00028024095809087157,
                        523717.84375
                    ],
                    [
                        6233640.0,
                        1.9415590941207483e-05,
                        0.0001758198341121897,
                        575309.5
                    ],
                    [
                        6330656.0,
                        1.8885328245232813e-05,
                        0.00013516498438548297,
                        576038.875
                    ],
                    [
                        2227024.0,
                        1.8539429220254533e-05,
                        0.0001646996388444677,
                        615099.8125
                    ],
                    [
                        3611312.0,
                        1.8311515304958448e-05,
                        0.0001985474955290556,
                        642490.9375
                    ],
                    [
                        5732632.0,
                        1.795835305529181e-05,
                        0.0002949792833533138,
                        564533.125
                    ],
                    [
                        5175152.0,
                        1.7562215361976996e-05,
                        0.0007080274517647922,
                        561933.4375
                    ],
                    [
                        4907272.0,
                        1.721135777188465e-05,
                        0.0013480978086590767,
                        618870.0
                    ],
                    [
                        4346896.0,
                        1.6901381968636997e-05,
                        0.0014468225417658687,
                        555341.1875
                    ],
                    [
                        5007184.0,
                        1.6599440641584806e-05,
                        0.0019480990013107657,
                        605693.8125
                    ],
                    [
                        5735528.0,
                        1.6265725207631476e-05,
                        0.002926501678302884,
                        601773.625
                    ]
                ]
            ],
            "actions": [
                [
                    [
                        0.5
                    ],
                    [
                        0.5
                    ],
                    [
                        0.5
                    ],
                    [
                        0.5
                    ],
                    [
                        0.5
                    ],
                    [
                        0.5
                    ],
                    [
                        0.5
                    ],
                    [
                        0.5
                    ],
                    [
                        0.5
                    ],
                    [
                        0.5
                    ],
                    [
                        0.5
                    ],
                    [
                        0.5
                    ],
                    [
                        0.5
                    ],
                    [
                        0.5
                    ],
                    [
                        0.5
                    ],
                    [
                        0.5
                    ],
                    [
                        0.5
                    ],
                    [
                        0.5
                    ],
                    [
                        0.5
                    ],
                    [
                        0.5
                    ]
                ]
            ],
            "returns": [
                [
                    [
                        0.45074203610420227
                    ],
                    [
                        0.44981828331947327
                    ],
                    [
                        0.44891759753227234
                    ],
                    [
                        0.44799089431762695
                    ],
                    [
                        0.4470668137073517
                    ],
                    [
                        0.4461396336555481
                    ],
                    [
                        0.44520601630210876
                    ],
                    [
                        0.44430869817733765
                    ],
                    [
                        0.44337549805641174
                    ],
                    [
                        0.44240957498550415
                    ],
                    [
                        0.44144389033317566
                    ],
                    [
                        0.4404968023300171
                    ],
                    [
                        0.4395483136177063
                    ],
                    [
                        0.43869248032569885
                    ],
                    [
                        0.4377937614917755
                    ],
                    [
                        0.4368540942668915
                    ],
                    [
                        0.4359234869480133
                    ],
                    [
                        0.4349976181983948
                    ],
                    [
                        0.4340824484825134
                    ],
                    [
                        0.43315479159355164
                    ]
                ]
            ],
            "timesteps": [
                [
                    140,
                    141,
                    142,
                    143,
                    144,
                    145,
                    146,
                    147,
                    148,
                    149,
                    150,
                    151,
                    152,
                    153,
                    154,
                    155,
                    156,
                    157,
                    158,
                    159
                ]
            ],
            "labels": [
                [
                    1,
                    1,
                    1,
                    1,
                    1,
                    1,
                    1,
                    1,
                    1,
                    1,
                    1,
                    1,
                    1,
                    1,
                    1,
                    1,
                    1,
                    1,
                    1,
                    1
                ]
            ],
            "CPU Usage": 46.7,
            "RAM Usage": 55.3,
            "GPU Usage": 0.0,
            "VRAM Usage": 356.0,
            "Disk Read Speed (MB/s)": 206397.9033203125,
            "Disk Write Speed (MB/s)": 379684.9619140625
        },
        {
            "step": 2,
            "train_loss": 0.03372159227728844,
            "actions_pred1": [
                [
                    [
                        0.4866527318954468,
                        0.5661776661872864,
                        0.6579719185829163,
                        -0.930709958076477
                    ],
                    [
                        0.4139065742492676,
                        0.38716304302215576,
                        0.47543448209762573,
                        -0.9020262360572815
                    ],
                    [
                        0.3331897258758545,
                        0.42493748664855957,
                        0.5676287412643433,
                        -0.9535412192344666
                    ],
                    [
                        0.15547442436218262,
                        0.5073573589324951,
                        0.49740082025527954,
                        -0.9808809757232666
                    ],
                    [
                        0.1185988187789917,
                        0.5639926195144653,
                        0.5436309576034546,
                        -1.0568052530288696
                    ],
                    [
                        0.14862234890460968,
                        0.5977206826210022,
                        0.597527265548706,
                        -0.9712300300598145
                    ],
                    [
                        0.12316276133060455,
                        0.6881377100944519,
                        0.5144734382629395,
                        -0.9943115711212158
                    ],
                    [
                        0.11592467129230499,
                        0.5679235458374023,
                        0.5797305703163147,
                        -1.0305616855621338
                    ],
                    [
                        0.11484435945749283,
                        0.551091194152832,
                        0.5984210968017578,
                        -1.0860705375671387
                    ],
                    [
                        0.13701052963733673,
                        0.5913861393928528,
                        0.7519805431365967,
                        -1.0185818672180176
                    ],
                    [
                        0.3006730079650879,
                        0.6022765636444092,
                        0.6721397638320923,
                        -1.120483160018921
                    ],
                    [
                        0.45283252000808716,
                        0.5673608779907227,
                        0.6614930629730225,
                        -1.206855058670044
                    ],
                    [
                        0.3160921335220337,
                        0.6690544486045837,
                        0.787295401096344,
                        -1.2244317531585693
                    ],
                    [
                        0.2727433145046234,
                        0.6615956425666809,
                        0.8137127757072449,
                        -1.1185578107833862
                    ],
                    [
                        0.18771259486675262,
                        0.7214655876159668,
                        0.8008734583854675,
                        -1.0851738452911377
                    ],
                    [
                        0.21325941383838654,
                        0.7805890440940857,
                        0.8178011178970337,
                        -1.0614798069000244
                    ],
                    [
                        0.21659217774868011,
                        0.6820562481880188,
                        0.8545380234718323,
                        -1.105941891670227
                    ],
                    [
                        0.19719351828098297,
                        0.639794111251831,
                        0.7850532531738281,
                        -1.0604734420776367
                    ],
                    [
                        0.29653412103652954,
                        0.7147538065910339,
                        0.6527568101882935,
                        -0.9900877475738525
                    ],
                    [
                        0.33148038387298584,
                        0.782619833946228,
                        0.5848180055618286,
                        -1.068544864654541
                    ]
                ]
            ],
            "actions_pred": [
                [
                    [
                        0.4866527318954468,
                        0.4139065742492676,
                        0.3331897258758545,
                        0.15547442436218262,
                        0.1185988187789917,
                        0.14862234890460968,
                        0.12316276133060455,
                        0.11592467129230499,
                        0.11484435945749283,
                        0.13701052963733673,
                        0.3006730079650879,
                        0.45283252000808716,
