{
    "steps": [
        {
            "step": 0,
            "train_loss": 0.03148391842842102,
            "actions_pred1": [
                [
                    [
                        0.931922197341919,
                        1.4718533754348755,
                        2.6576576232910156,
                        -3.7805871963500977
                    ],
                    [
                        0.925122857093811,
                        1.3123419284820557,
                        2.755993127822876,
                        -3.9296839237213135
                    ],
                    [
                        0.9102474451065063,
                        1.6484436988830566,
                        2.6968812942504883,
                        -4.508588790893555
                    ],
                    [
                        0.8102620244026184,
                        1.915195345878601,
                        2.5387344360351562,
                        -4.9810686111450195
                    ],
                    [
                        0.7672020792961121,
                        2.5948357582092285,
                        2.6781251430511475,
                        -5.4534807205200195
                    ],
                    [
                        1.1956628561019897,
                        2.594879150390625,
                        2.4742369651794434,
                        -5.997371673583984
                    ],
                    [
                        1.3728480339050293,
                        2.640289068222046,
                        2.2448923587799072,
                        -6.2319254875183105
                    ],
                    [
                        1.433774709701538,
                        3.04124116897583,
                        2.5467350482940674,
                        -6.280547142028809
                    ],
                    [
                        1.6025092601776123,
                        2.950594902038574,
                        2.8205795288085938,
                        -6.245044708251953
                    ],
                    [
                        1.9090944528579712,
                        2.9361302852630615,
                        2.7977001667022705,
                        -6.794090270996094
                    ],
                    [
                        1.9533298015594482,
                        2.711784601211548,
                        2.564164161682129,
                        -6.943116664886475
                    ],
                    [
                        1.9440116882324219,
                        2.8832204341888428,
                        2.6123135089874268,
                        -7.219085693359375
                    ],
                    [
                        1.8654160499572754,
                        2.9451851844787598,
                        2.728332281112671,
                        -7.120622158050537
                    ],
                    [
                        2.10880970954895,
                        3.206812620162964,
                        2.9772543907165527,
                        -7.451401710510254
                    ],
                    [
                        2.142385959625244,
                        3.391618490219116,
                        2.782731056213379,
                        -7.295151233673096
                    ],
                    [
                        2.1436166763305664,
                        3.302496910095215,
                        2.9778804779052734,
                        -7.448704242706299
                    ],
                    [
                        2.3745880126953125,
                        3.0317025184631348,
                        3.165621757507324,
                        -7.465388298034668
                    ],
                    [
                        2.4209232330322266,
                        2.9279420375823975,
                        3.1666738986968994,
                        -7.557939529418945
                    ],
                    [
                        2.4332375526428223,
                        2.7939915657043457,
                        3.2472054958343506,
                        -7.158505439758301
                    ],
                    [
                        2.8932807445526123,
                        2.9209046363830566,
                        3.154127597808838,
                        -7.430066108703613
                    ]
                ]
            ],
            "actions_pred": [
                [
                    [
                        0.931922197341919,
                        0.925122857093811,
                        0.9102474451065063,
                        0.8102620244026184,
                        0.7672020792961121,
                        1.1956628561019897,
                        1.3728480339050293,
                        1.433774709701538,
                        1.6025092601776123,
                        1.9090944528579712,
                        1.9533298015594482,
                        1.9440116882324219,
                        1.8654160499572754,
                        2.10880970954895,
                        2.142385959625244,
                        2.1436166763305664,
                        2.3745880126953125,
                        2.4209232330322266,
                        2.4332375526428223,
                        2.8932807445526123
                    ],
                    [
                        1.4718533754348755,
                        1.3123419284820557,
                        1.6484436988830566,
                        1.915195345878601,
                        2.5948357582092285,
                        2.594879150390625,
                        2.640289068222046,
                        3.04124116897583,
                        2.950594902038574,
                        2.9361302852630615,
                        2.711784601211548,
                        2.8832204341888428,
                        2.9451851844787598,
                        3.206812620162964,
                        3.391618490219116,
                        3.302496910095215,
                        3.0317025184631348,
                        2.9279420375823975,
                        2.7939915657043457,
                        2.9209046363830566
                    ],
                    [
                        2.6576576232910156,
                        2.755993127822876,
                        2.6968812942504883,
                        2.5387344360351562,
                        2.6781251430511475,
                        2.4742369651794434,
                        2.2448923587799072,
                        2.5467350482940674,
                        2.8205795288085938,
                        2.7977001667022705,
                        2.564164161682129,
                        2.6123135089874268,
                        2.728332281112671,
                        2.9772543907165527,
                        2.782731056213379,
                        2.9778804779052734,
                        3.165621757507324,
                        3.1666738986968994,
                        3.2472054958343506,
                        3.154127597808838
                    ],
                    [
                        -3.7805871963500977,
                        -3.9296839237213135,
                        -4.508588790893555,
                        -4.9810686111450195,
                        -5.4534807205200195,
                        -5.997371673583984,
                        -6.2319254875183105,
                        -6.280547142028809,
                        -6.245044708251953,
                        -6.794090270996094,
                        -6.943116664886475,
                        -7.219085693359375,
                        -7.120622158050537,
                        -7.451401710510254,
                        -7.295151233673096,
                        -7.448704242706299,
                        -7.465388298034668,
                        -7.557939529418945,
                        -7.158505439758301,
                        -7.430066108703613
                    ]
                ]
            ],
            "states": [
                [
                    [
                        5354704.0,
                        8.239823728217743e-06,
                        0.00025337765691801906,
                        501396.375
                    ],
                    [
                        6112008.0,
                        8.186386367015075e-06,
                        0.00023226119810715318,
                        493386.84375
                    ],
                    [
                        437474.0,
                        0.04059061408042908,
                        0.000310274597723037,
                        179519.703125
                    ],
                    [
                        742824.0,
                        0.00568061089143157,
                        0.00025462565827183425,
                        494869.5625
                    ],
                    [
                        1293064.0,
                        0.002463217591866851,
                        0.00027542549651116133,
                        568802.125
                    ],
                    [
                        2754096.0,
                        0.001175331766717136,
                        0.00025879128952510655,
                        506395.59375
                    ],
                    [
                        4959400.0,
                        0.0005831622984260321,
                        0.0002528103068470955,
                        510830.5
                    ],
                    [
                        7180632.0,
                        0.0003223789972253144,
                        0.00020026147831231356,
                        497092.78125
                    ],
                    [
                        10328584.0,
                        0.00019613979384303093,
                        0.00022364039614330977,
                        447740.25
                    ],
                    [
                        9514808.0,
                        0.00013474683510139585,
                        0.0002323320077266544,
                        458092.9375
                    ],
                    [
                        9614720.0,
                        0.00010378147271694615,
                        0.00023472661268897355,
                        451882.15625
                    ],
                    [
                        11055480.0,
                        8.32404475659132e-05,
                        0.00024062122975010425,
                        451078.96875
                    ],
                    [
                        10631216.0,
                        6.886368646519259e-05,
                        0.0001874879380920902,
                        454141.4375
                    ],
                    [
                        9736352.0,
                        5.92533870076295e-05,
                        0.00025532711879350245,
                        501440.96875
                    ],
                    [
                        5832544.0,
                        5.351470463210717e-05,
                        0.0002452299522701651,
                        514617.375
                    ],
                    [
                        4878312.0,
                        5.0193953939015046e-05,
                        0.00023082415282260627,
                        598373.25
                    ],
                    [
                        5687744.0,
                        4.730764703708701e-05,
                        0.00026125748991034925,
                        594833.125
                    ],
                    [
                        5154880.0,
                        4.466561586013995e-05,
                        0.00024003862927202135,
                        666985.1875
                    ],
                    [
                        5471992.0,
                        4.2350944568170235e-05,
                        0.00019315553072374314,
                        641558.875
                    ],
                    [
                        7102440.0,
                        3.9908583858050406e-05,
                        0.00022412248654291034,
                        477795.28125
                    ]
                ]
            ],
            "actions": [
                [
                    [
                        0.25
                    ],
                    [
                        0.25
                    ],
                    [
                        0.5
                    ],
                    [
                        0.5
                    ],
                    [
                        0.5
                    ],
                    [
                        0.5
                    ],
                    [
                        0.5
                    ],
                    [
                        0.5
                    ],
                    [
                        0.5
                    ],
                    [
                        0.5
                    ],
                    [
                        0.5
                    ],
                    [
                        0.5
                    ],
                    [
                        0.5
                    ],
                    [
                        0.5
                    ],
                    [
                        0.5
                    ],
                    [
                        0.5
                    ],
                    [
                        0.5
                    ],
                    [
                        0.5
                    ],
                    [
                        0.5
                    ],
                    [
                        0.5
                    ]
                ]
            ],
            "returns": [
                [
                    [
                        0.18974736332893372
                    ],
                    [
                        0.1888137310743332
                    ],
                    [
                        0.1878683865070343
                    ],
                    [
                        0.1871568113565445
                    ],
                    [
                        0.18639831244945526
                    ],
                    [
                        0.18559066951274872
                    ],
                    [
                        0.18471598625183105
                    ],
                    [
                        0.18378916382789612
                    ],
                    [
                        0.18282951414585114
                    ],
                    [
                        0.18183764815330505
                    ],
                    [
                        0.18085305392742157
                    ],
                    [
                        0.17986753582954407
                    ],
                    [
                        0.17886963486671448
                    ],
                    [
                        0.17787520587444305
                    ],
                    [
                        0.176888570189476
                    ],
                    [
                        0.17594735324382782
                    ],
                    [
                        0.17502199113368988
                    ],
                    [
                        0.17408300936222076
                    ],
                    [
                        0.17315275967121124
                    ],
                    [
                        0.1722172051668167
                    ]
                ]
            ],
            "timesteps": [
                [
                    420,
                    421,
                    422,
                    423,
                    424,
                    425,
                    426,
                    427,
                    428,
                    429,
                    430,
                    431,
                    432,
                    433,
                    434,
                    435,
                    436,
                    437,
                    438,
                    439
                ]
            ],
            "labels": [
                [
                    0,
                    0,
                    1,
                    1,
                    1,
                    1,
                    1,
                    1,
                    1,
                    1,
                    1,
                    1,
                    1,
                    1,
                    1,
                    1,
                    1,
                    1,
                    1,
                    1
                ]
            ],
            "CPU Usage": 46.5,
            "RAM Usage": 55.0,
            "GPU Usage": 0.0,
            "VRAM Usage": 355.0,
            "Disk Read Speed (MB/s)": 206647.0810546875,
            "Disk Write Speed (MB/s)": 422598.4697265625
        },
        {
            "step": 1,
            "train_loss": 0.006897525396198034,
            "actions_pred1": [
                [
                    [
                        2.677572011947632,
                        1.382997989654541,
                        2.5764143466949463,
                        -4.163394927978516
                    ],
                    [
                        2.791092872619629,
                        0.7270547151565552,
                        1.79045832157135,
                        -3.7692952156066895
                    ],
                    [
                        2.7718377113342285,
                        0.2740917503833771,
                        1.532548427581787,
                        -4.130928993225098
                    ],
                    [
                        2.888904571533203,
                        0.27914848923683167,
                        1.4220309257507324,
                        -4.464098930358887
                    ],
                    [
                        3.0818428993225098,
                        0.4044629633426666,
                        1.3627057075500488,
                        -4.767938613891602
                    ],
                    [
                        2.990924596786499,
                        0.38531848788261414,
                        1.4774283170700073,
                        -4.735452651977539
                    ],
                    [
                        3.3519721031188965,
                        0.5539144277572632,
                        1.5139583349227905,
                        -5.348662853240967
                    ],
                    [
                        3.370638847351074,
                        0.49079665541648865,
                        1.4841959476470947,
                        -5.578455924987793
                    ],
                    [
                        3.6775097846984863,
                        1.1709003448486328,
                        1.863801121711731,
                        -6.283720970153809
                    ],
                    [
                        3.9548165798187256,
                        1.1194067001342773,
                        1.8436232805252075,
                        -6.260250091552734
                    ],
                    [
                        3.9691052436828613,
                        0.8647328615188599,
                        1.7383615970611572,
                        -6.233503818511963
                    ],
                    [
                        3.718052625656128,
                        0.8083546161651611,
                        1.7569527626037598,
                        -6.04257345199585
                    ],
                    [
                        3.9419989585876465,
                        0.8620370626449585,
                        1.7528417110443115,
                        -6.232798099517822
                    ],
                    [
                        4.120606899261475,
                        0.8710101842880249,
                        2.083397150039673,
                        -6.278183460235596
                    ],
                    [
                        4.107622146606445,
                        0.7809171080589294,
                        1.9746291637420654,
                        -5.7855024337768555
                    ],
                    [
                        4.114832878112793,
                        0.6101534366607666,
                        1.8421686887741089,
                        -5.894681453704834
                    ],
                    [
                        4.14788818359375,
                        0.7396383881568909,
                        1.7417683601379395,
                        -6.399428367614746
                    ],
                    [
                        4.05812931060791,
                        0.846611738204956,
                        1.6994359493255615,
                        -6.306736469268799
                    ],
                    [
                        4.206621170043945,
                        0.9302417039871216,
                        1.7701994180679321,
                        -6.288681983947754
                    ],
                    [
                        4.087494373321533,
                        0.868033766746521,
                        1.9357705116271973,
                        -6.3463287353515625
                    ]
                ]
            ],
            "actions_pred": [
                [
                    [
                        2.677572011947632,
                        2.791092872619629,
                        2.7718377113342285,
                        2.888904571533203,
                        3.0818428993225098,
                        2.990924596786499,
                        3.3519721031188965,
                        3.370638847351074,
                        3.6775097846984863,
                        3.9548165798187256,
                        3.9691052436828613,
                        3.718052625656128,
                        3.9419989585876465,
                        4.120606899261475,
                        4.107622146606445,
                        4.114832878112793,
                        4.14788818359375,
                        4.05812931060791,
                        4.206621170043945,
                        4.087494373321533
                    ],
                    [
                        1.382997989654541,
                        0.7270547151565552,
                        0.2740917503833771,
                        0.27914848923683167,
                        0.4044629633426666,
                        0.38531848788261414,
                        0.5539144277572632,
                        0.49079665541648865,
                        1.1709003448486328,
                        1.1194067001342773,
                        0.8647328615188599,
                        0.8083546161651611,
                        0.8620370626449585,
                        0.8710101842880249,
                        0.7809171080589294,
                        0.6101534366607666,
                        0.7396383881568909,
                        0.846611738204956,
                        0.9302417039871216,
                        0.868033766746521
                    ],
                    [
                        2.5764143466949463,
                        1.79045832157135,
                        1.532548427581787,
                        1.4220309257507324,
                        1.3627057075500488,
                        1.4774283170700073,
                        1.5139583349227905,
                        1.4841959476470947,
                        1.863801121711731,
                        1.8436232805252075,
                        1.7383615970611572,
                        1.7569527626037598,
                        1.7528417110443115,
                        2.083397150039673,
                        1.9746291637420654,
                        1.8421686887741089,
                        1.7417683601379395,
                        1.6994359493255615,
                        1.7701994180679321,
                        1.9357705116271973
                    ],
                    [
                        -4.163394927978516,
                        -3.7692952156066895,
                        -4.130928993225098,
                        -4.464098930358887,
                        -4.767938613891602,
                        -4.735452651977539,
                        -5.348662853240967,
                        -5.578455924987793,
                        -6.283720970153809,
                        -6.260250091552734,
                        -6.233503818511963,
                        -6.04257345199585,
                        -6.232798099517822,
                        -6.278183460235596,
                        -5.7855024337768555,
                        -5.894681453704834,
                        -6.399428367614746,
                        -6.306736469268799,
                        -6.288681983947754,
                        -6.3463287353515625
                    ]
                ]
            ],
            "states": [
                [
                    [
                        5130264.0,
                        9.53052585828118e-06,
                        0.00017112551722675562,
                        484343.53125
                    ],
                    [
                        5473440.0,
                        9.464440154260956e-06,
                        0.00025726869353093207,
                        530369.25
                    ],
                    [
                        5615344.0,
                        9.396303539688233e-06,
                        0.000244751397985965,
                        507658.4375
                    ],
                    [
                        5705120.0,
                        9.327747648057994e-06,
                        0.0002547030453570187,
                        475297.125
                    ],
                    [
                        5661680.0,
                        9.25990843825275e-06,
                        0.0002602769818622619,
                        509474.46875
                    ],
                    [
                        5626928.0,
                        9.193505320581608e-06,
                        0.00028401854797266424,
                        512406.875
                    ],
                    [
                        7240000.0,
                        9.118992238654755e-06,
                        0.00026182830333709717,
                        473767.34375
                    ],
                    [
                        6098976.0,
                        9.042967576533556e-06,
                        0.00025427230866625905,
                        486137.84375
                    ],
                    [
                        5957072.0,
                        8.975355740403756e-06,
                        0.00025071317213587463,
                        481721.90625
                    ],
                    [
                        6045400.0,
                        8.909044481697492e-06,
                        0.000257556646829471,
                        512695.15625
                    ],
                    [
                        5554528.0,
                        8.845872798701748e-06,
                        0.0002534309751354158,
                        490408.03125
                    ],
                    [
                        5395248.0,
                        8.787061233306304e-06,
                        0.00019772094674408436,
                        502051.125
                    ],
                    [
                        6014992.0,
                        8.726612577447668e-06,
                        0.00023689404770266265,
                        496127.90625
                    ],
                    [
                        5615344.0,
                        8.665836503496394e-06,
                        0.00024040597782004625,
                        497831.1875
                    ],
                    [
                        5961416.0,
                        8.60618456499651e-06,
                        0.00023798528127372265,
                        498399.9375
                    ],
                    [
                        5690640.0,
                        8.546960089006461e-06,
                        0.0002599294239189476,
                        501903.53125
                    ],
                    [
                        6043952.0,
                        8.48813488119049e-06,
                        0.0002636733988765627,
                        501576.46875
                    ],
                    [
                        7975584.0,
                        8.418936886300799e-06,
                        0.00023683813924435526,
                        444337.65625
                    ],
                    [
                        5891912.0,
                        8.351544238394126e-06,
                        0.0002558637352194637,
                        498428.25
                    ],
                    [
                        6125040.0,
                        8.294033250422217e-06,
                        0.00024174025747925043,
                        501703.09375
                    ]
                ]
            ],
            "actions": [
                [
                    [
                        0.25
                    ],
                    [
                        0.25
                    ],
                    [
                        0.25
                    ],
                    [
                        0.25
                    ],
                    [
                        0.25
                    ],
                    [
                        0.25
                    ],
                    [
                        0.25
                    ],
                    [
                        0.25
                    ],
                    [
                        0.25
                    ],
                    [
                        0.25
                    ],
                    [
                        0.25
                    ],
                    [
                        0.25
                    ],
                    [
                        0.25
                    ],
                    [
                        0.25
                    ],
                    [
                        0.25
                    ],
                    [
                        0.25
                    ],
                    [
                        0.25
                    ],
                    [
                        0.25
                    ],
                    [
                        0.25
                    ],
                    [
                        0.25
                    ]
                ]
            ],
            "returns": [
                [
                    [
                        0.20859551429748535
                    ],
                    [
                        0.20766568183898926
                    ],
                    [
                        0.20673011243343353
                    ],
                    [
                        0.20579227805137634
                    ],
                    [
                        0.20485302805900574
                    ],
                    [
                        0.20391446352005005
                    ],
                    [
                        0.20297643542289734
                    ],
                    [
                        0.20201605558395386
                    ],
                    [
                        0.2010708898305893
                    ],
                    [
                        0.20012782514095306
                    ],
                    [
                        0.19918343424797058
                    ],
                    [
                        0.1982465535402298
                    ],
                    [
                        0.19731226563453674
                    ],
                    [
                        0.19636832177639008
                    ],
                    [
                        0.19543048739433289
                    ],
                    [
                        0.19448734819889069
                    ],
                    [
                        0.193548321723938
                    ],
                    [
                        0.1926039606332779
                    ],
                    [
                        0.19163501262664795
                    ],
                    [
                        0.19069290161132812
                    ]
                ]
            ],
            "timesteps": [
                [
                    400,
                    401,
                    402,
                    403,
                    404,
                    405,
                    406,
                    407,
                    408,
                    409,
                    410,
                    411,
                    412,
                    413,
                    414,
                    415,
                    416,
                    417,
                    418,
                    419
                ]
            ],
            "labels": [
                [
                    0,
                    0,
                    0,
                    0,
                    0,
                    0,
                    0,
                    0,
                    0,
                    0,
                    0,
                    0,
                    0,
                    0,
                    0,
                    0,
                    0,
                    0,
                    0,
                    0
                ]
            ],
            "CPU Usage": 46.7,
            "RAM Usage": 55.1,
            "GPU Usage": 0.0,
            "VRAM Usage": 356.0,
            "Disk Read Speed (MB/s)": 206647.0810546875,
            "Disk Write Speed (MB/s)": 422598.5322265625
        },
        {
            "step": 2,
            "train_loss": 0.01762869581580162,
            "actions_pred1": [
                [
                    [
                        1.350287675857544,
                        0.6584144830703735,
                        1.5899630784988403,
                        -3.195801258087158
                    ],
                    [
                        1.8902422189712524,
                        0.8622844219207764,
                        1.6201343536376953,
                        -2.9732930660247803
                    ],
                    [
                        2.2642040252685547,
                        0.8316128253936768,
                        1.0854674577713013,
                        -2.897355079650879
                    ],
                    [
                        2.3282601833343506,
                        0.900449812412262,
                        1.0919017791748047,
                        -2.937770128250122
                    ],
                    [
                        2.5502922534942627,
                        0.7996690273284912,
                        1.5272579193115234,
                        -3.7768735885620117
                    ],
                    [
                        2.4176018238067627,
                        0.6893783807754517,
                        1.6769602298736572,
                        -3.7750091552734375
                    ],
                    [
                        2.2679872512817383,
                        0.5750531554222107,
                        1.8360371589660645,
                        -3.6594114303588867
                    ],
                    [
                        2.1678247451782227,
                        0.5286016464233398,
                        1.7740745544433594,
                        -3.9068922996520996
                    ],
                    [
                        2.3523945808410645,
                        0.7049696445465088,
                        2.030377149581909,
                        -4.120515823364258
                    ],
                    [
                        2.4911208152770996,
                        0.6641669869422913,
                        2.350532293319702,
                        -4.279666900634766
                    ],
                    [
                        2.4670839309692383,
                        0.7161322832107544,
                        2.2915713787078857,
                        -4.352071285247803
                    ],
                    [
                        2.983279228210449,
                        0.585304856300354,
                        2.470452070236206,
                        -4.909419059753418
                    ],
                    [
                        2.5653438568115234,
                        0.5931596755981445,
                        2.2870235443115234,
                        -4.6189470291137695
                    ],
                    [
                        2.6257832050323486,
                        0.3394513428211212,
                        2.191962957382202,
                        -4.788938999176025
                    ],
                    [
                        2.8251423835754395,
                        0.39266645908355713,
                        2.038250684738159,
                        -5.009753227233887
                    ],
                    [
                        2.9852211475372314,
                        0.45332151651382446,
                        2.022400379180908,
                        -5.209303379058838
                    ],
                    [
                        2.8950862884521484,
                        0.7576477527618408,
                        2.2180097103118896,
                        -5.6680169105529785
                    ],
                    [
                        2.9428138732910156,
                        0.7494571208953857,
                        2.141653060913086,
                        -5.173098564147949
                    ],
                    [
                        2.8746209144592285,
                        0.591105580329895,
                        2.095890998840332,
                        -5.004971981048584
                    ],
                    [
                        2.832744836807251,
                        0.3868430256843567,
                        2.234093427658081,
                        -4.886629104614258
                    ]
                ]
            ],
            "actions_pred": [
                [
                    [
                        1.350287675857544,
                        1.8902422189712524,
                        2.2642040252685547,
                        2.3282601833343506,
                        2.5502922534942627,
                        2.4176018238067627,
                        2.2679872512817383,
                        2.1678247451782227,
                        2.3523945808410645,
                        2.4911208152770996,
                        2.4670839309692383,
                        2.983279228210449,
                        2.5653438568115234,
                        2.6257832050323486,
                        2.8251423835754395,
