{
    "steps": [
        {
            "step": 0,
            "train_loss": 0.04649575054645538,
            "actions_pred1": [
                [
                    [
                        0.5678579211235046,
                        0.4059326648712158,
                        1.674146294593811,
                        -1.7611371278762817
                    ],
                    [
                        0.5368068814277649,
                        0.3998733162879944,
                        1.7621610164642334,
                        -1.7951183319091797
                    ],
                    [
                        0.4891538619995117,
                        0.5518952012062073,
                        1.6396293640136719,
                        -1.888580322265625
                    ],
                    [
                        0.3203711211681366,
                        0.65800940990448,
                        1.743241310119629,
                        -2.0141658782958984
                    ],
                    [
                        0.4255581200122833,
                        0.8040478825569153,
                        1.6503589153289795,
                        -1.9345121383666992
                    ],
                    [
                        0.5304279327392578,
                        0.6199820041656494,
                        1.4101516008377075,
                        -1.9397876262664795
                    ],
                    [
                        0.560727596282959,
                        0.6296807527542114,
                        1.3892056941986084,
                        -1.9550544023513794
                    ],
                    [
                        0.5301069617271423,
                        0.8441914916038513,
                        1.4996669292449951,
                        -1.880737066268921
                    ],
                    [
                        0.5956206321716309,
                        0.7573729753494263,
                        1.5991744995117188,
                        -1.9171743392944336
                    ],
                    [
                        0.6663792729377747,
                        0.7115687131881714,
                        1.5418545007705688,
                        -2.027496099472046
                    ],
                    [
                        0.6393558382987976,
                        0.7203441858291626,
                        1.5204228162765503,
                        -2.021873950958252
                    ],
                    [
                        0.6427140235900879,
                        0.7865326404571533,
                        1.507569670677185,
                        -2.091700315475464
                    ],
                    [
                        0.5914432406425476,
                        0.8608913421630859,
                        1.6304203271865845,
                        -2.213196039199829
                    ],
                    [
                        0.8563253879547119,
                        0.905552089214325,
                        1.6486034393310547,
                        -2.22019624710083
                    ],
                    [
                        0.8386842608451843,
                        0.9518355131149292,
                        1.5996969938278198,
                        -2.156379222869873
                    ],
                    [
                        0.8076314926147461,
                        0.8285331726074219,
                        1.6210758686065674,
                        -2.2208664417266846
                    ],
                    [
                        0.76542067527771,
                        0.666595995426178,
                        1.7211514711380005,
                        -2.158409595489502
                    ],
                    [
                        0.7826006412506104,
                        0.6435267925262451,
                        1.6181575059890747,
                        -2.069807767868042
                    ],
                    [
                        0.7570853233337402,
                        0.7583935260772705,
                        1.7834973335266113,
                        -2.1573801040649414
                    ],
                    [
                        0.8401853442192078,
                        0.7230189442634583,
                        1.8280788660049438,
                        -2.109161376953125
                    ]
                ]
            ],
            "actions_pred": [
                [
                    [
                        0.5678579211235046,
                        0.5368068814277649,
                        0.4891538619995117,
                        0.3203711211681366,
                        0.4255581200122833,
                        0.5304279327392578,
                        0.560727596282959,
                        0.5301069617271423,
                        0.5956206321716309,
                        0.6663792729377747,
                        0.6393558382987976,
                        0.6427140235900879,
                        0.5914432406425476,
                        0.8563253879547119,
                        0.8386842608451843,
                        0.8076314926147461,
                        0.76542067527771,
                        0.7826006412506104,
                        0.7570853233337402,
                        0.8401853442192078
                    ],
                    [
                        0.4059326648712158,
                        0.3998733162879944,
                        0.5518952012062073,
                        0.65800940990448,
                        0.8040478825569153,
                        0.6199820041656494,
                        0.6296807527542114,
                        0.8441914916038513,
                        0.7573729753494263,
                        0.7115687131881714,
                        0.7203441858291626,
                        0.7865326404571533,
                        0.8608913421630859,
                        0.905552089214325,
                        0.9518355131149292,
                        0.8285331726074219,
                        0.666595995426178,
                        0.6435267925262451,
                        0.7583935260772705,
                        0.7230189442634583
                    ],
                    [
                        1.674146294593811,
                        1.7621610164642334,
                        1.6396293640136719,
                        1.743241310119629,
                        1.6503589153289795,
                        1.4101516008377075,
                        1.3892056941986084,
                        1.4996669292449951,
                        1.5991744995117188,
                        1.5418545007705688,
                        1.5204228162765503,
                        1.507569670677185,
                        1.6304203271865845,
                        1.6486034393310547,
                        1.5996969938278198,
                        1.6210758686065674,
                        1.7211514711380005,
                        1.6181575059890747,
                        1.7834973335266113,
                        1.8280788660049438
                    ],
                    [
                        -1.7611371278762817,
                        -1.7951183319091797,
                        -1.888580322265625,
                        -2.0141658782958984,
                        -1.9345121383666992,
                        -1.9397876262664795,
                        -1.9550544023513794,
                        -1.880737066268921,
                        -1.9171743392944336,
                        -2.027496099472046,
                        -2.021873950958252,
                        -2.091700315475464,
                        -2.213196039199829,
                        -2.22019624710083,
                        -2.156379222869873,
                        -2.2208664417266846,
                        -2.158409595489502,
                        -2.069807767868042,
                        -2.1573801040649414,
                        -2.109161376953125
                    ]
                ]
            ],
            "states": [
                [
                    [
                        5354704.0,
                        8.239823728217743e-06,
                        0.00025337765691801906,
                        501396.375
                    ],
                    [
                        6112008.0,
                        8.186386367015075e-06,
                        0.00023226119810715318,
                        493386.84375
                    ],
                    [
                        437474.0,
                        0.04059061408042908,
                        0.000310274597723037,
                        179519.703125
                    ],
                    [
                        742824.0,
                        0.00568061089143157,
                        0.00025462565827183425,
                        494869.5625
                    ],
                    [
                        1293064.0,
                        0.002463217591866851,
                        0.00027542549651116133,
                        568802.125
                    ],
                    [
                        2754096.0,
                        0.001175331766717136,
                        0.00025879128952510655,
                        506395.59375
                    ],
                    [
                        4959400.0,
                        0.0005831622984260321,
                        0.0002528103068470955,
                        510830.5
                    ],
                    [
                        7180632.0,
                        0.0003223789972253144,
                        0.00020026147831231356,
                        497092.78125
                    ],
                    [
                        10328584.0,
                        0.00019613979384303093,
                        0.00022364039614330977,
                        447740.25
                    ],
                    [
                        9514808.0,
                        0.00013474683510139585,
                        0.0002323320077266544,
                        458092.9375
                    ],
                    [
                        9614720.0,
                        0.00010378147271694615,
                        0.00023472661268897355,
                        451882.15625
                    ],
                    [
                        11055480.0,
                        8.32404475659132e-05,
                        0.00024062122975010425,
                        451078.96875
                    ],
                    [
                        10631216.0,
                        6.886368646519259e-05,
                        0.0001874879380920902,
                        454141.4375
                    ],
                    [
                        9736352.0,
                        5.92533870076295e-05,
                        0.00025532711879350245,
                        501440.96875
                    ],
                    [
                        5832544.0,
                        5.351470463210717e-05,
                        0.0002452299522701651,
                        514617.375
                    ],
                    [
                        4878312.0,
                        5.0193953939015046e-05,
                        0.00023082415282260627,
                        598373.25
                    ],
                    [
                        5687744.0,
                        4.730764703708701e-05,
                        0.00026125748991034925,
                        594833.125
                    ],
                    [
                        5154880.0,
                        4.466561586013995e-05,
                        0.00024003862927202135,
                        666985.1875
                    ],
                    [
                        5471992.0,
                        4.2350944568170235e-05,
                        0.00019315553072374314,
                        641558.875
                    ],
                    [
                        7102440.0,
                        3.9908583858050406e-05,
                        0.00022412248654291034,
                        477795.28125
                    ]
                ]
            ],
            "actions": [
                [
                    [
                        0.25
                    ],
                    [
                        0.25
                    ],
                    [
                        0.5
                    ],
                    [
                        0.5
                    ],
                    [
                        0.5
                    ],
                    [
                        0.5
                    ],
                    [
                        0.5
                    ],
                    [
                        0.5
                    ],
                    [
                        0.5
                    ],
                    [
                        0.5
                    ],
                    [
                        0.5
                    ],
                    [
                        0.5
                    ],
                    [
                        0.5
                    ],
                    [
                        0.5
                    ],
                    [
                        0.5
                    ],
                    [
                        0.5
                    ],
                    [
                        0.5
                    ],
                    [
                        0.5
                    ],
                    [
                        0.5
                    ],
                    [
                        0.5
                    ]
                ]
            ],
            "returns": [
                [
                    [
                        0.18974736332893372
                    ],
                    [
                        0.1888137310743332
                    ],
                    [
                        0.1878683865070343
                    ],
                    [
                        0.1871568113565445
                    ],
                    [
                        0.18639831244945526
                    ],
                    [
                        0.18559066951274872
                    ],
                    [
                        0.18471598625183105
                    ],
                    [
                        0.18378916382789612
                    ],
                    [
                        0.18282951414585114
                    ],
                    [
                        0.18183764815330505
                    ],
                    [
                        0.18085305392742157
                    ],
                    [
                        0.17986753582954407
                    ],
                    [
                        0.17886963486671448
                    ],
                    [
                        0.17787520587444305
                    ],
                    [
                        0.176888570189476
                    ],
                    [
                        0.17594735324382782
                    ],
                    [
                        0.17502199113368988
                    ],
                    [
                        0.17408300936222076
                    ],
                    [
                        0.17315275967121124
                    ],
                    [
                        0.1722172051668167
                    ]
                ]
            ],
            "timesteps": [
                [
                    420,
                    421,
                    422,
                    423,
                    424,
                    425,
                    426,
                    427,
                    428,
                    429,
                    430,
                    431,
                    432,
                    433,
                    434,
                    435,
                    436,
                    437,
                    438,
                    439
                ]
            ],
            "labels": [
                [
                    0,
                    0,
                    1,
                    1,
                    1,
                    1,
                    1,
                    1,
                    1,
                    1,
                    1,
                    1,
                    1,
                    1,
                    1,
                    1,
                    1,
                    1,
                    1,
                    1
                ]
            ],
            "CPU Usage": 46.1,
            "RAM Usage": 54.9,
            "GPU Usage": 0.0,
            "VRAM Usage": 355.0,
            "Disk Read Speed (MB/s)": 206579.2001953125,
            "Disk Write Speed (MB/s)": 399386.0712890625
        },
        {
            "step": 1,
            "train_loss": 0.018646229058504105,
            "actions_pred1": [
                [
                    [
                        0.8932688236236572,
                        0.4690011739730835,
                        1.512891173362732,
                        -2.106722831726074
                    ],
                    [
                        0.6394600868225098,
                        0.545854389667511,
                        1.4274109601974487,
                        -1.8819959163665771
                    ],
                    [
                        0.5070323944091797,
                        0.8872179985046387,
                        1.5096275806427002,
                        -1.9868652820587158
                    ],
                    [
                        0.6127692461013794,
                        0.7950437664985657,
                        1.6489654779434204,
                        -1.9987226724624634
                    ],
                    [
                        0.613000750541687,
                        0.7850263118743896,
                        1.5981947183609009,
                        -2.0646023750305176
                    ],
                    [
                        0.7376630902290344,
                        0.7790594100952148,
                        1.6056784391403198,
                        -2.0351171493530273
                    ],
                    [
                        0.6423395872116089,
                        0.6804935932159424,
                        1.6245619058609009,
                        -1.978654146194458
                    ],
                    [
                        0.450375497341156,
                        0.5502246022224426,
                        1.6492913961410522,
                        -2.129025936126709
                    ],
                    [
                        0.5721237659454346,
                        0.44372448325157166,
                        1.5457851886749268,
                        -2.079432249069214
                    ],
                    [
                        0.6420825123786926,
                        0.63996422290802,
                        1.6746628284454346,
                        -2.110109806060791
                    ],
                    [
                        0.5827324986457825,
                        0.7030676603317261,
                        1.7819907665252686,
                        -2.093261241912842
                    ],
                    [
                        0.8345994353294373,
                        0.734868049621582,
                        1.695025086402893,
                        -2.3481032848358154
                    ],
                    [
                        1.0185105800628662,
                        0.6608640551567078,
                        1.7430036067962646,
                        -2.4136576652526855
                    ],
                    [
                        0.8784406185150146,
                        0.6266126036643982,
                        1.4930551052093506,
                        -2.4492011070251465
                    ],
                    [
                        0.7636325359344482,
                        0.6793412566184998,
                        1.5688810348510742,
                        -2.3584036827087402
                    ],
                    [
                        0.7761206030845642,
                        0.5636634230613708,
                        1.8081591129302979,
                        -2.8219666481018066
                    ],
                    [
                        0.817068338394165,
                        0.7052465081214905,
                        1.6215324401855469,
                        -2.516789436340332
                    ],
                    [
                        0.7717096209526062,
                        0.8439671993255615,
                        1.700446605682373,
                        -2.353048324584961
                    ],
                    [
                        0.728846549987793,
                        0.9360952377319336,
                        1.758316993713379,
                        -2.2912824153900146
                    ],
                    [
                        0.7020313143730164,
                        0.9028891324996948,
                        1.7356104850769043,
                        -2.3750500679016113
                    ]
                ]
            ],
            "actions_pred": [
                [
                    [
                        0.8932688236236572,
                        0.6394600868225098,
                        0.5070323944091797,
                        0.6127692461013794,
                        0.613000750541687,
                        0.7376630902290344,
                        0.6423395872116089,
                        0.450375497341156,
                        0.5721237659454346,
                        0.6420825123786926,
                        0.5827324986457825,
                        0.8345994353294373,
                        1.0185105800628662,
                        0.8784406185150146,
                        0.7636325359344482,
                        0.7761206030845642,
                        0.817068338394165,
                        0.7717096209526062,
                        0.728846549987793,
                        0.7020313143730164
                    ],
                    [
                        0.4690011739730835,
                        0.545854389667511,
                        0.8872179985046387,
                        0.7950437664985657,
                        0.7850263118743896,
                        0.7790594100952148,
                        0.6804935932159424,
                        0.5502246022224426,
                        0.44372448325157166,
                        0.63996422290802,
                        0.7030676603317261,
                        0.734868049621582,
                        0.6608640551567078,
                        0.6266126036643982,
                        0.6793412566184998,
                        0.5636634230613708,
                        0.7052465081214905,
                        0.8439671993255615,
                        0.9360952377319336,
                        0.9028891324996948
                    ],
                    [
                        1.512891173362732,
                        1.4274109601974487,
                        1.5096275806427002,
                        1.6489654779434204,
                        1.5981947183609009,
                        1.6056784391403198,
                        1.6245619058609009,
                        1.6492913961410522,
                        1.5457851886749268,
                        1.6746628284454346,
                        1.7819907665252686,
                        1.695025086402893,
                        1.7430036067962646,
                        1.4930551052093506,
                        1.5688810348510742,
                        1.8081591129302979,
                        1.6215324401855469,
                        1.700446605682373,
                        1.758316993713379,
                        1.7356104850769043
                    ],
                    [
                        -2.106722831726074,
                        -1.8819959163665771,
                        -1.9868652820587158,
                        -1.9987226724624634,
                        -2.0646023750305176,
                        -2.0351171493530273,
                        -1.978654146194458,
                        -2.129025936126709,
                        -2.079432249069214,
                        -2.110109806060791,
                        -2.093261241912842,
                        -2.3481032848358154,
                        -2.4136576652526855,
                        -2.4492011070251465,
                        -2.3584036827087402,
                        -2.8219666481018066,
                        -2.516789436340332,
                        -2.353048324584961,
                        -2.2912824153900146,
                        -2.3750500679016113
                    ]
                ]
            ],
            "states": [
                [
                    [
                        5305472.0,
                        8.719099241716322e-06,
                        0.00013201982073951513,
                        847637.0625
                    ],
                    [
                        5427104.0,
                        8.626127055322286e-06,
                        0.00013791865785606205,
                        798609.0
                    ],
                    [
                        5450272.0,
                        8.533900654583704e-06,
                        0.00014453318726737052,
                        879716.5
                    ],
                    [
                        5114336.0,
                        8.446181709587108e-06,
                        0.00014699026360176504,
                        849232.5625
                    ],
                    [
                        5466200.0,
                        8.360139872820582e-06,
                        0.00016071676509454846,
                        823946.3125
                    ],
                    [
                        5315608.0,
                        8.27424355520634e-06,
                        0.00016249381587840617,
                        854104.0625
                    ],
                    [
                        5602312.0,
                        8.189044820028357e-06,
                        0.0001488575799157843,
                        832423.8125
                    ],
                    [
                        5063656.0,
                        8.107467692752834e-06,
                        0.00016087492986116558,
                        837260.4375
                    ],
                    [
                        5243208.0,
                        8.030191565921996e-06,
                        0.00016716374375391752,
                        847603.1875
                    ],
                    [
                        5813720.0,
                        7.948916390887462e-06,
                        0.00019032474665436894,
                        855439.25
                    ],
                    [
                        5408280.0,
                        7.868069587857462e-06,
                        0.00018542619363870472,
                        819410.4375
                    ],
                    [
                        5082480.0,
                        7.7939621405676e-06,
                        0.000198170033399947,
                        886572.3125
                    ],
                    [
                        5553080.0,
                        7.720262146904133e-06,
                        0.0001916241308208555,
                        834980.5
                    ],
                    [
                        5222936.0,
                        7.646989615750499e-06,
                        0.0002063407882815227,
                        810099.0
                    ],
                    [
                        5267824.0,
                        7.57698762754444e-06,
                        0.00023895764024928212,
                        771615.4375
                    ],
                    [
                        5292440.0,
                        7.507794634875609e-06,
                        0.00025051896227523685,
                        873322.6875
                    ],
                    [
                        5603760.0,
                        7.437720341840759e-06,
                        0.0002676467993296683,
                        855312.0625
                    ],
                    [
                        5289312.0,
                        7.368956630671164e-06,
                        0.0002700872428249568,
                        823382.9375
                    ],
                    [
                        5275296.0,
                        7.303467100427952e-06,
                        0.0002660537720657885,
                        780031.4375
                    ],
                    [
                        5143296.0,
                        7.240012109832605e-06,
                        0.00026454709586687386,
                        808306.8125
                    ]
                ]
            ],
            "actions": [
                [
                    [
                        0.75
                    ],
                    [
                        0.75
                    ],
                    [
                        0.75
                    ],
                    [
                        0.75
                    ],
                    [
                        0.75
                    ],
                    [
                        0.75
                    ],
                    [
                        0.75
                    ],
                    [
                        0.75
                    ],
                    [
                        0.75
                    ],
                    [
                        0.75
                    ],
                    [
                        0.75
                    ],
                    [
                        0.75
                    ],
                    [
                        0.75
                    ],
                    [
                        0.75
                    ],
                    [
                        0.75
                    ],
                    [
                        0.75
                    ],
                    [
                        0.75
                    ],
                    [
                        0.75
                    ],
                    [
                        0.75
                    ],
                    [
                        0.75
                    ]
                ]
            ],
            "returns": [
                [
                    [
                        0.5055230259895325
                    ],
                    [
                        0.5045902132987976
                    ],
                    [
                        0.5036553740501404
                    ],
                    [
                        0.5027201771736145
                    ],
                    [
                        0.5017906427383423
                    ],
                    [
                        0.5008551478385925
                    ],
                    [
                        0.4999221861362457
                    ],
                    [
                        0.49898457527160645
                    ],
                    [
                        0.49805590510368347
                    ],
                    [
                        0.4971241354942322
                    ],
                    [
                        0.49618321657180786
                    ],
                    [
                        0.4952487051486969
                    ],
                    [
                        0.49431970715522766
                    ],
                    [
                        0.49338284134864807
                    ],
                    [
                        0.49245142936706543
                    ],
                    [
                        0.4915192425251007
                    ],
                    [
                        0.49058666825294495
                    ],
                    [
                        0.4896489977836609
                    ],
                    [
                        0.4887164533138275
                    ],
                    [
                        0.48778414726257324
                    ]
                ]
            ],
            "timesteps": [
                [
                    80,
                    81,
                    82,
                    83,
                    84,
                    85,
                    86,
                    87,
                    88,
                    89,
                    90,
                    91,
                    92,
                    93,
                    94,
                    95,
                    96,
                    97,
                    98,
                    99
                ]
            ],
            "labels": [
                [
                    2,
                    2,
                    2,
                    2,
                    2,
                    2,
                    2,
                    2,
                    2,
                    2,
                    2,
                    2,
                    2,
                    2,
                    2,
                    2,
                    2,
                    2,
                    2,
                    2
                ]
            ],
            "CPU Usage": 46.8,
            "RAM Usage": 55.0,
            "GPU Usage": 0.0,
            "VRAM Usage": 355.0,
            "Disk Read Speed (MB/s)": 206579.2001953125,
            "Disk Write Speed (MB/s)": 399386.1220703125
        },
        {
            "step": 2,
            "train_loss": 0.02546803653240204,
            "actions_pred1": [
                [
                    [
                        0.08294812589883804,
                        0.07476852834224701,
                        1.5640376806259155,
                        -1.8366445302963257
                    ],
                    [
                        0.1672755479812622,
                        0.14396654069423676,
                        1.4769231081008911,
                        -1.9390583038330078
                    ],
                    [
                        0.26606035232543945,
                        0.35222500562667847,
                        1.458123803138733,
                        -1.993438482284546
                    ],
                    [
                        0.28518807888031006,
                        0.3335297703742981,
                        1.4173462390899658,
                        -1.9454820156097412
                    ],
                    [
                        0.1603461056947708,
                        0.5181227922439575,
                        1.532073736190796,
                        -1.900390625
                    ],
                    [
                        0.11022487282752991,
                        0.5777280926704407,
                        1.5188915729522705,
                        -1.976717233657837
                    ],
                    [
                        0.4509667754173279,
                        0.5297541618347168,
                        1.5127557516098022,
                        -1.973747730255127
                    ],
                    [
                        0.6326533555984497,
                        0.5694403648376465,
                        1.5020534992218018,
                        -1.8413703441619873
                    ],
                    [
                        0.6435278654098511,
                        0.5303924679756165,
                        1.5013294219970703,
                        -1.8603301048278809
                    ],
                    [
                        0.608046293258667,
                        0.5587839484214783,
                        1.4983237981796265,
                        -1.934324026107788
                    ],
                    [
                        0.6145888566970825,
                        0.5414457321166992,
                        1.4322670698165894,
                        -1.8250610828399658
                    ],
                    [
                        0.6378536224365234,
                        0.5147356390953064,
                        1.3927228450775146,
                        -1.9460316896438599
                    ],
                    [
                        0.9224656820297241,
                        0.5894643068313599,
                        1.4402936697006226,
                        -2.104464054107666
                    ],
                    [
                        0.9408157467842102,
                        0.5658750534057617,
                        1.32266366481781,
                        -1.888630747795105
                    ],
                    [
                        1.035698652267456,
                        0.5367904901504517,
                        1.2929408550262451,
                        -1.844947099685669
                    ],
                    [
                        0.9447044134140015,
                        0.5083673000335693,
                        1.3340295553207397,
                        -1.9351246356964111
                    ],
                    [
                        0.7835585474967957,
                        0.4944038391113281,
                        1.2921983003616333,
                        -1.8849763870239258
                    ],
                    [
                        0.7883788347244263,
                        0.510486900806427,
                        1.3515183925628662,
                        -1.9956468343734741
                    ],
                    [
                        0.8085203766822815,
                        0.5496406555175781,
                        1.4193600416183472,
                        -1.9263112545013428
                    ],
                    [
                        0.7993191480636597,
                        0.5421108603477478,
                        1.3246173858642578,
                        -1.99235999584198
                    ]
                ]
            ],
            "actions_pred": [
                [
                    [
                        0.08294812589883804,
                        0.1672755479812622,
                        0.26606035232543945,
                        0.28518807888031006,
                        0.1603461056947708,
                        0.11022487282752991,
                        0.4509667754173279,
                        0.6326533555984497,
                        0.6435278654098511,
                        0.608046293258667,
                        0.6145888566970825,
                        0.6378536224365234,
                        0.9224656820297241,
                        0.9408157467842102,
