{
    "steps": [
        {
            "step": 0,
            "train_loss": 0.0327175110578537,
            "actions_pred1": [
                [
                    [
                        0.9425743818283081,
                        1.160707712173462,
                        1.2519859075546265,
                        -2.46136474609375
                    ],
                    [
                        1.137194037437439,
                        0.7508403658866882,
                        1.3293931484222412,
                        -2.784533739089966
                    ],
                    [
                        0.9177004098892212,
                        0.9188036918640137,
                        1.1769026517868042,
                        -2.784529209136963
                    ],
                    [
                        0.7044093608856201,
                        0.9726239442825317,
                        1.1912871599197388,
                        -2.8561930656433105
                    ],
                    [
                        0.7795177698135376,
                        0.9758341312408447,
                        1.2263290882110596,
                        -3.046471118927002
                    ],
                    [
                        0.7443990111351013,
                        0.9693158864974976,
                        1.271088719367981,
                        -3.3267602920532227
                    ],
                    [
                        0.699420690536499,
                        1.1254775524139404,
                        1.3701156377792358,
                        -3.3330907821655273
                    ],
                    [
                        0.5753759741783142,
                        1.0022884607315063,
                        1.090648889541626,
                        -3.1704678535461426
                    ],
                    [
                        0.6035040616989136,
                        0.9574167132377625,
                        1.0761916637420654,
                        -3.306589126586914
                    ],
                    [
                        0.6751235127449036,
                        1.0322920083999634,
                        1.1399836540222168,
                        -3.168849468231201
                    ],
                    [
                        0.7567402720451355,
                        1.028759479522705,
                        1.1212571859359741,
                        -2.9711415767669678
                    ],
                    [
                        0.7045643925666809,
                        1.0985594987869263,
                        1.2284066677093506,
                        -2.9463775157928467
                    ],
                    [
                        0.6705870628356934,
                        1.0715117454528809,
                        1.0671801567077637,
                        -2.8553051948547363
                    ],
                    [
                        0.5994415283203125,
                        1.3755137920379639,
                        1.118331789970398,
                        -3.075622081756592
                    ],
                    [
                        0.6126017570495605,
                        1.4377326965332031,
                        1.3421320915222168,
                        -3.7296791076660156
                    ],
                    [
                        0.6290892362594604,
                        1.374983310699463,
                        1.3852776288986206,
                        -3.5477659702301025
                    ],
                    [
                        0.6250622272491455,
                        1.3007181882858276,
                        1.5505844354629517,
                        -3.5560083389282227
                    ],
                    [
                        0.886511504650116,
                        1.2550629377365112,
                        1.5931751728057861,
                        -3.5372395515441895
                    ],
                    [
                        0.9057000279426575,
                        1.4377671480178833,
                        1.32650625705719,
                        -3.697751522064209
                    ],
                    [
                        0.8180677890777588,
                        1.4377923011779785,
                        1.340044379234314,
                        -3.5674796104431152
                    ]
                ]
            ],
            "actions_pred": [
                [
                    [
                        0.9425743818283081,
                        1.137194037437439,
                        0.9177004098892212,
                        0.7044093608856201,
                        0.7795177698135376,
                        0.7443990111351013,
                        0.699420690536499,
                        0.5753759741783142,
                        0.6035040616989136,
                        0.6751235127449036,
                        0.7567402720451355,
                        0.7045643925666809,
                        0.6705870628356934,
                        0.5994415283203125,
                        0.6126017570495605,
                        0.6290892362594604,
                        0.6250622272491455,
                        0.886511504650116,
                        0.9057000279426575,
                        0.8180677890777588
                    ],
                    [
                        1.160707712173462,
                        0.7508403658866882,
                        0.9188036918640137,
                        0.9726239442825317,
                        0.9758341312408447,
                        0.9693158864974976,
                        1.1254775524139404,
                        1.0022884607315063,
                        0.9574167132377625,
                        1.0322920083999634,
                        1.028759479522705,
                        1.0985594987869263,
                        1.0715117454528809,
                        1.3755137920379639,
                        1.4377326965332031,
                        1.374983310699463,
                        1.3007181882858276,
                        1.2550629377365112,
                        1.4377671480178833,
                        1.4377923011779785
                    ],
                    [
                        1.2519859075546265,
                        1.3293931484222412,
                        1.1769026517868042,
                        1.1912871599197388,
                        1.2263290882110596,
                        1.271088719367981,
                        1.3701156377792358,
                        1.090648889541626,
                        1.0761916637420654,
                        1.1399836540222168,
                        1.1212571859359741,
                        1.2284066677093506,
                        1.0671801567077637,
                        1.118331789970398,
                        1.3421320915222168,
                        1.3852776288986206,
                        1.5505844354629517,
                        1.5931751728057861,
                        1.32650625705719,
                        1.340044379234314
                    ],
                    [
                        -2.46136474609375,
                        -2.784533739089966,
                        -2.784529209136963,
                        -2.8561930656433105,
                        -3.046471118927002,
                        -3.3267602920532227,
                        -3.3330907821655273,
                        -3.1704678535461426,
                        -3.306589126586914,
                        -3.168849468231201,
                        -2.9711415767669678,
                        -2.9463775157928467,
                        -2.8553051948547363,
                        -3.075622081756592,
                        -3.7296791076660156,
                        -3.5477659702301025,
                        -3.5560083389282227,
                        -3.5372395515441895,
                        -3.697751522064209,
                        -3.5674796104431152
                    ]
                ]
            ],
            "states": [
                [
                    [
                        4019648.0,
                        3.81172176275868e-05,
                        0.00027542549651116133,
                        604074.25
                    ],
                    [
                        3591040.0,
                        3.7697544030379504e-05,
                        0.00025879128952510655,
                        645691.25
                    ],
                    [
                        4225264.0,
                        3.727625517058186e-05,
                        0.0002528103068470955,
                        514911.09375
                    ],
                    [
                        4439568.0,
                        3.6820012610405684e-05,
                        0.00020026147831231356,
                        552938.5
                    ],
                    [
                        5228728.0,
                        3.6324065149528906e-05,
                        0.00022364039614330977,
                        577892.375
                    ],
                    [
                        5965760.0,
                        3.5766250221058726e-05,
                        0.0002323320077266544,
                        503764.8125
                    ],
                    [
                        6114904.0,
                        3.518302401062101e-05,
                        0.00023472661268897355,
                        508360.15625
                    ],
                    [
                        5644304.0,
                        3.463315078988671e-05,
                        0.00024062122975010425,
                        571257.3125
                    ],
                    [
                        5870192.0,
                        3.411128273000941e-05,
                        0.0001874879380920902,
                        547187.9375
                    ],
                    [
                        5618240.0,
                        3.360593836987391e-05,
                        0.00025532711879350245,
                        590262.375
                    ],
                    [
                        6352376.0,
                        3.3095278922701254e-05,
                        0.0002452299522701651,
                        574275.5
                    ],
                    [
                        5702224.0,
                        3.259619916207157e-05,
                        0.00023082415282260627,
                        543057.75
                    ],
                    [
                        7646888.0,
                        3.206136170774698e-05,
                        0.00026125748991034925,
                        526472.875
                    ],
                    [
                        5964312.0,
                        3.153302532155067e-05,
                        0.00024003862927202135,
                        536332.125
                    ],
                    [
                        5580592.0,
                        3.109858516836539e-05,
                        0.00019315553072374314,
                        564225.875
                    ],
                    [
                        6007752.0,
                        3.0674520530737936e-05,
                        0.00022412248654291034,
                        547189.8125
                    ],
                    [
                        4469976.0,
                        3.0300650905701332e-05,
                        0.00023788119142409414,
                        655379.0
                    ],
                    [
                        3631584.0,
                        3.0017836252227426e-05,
                        0.0002484873402863741,
                        709152.875
                    ],
                    [
                        3940008.0,
                        2.9758366508758627e-05,
                        0.00025739934062585235,
                        659045.125
                    ],
                    [
                        3424520.0,
                        2.951018359453883e-05,
                        0.00019004895875696093,
                        668658.9375
                    ]
                ]
            ],
            "actions": [
                [
                    [
                        0.5
                    ],
                    [
                        0.5
                    ],
                    [
                        0.5
                    ],
                    [
                        0.5
                    ],
                    [
                        0.5
                    ],
                    [
                        0.5
                    ],
                    [
                        0.5
                    ],
                    [
                        0.5
                    ],
                    [
                        0.5
                    ],
                    [
                        0.5
                    ],
                    [
                        0.5
                    ],
                    [
                        0.5
                    ],
                    [
                        0.5
                    ],
                    [
                        0.5
                    ],
                    [
                        0.5
                    ],
                    [
                        0.5
                    ],
                    [
                        0.5
                    ],
                    [
                        0.5
                    ],
                    [
                        0.5
                    ],
                    [
                        0.5
                    ]
                ]
            ],
            "returns": [
                [
                    [
                        0.13405705988407135
                    ],
                    [
                        0.13314884901046753
                    ],
                    [
                        0.13225065171718597
                    ],
                    [
                        0.13133801519870758
                    ],
                    [
                        0.1304210126399994
                    ],
                    [
                        0.1294894963502884
                    ],
                    [
                        0.12854628264904022
                    ],
                    [
                        0.12760089337825775
                    ],
                    [
                        0.12666259706020355
                    ],
                    [
                        0.12572081387043
                    ],
                    [
                        0.12478292733430862
                    ],
                    [
                        0.12383415549993515
                    ],
                    [
                        0.12289495021104813
                    ],
                    [
                        0.12192973494529724
                    ],
                    [
                        0.12098655104637146
                    ],
                    [
                        0.12004926055669785
                    ],
                    [
                        0.11910542845726013
                    ],
                    [
                        0.118187814950943
                    ],
                    [
                        0.11728861182928085
                    ],
                    [
                        0.1163821816444397
                    ]
                ]
            ],
            "timesteps": [
                [
                    480,
                    481,
                    482,
                    483,
                    484,
                    485,
                    486,
                    487,
                    488,
                    489,
                    490,
                    491,
                    492,
                    493,
                    494,
                    495,
                    496,
                    497,
                    498,
                    499
                ]
            ],
            "labels": [
                [
                    1,
                    1,
                    1,
                    1,
                    1,
                    1,
                    1,
                    1,
                    1,
                    1,
                    1,
                    1,
                    1,
                    1,
                    1,
                    1,
                    1,
                    1,
                    1,
                    1
                ]
            ],
            "CPU Usage": 45.3,
            "RAM Usage": 54.9,
            "GPU Usage": 0.0,
            "VRAM Usage": 355.0,
            "Disk Read Speed (MB/s)": 206643.8505859375,
            "Disk Write Speed (MB/s)": 407416.1884765625
        },
        {
            "step": 1,
            "train_loss": 0.01192379929125309,
            "actions_pred1": [
                [
                    [
                        0.3332490921020508,
                        0.5801258683204651,
                        1.8768103122711182,
                        -2.2024333477020264
                    ],
                    [
                        0.3682950735092163,
                        0.7620329856872559,
                        1.8177942037582397,
                        -2.3228933811187744
                    ],
                    [
                        0.38087746500968933,
                        0.917612612247467,
                        1.8687307834625244,
                        -2.452254295349121
                    ],
                    [
                        0.5992321372032166,
                        0.9462410807609558,
                        2.2303731441497803,
                        -2.6116414070129395
                    ],
                    [
                        0.6136542558670044,
                        0.9922500848770142,
                        2.2807648181915283,
                        -2.7577290534973145
                    ],
                    [
                        0.1928149163722992,
                        0.7734037637710571,
                        2.328036308288574,
                        -2.813396453857422
                    ],
                    [
                        0.09813437610864639,
                        0.7935788631439209,
                        2.289120674133301,
                        -2.889714241027832
                    ],
                    [
                        0.27424484491348267,
                        0.921523928642273,
                        2.221266269683838,
                        -2.852163553237915
                    ],
                    [
                        0.34433814883232117,
                        0.8487503528594971,
                        2.122119188308716,
                        -3.0578651428222656
                    ],
                    [
                        0.317266047000885,
                        0.8564404249191284,
                        1.9597278833389282,
                        -3.3257017135620117
                    ],
                    [
                        0.3365866541862488,
                        0.7753715515136719,
                        1.826785683631897,
                        -3.3270273208618164
                    ],
                    [
                        0.3996681571006775,
                        0.8664898872375488,
                        2.012727737426758,
                        -3.4009482860565186
                    ],
                    [
                        0.4635006785392761,
                        0.9205672740936279,
                        2.1495354175567627,
                        -3.4200658798217773
                    ],
                    [
                        0.4997144937515259,
                        0.7128133773803711,
                        2.1913044452667236,
                        -3.64682936668396
                    ],
                    [
                        0.5762838125228882,
                        0.8155932426452637,
                        2.2412190437316895,
                        -3.938326835632324
                    ],
                    [
                        0.3830268681049347,
                        0.9161216020584106,
                        2.317044973373413,
                        -4.252435684204102
                    ],
                    [
                        0.4174991250038147,
                        1.0347565412521362,
                        2.413120746612549,
                        -4.071796417236328
                    ],
                    [
                        0.43566253781318665,
                        1.103163719177246,
                        2.3773365020751953,
                        -4.014273643493652
                    ],
                    [
                        0.44567614793777466,
                        1.1622201204299927,
                        2.3327434062957764,
                        -4.1030097007751465
                    ],
                    [
                        0.3259735703468323,
                        1.147814154624939,
                        2.276055097579956,
                        -4.039056301116943
                    ]
                ]
            ],
            "actions_pred": [
                [
                    [
                        0.3332490921020508,
                        0.3682950735092163,
                        0.38087746500968933,
                        0.5992321372032166,
                        0.6136542558670044,
                        0.1928149163722992,
                        0.09813437610864639,
                        0.27424484491348267,
                        0.34433814883232117,
                        0.317266047000885,
                        0.3365866541862488,
                        0.3996681571006775,
                        0.4635006785392761,
                        0.4997144937515259,
                        0.5762838125228882,
                        0.3830268681049347,
                        0.4174991250038147,
                        0.43566253781318665,
                        0.44567614793777466,
                        0.3259735703468323
                    ],
                    [
                        0.5801258683204651,
                        0.7620329856872559,
                        0.917612612247467,
                        0.9462410807609558,
                        0.9922500848770142,
                        0.7734037637710571,
                        0.7935788631439209,
                        0.921523928642273,
                        0.8487503528594971,
                        0.8564404249191284,
                        0.7753715515136719,
                        0.8664898872375488,
                        0.9205672740936279,
                        0.7128133773803711,
                        0.8155932426452637,
                        0.9161216020584106,
                        1.0347565412521362,
                        1.103163719177246,
                        1.1622201204299927,
                        1.147814154624939
                    ],
                    [
                        1.8768103122711182,
                        1.8177942037582397,
                        1.8687307834625244,
                        2.2303731441497803,
                        2.2807648181915283,
                        2.328036308288574,
                        2.289120674133301,
                        2.221266269683838,
                        2.122119188308716,
                        1.9597278833389282,
                        1.826785683631897,
                        2.012727737426758,
                        2.1495354175567627,
                        2.1913044452667236,
                        2.2412190437316895,
                        2.317044973373413,
                        2.413120746612549,
                        2.3773365020751953,
                        2.3327434062957764,
                        2.276055097579956
                    ],
                    [
                        -2.2024333477020264,
                        -2.3228933811187744,
                        -2.452254295349121,
                        -2.6116414070129395,
                        -2.7577290534973145,
                        -2.813396453857422,
                        -2.889714241027832,
                        -2.852163553237915,
                        -3.0578651428222656,
                        -3.3257017135620117,
                        -3.3270273208618164,
                        -3.4009482860565186,
                        -3.4200658798217773,
                        -3.64682936668396,
                        -3.938326835632324,
                        -4.252435684204102,
                        -4.071796417236328,
                        -4.014273643493652,
                        -4.1030097007751465,
                        -4.039056301116943
                    ]
                ]
            ],
            "states": [
                [
                    [
                        5583488.0,
                        1.565206184750423e-05,
                        0.00026454709586687386,
                        777972.9375
                    ],
                    [
                        4978224.0,
                        1.5359531971625984e-05,
                        0.0002797465131152421,
                        855686.3125
                    ],
                    [
                        5334432.0,
                        1.5084374354046304e-05,
                        0.00027696648612618446,
                        816815.875
                    ],
                    [
                        5159224.0,
                        1.4814246242167428e-05,
                        0.0002747685939539224,
                        799861.375
                    ],
                    [
                        5513984.0,
                        1.4549360457749572e-05,
                        0.000255326071055606,
                        807912.1875
                    ],
                    [
                        5082480.0,
                        1.4295442269940395e-05,
                        0.0002729953557718545,
                        779605.9375
                    ],
                    [
                        5376424.0,
                        1.4053456652618479e-05,
                        0.00026464968686923385,
                        853596.25
                    ],
                    [
                        5073792.0,
                        1.3819644664181396e-05,
                        0.000260901142610237,
                        865763.5
                    ],
                    [
                        5425656.0,
                        1.3592515642812941e-05,
                        0.00026091569452546537,
                        896600.0
                    ],
                    [
                        5301128.0,
                        1.3368029613047838e-05,
                        0.00027603365015238523,
                        844597.4375
                    ],
                    [
                        5346016.0,
                        1.3152442988939583e-05,
                        0.0002529293124098331,
                        839011.5
                    ],
                    [
                        5652992.0,
                        1.2936916391481645e-05,
                        0.0002769185812212527,
                        874385.5625
                    ],
                    [
                        5185288.0,
                        1.2731260540022049e-05,
                        0.0002480096882209182,
                        820181.0625
                    ],
                    [
                        5438688.0,
                        1.2536010217445437e-05,
                        0.00027678909827955067,
                        838090.6875
                    ],
                    [
                        5221488.0,
                        1.2345956747594755e-05,
                        0.0002834639744833112,
                        979366.25
                    ],
                    [
                        5306920.0,
                        1.2163849532953463e-05,
                        0.00027035834500566125,
                        858373.0
                    ],
                    [
                        5419864.0,
                        1.1983782314928249e-05,
                        0.0002671718248166144,
                        825702.5
                    ],
                    [
                        5708016.0,
                        1.1802524568338413e-05,
                        0.00027032653451897204,
                        851358.6875
                    ],
                    [
                        5637064.0,
                        1.1623262253124267e-05,
                        0.0002656110445968807,
                        872734.375
                    ],
                    [
                        5471992.0,
                        1.1452919352450408e-05,
                        0.0002651966060511768,
                        865487.25
                    ]
                ]
            ],
            "actions": [
                [
                    [
                        0.75
                    ],
                    [
                        0.75
                    ],
                    [
                        0.75
                    ],
                    [
                        0.75
                    ],
                    [
                        0.75
                    ],
                    [
                        0.75
                    ],
                    [
                        0.75
                    ],
                    [
                        0.75
                    ],
                    [
                        0.75
                    ],
                    [
                        0.75
                    ],
                    [
                        0.75
                    ],
                    [
                        0.75
                    ],
                    [
                        0.75
                    ],
                    [
                        0.75
                    ],
                    [
                        0.75
                    ],
                    [
                        0.75
                    ],
                    [
                        0.75
                    ],
                    [
                        0.75
                    ],
                    [
                        0.75
                    ],
                    [
                        0.75
                    ]
                ]
            ],
            "returns": [
                [
                    [
                        0.5428837537765503
                    ],
                    [
                        0.5419464111328125
                    ],
                    [
                        0.5410192608833313
                    ],
                    [
                        0.5400859713554382
                    ],
                    [
                        0.5391556620597839
                    ],
                    [
                        0.5382193922996521
                    ],
                    [
                        0.5372903943061829
                    ],
                    [
                        0.5363564491271973
                    ],
                    [
                        0.5354275703430176
                    ],
                    [
                        0.5344927906990051
                    ],
                    [
                        0.533560037612915
                    ],
                    [
                        0.5326265692710876
                    ],
                    [
                        0.5316881537437439
                    ],
                    [
                        0.5307573676109314
                    ],
                    [
                        0.5298223495483398
                    ],
                    [
                        0.5288909673690796
                    ],
                    [
                        0.5279580950737
                    ],
                    [
                        0.527023434638977
                    ],
                    [
                        0.5260841250419617
                    ],
                    [
                        0.525145947933197
                    ]
                ]
            ],
            "timesteps": [
                [
                    40,
                    41,
                    42,
                    43,
                    44,
                    45,
                    46,
                    47,
                    48,
                    49,
                    50,
                    51,
                    52,
                    53,
                    54,
                    55,
                    56,
                    57,
                    58,
                    59
                ]
            ],
            "labels": [
                [
                    2,
                    2,
                    2,
                    2,
                    2,
                    2,
                    2,
                    2,
                    2,
                    2,
                    2,
                    2,
                    2,
                    2,
                    2,
                    2,
                    2,
                    2,
                    2,
                    2
                ]
            ],
            "CPU Usage": 46.7,
            "RAM Usage": 55.1,
            "GPU Usage": 0.0,
            "VRAM Usage": 355.0,
            "Disk Read Speed (MB/s)": 206643.8505859375,
            "Disk Write Speed (MB/s)": 407416.2509765625
        },
        {
            "step": 2,
            "train_loss": 0.03128083050251007,
            "actions_pred1": [
                [
                    [
                        0.34410130977630615,
                        1.0127062797546387,
                        1.7037848234176636,
                        -2.8508195877075195
                    ],
                    [
                        0.5013221502304077,
                        1.254073143005371,
                        1.6531533002853394,
                        -2.7194600105285645
                    ],
                    [
                        0.5136232376098633,
                        1.3390464782714844,
                        1.65913724899292,
                        -2.4973301887512207
                    ],
                    [
                        0.5908868312835693,
                        1.4382374286651611,
                        1.7087494134902954,
                        -2.6570258140563965
                    ],
                    [
                        0.4900076687335968,
                        1.6392669677734375,
                        1.7174184322357178,
                        -3.0198497772216797
                    ],
                    [
                        0.6225743293762207,
                        1.819524884223938,
                        1.7109456062316895,
                        -3.3366808891296387
                    ],
                    [
                        0.6783934235572815,
                        1.763399362564087,
                        1.803859829902649,
                        -3.4350287914276123
                    ],
                    [
                        0.7109761238098145,
                        1.7600387334823608,
                        1.8113212585449219,
                        -3.2925801277160645
                    ],
                    [
                        0.5503363013267517,
                        1.882279634475708,
                        1.8484865427017212,
                        -3.399334192276001
                    ],
                    [
                        0.4828777313232422,
                        1.6351675987243652,
                        1.7390238046646118,
                        -3.1289610862731934
                    ],
                    [
                        0.6199365854263306,
                        1.5592337846755981,
                        1.7962526082992554,
                        -3.080845832824707
                    ],
                    [
                        0.6615443229675293,
                        1.4083954095840454,
                        1.9522589445114136,
                        -3.374260902404785
                    ],
                    [
                        0.5184794664382935,
                        1.5535120964050293,
                        1.8455119132995605,
                        -3.43941593170166
                    ],
                    [
                        0.5584907531738281,
                        1.6163032054901123,
                        1.8307498693466187,
                        -3.266526222229004
                    ],
                    [
                        0.6338018774986267,
                        1.5195597410202026,
                        1.7956873178482056,
                        -3.206538438796997
                    ],
                    [
                        0.6822044253349304,
                        1.495376467704773,
                        1.7897658348083496,
                        -3.1955435276031494
                    ],
                    [
                        0.7410944104194641,
                        1.5366712808609009,
                        1.7994146347045898,
                        -3.282191753387451
                    ],
                    [
                        0.7930009365081787,
                        1.4635543823242188,
                        1.7466013431549072,
                        -3.355651378631592
                    ],
                    [
                        0.6159518957138062,
                        1.4635052680969238,
                        2.0315983295440674,
                        -3.724149703979492
                    ],
                    [
                        0.5869783759117126,
                        1.499718427658081,
                        2.052643299102783,
                        -3.7662909030914307
                    ]
                ]
            ],
            "actions_pred": [
                [
                    [
                        0.34410130977630615,
                        0.5013221502304077,
                        0.5136232376098633,
                        0.5908868312835693,
                        0.4900076687335968,
                        0.6225743293762207,
                        0.6783934235572815,
                        0.7109761238098145,
                        0.5503363013267517,
                        0.4828777313232422,
                        0.6199365854263306,
                        0.6615443229675293,
                        0.5184794664382935,
                        0.5584907531738281,
