{
    "steps": [
        {
            "step": 0,
            "train_loss": 0.012415321543812752,
            "actions_pred1": [
                [
                    [
                        0.43420565128326416,
                        0.47158849239349365,
                        1.657484769821167,
                        -2.1764214038848877
                    ],
                    [
                        0.30231645703315735,
                        0.5737888813018799,
                        1.7287328243255615,
                        -2.257328510284424
                    ],
                    [
                        0.34699341654777527,
                        0.534771203994751,
                        1.7555006742477417,
                        -2.1156463623046875
                    ],
                    [
                        0.38423240184783936,
                        0.48301488161087036,
                        2.0098392963409424,
                        -2.2893600463867188
                    ],
                    [
                        0.38593748211860657,
                        0.667180061340332,
                        2.1471176147460938,
                        -2.431361436843872
                    ],
                    [
                        0.543491542339325,
                        0.5874073505401611,
                        2.025228261947632,
                        -2.3964366912841797
                    ],
                    [
                        0.40964657068252563,
                        0.564426839351654,
                        1.8421666622161865,
                        -2.4586730003356934
                    ],
                    [
                        0.5768629908561707,
                        0.7398947477340698,
                        1.8565946817398071,
                        -2.414797306060791
                    ],
                    [
                        0.6358842849731445,
                        0.7666828036308289,
                        1.7868759632110596,
                        -2.3356516361236572
                    ],
                    [
                        0.46173036098480225,
                        0.7173576354980469,
                        1.9159471988677979,
                        -2.371783971786499
                    ],
                    [
                        0.5770216584205627,
                        0.7432611584663391,
                        2.3146650791168213,
                        -2.6491427421569824
                    ],
                    [
                        0.5397588014602661,
                        0.6710368394851685,
                        2.1514248847961426,
                        -2.4148049354553223
                    ],
                    [
                        0.512182891368866,
                        0.4973283112049103,
                        2.1359946727752686,
                        -2.5145087242126465
                    ],
                    [
                        0.5845082402229309,
                        0.5497030019760132,
                        2.1633057594299316,
                        -2.627838134765625
                    ],
                    [
                        0.628159761428833,
                        0.596795916557312,
                        2.2101869583129883,
                        -2.715951919555664
                    ],
                    [
                        0.6268808841705322,
                        0.6565549373626709,
                        2.2127532958984375,
                        -2.684643507003784
                    ],
                    [
                        0.592013418674469,
                        0.6355025768280029,
                        2.1391823291778564,
                        -2.586876392364502
                    ],
                    [
                        0.5036834478378296,
                        0.7526470422744751,
                        2.037944793701172,
                        -2.451563835144043
                    ],
                    [
                        0.44830358028411865,
                        0.8567583560943604,
                        2.149074077606201,
                        -2.6092586517333984
                    ],
                    [
                        0.5084584355354309,
                        0.9040514826774597,
                        2.235326051712036,
                        -2.630795478820801
                    ]
                ]
            ],
            "actions_pred": [
                [
                    [
                        0.43420565128326416,
                        0.30231645703315735,
                        0.34699341654777527,
                        0.38423240184783936,
                        0.38593748211860657,
                        0.543491542339325,
                        0.40964657068252563,
                        0.5768629908561707,
                        0.6358842849731445,
                        0.46173036098480225,
                        0.5770216584205627,
                        0.5397588014602661,
                        0.512182891368866,
                        0.5845082402229309,
                        0.628159761428833,
                        0.6268808841705322,
                        0.592013418674469,
                        0.5036834478378296,
                        0.44830358028411865,
                        0.5084584355354309
                    ],
                    [
                        0.47158849239349365,
                        0.5737888813018799,
                        0.534771203994751,
                        0.48301488161087036,
                        0.667180061340332,
                        0.5874073505401611,
                        0.564426839351654,
                        0.7398947477340698,
                        0.7666828036308289,
                        0.7173576354980469,
                        0.7432611584663391,
                        0.6710368394851685,
                        0.4973283112049103,
                        0.5497030019760132,
                        0.596795916557312,
                        0.6565549373626709,
                        0.6355025768280029,
                        0.7526470422744751,
                        0.8567583560943604,
                        0.9040514826774597
                    ],
                    [
                        1.657484769821167,
                        1.7287328243255615,
                        1.7555006742477417,
                        2.0098392963409424,
                        2.1471176147460938,
                        2.025228261947632,
                        1.8421666622161865,
                        1.8565946817398071,
                        1.7868759632110596,
                        1.9159471988677979,
                        2.3146650791168213,
                        2.1514248847961426,
                        2.1359946727752686,
                        2.1633057594299316,
                        2.2101869583129883,
                        2.2127532958984375,
                        2.1391823291778564,
                        2.037944793701172,
                        2.149074077606201,
                        2.235326051712036
                    ],
                    [
                        -2.1764214038848877,
                        -2.257328510284424,
                        -2.1156463623046875,
                        -2.2893600463867188,
                        -2.431361436843872,
                        -2.3964366912841797,
                        -2.4586730003356934,
                        -2.414797306060791,
                        -2.3356516361236572,
                        -2.371783971786499,
                        -2.6491427421569824,
                        -2.4148049354553223,
                        -2.5145087242126465,
                        -2.627838134765625,
                        -2.715951919555664,
                        -2.684643507003784,
                        -2.586876392364502,
                        -2.451563835144043,
                        -2.6092586517333984,
                        -2.630795478820801
                    ]
                ]
            ],
            "states": [
                [
                    [
                        3105960.0,
                        0.00044856633758172393,
                        0.0002628508664201945,
                        907599.4375
                    ],
                    [
                        3777832.0,
                        0.00036993034882470965,
                        0.00026417680783197284,
                        946940.1875
                    ],
                    [
                        4115216.0,
                        0.00030784233240410686,
                        0.0002805523981805891,
                        868017.4375
                    ],
                    [
                        4368616.0,
                        0.0002607771893963218,
                        0.00026978878304362297,
                        839353.625
                    ],
                    [
                        5060760.0,
                        0.0002229743986390531,
                        0.00027627943200059235,
                        780951.6875
                    ],
                    [
                        5356152.0,
                        0.00019212921324651688,
                        0.00025924446526914835,
                        788666.125
                    ],
                    [
                        5373528.0,
                        0.00012254947796463966,
                        0.006524195894598961,
                        846197.875
                    ],
                    [
                        5111440.0,
                        0.00011254391574766487,
                        0.002146858023479581,
                        777919.5
                    ],
                    [
                        5496608.0,
                        0.00010397062578704208,
                        0.0023773028515279293,
                        803926.1875
                    ],
                    [
                        5341672.0,
                        9.645324462326244e-05,
                        0.0020079242531210184,
                        853121.5
                    ],
                    [
                        5344568.0,
                        9.003730519907549e-05,
                        0.0019139255164191127,
                        790495.3125
                    ],
                    [
                        5479232.0,
                        8.435636846115813e-05,
                        0.0013429223326966166,
                        807753.3125
                    ],
                    [
                        5356152.0,
                        7.934254972497001e-05,
                        0.0011628043139353395,
                        855534.6875
                    ],
                    [
                        5398144.0,
                        7.492363511119038e-05,
                        0.0009117702720686793,
                        841216.6875
                    ],
                    [
                        5729736.0,
                        7.084311073413119e-05,
                        0.000803604198154062,
                        821157.125
                    ],
                    [
                        5244656.0,
                        6.722798570990562e-05,
                        0.000699773314408958,
                        790182.875
                    ],
                    [
                        5503848.0,
                        6.403109728125855e-05,
                        0.0006680691731162369,
                        817074.375
                    ],
                    [
                        5367736.0,
                        6.109109381213784e-05,
                        0.0005246230284683406,
                        814748.3125
                    ],
                    [
                        5217144.0,
                        5.847758802701719e-05,
                        0.00046889804070815444,
                        836873.125
                    ],
                    [
                        5033248.0,
                        5.6151271564885974e-05,
                        0.00035997320082969964,
                        833663.1875
                    ]
                ]
            ],
            "actions": [
                [
                    [
                        0.75
                    ],
                    [
                        0.75
                    ],
                    [
                        0.75
                    ],
                    [
                        0.75
                    ],
                    [
                        0.75
                    ],
                    [
                        0.75
                    ],
                    [
                        0.75
                    ],
                    [
                        0.75
                    ],
                    [
                        0.75
                    ],
                    [
                        0.75
                    ],
                    [
                        0.75
                    ],
                    [
                        0.75
                    ],
                    [
                        0.75
                    ],
                    [
                        0.75
                    ],
                    [
                        0.75
                    ],
                    [
                        0.75
                    ],
                    [
                        0.75
                    ],
                    [
                        0.75
                    ],
                    [
                        0.75
                    ],
                    [
                        0.75
                    ]
                ]
            ],
            "returns": [
                [
                    [
                        0.37910521030426025
                    ],
                    [
                        0.378219872713089
                    ],
                    [
                        0.3773171603679657
                    ],
                    [
                        0.37640687823295593
                    ],
                    [
                        0.37549129128456116
                    ],
                    [
                        0.37456268072128296
                    ],
                    [
                        0.37362903356552124
                    ],
                    [
                        0.37269508838653564
                    ],
                    [
                        0.3717655837535858
                    ],
                    [
                        0.37082964181900024
                    ],
                    [
                        0.3698962330818176
                    ],
                    [
                        0.36896276473999023
                    ],
                    [
                        0.36802709102630615
                    ],
                    [
                        0.36709344387054443
                    ],
                    [
                        0.3661591112613678
                    ],
                    [
                        0.36521947383880615
                    ],
                    [
                        0.36428767442703247
                    ],
                    [
                        0.36335161328315735
                    ],
                    [
                        0.3624177873134613
                    ],
                    [
                        0.3614864647388458
                    ]
                ]
            ],
            "timesteps": [
                [
                    220,
                    221,
                    222,
                    223,
                    224,
                    225,
                    226,
                    227,
                    228,
                    229,
                    230,
                    231,
                    232,
                    233,
                    234,
                    235,
                    236,
                    237,
                    238,
                    239
                ]
            ],
            "labels": [
                [
                    2,
                    2,
                    2,
                    2,
                    2,
                    2,
                    2,
                    2,
                    2,
                    2,
                    2,
                    2,
                    2,
                    2,
                    2,
                    2,
                    2,
                    2,
                    2,
                    2
                ]
            ],
            "CPU Usage": 45.4,
            "RAM Usage": 54.9,
            "GPU Usage": 0.0,
            "VRAM Usage": 355.0,
            "Disk Read Speed (MB/s)": 206643.9638671875,
            "Disk Write Speed (MB/s)": 408276.7314453125
        },
        {
            "step": 1,
            "train_loss": 0.03936268016695976,
            "actions_pred1": [
                [
                    [
                        0.9485253691673279,
                        1.5557607412338257,
                        2.0811564922332764,
                        -2.999138355255127
                    ],
                    [
                        0.9365583658218384,
                        1.1065571308135986,
                        1.5506765842437744,
                        -2.6001548767089844
                    ],
                    [
                        0.876518964767456,
                        0.7161357402801514,
                        1.3378190994262695,
                        -2.831450939178467
                    ],
                    [
                        0.9432985782623291,
                        0.7760521173477173,
                        1.2079589366912842,
                        -2.917205810546875
                    ],
                    [
                        0.9826799035072327,
                        0.8532083034515381,
                        1.2360531091690063,
                        -3.0548534393310547
                    ],
                    [
                        0.8883227705955505,
                        0.8723227977752686,
                        1.3226988315582275,
                        -2.9989843368530273
                    ],
                    [
                        0.9818872213363647,
                        0.9763019680976868,
                        1.3356761932373047,
                        -3.3599910736083984
                    ],
                    [
                        0.9860722422599792,
                        0.9228712320327759,
                        1.3221030235290527,
                        -3.397472381591797
                    ],
                    [
                        1.0839437246322632,
                        1.309436321258545,
                        1.5533101558685303,
                        -3.6522209644317627
                    ],
                    [
                        1.2264330387115479,
                        1.3206844329833984,
                        1.5357928276062012,
                        -3.5764269828796387
                    ],
                    [
                        1.177274227142334,
                        1.1667075157165527,
                        1.5014991760253906,
                        -3.580982208251953
                    ],
                    [
                        1.0358755588531494,
                        1.1355652809143066,
                        1.4409379959106445,
                        -3.4561455249786377
                    ],
                    [
                        1.1447741985321045,
                        1.1336270570755005,
                        1.4344089031219482,
                        -3.4906373023986816
                    ],
                    [
                        1.208553671836853,
                        1.1965712308883667,
                        1.6501599550247192,
                        -3.458672523498535
                    ],
                    [
                        1.2747673988342285,
                        1.1371272802352905,
                        1.6105996370315552,
                        -3.2772302627563477
                    ],
                    [
                        1.2105768918991089,
                        0.9936788082122803,
                        1.5099430084228516,
                        -3.418966054916382
                    ],
                    [
                        1.2421966791152954,
                        1.0826890468597412,
                        1.4726204872131348,
                        -3.5743753910064697
                    ],
                    [
                        1.1362886428833008,
                        1.1305651664733887,
                        1.4428884983062744,
                        -3.393001079559326
                    ],
                    [
                        1.1869598627090454,
                        1.142315149307251,
                        1.5080267190933228,
                        -3.3750972747802734
                    ],
                    [
                        1.1457127332687378,
                        1.1177722215652466,
                        1.610893964767456,
                        -3.4343316555023193
                    ]
                ]
            ],
            "actions_pred": [
                [
                    [
                        0.9485253691673279,
                        0.9365583658218384,
                        0.876518964767456,
                        0.9432985782623291,
                        0.9826799035072327,
                        0.8883227705955505,
                        0.9818872213363647,
                        0.9860722422599792,
                        1.0839437246322632,
                        1.2264330387115479,
                        1.177274227142334,
                        1.0358755588531494,
                        1.1447741985321045,
                        1.208553671836853,
                        1.2747673988342285,
                        1.2105768918991089,
                        1.2421966791152954,
                        1.1362886428833008,
                        1.1869598627090454,
                        1.1457127332687378
                    ],
                    [
                        1.5557607412338257,
                        1.1065571308135986,
                        0.7161357402801514,
                        0.7760521173477173,
                        0.8532083034515381,
                        0.8723227977752686,
                        0.9763019680976868,
                        0.9228712320327759,
                        1.309436321258545,
                        1.3206844329833984,
                        1.1667075157165527,
                        1.1355652809143066,
                        1.1336270570755005,
                        1.1965712308883667,
                        1.1371272802352905,
                        0.9936788082122803,
                        1.0826890468597412,
                        1.1305651664733887,
                        1.142315149307251,
                        1.1177722215652466
                    ],
                    [
                        2.0811564922332764,
                        1.5506765842437744,
                        1.3378190994262695,
                        1.2079589366912842,
                        1.2360531091690063,
                        1.3226988315582275,
                        1.3356761932373047,
                        1.3221030235290527,
                        1.5533101558685303,
                        1.5357928276062012,
                        1.5014991760253906,
                        1.4409379959106445,
                        1.4344089031219482,
                        1.6501599550247192,
                        1.6105996370315552,
                        1.5099430084228516,
                        1.4726204872131348,
                        1.4428884983062744,
                        1.5080267190933228,
                        1.610893964767456
                    ],
                    [
                        -2.999138355255127,
                        -2.6001548767089844,
                        -2.831450939178467,
                        -2.917205810546875,
                        -3.0548534393310547,
                        -2.9989843368530273,
                        -3.3599910736083984,
                        -3.397472381591797,
                        -3.6522209644317627,
                        -3.5764269828796387,
                        -3.580982208251953,
                        -3.4561455249786377,
                        -3.4906373023986816,
                        -3.458672523498535,
                        -3.2772302627563477,
                        -3.418966054916382,
                        -3.5743753910064697,
                        -3.393001079559326,
                        -3.3750972747802734,
                        -3.4343316555023193
                    ]
                ]
            ],
            "states": [
                [
                    [
                        5130264.0,
                        9.53052585828118e-06,
                        0.00017112551722675562,
                        484343.53125
                    ],
                    [
                        5473440.0,
                        9.464440154260956e-06,
                        0.00025726869353093207,
                        530369.25
                    ],
                    [
                        5615344.0,
                        9.396303539688233e-06,
                        0.000244751397985965,
                        507658.4375
                    ],
                    [
                        5705120.0,
                        9.327747648057994e-06,
                        0.0002547030453570187,
                        475297.125
                    ],
                    [
                        5661680.0,
                        9.25990843825275e-06,
                        0.0002602769818622619,
                        509474.46875
                    ],
                    [
                        5626928.0,
                        9.193505320581608e-06,
                        0.00028401854797266424,
                        512406.875
                    ],
                    [
                        7240000.0,
                        9.118992238654755e-06,
                        0.00026182830333709717,
                        473767.34375
                    ],
                    [
                        6098976.0,
                        9.042967576533556e-06,
                        0.00025427230866625905,
                        486137.84375
                    ],
                    [
                        5957072.0,
                        8.975355740403756e-06,
                        0.00025071317213587463,
                        481721.90625
                    ],
                    [
                        6045400.0,
                        8.909044481697492e-06,
                        0.000257556646829471,
                        512695.15625
                    ],
                    [
                        5554528.0,
                        8.845872798701748e-06,
                        0.0002534309751354158,
                        490408.03125
                    ],
                    [
                        5395248.0,
                        8.787061233306304e-06,
                        0.00019772094674408436,
                        502051.125
                    ],
                    [
                        6014992.0,
                        8.726612577447668e-06,
                        0.00023689404770266265,
                        496127.90625
                    ],
                    [
                        5615344.0,
                        8.665836503496394e-06,
                        0.00024040597782004625,
                        497831.1875
                    ],
                    [
                        5961416.0,
                        8.60618456499651e-06,
                        0.00023798528127372265,
                        498399.9375
                    ],
                    [
                        5690640.0,
                        8.546960089006461e-06,
                        0.0002599294239189476,
                        501903.53125
                    ],
                    [
                        6043952.0,
                        8.48813488119049e-06,
                        0.0002636733988765627,
                        501576.46875
                    ],
                    [
                        7975584.0,
                        8.418936886300799e-06,
                        0.00023683813924435526,
                        444337.65625
                    ],
                    [
                        5891912.0,
                        8.351544238394126e-06,
                        0.0002558637352194637,
                        498428.25
                    ],
                    [
                        6125040.0,
                        8.294033250422217e-06,
                        0.00024174025747925043,
                        501703.09375
                    ]
                ]
            ],
            "actions": [
                [
                    [
                        0.25
                    ],
                    [
                        0.25
                    ],
                    [
                        0.25
                    ],
                    [
                        0.25
                    ],
                    [
                        0.25
                    ],
                    [
                        0.25
                    ],
                    [
                        0.25
                    ],
                    [
                        0.25
                    ],
                    [
                        0.25
                    ],
                    [
                        0.25
                    ],
                    [
                        0.25
                    ],
                    [
                        0.25
                    ],
                    [
                        0.25
                    ],
                    [
                        0.25
                    ],
                    [
                        0.25
                    ],
                    [
                        0.25
                    ],
                    [
                        0.25
                    ],
                    [
                        0.25
                    ],
                    [
                        0.25
                    ],
                    [
                        0.25
                    ]
                ]
            ],
            "returns": [
                [
                    [
                        0.20859551429748535
                    ],
                    [
                        0.20766568183898926
                    ],
                    [
                        0.20673011243343353
                    ],
                    [
                        0.20579227805137634
                    ],
                    [
                        0.20485302805900574
                    ],
                    [
                        0.20391446352005005
                    ],
                    [
                        0.20297643542289734
                    ],
                    [
                        0.20201605558395386
                    ],
                    [
                        0.2010708898305893
                    ],
                    [
                        0.20012782514095306
                    ],
                    [
                        0.19918343424797058
                    ],
                    [
                        0.1982465535402298
                    ],
                    [
                        0.19731226563453674
                    ],
                    [
                        0.19636832177639008
                    ],
                    [
                        0.19543048739433289
                    ],
                    [
                        0.19448734819889069
                    ],
                    [
                        0.193548321723938
                    ],
                    [
                        0.1926039606332779
                    ],
                    [
                        0.19163501262664795
                    ],
                    [
                        0.19069290161132812
                    ]
                ]
            ],
            "timesteps": [
                [
                    400,
                    401,
                    402,
                    403,
                    404,
                    405,
                    406,
                    407,
                    408,
                    409,
                    410,
                    411,
                    412,
                    413,
                    414,
                    415,
                    416,
                    417,
                    418,
                    419
                ]
            ],
            "labels": [
                [
                    0,
                    0,
                    0,
                    0,
                    0,
                    0,
                    0,
                    0,
                    0,
                    0,
                    0,
                    0,
                    0,
                    0,
                    0,
                    0,
                    0,
                    0,
                    0,
                    0
                ]
            ],
            "CPU Usage": 46.7,
            "RAM Usage": 55.1,
            "GPU Usage": 0.0,
            "VRAM Usage": 355.0,
            "Disk Read Speed (MB/s)": 206643.9638671875,
            "Disk Write Speed (MB/s)": 408276.9150390625
        },
        {
            "step": 2,
            "train_loss": 0.02194557711482048,
            "actions_pred1": [
                [
                    [
                        0.04819360375404358,
                        1.6906182765960693,
                        2.4643445014953613,
                        -3.4529635906219482
                    ],
                    [
                        0.28811612725257874,
                        1.6562234163284302,
                        2.5361762046813965,
                        -3.437215805053711
                    ],
                    [
                        0.37015071511268616,
                        1.8023364543914795,
                        2.6312644481658936,
                        -3.898773670196533
                    ],
                    [
                        0.1324382722377777,
                        2.0485124588012695,
                        2.6625335216522217,
                        -4.355662822723389
                    ],
                    [
                        0.08448879420757294,
                        2.476154088973999,
                        2.343015670776367,
                        -4.546024799346924
                    ],
                    [
                        0.18609659373760223,
                        2.4507274627685547,
                        2.2650091648101807,
                        -4.325549125671387
                    ],
                    [
                        0.44212424755096436,
                        2.4359049797058105,
                        1.9708417654037476,
                        -4.146406650543213
                    ],
                    [
                        0.365872323513031,
                        2.420210123062134,
                        2.2646379470825195,
                        -3.9755282402038574
                    ],
                    [
                        0.335953027009964,
                        2.5430924892425537,
                        2.302076816558838,
                        -3.904510736465454
                    ],
                    [
                        0.1293434500694275,
                        2.5117855072021484,
                        2.2932541370391846,
                        -3.966306209564209
                    ],
                    [
                        -0.0011383891105651855,
                        2.639157295227051,
                        2.8055286407470703,
                        -4.359626293182373
                    ],
                    [
                        0.0538921058177948,
                        2.54561448097229,
                        2.625886917114258,
                        -4.217316627502441
                    ],
                    [
                        0.17272324860095978,
                        2.4891915321350098,
                        2.633134365081787,
                        -4.265166759490967
                    ],
                    [
                        0.11574676632881165,
                        2.09236478805542,
                        2.482349157333374,
                        -3.966801404953003
                    ],
                    [
                        0.16085168719291687,
                        2.625214099884033,
                        2.5322601795196533,
                        -4.620025634765625
                    ],
                    [
                        0.1463182270526886,
                        2.4518232345581055,
                        2.2242393493652344,
                        -4.145442485809326
                    ],
                    [
                        0.2933122217655182,
                        2.4520928859710693,
                        2.0522570610046387,
                        -3.933429718017578
                    ],
                    [
                        0.38583770394325256,
                        2.227564811706543,
                        1.9340749979019165,
                        -3.8381102085113525
                    ],
                    [
                        0.5817984342575073,
                        2.2438862323760986,
                        2.1948790550231934,
                        -4.0403218269348145
                    ],
                    [
                        0.497313916683197,
                        2.324337959289551,
                        2.3280367851257324,
                        -4.171837329864502
                    ]
                ]
            ],
            "actions_pred": [
                [
                    [
                        0.04819360375404358,
                        0.28811612725257874,
                        0.37015071511268616,
                        0.1324382722377777,
                        0.08448879420757294,
                        0.18609659373760223,
                        0.44212424755096436,
                        0.365872323513031,
                        0.335953027009964,
                        0.1293434500694275,
                        -0.0011383891105651855,
                        0.0538921058177948,
