{
    "steps": [
        {
            "step": 0,
            "train_loss": 0.018936103209853172,
            "actions_pred1": [
                [
                    [
                        0.16317865252494812,
                        0.6116532683372498,
                        1.523858666419983,
                        -1.2985345125198364
                    ],
                    [
                        0.13892516493797302,
                        0.5843770503997803,
                        1.5015714168548584,
                        -1.329253911972046
                    ],
                    [
                        0.2158808410167694,
                        0.6219888925552368,
                        1.4243097305297852,
                        -1.429811954498291
                    ],
                    [
                        0.2637966275215149,
                        0.4648112952709198,
                        1.3269565105438232,
                        -1.6625423431396484
                    ],
                    [
                        0.39832520484924316,
                        0.4320753812789917,
                        1.3473596572875977,
                        -1.7218981981277466
                    ],
                    [
                        0.39219242334365845,
                        0.4126517176628113,
                        1.2992666959762573,
                        -1.677375316619873
                    ],
                    [
                        0.38893255591392517,
                        0.7329294085502625,
                        1.2520867586135864,
                        -1.7282311916351318
                    ],
                    [
                        0.4241553843021393,
                        0.6910444498062134,
                        1.3833670616149902,
                        -1.6284406185150146
                    ],
                    [
                        0.5199252367019653,
                        0.7393296360969543,
                        1.3747109174728394,
                        -1.7600693702697754
                    ],
                    [
                        0.4432463049888611,
                        0.7112635970115662,
                        1.380763053894043,
                        -1.8223798274993896
                    ],
                    [
                        0.43539556860923767,
                        0.6928240656852722,
                        1.4153921604156494,
                        -1.79884672164917
                    ],
                    [
                        0.3640548586845398,
                        0.7071176171302795,
                        1.3757801055908203,
                        -1.7764432430267334
                    ],
                    [
                        0.45914459228515625,
                        0.631464958190918,
                        1.5468553304672241,
                        -1.8781332969665527
                    ],
                    [
                        0.4289407432079315,
                        0.677986741065979,
                        1.5648739337921143,
                        -1.8545985221862793
                    ],
                    [
                        0.3866218626499176,
                        0.7102331519126892,
                        1.4802783727645874,
                        -1.8888459205627441
                    ],
                    [
                        0.2960825562477112,
                        0.7314367890357971,
                        1.56818687915802,
                        -1.9709203243255615
                    ],
                    [
                        0.15479765832424164,
                        0.7462193369865417,
                        1.5625362396240234,
                        -1.9323041439056396
                    ],
                    [
                        0.3686268925666809,
                        0.7943129539489746,
                        1.4937028884887695,
                        -1.9332159757614136
                    ],
                    [
                        0.3051254153251648,
                        0.7759107351303101,
                        1.5196514129638672,
                        -1.914583683013916
                    ],
                    [
                        0.2737389802932739,
                        0.7099422216415405,
                        1.5999938249588013,
                        -1.86494779586792
                    ]
                ]
            ],
            "actions_pred": [
                [
                    [
                        0.16317865252494812,
                        0.13892516493797302,
                        0.2158808410167694,
                        0.2637966275215149,
                        0.39832520484924316,
                        0.39219242334365845,
                        0.38893255591392517,
                        0.4241553843021393,
                        0.5199252367019653,
                        0.4432463049888611,
                        0.43539556860923767,
                        0.3640548586845398,
                        0.45914459228515625,
                        0.4289407432079315,
                        0.3866218626499176,
                        0.2960825562477112,
                        0.15479765832424164,
                        0.3686268925666809,
                        0.3051254153251648,
                        0.2737389802932739
                    ],
                    [
                        0.6116532683372498,
                        0.5843770503997803,
                        0.6219888925552368,
                        0.4648112952709198,
                        0.4320753812789917,
                        0.4126517176628113,
                        0.7329294085502625,
                        0.6910444498062134,
                        0.7393296360969543,
                        0.7112635970115662,
                        0.6928240656852722,
                        0.7071176171302795,
                        0.631464958190918,
                        0.677986741065979,
                        0.7102331519126892,
                        0.7314367890357971,
                        0.7462193369865417,
                        0.7943129539489746,
                        0.7759107351303101,
                        0.7099422216415405
                    ],
                    [
                        1.523858666419983,
                        1.5015714168548584,
                        1.4243097305297852,
                        1.3269565105438232,
                        1.3473596572875977,
                        1.2992666959762573,
                        1.2520867586135864,
                        1.3833670616149902,
                        1.3747109174728394,
                        1.380763053894043,
                        1.4153921604156494,
                        1.3757801055908203,
                        1.5468553304672241,
                        1.5648739337921143,
                        1.4802783727645874,
                        1.56818687915802,
                        1.5625362396240234,
                        1.4937028884887695,
                        1.5196514129638672,
                        1.5999938249588013
                    ],
                    [
                        -1.2985345125198364,
                        -1.329253911972046,
                        -1.429811954498291,
                        -1.6625423431396484,
                        -1.7218981981277466,
                        -1.677375316619873,
                        -1.7282311916351318,
                        -1.6284406185150146,
                        -1.7600693702697754,
                        -1.8223798274993896,
                        -1.79884672164917,
                        -1.7764432430267334,
                        -1.8781332969665527,
                        -1.8545985221862793,
                        -1.8888459205627441,
                        -1.9709203243255615,
                        -1.9323041439056396,
                        -1.9332159757614136,
                        -1.914583683013916,
                        -1.86494779586792
                    ]
                ]
            ],
            "states": [
                [
                    [
                        5451720.0,
                        5.395679545472376e-05,
                        0.00037329201586544514,
                        787492.0625
                    ],
                    [
                        5280856.0,
                        5.18798733537551e-05,
                        0.00029995679506100714,
                        814349.6875
                    ],
                    [
                        5398144.0,
                        4.996706411475316e-05,
                        0.0002722619683481753,
                        830635.1875
                    ],
                    [
                        5419864.0,
                        4.8167821660172194e-05,
                        0.0002737951872404665,
                        823458.5625
                    ],
                    [
                        5285200.0,
                        4.651026029023342e-05,
                        0.0002537628752179444,
                        847604.5625
                    ],
                    [
                        5632720.0,
                        4.493406231631525e-05,
                        0.0002845273702405393,
                        778198.5625
                    ],
                    [
                        4926096.0,
                        4.350659582996741e-05,
                        0.00027429292094893754,
                        769937.4375
                    ],
                    [
                        5379320.0,
                        4.219951370032504e-05,
                        0.0002784566895570606,
                        775819.3125
                    ],
                    [
                        5141848.0,
                        4.0942868508864194e-05,
                        0.00027366288122721016,
                        804782.8125
                    ],
                    [
                        5422760.0,
                        3.9754886529408395e-05,
                        0.0002617421268951148,
                        784755.125
                    ],
                    [
                        5163568.0,
                        3.8631129427812994e-05,
                        0.000270931632257998,
                        777998.8125
                    ],
                    [
                        5172256.0,
                        3.7593843444483355e-05,
                        0.00027350522577762604,
                        827638.0
                    ],
                    [
                        5228728.0,
                        3.6604818888008595e-05,
                        0.0002609447401482612,
                        836480.3125
                    ],
                    [
                        5215696.0,
                        3.566250597941689e-05,
                        0.0002695223083719611,
                        842399.5625
                    ],
                    [
                        5496608.0,
                        3.474534969427623e-05,
                        0.00026009109569713473,
                        814649.5
                    ],
                    [
                        5165016.0,
                        3.3877906389534473e-05,
                        0.0002577552804723382,
                        820590.75
                    ],
                    [
                        5712360.0,
                        3.3036900276783854e-05,
                        0.0002756010799203068,
                        835693.0625
                    ],
                    [
                        5086824.0,
                        3.224165993742645e-05,
                        0.0002540297864470631,
                        845564.6875
                    ],
                    [
                        5490816.0,
                        3.14996468659956e-05,
                        0.00027847016463056207,
                        824773.25
                    ],
                    [
                        5183840.0,
                        3.078411828028038e-05,
                        0.0002814441977534443,
                        810358.5625
                    ]
                ]
            ],
            "actions": [
                [
                    [
                        0.75
                    ],
                    [
                        0.75
                    ],
                    [
                        0.75
                    ],
                    [
                        0.75
                    ],
                    [
                        0.75
                    ],
                    [
                        0.75
                    ],
                    [
                        0.75
                    ],
                    [
                        0.75
                    ],
                    [
                        0.75
                    ],
                    [
                        0.75
                    ],
                    [
                        0.75
                    ],
                    [
                        0.75
                    ],
                    [
                        0.75
                    ],
                    [
                        0.75
                    ],
                    [
                        0.75
                    ],
                    [
                        0.75
                    ],
                    [
                        0.75
                    ],
                    [
                        0.75
                    ],
                    [
                        0.75
                    ],
                    [
                        0.75
                    ]
                ]
            ],
            "returns": [
                [
                    [
                        0.36055833101272583
                    ],
                    [
                        0.35962310433387756
                    ],
                    [
                        0.35869070887565613
                    ],
                    [
                        0.3577563464641571
                    ],
                    [
                        0.3568216562271118
                    ],
                    [
                        0.3558892011642456
                    ],
                    [
                        0.35495108366012573
                    ],
                    [
                        0.35402485728263855
                    ],
                    [
                        0.3530908226966858
                    ],
                    [
                        0.352160781621933
                    ],
                    [
                        0.3512260317802429
                    ],
                    [
                        0.35029563307762146
                    ],
                    [
                        0.34936508536338806
                    ],
                    [
                        0.34843355417251587
                    ],
                    [
                        0.3475022614002228
                    ],
                    [
                        0.3465663194656372
                    ],
                    [
                        0.34563589096069336
                    ],
                    [
                        0.3446965217590332
                    ],
                    [
                        0.3437674641609192
                    ],
                    [
                        0.3428316116333008
                    ]
                ]
            ],
            "timesteps": [
                [
                    240,
                    241,
                    242,
                    243,
                    244,
                    245,
                    246,
                    247,
                    248,
                    249,
                    250,
                    251,
                    252,
                    253,
                    254,
                    255,
                    256,
                    257,
                    258,
                    259
                ]
            ],
            "labels": [
                [
                    2,
                    2,
                    2,
                    2,
                    2,
                    2,
                    2,
                    2,
                    2,
                    2,
                    2,
                    2,
                    2,
                    2,
                    2,
                    2,
                    2,
                    2,
                    2,
                    2
                ]
            ],
            "CPU Usage": 45.0,
            "RAM Usage": 55.0,
            "GPU Usage": 0.0,
            "VRAM Usage": 355.0,
            "Disk Read Speed (MB/s)": 206568.3525390625,
            "Disk Write Speed (MB/s)": 396237.5126953125
        },
        {
            "step": 1,
            "train_loss": 0.021737195551395416,
            "actions_pred1": [
                [
                    [
                        0.34592583775520325,
                        1.0143669843673706,
                        1.331559419631958,
                        -2.036430835723877
                    ],
                    [
                        0.15205101668834686,
                        1.3565950393676758,
                        1.6341474056243896,
                        -2.4406397342681885
                    ],
                    [
                        0.3783116042613983,
                        1.1341711282730103,
                        1.6820214986801147,
                        -2.1754512786865234
                    ],
                    [
                        0.39762723445892334,
                        1.0078686475753784,
                        1.4529062509536743,
                        -2.430966854095459
                    ],
                    [
                        0.2592313587665558,
                        0.8791216015815735,
                        1.3348968029022217,
                        -2.212014675140381
                    ],
                    [
                        0.2594640254974365,
                        1.0207839012145996,
                        1.484887719154358,
                        -2.4348583221435547
                    ],
                    [
                        0.21181043982505798,
                        1.0352964401245117,
                        1.372375249862671,
                        -2.2375757694244385
                    ],
                    [
                        0.10610868781805038,
                        1.369045615196228,
                        1.127999186515808,
                        -1.8501876592636108
                    ],
                    [
                        -0.05971251428127289,
                        1.0045490264892578,
                        1.3769396543502808,
                        -2.15579891204834
                    ],
                    [
                        -0.09369063377380371,
                        0.9279147386550903,
                        1.3704164028167725,
                        -2.0944719314575195
                    ],
                    [
                        -0.06669536232948303,
                        1.0471484661102295,
                        1.2814708948135376,
                        -2.109410524368286
                    ],
                    [
                        -0.10086177289485931,
                        1.050414800643921,
                        1.2966498136520386,
                        -2.244442939758301
                    ],
                    [
                        -0.2336093783378601,
                        1.0006868839263916,
                        1.4911277294158936,
                        -2.4471750259399414
                    ],
                    [
                        -0.028410591185092926,
                        0.8846799731254578,
                        1.464978814125061,
                        -2.203296661376953
                    ],
                    [
                        0.047027699649333954,
                        0.8064939975738525,
                        1.3114938735961914,
                        -2.140205144882202
                    ],
                    [
                        -0.07060740888118744,
                        0.7884385585784912,
                        1.2689430713653564,
                        -2.106107234954834
                    ],
                    [
                        -0.010757654905319214,
                        0.9639618992805481,
                        1.3228113651275635,
                        -2.008704662322998
                    ],
                    [
                        0.036994971334934235,
                        0.9703685641288757,
                        1.358123540878296,
                        -2.0531487464904785
                    ],
                    [
                        -0.0073575302958488464,
                        1.1000089645385742,
                        1.3900072574615479,
                        -2.1080386638641357
                    ],
                    [
                        0.1244935691356659,
                        1.15503990650177,
                        1.4168124198913574,
                        -2.085655689239502
                    ]
                ]
            ],
            "actions_pred": [
                [
                    [
                        0.34592583775520325,
                        0.15205101668834686,
                        0.3783116042613983,
                        0.39762723445892334,
                        0.2592313587665558,
                        0.2594640254974365,
                        0.21181043982505798,
                        0.10610868781805038,
                        -0.05971251428127289,
                        -0.09369063377380371,
                        -0.06669536232948303,
                        -0.10086177289485931,
                        -0.2336093783378601,
                        -0.028410591185092926,
                        0.047027699649333954,
                        -0.07060740888118744,
                        -0.010757654905319214,
                        0.036994971334934235,
                        -0.0073575302958488464,
                        0.1244935691356659
                    ],
                    [
                        1.0143669843673706,
                        1.3565950393676758,
                        1.1341711282730103,
                        1.0078686475753784,
                        0.8791216015815735,
                        1.0207839012145996,
                        1.0352964401245117,
                        1.369045615196228,
                        1.0045490264892578,
                        0.9279147386550903,
                        1.0471484661102295,
                        1.050414800643921,
                        1.0006868839263916,
                        0.8846799731254578,
                        0.8064939975738525,
                        0.7884385585784912,
                        0.9639618992805481,
                        0.9703685641288757,
                        1.1000089645385742,
                        1.15503990650177
                    ],
                    [
                        1.331559419631958,
                        1.6341474056243896,
                        1.6820214986801147,
                        1.4529062509536743,
                        1.3348968029022217,
                        1.484887719154358,
                        1.372375249862671,
                        1.127999186515808,
                        1.3769396543502808,
                        1.3704164028167725,
                        1.2814708948135376,
                        1.2966498136520386,
                        1.4911277294158936,
                        1.464978814125061,
                        1.3114938735961914,
                        1.2689430713653564,
                        1.3228113651275635,
                        1.358123540878296,
                        1.3900072574615479,
                        1.4168124198913574
                    ],
                    [
                        -2.036430835723877,
                        -2.4406397342681885,
                        -2.1754512786865234,
                        -2.430966854095459,
                        -2.212014675140381,
                        -2.4348583221435547,
                        -2.2375757694244385,
                        -1.8501876592636108,
                        -2.15579891204834,
                        -2.0944719314575195,
                        -2.109410524368286,
                        -2.244442939758301,
                        -2.4471750259399414,
                        -2.203296661376953,
                        -2.140205144882202,
                        -2.106107234954834,
                        -2.008704662322998,
                        -2.0531487464904785,
                        -2.1080386638641357,
                        -2.085655689239502
                    ]
                ]
            ],
            "states": [
                [
                    [
                        5057864.0,
                        2.556295476097148e-05,
                        0.00012937834253534675,
                        777561.25
                    ],
                    [
                        5348912.0,
                        2.480310831742827e-05,
                        0.00013201982073951513,
                        791966.9375
                    ],
                    [
                        5101304.0,
                        2.4083872631308623e-05,
                        0.00013791865785606205,
                        790369.0625
                    ],
                    [
                        5538600.0,
                        2.3393640731228516e-05,
                        0.00014453318726737052,
                        780343.4375
                    ],
                    [
                        5412624.0,
                        2.272302663186565e-05,
                        0.00014699026360176504,
                        758450.9375
                    ],
                    [
                        5321400.0,
                        2.2102101866039447e-05,
                        0.00016071676509454846,
                        845866.875
                    ],
                    [
                        5683400.0,
                        2.1499938156921417e-05,
                        0.00016249381587840617,
                        821531.0
                    ],
                    [
                        5282304.0,
                        2.0931340259267017e-05,
                        0.0001488575799157843,
                        840709.875
                    ],
                    [
                        5545840.0,
                        2.0398911146912724e-05,
                        0.00016087492986116558,
                        823198.9375
                    ],
                    [
                        5474888.0,
                        1.9883997083525173e-05,
                        0.00016716374375391752,
                        838579.125
                    ],
                    [
                        5364840.0,
                        1.9402330508455634e-05,
                        0.00019032474665436894,
                        800380.6875
                    ],
                    [
                        5569008.0,
                        1.8939608708024025e-05,
                        0.00018542619363870472,
                        823891.875
                    ],
                    [
                        5332984.0,
                        1.849955879151821e-05,
                        0.000198170033399947,
                        846311.4375
                    ],
                    [
                        5224384.0,
                        1.8092512618750334e-05,
                        0.0001916241308208555,
                        900435.5625
                    ],
                    [
                        5133160.0,
                        1.771021015883889e-05,
                        0.0002063407882815227,
                        866428.5625
                    ],
                    [
                        5361944.0,
                        1.733909812173806e-05,
                        0.00023895764024928212,
                        862112.4375
                    ],
                    [
                        5535704.0,
                        1.6969803255051374e-05,
                        0.00025051896227523685,
                        868913.125
                    ],
                    [
                        5189632.0,
                        1.662127579038497e-05,
                        0.0002676467993296683,
                        810234.1875
                    ],
                    [
                        5453168.0,
                        1.6289424820570275e-05,
                        0.0002700872428249568,
                        842694.5
                    ],
                    [
                        5334432.0,
                        1.5966239516274072e-05,
                        0.0002660537720657885,
                        825795.9375
                    ]
                ]
            ],
            "actions": [
                [
                    [
                        0.75
                    ],
                    [
                        0.75
                    ],
                    [
                        0.75
                    ],
                    [
                        0.75
                    ],
                    [
                        0.75
                    ],
                    [
                        0.75
                    ],
                    [
                        0.75
                    ],
                    [
                        0.75
                    ],
                    [
                        0.75
                    ],
                    [
                        0.75
                    ],
                    [
                        0.75
                    ],
                    [
                        0.75
                    ],
                    [
                        0.75
                    ],
                    [
                        0.75
                    ],
                    [
                        0.75
                    ],
                    [
                        0.75
                    ],
                    [
                        0.75
                    ],
                    [
                        0.75
                    ],
                    [
                        0.75
                    ],
                    [
                        0.75
                    ]
                ]
            ],
            "returns": [
                [
                    [
                        0.5615583062171936
                    ],
                    [
                        0.5606297850608826
                    ],
                    [
                        0.5596962571144104
                    ],
                    [
                        0.5587669014930725
                    ],
                    [
                        0.557830274105072
                    ],
                    [
                        0.5568956732749939
                    ],
                    [
                        0.5559626221656799
                    ],
                    [
                        0.555023729801178
                    ],
                    [
                        0.5540912747383118
                    ],
                    [
                        0.5531545877456665
                    ],
                    [
                        0.5522189736366272
                    ],
                    [
                        0.5512851476669312
                    ],
                    [
                        0.5503480434417725
                    ],
                    [
                        0.5494148135185242
                    ],
                    [
                        0.5484833717346191
                    ],
                    [
                        0.5475534796714783
                    ],
                    [
                        0.546619713306427
                    ],
                    [
                        0.5456831455230713
                    ],
                    [
                        0.544752299785614
                    ],
                    [
                        0.5438170433044434
                    ]
                ]
            ],
            "timesteps": [
                [
                    20,
                    21,
                    22,
                    23,
                    24,
                    25,
                    26,
                    27,
                    28,
                    29,
                    30,
                    31,
                    32,
                    33,
                    34,
                    35,
                    36,
                    37,
                    38,
                    39
                ]
            ],
            "labels": [
                [
                    2,
                    2,
                    2,
                    2,
                    2,
                    2,
                    2,
                    2,
                    2,
                    2,
                    2,
                    2,
                    2,
                    2,
                    2,
                    2,
                    2,
                    2,
                    2,
                    2
                ]
            ],
            "CPU Usage": 46.7,
            "RAM Usage": 55.0,
            "GPU Usage": 0.0,
            "VRAM Usage": 355.0,
            "Disk Read Speed (MB/s)": 206568.3525390625,
            "Disk Write Speed (MB/s)": 396237.8564453125
        },
        {
            "step": 2,
            "train_loss": 0.02046402357518673,
            "actions_pred1": [
                [
                    [
                        0.005395568907260895,
                        1.380784034729004,
                        1.2714226245880127,
                        -1.848292589187622
                    ],
                    [
                        0.4467848241329193,
                        1.052585244178772,
                        1.3793481588363647,
                        -2.0144410133361816
                    ],
                    [
                        0.3221672773361206,
                        0.9851093292236328,
                        1.259984016418457,
                        -1.836372971534729
                    ],
                    [
                        0.35935723781585693,
                        0.9617214202880859,
                        1.2126905918121338,
                        -1.8146066665649414
                    ],
                    [
                        0.3337136507034302,
                        0.8490591645240784,
                        1.1707961559295654,
                        -1.8368455171585083
                    ],
                    [
                        0.2530481219291687,
                        0.870578408241272,
                        1.6013157367706299,
                        -2.154014825820923
                    ],
                    [
                        0.3848118484020233,
                        0.720490574836731,
                        1.589338779449463,
                        -1.9746592044830322
                    ],
                    [
                        0.43500709533691406,
                        0.7263359427452087,
                        1.5103460550308228,
                        -1.9574131965637207
                    ],
                    [
                        0.4160921573638916,
                        0.7793060541152954,
                        1.467069387435913,
                        -2.0571937561035156
                    ],
                    [
                        0.39776450395584106,
                        0.8257662057876587,
                        1.3668221235275269,
                        -1.9098820686340332
                    ],
                    [
                        0.40617135167121887,
                        0.8255714178085327,
                        1.4389795064926147,
                        -1.845414400100708
                    ],
                    [
                        0.41778847575187683,
                        0.8229353427886963,
                        1.3719860315322876,
                        -1.9643802642822266
                    ],
                    [
                        0.30291593074798584,
                        0.8577532172203064,
                        1.3659919500350952,
                        -1.8979610204696655
                    ],
                    [
                        0.3281923532485962,
                        0.8426474332809448,
                        1.4230040311813354,
                        -1.9262499809265137
                    ],
                    [
                        0.2862694263458252,
                        0.5632479786872864,
                        1.6759109497070312,
                        -2.1253418922424316
                    ],
                    [
                        0.35701513290405273,
                        0.7453573942184448,
                        1.6767420768737793,
                        -2.184493064880371
                    ],
                    [
                        0.3386644721031189,
                        0.7698756456375122,
                        1.6458553075790405,
                        -2.0839169025421143
                    ],
                    [
                        0.41078341007232666,
                        0.8322166204452515,
                        1.5756645202636719,
                        -2.282170057296753
                    ],
                    [
                        0.31116175651550293,
                        0.9492994546890259,
                        1.6200010776519775,
                        -2.3458824157714844
                    ],
                    [
                        0.3553510904312134,
                        0.882941722869873,
                        1.5915197134017944,
                        -2.192809581756592
                    ]
                ]
            ],
            "actions_pred": [
                [
                    [
                        0.005395568907260895,
                        0.4467848241329193,
                        0.3221672773361206,
                        0.35935723781585693,
                        0.3337136507034302,
                        0.2530481219291687,
                        0.3848118484020233,
                        0.43500709533691406,
                        0.4160921573638916,
                        0.39776450395584106,
                        0.40617135167121887,
