{
    "steps": [
        {
            "step": 0,
            "train_loss": 0.039057403802871704,
            "actions_pred1": [
                [
                    [
                        0.5121038556098938,
                        0.11689068377017975,
                        0.6769258379936218,
                        0.01939547061920166
                    ],
                    [
                        0.3763803243637085,
                        0.09418576955795288,
                        0.5446372032165527,
                        0.006949707865715027
                    ],
                    [
                        0.2972055971622467,
                        -0.18018010258674622,
                        0.3680915832519531,
                        -0.1735302209854126
                    ],
                    [
                        0.3587956726551056,
                        -0.118887759745121,
                        0.31671833992004395,
                        -0.246759831905365
                    ],
                    [
                        0.322000652551651,
                        -0.09161008894443512,
                        0.4215928316116333,
                        -0.2846238315105438
                    ],
                    [
                        0.2190566062927246,
                        0.0530959814786911,
                        0.5104396939277649,
                        -0.30301332473754883
                    ],
                    [
                        0.4160025119781494,
                        -0.051848217844963074,
                        0.46055108308792114,
                        -0.3531952500343323
                    ],
                    [
                        0.359785795211792,
                        -0.008940368890762329,
                        0.44562166929244995,
                        -0.35895371437072754
                    ],
                    [
                        0.3185007572174072,
                        0.09465791285037994,
                        0.6844087243080139,
                        -0.42452120780944824
                    ],
                    [
                        0.40764129161834717,
                        0.149431973695755,
                        0.6664631366729736,
                        -0.3614472448825836
                    ],
                    [
                        0.335053026676178,
                        0.047168880701065063,
                        0.6669675707817078,
                        -0.3170574903488159
                    ],
                    [
                        0.3478778302669525,
                        0.07453314960002899,
                        0.5771358013153076,
                        -0.29527801275253296
                    ],
                    [
                        0.37081241607666016,
                        0.09979662299156189,
                        0.5912232995033264,
                        -0.25787919759750366
                    ],
                    [
                        0.35407495498657227,
                        0.1294076293706894,
                        0.6786619424819946,
                        -0.1173345148563385
                    ],
                    [
                        0.37412622570991516,
                        0.0759991854429245,
                        0.6768770813941956,
                        -0.1285322904586792
                    ],
                    [
                        0.3907017707824707,
                        -0.0836845189332962,
                        0.4342265725135803,
                        -0.16323593258857727
                    ],
                    [
                        0.40234243869781494,
                        0.031927965581417084,
                        0.47434115409851074,
                        -0.2661004364490509
                    ],
                    [
                        0.33841070532798767,
                        0.040028102695941925,
                        0.46461212635040283,
                        -0.20860415697097778
                    ],
                    [
                        0.3046885132789612,
                        0.05289601534605026,
                        0.5517390966415405,
                        -0.18927264213562012
                    ],
                    [
                        0.3065556287765503,
                        0.07139833271503448,
                        0.637019693851471,
                        -0.25876694917678833
                    ]
                ]
            ],
            "actions_pred": [
                [
                    [
                        0.5121038556098938,
                        0.3763803243637085,
                        0.2972055971622467,
                        0.3587956726551056,
                        0.322000652551651,
                        0.2190566062927246,
                        0.4160025119781494,
                        0.359785795211792,
                        0.3185007572174072,
                        0.40764129161834717,
                        0.335053026676178,
                        0.3478778302669525,
                        0.37081241607666016,
                        0.35407495498657227,
                        0.37412622570991516,
                        0.3907017707824707,
                        0.40234243869781494,
                        0.33841070532798767,
                        0.3046885132789612,
                        0.3065556287765503
                    ],
                    [
                        0.11689068377017975,
                        0.09418576955795288,
                        -0.18018010258674622,
                        -0.118887759745121,
                        -0.09161008894443512,
                        0.0530959814786911,
                        -0.051848217844963074,
                        -0.008940368890762329,
                        0.09465791285037994,
                        0.149431973695755,
                        0.047168880701065063,
                        0.07453314960002899,
                        0.09979662299156189,
                        0.1294076293706894,
                        0.0759991854429245,
                        -0.0836845189332962,
                        0.031927965581417084,
                        0.040028102695941925,
                        0.05289601534605026,
                        0.07139833271503448
                    ],
                    [
                        0.6769258379936218,
                        0.5446372032165527,
                        0.3680915832519531,
                        0.31671833992004395,
                        0.4215928316116333,
                        0.5104396939277649,
                        0.46055108308792114,
                        0.44562166929244995,
                        0.6844087243080139,
                        0.6664631366729736,
                        0.6669675707817078,
                        0.5771358013153076,
                        0.5912232995033264,
                        0.6786619424819946,
                        0.6768770813941956,
                        0.4342265725135803,
                        0.47434115409851074,
                        0.46461212635040283,
                        0.5517390966415405,
                        0.637019693851471
                    ],
                    [
                        0.01939547061920166,
                        0.006949707865715027,
                        -0.1735302209854126,
                        -0.246759831905365,
                        -0.2846238315105438,
                        -0.30301332473754883,
                        -0.3531952500343323,
                        -0.35895371437072754,
                        -0.42452120780944824,
                        -0.3614472448825836,
                        -0.3170574903488159,
                        -0.29527801275253296,
                        -0.25787919759750366,
                        -0.1173345148563385,
                        -0.1285322904586792,
                        -0.16323593258857727,
                        -0.2661004364490509,
                        -0.20860415697097778,
                        -0.18927264213562012,
                        -0.25876694917678833
                    ]
                ]
            ],
            "states": [
                [
                    [
                        5130264.0,
                        9.53052585828118e-06,
                        0.00017112551722675562,
                        484343.53125
                    ],
                    [
                        5473440.0,
                        9.464440154260956e-06,
                        0.00025726869353093207,
                        530369.25
                    ],
                    [
                        5615344.0,
                        9.396303539688233e-06,
                        0.000244751397985965,
                        507658.4375
                    ],
                    [
                        5705120.0,
                        9.327747648057994e-06,
                        0.0002547030453570187,
                        475297.125
                    ],
                    [
                        5661680.0,
                        9.25990843825275e-06,
                        0.0002602769818622619,
                        509474.46875
                    ],
                    [
                        5626928.0,
                        9.193505320581608e-06,
                        0.00028401854797266424,
                        512406.875
                    ],
                    [
                        7240000.0,
                        9.118992238654755e-06,
                        0.00026182830333709717,
                        473767.34375
                    ],
                    [
                        6098976.0,
                        9.042967576533556e-06,
                        0.00025427230866625905,
                        486137.84375
                    ],
                    [
                        5957072.0,
                        8.975355740403756e-06,
                        0.00025071317213587463,
                        481721.90625
                    ],
                    [
                        6045400.0,
                        8.909044481697492e-06,
                        0.000257556646829471,
                        512695.15625
                    ],
                    [
                        5554528.0,
                        8.845872798701748e-06,
                        0.0002534309751354158,
                        490408.03125
                    ],
                    [
                        5395248.0,
                        8.787061233306304e-06,
                        0.00019772094674408436,
                        502051.125
                    ],
                    [
                        6014992.0,
                        8.726612577447668e-06,
                        0.00023689404770266265,
                        496127.90625
                    ],
                    [
                        5615344.0,
                        8.665836503496394e-06,
                        0.00024040597782004625,
                        497831.1875
                    ],
                    [
                        5961416.0,
                        8.60618456499651e-06,
                        0.00023798528127372265,
                        498399.9375
                    ],
                    [
                        5690640.0,
                        8.546960089006461e-06,
                        0.0002599294239189476,
                        501903.53125
                    ],
                    [
                        6043952.0,
                        8.48813488119049e-06,
                        0.0002636733988765627,
                        501576.46875
                    ],
                    [
                        7975584.0,
                        8.418936886300799e-06,
                        0.00023683813924435526,
                        444337.65625
                    ],
                    [
                        5891912.0,
                        8.351544238394126e-06,
                        0.0002558637352194637,
                        498428.25
                    ],
                    [
                        6125040.0,
                        8.294033250422217e-06,
                        0.00024174025747925043,
                        501703.09375
                    ]
                ]
            ],
            "actions": [
                [
                    [
                        0.25
                    ],
                    [
                        0.25
                    ],
                    [
                        0.25
                    ],
                    [
                        0.25
                    ],
                    [
                        0.25
                    ],
                    [
                        0.25
                    ],
                    [
                        0.25
                    ],
                    [
                        0.25
                    ],
                    [
                        0.25
                    ],
                    [
                        0.25
                    ],
                    [
                        0.25
                    ],
                    [
                        0.25
                    ],
                    [
                        0.25
                    ],
                    [
                        0.25
                    ],
                    [
                        0.25
                    ],
                    [
                        0.25
                    ],
                    [
                        0.25
                    ],
                    [
                        0.25
                    ],
                    [
                        0.25
                    ],
                    [
                        0.25
                    ]
                ]
            ],
            "returns": [
                [
                    [
                        0.20859551429748535
                    ],
                    [
                        0.20766568183898926
                    ],
                    [
                        0.20673011243343353
                    ],
                    [
                        0.20579227805137634
                    ],
                    [
                        0.20485302805900574
                    ],
                    [
                        0.20391446352005005
                    ],
                    [
                        0.20297643542289734
                    ],
                    [
                        0.20201605558395386
                    ],
                    [
                        0.2010708898305893
                    ],
                    [
                        0.20012782514095306
                    ],
                    [
                        0.19918343424797058
                    ],
                    [
                        0.1982465535402298
                    ],
                    [
                        0.19731226563453674
                    ],
                    [
                        0.19636832177639008
                    ],
                    [
                        0.19543048739433289
                    ],
                    [
                        0.19448734819889069
                    ],
                    [
                        0.193548321723938
                    ],
                    [
                        0.1926039606332779
                    ],
                    [
                        0.19163501262664795
                    ],
                    [
                        0.19069290161132812
                    ]
                ]
            ],
            "timesteps": [
                [
                    400,
                    401,
                    402,
                    403,
                    404,
                    405,
                    406,
                    407,
                    408,
                    409,
                    410,
                    411,
                    412,
                    413,
                    414,
                    415,
                    416,
                    417,
                    418,
                    419
                ]
            ],
            "labels": [
                [
                    0,
                    0,
                    0,
                    0,
                    0,
                    0,
                    0,
                    0,
                    0,
                    0,
                    0,
                    0,
                    0,
                    0,
                    0,
                    0,
                    0,
                    0,
                    0,
                    0
                ]
            ],
            "CPU Usage": 45.5,
            "RAM Usage": 55.2,
            "GPU Usage": 0.0,
            "VRAM Usage": 356.0,
            "Disk Read Speed (MB/s)": 206042.6806640625,
            "Disk Write Speed (MB/s)": 356344.6689453125
        },
        {
            "step": 1,
            "train_loss": 0.04694591835141182,
            "actions_pred1": [
                [
                    [
                        0.15353742241859436,
                        -0.09831291437149048,
                        0.7326859831809998,
                        -0.31870612502098083
                    ],
                    [
                        0.28274983167648315,
                        0.0604964941740036,
                        0.7154152989387512,
                        -0.1935507357120514
                    ],
                    [
                        0.3008737564086914,
                        0.10917392373085022,
                        0.7078409790992737,
                        -0.06618845462799072
                    ],
                    [
                        0.3572830855846405,
                        0.1677953600883484,
                        0.732643723487854,
                        -0.09532418847084045
                    ],
                    [
                        0.23569922149181366,
                        0.26855579018592834,
                        0.753594160079956,
                        -0.23615004122257233
                    ],
                    [
                        0.303465873003006,
                        0.3298320174217224,
                        0.7962746024131775,
                        -0.31651580333709717
                    ],
                    [
                        0.2483862191438675,
                        0.30872219800949097,
                        0.867707371711731,
                        -0.32305678725242615
                    ],
                    [
                        0.23854462802410126,
                        0.2649080753326416,
                        0.860545814037323,
                        -0.2321334183216095
                    ],
                    [
                        0.14716185629367828,
                        0.38703006505966187,
                        0.830255389213562,
                        -0.21953651309013367
                    ],
                    [
                        0.23707565665245056,
                        0.21243241429328918,
                        0.8313919305801392,
                        -0.09854453802108765
                    ],
                    [
                        0.32784944772720337,
                        0.16783899068832397,
                        0.8336169719696045,
                        -0.11065629124641418
                    ],
                    [
                        0.1859099268913269,
                        0.13422919809818268,
                        0.8060329556465149,
                        -0.20253214240074158
                    ],
                    [
                        0.04707002639770508,
                        0.2501589059829712,
                        0.6416478157043457,
                        -0.18610531091690063
                    ],
                    [
                        0.09895800799131393,
                        0.30686134099960327,
                        0.7341514229774475,
                        -0.17831295728683472
                    ],
                    [
                        0.1871059089899063,
                        0.20283764600753784,
                        0.7350977063179016,
                        -0.12376120686531067
                    ],
                    [
                        0.23191599547863007,
                        0.1820630133152008,
                        0.7184895873069763,
                        -0.1346159279346466
                    ],
                    [
                        0.27990174293518066,
                        0.19153207540512085,
                        0.7862107753753662,
                        -0.14427578449249268
                    ],
                    [
                        0.26002442836761475,
                        0.15747132897377014,
                        0.7303563356399536,
                        -0.18901249766349792
                    ],
                    [
                        0.14915044605731964,
                        0.13254395127296448,
                        0.8326476216316223,
                        -0.3458898961544037
                    ],
                    [
                        0.20027348399162292,
                        0.1925516426563263,
                        0.8477280735969543,
                        -0.3226235508918762
                    ]
                ]
            ],
            "actions_pred": [
                [
                    [
                        0.15353742241859436,
                        0.28274983167648315,
                        0.3008737564086914,
                        0.3572830855846405,
                        0.23569922149181366,
                        0.303465873003006,
                        0.2483862191438675,
                        0.23854462802410126,
                        0.14716185629367828,
                        0.23707565665245056,
                        0.32784944772720337,
                        0.1859099268913269,
                        0.04707002639770508,
                        0.09895800799131393,
                        0.1871059089899063,
                        0.23191599547863007,
                        0.27990174293518066,
                        0.26002442836761475,
                        0.14915044605731964,
                        0.20027348399162292
                    ],
                    [
                        -0.09831291437149048,
                        0.0604964941740036,
                        0.10917392373085022,
                        0.1677953600883484,
                        0.26855579018592834,
                        0.3298320174217224,
                        0.30872219800949097,
                        0.2649080753326416,
                        0.38703006505966187,
                        0.21243241429328918,
                        0.16783899068832397,
                        0.13422919809818268,
                        0.2501589059829712,
                        0.30686134099960327,
                        0.20283764600753784,
                        0.1820630133152008,
                        0.19153207540512085,
                        0.15747132897377014,
                        0.13254395127296448,
                        0.1925516426563263
                    ],
                    [
                        0.7326859831809998,
                        0.7154152989387512,
                        0.7078409790992737,
                        0.732643723487854,
                        0.753594160079956,
                        0.7962746024131775,
                        0.867707371711731,
                        0.860545814037323,
                        0.830255389213562,
                        0.8313919305801392,
                        0.8336169719696045,
                        0.8060329556465149,
                        0.6416478157043457,
                        0.7341514229774475,
                        0.7350977063179016,
                        0.7184895873069763,
                        0.7862107753753662,
                        0.7303563356399536,
                        0.8326476216316223,
                        0.8477280735969543
                    ],
                    [
                        -0.31870612502098083,
                        -0.1935507357120514,
                        -0.06618845462799072,
                        -0.09532418847084045,
                        -0.23615004122257233,
                        -0.31651580333709717,
                        -0.32305678725242615,
                        -0.2321334183216095,
                        -0.21953651309013367,
                        -0.09854453802108765,
                        -0.11065629124641418,
                        -0.20253214240074158,
                        -0.18610531091690063,
                        -0.17831295728683472,
                        -0.12376120686531067,
                        -0.1346159279346466,
                        -0.14427578449249268,
                        -0.18901249766349792,
                        -0.3458898961544037,
                        -0.3226235508918762
                    ]
                ]
            ],
            "states": [
                [
                    [
                        4791432.0,
                        3.087877848884091e-05,
                        0.00023075626813806593,
                        506720.5
                    ],
                    [
                        3692400.0,
                        2.9973596610943787e-05,
                        0.00032322804327122867,
                        492666.6875
                    ],
                    [
                        4952160.0,
                        2.9106702641001903e-05,
                        0.0002578554267529398,
                        491613.3125
                    ],
                    [
                        4808808.0,
                        2.818479697452858e-05,
                        0.00022438736050389707,
                        480345.5
                    ],
                    [
                        4978224.0,
                        2.7317544663674198e-05,
                        0.00038321700412780046,
                        500271.75
                    ],
                    [
                        5354704.0,
                        2.645807217049878e-05,
                        0.0004527103737927973,
                        496069.53125
                    ],
                    [
                        3554840.0,
                        2.5757775802048855e-05,
                        0.00029970589093863964,
                        504121.5
                    ],
                    [
                        5330088.0,
                        2.5097764591919258e-05,
                        0.00026218051789328456,
                        473636.59375
                    ],
                    [
                        7706256.0,
                        2.4188775569200516e-05,
                        0.0002925366861745715,
                        550715.1875
                    ],
                    [
                        7687432.0,
                        2.319453051313758e-05,
                        0.00028024095809087157,
                        523717.84375
                    ],
                    [
                        6233640.0,
                        1.9415590941207483e-05,
                        0.0001758198341121897,
                        575309.5
                    ],
                    [
                        6330656.0,
                        1.8885328245232813e-05,
                        0.00013516498438548297,
                        576038.875
                    ],
                    [
                        2227024.0,
                        1.8539429220254533e-05,
                        0.0001646996388444677,
                        615099.8125
                    ],
                    [
                        3611312.0,
                        1.8311515304958448e-05,
                        0.0001985474955290556,
                        642490.9375
                    ],
                    [
                        5732632.0,
                        1.795835305529181e-05,
                        0.0002949792833533138,
                        564533.125
                    ],
                    [
                        5175152.0,
                        1.7562215361976996e-05,
                        0.0007080274517647922,
                        561933.4375
                    ],
                    [
                        4907272.0,
                        1.721135777188465e-05,
                        0.0013480978086590767,
                        618870.0
                    ],
                    [
                        4346896.0,
                        1.6901381968636997e-05,
                        0.0014468225417658687,
                        555341.1875
                    ],
                    [
                        5007184.0,
                        1.6599440641584806e-05,
                        0.0019480990013107657,
                        605693.8125
                    ],
                    [
                        5735528.0,
                        1.6265725207631476e-05,
                        0.002926501678302884,
                        601773.625
                    ]
                ]
            ],
            "actions": [
                [
                    [
                        0.5
                    ],
                    [
                        0.5
                    ],
                    [
                        0.5
                    ],
                    [
                        0.5
                    ],
                    [
                        0.5
                    ],
                    [
                        0.5
                    ],
                    [
                        0.5
                    ],
                    [
                        0.5
                    ],
                    [
                        0.5
                    ],
                    [
                        0.5
                    ],
                    [
                        0.5
                    ],
                    [
                        0.5
                    ],
                    [
                        0.5
                    ],
                    [
                        0.5
                    ],
                    [
                        0.5
                    ],
                    [
                        0.5
                    ],
                    [
                        0.5
                    ],
                    [
                        0.5
                    ],
                    [
                        0.5
                    ],
                    [
                        0.5
                    ]
                ]
            ],
            "returns": [
                [
                    [
                        0.45074203610420227
                    ],
                    [
                        0.44981828331947327
                    ],
                    [
                        0.44891759753227234
                    ],
                    [
                        0.44799089431762695
                    ],
                    [
                        0.4470668137073517
                    ],
                    [
                        0.4461396336555481
                    ],
                    [
                        0.44520601630210876
                    ],
                    [
                        0.44430869817733765
                    ],
                    [
                        0.44337549805641174
                    ],
                    [
                        0.44240957498550415
                    ],
                    [
                        0.44144389033317566
                    ],
                    [
                        0.4404968023300171
                    ],
                    [
                        0.4395483136177063
                    ],
                    [
                        0.43869248032569885
                    ],
                    [
                        0.4377937614917755
                    ],
                    [
                        0.4368540942668915
                    ],
                    [
                        0.4359234869480133
                    ],
                    [
                        0.4349976181983948
                    ],
                    [
                        0.4340824484825134
                    ],
                    [
                        0.43315479159355164
                    ]
                ]
            ],
            "timesteps": [
                [
                    140,
                    141,
                    142,
                    143,
                    144,
                    145,
                    146,
                    147,
                    148,
                    149,
                    150,
                    151,
                    152,
                    153,
                    154,
                    155,
                    156,
                    157,
                    158,
                    159
                ]
            ],
            "labels": [
                [
                    1,
                    1,
                    1,
                    1,
                    1,
                    1,
                    1,
                    1,
                    1,
                    1,
                    1,
                    1,
                    1,
                    1,
                    1,
                    1,
                    1,
                    1,
                    1,
                    1
                ]
            ],
            "CPU Usage": 47.0,
            "RAM Usage": 55.4,
            "GPU Usage": 0.0,
            "VRAM Usage": 356.0,
            "Disk Read Speed (MB/s)": 206042.6806640625,
            "Disk Write Speed (MB/s)": 356347.2705078125
        },
        {
            "step": 2,
            "train_loss": 0.04944999888539314,
            "actions_pred1": [
                [
                    [
                        0.2896782159805298,
                        0.0022211819887161255,
                        0.6405031681060791,
                        0.015975236892700195
                    ],
                    [
                        0.25697392225265503,
                        0.12899988889694214,
                        0.6976861953735352,
                        0.1695440411567688
                    ],
                    [
                        0.33194029331207275,
                        0.11252844333648682,
                        0.7738749980926514,
                        0.029433995485305786
                    ],
                    [
                        0.3254227936267853,
                        0.04331379383802414,
                        0.8150779008865356,
                        -0.047783851623535156
                    ],
                    [
                        0.28981393575668335,
                        0.09862320125102997,
                        0.9002087116241455,
                        -0.06644675135612488
                    ],
                    [
                        0.15291711688041687,
                        0.0954565480351448,
                        0.6904319524765015,
                        -0.23402327299118042
                    ],
                    [
                        0.26847344636917114,
                        0.05328242480754852,
                        0.7224259972572327,
                        -0.2058914303779602
                    ],
                    [
                        0.2585596740245819,
                        0.03401868790388107,
                        0.691672682762146,
                        -0.14348836243152618
                    ],
                    [
                        0.3154403567314148,
                        0.051978886127471924,
                        0.5799084305763245,
                        -0.1760341376066208
                    ],
                    [
                        0.22561004757881165,
                        0.008188232779502869,
                        0.648643434047699,
                        -0.14964374899864197
                    ],
                    [
                        0.2948640286922455,
                        0.11219631135463715,
                        0.659064769744873,
                        -0.18246664106845856
                    ],
                    [
                        0.31671053171157837,
                        0.11045641452074051,
                        0.6427735090255737,
                        -0.2247781604528427
                    ],
                    [
                        0.2628921568393707,
                        0.0882963165640831,
                        0.6137905120849609,
                        -0.2123914659023285
                    ],
                    [
                        0.2496766746044159,
                        0.14502578973770142,
                        0.6731877326965332,
                        -0.21489323675632477
                    ],
                    [
                        0.3554445207118988,
                        0.05633483827114105,
                        0.7895914316177368,
                        -0.14988833665847778
                    ],
                    [
                        0.2685942053794861,
                        0.11482071876525879,
                        0.7180803418159485,
                        -0.17259305715560913
                    ],
                    [
                        0.17471548914909363,
                        0.1799965500831604,
                        0.7417725324630737,
                        -0.1976686716079712
                    ],
                    [
                        0.2527768909931183,
                        0.13671882450580597,
                        0.8338051438331604,
                        -0.1477813571691513
                    ],
                    [
                        0.3022783398628235,
                        0.14392907917499542,
                        0.8127213716506958,
                        -0.18840423226356506
                    ],
                    [
                        0.18116658926010132,
                        0.15824314951896667,
                        0.7988958358764648,
                        -0.29833778738975525
                    ]
                ]
            ],
            "actions_pred": [
                [
                    [
                        0.2896782159805298,
                        0.25697392225265503,
                        0.33194029331207275,
                        0.3254227936267853,
                        0.28981393575668335,
                        0.15291711688041687,
                        0.26847344636917114,
