{
    "steps": [
        {
            "step": 0,
            "train_loss": 0.004367216490209103,
            "actions_pred1": [
                [
                    [
                        1.9287282228469849,
                        1.2123725414276123,
                        3.8572072982788086,
                        -5.166174411773682
                    ],
                    [
                        1.7313728332519531,
                        1.2139012813568115,
                        3.940985918045044,
                        -5.225175857543945
                    ],
                    [
                        1.6905988454818726,
                        1.8887213468551636,
                        3.997687339782715,
                        -5.476966381072998
                    ],
                    [
                        1.7833704948425293,
                        1.7787293195724487,
                        4.882666110992432,
                        -6.046026229858398
                    ],
                    [
                        1.6863737106323242,
                        1.896297574043274,
                        4.909701347351074,
                        -6.150209903717041
                    ],
                    [
                        2.211047649383545,
                        2.0315072536468506,
                        5.063223838806152,
                        -6.400890827178955
                    ],
                    [
                        2.1462247371673584,
                        1.9169251918792725,
                        4.9968461990356445,
                        -6.457945346832275
                    ],
                    [
                        1.8470630645751953,
                        1.3314424753189087,
                        5.028421878814697,
                        -6.9090471267700195
                    ],
                    [
                        1.9960737228393555,
                        0.8072336912155151,
                        4.521728038787842,
                        -6.815030097961426
                    ],
                    [
                        2.2593889236450195,
                        1.2222248315811157,
                        4.252216339111328,
                        -6.751920700073242
                    ],
                    [
                        2.179563283920288,
                        1.3158867359161377,
                        4.154006481170654,
                        -6.813963890075684
                    ],
                    [
                        2.420074224472046,
                        1.464065432548523,
                        4.4595417976379395,
                        -7.4644856452941895
                    ],
                    [
                        2.874675750732422,
                        1.2888476848602295,
                        4.66932487487793,
                        -7.707977294921875
                    ],
                    [
                        2.851891040802002,
                        1.2717519998550415,
                        4.293719291687012,
                        -7.9072418212890625
                    ],
                    [
                        2.6636650562286377,
                        1.1114182472229004,
                        4.308127403259277,
                        -7.862252712249756
                    ],
                    [
                        2.5989062786102295,
                        0.8041530847549438,
                        4.828341484069824,
                        -7.911870002746582
                    ],
                    [
                        2.5774192810058594,
                        0.9057403802871704,
                        4.8659162521362305,
                        -7.7873029708862305
                    ],
                    [
                        2.456582546234131,
                        1.001134991645813,
                        4.9251790046691895,
                        -7.639315605163574
                    ],
                    [
                        2.37026047706604,
                        1.3455770015716553,
                        4.965146064758301,
                        -7.719623565673828
                    ],
                    [
                        2.4762301445007324,
                        1.3355183601379395,
                        4.842956066131592,
                        -8.108109474182129
                    ]
                ]
            ],
            "actions_pred": [
                [
                    [
                        1.9287282228469849,
                        1.7313728332519531,
                        1.6905988454818726,
                        1.7833704948425293,
                        1.6863737106323242,
                        2.211047649383545,
                        2.1462247371673584,
                        1.8470630645751953,
                        1.9960737228393555,
                        2.2593889236450195,
                        2.179563283920288,
                        2.420074224472046,
                        2.874675750732422,
                        2.851891040802002,
                        2.6636650562286377,
                        2.5989062786102295,
                        2.5774192810058594,
                        2.456582546234131,
                        2.37026047706604,
                        2.4762301445007324
                    ],
                    [
                        1.2123725414276123,
                        1.2139012813568115,
                        1.8887213468551636,
                        1.7787293195724487,
                        1.896297574043274,
                        2.0315072536468506,
                        1.9169251918792725,
                        1.3314424753189087,
                        0.8072336912155151,
                        1.2222248315811157,
                        1.3158867359161377,
                        1.464065432548523,
                        1.2888476848602295,
                        1.2717519998550415,
                        1.1114182472229004,
                        0.8041530847549438,
                        0.9057403802871704,
                        1.001134991645813,
                        1.3455770015716553,
                        1.3355183601379395
                    ],
                    [
                        3.8572072982788086,
                        3.940985918045044,
                        3.997687339782715,
                        4.882666110992432,
                        4.909701347351074,
                        5.063223838806152,
                        4.9968461990356445,
                        5.028421878814697,
                        4.521728038787842,
                        4.252216339111328,
                        4.154006481170654,
                        4.4595417976379395,
                        4.66932487487793,
                        4.293719291687012,
                        4.308127403259277,
                        4.828341484069824,
                        4.8659162521362305,
                        4.9251790046691895,
                        4.965146064758301,
                        4.842956066131592
                    ],
                    [
                        -5.166174411773682,
                        -5.225175857543945,
                        -5.476966381072998,
                        -6.046026229858398,
                        -6.150209903717041,
                        -6.400890827178955,
                        -6.457945346832275,
                        -6.9090471267700195,
                        -6.815030097961426,
                        -6.751920700073242,
                        -6.813963890075684,
                        -7.4644856452941895,
                        -7.707977294921875,
                        -7.9072418212890625,
                        -7.862252712249756,
                        -7.911870002746582,
                        -7.7873029708862305,
                        -7.639315605163574,
                        -7.719623565673828,
                        -8.108109474182129
                    ]
                ]
            ],
            "states": [
                [
                    [
                        5305472.0,
                        8.719099241716322e-06,
                        0.00013201982073951513,
                        847637.0625
                    ],
                    [
                        5427104.0,
                        8.626127055322286e-06,
                        0.00013791865785606205,
                        798609.0
                    ],
                    [
                        5450272.0,
                        8.533900654583704e-06,
                        0.00014453318726737052,
                        879716.5
                    ],
                    [
                        5114336.0,
                        8.446181709587108e-06,
                        0.00014699026360176504,
                        849232.5625
                    ],
                    [
                        5466200.0,
                        8.360139872820582e-06,
                        0.00016071676509454846,
                        823946.3125
                    ],
                    [
                        5315608.0,
                        8.27424355520634e-06,
                        0.00016249381587840617,
                        854104.0625
                    ],
                    [
                        5602312.0,
                        8.189044820028357e-06,
                        0.0001488575799157843,
                        832423.8125
                    ],
                    [
                        5063656.0,
                        8.107467692752834e-06,
                        0.00016087492986116558,
                        837260.4375
                    ],
                    [
                        5243208.0,
                        8.030191565921996e-06,
                        0.00016716374375391752,
                        847603.1875
                    ],
                    [
                        5813720.0,
                        7.948916390887462e-06,
                        0.00019032474665436894,
                        855439.25
                    ],
                    [
                        5408280.0,
                        7.868069587857462e-06,
                        0.00018542619363870472,
                        819410.4375
                    ],
                    [
                        5082480.0,
                        7.7939621405676e-06,
                        0.000198170033399947,
                        886572.3125
                    ],
                    [
                        5553080.0,
                        7.720262146904133e-06,
                        0.0001916241308208555,
                        834980.5
                    ],
                    [
                        5222936.0,
                        7.646989615750499e-06,
                        0.0002063407882815227,
                        810099.0
                    ],
                    [
                        5267824.0,
                        7.57698762754444e-06,
                        0.00023895764024928212,
                        771615.4375
                    ],
                    [
                        5292440.0,
                        7.507794634875609e-06,
                        0.00025051896227523685,
                        873322.6875
                    ],
                    [
                        5603760.0,
                        7.437720341840759e-06,
                        0.0002676467993296683,
                        855312.0625
                    ],
                    [
                        5289312.0,
                        7.368956630671164e-06,
                        0.0002700872428249568,
                        823382.9375
                    ],
                    [
                        5275296.0,
                        7.303467100427952e-06,
                        0.0002660537720657885,
                        780031.4375
                    ],
                    [
                        5143296.0,
                        7.240012109832605e-06,
                        0.00026454709586687386,
                        808306.8125
                    ]
                ]
            ],
            "actions": [
                [
                    [
                        0.75
                    ],
                    [
                        0.75
                    ],
                    [
                        0.75
                    ],
                    [
                        0.75
                    ],
                    [
                        0.75
                    ],
                    [
                        0.75
                    ],
                    [
                        0.75
                    ],
                    [
                        0.75
                    ],
                    [
                        0.75
                    ],
                    [
                        0.75
                    ],
                    [
                        0.75
                    ],
                    [
                        0.75
                    ],
                    [
                        0.75
                    ],
                    [
                        0.75
                    ],
                    [
                        0.75
                    ],
                    [
                        0.75
                    ],
                    [
                        0.75
                    ],
                    [
                        0.75
                    ],
                    [
                        0.75
                    ],
                    [
                        0.75
                    ]
                ]
            ],
            "returns": [
                [
                    [
                        0.5055230259895325
                    ],
                    [
                        0.5045902132987976
                    ],
                    [
                        0.5036553740501404
                    ],
                    [
                        0.5027201771736145
                    ],
                    [
                        0.5017906427383423
                    ],
                    [
                        0.5008551478385925
                    ],
                    [
                        0.4999221861362457
                    ],
                    [
                        0.49898457527160645
                    ],
                    [
                        0.49805590510368347
                    ],
                    [
                        0.4971241354942322
                    ],
                    [
                        0.49618321657180786
                    ],
                    [
                        0.4952487051486969
                    ],
                    [
                        0.49431970715522766
                    ],
                    [
                        0.49338284134864807
                    ],
                    [
                        0.49245142936706543
                    ],
                    [
                        0.4915192425251007
                    ],
                    [
                        0.49058666825294495
                    ],
                    [
                        0.4896489977836609
                    ],
                    [
                        0.4887164533138275
                    ],
                    [
                        0.48778414726257324
                    ]
                ]
            ],
            "timesteps": [
                [
                    80,
                    81,
                    82,
                    83,
                    84,
                    85,
                    86,
                    87,
                    88,
                    89,
                    90,
                    91,
                    92,
                    93,
                    94,
                    95,
                    96,
                    97,
                    98,
                    99
                ]
            ],
            "labels": [
                [
                    2,
                    2,
                    2,
                    2,
                    2,
                    2,
                    2,
                    2,
                    2,
                    2,
                    2,
                    2,
                    2,
                    2,
                    2,
                    2,
                    2,
                    2,
                    2,
                    2
                ]
            ],
            "CPU Usage": 45.8,
            "RAM Usage": 55.0,
            "GPU Usage": 0.0,
            "VRAM Usage": 356.0,
            "Disk Read Speed (MB/s)": 206646.8037109375,
            "Disk Write Speed (MB/s)": 420306.9658203125
        },
        {
            "step": 1,
            "train_loss": 0.01551033090800047,
            "actions_pred1": [
                [
                    [
                        1.7668968439102173,
                        1.779197096824646,
                        2.762169599533081,
                        -5.67835807800293
                    ],
                    [
                        1.5693098306655884,
                        2.176633834838867,
                        3.5982275009155273,
                        -6.226620197296143
                    ],
                    [
                        1.972010612487793,
                        2.29831862449646,
                        3.539522409439087,
                        -5.6666717529296875
                    ],
                    [
                        2.089293956756592,
                        2.1867997646331787,
                        2.99505615234375,
                        -5.594058990478516
                    ],
                    [
                        1.778501033782959,
                        1.8684444427490234,
                        3.0893189907073975,
                        -5.905728816986084
                    ],
                    [
                        1.870699167251587,
                        2.1551427841186523,
                        3.2885899543762207,
                        -6.387831687927246
                    ],
                    [
                        1.851700782775879,
                        2.1854043006896973,
                        3.072100877761841,
                        -6.182042121887207
                    ],
                    [
                        1.4529517889022827,
                        2.1419806480407715,
                        2.3804147243499756,
                        -4.332459449768066
                    ],
                    [
                        1.7289589643478394,
                        1.409172534942627,
                        3.005366325378418,
                        -6.194293975830078
                    ],
                    [
                        1.7266067266464233,
                        1.3323020935058594,
                        3.0102550983428955,
                        -6.6726155281066895
                    ],
                    [
                        1.7756452560424805,
                        1.6661932468414307,
                        2.902862071990967,
                        -6.686174392700195
                    ],
                    [
                        1.9199392795562744,
                        1.78275728225708,
                        3.0076026916503906,
                        -7.04389762878418
                    ],
                    [
                        2.153165578842163,
                        1.6282051801681519,
                        3.2952611446380615,
                        -7.301966190338135
                    ],
                    [
                        2.2581627368927,
                        1.3661761283874512,
                        3.223208427429199,
                        -7.337705135345459
                    ],
                    [
                        2.417768955230713,
                        1.1922799348831177,
                        3.0729992389678955,
                        -7.438340663909912
                    ],
                    [
                        2.368790626525879,
                        1.0298293828964233,
                        2.9464924335479736,
                        -7.381070613861084
                    ],
                    [
                        2.3581900596618652,
                        1.1981229782104492,
                        2.9512147903442383,
                        -7.120006561279297
                    ],
                    [
                        2.3593027591705322,
                        1.3761765956878662,
                        3.059051990509033,
                        -7.2664690017700195
                    ],
                    [
                        2.220289945602417,
                        1.278130054473877,
                        2.9407460689544678,
                        -7.195546627044678
                    ],
                    [
                        2.5230441093444824,
                        1.4786391258239746,
                        3.0030956268310547,
                        -7.2354841232299805
                    ]
                ]
            ],
            "actions_pred": [
                [
                    [
                        1.7668968439102173,
                        1.5693098306655884,
                        1.972010612487793,
                        2.089293956756592,
                        1.778501033782959,
                        1.870699167251587,
                        1.851700782775879,
                        1.4529517889022827,
                        1.7289589643478394,
                        1.7266067266464233,
                        1.7756452560424805,
                        1.9199392795562744,
                        2.153165578842163,
                        2.2581627368927,
                        2.417768955230713,
                        2.368790626525879,
                        2.3581900596618652,
                        2.3593027591705322,
                        2.220289945602417,
                        2.5230441093444824
                    ],
                    [
                        1.779197096824646,
                        2.176633834838867,
                        2.29831862449646,
                        2.1867997646331787,
                        1.8684444427490234,
                        2.1551427841186523,
                        2.1854043006896973,
                        2.1419806480407715,
                        1.409172534942627,
                        1.3323020935058594,
                        1.6661932468414307,
                        1.78275728225708,
                        1.6282051801681519,
                        1.3661761283874512,
                        1.1922799348831177,
                        1.0298293828964233,
                        1.1981229782104492,
                        1.3761765956878662,
                        1.278130054473877,
                        1.4786391258239746
                    ],
                    [
                        2.762169599533081,
                        3.5982275009155273,
                        3.539522409439087,
                        2.99505615234375,
                        3.0893189907073975,
                        3.2885899543762207,
                        3.072100877761841,
                        2.3804147243499756,
                        3.005366325378418,
                        3.0102550983428955,
                        2.902862071990967,
                        3.0076026916503906,
                        3.2952611446380615,
                        3.223208427429199,
                        3.0729992389678955,
                        2.9464924335479736,
                        2.9512147903442383,
                        3.059051990509033,
                        2.9407460689544678,
                        3.0030956268310547
                    ],
                    [
                        -5.67835807800293,
                        -6.226620197296143,
                        -5.6666717529296875,
                        -5.594058990478516,
                        -5.905728816986084,
                        -6.387831687927246,
                        -6.182042121887207,
                        -4.332459449768066,
                        -6.194293975830078,
                        -6.6726155281066895,
                        -6.686174392700195,
                        -7.04389762878418,
                        -7.301966190338135,
                        -7.337705135345459,
                        -7.438340663909912,
                        -7.381070613861084,
                        -7.120006561279297,
                        -7.2664690017700195,
                        -7.195546627044678,
                        -7.2354841232299805
                    ]
                ]
            ],
            "states": [
                [
                    [
                        5057864.0,
                        2.556295476097148e-05,
                        0.00012937834253534675,
                        777561.25
                    ],
                    [
                        5348912.0,
                        2.480310831742827e-05,
                        0.00013201982073951513,
                        791966.9375
                    ],
                    [
                        5101304.0,
                        2.4083872631308623e-05,
                        0.00013791865785606205,
                        790369.0625
                    ],
                    [
                        5538600.0,
                        2.3393640731228516e-05,
                        0.00014453318726737052,
                        780343.4375
                    ],
                    [
                        5412624.0,
                        2.272302663186565e-05,
                        0.00014699026360176504,
                        758450.9375
                    ],
                    [
                        5321400.0,
                        2.2102101866039447e-05,
                        0.00016071676509454846,
                        845866.875
                    ],
                    [
                        5683400.0,
                        2.1499938156921417e-05,
                        0.00016249381587840617,
                        821531.0
                    ],
                    [
                        5282304.0,
                        2.0931340259267017e-05,
                        0.0001488575799157843,
                        840709.875
                    ],
                    [
                        5545840.0,
                        2.0398911146912724e-05,
                        0.00016087492986116558,
                        823198.9375
                    ],
                    [
                        5474888.0,
                        1.9883997083525173e-05,
                        0.00016716374375391752,
                        838579.125
                    ],
                    [
                        5364840.0,
                        1.9402330508455634e-05,
                        0.00019032474665436894,
                        800380.6875
                    ],
                    [
                        5569008.0,
                        1.8939608708024025e-05,
                        0.00018542619363870472,
                        823891.875
                    ],
                    [
                        5332984.0,
                        1.849955879151821e-05,
                        0.000198170033399947,
                        846311.4375
                    ],
                    [
                        5224384.0,
                        1.8092512618750334e-05,
                        0.0001916241308208555,
                        900435.5625
                    ],
                    [
                        5133160.0,
                        1.771021015883889e-05,
                        0.0002063407882815227,
                        866428.5625
                    ],
                    [
                        5361944.0,
                        1.733909812173806e-05,
                        0.00023895764024928212,
                        862112.4375
                    ],
                    [
                        5535704.0,
                        1.6969803255051374e-05,
                        0.00025051896227523685,
                        868913.125
                    ],
                    [
                        5189632.0,
                        1.662127579038497e-05,
                        0.0002676467993296683,
                        810234.1875
                    ],
                    [
                        5453168.0,
                        1.6289424820570275e-05,
                        0.0002700872428249568,
                        842694.5
                    ],
                    [
                        5334432.0,
                        1.5966239516274072e-05,
                        0.0002660537720657885,
                        825795.9375
                    ]
                ]
            ],
            "actions": [
                [
                    [
                        0.75
                    ],
                    [
                        0.75
                    ],
                    [
                        0.75
                    ],
                    [
                        0.75
                    ],
                    [
                        0.75
                    ],
                    [
                        0.75
                    ],
                    [
                        0.75
                    ],
                    [
                        0.75
                    ],
                    [
                        0.75
                    ],
                    [
                        0.75
                    ],
                    [
                        0.75
                    ],
                    [
                        0.75
                    ],
                    [
                        0.75
                    ],
                    [
                        0.75
                    ],
                    [
                        0.75
                    ],
                    [
                        0.75
                    ],
                    [
                        0.75
                    ],
                    [
                        0.75
                    ],
                    [
                        0.75
                    ],
                    [
                        0.75
                    ]
                ]
            ],
            "returns": [
                [
                    [
                        0.5615583062171936
                    ],
                    [
                        0.5606297850608826
                    ],
                    [
                        0.5596962571144104
                    ],
                    [
                        0.5587669014930725
                    ],
                    [
                        0.557830274105072
                    ],
                    [
                        0.5568956732749939
                    ],
                    [
                        0.5559626221656799
                    ],
                    [
                        0.555023729801178
                    ],
                    [
                        0.5540912747383118
                    ],
                    [
                        0.5531545877456665
                    ],
                    [
                        0.5522189736366272
                    ],
                    [
                        0.5512851476669312
                    ],
                    [
                        0.5503480434417725
                    ],
                    [
                        0.5494148135185242
                    ],
                    [
                        0.5484833717346191
                    ],
                    [
                        0.5475534796714783
                    ],
                    [
                        0.546619713306427
                    ],
                    [
                        0.5456831455230713
                    ],
                    [
                        0.544752299785614
                    ],
                    [
                        0.5438170433044434
                    ]
                ]
            ],
            "timesteps": [
                [
                    20,
                    21,
                    22,
                    23,
                    24,
                    25,
                    26,
                    27,
                    28,
                    29,
                    30,
                    31,
                    32,
                    33,
                    34,
                    35,
                    36,
                    37,
                    38,
                    39
                ]
            ],
            "labels": [
                [
                    2,
                    2,
                    2,
                    2,
                    2,
                    2,
                    2,
                    2,
                    2,
                    2,
                    2,
                    2,
                    2,
                    2,
                    2,
                    2,
                    2,
                    2,
                    2,
                    2
                ]
            ],
            "CPU Usage": 46.7,
            "RAM Usage": 55.1,
            "GPU Usage": 0.0,
            "VRAM Usage": 356.0,
            "Disk Read Speed (MB/s)": 206646.8037109375,
            "Disk Write Speed (MB/s)": 420307.2392578125
        },
        {
            "step": 2,
            "train_loss": 0.021742183715105057,
            "actions_pred1": [
                [
                    [
                        1.1383881568908691,
                        1.310556173324585,
                        2.2347640991210938,
                        -3.6638646125793457
                    ],
                    [
                        1.3385411500930786,
                        0.9209190607070923,
                        2.0712316036224365,
                        -3.2849669456481934
                    ],
                    [
                        1.5110732316970825,
                        0.7705814838409424,
                        2.1572744846343994,
                        -3.514922618865967
                    ],
                    [
                        1.7662161588668823,
                        0.6876320242881775,
                        2.268716812133789,
                        -3.516055107116699
                    ],
                    [
                        2.115291118621826,
                        0.5790207982063293,
                        2.4041261672973633,
                        -3.718425750732422
                    ],
                    [
                        2.2692325115203857,
                        0.6887848973274231,
                        2.3385462760925293,
                        -3.810318946838379
                    ],
                    [
                        2.127018928527832,
                        0.7787242531776428,
                        2.274461269378662,
                        -3.833550453186035
                    ],
                    [
                        2.167193651199341,
                        0.7118871212005615,
                        2.118584632873535,
                        -4.105142593383789
                    ],
                    [
                        2.1617586612701416,
                        0.6607427000999451,
                        2.157550096511841,
                        -4.386100769042969
                    ],
                    [
                        2.8439834117889404,
                        1.0312557220458984,
                        2.548312187194824,
                        -5.23545503616333
                    ],
                    [
                        3.493215322494507,
                        1.3919707536697388,
                        2.722198009490967,
                        -5.479100704193115
                    ],
                    [
                        3.612220048904419,
                        1.3200880289077759,
                        2.4968371391296387,
                        -5.414196968078613
                    ],
                    [
                        3.5798497200012207,
                        1.5254762172698975,
                        2.5236568450927734,
                        -5.566553115844727
                    ],
                    [
                        3.3906819820404053,
                        1.4002931118011475,
                        2.673818349838257,
                        -5.2749786376953125
                    ],
                    [
                        3.41455078125,
                        1.2422345876693726,
                        2.463435173034668,
                        -5.5214338302612305
                    ],
                    [
                        3.654534339904785,
                        1.270745038986206,
                        2.440904140472412,
                        -5.690135955810547
                    ],
                    [
                        3.6316137313842773,
                        1.3919811248779297,
                        2.625221014022827,
                        -5.854512691497803
                    ],
                    [
                        4.147850036621094,
                        1.5244618654251099,
                        2.929641008377075,
                        -6.2131242752075195
                    ],
                    [
                        4.221585273742676,
                        1.5230233669281006,
                        2.818856716156006,
                        -6.305801868438721
                    ],
                    [
                        4.10038948059082,
                        1.4973050355911255,
                        3.0598652362823486,
                        -6.103891849517822
                    ]
                ]
            ],
            "actions_pred": [
                [
                    [
                        1.1383881568908691,
                        1.3385411500930786,
                        1.5110732316970825,
                        1.7662161588668823,
                        2.115291118621826,
                        2.2692325115203857,
                        2.127018928527832,
                        2.167193651199341,
                        2.1617586612701416,
                        2.8439834117889404,
                        3.493215322494507,
                        3.612220048904419,
                        3.5798497200012207,
                        3.3906819820404053,
                        3.41455078125,
                        3.654534339904785,
                        3.6316137313842773,
                        4.147850036621094,
