{
    "steps": [
        {
            "step": 0,
            "train_loss": 0.03070620819926262,
            "actions_pred1": [
                [
                    [
                        0.515385091304779,
                        0.9566693902015686,
                        1.866315484046936,
                        -2.5548720359802246
                    ],
                    [
                        0.6397172212600708,
                        0.9371813535690308,
                        1.8637093305587769,
                        -2.5206570625305176
                    ],
                    [
                        0.6895936727523804,
                        0.9852912425994873,
                        1.9514272212982178,
                        -2.8274569511413574
                    ],
                    [
                        0.526354193687439,
                        1.060232162475586,
                        1.923500895500183,
                        -3.023624897003174
                    ],
                    [
                        0.5173311829566956,
                        1.3620400428771973,
                        1.6938565969467163,
                        -3.1049811840057373
                    ],
                    [
                        0.5925573110580444,
                        1.2896950244903564,
                        1.6465822458267212,
                        -2.8997907638549805
                    ],
                    [
                        0.8100136518478394,
                        1.2764842510223389,
                        1.4595537185668945,
                        -2.7738795280456543
                    ],
                    [
                        0.6032629013061523,
                        1.3311901092529297,
                        1.8113744258880615,
                        -2.6852450370788574
                    ],
                    [
                        0.5592328310012817,
                        1.3957688808441162,
                        1.8469539880752563,
                        -2.5965893268585205
                    ],
                    [
                        0.41477715969085693,
                        1.352912425994873,
                        1.8608031272888184,
                        -2.6709842681884766
                    ],
                    [
                        0.3532002568244934,
                        1.4364142417907715,
                        2.2278947830200195,
                        -3.057231903076172
                    ],
                    [
                        0.49949777126312256,
                        1.2987468242645264,
                        2.01102614402771,
                        -2.873554229736328
                    ],
                    [
                        0.5525832176208496,
                        1.2235305309295654,
                        2.016850709915161,
                        -2.9279541969299316
                    ],
                    [
                        0.4850376844406128,
                        0.9678030014038086,
                        1.927091121673584,
                        -2.70920729637146
                    ],
                    [
                        0.6415821313858032,
                        1.3553133010864258,
                        1.9747707843780518,
                        -3.1876347064971924
                    ],
                    [
                        0.6581429243087769,
                        1.2480883598327637,
                        1.6951524019241333,
                        -2.7815420627593994
                    ],
                    [
                        0.7478430867195129,
                        1.2795829772949219,
                        1.5894229412078857,
                        -2.610358238220215
                    ],
                    [
                        0.7934768199920654,
                        1.1564961671829224,
                        1.531497836112976,
                        -2.5921926498413086
                    ],
                    [
                        0.9709873199462891,
                        1.1719508171081543,
                        1.720983862876892,
                        -2.730872869491577
                    ],
                    [
                        0.8687493205070496,
                        1.2535831928253174,
                        1.8087689876556396,
                        -2.843567371368408
                    ]
                ]
            ],
            "actions_pred": [
                [
                    [
                        0.515385091304779,
                        0.6397172212600708,
                        0.6895936727523804,
                        0.526354193687439,
                        0.5173311829566956,
                        0.5925573110580444,
                        0.8100136518478394,
                        0.6032629013061523,
                        0.5592328310012817,
                        0.41477715969085693,
                        0.3532002568244934,
                        0.49949777126312256,
                        0.5525832176208496,
                        0.4850376844406128,
                        0.6415821313858032,
                        0.6581429243087769,
                        0.7478430867195129,
                        0.7934768199920654,
                        0.9709873199462891,
                        0.8687493205070496
                    ],
                    [
                        0.9566693902015686,
                        0.9371813535690308,
                        0.9852912425994873,
                        1.060232162475586,
                        1.3620400428771973,
                        1.2896950244903564,
                        1.2764842510223389,
                        1.3311901092529297,
                        1.3957688808441162,
                        1.352912425994873,
                        1.4364142417907715,
                        1.2987468242645264,
                        1.2235305309295654,
                        0.9678030014038086,
                        1.3553133010864258,
                        1.2480883598327637,
                        1.2795829772949219,
                        1.1564961671829224,
                        1.1719508171081543,
                        1.2535831928253174
                    ],
                    [
                        1.866315484046936,
                        1.8637093305587769,
                        1.9514272212982178,
                        1.923500895500183,
                        1.6938565969467163,
                        1.6465822458267212,
                        1.4595537185668945,
                        1.8113744258880615,
                        1.8469539880752563,
                        1.8608031272888184,
                        2.2278947830200195,
                        2.01102614402771,
                        2.016850709915161,
                        1.927091121673584,
                        1.9747707843780518,
                        1.6951524019241333,
                        1.5894229412078857,
                        1.531497836112976,
                        1.720983862876892,
                        1.8087689876556396
                    ],
                    [
                        -2.5548720359802246,
                        -2.5206570625305176,
                        -2.8274569511413574,
                        -3.023624897003174,
                        -3.1049811840057373,
                        -2.8997907638549805,
                        -2.7738795280456543,
                        -2.6852450370788574,
                        -2.5965893268585205,
                        -2.6709842681884766,
                        -3.057231903076172,
                        -2.873554229736328,
                        -2.9279541969299316,
                        -2.70920729637146,
                        -3.1876347064971924,
                        -2.7815420627593994,
                        -2.610358238220215,
                        -2.5921926498413086,
                        -2.730872869491577,
                        -2.843567371368408
                    ]
                ]
            ],
            "states": [
                [
                    [
                        5847024.0,
                        7.17427474228316e-06,
                        0.0002797465131152421,
                        862261.25
                    ],
                    [
                        5130264.0,
                        7.109771104296669e-06,
                        0.00027696648612618446,
                        791462.9375
                    ],
                    [
                        5460408.0,
                        7.0486535150848795e-06,
                        0.0002747685939539224,
                        848104.9375
                    ],
                    [
                        5159224.0,
                        6.988396307860967e-06,
                        0.000255326071055606,
                        826896.4375
                    ],
                    [
                        5280856.0,
                        6.9301599978643935e-06,
                        0.0002729953557718545,
                        850071.375
                    ],
                    [
                        5415520.0,
                        6.871501227578847e-06,
                        0.00026464968686923385,
                        894284.875
                    ],
                    [
                        5138952.0,
                        6.81457140672137e-06,
                        0.000260901142610237,
                        824406.5
                    ],
                    [
                        5364840.0,
                        6.758851213817252e-06,
                        0.00026091569452546537,
                        837380.25
                    ],
                    [
                        8605643.0,
                        0.0036125751212239265,
                        0.0002766261750366539,
                        462352.0625
                    ],
                    [
                        10015816.0,
                        0.00033437556703574955,
                        0.00026207882910966873,
                        482968.0625
                    ],
                    [
                        7806168.0,
                        0.00019468956452328712,
                        0.00027697221958078444,
                        473153.5
                    ],
                    [
                        6004856.0,
                        0.00014804340025875717,
                        0.00037561735371127725,
                        563905.9375
                    ],
                    [
                        3835752.0,
                        0.00012653775047510862,
                        0.000348972505889833,
                        546822.625
                    ],
                    [
                        693592.0,
                        0.00011859468213515356,
                        0.000344088242854923,
                        536207.0
                    ],
                    [
                        1136680.0,
                        0.00011570940841920674,
                        0.00030916635296307504,
                        532932.75
                    ],
                    [
                        755856.0,
                        0.0001128598305513151,
                        0.00029186115716584027,
                        668301.125
                    ],
                    [
                        573408.0,
                        0.00011094257206423208,
                        0.00031188191496767104,
                        741689.6875
                    ],
                    [
                        432952.0,
                        0.0001095341140171513,
                        0.0003927450452465564,
                        678985.1875
                    ],
                    [
                        1216320.0,
                        0.00010730996291385964,
                        0.00034627493005245924,
                        618105.1875
                    ],
                    [
                        4131144.0,
                        0.00010072957229567692,
                        0.00028098482289351523,
                        571491.4375
                    ]
                ]
            ],
            "actions": [
                [
                    [
                        0.75
                    ],
                    [
                        0.75
                    ],
                    [
                        0.75
                    ],
                    [
                        0.75
                    ],
                    [
                        0.75
                    ],
                    [
                        0.75
                    ],
                    [
                        0.75
                    ],
                    [
                        0.75
                    ],
                    [
                        0.5
                    ],
                    [
                        0.5
                    ],
                    [
                        0.5
                    ],
                    [
                        0.5
                    ],
                    [
                        0.5
                    ],
                    [
                        0.5
                    ],
                    [
                        0.5
                    ],
                    [
                        0.5
                    ],
                    [
                        0.5
                    ],
                    [
                        0.5
                    ],
                    [
                        0.5
                    ],
                    [
                        0.5
                    ]
                ]
            ],
            "returns": [
                [
                    [
                        0.48685410618782043
                    ],
                    [
                        0.4859126806259155
                    ],
                    [
                        0.48498284816741943
                    ],
                    [
                        0.4840475022792816
                    ],
                    [
                        0.48311716318130493
                    ],
                    [
                        0.4821847677230835
                    ],
                    [
                        0.481250137090683
                    ],
                    [
                        0.48032015562057495
                    ],
                    [
                        0.4793863594532013
                    ],
                    [
                        0.47841066122055054
                    ],
                    [
                        0.47742152214050293
                    ],
                    [
                        0.4764544665813446
                    ],
                    [
                        0.47551068663597107
                    ],
                    [
                        0.47460663318634033
                    ],
                    [
                        0.4738542139530182
                    ],
                    [
                        0.47305798530578613
                    ],
                    [
                        0.4722979664802551
                    ],
                    [
                        0.47156238555908203
                    ],
                    [
                        0.47085174918174744
                    ],
                    [
                        0.47004953026771545
                    ]
                ]
            ],
            "timesteps": [
                [
                    100,
                    101,
                    102,
                    103,
                    104,
                    105,
                    106,
                    107,
                    108,
                    109,
                    110,
                    111,
                    112,
                    113,
                    114,
                    115,
                    116,
                    117,
                    118,
                    119
                ]
            ],
            "labels": [
                [
                    2,
                    2,
                    2,
                    2,
                    2,
                    2,
                    2,
                    2,
                    1,
                    1,
                    1,
                    1,
                    1,
                    1,
                    1,
                    1,
                    1,
                    1,
                    1,
                    1
                ]
            ],
            "CPU Usage": 46.1,
            "RAM Usage": 54.9,
            "GPU Usage": 0.0,
            "VRAM Usage": 356.0,
            "Disk Read Speed (MB/s)": 206640.1552734375,
            "Disk Write Speed (MB/s)": 403114.4111328125
        },
        {
            "step": 1,
            "train_loss": 0.04461848735809326,
            "actions_pred1": [
                [
                    [
                        1.006791114807129,
                        0.2188529670238495,
                        1.5628511905670166,
                        -1.7736284732818604
                    ],
                    [
                        1.1624106168746948,
                        0.37299102544784546,
                        1.4867455959320068,
                        -1.97026526927948
                    ],
                    [
                        1.0942076444625854,
                        0.5431575775146484,
                        1.4115304946899414,
                        -2.2004265785217285
                    ],
                    [
                        1.1055899858474731,
                        0.5237583518028259,
                        1.4721863269805908,
                        -2.1169636249542236
                    ],
                    [
                        1.0165265798568726,
                        0.48114654421806335,
                        1.3498634099960327,
                        -1.7930078506469727
                    ],
                    [
                        1.0181576013565063,
                        0.5184687376022339,
                        1.4506757259368896,
                        -1.7029938697814941
                    ],
                    [
                        0.994813859462738,
                        0.39831027388572693,
                        1.4703482389450073,
                        -1.7080987691879272
                    ],
                    [
                        0.9152268767356873,
                        0.3807564973831177,
                        1.590057611465454,
                        -1.8008663654327393
                    ],
                    [
                        0.8788469433784485,
                        0.4374626874923706,
                        1.6499735116958618,
                        -1.8576635122299194
                    ],
                    [
                        0.8619976043701172,
                        0.35195016860961914,
                        1.5059990882873535,
                        -1.683564305305481
                    ],
                    [
                        0.7792491912841797,
                        0.4510335922241211,
                        1.562959909439087,
                        -1.7905559539794922
                    ],
                    [
                        0.9044549465179443,
                        0.5047731995582581,
                        1.7214070558547974,
                        -1.4469168186187744
                    ],
                    [
                        0.9444416761398315,
                        0.5391011238098145,
                        1.6313315629959106,
                        -1.8547065258026123
                    ],
                    [
                        0.8217787146568298,
                        0.5445818305015564,
                        1.621843934059143,
                        -1.7204890251159668
                    ],
                    [
                        0.7966776490211487,
                        0.5675358176231384,
                        1.6747043132781982,
                        -1.7271536588668823
                    ],
                    [
                        0.8798781633377075,
                        0.5955135226249695,
                        1.6972908973693848,
                        -1.6641671657562256
                    ],
                    [
                        0.8715299367904663,
                        0.5105565786361694,
                        1.7561036348342896,
                        -1.690120816230774
                    ],
                    [
                        0.7441673874855042,
                        0.4410748779773712,
                        1.5913105010986328,
                        -1.7326610088348389
                    ],
                    [
                        0.8568074703216553,
                        0.38101622462272644,
                        1.601294755935669,
                        -1.7128467559814453
                    ],
                    [
                        0.7197920083999634,
                        0.4440944194793701,
                        1.6622929573059082,
                        -1.7575795650482178
                    ]
                ]
            ],
            "actions_pred": [
                [
                    [
                        1.006791114807129,
                        1.1624106168746948,
                        1.0942076444625854,
                        1.1055899858474731,
                        1.0165265798568726,
                        1.0181576013565063,
                        0.994813859462738,
                        0.9152268767356873,
                        0.8788469433784485,
                        0.8619976043701172,
                        0.7792491912841797,
                        0.9044549465179443,
                        0.9444416761398315,
                        0.8217787146568298,
                        0.7966776490211487,
                        0.8798781633377075,
                        0.8715299367904663,
                        0.7441673874855042,
                        0.8568074703216553,
                        0.7197920083999634
                    ],
                    [
                        0.2188529670238495,
                        0.37299102544784546,
                        0.5431575775146484,
                        0.5237583518028259,
                        0.48114654421806335,
                        0.5184687376022339,
                        0.39831027388572693,
                        0.3807564973831177,
                        0.4374626874923706,
                        0.35195016860961914,
                        0.4510335922241211,
                        0.5047731995582581,
                        0.5391011238098145,
                        0.5445818305015564,
                        0.5675358176231384,
                        0.5955135226249695,
                        0.5105565786361694,
                        0.4410748779773712,
                        0.38101622462272644,
                        0.4440944194793701
                    ],
                    [
                        1.5628511905670166,
                        1.4867455959320068,
                        1.4115304946899414,
                        1.4721863269805908,
                        1.3498634099960327,
                        1.4506757259368896,
                        1.4703482389450073,
                        1.590057611465454,
                        1.6499735116958618,
                        1.5059990882873535,
                        1.562959909439087,
                        1.7214070558547974,
                        1.6313315629959106,
                        1.621843934059143,
                        1.6747043132781982,
                        1.6972908973693848,
                        1.7561036348342896,
                        1.5913105010986328,
                        1.601294755935669,
                        1.6622929573059082
                    ],
                    [
                        -1.7736284732818604,
                        -1.97026526927948,
                        -2.2004265785217285,
                        -2.1169636249542236,
                        -1.7930078506469727,
                        -1.7029938697814941,
                        -1.7080987691879272,
                        -1.8008663654327393,
                        -1.8576635122299194,
                        -1.683564305305481,
                        -1.7905559539794922,
                        -1.4469168186187744,
                        -1.8547065258026123,
                        -1.7204890251159668,
                        -1.7271536588668823,
                        -1.6641671657562256,
                        -1.690120816230774,
                        -1.7326610088348389,
                        -1.7128467559814453,
                        -1.7575795650482178
                    ]
                ]
            ],
            "states": [
                [
                    [
                        4843560.0,
                        2.424415470159147e-05,
                        0.00033060877467505634,
                        578357.375
                    ],
                    [
                        5799240.0,
                        2.295832928211894e-05,
                        0.0031183171086013317,
                        515791.3125
                    ],
                    [
                        4623464.0,
                        2.2749398340238258e-05,
                        0.0025027666706591845,
                        635101.375
                    ],
                    [
                        4743648.0,
                        2.2564916434930637e-05,
                        0.0014389286516234279,
                        594770.9375
                    ],
                    [
                        2644227.0,
                        0.009791561402380466,
                        0.003044134471565485,
                        425038.1875
                    ],
                    [
                        9469920.0,
                        0.0006961323670111597,
                        0.00288664479739964,
                        440941.21875
                    ],
                    [
                        5718152.0,
                        0.00029342120978981256,
                        0.0027106136549264193,
                        528296.5625
                    ],
                    [
                        2943784.0,
                        0.00022529042325913906,
                        0.0027518118731677532,
                        461782.90625
                    ],
                    [
                        1387184.0,
                        0.0002022606786340475,
                        0.0026009255088865757,
                        650753.875
                    ],
                    [
                        490872.0,
                        0.00019373110262677073,
                        0.002423960482701659,
                        624566.0
                    ],
                    [
                        260640.0,
                        0.00019053270807489753,
                        0.002274049213156104,
                        567144.625
                    ],
                    [
                        201272.0,
                        0.00018862112483475357,
                        0.0023237415589392185,
                        604014.4375
                    ],
                    [
                        152040.0,
                        0.00018718479259405285,
                        0.0021793735213577747,
                        487596.375
                    ],
                    [
                        117288.0,
                        0.00018610460392665118,
                        0.002523052040487528,
                        579471.3125
                    ],
                    [
                        123080.0,
                        0.0001851513225119561,
                        0.002231767401099205,
                        401703.1875
                    ],
                    [
                        70952.0,
                        0.00018438858387526125,
                        0.0032643231097608805,
                        840606.75
                    ],
                    [
                        131768.0,
                        0.0001835990115068853,
                        0.0020812072325497866,
                        190522.296875
                    ],
                    [
                        144800.0,
                        0.00018253228336106986,
                        0.0015903349267318845,
                        318817.125
                    ],
                    [
                        173760.0,
                        0.0001813189737731591,
                        0.0016534600872546434,
                        316928.125
                    ],
                    [
                        181000.0,
                        0.0001799864403437823,
                        0.0014106292510405183,
                        219901.125
                    ]
                ]
            ],
            "actions": [
                [
                    [
                        0.5
                    ],
                    [
                        0.5
                    ],
                    [
                        0.5
                    ],
                    [
                        0.5
                    ],
                    [
                        0.25
                    ],
                    [
                        0.25
                    ],
                    [
                        0.25
                    ],
                    [
                        0.25
                    ],
                    [
                        0.25
                    ],
                    [
                        0.25
                    ],
                    [
                        0.25
                    ],
                    [
                        0.25
                    ],
                    [
                        0.25
                    ],
                    [
                        0.25
                    ],
                    [
                        0.25
                    ],
                    [
                        0.25
                    ],
                    [
                        0.25
                    ],
                    [
                        0.25
                    ],
                    [
                        0.25
                    ],
                    [
                        0.25
                    ]
                ]
            ],
            "returns": [
                [
                    [
                        0.09717193245887756
                    ],
                    [
                        0.09624720364809036
                    ],
                    [
                        0.09530650824308395
                    ],
                    [
                        0.09438589215278625
                    ],
                    [
                        0.09346301108598709
                    ],
                    [
                        0.09259194135665894
                    ],
                    [
                        0.09160776436328888
                    ],
                    [
                        0.09066831320524216
                    ],
                    [
                        0.08978772908449173
                    ],
                    [
                        0.08897385746240616
                    ],
                    [
                        0.08825208246707916
                    ],
                    [
                        0.0875864326953888
                    ],
                    [
                        0.08694369345903397
                    ],
                    [
                        0.08632583171129227
                    ],
                    [
                        0.08573097735643387
                    ],
                    [
                        0.08513184636831284
                    ],
                    [
                        0.08458154648542404
                    ],
                    [
                        0.0839763730764389
                    ],
                    [
                        0.08336283266544342
                    ],
                    [
                        0.08273313194513321
                    ]
                ]
            ],
            "timesteps": [
                [
                    520,
                    521,
                    522,
                    523,
                    524,
                    525,
                    526,
                    527,
                    528,
                    529,
                    530,
                    531,
                    532,
                    533,
                    534,
                    535,
                    536,
                    537,
                    538,
                    539
                ]
            ],
            "labels": [
                [
                    1,
                    1,
                    1,
                    1,
                    0,
                    0,
                    0,
                    0,
                    0,
                    0,
                    0,
                    0,
                    0,
                    0,
                    0,
                    0,
                    0,
                    0,
                    0,
                    0
                ]
            ],
            "CPU Usage": 46.7,
            "RAM Usage": 55.0,
            "GPU Usage": 0.0,
            "VRAM Usage": 356.0,
            "Disk Read Speed (MB/s)": 206640.1552734375,
            "Disk Write Speed (MB/s)": 403114.4658203125
        },
        {
            "step": 2,
            "train_loss": 0.04209543764591217,
            "actions_pred1": [
                [
                    [
                        0.6919853687286377,
                        0.5359916687011719,
                        1.2505204677581787,
                        -1.9114763736724854
                    ],
                    [
                        0.6217136979103088,
                        0.3668937683105469,
                        1.0301578044891357,
                        -1.8059450387954712
                    ],
                    [
                        0.5372860431671143,
                        0.3960035741329193,
                        1.0935500860214233,
                        -1.8065801858901978
                    ],
                    [
                        0.4038645625114441,
                        0.49087023735046387,
                        0.9680143594741821,
                        -1.805834412574768
                    ],
                    [
                        0.3486761152744293,
                        0.5401415824890137,
                        0.9632783532142639,
                        -1.9283627271652222
                    ],
                    [
                        0.37267401814460754,
                        0.566449761390686,
                        1.0390232801437378,
                        -1.8293944597244263
                    ],
                    [
                        0.4042368233203888,
                        0.6994673013687134,
                        0.9867402911186218,
                        -1.9149188995361328
                    ],
                    [
                        0.40442293882369995,
                        0.5321126580238342,
                        1.0682806968688965,
                        -1.9350436925888062
                    ],
                    [
                        0.4274812936782837,
                        0.5047410726547241,
                        1.0711251497268677,
                        -2.0004477500915527
                    ],
                    [
                        0.43992820382118225,
                        0.5519456267356873,
                        1.2709382772445679,
                        -1.9107859134674072
                    ],
                    [
                        0.6042861938476562,
                        0.5958329439163208,
                        1.1812089681625366,
                        -2.0500564575195312
                    ],
                    [
                        0.8555792570114136,
                        0.5512658357620239,
                        1.1991158723831177,
                        -2.2092933654785156
                    ],
                    [
                        0.7110737562179565,
                        0.6452089548110962,
                        1.3216980695724487,
                        -2.2432355880737305
                    ],
                    [
                        0.6731797456741333,
                        0.6355496644973755,
                        1.348829984664917,
                        -2.132927179336548
                    ],
                    [
                        0.5489563941955566,
                        0.6954721212387085,
                        1.3744317293167114,
                        -2.077151298522949
                    ],
                    [
                        0.5590839982032776,
                        0.7472193241119385,
                        1.3954243659973145,
                        -2.055293560028076
                    ],
                    [
                        0.5746673941612244,
                        0.6600701212882996,
                        1.4488625526428223,
                        -2.1100218296051025
                    ],
                    [
                        0.5418790578842163,
                        0.5974664688110352,
                        1.373636245727539,
                        -2.0514378547668457
                    ],
                    [
                        0.6320486664772034,
                        0.7536945939064026,
                        1.1773111820220947,
                        -2.0080983638763428
                    ],
                    [
                        0.6604875326156616,
                        0.8663820624351501,
                        1.1365370750427246,
                        -2.1255295276641846
                    ]
                ]
            ],
            "actions_pred": [
                [
                    [
                        0.6919853687286377,
                        0.6217136979103088,
                        0.5372860431671143,
                        0.4038645625114441,
                        0.3486761152744293,
                        0.37267401814460754,
                        0.4042368233203888,
                        0.40442293882369995,
                        0.4274812936782837,
                        0.43992820382118225,
                        0.6042861938476562,
                        0.8555792570114136,
                        0.7110737562179565,
