{
    "steps": [
        {
            "step": 0,
            "train_loss": 0.03890648111701012,
            "actions_pred1": [
                [
                    [
                        1.150272250175476,
                        0.1257021725177765,
                        1.7269458770751953,
                        -1.4046131372451782
                    ],
                    [
                        1.1030634641647339,
                        0.20712915062904358,
                        1.6155242919921875,
                        -1.4469971656799316
                    ],
                    [
                        0.7952917814254761,
                        0.25716882944107056,
                        1.4406006336212158,
                        -1.6654613018035889
                    ],
                    [
                        0.6537339687347412,
                        0.25065338611602783,
                        1.4242981672286987,
                        -1.737579107284546
                    ],
                    [
                        0.5956970453262329,
                        0.3071175217628479,
                        1.4050451517105103,
                        -1.788102388381958
                    ],
                    [
                        0.5321179032325745,
                        0.2285226434469223,
                        1.4360994100570679,
                        -1.851045846939087
                    ],
                    [
                        0.4760774075984955,
                        0.17098772525787354,
                        1.5058577060699463,
                        -1.9413461685180664
                    ],
                    [
                        0.5079596042633057,
                        0.24819286167621613,
                        1.5829696655273438,
                        -2.0793087482452393
                    ],
                    [
                        0.8344970941543579,
                        0.3466016948223114,
                        1.526324987411499,
                        -2.109708309173584
                    ],
                    [
                        1.112213134765625,
                        0.2628970742225647,
                        1.4538309574127197,
                        -2.277345657348633
                    ],
                    [
                        1.1353404521942139,
                        0.31005966663360596,
                        1.4114826917648315,
                        -2.3057861328125
                    ],
                    [
                        1.1455368995666504,
                        0.3083651661872864,
                        1.5159810781478882,
                        -2.3518500328063965
                    ],
                    [
                        1.1193797588348389,
                        0.3677073121070862,
                        1.3692184686660767,
                        -2.307072401046753
                    ],
                    [
                        1.1028978824615479,
                        0.4040592908859253,
                        1.4146616458892822,
                        -2.20859432220459
                    ],
                    [
                        1.1152437925338745,
                        0.45968547463417053,
                        1.5270999670028687,
                        -2.297461748123169
                    ],
                    [
                        1.0477619171142578,
                        0.42715731263160706,
                        1.5165293216705322,
                        -2.3310766220092773
                    ],
                    [
                        1.0877325534820557,
                        0.2870579957962036,
                        1.4237545728683472,
                        -2.326597213745117
                    ],
                    [
                        0.7793254852294922,
                        0.4522618055343628,
                        1.5692265033721924,
                        -2.458557367324829
                    ],
                    [
                        0.7386291027069092,
                        0.5758823752403259,
                        1.531145453453064,
                        -2.2426767349243164
                    ],
                    [
                        0.7991890907287598,
                        0.6159634590148926,
                        1.425231695175171,
                        -2.2051947116851807
                    ]
                ]
            ],
            "actions_pred": [
                [
                    [
                        1.150272250175476,
                        1.1030634641647339,
                        0.7952917814254761,
                        0.6537339687347412,
                        0.5956970453262329,
                        0.5321179032325745,
                        0.4760774075984955,
                        0.5079596042633057,
                        0.8344970941543579,
                        1.112213134765625,
                        1.1353404521942139,
                        1.1455368995666504,
                        1.1193797588348389,
                        1.1028978824615479,
                        1.1152437925338745,
                        1.0477619171142578,
                        1.0877325534820557,
                        0.7793254852294922,
                        0.7386291027069092,
                        0.7991890907287598
                    ],
                    [
                        0.1257021725177765,
                        0.20712915062904358,
                        0.25716882944107056,
                        0.25065338611602783,
                        0.3071175217628479,
                        0.2285226434469223,
                        0.17098772525787354,
                        0.24819286167621613,
                        0.3466016948223114,
                        0.2628970742225647,
                        0.31005966663360596,
                        0.3083651661872864,
                        0.3677073121070862,
                        0.4040592908859253,
                        0.45968547463417053,
                        0.42715731263160706,
                        0.2870579957962036,
                        0.4522618055343628,
                        0.5758823752403259,
                        0.6159634590148926
                    ],
                    [
                        1.7269458770751953,
                        1.6155242919921875,
                        1.4406006336212158,
                        1.4242981672286987,
                        1.4050451517105103,
                        1.4360994100570679,
                        1.5058577060699463,
                        1.5829696655273438,
                        1.526324987411499,
                        1.4538309574127197,
                        1.4114826917648315,
                        1.5159810781478882,
                        1.3692184686660767,
                        1.4146616458892822,
                        1.5270999670028687,
                        1.5165293216705322,
                        1.4237545728683472,
                        1.5692265033721924,
                        1.531145453453064,
                        1.425231695175171
                    ],
                    [
                        -1.4046131372451782,
                        -1.4469971656799316,
                        -1.6654613018035889,
                        -1.737579107284546,
                        -1.788102388381958,
                        -1.851045846939087,
                        -1.9413461685180664,
                        -2.0793087482452393,
                        -2.109708309173584,
                        -2.277345657348633,
                        -2.3057861328125,
                        -2.3518500328063965,
                        -2.307072401046753,
                        -2.20859432220459,
                        -2.297461748123169,
                        -2.3310766220092773,
                        -2.326597213745117,
                        -2.458557367324829,
                        -2.2426767349243164,
                        -2.2051947116851807
                    ]
                ]
            ],
            "states": [
                [
                    [
                        10490760.0,
                        0.00010820227180374786,
                        0.00015429843915626407,
                        444121.375
                    ],
                    [
                        10112832.0,
                        9.372556087328121e-05,
                        0.00014512072084471583,
                        443784.5
                    ],
                    [
                        10076632.0,
                        8.28753545647487e-05,
                        0.00015239186177495867,
                        427008.3125
                    ],
                    [
                        10218536.0,
                        7.424143404932693e-05,
                        0.00013630501052830368,
                        433225.1875
                    ],
                    [
                        10903440.0,
                        6.698495417367667e-05,
                        0.0001300903531955555,
                        434838.78125
                    ],
                    [
                        10177992.0,
                        6.102009865571745e-05,
                        0.0001368058001389727,
                        431759.375
                    ],
                    [
                        10500896.0,
                        5.612600944004953e-05,
                        0.00014432381431106478,
                        435333.53125
                    ],
                    [
                        10752848.0,
                        5.185119152883999e-05,
                        0.00014270890096668154,
                        438961.46875
                    ],
                    [
                        10833936.0,
                        4.812757106265053e-05,
                        0.00014136718527879566,
                        432069.78125
                    ],
                    [
                        10654384.0,
                        4.491618892643601e-05,
                        0.00013239651161711663,
                        433675.4375
                    ],
                    [
                        10524064.0,
                        4.214471118757501e-05,
                        0.00014063461276236922,
                        436827.0
                    ],
                    [
                        8511344.0,
                        3.9926697354530916e-05,
                        0.00013637621304951608,
                        473364.125
                    ],
                    [
                        10828144.0,
                        3.790804112213664e-05,
                        0.00013436605513561517,
                        430273.59375
                    ],
                    [
                        10288040.0,
                        3.5919863876188174e-05,
                        0.00013586058048531413,
                        455927.09375
                    ],
                    [
                        9009456.0,
                        3.427618867135607e-05,
                        0.00013340605073608458,
                        453153.21875
                    ],
                    [
                        10348856.0,
                        3.2774834835436195e-05,
                        0.0001376099098706618,
                        434225.03125
                    ],
                    [
                        10166408.0,
                        3.131924677290954e-05,
                        0.00017068465240299702,
                        438236.6875
                    ],
                    [
                        10539992.0,
                        2.9976108635310084e-05,
                        0.0001329061051364988,
                        436937.3125
                    ],
                    [
                        10836832.0,
                        2.8705166187137365e-05,
                        0.00013878877507522702,
                        435041.5
                    ],
                    [
                        10188128.0,
                        2.755545938271098e-05,
                        0.00015914233517833054,
                        427912.71875
                    ]
                ]
            ],
            "actions": [
                [
                    [
                        0.25
                    ],
                    [
                        0.25
                    ],
                    [
                        0.25
                    ],
                    [
                        0.25
                    ],
                    [
                        0.25
                    ],
                    [
                        0.25
                    ],
                    [
                        0.25
                    ],
                    [
                        0.25
                    ],
                    [
                        0.25
                    ],
                    [
                        0.25
                    ],
                    [
                        0.25
                    ],
                    [
                        0.25
                    ],
                    [
                        0.25
                    ],
                    [
                        0.25
                    ],
                    [
                        0.25
                    ],
                    [
                        0.25
                    ],
                    [
                        0.25
                    ],
                    [
                        0.25
                    ],
                    [
                        0.25
                    ],
                    [
                        0.25
                    ]
                ]
            ],
            "returns": [
                [
                    [
                        0.2865329086780548
                    ],
                    [
                        0.2855396568775177
                    ],
                    [
                        0.28454965353012085
                    ],
                    [
                        0.28355997800827026
                    ],
                    [
                        0.2825690507888794
                    ],
                    [
                        0.2815724015235901
                    ],
                    [
                        0.28058183193206787
                    ],
                    [
                        0.2795884907245636
                    ],
                    [
                        0.2785930335521698
                    ],
                    [
                        0.27759695053100586
                    ],
                    [
                        0.2766023278236389
                    ],
                    [
                        0.27560877799987793
                    ],
                    [
                        0.27463406324386597
                    ],
                    [
                        0.2736380100250244
                    ],
                    [
                        0.2726464867591858
                    ],
                    [
                        0.2716667354106903
                    ],
                    [
                        0.2706746757030487
                    ],
                    [
                        0.26968422532081604
                    ],
                    [
                        0.2686905562877655
                    ],
                    [
                        0.2676944136619568
                    ]
                ]
            ],
            "timesteps": [
                [
                    320,
                    321,
                    322,
                    323,
                    324,
                    325,
                    326,
                    327,
                    328,
                    329,
                    330,
                    331,
                    332,
                    333,
                    334,
                    335,
                    336,
                    337,
                    338,
                    339
                ]
            ],
            "labels": [
                [
                    0,
                    0,
                    0,
                    0,
                    0,
                    0,
                    0,
                    0,
                    0,
                    0,
                    0,
                    0,
                    0,
                    0,
                    0,
                    0,
                    0,
                    0,
                    0,
                    0
                ]
            ],
            "CPU Usage": 45.9,
            "RAM Usage": 54.9,
            "GPU Usage": 0.0,
            "VRAM Usage": 355.0,
            "Disk Read Speed (MB/s)": 206580.4599609375,
            "Disk Write Speed (MB/s)": 400245.1767578125
        },
        {
            "step": 1,
            "train_loss": 0.03564699739217758,
            "actions_pred1": [
                [
                    [
                        1.0061471462249756,
                        0.4108658730983734,
                        1.571932077407837,
                        -2.299194574356079
                    ],
                    [
                        0.8739553689956665,
                        0.56395423412323,
                        1.4818270206451416,
                        -2.0388522148132324
                    ],
                    [
                        0.82479327917099,
                        0.4590188264846802,
                        1.6078401803970337,
                        -2.033560037612915
                    ],
                    [
                        1.0149328708648682,
                        0.37288427352905273,
                        1.487316608428955,
                        -1.9414324760437012
                    ],
                    [
                        0.929942786693573,
                        0.4126248359680176,
                        1.4498169422149658,
                        -2.0751900672912598
                    ],
                    [
                        1.144573450088501,
                        0.4261043667793274,
                        1.3571794033050537,
                        -2.0305562019348145
                    ],
                    [
                        1.287927269935608,
                        0.4409353733062744,
                        1.4685416221618652,
                        -2.087859630584717
                    ],
                    [
                        1.3231825828552246,
                        0.34727099537849426,
                        1.537207841873169,
                        -2.342902183532715
                    ],
                    [
                        1.2762101888656616,
                        0.44651851058006287,
                        1.7155557870864868,
                        -2.472999334335327
                    ],
                    [
                        1.0855320692062378,
                        0.5690466165542603,
                        1.7555307149887085,
                        -2.336986541748047
                    ],
                    [
                        1.023832082748413,
                        0.5993131399154663,
                        1.396388053894043,
                        -2.4137067794799805
                    ],
                    [
                        1.0871509313583374,
                        0.4986124634742737,
                        1.4301271438598633,
                        -2.256838798522949
                    ],
                    [
                        1.159029483795166,
                        0.540522575378418,
                        1.5047701597213745,
                        -2.234788179397583
                    ],
                    [
                        1.0591294765472412,
                        0.575843870639801,
                        1.3316291570663452,
                        -2.101761817932129
                    ],
                    [
                        1.0663305521011353,
                        0.48258280754089355,
                        1.3966257572174072,
                        -2.212482452392578
                    ],
                    [
                        1.0860044956207275,
                        0.6514862775802612,
                        1.3977506160736084,
                        -2.5655484199523926
                    ],
                    [
                        1.001166820526123,
                        0.6564788222312927,
                        1.5783520936965942,
                        -2.6390786170959473
                    ],
                    [
                        1.0393388271331787,
                        0.5906049609184265,
                        1.576566219329834,
                        -2.416807174682617
                    ],
                    [
                        1.0403475761413574,
                        0.6105175018310547,
                        1.4908037185668945,
                        -2.368216037750244
                    ],
                    [
                        1.2731244564056396,
                        0.4626169502735138,
                        1.3956358432769775,
                        -2.450925588607788
                    ]
                ]
            ],
            "actions_pred": [
                [
                    [
                        1.0061471462249756,
                        0.8739553689956665,
                        0.82479327917099,
                        1.0149328708648682,
                        0.929942786693573,
                        1.144573450088501,
                        1.287927269935608,
                        1.3231825828552246,
                        1.2762101888656616,
                        1.0855320692062378,
                        1.023832082748413,
                        1.0871509313583374,
                        1.159029483795166,
                        1.0591294765472412,
                        1.0663305521011353,
                        1.0860044956207275,
                        1.001166820526123,
                        1.0393388271331787,
                        1.0403475761413574,
                        1.2731244564056396
                    ],
                    [
                        0.4108658730983734,
                        0.56395423412323,
                        0.4590188264846802,
                        0.37288427352905273,
                        0.4126248359680176,
                        0.4261043667793274,
                        0.4409353733062744,
                        0.34727099537849426,
                        0.44651851058006287,
                        0.5690466165542603,
                        0.5993131399154663,
                        0.4986124634742737,
                        0.540522575378418,
                        0.575843870639801,
                        0.48258280754089355,
                        0.6514862775802612,
                        0.6564788222312927,
                        0.5906049609184265,
                        0.6105175018310547,
                        0.4626169502735138
                    ],
                    [
                        1.571932077407837,
                        1.4818270206451416,
                        1.6078401803970337,
                        1.487316608428955,
                        1.4498169422149658,
                        1.3571794033050537,
                        1.4685416221618652,
                        1.537207841873169,
                        1.7155557870864868,
                        1.7555307149887085,
                        1.396388053894043,
                        1.4301271438598633,
                        1.5047701597213745,
                        1.3316291570663452,
                        1.3966257572174072,
                        1.3977506160736084,
                        1.5783520936965942,
                        1.576566219329834,
                        1.4908037185668945,
                        1.3956358432769775
                    ],
                    [
                        -2.299194574356079,
                        -2.0388522148132324,
                        -2.033560037612915,
                        -1.9414324760437012,
                        -2.0751900672912598,
                        -2.0305562019348145,
                        -2.087859630584717,
                        -2.342902183532715,
                        -2.472999334335327,
                        -2.336986541748047,
                        -2.4137067794799805,
                        -2.256838798522949,
                        -2.234788179397583,
                        -2.101761817932129,
                        -2.212482452392578,
                        -2.5655484199523926,
                        -2.6390786170959473,
                        -2.416807174682617,
                        -2.368216037750244,
                        -2.450925588607788
                    ]
                ]
            ],
            "states": [
                [
                    [
                        492320.0,
                        0.00014767394168302417,
                        0.018082506954669952,
                        363027.84375
                    ],
                    [
                        506800.0,
                        0.00014520809054374695,
                        0.01018515508621931,
                        441748.1875
                    ],
                    [
                        501008.0,
                        0.00014280257164500654,
                        0.009355437941849232,
                        481891.75
                    ],
                    [
                        543000.0,
                        0.00014039389498066157,
                        0.008023547939956188,
                        309271.0625
                    ],
                    [
                        571960.0,
                        0.00013790946104563773,
                        0.007616695482283831,
                        326690.1875
                    ],
                    [
                        626984.0,
                        0.00013533451419789344,
                        0.00705355079844594,
                        304830.28125
                    ],
                    [
                        582096.0,
                        0.00013283209409564734,
                        0.006484133191406727,
                        283344.0
                    ],
                    [
                        638568.0,
                        0.00013039908662904054,
                        0.005326922982931137,
                        341204.21875
                    ],
                    [
                        584992.0,
                        0.00012804687139578164,
                        0.005689277779310942,
                        350770.6875
                    ],
                    [
                        631328.0,
                        0.00012579229951370507,
                        0.0069713592529296875,
                        304207.3125
                    ],
                    [
                        438744.0,
                        0.00012387130118440837,
                        0.005918858107179403,
                        445445.40625
                    ],
                    [
                        682008.0,
                        0.00012192520807730034,
                        0.005743528250604868,
                        443906.625
                    ],
                    [
                        894864.0,
                        0.00011928792810067534,
                        0.007119554560631514,
                        502220.71875
                    ],
                    [
                        799296.0,
                        0.00011657496361294761,
                        0.006755398586392403,
                        559882.4375
                    ],
                    [
                        1003464.0,
                        0.000113823996798601,
                        0.007165591698139906,
                        431313.21875
                    ],
                    [
                        990432.0,
                        0.00011092599743278697,
                        0.006897749379277229,
                        501689.5625
                    ],
                    [
                        1185912.0,
                        0.00010792924149427563,
                        0.00677958969026804,
                        421160.84375
                    ],
                    [
                        1324920.0,
                        0.00010466613457538188,
                        0.006738434080034494,
                        445300.59375
                    ],
                    [
                        1403112.0,
                        0.00010133643809240311,
                        0.008364989422261715,
                        440591.6875
                    ],
                    [
                        1637688.0,
                        9.786803275346756e-05,
                        0.005549952387809753,
                        381840.25
                    ]
                ]
            ],
            "actions": [
                [
                    [
                        0.25
                    ],
                    [
                        0.25
                    ],
                    [
                        0.25
                    ],
                    [
                        0.25
                    ],
                    [
                        0.25
                    ],
                    [
                        0.25
                    ],
                    [
                        0.25
                    ],
                    [
                        0.25
                    ],
                    [
                        0.25
                    ],
                    [
                        0.25
                    ],
                    [
                        0.25
                    ],
                    [
                        0.25
                    ],
                    [
                        0.25
                    ],
                    [
                        0.25
                    ],
                    [
                        0.25
                    ],
                    [
                        0.25
                    ],
                    [
                        0.25
                    ],
                    [
                        0.25
                    ],
                    [
                        0.25
                    ],
                    [
                        0.25
                    ]
                ]
            ],
            "returns": [
                [
                    [
                        0.06894823163747787
                    ],
                    [
                        0.06822619587182999
                    ],
                    [
                        0.06750158965587616
                    ],
                    [
                        0.06677800416946411
                    ],
                    [
                        0.06604728102684021
                    ],
                    [
                        0.06531195342540741
                    ],
                    [
                        0.06456847488880157
                    ],
                    [
                        0.06383159011602402
                    ],
                    [
                        0.06308649480342865
                    ],
                    [
                        0.062349170446395874
                    ],
                    [
                        0.06160508468747139
                    ],
                    [
                        0.060893263667821884
                    ],
                    [
                        0.060142334550619125
                    ],
                    [
                        0.05936732143163681
                    ],
                    [
                        0.05860232189297676
                    ],
                    [
                        0.05781715363264084
                    ],
                    [
                        0.05703314393758774
                    ],
                    [
                        0.05623316764831543
                    ],
                    [
                        0.05542336031794548
                    ],
                    [
                        0.05460847169160843
                    ]
                ]
            ],
            "timesteps": [
                [
                    560,
                    561,
                    562,
                    563,
                    564,
                    565,
                    566,
                    567,
                    568,
                    569,
                    570,
                    571,
                    572,
                    573,
                    574,
                    575,
                    576,
                    577,
                    578,
                    579
                ]
            ],
            "labels": [
                [
                    0,
                    0,
                    0,
                    0,
                    0,
                    0,
                    0,
                    0,
                    0,
                    0,
                    0,
                    0,
                    0,
                    0,
                    0,
                    0,
                    0,
                    0,
                    0,
                    0
                ]
            ],
            "CPU Usage": 46.7,
            "RAM Usage": 54.9,
            "GPU Usage": 0.0,
            "VRAM Usage": 355.0,
            "Disk Read Speed (MB/s)": 206580.4599609375,
            "Disk Write Speed (MB/s)": 400245.3251953125
        },
        {
            "step": 2,
            "train_loss": 0.035094406455755234,
            "actions_pred1": [
                [
                    [
                        0.6929734945297241,
                        0.3306732773780823,
                        1.0741742849349976,
                        -1.9405298233032227
                    ],
                    [
                        0.7908822298049927,
                        0.4247426986694336,
                        1.0320830345153809,
                        -1.9584734439849854
                    ],
                    [
                        0.7763439416885376,
                        0.4712941348552704,
                        1.190584659576416,
                        -1.8012924194335938
                    ],
                    [
                        0.9162099361419678,
                        0.3448820114135742,
                        1.2264204025268555,
                        -1.88759183883667
                    ],
                    [
                        1.0164480209350586,
                        0.2815123200416565,
                        1.341658115386963,
                        -2.039059638977051
                    ],
                    [
                        0.9800529479980469,
                        0.46693214774131775,
                        0.9847058057785034,
                        -2.3352909088134766
                    ],
                    [
                        0.9812493324279785,
                        0.48151034116744995,
                        1.0609089136123657,
                        -2.0003180503845215
                    ],
                    [
                        1.1199815273284912,
                        0.4673258066177368,
                        1.0938864946365356,
                        -1.8064196109771729
                    ],
                    [
                        1.1536877155303955,
                        0.5260970592498779,
                        1.057835578918457,
                        -1.8580684661865234
                    ],
                    [
                        1.014062523841858,
                        0.49016183614730835,
                        1.2722489833831787,
                        -1.7685837745666504
                    ],
                    [
                        0.9038143754005432,
                        0.4300000071525574,
                        1.3959931135177612,
                        -1.7363770008087158
                    ],
                    [
                        0.9211342334747314,
                        0.3734728991985321,
                        1.3752881288528442,
                        -1.6722484827041626
                    ],
                    [
                        0.9535741209983826,
                        0.4225551187992096,
                        1.3247387409210205,
                        -1.7251763343811035
                    ],
                    [
                        0.9225640296936035,
                        0.4193587601184845,
                        1.2918663024902344,
                        -1.725270390510559
                    ],
                    [
                        1.001061201095581,
                        0.3826620280742645,
                        1.376227855682373,
                        -1.9591201543807983
                    ],
                    [
                        1.0058825016021729,
                        0.4175563454627991,
                        1.5506550073623657,
                        -1.921304702758789
                    ],
                    [
                        0.9881570339202881,
                        0.3387714922428131,
                        1.3677479028701782,
                        -1.8733012676239014
                    ],
                    [
                        0.9594155550003052,
                        0.5521429777145386,
                        1.367660641670227,
                        -1.944615364074707
                    ],
                    [
                        0.8742090463638306,
                        0.4591965675354004,
                        1.4388593435287476,
                        -1.9027388095855713
                    ],
                    [
                        0.7458016276359558,
                        0.4262283444404602,
                        1.5775768756866455,
                        -1.8744333982467651
                    ]
                ]
            ],
            "actions_pred": [
                [
                    [
                        0.6929734945297241,
                        0.7908822298049927,
                        0.7763439416885376,
                        0.9162099361419678,
                        1.0164480209350586,
                        0.9800529479980469,
                        0.9812493324279785,
                        1.1199815273284912,
                        1.1536877155303955,
                        1.014062523841858,
                        0.9038143754005432,
                        0.9211342334747314,
