{
    "steps": [
        {
            "step": 0,
            "train_loss": 0.05656559392809868,
            "actions_pred1": [
                [
                    [
                        1.3214144706726074,
                        3.16310977935791,
                        2.16102933883667,
                        -6.147512435913086
                    ],
                    [
                        1.0078574419021606,
                        3.442535400390625,
                        2.6842594146728516,
                        -6.2324113845825195
                    ],
                    [
                        1.4059563875198364,
                        3.4677977561950684,
                        2.6475720405578613,
                        -5.533308982849121
                    ],
                    [
                        1.530678153038025,
                        3.3039169311523438,
                        2.187377691268921,
                        -5.531308174133301
                    ],
                    [
                        1.2075845003128052,
                        3.2422056198120117,
                        2.0236611366271973,
                        -5.344725131988525
                    ],
                    [
                        1.128921389579773,
                        3.777799606323242,
                        1.8610769510269165,
                        -5.105863571166992
                    ],
                    [
                        0.6930485367774963,
                        3.239142417907715,
                        1.1448655128479004,
                        -3.1002981662750244
                    ],
                    [
                        0.07360246777534485,
                        2.2714812755584717,
                        0.5267021059989929,
                        -0.9632855653762817
                    ],
                    [
                        0.30335211753845215,
                        2.678082227706909,
                        0.7647480964660645,
                        -1.9615907669067383
                    ],
                    [
                        0.8521887063980103,
                        3.4369754791259766,
                        1.4378511905670166,
                        -5.12498664855957
                    ],
                    [
                        1.0600481033325195,
                        3.2637553215026855,
                        1.6901108026504517,
                        -6.274155139923096
                    ],
                    [
                        1.225243330001831,
                        3.3800253868103027,
                        1.7907750606536865,
                        -6.660918235778809
                    ],
                    [
                        0.9006170034408569,
                        3.196476697921753,
                        1.303923487663269,
                        -4.075626850128174
                    ],
                    [
                        1.4638117551803589,
                        3.303100824356079,
                        1.9384303092956543,
                        -6.614113807678223
                    ],
                    [
                        1.6292330026626587,
                        2.968580484390259,
                        1.8694719076156616,
                        -6.965732097625732
                    ],
                    [
                        1.6658623218536377,
                        2.915436267852783,
                        1.7935526371002197,
                        -7.015302658081055
                    ],
                    [
                        1.5780049562454224,
                        3.186164617538452,
                        1.7638049125671387,
                        -6.604923725128174
                    ],
                    [
                        1.5639268159866333,
                        3.1945981979370117,
                        1.8507732152938843,
                        -6.908229827880859
                    ],
                    [
                        1.4364259243011475,
                        3.412703037261963,
                        1.67317795753479,
                        -7.147010803222656
                    ],
                    [
                        1.6795017719268799,
                        3.5504403114318848,
                        1.5723927021026611,
                        -7.139986038208008
                    ]
                ]
            ],
            "actions_pred": [
                [
                    [
                        1.3214144706726074,
                        1.0078574419021606,
                        1.4059563875198364,
                        1.530678153038025,
                        1.2075845003128052,
                        1.128921389579773,
                        0.6930485367774963,
                        0.07360246777534485,
                        0.30335211753845215,
                        0.8521887063980103,
                        1.0600481033325195,
                        1.225243330001831,
                        0.9006170034408569,
                        1.4638117551803589,
                        1.6292330026626587,
                        1.6658623218536377,
                        1.5780049562454224,
                        1.5639268159866333,
                        1.4364259243011475,
                        1.6795017719268799
                    ],
                    [
                        3.16310977935791,
                        3.442535400390625,
                        3.4677977561950684,
                        3.3039169311523438,
                        3.2422056198120117,
                        3.777799606323242,
                        3.239142417907715,
                        2.2714812755584717,
                        2.678082227706909,
                        3.4369754791259766,
                        3.2637553215026855,
                        3.3800253868103027,
                        3.196476697921753,
                        3.303100824356079,
                        2.968580484390259,
                        2.915436267852783,
                        3.186164617538452,
                        3.1945981979370117,
                        3.412703037261963,
                        3.5504403114318848
                    ],
                    [
                        2.16102933883667,
                        2.6842594146728516,
                        2.6475720405578613,
                        2.187377691268921,
                        2.0236611366271973,
                        1.8610769510269165,
                        1.1448655128479004,
                        0.5267021059989929,
                        0.7647480964660645,
                        1.4378511905670166,
                        1.6901108026504517,
                        1.7907750606536865,
                        1.303923487663269,
                        1.9384303092956543,
                        1.8694719076156616,
                        1.7935526371002197,
                        1.7638049125671387,
                        1.8507732152938843,
                        1.67317795753479,
                        1.5723927021026611
                    ],
                    [
                        -6.147512435913086,
                        -6.2324113845825195,
                        -5.533308982849121,
                        -5.531308174133301,
                        -5.344725131988525,
                        -5.105863571166992,
                        -3.1002981662750244,
                        -0.9632855653762817,
                        -1.9615907669067383,
                        -5.12498664855957,
                        -6.274155139923096,
                        -6.660918235778809,
                        -4.075626850128174,
                        -6.614113807678223,
                        -6.965732097625732,
                        -7.015302658081055,
                        -6.604923725128174,
                        -6.908229827880859,
                        -7.147010803222656,
                        -7.139986038208008
                    ]
                ]
            ],
            "states": [
                [
                    [
                        5057864.0,
                        2.556295476097148e-05,
                        0.00012937834253534675,
                        777561.25
                    ],
                    [
                        5348912.0,
                        2.480310831742827e-05,
                        0.00013201982073951513,
                        791966.9375
                    ],
                    [
                        5101304.0,
                        2.4083872631308623e-05,
                        0.00013791865785606205,
                        790369.0625
                    ],
                    [
                        5538600.0,
                        2.3393640731228516e-05,
                        0.00014453318726737052,
                        780343.4375
                    ],
                    [
                        5412624.0,
                        2.272302663186565e-05,
                        0.00014699026360176504,
                        758450.9375
                    ],
                    [
                        5321400.0,
                        2.2102101866039447e-05,
                        0.00016071676509454846,
                        845866.875
                    ],
                    [
                        5683400.0,
                        2.1499938156921417e-05,
                        0.00016249381587840617,
                        821531.0
                    ],
                    [
                        5282304.0,
                        2.0931340259267017e-05,
                        0.0001488575799157843,
                        840709.875
                    ],
                    [
                        5545840.0,
                        2.0398911146912724e-05,
                        0.00016087492986116558,
                        823198.9375
                    ],
                    [
                        5474888.0,
                        1.9883997083525173e-05,
                        0.00016716374375391752,
                        838579.125
                    ],
                    [
                        5364840.0,
                        1.9402330508455634e-05,
                        0.00019032474665436894,
                        800380.6875
                    ],
                    [
                        5569008.0,
                        1.8939608708024025e-05,
                        0.00018542619363870472,
                        823891.875
                    ],
                    [
                        5332984.0,
                        1.849955879151821e-05,
                        0.000198170033399947,
                        846311.4375
                    ],
                    [
                        5224384.0,
                        1.8092512618750334e-05,
                        0.0001916241308208555,
                        900435.5625
                    ],
                    [
                        5133160.0,
                        1.771021015883889e-05,
                        0.0002063407882815227,
                        866428.5625
                    ],
                    [
                        5361944.0,
                        1.733909812173806e-05,
                        0.00023895764024928212,
                        862112.4375
                    ],
                    [
                        5535704.0,
                        1.6969803255051374e-05,
                        0.00025051896227523685,
                        868913.125
                    ],
                    [
                        5189632.0,
                        1.662127579038497e-05,
                        0.0002676467993296683,
                        810234.1875
                    ],
                    [
                        5453168.0,
                        1.6289424820570275e-05,
                        0.0002700872428249568,
                        842694.5
                    ],
                    [
                        5334432.0,
                        1.5966239516274072e-05,
                        0.0002660537720657885,
                        825795.9375
                    ]
                ]
            ],
            "actions": [
                [
                    [
                        0.75
                    ],
                    [
                        0.75
                    ],
                    [
                        0.75
                    ],
                    [
                        0.75
                    ],
                    [
                        0.75
                    ],
                    [
                        0.75
                    ],
                    [
                        0.75
                    ],
                    [
                        0.75
                    ],
                    [
                        0.75
                    ],
                    [
                        0.75
                    ],
                    [
                        0.75
                    ],
                    [
                        0.75
                    ],
                    [
                        0.75
                    ],
                    [
                        0.75
                    ],
                    [
                        0.75
                    ],
                    [
                        0.75
                    ],
                    [
                        0.75
                    ],
                    [
                        0.75
                    ],
                    [
                        0.75
                    ],
                    [
                        0.75
                    ]
                ]
            ],
            "returns": [
                [
                    [
                        0.5615583062171936
                    ],
                    [
                        0.5606297850608826
                    ],
                    [
                        0.5596962571144104
                    ],
                    [
                        0.5587669014930725
                    ],
                    [
                        0.557830274105072
                    ],
                    [
                        0.5568956732749939
                    ],
                    [
                        0.5559626221656799
                    ],
                    [
                        0.555023729801178
                    ],
                    [
                        0.5540912747383118
                    ],
                    [
                        0.5531545877456665
                    ],
                    [
                        0.5522189736366272
                    ],
                    [
                        0.5512851476669312
                    ],
                    [
                        0.5503480434417725
                    ],
                    [
                        0.5494148135185242
                    ],
                    [
                        0.5484833717346191
                    ],
                    [
                        0.5475534796714783
                    ],
                    [
                        0.546619713306427
                    ],
                    [
                        0.5456831455230713
                    ],
                    [
                        0.544752299785614
                    ],
                    [
                        0.5438170433044434
                    ]
                ]
            ],
            "timesteps": [
                [
                    20,
                    21,
                    22,
                    23,
                    24,
                    25,
                    26,
                    27,
                    28,
                    29,
                    30,
                    31,
                    32,
                    33,
                    34,
                    35,
                    36,
                    37,
                    38,
                    39
                ]
            ],
            "labels": [
                [
                    2,
                    2,
                    2,
                    2,
                    2,
                    2,
                    2,
                    2,
                    2,
                    2,
                    2,
                    2,
                    2,
                    2,
                    2,
                    2,
                    2,
                    2,
                    2,
                    2
                ]
            ],
            "CPU Usage": 45.5,
            "RAM Usage": 54.9,
            "GPU Usage": 0.0,
            "VRAM Usage": 355.0,
            "Disk Read Speed (MB/s)": 206645.8310546875,
            "Disk Write Speed (MB/s)": 415150.1103515625
        },
        {
            "step": 1,
            "train_loss": 0.02991577424108982,
            "actions_pred1": [
                [
                    [
                        0.37937024235725403,
                        1.1374714374542236,
                        1.7401536703109741,
                        -2.3590757846832275
                    ],
                    [
                        0.41565680503845215,
                        1.0542902946472168,
                        1.7612385749816895,
                        -2.3895914554595947
                    ],
                    [
                        0.6373313069343567,
                        1.1990959644317627,
                        1.687024712562561,
                        -2.6638104915618896
                    ],
                    [
                        0.8305859565734863,
                        1.0865823030471802,
                        1.4923503398895264,
                        -3.154104232788086
                    ],
                    [
                        0.9380854368209839,
                        0.920749306678772,
                        1.4808913469314575,
                        -3.203739881515503
                    ],
                    [
                        1.1130335330963135,
                        0.9189212918281555,
                        1.4471499919891357,
                        -3.450334072113037
                    ],
                    [
                        1.3352177143096924,
                        1.6429067850112915,
                        1.5312272310256958,
                        -4.102657318115234
                    ],
                    [
                        1.404921293258667,
                        1.572075605392456,
                        1.7735354900360107,
                        -3.981360912322998
                    ],
                    [
                        1.5084208250045776,
                        1.6136443614959717,
                        1.6125245094299316,
                        -4.200930595397949
                    ],
                    [
                        1.504386305809021,
                        1.5227949619293213,
                        1.5024645328521729,
                        -4.29423189163208
                    ],
                    [
                        1.498616337776184,
                        1.4964677095413208,
                        1.474064826965332,
                        -4.3100080490112305
                    ],
                    [
                        1.4859460592269897,
                        1.507338523864746,
                        1.4044386148452759,
                        -4.315407752990723
                    ],
                    [
                        1.4996933937072754,
                        1.4959436655044556,
                        1.574730396270752,
                        -4.547731399536133
                    ],
                    [
                        1.526532769203186,
                        1.503427505493164,
                        1.619537591934204,
                        -4.358513832092285
                    ],
                    [
                        1.5383408069610596,
                        1.6400953531265259,
                        1.6525019407272339,
                        -4.597277641296387
                    ],
                    [
                        1.4089752435684204,
                        1.723737359046936,
                        1.709077000617981,
                        -4.739275932312012
                    ],
                    [
                        1.27201509475708,
                        1.6285924911499023,
                        1.614497423171997,
                        -4.724416732788086
                    ],
                    [
                        1.5599879026412964,
                        1.7880611419677734,
                        1.6938190460205078,
                        -4.850903511047363
                    ],
                    [
                        1.5761357545852661,
                        1.9687731266021729,
                        1.7112627029418945,
                        -4.973110675811768
                    ],
                    [
                        1.5839817523956299,
                        1.897268295288086,
                        1.8271801471710205,
                        -4.885049819946289
                    ]
                ]
            ],
            "actions_pred": [
                [
                    [
                        0.37937024235725403,
                        0.41565680503845215,
                        0.6373313069343567,
                        0.8305859565734863,
                        0.9380854368209839,
                        1.1130335330963135,
                        1.3352177143096924,
                        1.404921293258667,
                        1.5084208250045776,
                        1.504386305809021,
                        1.498616337776184,
                        1.4859460592269897,
                        1.4996933937072754,
                        1.526532769203186,
                        1.5383408069610596,
                        1.4089752435684204,
                        1.27201509475708,
                        1.5599879026412964,
                        1.5761357545852661,
                        1.5839817523956299
                    ],
                    [
                        1.1374714374542236,
                        1.0542902946472168,
                        1.1990959644317627,
                        1.0865823030471802,
                        0.920749306678772,
                        0.9189212918281555,
                        1.6429067850112915,
                        1.572075605392456,
                        1.6136443614959717,
                        1.5227949619293213,
                        1.4964677095413208,
                        1.507338523864746,
                        1.4959436655044556,
                        1.503427505493164,
                        1.6400953531265259,
                        1.723737359046936,
                        1.6285924911499023,
                        1.7880611419677734,
                        1.9687731266021729,
                        1.897268295288086
                    ],
                    [
                        1.7401536703109741,
                        1.7612385749816895,
                        1.687024712562561,
                        1.4923503398895264,
                        1.4808913469314575,
                        1.4471499919891357,
                        1.5312272310256958,
                        1.7735354900360107,
                        1.6125245094299316,
                        1.5024645328521729,
                        1.474064826965332,
                        1.4044386148452759,
                        1.574730396270752,
                        1.619537591934204,
                        1.6525019407272339,
                        1.709077000617981,
                        1.614497423171997,
                        1.6938190460205078,
                        1.7112627029418945,
                        1.8271801471710205
                    ],
                    [
                        -2.3590757846832275,
                        -2.3895914554595947,
                        -2.6638104915618896,
                        -3.154104232788086,
                        -3.203739881515503,
                        -3.450334072113037,
                        -4.102657318115234,
                        -3.981360912322998,
                        -4.200930595397949,
                        -4.29423189163208,
                        -4.3100080490112305,
                        -4.315407752990723,
                        -4.547731399536133,
                        -4.358513832092285,
                        -4.597277641296387,
                        -4.739275932312012,
                        -4.724416732788086,
                        -4.850903511047363,
                        -4.973110675811768,
                        -4.885049819946289
                    ]
                ]
            ],
            "states": [
                [
                    [
                        5451720.0,
                        5.395679545472376e-05,
                        0.00037329201586544514,
                        787492.0625
                    ],
                    [
                        5280856.0,
                        5.18798733537551e-05,
                        0.00029995679506100714,
                        814349.6875
                    ],
                    [
                        5398144.0,
                        4.996706411475316e-05,
                        0.0002722619683481753,
                        830635.1875
                    ],
                    [
                        5419864.0,
                        4.8167821660172194e-05,
                        0.0002737951872404665,
                        823458.5625
                    ],
                    [
                        5285200.0,
                        4.651026029023342e-05,
                        0.0002537628752179444,
                        847604.5625
                    ],
                    [
                        5632720.0,
                        4.493406231631525e-05,
                        0.0002845273702405393,
                        778198.5625
                    ],
                    [
                        4926096.0,
                        4.350659582996741e-05,
                        0.00027429292094893754,
                        769937.4375
                    ],
                    [
                        5379320.0,
                        4.219951370032504e-05,
                        0.0002784566895570606,
                        775819.3125
                    ],
                    [
                        5141848.0,
                        4.0942868508864194e-05,
                        0.00027366288122721016,
                        804782.8125
                    ],
                    [
                        5422760.0,
                        3.9754886529408395e-05,
                        0.0002617421268951148,
                        784755.125
                    ],
                    [
                        5163568.0,
                        3.8631129427812994e-05,
                        0.000270931632257998,
                        777998.8125
                    ],
                    [
                        5172256.0,
                        3.7593843444483355e-05,
                        0.00027350522577762604,
                        827638.0
                    ],
                    [
                        5228728.0,
                        3.6604818888008595e-05,
                        0.0002609447401482612,
                        836480.3125
                    ],
                    [
                        5215696.0,
                        3.566250597941689e-05,
                        0.0002695223083719611,
                        842399.5625
                    ],
                    [
                        5496608.0,
                        3.474534969427623e-05,
                        0.00026009109569713473,
                        814649.5
                    ],
                    [
                        5165016.0,
                        3.3877906389534473e-05,
                        0.0002577552804723382,
                        820590.75
                    ],
                    [
                        5712360.0,
                        3.3036900276783854e-05,
                        0.0002756010799203068,
                        835693.0625
                    ],
                    [
                        5086824.0,
                        3.224165993742645e-05,
                        0.0002540297864470631,
                        845564.6875
                    ],
                    [
                        5490816.0,
                        3.14996468659956e-05,
                        0.00027847016463056207,
                        824773.25
                    ],
                    [
                        5183840.0,
                        3.078411828028038e-05,
                        0.0002814441977534443,
                        810358.5625
                    ]
                ]
            ],
            "actions": [
                [
                    [
                        0.75
                    ],
                    [
                        0.75
                    ],
                    [
                        0.75
                    ],
                    [
                        0.75
                    ],
                    [
                        0.75
                    ],
                    [
                        0.75
                    ],
                    [
                        0.75
                    ],
                    [
                        0.75
                    ],
                    [
                        0.75
                    ],
                    [
                        0.75
                    ],
                    [
                        0.75
                    ],
                    [
                        0.75
                    ],
                    [
                        0.75
                    ],
                    [
                        0.75
                    ],
                    [
                        0.75
                    ],
                    [
                        0.75
                    ],
                    [
                        0.75
                    ],
                    [
                        0.75
                    ],
                    [
                        0.75
                    ],
                    [
                        0.75
                    ]
                ]
            ],
            "returns": [
                [
                    [
                        0.36055833101272583
                    ],
                    [
                        0.35962310433387756
                    ],
                    [
                        0.35869070887565613
                    ],
                    [
                        0.3577563464641571
                    ],
                    [
                        0.3568216562271118
                    ],
                    [
                        0.3558892011642456
                    ],
                    [
                        0.35495108366012573
                    ],
                    [
                        0.35402485728263855
                    ],
                    [
                        0.3530908226966858
                    ],
                    [
                        0.352160781621933
                    ],
                    [
                        0.3512260317802429
                    ],
                    [
                        0.35029563307762146
                    ],
                    [
                        0.34936508536338806
                    ],
                    [
                        0.34843355417251587
                    ],
                    [
                        0.3475022614002228
                    ],
                    [
                        0.3465663194656372
                    ],
                    [
                        0.34563589096069336
                    ],
                    [
                        0.3446965217590332
                    ],
                    [
                        0.3437674641609192
                    ],
                    [
                        0.3428316116333008
                    ]
                ]
            ],
            "timesteps": [
                [
                    240,
                    241,
                    242,
                    243,
                    244,
                    245,
                    246,
                    247,
                    248,
                    249,
                    250,
                    251,
                    252,
                    253,
                    254,
                    255,
                    256,
                    257,
                    258,
                    259
                ]
            ],
            "labels": [
                [
                    2,
                    2,
                    2,
                    2,
                    2,
                    2,
                    2,
                    2,
                    2,
                    2,
                    2,
                    2,
                    2,
                    2,
                    2,
                    2,
                    2,
                    2,
                    2,
                    2
                ]
            ],
            "CPU Usage": 46.8,
            "RAM Usage": 55.1,
            "GPU Usage": 0.0,
            "VRAM Usage": 355.0,
            "Disk Read Speed (MB/s)": 206645.8310546875,
            "Disk Write Speed (MB/s)": 415150.2822265625
        },
        {
            "step": 2,
            "train_loss": 0.011043362319469452,
            "actions_pred1": [
                [
                    [
                        1.111441731452942,
                        1.8392759561538696,
                        1.0203306674957275,
                        -4.067469120025635
                    ],
                    [
                        1.0277739763259888,
                        2.0544326305389404,
                        0.8588247299194336,
                        -3.9659035205841064
                    ],
                    [
                        0.9108543992042542,
                        1.9913229942321777,
                        0.7499614953994751,
                        -3.8533403873443604
                    ],
                    [
                        0.8254194855690002,
                        1.9720005989074707,
                        0.36837002635002136,
                        -3.514753580093384
                    ],
                    [
                        0.6311752200126648,
                        2.0008413791656494,
                        0.1970748007297516,
                        -3.7717702388763428
                    ],
                    [
                        0.6520829200744629,
                        1.9198185205459595,
                        0.33010509610176086,
                        -3.643293619155884
                    ],
                    [
                        0.9081417918205261,
                        2.3936281204223633,
                        0.22339791059494019,
                        -3.9575893878936768
                    ],
                    [
                        0.9086686968803406,
                        2.203259229660034,
                        0.2988678812980652,
                        -4.149199485778809
                    ],
                    [
                        1.042906403541565,
                        2.2086193561553955,
                        0.3243778347969055,
                        -4.477768421173096
                    ],
                    [
                        0.9786584377288818,
                        2.3150322437286377,
                        0.6425306797027588,
                        -4.387977600097656
                    ],
                    [
                        1.2803881168365479,
                        2.483991861343384,
                        0.6097114682197571,
                        -4.838620662689209
                    ],
                    [
                        1.6430211067199707,
                        2.820948839187622,
                        0.62981116771698,
                        -5.135316848754883
                    ],
                    [
                        1.4608345031738281,
                        2.896374225616455,
                        0.5532942414283752,
                        -5.039359092712402
                    ],
                    [
                        1.4192482233047485,
                        2.9101548194885254,
                        0.500012993812561,
                        -4.973834037780762
                    ],
                    [
                        1.2668646574020386,
                        3.0027542114257812,
                        0.6096357107162476,
                        -4.939557075500488
                    ],
                    [
                        1.2381384372711182,
                        2.9156107902526855,
                        0.6936419606208801,
                        -4.908295154571533
                    ],
                    [
                        1.2301666736602783,
                        2.836508274078369,
                        0.8739579319953918,
                        -5.021910667419434
                    ],
                    [
                        1.1474405527114868,
                        2.685555934906006,
                        0.790375828742981,
                        -4.780277252197266
                    ],
                    [
                        1.4252591133117676,
                        3.0498790740966797,
                        0.6736395955085754,
                        -4.651095390319824
                    ],
                    [
                        1.6503978967666626,
                        3.4569339752197266,
                        0.4907359778881073,
                        -5.165931701660156
                    ]
                ]
            ],
            "actions_pred": [
                [
                    [
                        1.111441731452942,
                        1.0277739763259888,
                        0.9108543992042542,
                        0.8254194855690002,
                        0.6311752200126648,
                        0.6520829200744629,
                        0.9081417918205261,
                        0.9086686968803406,
                        1.042906403541565,
                        0.9786584377288818,
                        1.2803881168365479,
                        1.6430211067199707,
                        1.4608345031738281,
                        1.4192482233047485,
                        1.2668646574020386,
