{
    "steps": [
        {
            "step": 0,
            "train_loss": 0.0014273175038397312,
            "actions_pred1": [
                [
                    [
                        1.1727051734924316,
                        4.388895034790039,
                        0.9687500596046448,
                        -4.297603130340576
                    ],
                    [
                        1.3962671756744385,
                        3.3433828353881836,
                        0.8899015188217163,
                        -4.49039888381958
                    ],
                    [
                        1.1197316646575928,
                        3.9545094966888428,
                        0.31331562995910645,
                        -4.693525314331055
                    ],
                    [
                        0.6972911357879639,
                        4.540103912353516,
                        0.23439368605613708,
                        -4.729510307312012
                    ],
                    [
                        0.8013944029808044,
                        4.5507354736328125,
                        0.30923715233802795,
                        -5.199899196624756
                    ],
                    [
                        0.6687266230583191,
                        4.463803291320801,
                        0.31718766689300537,
                        -5.5467729568481445
                    ],
                    [
                        0.419449120759964,
                        4.661857604980469,
                        0.39730143547058105,
                        -5.685749530792236
                    ],
                    [
                        0.3586857318878174,
                        4.612656116485596,
                        0.14973759651184082,
                        -5.84612512588501
                    ],
                    [
                        0.4354511499404907,
                        4.362209796905518,
                        -0.02421732246875763,
                        -5.698757648468018
                    ],
                    [
                        0.5426438450813293,
                        4.439547538757324,
                        -0.04664912819862366,
                        -5.837184429168701
                    ],
                    [
                        0.5399130582809448,
                        4.544277191162109,
                        0.06507915258407593,
                        -5.947649002075195
                    ],
                    [
                        0.47154954075813293,
                        4.496793746948242,
                        0.3164154291152954,
                        -5.7688069343566895
                    ],
                    [
                        0.5796524286270142,
                        4.412210941314697,
                        0.35821089148521423,
                        -5.504705429077148
                    ],
                    [
                        0.7871853113174438,
                        4.553411960601807,
                        0.3037768006324768,
                        -5.662917613983154
                    ],
                    [
                        0.7833875417709351,
                        4.598062992095947,
                        0.37422722578048706,
                        -5.8097758293151855
                    ],
                    [
                        0.7987346649169922,
                        4.923705577850342,
                        0.3335685729980469,
                        -5.788878917694092
                    ],
                    [
                        0.6713692545890808,
                        4.906440258026123,
                        0.4702302813529968,
                        -5.965456485748291
                    ],
                    [
                        0.7854796648025513,
                        4.871323108673096,
                        0.3252055048942566,
                        -5.345066070556641
                    ],
                    [
                        0.9431939125061035,
                        4.701000690460205,
                        0.45251578092575073,
                        -5.994421482086182
                    ],
                    [
                        0.9259190559387207,
                        4.607270240783691,
                        0.47706878185272217,
                        -5.933676719665527
                    ]
                ]
            ],
            "actions_pred": [
                [
                    [
                        1.1727051734924316,
                        1.3962671756744385,
                        1.1197316646575928,
                        0.6972911357879639,
                        0.8013944029808044,
                        0.6687266230583191,
                        0.419449120759964,
                        0.3586857318878174,
                        0.4354511499404907,
                        0.5426438450813293,
                        0.5399130582809448,
                        0.47154954075813293,
                        0.5796524286270142,
                        0.7871853113174438,
                        0.7833875417709351,
                        0.7987346649169922,
                        0.6713692545890808,
                        0.7854796648025513,
                        0.9431939125061035,
                        0.9259190559387207
                    ],
                    [
                        4.388895034790039,
                        3.3433828353881836,
                        3.9545094966888428,
                        4.540103912353516,
                        4.5507354736328125,
                        4.463803291320801,
                        4.661857604980469,
                        4.612656116485596,
                        4.362209796905518,
                        4.439547538757324,
                        4.544277191162109,
                        4.496793746948242,
                        4.412210941314697,
                        4.553411960601807,
                        4.598062992095947,
                        4.923705577850342,
                        4.906440258026123,
                        4.871323108673096,
                        4.701000690460205,
                        4.607270240783691
                    ],
                    [
                        0.9687500596046448,
                        0.8899015188217163,
                        0.31331562995910645,
                        0.23439368605613708,
                        0.30923715233802795,
                        0.31718766689300537,
                        0.39730143547058105,
                        0.14973759651184082,
                        -0.02421732246875763,
                        -0.04664912819862366,
                        0.06507915258407593,
                        0.3164154291152954,
                        0.35821089148521423,
                        0.3037768006324768,
                        0.37422722578048706,
                        0.3335685729980469,
                        0.4702302813529968,
                        0.3252055048942566,
                        0.45251578092575073,
                        0.47706878185272217
                    ],
                    [
                        -4.297603130340576,
                        -4.49039888381958,
                        -4.693525314331055,
                        -4.729510307312012,
                        -5.199899196624756,
                        -5.5467729568481445,
                        -5.685749530792236,
                        -5.84612512588501,
                        -5.698757648468018,
                        -5.837184429168701,
                        -5.947649002075195,
                        -5.7688069343566895,
                        -5.504705429077148,
                        -5.662917613983154,
                        -5.8097758293151855,
                        -5.788878917694092,
                        -5.965456485748291,
                        -5.345066070556641,
                        -5.994421482086182,
                        -5.933676719665527
                    ]
                ]
            ],
            "states": [
                [
                    [
                        4019648.0,
                        3.81172176275868e-05,
                        0.00027542549651116133,
                        604074.25
                    ],
                    [
                        3591040.0,
                        3.7697544030379504e-05,
                        0.00025879128952510655,
                        645691.25
                    ],
                    [
                        4225264.0,
                        3.727625517058186e-05,
                        0.0002528103068470955,
                        514911.09375
                    ],
                    [
                        4439568.0,
                        3.6820012610405684e-05,
                        0.00020026147831231356,
                        552938.5
                    ],
                    [
                        5228728.0,
                        3.6324065149528906e-05,
                        0.00022364039614330977,
                        577892.375
                    ],
                    [
                        5965760.0,
                        3.5766250221058726e-05,
                        0.0002323320077266544,
                        503764.8125
                    ],
                    [
                        6114904.0,
                        3.518302401062101e-05,
                        0.00023472661268897355,
                        508360.15625
                    ],
                    [
                        5644304.0,
                        3.463315078988671e-05,
                        0.00024062122975010425,
                        571257.3125
                    ],
                    [
                        5870192.0,
                        3.411128273000941e-05,
                        0.0001874879380920902,
                        547187.9375
                    ],
                    [
                        5618240.0,
                        3.360593836987391e-05,
                        0.00025532711879350245,
                        590262.375
                    ],
                    [
                        6352376.0,
                        3.3095278922701254e-05,
                        0.0002452299522701651,
                        574275.5
                    ],
                    [
                        5702224.0,
                        3.259619916207157e-05,
                        0.00023082415282260627,
                        543057.75
                    ],
                    [
                        7646888.0,
                        3.206136170774698e-05,
                        0.00026125748991034925,
                        526472.875
                    ],
                    [
                        5964312.0,
                        3.153302532155067e-05,
                        0.00024003862927202135,
                        536332.125
                    ],
                    [
                        5580592.0,
                        3.109858516836539e-05,
                        0.00019315553072374314,
                        564225.875
                    ],
                    [
                        6007752.0,
                        3.0674520530737936e-05,
                        0.00022412248654291034,
                        547189.8125
                    ],
                    [
                        4469976.0,
                        3.0300650905701332e-05,
                        0.00023788119142409414,
                        655379.0
                    ],
                    [
                        3631584.0,
                        3.0017836252227426e-05,
                        0.0002484873402863741,
                        709152.875
                    ],
                    [
                        3940008.0,
                        2.9758366508758627e-05,
                        0.00025739934062585235,
                        659045.125
                    ],
                    [
                        3424520.0,
                        2.951018359453883e-05,
                        0.00019004895875696093,
                        668658.9375
                    ]
                ]
            ],
            "actions": [
                [
                    [
                        0.5
                    ],
                    [
                        0.5
                    ],
                    [
                        0.5
                    ],
                    [
                        0.5
                    ],
                    [
                        0.5
                    ],
                    [
                        0.5
                    ],
                    [
                        0.5
                    ],
                    [
                        0.5
                    ],
                    [
                        0.5
                    ],
                    [
                        0.5
                    ],
                    [
                        0.5
                    ],
                    [
                        0.5
                    ],
                    [
                        0.5
                    ],
                    [
                        0.5
                    ],
                    [
                        0.5
                    ],
                    [
                        0.5
                    ],
                    [
                        0.5
                    ],
                    [
                        0.5
                    ],
                    [
                        0.5
                    ],
                    [
                        0.5
                    ]
                ]
            ],
            "returns": [
                [
                    [
                        0.13405705988407135
                    ],
                    [
                        0.13314884901046753
                    ],
                    [
                        0.13225065171718597
                    ],
                    [
                        0.13133801519870758
                    ],
                    [
                        0.1304210126399994
                    ],
                    [
                        0.1294894963502884
                    ],
                    [
                        0.12854628264904022
                    ],
                    [
                        0.12760089337825775
                    ],
                    [
                        0.12666259706020355
                    ],
                    [
                        0.12572081387043
                    ],
                    [
                        0.12478292733430862
                    ],
                    [
                        0.12383415549993515
                    ],
                    [
                        0.12289495021104813
                    ],
                    [
                        0.12192973494529724
                    ],
                    [
                        0.12098655104637146
                    ],
                    [
                        0.12004926055669785
                    ],
                    [
                        0.11910542845726013
                    ],
                    [
                        0.118187814950943
                    ],
                    [
                        0.11728861182928085
                    ],
                    [
                        0.1163821816444397
                    ]
                ]
            ],
            "timesteps": [
                [
                    480,
                    481,
                    482,
                    483,
                    484,
                    485,
                    486,
                    487,
                    488,
                    489,
                    490,
                    491,
                    492,
                    493,
                    494,
                    495,
                    496,
                    497,
                    498,
                    499
                ]
            ],
            "labels": [
                [
                    1,
                    1,
                    1,
                    1,
                    1,
                    1,
                    1,
                    1,
                    1,
                    1,
                    1,
                    1,
                    1,
                    1,
                    1,
                    1,
                    1,
                    1,
                    1,
                    1
                ]
            ],
            "CPU Usage": 45.1,
            "RAM Usage": 55.0,
            "GPU Usage": 0.0,
            "VRAM Usage": 355.0,
            "Disk Read Speed (MB/s)": 206651.1669921875,
            "Disk Write Speed (MB/s)": 425463.9345703125
        },
        {
            "step": 1,
            "train_loss": 0.0025484838988631964,
            "actions_pred1": [
                [
                    [
                        -0.7591783404350281,
                        3.6949310302734375,
                        4.012669563293457,
                        -3.4497933387756348
                    ],
                    [
                        -0.13807639479637146,
                        2.429485321044922,
                        4.952098846435547,
                        -4.03499174118042
                    ],
                    [
                        0.1636715680360794,
                        2.2427546977996826,
                        5.220936298370361,
                        -4.326685428619385
                    ],
                    [
                        0.4658617675304413,
                        2.285989999771118,
                        5.188286304473877,
                        -4.605098247528076
                    ],
                    [
                        0.3437284529209137,
                        2.215724229812622,
                        4.936746120452881,
                        -4.858396530151367
                    ],
                    [
                        0.39228567481040955,
                        1.5076441764831543,
                        4.617717742919922,
                        -4.752608776092529
                    ],
                    [
                        0.23441657423973083,
                        1.3560465574264526,
                        4.585727691650391,
                        -4.606385231018066
                    ],
                    [
                        0.006193455308675766,
                        1.351231575012207,
                        4.662668228149414,
                        -4.755756855010986
                    ],
                    [
                        0.051440656185150146,
                        1.3921482563018799,
                        4.722864627838135,
                        -4.768024921417236
                    ],
                    [
                        0.11412408947944641,
                        1.4836838245391846,
                        4.777256965637207,
                        -5.059278964996338
                    ],
                    [
                        0.09867753833532333,
                        1.5838137865066528,
                        4.912635326385498,
                        -5.163177490234375
                    ],
                    [
                        0.1613161861896515,
                        1.6666252613067627,
                        4.946136474609375,
                        -5.200450897216797
                    ],
                    [
                        0.13174277544021606,
                        1.813215970993042,
                        4.925128936767578,
                        -5.101614952087402
                    ],
                    [
                        0.24600158631801605,
                        1.7944855690002441,
                        4.8232035636901855,
                        -5.0776262283325195
                    ],
                    [
                        0.29230034351348877,
                        1.822737455368042,
                        4.890237331390381,
                        -5.335544586181641
                    ],
                    [
                        0.37107789516448975,
                        1.8562136888504028,
                        4.7553229331970215,
                        -5.356635093688965
                    ],
                    [
                        0.5447984933853149,
                        1.7316904067993164,
                        4.839300632476807,
                        -5.3269572257995605
                    ],
                    [
                        0.517747163772583,
                        1.7147808074951172,
                        4.766411304473877,
                        -5.333563804626465
                    ],
                    [
                        0.5644606351852417,
                        1.826568365097046,
                        4.775213718414307,
                        -5.334166526794434
                    ],
                    [
                        0.5554922223091125,
                        1.81705641746521,
                        4.804492473602295,
                        -5.316263675689697
                    ]
                ]
            ],
            "actions_pred": [
                [
                    [
                        -0.7591783404350281,
                        -0.13807639479637146,
                        0.1636715680360794,
                        0.4658617675304413,
                        0.3437284529209137,
                        0.39228567481040955,
                        0.23441657423973083,
                        0.006193455308675766,
                        0.051440656185150146,
                        0.11412408947944641,
                        0.09867753833532333,
                        0.1613161861896515,
                        0.13174277544021606,
                        0.24600158631801605,
                        0.29230034351348877,
                        0.37107789516448975,
                        0.5447984933853149,
                        0.517747163772583,
                        0.5644606351852417,
                        0.5554922223091125
                    ],
                    [
                        3.6949310302734375,
                        2.429485321044922,
                        2.2427546977996826,
                        2.285989999771118,
                        2.215724229812622,
                        1.5076441764831543,
                        1.3560465574264526,
                        1.351231575012207,
                        1.3921482563018799,
                        1.4836838245391846,
                        1.5838137865066528,
                        1.6666252613067627,
                        1.813215970993042,
                        1.7944855690002441,
                        1.822737455368042,
                        1.8562136888504028,
                        1.7316904067993164,
                        1.7147808074951172,
                        1.826568365097046,
                        1.81705641746521
                    ],
                    [
                        4.012669563293457,
                        4.952098846435547,
                        5.220936298370361,
                        5.188286304473877,
                        4.936746120452881,
                        4.617717742919922,
                        4.585727691650391,
                        4.662668228149414,
                        4.722864627838135,
                        4.777256965637207,
                        4.912635326385498,
                        4.946136474609375,
                        4.925128936767578,
                        4.8232035636901855,
                        4.890237331390381,
                        4.7553229331970215,
                        4.839300632476807,
                        4.766411304473877,
                        4.775213718414307,
                        4.804492473602295
                    ],
                    [
                        -3.4497933387756348,
                        -4.03499174118042,
                        -4.326685428619385,
                        -4.605098247528076,
                        -4.858396530151367,
                        -4.752608776092529,
                        -4.606385231018066,
                        -4.755756855010986,
                        -4.768024921417236,
                        -5.059278964996338,
                        -5.163177490234375,
                        -5.200450897216797,
                        -5.101614952087402,
                        -5.0776262283325195,
                        -5.335544586181641,
                        -5.356635093688965,
                        -5.3269572257995605,
                        -5.333563804626465,
                        -5.334166526794434,
                        -5.316263675689697
                    ]
                ]
            ],
            "states": [
                [
                    [
                        5334432.0,
                        2.079466503346339e-05,
                        0.00026978878304362297,
                        822567.125
                    ],
                    [
                        5450272.0,
                        2.0477313228184357e-05,
                        0.00027627943200059235,
                        856531.375
                    ],
                    [
                        5496608.0,
                        2.0164978195680305e-05,
                        0.00025924446526914835,
                        796247.875
                    ],
                    [
                        5340224.0,
                        1.901392352010589e-05,
                        0.006524195894598961,
                        835512.25
                    ],
                    [
                        5366288.0,
                        1.8750137314782478e-05,
                        0.002146858023479581,
                        813363.3125
                    ],
                    [
                        5389456.0,
                        1.8492408344172873e-05,
                        0.0023773028515279293,
                        845072.375
                    ],
                    [
                        5118680.0,
                        1.8247363186674193e-05,
                        0.0020079242531210184,
                        804446.8125
                    ],
                    [
                        5463304.0,
                        1.8007134713116102e-05,
                        0.0019139255164191127,
                        824885.1875
                    ],
                    [
                        5337328.0,
                        1.7768334146239795e-05,
                        0.0013429223326966166,
                        814676.0
                    ],
                    [
                        5398144.0,
                        1.753715696395375e-05,
                        0.0011628043139353395,
                        805373.25
                    ],
                    [
                        5337328.0,
                        1.7311906049144454e-05,
                        0.0009117702720686793,
                        826102.5
                    ],
                    [
                        5053520.0,
                        1.709933530946728e-05,
                        0.000803604198154062,
                        828294.75
                    ],
                    [
                        5891912.0,
                        1.6881092960829847e-05,
                        0.000699773314408958,
                        791778.0625
                    ],
                    [
                        5104200.0,
                        1.6667219824739732e-05,
                        0.0006680691731162369,
                        868015.875
                    ],
                    [
                        5372080.0,
                        1.646851160330698e-05,
                        0.0005246230284683406,
                        748358.1875
                    ],
                    [
                        5262032.0,
                        1.6271596905426122e-05,
                        0.00046889804070815444,
                        796238.875
                    ],
                    [
                        5473440.0,
                        1.6077548934845254e-05,
                        0.00035997320082969964,
                        812237.5625
                    ],
                    [
                        4978224.0,
                        1.589297789905686e-05,
                        0.00037329201586544514,
                        806297.3125
                    ],
                    [
                        5450272.0,
                        1.571305256220512e-05,
                        0.00029995679506100714,
                        802099.3125
                    ],
                    [
                        5424208.0,
                        1.5529669326497242e-05,
                        0.0002722619683481753,
                        836648.625
                    ]
                ]
            ],
            "actions": [
                [
                    [
                        0.75
                    ],
                    [
                        0.75
                    ],
                    [
                        0.75
                    ],
                    [
                        0.75
                    ],
                    [
                        0.75
                    ],
                    [
                        0.75
                    ],
                    [
                        0.75
                    ],
                    [
                        0.75
                    ],
                    [
                        0.75
                    ],
                    [
                        0.75
                    ],
                    [
                        0.75
                    ],
                    [
                        0.75
                    ],
                    [
                        0.75
                    ],
                    [
                        0.75
                    ],
                    [
                        0.75
                    ],
                    [
                        0.75
                    ],
                    [
                        0.75
                    ],
                    [
                        0.75
                    ],
                    [
                        0.75
                    ],
                    [
                        0.75
                    ]
                ]
            ],
            "returns": [
                [
                    [
                        0.3232199251651764
                    ],
                    [
                        0.3222866356372833
                    ],
                    [
                        0.32135143876075745
                    ],
                    [
                        0.3204154968261719
                    ],
                    [
                        0.31948211789131165
                    ],
                    [
                        0.3185482919216156
                    ],
                    [
                        0.3176141083240509
                    ],
                    [
                        0.31668445467948914
                    ],
                    [
                        0.31574904918670654
                    ],
                    [
                        0.3148157298564911
                    ],
                    [
                        0.31388136744499207
                    ],
                    [
                        0.3129480481147766
                    ],
                    [
                        0.3120195269584656
                    ],
                    [
                        0.31107744574546814
                    ],
                    [
                        0.31014806032180786
                    ],
                    [
                        0.30921414494514465
                    ],
                    [
                        0.3082820773124695
                    ],
                    [
                        0.30734649300575256
                    ],
                    [
                        0.306419312953949
                    ],
                    [
                        0.3054841458797455
                    ]
                ]
            ],
            "timesteps": [
                [
                    280,
                    281,
                    282,
                    283,
                    284,
                    285,
                    286,
                    287,
                    288,
                    289,
                    290,
                    291,
                    292,
                    293,
                    294,
                    295,
                    296,
                    297,
                    298,
                    299
                ]
            ],
            "labels": [
                [
                    2,
                    2,
                    2,
                    2,
                    2,
                    2,
                    2,
                    2,
                    2,
                    2,
                    2,
                    2,
                    2,
                    2,
                    2,
                    2,
                    2,
                    2,
                    2,
                    2
                ]
            ],
            "CPU Usage": 46.7,
            "RAM Usage": 55.1,
            "GPU Usage": 0.0,
            "VRAM Usage": 355.0,
            "Disk Read Speed (MB/s)": 206651.1669921875,
            "Disk Write Speed (MB/s)": 425464.1533203125
        },
        {
            "step": 2,
            "train_loss": 0.009800033643841743,
            "actions_pred1": [
                [
                    [
                        1.37813401222229,
                        1.9150618314743042,
                        1.8471041917800903,
                        -5.350370407104492
                    ],
                    [
                        1.4009164571762085,
                        2.508096933364868,
                        1.8980625867843628,
                        -4.749264240264893
                    ],
                    [
                        1.4995962381362915,
                        2.7399795055389404,
                        1.6520602703094482,
                        -4.98832893371582
                    ],
                    [
                        1.6553230285644531,
                        2.9748117923736572,
                        1.0291640758514404,
                        -4.980710983276367
                    ],
                    [
                        1.2334275245666504,
                        3.222259044647217,
                        0.5834366083145142,
                        -5.751260280609131
                    ],
                    [
                        1.2818492650985718,
                        3.154813289642334,
                        0.6642366647720337,
                        -5.829907417297363
                    ],
                    [
                        1.6452226638793945,
                        3.4226009845733643,
                        0.5601468682289124,
                        -5.75937557220459
                    ],
                    [
                        1.6613401174545288,
                        3.1462881565093994,
                        0.558035135269165,
                        -5.7450151443481445
                    ],
                    [
                        1.9080497026443481,
                        3.110346794128418,
                        0.604597806930542,
                        -6.132325172424316
                    ],
                    [
                        1.754800796508789,
                        3.18627667427063,
                        1.0314782857894897,
                        -6.20101261138916
                    ],
                    [
                        2.0388436317443848,
                        3.30368971824646,
                        1.2108941078186035,
                        -6.546420097351074
                    ],
                    [
                        2.200143337249756,
                        3.548468589782715,
                        1.4135318994522095,
                        -6.342720985412598
                    ],
                    [
                        2.068061351776123,
                        3.865817070007324,
                        1.1921191215515137,
                        -6.429920196533203
                    ],
                    [
                        2.0426995754241943,
                        3.814970016479492,
                        1.0082423686981201,
                        -6.331359386444092
                    ],
                    [
                        1.9657878875732422,
                        3.8883652687072754,
                        1.0566980838775635,
                        -6.392153263092041
                    ],
                    [
                        1.971782922744751,
                        3.7257022857666016,
                        1.127085566520691,
                        -6.656903266906738
                    ],
                    [
                        1.9989842176437378,
                        3.6573495864868164,
                        1.337414264678955,
                        -6.781752586364746
                    ],
                    [
                        1.9261523485183716,
                        3.6584157943725586,
                        1.260386347770691,
                        -6.758388996124268
                    ],
                    [
                        2.0913801193237305,
                        3.871824264526367,
                        1.2731698751449585,
                        -6.306255340576172
                    ],
                    [
                        2.489680290222168,
                        4.252852439880371,
                        1.1687166690826416,
                        -6.774282455444336
                    ]
                ]
            ],
            "actions_pred": [
                [
                    [
                        1.37813401222229,
                        1.4009164571762085,
                        1.4995962381362915,
                        1.6553230285644531,
                        1.2334275245666504,
                        1.2818492650985718,
                        1.6452226638793945,
                        1.6613401174545288,
                        1.9080497026443481,
                        1.754800796508789,
                        2.0388436317443848,
                        2.200143337249756,
                        2.068061351776123,
                        2.0426995754241943,
                        1.9657878875732422,
