{
    "steps": [
        {
            "step": 0,
            "train_loss": 0.032477568835020065,
            "actions_pred1": [
                [
                    [
                        0.3533989489078522,
                        0.6673625707626343,
                        0.7162017226219177,
                        -0.8603243231773376
                    ],
                    [
                        0.375654399394989,
                        0.6776988506317139,
                        0.7321799993515015,
                        -0.894963800907135
                    ],
                    [
                        0.3411030173301697,
                        0.7265921831130981,
                        0.8053052425384521,
                        -1.047399878501892
                    ],
                    [
                        0.2259189486503601,
                        0.7575288414955139,
                        0.7463118433952332,
                        -1.068961262702942
                    ],
                    [
                        0.21163904666900635,
                        0.9406952261924744,
                        0.6354977488517761,
                        -1.1318330764770508
                    ],
                    [
                        0.30364757776260376,
                        0.8295087218284607,
                        0.6753579378128052,
                        -1.0263597965240479
                    ],
                    [
                        0.43392154574394226,
                        0.8488523960113525,
                        0.5796802639961243,
                        -0.9476170539855957
                    ],
                    [
                        0.15816043317317963,
                        0.9171472191810608,
                        0.8869127035140991,
                        -0.9461522102355957
                    ],
                    [
                        0.1292373538017273,
                        0.9835823774337769,
                        0.9673005938529968,
                        -0.9165531396865845
                    ],
                    [
                        0.018594130873680115,
                        0.9290839433670044,
                        0.9805585741996765,
                        -0.9827142357826233
                    ],
                    [
                        0.0028686895966529846,
                        0.9638773202896118,
                        1.0702096223831177,
                        -1.1447523832321167
                    ],
                    [
                        0.18199819326400757,
                        0.8313019275665283,
                        0.9005834460258484,
                        -0.9880738854408264
                    ],
                    [
                        0.2000039666891098,
                        0.7786277532577515,
                        0.9479627013206482,
                        -1.0787467956542969
                    ],
                    [
                        0.1324838548898697,
                        0.6516139507293701,
                        0.9615417718887329,
                        -0.9928450584411621
                    ],
                    [
                        0.2970050573348999,
                        0.8016318678855896,
                        0.9272561073303223,
                        -1.1786370277404785
                    ],
                    [
                        0.3076930046081543,
                        0.7730150818824768,
                        0.7153940200805664,
                        -0.9412204623222351
                    ],
                    [
                        0.37217095494270325,
                        0.8245830535888672,
                        0.6672594547271729,
                        -0.8602173924446106
                    ],
                    [
                        0.4001144468784332,
                        0.7839151620864868,
                        0.6443471908569336,
                        -0.9046353101730347
                    ],
                    [
                        0.5457483530044556,
                        0.7763270139694214,
                        0.7721577286720276,
                        -0.9751085638999939
                    ],
                    [
                        0.39436131715774536,
                        0.8843446373939514,
                        0.7540391087532043,
                        -0.9809408187866211
                    ]
                ]
            ],
            "actions_pred": [
                [
                    [
                        0.3533989489078522,
                        0.375654399394989,
                        0.3411030173301697,
                        0.2259189486503601,
                        0.21163904666900635,
                        0.30364757776260376,
                        0.43392154574394226,
                        0.15816043317317963,
                        0.1292373538017273,
                        0.018594130873680115,
                        0.0028686895966529846,
                        0.18199819326400757,
                        0.2000039666891098,
                        0.1324838548898697,
                        0.2970050573348999,
                        0.3076930046081543,
                        0.37217095494270325,
                        0.4001144468784332,
                        0.5457483530044556,
                        0.39436131715774536
                    ],
                    [
                        0.6673625707626343,
                        0.6776988506317139,
                        0.7265921831130981,
                        0.7575288414955139,
                        0.9406952261924744,
                        0.8295087218284607,
                        0.8488523960113525,
                        0.9171472191810608,
                        0.9835823774337769,
                        0.9290839433670044,
                        0.9638773202896118,
                        0.8313019275665283,
                        0.7786277532577515,
                        0.6516139507293701,
                        0.8016318678855896,
                        0.7730150818824768,
                        0.8245830535888672,
                        0.7839151620864868,
                        0.7763270139694214,
                        0.8843446373939514
                    ],
                    [
                        0.7162017226219177,
                        0.7321799993515015,
                        0.8053052425384521,
                        0.7463118433952332,
                        0.6354977488517761,
                        0.6753579378128052,
                        0.5796802639961243,
                        0.8869127035140991,
                        0.9673005938529968,
                        0.9805585741996765,
                        1.0702096223831177,
                        0.9005834460258484,
                        0.9479627013206482,
                        0.9615417718887329,
                        0.9272561073303223,
                        0.7153940200805664,
                        0.6672594547271729,
                        0.6443471908569336,
                        0.7721577286720276,
                        0.7540391087532043
                    ],
                    [
                        -0.8603243231773376,
                        -0.894963800907135,
                        -1.047399878501892,
                        -1.068961262702942,
                        -1.1318330764770508,
                        -1.0263597965240479,
                        -0.9476170539855957,
                        -0.9461522102355957,
                        -0.9165531396865845,
                        -0.9827142357826233,
                        -1.1447523832321167,
                        -0.9880738854408264,
                        -1.0787467956542969,
                        -0.9928450584411621,
                        -1.1786370277404785,
                        -0.9412204623222351,
                        -0.8602173924446106,
                        -0.9046353101730347,
                        -0.9751085638999939,
                        -0.9809408187866211
                    ]
                ]
            ],
            "states": [
                [
                    [
                        5847024.0,
                        7.17427474228316e-06,
                        0.0002797465131152421,
                        862261.25
                    ],
                    [
                        5130264.0,
                        7.109771104296669e-06,
                        0.00027696648612618446,
                        791462.9375
                    ],
                    [
                        5460408.0,
                        7.0486535150848795e-06,
                        0.0002747685939539224,
                        848104.9375
                    ],
                    [
                        5159224.0,
                        6.988396307860967e-06,
                        0.000255326071055606,
                        826896.4375
                    ],
                    [
                        5280856.0,
                        6.9301599978643935e-06,
                        0.0002729953557718545,
                        850071.375
                    ],
                    [
                        5415520.0,
                        6.871501227578847e-06,
                        0.00026464968686923385,
                        894284.875
                    ],
                    [
                        5138952.0,
                        6.81457140672137e-06,
                        0.000260901142610237,
                        824406.5
                    ],
                    [
                        5364840.0,
                        6.758851213817252e-06,
                        0.00026091569452546537,
                        837380.25
                    ],
                    [
                        8605643.0,
                        0.0036125751212239265,
                        0.0002766261750366539,
                        462352.0625
                    ],
                    [
                        10015816.0,
                        0.00033437556703574955,
                        0.00026207882910966873,
                        482968.0625
                    ],
                    [
                        7806168.0,
                        0.00019468956452328712,
                        0.00027697221958078444,
                        473153.5
                    ],
                    [
                        6004856.0,
                        0.00014804340025875717,
                        0.00037561735371127725,
                        563905.9375
                    ],
                    [
                        3835752.0,
                        0.00012653775047510862,
                        0.000348972505889833,
                        546822.625
                    ],
                    [
                        693592.0,
                        0.00011859468213515356,
                        0.000344088242854923,
                        536207.0
                    ],
                    [
                        1136680.0,
                        0.00011570940841920674,
                        0.00030916635296307504,
                        532932.75
                    ],
                    [
                        755856.0,
                        0.0001128598305513151,
                        0.00029186115716584027,
                        668301.125
                    ],
                    [
                        573408.0,
                        0.00011094257206423208,
                        0.00031188191496767104,
                        741689.6875
                    ],
                    [
                        432952.0,
                        0.0001095341140171513,
                        0.0003927450452465564,
                        678985.1875
                    ],
                    [
                        1216320.0,
                        0.00010730996291385964,
                        0.00034627493005245924,
                        618105.1875
                    ],
                    [
                        4131144.0,
                        0.00010072957229567692,
                        0.00028098482289351523,
                        571491.4375
                    ]
                ]
            ],
            "actions": [
                [
                    [
                        0.75
                    ],
                    [
                        0.75
                    ],
                    [
                        0.75
                    ],
                    [
                        0.75
                    ],
                    [
                        0.75
                    ],
                    [
                        0.75
                    ],
                    [
                        0.75
                    ],
                    [
                        0.75
                    ],
                    [
                        0.5
                    ],
                    [
                        0.5
                    ],
                    [
                        0.5
                    ],
                    [
                        0.5
                    ],
                    [
                        0.5
                    ],
                    [
                        0.5
                    ],
                    [
                        0.5
                    ],
                    [
                        0.5
                    ],
                    [
                        0.5
                    ],
                    [
                        0.5
                    ],
                    [
                        0.5
                    ],
                    [
                        0.5
                    ]
                ]
            ],
            "returns": [
                [
                    [
                        0.48685410618782043
                    ],
                    [
                        0.4859126806259155
                    ],
                    [
                        0.48498284816741943
                    ],
                    [
                        0.4840475022792816
                    ],
                    [
                        0.48311716318130493
                    ],
                    [
                        0.4821847677230835
                    ],
                    [
                        0.481250137090683
                    ],
                    [
                        0.48032015562057495
                    ],
                    [
                        0.4793863594532013
                    ],
                    [
                        0.47841066122055054
                    ],
                    [
                        0.47742152214050293
                    ],
                    [
                        0.4764544665813446
                    ],
                    [
                        0.47551068663597107
                    ],
                    [
                        0.47460663318634033
                    ],
                    [
                        0.4738542139530182
                    ],
                    [
                        0.47305798530578613
                    ],
                    [
                        0.4722979664802551
                    ],
                    [
                        0.47156238555908203
                    ],
                    [
                        0.47085174918174744
                    ],
                    [
                        0.47004953026771545
                    ]
                ]
            ],
            "timesteps": [
                [
                    100,
                    101,
                    102,
                    103,
                    104,
                    105,
                    106,
                    107,
                    108,
                    109,
                    110,
                    111,
                    112,
                    113,
                    114,
                    115,
                    116,
                    117,
                    118,
                    119
                ]
            ],
            "labels": [
                [
                    2,
                    2,
                    2,
                    2,
                    2,
                    2,
                    2,
                    2,
                    1,
                    1,
                    1,
                    1,
                    1,
                    1,
                    1,
                    1,
                    1,
                    1,
                    1,
                    1
                ]
            ],
            "CPU Usage": 45.9,
            "RAM Usage": 55.1,
            "GPU Usage": 0.0,
            "VRAM Usage": 356.0,
            "Disk Read Speed (MB/s)": 206067.1181640625,
            "Disk Write Speed (MB/s)": 373914.1533203125
        },
        {
            "step": 1,
            "train_loss": 0.03700103983283043,
            "actions_pred1": [
                [
                    [
                        0.6307227611541748,
                        0.6727296113967896,
                        0.7603419423103333,
                        -0.7479944229125977
                    ],
                    [
                        0.5161136388778687,
                        0.5747635960578918,
                        0.5931848883628845,
                        -0.6984875202178955
                    ],
                    [
                        0.44096970558166504,
                        0.2608746290206909,
                        0.42029836773872375,
                        -0.8814302682876587
                    ],
                    [
                        0.5100476741790771,
                        0.3172302842140198,
                        0.35064899921417236,
                        -0.9449599981307983
                    ],
                    [
                        0.48368507623672485,
                        0.3520274758338928,
                        0.44290539622306824,
                        -1.0014262199401855
                    ],
                    [
                        0.38225820660591125,
                        0.4798128604888916,
                        0.5428367257118225,
                        -1.0104178190231323
                    ],
                    [
                        0.5624220967292786,
                        0.4049612283706665,
                        0.49594050645828247,
                        -1.1105751991271973
                    ],
                    [
                        0.5137684345245361,
                        0.43472564220428467,
                        0.4847874045372009,
                        -1.1162855625152588
                    ],
                    [
                        0.49993544816970825,
                        0.5738281607627869,
                        0.6917951703071594,
                        -1.1790534257888794
                    ],
                    [
                        0.5890882015228271,
                        0.6247373223304749,
                        0.6683605909347534,
                        -1.1162129640579224
                    ],
                    [
                        0.5132012367248535,
                        0.5191134810447693,
                        0.6579657793045044,
                        -1.0838425159454346
                    ],
                    [
                        0.4893861413002014,
                        0.5401570796966553,
                        0.5924088954925537,
                        -1.0499235391616821
                    ],
                    [
                        0.5341604351997375,
                        0.5678966641426086,
                        0.5943725109100342,
                        -1.0270694494247437
                    ],
                    [
                        0.5239853858947754,
                        0.6115074157714844,
                        0.7060204148292542,
                        -0.8705843687057495
                    ],
                    [
                        0.553355872631073,
                        0.5660684704780579,
                        0.7007818818092346,
                        -0.8790355324745178
                    ],
                    [
                        0.5595860481262207,
                        0.38226982951164246,
                        0.5002700090408325,
                        -0.9120301604270935
                    ],
                    [
                        0.5807844400405884,
                        0.5052822828292847,
                        0.5258739590644836,
                        -1.0045673847198486
                    ],
                    [
                        0.5192924737930298,
                        0.5159562826156616,
                        0.5148020386695862,
                        -0.9389594793319702
                    ],
                    [
                        0.49601513147354126,
                        0.539386510848999,
                        0.5890744924545288,
                        -0.9328537583351135
                    ],
                    [
                        0.488005667924881,
                        0.5462435483932495,
                        0.6707102060317993,
                        -1.0054832696914673
                    ]
                ]
            ],
            "actions_pred": [
                [
                    [
                        0.6307227611541748,
                        0.5161136388778687,
                        0.44096970558166504,
                        0.5100476741790771,
                        0.48368507623672485,
                        0.38225820660591125,
                        0.5624220967292786,
                        0.5137684345245361,
                        0.49993544816970825,
                        0.5890882015228271,
                        0.5132012367248535,
                        0.4893861413002014,
                        0.5341604351997375,
                        0.5239853858947754,
                        0.553355872631073,
                        0.5595860481262207,
                        0.5807844400405884,
                        0.5192924737930298,
                        0.49601513147354126,
                        0.488005667924881
                    ],
                    [
                        0.6727296113967896,
                        0.5747635960578918,
                        0.2608746290206909,
                        0.3172302842140198,
                        0.3520274758338928,
                        0.4798128604888916,
                        0.4049612283706665,
                        0.43472564220428467,
                        0.5738281607627869,
                        0.6247373223304749,
                        0.5191134810447693,
                        0.5401570796966553,
                        0.5678966641426086,
                        0.6115074157714844,
                        0.5660684704780579,
                        0.38226982951164246,
                        0.5052822828292847,
                        0.5159562826156616,
                        0.539386510848999,
                        0.5462435483932495
                    ],
                    [
                        0.7603419423103333,
                        0.5931848883628845,
                        0.42029836773872375,
                        0.35064899921417236,
                        0.44290539622306824,
                        0.5428367257118225,
                        0.49594050645828247,
                        0.4847874045372009,
                        0.6917951703071594,
                        0.6683605909347534,
                        0.6579657793045044,
                        0.5924088954925537,
                        0.5943725109100342,
                        0.7060204148292542,
                        0.7007818818092346,
                        0.5002700090408325,
                        0.5258739590644836,
                        0.5148020386695862,
                        0.5890744924545288,
                        0.6707102060317993
                    ],
                    [
                        -0.7479944229125977,
                        -0.6984875202178955,
                        -0.8814302682876587,
                        -0.9449599981307983,
                        -1.0014262199401855,
                        -1.0104178190231323,
                        -1.1105751991271973,
                        -1.1162855625152588,
                        -1.1790534257888794,
                        -1.1162129640579224,
                        -1.0838425159454346,
                        -1.0499235391616821,
                        -1.0270694494247437,
                        -0.8705843687057495,
                        -0.8790355324745178,
                        -0.9120301604270935,
                        -1.0045673847198486,
                        -0.9389594793319702,
                        -0.9328537583351135,
                        -1.0054832696914673
                    ]
                ]
            ],
            "states": [
                [
                    [
                        5130264.0,
                        9.53052585828118e-06,
                        0.00017112551722675562,
                        484343.53125
                    ],
                    [
                        5473440.0,
                        9.464440154260956e-06,
                        0.00025726869353093207,
                        530369.25
                    ],
                    [
                        5615344.0,
                        9.396303539688233e-06,
                        0.000244751397985965,
                        507658.4375
                    ],
                    [
                        5705120.0,
                        9.327747648057994e-06,
                        0.0002547030453570187,
                        475297.125
                    ],
                    [
                        5661680.0,
                        9.25990843825275e-06,
                        0.0002602769818622619,
                        509474.46875
                    ],
                    [
                        5626928.0,
                        9.193505320581608e-06,
                        0.00028401854797266424,
                        512406.875
                    ],
                    [
                        7240000.0,
                        9.118992238654755e-06,
                        0.00026182830333709717,
                        473767.34375
                    ],
                    [
                        6098976.0,
                        9.042967576533556e-06,
                        0.00025427230866625905,
                        486137.84375
                    ],
                    [
                        5957072.0,
                        8.975355740403756e-06,
                        0.00025071317213587463,
                        481721.90625
                    ],
                    [
                        6045400.0,
                        8.909044481697492e-06,
                        0.000257556646829471,
                        512695.15625
                    ],
                    [
                        5554528.0,
                        8.845872798701748e-06,
                        0.0002534309751354158,
                        490408.03125
                    ],
                    [
                        5395248.0,
                        8.787061233306304e-06,
                        0.00019772094674408436,
                        502051.125
                    ],
                    [
                        6014992.0,
                        8.726612577447668e-06,
                        0.00023689404770266265,
                        496127.90625
                    ],
                    [
                        5615344.0,
                        8.665836503496394e-06,
                        0.00024040597782004625,
                        497831.1875
                    ],
                    [
                        5961416.0,
                        8.60618456499651e-06,
                        0.00023798528127372265,
                        498399.9375
                    ],
                    [
                        5690640.0,
                        8.546960089006461e-06,
                        0.0002599294239189476,
                        501903.53125
                    ],
                    [
                        6043952.0,
                        8.48813488119049e-06,
                        0.0002636733988765627,
                        501576.46875
                    ],
                    [
                        7975584.0,
                        8.418936886300799e-06,
                        0.00023683813924435526,
                        444337.65625
                    ],
                    [
                        5891912.0,
                        8.351544238394126e-06,
                        0.0002558637352194637,
                        498428.25
                    ],
                    [
                        6125040.0,
                        8.294033250422217e-06,
                        0.00024174025747925043,
                        501703.09375
                    ]
                ]
            ],
            "actions": [
                [
                    [
                        0.25
                    ],
                    [
                        0.25
                    ],
                    [
                        0.25
                    ],
                    [
                        0.25
                    ],
                    [
                        0.25
                    ],
                    [
                        0.25
                    ],
                    [
                        0.25
                    ],
                    [
                        0.25
                    ],
                    [
                        0.25
                    ],
                    [
                        0.25
                    ],
                    [
                        0.25
                    ],
                    [
                        0.25
                    ],
                    [
                        0.25
                    ],
                    [
                        0.25
                    ],
                    [
                        0.25
                    ],
                    [
                        0.25
                    ],
                    [
                        0.25
                    ],
                    [
                        0.25
                    ],
                    [
                        0.25
                    ],
                    [
                        0.25
                    ]
                ]
            ],
            "returns": [
                [
                    [
                        0.20859551429748535
                    ],
                    [
                        0.20766568183898926
                    ],
                    [
                        0.20673011243343353
                    ],
                    [
                        0.20579227805137634
                    ],
                    [
                        0.20485302805900574
                    ],
                    [
                        0.20391446352005005
                    ],
                    [
                        0.20297643542289734
                    ],
                    [
                        0.20201605558395386
                    ],
                    [
                        0.2010708898305893
                    ],
                    [
                        0.20012782514095306
                    ],
                    [
                        0.19918343424797058
                    ],
                    [
                        0.1982465535402298
                    ],
                    [
                        0.19731226563453674
                    ],
                    [
                        0.19636832177639008
                    ],
                    [
                        0.19543048739433289
                    ],
                    [
                        0.19448734819889069
                    ],
                    [
                        0.193548321723938
                    ],
                    [
                        0.1926039606332779
                    ],
                    [
                        0.19163501262664795
                    ],
                    [
                        0.19069290161132812
                    ]
                ]
            ],
            "timesteps": [
                [
                    400,
                    401,
                    402,
                    403,
                    404,
                    405,
                    406,
                    407,
                    408,
                    409,
                    410,
                    411,
                    412,
                    413,
                    414,
                    415,
                    416,
                    417,
                    418,
                    419
                ]
            ],
            "labels": [
                [
                    0,
                    0,
                    0,
                    0,
                    0,
                    0,
                    0,
                    0,
                    0,
                    0,
                    0,
                    0,
                    0,
                    0,
                    0,
                    0,
                    0,
                    0,
                    0,
                    0
                ]
            ],
            "CPU Usage": 46.5,
            "RAM Usage": 55.3,
            "GPU Usage": 0.0,
            "VRAM Usage": 356.0,
            "Disk Read Speed (MB/s)": 206067.1181640625,
            "Disk Write Speed (MB/s)": 373914.2314453125
        },
        {
            "step": 2,
            "train_loss": 0.033916790038347244,
            "actions_pred1": [
                [
                    [
                        0.2592814862728119,
                        0.39888107776641846,
                        0.7580164074897766,
                        -1.0300534963607788
                    ],
                    [
                        0.4245363473892212,
                        0.5809560418128967,
                        0.7441157102584839,
                        -0.9058575630187988
                    ],
                    [
                        0.44584256410598755,
                        0.635411262512207,
                        0.7300024032592773,
                        -0.7698029279708862
                    ],
                    [
                        0.5068617463111877,
                        0.6954659223556519,
                        0.7516404986381531,
                        -0.8175868988037109
                    ],
                    [
                        0.38852426409721375,
                        0.8106271028518677,
                        0.75003981590271,
                        -0.9893692135810852
                    ],
                    [
                        0.46028515696525574,
                        0.8848559856414795,
                        0.7751340866088867,
                        -1.106634259223938
                    ],
                    [
                        0.4218321442604065,
                        0.868782639503479,
                        0.8591633439064026,
                        -1.1015589237213135
                    ],
                    [
                        0.4251731038093567,
                        0.824981153011322,
                        0.8523483276367188,
                        -1.0003809928894043
                    ],
                    [
                        0.31904178857803345,
                        0.9377152323722839,
                        0.8310331106185913,
                        -1.0052942037582397
                    ],
                    [
                        0.379958838224411,
                        0.761232316493988,
                        0.8191434144973755,
                        -0.8683931827545166
                    ],
                    [
                        0.4774658679962158,
                        0.71543949842453,
                        0.8237977623939514,
                        -0.8751829862594604
                    ],
                    [
                        0.3674842119216919,
                        0.6509494185447693,
                        0.818105936050415,
                        -0.9940899610519409
                    ],
                    [
                        0.23160484433174133,
                        0.7761744260787964,
                        0.6636850833892822,
                        -0.968384861946106
                    ],
                    [
                        0.2850683033466339,
                        0.817108690738678,
                        0.7427490949630737,
                        -0.9202583432197571
                    ],
                    [
                        0.3681303560733795,
                        0.7113147974014282,
                        0.7410811185836792,
                        -0.877825140953064
                    ],
                    [
                        0.4090498685836792,
                        0.6978945732116699,
                        0.721503734588623,
                        -0.8854931592941284
                    ],
                    [
                        0.46486955881118774,
                        0.7127041816711426,
                        0.7728818655014038,
                        -0.9020617008209229
                    ],
                    [
                        0.45305997133255005,
                        0.6731424331665039,
                        0.7078418135643005,
                        -0.9530727863311768
                    ],
                    [
                        0.3170188367366791,
                        0.6607481837272644,
                        0.8625054359436035,
                        -1.1460732221603394
                    ],
                    [
                        0.3587578535079956,
                        0.7113863229751587,
                        0.8740838766098022,
                        -1.1182955503463745
                    ]
                ]
            ],
            "actions_pred": [
                [
                    [
                        0.2592814862728119,
                        0.4245363473892212,
                        0.44584256410598755,
                        0.5068617463111877,
                        0.38852426409721375,
                        0.46028515696525574,
                        0.4218321442604065,
                        0.4251731038093567,
                        0.31904178857803345,
                        0.379958838224411,
