{
    "steps": [
        {
            "step": 0,
            "train_loss": 0.03917844593524933,
            "actions_pred1": [
                [
                    [
                        -0.044730208814144135,
                        -0.4482913017272949,
                        -0.09663534164428711,
                        -1.235351800918579
                    ],
                    [
                        -0.17221611738204956,
                        0.02063523232936859,
                        -0.0851421058177948,
                        -0.6569315791130066
                    ],
                    [
                        -0.11110711097717285,
                        0.0713919848203659,
                        0.01494532823562622,
                        -0.6264722347259521
                    ],
                    [
                        -0.07946694642305374,
                        0.17831119894981384,
                        0.1605132669210434,
                        -0.6966022253036499
                    ],
                    [
                        -0.08074672520160675,
                        0.044797614216804504,
                        0.18254172801971436,
                        -0.75835782289505
                    ],
                    [
                        -0.09438268095254898,
                        0.1282499134540558,
                        0.35886624455451965,
                        -0.8445929884910583
                    ],
                    [
                        -0.07727424800395966,
                        0.02163148671388626,
                        0.3452472686767578,
                        -0.7274749279022217
                    ],
                    [
                        -0.052207402884960175,
                        0.006326977163553238,
                        0.26922768354415894,
                        -0.586908757686615
                    ],
                    [
                        -0.15412600338459015,
                        -0.054502934217453,
                        0.27356261014938354,
                        -0.7023907899856567
                    ],
                    [
                        -0.23126119375228882,
                        -0.03633112460374832,
                        0.2264041006565094,
                        -0.7181171178817749
                    ],
                    [
                        -0.13621197640895844,
                        0.18936137855052948,
                        0.39231711626052856,
                        -0.6715737581253052
                    ],
                    [
                        -0.222135990858078,
                        0.1423632651567459,
                        0.3819958567619324,
                        -0.4967902898788452
                    ],
                    [
                        -0.22516605257987976,
                        0.12942612171173096,
                        0.42974618077278137,
                        -0.549706220626831
                    ],
                    [
                        -0.2100730687379837,
                        0.17617899179458618,
                        0.4919908046722412,
                        -0.5528570413589478
                    ],
                    [
                        -0.21872344613075256,
                        0.14657942950725555,
                        0.44427329301834106,
                        -0.6614947319030762
                    ],
                    [
                        -0.25113195180892944,
                        0.13866926729679108,
                        0.36268919706344604,
                        -0.5874940752983093
                    ],
                    [
                        -0.19434186816215515,
                        0.10754071176052094,
                        0.40574318170547485,
                        -0.7023534774780273
                    ],
                    [
                        -0.2328609973192215,
                        0.09703096747398376,
                        0.3676939308643341,
                        -0.7165586948394775
                    ],
                    [
                        -0.15009161829948425,
                        0.34385234117507935,
                        0.31080499291419983,
                        -0.5511592030525208
                    ],
                    [
                        -0.09343251585960388,
                        0.18523874878883362,
                        0.4053618311882019,
                        -0.5931940674781799
                    ]
                ]
            ],
            "actions_pred": [
                [
                    [
                        -0.044730208814144135,
                        -0.17221611738204956,
                        -0.11110711097717285,
                        -0.07946694642305374,
                        -0.08074672520160675,
                        -0.09438268095254898,
                        -0.07727424800395966,
                        -0.052207402884960175,
                        -0.15412600338459015,
                        -0.23126119375228882,
                        -0.13621197640895844,
                        -0.222135990858078,
                        -0.22516605257987976,
                        -0.2100730687379837,
                        -0.21872344613075256,
                        -0.25113195180892944,
                        -0.19434186816215515,
                        -0.2328609973192215,
                        -0.15009161829948425,
                        -0.09343251585960388
                    ],
                    [
                        -0.4482913017272949,
                        0.02063523232936859,
                        0.0713919848203659,
                        0.17831119894981384,
                        0.044797614216804504,
                        0.1282499134540558,
                        0.02163148671388626,
                        0.006326977163553238,
                        -0.054502934217453,
                        -0.03633112460374832,
                        0.18936137855052948,
                        0.1423632651567459,
                        0.12942612171173096,
                        0.17617899179458618,
                        0.14657942950725555,
                        0.13866926729679108,
                        0.10754071176052094,
                        0.09703096747398376,
                        0.34385234117507935,
                        0.18523874878883362
                    ],
                    [
                        -0.09663534164428711,
                        -0.0851421058177948,
                        0.01494532823562622,
                        0.1605132669210434,
                        0.18254172801971436,
                        0.35886624455451965,
                        0.3452472686767578,
                        0.26922768354415894,
                        0.27356261014938354,
                        0.2264041006565094,
                        0.39231711626052856,
                        0.3819958567619324,
                        0.42974618077278137,
                        0.4919908046722412,
                        0.44427329301834106,
                        0.36268919706344604,
                        0.40574318170547485,
                        0.3676939308643341,
                        0.31080499291419983,
                        0.4053618311882019
                    ],
                    [
                        -1.235351800918579,
                        -0.6569315791130066,
                        -0.6264722347259521,
                        -0.6966022253036499,
                        -0.75835782289505,
                        -0.8445929884910583,
                        -0.7274749279022217,
                        -0.586908757686615,
                        -0.7023907899856567,
                        -0.7181171178817749,
                        -0.6715737581253052,
                        -0.4967902898788452,
                        -0.549706220626831,
                        -0.5528570413589478,
                        -0.6614947319030762,
                        -0.5874940752983093,
                        -0.7023534774780273,
                        -0.7165586948394775,
                        -0.5511592030525208,
                        -0.5931940674781799
                    ]
                ]
            ],
            "states": [
                [
                    [
                        3840096.0,
                        2.92694730887888e-05,
                        0.00022606240236200392,
                        669392.5
                    ],
                    [
                        5186736.0,
                        2.8975890018045902e-05,
                        0.0002532026555854827,
                        623919.4375
                    ],
                    [
                        4765368.0,
                        2.86587583104847e-05,
                        0.0002667571825440973,
                        632646.8125
                    ],
                    [
                        6161240.0,
                        2.8318694603512995e-05,
                        0.00026687141507864,
                        545136.5625
                    ],
                    [
                        6174272.0,
                        2.7944166504312307e-05,
                        0.0002529114135541022,
                        614846.3125
                    ],
                    [
                        5751456.0,
                        2.7591326215770096e-05,
                        0.0002583715249784291,
                        530205.9375
                    ],
                    [
                        7742456.0,
                        2.720300471992232e-05,
                        0.001365873496979475,
                        538990.625
                    ],
                    [
                        6206128.0,
                        2.6812451324076392e-05,
                        0.0008239395683631301,
                        520321.9375
                    ],
                    [
                        5211352.0,
                        2.6501078536966816e-05,
                        0.0005388445570133626,
                        565831.875
                    ],
                    [
                        4737856.0,
                        2.623563341330737e-05,
                        0.0005018769879825413,
                        557744.25
                    ],
                    [
                        3256552.0,
                        2.6026094928965904e-05,
                        0.0005396626074798405,
                        583406.625
                    ],
                    [
                        2370376.0,
                        2.588063398434315e-05,
                        0.00039070475031621754,
                        599303.875
                    ],
                    [
                        3150848.0,
                        2.573955680418294e-05,
                        0.00037147922557778656,
                        638024.3125
                    ],
                    [
                        4121008.0,
                        2.5556088075973094e-05,
                        0.00035373689024709165,
                        613075.625
                    ],
                    [
                        3627240.0,
                        2.5363364329678006e-05,
                        0.0003472233365755528,
                        713559.4375
                    ],
                    [
                        4171688.0,
                        2.5172355890390463e-05,
                        0.00021890846255701035,
                        610763.0
                    ],
                    [
                        2390648.0,
                        2.501373273844365e-05,
                        0.00019109471759293228,
                        629310.5
                    ],
                    [
                        3237728.0,
                        2.487938036210835e-05,
                        0.00025023153284564614,
                        525239.375
                    ],
                    [
                        5175152.0,
                        2.4681297873030417e-05,
                        0.000305382302030921,
                        610625.375
                    ],
                    [
                        4510520.0,
                        2.445693280606065e-05,
                        0.00029567780438810587,
                        582702.6875
                    ]
                ]
            ],
            "actions": [
                [
                    [
                        0.5
                    ],
                    [
                        0.5
                    ],
                    [
                        0.5
                    ],
                    [
                        0.5
                    ],
                    [
                        0.5
                    ],
                    [
                        0.5
                    ],
                    [
                        0.5
                    ],
                    [
                        0.5
                    ],
                    [
                        0.5
                    ],
                    [
                        0.5
                    ],
                    [
                        0.5
                    ],
                    [
                        0.5
                    ],
                    [
                        0.5
                    ],
                    [
                        0.5
                    ],
                    [
                        0.5
                    ],
                    [
                        0.5
                    ],
                    [
                        0.5
                    ],
                    [
                        0.5
                    ],
                    [
                        0.5
                    ],
                    [
                        0.5
                    ]
                ]
            ],
            "returns": [
                [
                    [
                        0.11548818647861481
                    ],
                    [
                        0.11458403617143631
                    ],
                    [
                        0.11365323513746262
                    ],
                    [
                        0.11272994428873062
                    ],
                    [
                        0.11178387701511383
                    ],
                    [
                        0.11083762347698212
                    ],
                    [
                        0.1098976582288742
                    ],
                    [
                        0.10893134027719498
                    ],
                    [
                        0.10798463225364685
                    ],
                    [
                        0.10705341398715973
                    ],
                    [
                        0.10613063722848892
                    ],
                    [
                        0.10524109750986099
                    ],
                    [
                        0.10437972098588943
                    ],
                    [
                        0.1034931093454361
                    ],
                    [
                        0.10258270055055618
                    ],
                    [
                        0.1016836017370224
                    ],
                    [
                        0.10077211260795593
                    ],
                    [
                        0.09990997612476349
                    ],
                    [
                        0.09902095794677734
                    ],
                    [
                        0.09809035062789917
                    ]
                ]
            ],
            "timesteps": [
                [
                    500,
                    501,
                    502,
                    503,
                    504,
                    505,
                    506,
                    507,
                    508,
                    509,
                    510,
                    511,
                    512,
                    513,
                    514,
                    515,
                    516,
                    517,
                    518,
                    519
                ]
            ],
            "labels": [
                [
                    1,
                    1,
                    1,
                    1,
                    1,
                    1,
                    1,
                    1,
                    1,
                    1,
                    1,
                    1,
                    1,
                    1,
                    1,
                    1,
                    1,
                    1,
                    1,
                    1
                ]
            ],
            "CPU Usage": 45.8,
            "RAM Usage": 55.2,
            "GPU Usage": 0.0,
            "VRAM Usage": 355.0,
            "Disk Read Speed (MB/s)": 206066.2626953125,
            "Disk Write Speed (MB/s)": 366151.5087890625
        },
        {
            "step": 1,
            "train_loss": 0.03987796604633331,
            "actions_pred1": [
                [
                    [
                        0.8318338990211487,
                        0.2469245195388794,
                        0.38620197772979736,
                        -0.4799821972846985
                    ],
                    [
                        0.9684099555015564,
                        0.1394411027431488,
                        0.4170672297477722,
                        -0.46562278270721436
                    ],
                    [
                        0.7422078251838684,
                        0.31682366132736206,
                        0.3658207654953003,
                        -0.5415568351745605
                    ],
                    [
                        0.5450652837753296,
                        0.3611114025115967,
                        0.40347039699554443,
                        -0.5979443788528442
                    ],
                    [
                        0.5847793221473694,
                        0.37614741921424866,
                        0.424461305141449,
                        -0.6438992023468018
                    ],
                    [
                        0.551528811454773,
                        0.3540537655353546,
                        0.4591333568096161,
                        -0.7967239618301392
                    ],
                    [
                        0.5430808067321777,
                        0.4086414575576782,
                        0.4834381937980652,
                        -0.7323934435844421
                    ],
                    [
                        0.4611285924911499,
                        0.3128972053527832,
                        0.2546648383140564,
                        -0.6548436880111694
                    ],
                    [
                        0.4593135714530945,
                        0.2929772734642029,
                        0.2662646472454071,
                        -0.6491074562072754
                    ],
                    [
                        0.5089914798736572,
                        0.37602582573890686,
                        0.3167557120323181,
                        -0.5784622430801392
                    ],
                    [
                        0.58127760887146,
                        0.4059276580810547,
                        0.32730191946029663,
                        -0.5044548511505127
                    ],
                    [
                        0.5394521951675415,
                        0.448260098695755,
                        0.37570005655288696,
                        -0.48326435685157776
                    ],
                    [
                        0.4618602693080902,
                        0.41266316175460815,
                        0.27075016498565674,
                        -0.512226939201355
                    ],
                    [
                        0.3120304346084595,
                        0.49156489968299866,
                        0.3920350968837738,
                        -0.46940597891807556
                    ],
                    [
                        0.3622699975967407,
                        0.3637470602989197,
                        0.451511025428772,
                        -0.7742199897766113
                    ],
                    [
                        0.3318979740142822,
                        0.3703031539916992,
                        0.505306601524353,
                        -0.7084530591964722
                    ],
                    [
                        0.36352694034576416,
                        0.40910041332244873,
                        0.5969805717468262,
                        -0.7484460473060608
                    ],
                    [
                        0.46403318643569946,
                        0.4514489769935608,
                        0.6198363900184631,
                        -0.6881303191184998
                    ],
                    [
                        0.47880005836486816,
                        0.47361326217651367,
                        0.34521275758743286,
                        -0.6544535160064697
                    ],
                    [
                        0.37674933671951294,
                        0.4778667688369751,
                        0.41009190678596497,
                        -0.6483200192451477
                    ]
                ]
            ],
            "actions_pred": [
                [
                    [
                        0.8318338990211487,
                        0.9684099555015564,
                        0.7422078251838684,
                        0.5450652837753296,
                        0.5847793221473694,
                        0.551528811454773,
                        0.5430808067321777,
                        0.4611285924911499,
                        0.4593135714530945,
                        0.5089914798736572,
                        0.58127760887146,
                        0.5394521951675415,
                        0.4618602693080902,
                        0.3120304346084595,
                        0.3622699975967407,
                        0.3318979740142822,
                        0.36352694034576416,
                        0.46403318643569946,
                        0.47880005836486816,
                        0.37674933671951294
                    ],
                    [
                        0.2469245195388794,
                        0.1394411027431488,
                        0.31682366132736206,
                        0.3611114025115967,
                        0.37614741921424866,
                        0.3540537655353546,
                        0.4086414575576782,
                        0.3128972053527832,
                        0.2929772734642029,
                        0.37602582573890686,
                        0.4059276580810547,
                        0.448260098695755,
                        0.41266316175460815,
                        0.49156489968299866,
                        0.3637470602989197,
                        0.3703031539916992,
                        0.40910041332244873,
                        0.4514489769935608,
                        0.47361326217651367,
                        0.4778667688369751
                    ],
                    [
                        0.38620197772979736,
                        0.4170672297477722,
                        0.3658207654953003,
                        0.40347039699554443,
                        0.424461305141449,
                        0.4591333568096161,
                        0.4834381937980652,
                        0.2546648383140564,
                        0.2662646472454071,
                        0.3167557120323181,
                        0.32730191946029663,
                        0.37570005655288696,
                        0.27075016498565674,
                        0.3920350968837738,
                        0.451511025428772,
                        0.505306601524353,
                        0.5969805717468262,
                        0.6198363900184631,
                        0.34521275758743286,
                        0.41009190678596497
                    ],
                    [
                        -0.4799821972846985,
                        -0.46562278270721436,
                        -0.5415568351745605,
                        -0.5979443788528442,
                        -0.6438992023468018,
                        -0.7967239618301392,
                        -0.7323934435844421,
                        -0.6548436880111694,
                        -0.6491074562072754,
                        -0.5784622430801392,
                        -0.5044548511505127,
                        -0.48326435685157776,
                        -0.512226939201355,
                        -0.46940597891807556,
                        -0.7742199897766113,
                        -0.7084530591964722,
                        -0.7484460473060608,
                        -0.6881303191184998,
                        -0.6544535160064697,
                        -0.6483200192451477
                    ]
                ]
            ],
            "states": [
                [
                    [
                        4019648.0,
                        3.81172176275868e-05,
                        0.00027542549651116133,
                        604074.25
                    ],
                    [
                        3591040.0,
                        3.7697544030379504e-05,
                        0.00025879128952510655,
                        645691.25
                    ],
                    [
                        4225264.0,
                        3.727625517058186e-05,
                        0.0002528103068470955,
                        514911.09375
                    ],
                    [
                        4439568.0,
                        3.6820012610405684e-05,
                        0.00020026147831231356,
                        552938.5
                    ],
                    [
                        5228728.0,
                        3.6324065149528906e-05,
                        0.00022364039614330977,
                        577892.375
                    ],
                    [
                        5965760.0,
                        3.5766250221058726e-05,
                        0.0002323320077266544,
                        503764.8125
                    ],
                    [
                        6114904.0,
                        3.518302401062101e-05,
                        0.00023472661268897355,
                        508360.15625
                    ],
                    [
                        5644304.0,
                        3.463315078988671e-05,
                        0.00024062122975010425,
                        571257.3125
                    ],
                    [
                        5870192.0,
                        3.411128273000941e-05,
                        0.0001874879380920902,
                        547187.9375
                    ],
                    [
                        5618240.0,
                        3.360593836987391e-05,
                        0.00025532711879350245,
                        590262.375
                    ],
                    [
                        6352376.0,
                        3.3095278922701254e-05,
                        0.0002452299522701651,
                        574275.5
                    ],
                    [
                        5702224.0,
                        3.259619916207157e-05,
                        0.00023082415282260627,
                        543057.75
                    ],
                    [
                        7646888.0,
                        3.206136170774698e-05,
                        0.00026125748991034925,
                        526472.875
                    ],
                    [
                        5964312.0,
                        3.153302532155067e-05,
                        0.00024003862927202135,
                        536332.125
                    ],
                    [
                        5580592.0,
                        3.109858516836539e-05,
                        0.00019315553072374314,
                        564225.875
                    ],
                    [
                        6007752.0,
                        3.0674520530737936e-05,
                        0.00022412248654291034,
                        547189.8125
                    ],
                    [
                        4469976.0,
                        3.0300650905701332e-05,
                        0.00023788119142409414,
                        655379.0
                    ],
                    [
                        3631584.0,
                        3.0017836252227426e-05,
                        0.0002484873402863741,
                        709152.875
                    ],
                    [
                        3940008.0,
                        2.9758366508758627e-05,
                        0.00025739934062585235,
                        659045.125
                    ],
                    [
                        3424520.0,
                        2.951018359453883e-05,
                        0.00019004895875696093,
                        668658.9375
                    ]
                ]
            ],
            "actions": [
                [
                    [
                        0.5
                    ],
                    [
                        0.5
                    ],
                    [
                        0.5
                    ],
                    [
                        0.5
                    ],
                    [
                        0.5
                    ],
                    [
                        0.5
                    ],
                    [
                        0.5
                    ],
                    [
                        0.5
                    ],
                    [
                        0.5
                    ],
                    [
                        0.5
                    ],
                    [
                        0.5
                    ],
                    [
                        0.5
                    ],
                    [
                        0.5
                    ],
                    [
                        0.5
                    ],
                    [
                        0.5
                    ],
                    [
                        0.5
                    ],
                    [
                        0.5
                    ],
                    [
                        0.5
                    ],
                    [
                        0.5
                    ],
                    [
                        0.5
                    ]
                ]
            ],
            "returns": [
                [
                    [
                        0.13405705988407135
                    ],
                    [
                        0.13314884901046753
                    ],
                    [
                        0.13225065171718597
                    ],
                    [
                        0.13133801519870758
                    ],
                    [
                        0.1304210126399994
                    ],
                    [
                        0.1294894963502884
                    ],
                    [
                        0.12854628264904022
                    ],
                    [
                        0.12760089337825775
                    ],
                    [
                        0.12666259706020355
                    ],
                    [
                        0.12572081387043
                    ],
                    [
                        0.12478292733430862
                    ],
                    [
                        0.12383415549993515
                    ],
                    [
                        0.12289495021104813
                    ],
                    [
                        0.12192973494529724
                    ],
                    [
                        0.12098655104637146
                    ],
                    [
                        0.12004926055669785
                    ],
                    [
                        0.11910542845726013
                    ],
                    [
                        0.118187814950943
                    ],
                    [
                        0.11728861182928085
                    ],
                    [
                        0.1163821816444397
                    ]
                ]
            ],
            "timesteps": [
                [
                    480,
                    481,
                    482,
                    483,
                    484,
                    485,
                    486,
                    487,
                    488,
                    489,
                    490,
                    491,
                    492,
                    493,
                    494,
                    495,
                    496,
                    497,
                    498,
                    499
                ]
            ],
            "labels": [
                [
                    1,
                    1,
                    1,
                    1,
                    1,
                    1,
                    1,
                    1,
                    1,
                    1,
                    1,
                    1,
                    1,
                    1,
                    1,
                    1,
                    1,
                    1,
                    1,
                    1
                ]
            ],
            "CPU Usage": 46.8,
            "RAM Usage": 55.3,
            "GPU Usage": 0.0,
            "VRAM Usage": 355.0,
            "Disk Read Speed (MB/s)": 206066.2626953125,
            "Disk Write Speed (MB/s)": 366151.5595703125
        },
        {
            "step": 2,
            "train_loss": 0.03778081387281418,
            "actions_pred1": [
                [
                    [
                        0.5077939033508301,
                        0.1693645417690277,
                        0.8240033984184265,
                        -0.6825175285339355
                    ],
                    [
                        0.39336395263671875,
                        0.37444043159484863,
                        0.7633117437362671,
                        -0.6014299988746643
                    ],
                    [
                        0.33165693283081055,
                        0.3232232332229614,
                        0.8722973465919495,
                        -0.6160033941268921
                    ],
                    [
                        0.4884050488471985,
                        0.2675029933452606,
                        0.7799225449562073,
                        -0.5393064022064209
                    ],
                    [
                        0.40271681547164917,
                        0.3291526436805725,
                        0.7602165937423706,
                        -0.6422135829925537
                    ],
                    [
                        0.6366738080978394,
                        0.28701943159103394,
                        0.662445068359375,
                        -0.47792407870292664
                    ],
                    [
                        0.7200043201446533,
                        0.3138820230960846,
                        0.7044634222984314,
                        -0.4578336477279663
                    ],
                    [
                        0.721262514591217,
                        0.2523367702960968,
                        0.7478631734848022,
                        -0.7068703174591064
                    ],
                    [
                        0.6886130571365356,
                        0.31818315386772156,
                        0.8682259917259216,
                        -0.8041284084320068
                    ],
                    [
                        0.4948006868362427,
                        0.436730295419693,
                        0.9401807188987732,
                        -0.7161833047866821
                    ],
                    [
                        0.4787849485874176,
                        0.40456581115722656,
                        0.5881258249282837,
                        -0.6885347366333008
                    ],
                    [
                        0.5107618570327759,
                        0.30975180864334106,
                        0.6001681089401245,
                        -0.577212929725647
                    ],
                    [
                        0.536514937877655,
                        0.3936587870121002,
                        0.6378424167633057,
                        -0.5299376249313354
                    ],
                    [
                        0.5176196098327637,
                        0.3824557662010193,
                        0.49149227142333984,
                        -0.4085935950279236
                    ],
                    [
                        0.49657106399536133,
                        0.306593120098114,
                        0.5105651021003723,
                        -0.4817236065864563
                    ],
                    [
                        0.4863445460796356,
                        0.48003003001213074,
                        0.5084931254386902,
                        -0.7225005626678467
                    ],
                    [
                        0.46524208784103394,
                        0.4601253271102905,
                        0.6299639344215393,
                        -0.7187765836715698
                    ],
                    [
                        0.4725204110145569,
                        0.3898737132549286,
                        0.6471237540245056,
                        -0.5602632761001587
                    ],
                    [
                        0.457126259803772,
                        0.4366947114467621,
                        0.5928373336791992,
                        -0.5135883092880249
                    ],
                    [
                        0.6683850288391113,
                        0.3594372272491455,
                        0.4705323874950409,
                        -0.631452202796936
                    ]
                ]
            ],
            "actions_pred": [
                [
                    [
                        0.5077939033508301,
                        0.39336395263671875,
                        0.33165693283081055,
                        0.4884050488471985,
                        0.40271681547164917,
                        0.6366738080978394,
                        0.7200043201446533,
                        0.721262514591217,
