{
    "steps": [
        {
            "step": 0,
            "train_loss": 0.05820181220769882,
            "actions_pred1": [
                [
                    [
                        1.7784019708633423,
                        2.970931053161621,
                        1.9308704137802124,
                        -6.172979831695557
                    ],
                    [
                        1.5079150199890137,
                        3.3996191024780273,
                        2.4057326316833496,
                        -6.287508010864258
                    ],
                    [
                        1.9767121076583862,
                        3.0046212673187256,
                        2.521571159362793,
                        -5.806060791015625
                    ],
                    [
                        2.0963656902313232,
                        2.8554296493530273,
                        1.9757752418518066,
                        -5.682928562164307
                    ],
                    [
                        1.8084712028503418,
                        2.623401641845703,
                        2.0119283199310303,
                        -5.902416229248047
                    ],
                    [
                        1.8473308086395264,
                        3.102466583251953,
                        2.0324034690856934,
                        -6.169399261474609
                    ],
                    [
                        1.7998065948486328,
                        3.322129726409912,
                        1.7371490001678467,
                        -5.789592742919922
                    ],
                    [
                        0.5835521221160889,
                        2.542041778564453,
                        0.6720861196517944,
                        -1.826720952987671
                    ],
                    [
                        1.4085893630981445,
                        3.2174882888793945,
                        1.281587839126587,
                        -4.7825164794921875
                    ],
                    [
                        1.6433213949203491,
                        2.7277798652648926,
                        1.5977246761322021,
                        -6.366591930389404
                    ],
                    [
                        1.7352919578552246,
                        2.928459644317627,
                        1.4320683479309082,
                        -6.574952125549316
                    ],
                    [
                        1.8748502731323242,
                        3.313957691192627,
                        1.4374196529388428,
                        -7.004417896270752
                    ],
                    [
                        2.0916292667388916,
                        3.0623040199279785,
                        1.7834457159042358,
                        -6.766571044921875
                    ],
                    [
                        2.1915335655212402,
                        3.016601085662842,
                        1.6225863695144653,
                        -7.1254119873046875
                    ],
                    [
                        2.3639819622039795,
                        2.8629109859466553,
                        1.4434361457824707,
                        -7.373189449310303
                    ],
                    [
                        2.3570799827575684,
                        2.8400144577026367,
                        1.3370676040649414,
                        -7.37440824508667
                    ],
                    [
                        2.310943603515625,
                        3.0022084712982178,
                        1.3816357851028442,
                        -7.096469402313232
                    ],
                    [
                        2.292236566543579,
                        3.1711935997009277,
                        1.4315149784088135,
                        -7.321532249450684
                    ],
                    [
                        2.202652931213379,
                        2.962108850479126,
                        1.3530032634735107,
                        -7.3443756103515625
                    ],
                    [
                        2.4532618522644043,
                        3.1977896690368652,
                        1.2892340421676636,
                        -7.266225814819336
                    ]
                ]
            ],
            "actions_pred": [
                [
                    [
                        1.7784019708633423,
                        1.5079150199890137,
                        1.9767121076583862,
                        2.0963656902313232,
                        1.8084712028503418,
                        1.8473308086395264,
                        1.7998065948486328,
                        0.5835521221160889,
                        1.4085893630981445,
                        1.6433213949203491,
                        1.7352919578552246,
                        1.8748502731323242,
                        2.0916292667388916,
                        2.1915335655212402,
                        2.3639819622039795,
                        2.3570799827575684,
                        2.310943603515625,
                        2.292236566543579,
                        2.202652931213379,
                        2.4532618522644043
                    ],
                    [
                        2.970931053161621,
                        3.3996191024780273,
                        3.0046212673187256,
                        2.8554296493530273,
                        2.623401641845703,
                        3.102466583251953,
                        3.322129726409912,
                        2.542041778564453,
                        3.2174882888793945,
                        2.7277798652648926,
                        2.928459644317627,
                        3.313957691192627,
                        3.0623040199279785,
                        3.016601085662842,
                        2.8629109859466553,
                        2.8400144577026367,
                        3.0022084712982178,
                        3.1711935997009277,
                        2.962108850479126,
                        3.1977896690368652
                    ],
                    [
                        1.9308704137802124,
                        2.4057326316833496,
                        2.521571159362793,
                        1.9757752418518066,
                        2.0119283199310303,
                        2.0324034690856934,
                        1.7371490001678467,
                        0.6720861196517944,
                        1.281587839126587,
                        1.5977246761322021,
                        1.4320683479309082,
                        1.4374196529388428,
                        1.7834457159042358,
                        1.6225863695144653,
                        1.4434361457824707,
                        1.3370676040649414,
                        1.3816357851028442,
                        1.4315149784088135,
                        1.3530032634735107,
                        1.2892340421676636
                    ],
                    [
                        -6.172979831695557,
                        -6.287508010864258,
                        -5.806060791015625,
                        -5.682928562164307,
                        -5.902416229248047,
                        -6.169399261474609,
                        -5.789592742919922,
                        -1.826720952987671,
                        -4.7825164794921875,
                        -6.366591930389404,
                        -6.574952125549316,
                        -7.004417896270752,
                        -6.766571044921875,
                        -7.1254119873046875,
                        -7.373189449310303,
                        -7.37440824508667,
                        -7.096469402313232,
                        -7.321532249450684,
                        -7.3443756103515625,
                        -7.266225814819336
                    ]
                ]
            ],
            "states": [
                [
                    [
                        5057864.0,
                        2.556295476097148e-05,
                        0.00012937834253534675,
                        777561.25
                    ],
                    [
                        5348912.0,
                        2.480310831742827e-05,
                        0.00013201982073951513,
                        791966.9375
                    ],
                    [
                        5101304.0,
                        2.4083872631308623e-05,
                        0.00013791865785606205,
                        790369.0625
                    ],
                    [
                        5538600.0,
                        2.3393640731228516e-05,
                        0.00014453318726737052,
                        780343.4375
                    ],
                    [
                        5412624.0,
                        2.272302663186565e-05,
                        0.00014699026360176504,
                        758450.9375
                    ],
                    [
                        5321400.0,
                        2.2102101866039447e-05,
                        0.00016071676509454846,
                        845866.875
                    ],
                    [
                        5683400.0,
                        2.1499938156921417e-05,
                        0.00016249381587840617,
                        821531.0
                    ],
                    [
                        5282304.0,
                        2.0931340259267017e-05,
                        0.0001488575799157843,
                        840709.875
                    ],
                    [
                        5545840.0,
                        2.0398911146912724e-05,
                        0.00016087492986116558,
                        823198.9375
                    ],
                    [
                        5474888.0,
                        1.9883997083525173e-05,
                        0.00016716374375391752,
                        838579.125
                    ],
                    [
                        5364840.0,
                        1.9402330508455634e-05,
                        0.00019032474665436894,
                        800380.6875
                    ],
                    [
                        5569008.0,
                        1.8939608708024025e-05,
                        0.00018542619363870472,
                        823891.875
                    ],
                    [
                        5332984.0,
                        1.849955879151821e-05,
                        0.000198170033399947,
                        846311.4375
                    ],
                    [
                        5224384.0,
                        1.8092512618750334e-05,
                        0.0001916241308208555,
                        900435.5625
                    ],
                    [
                        5133160.0,
                        1.771021015883889e-05,
                        0.0002063407882815227,
                        866428.5625
                    ],
                    [
                        5361944.0,
                        1.733909812173806e-05,
                        0.00023895764024928212,
                        862112.4375
                    ],
                    [
                        5535704.0,
                        1.6969803255051374e-05,
                        0.00025051896227523685,
                        868913.125
                    ],
                    [
                        5189632.0,
                        1.662127579038497e-05,
                        0.0002676467993296683,
                        810234.1875
                    ],
                    [
                        5453168.0,
                        1.6289424820570275e-05,
                        0.0002700872428249568,
                        842694.5
                    ],
                    [
                        5334432.0,
                        1.5966239516274072e-05,
                        0.0002660537720657885,
                        825795.9375
                    ]
                ]
            ],
            "actions": [
                [
                    [
                        0.75
                    ],
                    [
                        0.75
                    ],
                    [
                        0.75
                    ],
                    [
                        0.75
                    ],
                    [
                        0.75
                    ],
                    [
                        0.75
                    ],
                    [
                        0.75
                    ],
                    [
                        0.75
                    ],
                    [
                        0.75
                    ],
                    [
                        0.75
                    ],
                    [
                        0.75
                    ],
                    [
                        0.75
                    ],
                    [
                        0.75
                    ],
                    [
                        0.75
                    ],
                    [
                        0.75
                    ],
                    [
                        0.75
                    ],
                    [
                        0.75
                    ],
                    [
                        0.75
                    ],
                    [
                        0.75
                    ],
                    [
                        0.75
                    ]
                ]
            ],
            "returns": [
                [
                    [
                        0.5615583062171936
                    ],
                    [
                        0.5606297850608826
                    ],
                    [
                        0.5596962571144104
                    ],
                    [
                        0.5587669014930725
                    ],
                    [
                        0.557830274105072
                    ],
                    [
                        0.5568956732749939
                    ],
                    [
                        0.5559626221656799
                    ],
                    [
                        0.555023729801178
                    ],
                    [
                        0.5540912747383118
                    ],
                    [
                        0.5531545877456665
                    ],
                    [
                        0.5522189736366272
                    ],
                    [
                        0.5512851476669312
                    ],
                    [
                        0.5503480434417725
                    ],
                    [
                        0.5494148135185242
                    ],
                    [
                        0.5484833717346191
                    ],
                    [
                        0.5475534796714783
                    ],
                    [
                        0.546619713306427
                    ],
                    [
                        0.5456831455230713
                    ],
                    [
                        0.544752299785614
                    ],
                    [
                        0.5438170433044434
                    ]
                ]
            ],
            "timesteps": [
                [
                    20,
                    21,
                    22,
                    23,
                    24,
                    25,
                    26,
                    27,
                    28,
                    29,
                    30,
                    31,
                    32,
                    33,
                    34,
                    35,
                    36,
                    37,
                    38,
                    39
                ]
            ],
            "labels": [
                [
                    2,
                    2,
                    2,
                    2,
                    2,
                    2,
                    2,
                    2,
                    2,
                    2,
                    2,
                    2,
                    2,
                    2,
                    2,
                    2,
                    2,
                    2,
                    2,
                    2
                ]
            ],
            "CPU Usage": 45.8,
            "RAM Usage": 55.0,
            "GPU Usage": 0.0,
            "VRAM Usage": 355.0,
            "Disk Read Speed (MB/s)": 206646.0849609375,
            "Disk Write Speed (MB/s)": 417440.1298828125
        },
        {
            "step": 1,
            "train_loss": 0.013036544434726238,
            "actions_pred1": [
                [
                    [
                        2.3228049278259277,
                        2.6016249656677246,
                        1.6361243724822998,
                        -4.331560134887695
                    ],
                    [
                        2.4637866020202637,
                        1.9320622682571411,
                        0.9366059303283691,
                        -3.953447103500366
                    ],
                    [
                        2.4482507705688477,
                        1.490067958831787,
                        0.6106787919998169,
                        -4.294151306152344
                    ],
                    [
                        2.564815044403076,
                        1.5409669876098633,
                        0.4647376239299774,
                        -4.676248550415039
                    ],
                    [
                        2.7378463745117188,
                        1.720008134841919,
                        0.37769466638565063,
                        -4.999972343444824
                    ],
                    [
                        2.6312105655670166,
                        1.659848928451538,
                        0.5021042823791504,
                        -4.961827754974365
                    ],
                    [
                        2.918207883834839,
                        1.9761788845062256,
                        0.3635496199131012,
                        -5.557309627532959
                    ],
                    [
                        2.927440643310547,
                        1.8988837003707886,
                        0.35652342438697815,
                        -5.771581172943115
                    ],
                    [
                        3.169269323348999,
                        2.698503017425537,
                        0.5966725945472717,
                        -6.42342472076416
                    ],
                    [
                        3.4122090339660645,
                        2.660015821456909,
                        0.5413262844085693,
                        -6.4305419921875
                    ],
                    [
                        3.4026598930358887,
                        2.4437434673309326,
                        0.4282016158103943,
                        -6.424422264099121
                    ],
                    [
                        3.196281671524048,
                        2.3615360260009766,
                        0.47877222299575806,
                        -6.263909339904785
                    ],
                    [
                        3.405728340148926,
                        2.4589004516601562,
                        0.43350380659103394,
                        -6.456161022186279
                    ],
                    [
                        3.5705220699310303,
                        2.5039172172546387,
                        0.6993209719657898,
                        -6.497008323669434
                    ],
                    [
                        3.5683393478393555,
                        2.3692750930786133,
                        0.634552001953125,
                        -6.028579235076904
                    ],
                    [
                        3.5792970657348633,
                        2.2967612743377686,
                        0.4527873992919922,
                        -6.1442952156066895
                    ],
                    [
                        3.6115145683288574,
                        2.452576160430908,
                        0.3403555750846863,
                        -6.627324104309082
                    ],
                    [
                        3.5229077339172363,
                        2.560455799102783,
                        0.29890263080596924,
                        -6.5264811515808105
                    ],
                    [
                        3.6576297283172607,
                        2.695247173309326,
                        0.32508379220962524,
                        -6.529315948486328
                    ],
                    [
                        3.5320615768432617,
                        2.546786308288574,
                        0.5528231859207153,
                        -6.559032440185547
                    ]
                ]
            ],
            "actions_pred": [
                [
                    [
                        2.3228049278259277,
                        2.4637866020202637,
                        2.4482507705688477,
                        2.564815044403076,
                        2.7378463745117188,
                        2.6312105655670166,
                        2.918207883834839,
                        2.927440643310547,
                        3.169269323348999,
                        3.4122090339660645,
                        3.4026598930358887,
                        3.196281671524048,
                        3.405728340148926,
                        3.5705220699310303,
                        3.5683393478393555,
                        3.5792970657348633,
                        3.6115145683288574,
                        3.5229077339172363,
                        3.6576297283172607,
                        3.5320615768432617
                    ],
                    [
                        2.6016249656677246,
                        1.9320622682571411,
                        1.490067958831787,
                        1.5409669876098633,
                        1.720008134841919,
                        1.659848928451538,
                        1.9761788845062256,
                        1.8988837003707886,
                        2.698503017425537,
                        2.660015821456909,
                        2.4437434673309326,
                        2.3615360260009766,
                        2.4589004516601562,
                        2.5039172172546387,
                        2.3692750930786133,
                        2.2967612743377686,
                        2.452576160430908,
                        2.560455799102783,
                        2.695247173309326,
                        2.546786308288574
                    ],
                    [
                        1.6361243724822998,
                        0.9366059303283691,
                        0.6106787919998169,
                        0.4647376239299774,
                        0.37769466638565063,
                        0.5021042823791504,
                        0.3635496199131012,
                        0.35652342438697815,
                        0.5966725945472717,
                        0.5413262844085693,
                        0.4282016158103943,
                        0.47877222299575806,
                        0.43350380659103394,
                        0.6993209719657898,
                        0.634552001953125,
                        0.4527873992919922,
                        0.3403555750846863,
                        0.29890263080596924,
                        0.32508379220962524,
                        0.5528231859207153
                    ],
                    [
                        -4.331560134887695,
                        -3.953447103500366,
                        -4.294151306152344,
                        -4.676248550415039,
                        -4.999972343444824,
                        -4.961827754974365,
                        -5.557309627532959,
                        -5.771581172943115,
                        -6.42342472076416,
                        -6.4305419921875,
                        -6.424422264099121,
                        -6.263909339904785,
                        -6.456161022186279,
                        -6.497008323669434,
                        -6.028579235076904,
                        -6.1442952156066895,
                        -6.627324104309082,
                        -6.5264811515808105,
                        -6.529315948486328,
                        -6.559032440185547
                    ]
                ]
            ],
            "states": [
                [
                    [
                        5130264.0,
                        9.53052585828118e-06,
                        0.00017112551722675562,
                        484343.53125
                    ],
                    [
                        5473440.0,
                        9.464440154260956e-06,
                        0.00025726869353093207,
                        530369.25
                    ],
                    [
                        5615344.0,
                        9.396303539688233e-06,
                        0.000244751397985965,
                        507658.4375
                    ],
                    [
                        5705120.0,
                        9.327747648057994e-06,
                        0.0002547030453570187,
                        475297.125
                    ],
                    [
                        5661680.0,
                        9.25990843825275e-06,
                        0.0002602769818622619,
                        509474.46875
                    ],
                    [
                        5626928.0,
                        9.193505320581608e-06,
                        0.00028401854797266424,
                        512406.875
                    ],
                    [
                        7240000.0,
                        9.118992238654755e-06,
                        0.00026182830333709717,
                        473767.34375
                    ],
                    [
                        6098976.0,
                        9.042967576533556e-06,
                        0.00025427230866625905,
                        486137.84375
                    ],
                    [
                        5957072.0,
                        8.975355740403756e-06,
                        0.00025071317213587463,
                        481721.90625
                    ],
                    [
                        6045400.0,
                        8.909044481697492e-06,
                        0.000257556646829471,
                        512695.15625
                    ],
                    [
                        5554528.0,
                        8.845872798701748e-06,
                        0.0002534309751354158,
                        490408.03125
                    ],
                    [
                        5395248.0,
                        8.787061233306304e-06,
                        0.00019772094674408436,
                        502051.125
                    ],
                    [
                        6014992.0,
                        8.726612577447668e-06,
                        0.00023689404770266265,
                        496127.90625
                    ],
                    [
                        5615344.0,
                        8.665836503496394e-06,
                        0.00024040597782004625,
                        497831.1875
                    ],
                    [
                        5961416.0,
                        8.60618456499651e-06,
                        0.00023798528127372265,
                        498399.9375
                    ],
                    [
                        5690640.0,
                        8.546960089006461e-06,
                        0.0002599294239189476,
                        501903.53125
                    ],
                    [
                        6043952.0,
                        8.48813488119049e-06,
                        0.0002636733988765627,
                        501576.46875
                    ],
                    [
                        7975584.0,
                        8.418936886300799e-06,
                        0.00023683813924435526,
                        444337.65625
                    ],
                    [
                        5891912.0,
                        8.351544238394126e-06,
                        0.0002558637352194637,
                        498428.25
                    ],
                    [
                        6125040.0,
                        8.294033250422217e-06,
                        0.00024174025747925043,
                        501703.09375
                    ]
                ]
            ],
            "actions": [
                [
                    [
                        0.25
                    ],
                    [
                        0.25
                    ],
                    [
                        0.25
                    ],
                    [
                        0.25
                    ],
                    [
                        0.25
                    ],
                    [
                        0.25
                    ],
                    [
                        0.25
                    ],
                    [
                        0.25
                    ],
                    [
                        0.25
                    ],
                    [
                        0.25
                    ],
                    [
                        0.25
                    ],
                    [
                        0.25
                    ],
                    [
                        0.25
                    ],
                    [
                        0.25
                    ],
                    [
                        0.25
                    ],
                    [
                        0.25
                    ],
                    [
                        0.25
                    ],
                    [
                        0.25
                    ],
                    [
                        0.25
                    ],
                    [
                        0.25
                    ]
                ]
            ],
            "returns": [
                [
                    [
                        0.20859551429748535
                    ],
                    [
                        0.20766568183898926
                    ],
                    [
                        0.20673011243343353
                    ],
                    [
                        0.20579227805137634
                    ],
                    [
                        0.20485302805900574
                    ],
                    [
                        0.20391446352005005
                    ],
                    [
                        0.20297643542289734
                    ],
                    [
                        0.20201605558395386
                    ],
                    [
                        0.2010708898305893
                    ],
                    [
                        0.20012782514095306
                    ],
                    [
                        0.19918343424797058
                    ],
                    [
                        0.1982465535402298
                    ],
                    [
                        0.19731226563453674
                    ],
                    [
                        0.19636832177639008
                    ],
                    [
                        0.19543048739433289
                    ],
                    [
                        0.19448734819889069
                    ],
                    [
                        0.193548321723938
                    ],
                    [
                        0.1926039606332779
                    ],
                    [
                        0.19163501262664795
                    ],
                    [
                        0.19069290161132812
                    ]
                ]
            ],
            "timesteps": [
                [
                    400,
                    401,
                    402,
                    403,
                    404,
                    405,
                    406,
                    407,
                    408,
                    409,
                    410,
                    411,
                    412,
                    413,
                    414,
                    415,
                    416,
                    417,
                    418,
                    419
                ]
            ],
            "labels": [
                [
                    0,
                    0,
                    0,
                    0,
                    0,
                    0,
                    0,
                    0,
                    0,
                    0,
                    0,
                    0,
                    0,
                    0,
                    0,
                    0,
                    0,
                    0,
                    0,
                    0
                ]
            ],
            "CPU Usage": 47.1,
            "RAM Usage": 55.1,
            "GPU Usage": 0.0,
            "VRAM Usage": 355.0,
            "Disk Read Speed (MB/s)": 206646.4091796875,
            "Disk Write Speed (MB/s)": 417440.3916015625
        },
        {
            "step": 2,
            "train_loss": 0.03787713870406151,
            "actions_pred1": [
                [
                    [
                        1.3623523712158203,
                        1.5683351755142212,
                        1.1025090217590332,
                        -5.671266078948975
                    ],
                    [
                        1.4190683364868164,
                        2.038299083709717,
                        2.0287609100341797,
                        -6.304192543029785
                    ],
                    [
                        1.517479419708252,
                        2.0200035572052,
                        0.9271723031997681,
                        -6.672717094421387
                    ],
                    [
                        1.7419781684875488,
                        2.564134120941162,
                        0.2254444807767868,
                        -7.038749694824219
                    ],
                    [
                        1.642202615737915,
                        2.6198854446411133,
                        0.25608423352241516,
                        -7.237819671630859
                    ],
                    [
                        1.5738602876663208,
                        2.652998685836792,
                        0.20395396649837494,
                        -7.674827575683594
                    ],
                    [
                        1.5339772701263428,
                        2.64469575881958,
                        0.12662389874458313,
                        -7.8505706787109375
                    ],
                    [
                        1.5606303215026855,
                        2.750913619995117,
                        0.18269717693328857,
                        -8.076549530029297
                    ],
                    [
                        1.6587446928024292,
                        2.8013319969177246,
                        0.2591303586959839,
                        -8.277026176452637
                    ],
                    [
                        2.03190541267395,
                        2.7922565937042236,
                        0.07983076572418213,
                        -8.430953979492188
                    ],
                    [
                        2.2061376571655273,
                        2.7598910331726074,
                        0.10775524377822876,
                        -8.444764137268066
                    ],
                    [
                        2.017681360244751,
                        2.8271543979644775,
                        0.2801002860069275,
                        -8.825357437133789
                    ],
                    [
                        2.022143602371216,
                        2.8538193702697754,
                        0.31379348039627075,
                        -8.747880935668945
                    ],
                    [
                        2.1518189907073975,
                        2.824984073638916,
                        0.28163132071495056,
                        -8.787514686584473
                    ],
                    [
                        2.4092957973480225,
                        2.9702165126800537,
                        0.49476438760757446,
                        -8.747325897216797
                    ],
                    [
                        2.4921867847442627,
                        3.067396879196167,
                        0.3006756901741028,
                        -8.609846115112305
                    ],
                    [
                        2.3969125747680664,
                        2.735459804534912,
                        0.253109335899353,
                        -8.68577766418457
                    ],
                    [
                        2.3989360332489014,
                        2.8701086044311523,
                        0.28434842824935913,
                        -8.822656631469727
                    ],
                    [
                        2.463663101196289,
                        3.018399953842163,
                        0.3466668725013733,
                        -8.761411666870117
                    ],
                    [
                        2.5769593715667725,
                        3.0162220001220703,
                        0.4120250940322876,
                        -8.975028038024902
                    ]
                ]
            ],
            "actions_pred": [
                [
                    [
                        1.3623523712158203,
                        1.4190683364868164,
                        1.517479419708252,
                        1.7419781684875488,
                        1.642202615737915,
                        1.5738602876663208,
                        1.5339772701263428,
                        1.5606303215026855,
                        1.6587446928024292,
                        2.03190541267395,
                        2.2061376571655273,
                        2.017681360244751,
                        2.022143602371216,
                        2.1518189907073975,
                        2.4092957973480225,
