{
    "steps": [
        {
            "step": 0,
            "train_loss": 0.03762700408697128,
            "actions_pred1": [
                [
                    [
                        0.6191786527633667,
                        0.7588527202606201,
                        0.7624716758728027,
                        -0.827181875705719
                    ],
                    [
                        0.5074170827865601,
                        0.6494287848472595,
                        0.5921975374221802,
                        -0.7677047252655029
                    ],
                    [
                        0.43325918912887573,
                        0.3286161422729492,
                        0.4174845218658447,
                        -0.9490377306938171
                    ],
                    [
                        0.5034536123275757,
                        0.38284945487976074,
                        0.3468143343925476,
                        -1.0116229057312012
                    ],
                    [
                        0.4780671000480652,
                        0.4188775420188904,
                        0.43757176399230957,
                        -1.0706489086151123
                    ],
                    [
                        0.3773162364959717,
                        0.5433538556098938,
                        0.5389972925186157,
                        -1.078221321105957
                    ],
                    [
                        0.5542271137237549,
                        0.4727153778076172,
                        0.49094143509864807,
                        -1.1823375225067139
                    ],
                    [
                        0.507236897945404,
                        0.5009273886680603,
                        0.48065927624702454,
                        -1.1893229484558105
                    ],
                    [
                        0.4957832992076874,
                        0.6441749930381775,
                        0.6855245232582092,
                        -1.2527692317962646
                    ],
                    [
                        0.5842857360839844,
                        0.6941799521446228,
                        0.661871612071991,
                        -1.1895320415496826
                    ],
                    [
                        0.5084143877029419,
                        0.5888022780418396,
                        0.64990234375,
                        -1.1593174934387207
                    ],
                    [
                        0.4807841181755066,
                        0.6082112193107605,
                        0.5864652395248413,
                        -1.123098611831665
                    ],
                    [
                        0.5276211500167847,
                        0.6363972425460815,
                        0.5874542593955994,
                        -1.1022546291351318
                    ],
                    [
                        0.5184388160705566,
                        0.6809564828872681,
                        0.7011088132858276,
                        -0.9443240165710449
                    ],
                    [
                        0.548285961151123,
                        0.6362642049789429,
                        0.6952812671661377,
                        -0.9515563249588013
                    ],
                    [
                        0.5531913042068481,
                        0.4515194892883301,
                        0.49976983666419983,
                        -0.9847019910812378
                    ],
                    [
                        0.5748810768127441,
                        0.5753830671310425,
                        0.5235700011253357,
                        -1.076523780822754
                    ],
                    [
                        0.5132745504379272,
                        0.587062656879425,
                        0.5132505297660828,
                        -1.0104670524597168
                    ],
                    [
                        0.49139726161956787,
                        0.611651599407196,
                        0.5863086581230164,
                        -1.0049352645874023
                    ],
                    [
                        0.48228365182876587,
                        0.6167437434196472,
                        0.6683171987533569,
                        -1.0773506164550781
                    ]
                ]
            ],
            "actions_pred": [
                [
                    [
                        0.6191786527633667,
                        0.5074170827865601,
                        0.43325918912887573,
                        0.5034536123275757,
                        0.4780671000480652,
                        0.3773162364959717,
                        0.5542271137237549,
                        0.507236897945404,
                        0.4957832992076874,
                        0.5842857360839844,
                        0.5084143877029419,
                        0.4807841181755066,
                        0.5276211500167847,
                        0.5184388160705566,
                        0.548285961151123,
                        0.5531913042068481,
                        0.5748810768127441,
                        0.5132745504379272,
                        0.49139726161956787,
                        0.48228365182876587
                    ],
                    [
                        0.7588527202606201,
                        0.6494287848472595,
                        0.3286161422729492,
                        0.38284945487976074,
                        0.4188775420188904,
                        0.5433538556098938,
                        0.4727153778076172,
                        0.5009273886680603,
                        0.6441749930381775,
                        0.6941799521446228,
                        0.5888022780418396,
                        0.6082112193107605,
                        0.6363972425460815,
                        0.6809564828872681,
                        0.6362642049789429,
                        0.4515194892883301,
                        0.5753830671310425,
                        0.587062656879425,
                        0.611651599407196,
                        0.6167437434196472
                    ],
                    [
                        0.7624716758728027,
                        0.5921975374221802,
                        0.4174845218658447,
                        0.3468143343925476,
                        0.43757176399230957,
                        0.5389972925186157,
                        0.49094143509864807,
                        0.48065927624702454,
                        0.6855245232582092,
                        0.661871612071991,
                        0.64990234375,
                        0.5864652395248413,
                        0.5874542593955994,
                        0.7011088132858276,
                        0.6952812671661377,
                        0.49976983666419983,
                        0.5235700011253357,
                        0.5132505297660828,
                        0.5863086581230164,
                        0.6683171987533569
                    ],
                    [
                        -0.827181875705719,
                        -0.7677047252655029,
                        -0.9490377306938171,
                        -1.0116229057312012,
                        -1.0706489086151123,
                        -1.078221321105957,
                        -1.1823375225067139,
                        -1.1893229484558105,
                        -1.2527692317962646,
                        -1.1895320415496826,
                        -1.1593174934387207,
                        -1.123098611831665,
                        -1.1022546291351318,
                        -0.9443240165710449,
                        -0.9515563249588013,
                        -0.9847019910812378,
                        -1.076523780822754,
                        -1.0104670524597168,
                        -1.0049352645874023,
                        -1.0773506164550781
                    ]
                ]
            ],
            "states": [
                [
                    [
                        5130264.0,
                        9.53052585828118e-06,
                        0.00017112551722675562,
                        484343.53125
                    ],
                    [
                        5473440.0,
                        9.464440154260956e-06,
                        0.00025726869353093207,
                        530369.25
                    ],
                    [
                        5615344.0,
                        9.396303539688233e-06,
                        0.000244751397985965,
                        507658.4375
                    ],
                    [
                        5705120.0,
                        9.327747648057994e-06,
                        0.0002547030453570187,
                        475297.125
                    ],
                    [
                        5661680.0,
                        9.25990843825275e-06,
                        0.0002602769818622619,
                        509474.46875
                    ],
                    [
                        5626928.0,
                        9.193505320581608e-06,
                        0.00028401854797266424,
                        512406.875
                    ],
                    [
                        7240000.0,
                        9.118992238654755e-06,
                        0.00026182830333709717,
                        473767.34375
                    ],
                    [
                        6098976.0,
                        9.042967576533556e-06,
                        0.00025427230866625905,
                        486137.84375
                    ],
                    [
                        5957072.0,
                        8.975355740403756e-06,
                        0.00025071317213587463,
                        481721.90625
                    ],
                    [
                        6045400.0,
                        8.909044481697492e-06,
                        0.000257556646829471,
                        512695.15625
                    ],
                    [
                        5554528.0,
                        8.845872798701748e-06,
                        0.0002534309751354158,
                        490408.03125
                    ],
                    [
                        5395248.0,
                        8.787061233306304e-06,
                        0.00019772094674408436,
                        502051.125
                    ],
                    [
                        6014992.0,
                        8.726612577447668e-06,
                        0.00023689404770266265,
                        496127.90625
                    ],
                    [
                        5615344.0,
                        8.665836503496394e-06,
                        0.00024040597782004625,
                        497831.1875
                    ],
                    [
                        5961416.0,
                        8.60618456499651e-06,
                        0.00023798528127372265,
                        498399.9375
                    ],
                    [
                        5690640.0,
                        8.546960089006461e-06,
                        0.0002599294239189476,
                        501903.53125
                    ],
                    [
                        6043952.0,
                        8.48813488119049e-06,
                        0.0002636733988765627,
                        501576.46875
                    ],
                    [
                        7975584.0,
                        8.418936886300799e-06,
                        0.00023683813924435526,
                        444337.65625
                    ],
                    [
                        5891912.0,
                        8.351544238394126e-06,
                        0.0002558637352194637,
                        498428.25
                    ],
                    [
                        6125040.0,
                        8.294033250422217e-06,
                        0.00024174025747925043,
                        501703.09375
                    ]
                ]
            ],
            "actions": [
                [
                    [
                        0.25
                    ],
                    [
                        0.25
                    ],
                    [
                        0.25
                    ],
                    [
                        0.25
                    ],
                    [
                        0.25
                    ],
                    [
                        0.25
                    ],
                    [
                        0.25
                    ],
                    [
                        0.25
                    ],
                    [
                        0.25
                    ],
                    [
                        0.25
                    ],
                    [
                        0.25
                    ],
                    [
                        0.25
                    ],
                    [
                        0.25
                    ],
                    [
                        0.25
                    ],
                    [
                        0.25
                    ],
                    [
                        0.25
                    ],
                    [
                        0.25
                    ],
                    [
                        0.25
                    ],
                    [
                        0.25
                    ],
                    [
                        0.25
                    ]
                ]
            ],
            "returns": [
                [
                    [
                        0.20859551429748535
                    ],
                    [
                        0.20766568183898926
                    ],
                    [
                        0.20673011243343353
                    ],
                    [
                        0.20579227805137634
                    ],
                    [
                        0.20485302805900574
                    ],
                    [
                        0.20391446352005005
                    ],
                    [
                        0.20297643542289734
                    ],
                    [
                        0.20201605558395386
                    ],
                    [
                        0.2010708898305893
                    ],
                    [
                        0.20012782514095306
                    ],
                    [
                        0.19918343424797058
                    ],
                    [
                        0.1982465535402298
                    ],
                    [
                        0.19731226563453674
                    ],
                    [
                        0.19636832177639008
                    ],
                    [
                        0.19543048739433289
                    ],
                    [
                        0.19448734819889069
                    ],
                    [
                        0.193548321723938
                    ],
                    [
                        0.1926039606332779
                    ],
                    [
                        0.19163501262664795
                    ],
                    [
                        0.19069290161132812
                    ]
                ]
            ],
            "timesteps": [
                [
                    400,
                    401,
                    402,
                    403,
                    404,
                    405,
                    406,
                    407,
                    408,
                    409,
                    410,
                    411,
                    412,
                    413,
                    414,
                    415,
                    416,
                    417,
                    418,
                    419
                ]
            ],
            "labels": [
                [
                    0,
                    0,
                    0,
                    0,
                    0,
                    0,
                    0,
                    0,
                    0,
                    0,
                    0,
                    0,
                    0,
                    0,
                    0,
                    0,
                    0,
                    0,
                    0,
                    0
                ]
            ],
            "CPU Usage": 45.4,
            "RAM Usage": 55.3,
            "GPU Usage": 0.0,
            "VRAM Usage": 355.0,
            "Disk Read Speed (MB/s)": 206067.3291015625,
            "Disk Write Speed (MB/s)": 375063.1494140625
        },
        {
            "step": 1,
            "train_loss": 0.03507024794816971,
            "actions_pred1": [
                [
                    [
                        0.47927412390708923,
                        0.6999436616897583,
                        0.5796635150909424,
                        -0.9877475500106812
                    ],
                    [
                        0.28121691942214966,
                        0.9439504742622375,
                        0.7554208040237427,
                        -1.2711540460586548
                    ],
                    [
                        0.5639564394950867,
                        1.2330760955810547,
                        0.6663416624069214,
                        -0.9367592930793762
                    ],
                    [
                        0.4175862669944763,
                        0.6585450172424316,
                        0.43951544165611267,
                        -1.0683069229125977
                    ],
                    [
                        0.34154191613197327,
                        0.6124538779258728,
                        0.4481925368309021,
                        -0.9777312278747559
                    ],
                    [
                        0.3028428554534912,
                        0.7410866022109985,
                        0.5756015777587891,
                        -1.0942199230194092
                    ],
                    [
                        0.30066221952438354,
                        0.7335931658744812,
                        0.543860137462616,
                        -1.0656371116638184
                    ],
                    [
                        0.20977067947387695,
                        1.1431026458740234,
                        0.3264618217945099,
                        -0.7479877471923828
                    ],
                    [
                        0.061194464564323425,
                        0.6718432903289795,
                        0.6311277747154236,
                        -1.1540573835372925
                    ],
                    [
                        -0.032144904136657715,
                        0.6917652487754822,
                        0.6383536458015442,
                        -0.9898991584777832
                    ],
                    [
                        0.009418189525604248,
                        0.8089795112609863,
                        0.5441279411315918,
                        -0.998075544834137
                    ],
                    [
                        -0.04296082258224487,
                        0.8066734671592712,
                        0.5388476252555847,
                        -1.097296953201294
                    ],
                    [
                        -0.177399680018425,
                        0.6709769368171692,
                        0.7355014085769653,
                        -1.2784724235534668
                    ],
                    [
                        0.055332913994789124,
                        0.6704390645027161,
                        0.7427023649215698,
                        -1.047849178314209
                    ],
                    [
                        0.0958985984325409,
                        0.6240276098251343,
                        0.593629777431488,
                        -1.0370383262634277
                    ],
                    [
                        -0.0436277911067009,
                        0.6071813106536865,
                        0.5745375156402588,
                        -1.042370319366455
                    ],
                    [
                        0.03578919172286987,
                        0.7665975093841553,
                        0.640438437461853,
                        -0.9466021656990051
                    ],
                    [
                        0.06466119736433029,
                        0.7721744179725647,
                        0.6723849773406982,
                        -0.9946425557136536
                    ],
                    [
                        0.06061137467622757,
                        0.885249137878418,
                        0.6158060431480408,
                        -0.9421679973602295
                    ],
                    [
                        0.17172925174236298,
                        0.9149390459060669,
                        0.6374842524528503,
                        -0.9398379325866699
                    ]
                ]
            ],
            "actions_pred": [
                [
                    [
                        0.47927412390708923,
                        0.28121691942214966,
                        0.5639564394950867,
                        0.4175862669944763,
                        0.34154191613197327,
                        0.3028428554534912,
                        0.30066221952438354,
                        0.20977067947387695,
                        0.061194464564323425,
                        -0.032144904136657715,
                        0.009418189525604248,
                        -0.04296082258224487,
                        -0.177399680018425,
                        0.055332913994789124,
                        0.0958985984325409,
                        -0.0436277911067009,
                        0.03578919172286987,
                        0.06466119736433029,
                        0.06061137467622757,
                        0.17172925174236298
                    ],
                    [
                        0.6999436616897583,
                        0.9439504742622375,
                        1.2330760955810547,
                        0.6585450172424316,
                        0.6124538779258728,
                        0.7410866022109985,
                        0.7335931658744812,
                        1.1431026458740234,
                        0.6718432903289795,
                        0.6917652487754822,
                        0.8089795112609863,
                        0.8066734671592712,
                        0.6709769368171692,
                        0.6704390645027161,
                        0.6240276098251343,
                        0.6071813106536865,
                        0.7665975093841553,
                        0.7721744179725647,
                        0.885249137878418,
                        0.9149390459060669
                    ],
                    [
                        0.5796635150909424,
                        0.7554208040237427,
                        0.6663416624069214,
                        0.43951544165611267,
                        0.4481925368309021,
                        0.5756015777587891,
                        0.543860137462616,
                        0.3264618217945099,
                        0.6311277747154236,
                        0.6383536458015442,
                        0.5441279411315918,
                        0.5388476252555847,
                        0.7355014085769653,
                        0.7427023649215698,
                        0.593629777431488,
                        0.5745375156402588,
                        0.640438437461853,
                        0.6723849773406982,
                        0.6158060431480408,
                        0.6374842524528503
                    ],
                    [
                        -0.9877475500106812,
                        -1.2711540460586548,
                        -0.9367592930793762,
                        -1.0683069229125977,
                        -0.9777312278747559,
                        -1.0942199230194092,
                        -1.0656371116638184,
                        -0.7479877471923828,
                        -1.1540573835372925,
                        -0.9898991584777832,
                        -0.998075544834137,
                        -1.097296953201294,
                        -1.2784724235534668,
                        -1.047849178314209,
                        -1.0370383262634277,
                        -1.042370319366455,
                        -0.9466021656990051,
                        -0.9946425557136536,
                        -0.9421679973602295,
                        -0.9398379325866699
                    ]
                ]
            ],
            "states": [
                [
                    [
                        5057864.0,
                        2.556295476097148e-05,
                        0.00012937834253534675,
                        777561.25
                    ],
                    [
                        5348912.0,
                        2.480310831742827e-05,
                        0.00013201982073951513,
                        791966.9375
                    ],
                    [
                        5101304.0,
                        2.4083872631308623e-05,
                        0.00013791865785606205,
                        790369.0625
                    ],
                    [
                        5538600.0,
                        2.3393640731228516e-05,
                        0.00014453318726737052,
                        780343.4375
                    ],
                    [
                        5412624.0,
                        2.272302663186565e-05,
                        0.00014699026360176504,
                        758450.9375
                    ],
                    [
                        5321400.0,
                        2.2102101866039447e-05,
                        0.00016071676509454846,
                        845866.875
                    ],
                    [
                        5683400.0,
                        2.1499938156921417e-05,
                        0.00016249381587840617,
                        821531.0
                    ],
                    [
                        5282304.0,
                        2.0931340259267017e-05,
                        0.0001488575799157843,
                        840709.875
                    ],
                    [
                        5545840.0,
                        2.0398911146912724e-05,
                        0.00016087492986116558,
                        823198.9375
                    ],
                    [
                        5474888.0,
                        1.9883997083525173e-05,
                        0.00016716374375391752,
                        838579.125
                    ],
                    [
                        5364840.0,
                        1.9402330508455634e-05,
                        0.00019032474665436894,
                        800380.6875
                    ],
                    [
                        5569008.0,
                        1.8939608708024025e-05,
                        0.00018542619363870472,
                        823891.875
                    ],
                    [
                        5332984.0,
                        1.849955879151821e-05,
                        0.000198170033399947,
                        846311.4375
                    ],
                    [
                        5224384.0,
                        1.8092512618750334e-05,
                        0.0001916241308208555,
                        900435.5625
                    ],
                    [
                        5133160.0,
                        1.771021015883889e-05,
                        0.0002063407882815227,
                        866428.5625
                    ],
                    [
                        5361944.0,
                        1.733909812173806e-05,
                        0.00023895764024928212,
                        862112.4375
                    ],
                    [
                        5535704.0,
                        1.6969803255051374e-05,
                        0.00025051896227523685,
                        868913.125
                    ],
                    [
                        5189632.0,
                        1.662127579038497e-05,
                        0.0002676467993296683,
                        810234.1875
                    ],
                    [
                        5453168.0,
                        1.6289424820570275e-05,
                        0.0002700872428249568,
                        842694.5
                    ],
                    [
                        5334432.0,
                        1.5966239516274072e-05,
                        0.0002660537720657885,
                        825795.9375
                    ]
                ]
            ],
            "actions": [
                [
                    [
                        0.75
                    ],
                    [
                        0.75
                    ],
                    [
                        0.75
                    ],
                    [
                        0.75
                    ],
                    [
                        0.75
                    ],
                    [
                        0.75
                    ],
                    [
                        0.75
                    ],
                    [
                        0.75
                    ],
                    [
                        0.75
                    ],
                    [
                        0.75
                    ],
                    [
                        0.75
                    ],
                    [
                        0.75
                    ],
                    [
                        0.75
                    ],
                    [
                        0.75
                    ],
                    [
                        0.75
                    ],
                    [
                        0.75
                    ],
                    [
                        0.75
                    ],
                    [
                        0.75
                    ],
                    [
                        0.75
                    ],
                    [
                        0.75
                    ]
                ]
            ],
            "returns": [
                [
                    [
                        0.5615583062171936
                    ],
                    [
                        0.5606297850608826
                    ],
                    [
                        0.5596962571144104
                    ],
                    [
                        0.5587669014930725
                    ],
                    [
                        0.557830274105072
                    ],
                    [
                        0.5568956732749939
                    ],
                    [
                        0.5559626221656799
                    ],
                    [
                        0.555023729801178
                    ],
                    [
                        0.5540912747383118
                    ],
                    [
                        0.5531545877456665
                    ],
                    [
                        0.5522189736366272
                    ],
                    [
                        0.5512851476669312
                    ],
                    [
                        0.5503480434417725
                    ],
                    [
                        0.5494148135185242
                    ],
                    [
                        0.5484833717346191
                    ],
                    [
                        0.5475534796714783
                    ],
                    [
                        0.546619713306427
                    ],
                    [
                        0.5456831455230713
                    ],
                    [
                        0.544752299785614
                    ],
                    [
                        0.5438170433044434
                    ]
                ]
            ],
            "timesteps": [
                [
                    20,
                    21,
                    22,
                    23,
                    24,
                    25,
                    26,
                    27,
                    28,
                    29,
                    30,
                    31,
                    32,
                    33,
                    34,
                    35,
                    36,
                    37,
                    38,
                    39
                ]
            ],
            "labels": [
                [
                    2,
                    2,
                    2,
                    2,
                    2,
                    2,
                    2,
                    2,
                    2,
                    2,
                    2,
                    2,
                    2,
                    2,
                    2,
                    2,
                    2,
                    2,
                    2,
                    2
                ]
            ],
            "CPU Usage": 46.9,
            "RAM Usage": 55.3,
            "GPU Usage": 0.0,
            "VRAM Usage": 356.0,
            "Disk Read Speed (MB/s)": 206067.3291015625,
            "Disk Write Speed (MB/s)": 375063.2001953125
        },
        {
            "step": 2,
            "train_loss": 0.048527445644140244,
            "actions_pred1": [
                [
                    [
                        0.27986985445022583,
                        0.5631704330444336,
                        0.7421955466270447,
                        -0.8938357830047607
                    ],
                    [
                        0.28485560417175293,
                        0.7451144456863403,
                        0.6795253753662109,
                        -0.6835589408874512
                    ],
                    [
                        0.19587557017803192,
                        0.6706283092498779,
                        0.40515467524528503,
                        -0.5383463501930237
                    ],
                    [
                        0.1684008687734604,
                        0.6556392312049866,
                        0.39771533012390137,
                        -0.6194148063659668
                    ],
                    [
                        0.2795589864253998,
                        0.6032887697219849,
                        0.5905722379684448,
                        -0.8051934838294983
                    ],
                    [
                        0.21361814439296722,
                        0.6452287435531616,
                        0.7485603094100952,
                        -0.7815935015678406
                    ],
                    [
                        0.1438853144645691,
                        0.5952817797660828,
                        0.8485825061798096,
                        -0.8632751703262329
                    ],
                    [
                        -0.0516127347946167,
                        0.6223358511924744,
                        0.8271044492721558,
                        -0.9018842577934265
                    ],
                    [
                        0.09290280938148499,
                        0.6663047671318054,
                        0.9079364538192749,
                        -0.8825511932373047
                    ],
                    [
                        0.05508607625961304,
                        0.6487170457839966,
                        1.0084196329116821,
                        -0.8814359903335571
                    ],
                    [
                        0.02462524175643921,
                        0.6346416473388672,
                        0.9246755838394165,
                        -0.9109036922454834
                    ],
                    [
                        0.3258451819419861,
                        0.4363783001899719,
                        0.9257165193557739,
                        -0.9406745433807373
                    ],
                    [
                        0.18612562119960785,
                        0.45219650864601135,
                        0.9167627096176147,
                        -0.8371263742446899
                    ],
                    [
                        0.19587822258472443,
                        0.41533008217811584,
                        0.8403704166412354,
                        -0.9552637338638306
                    ],
                    [
                        0.26773494482040405,
                        0.5402388572692871,
                        0.8185505270957947,
                        -0.8964190483093262
                    ],
                    [
                        0.2309914529323578,
                        0.5654293298721313,
                        0.8730915784835815,
                        -0.9874957799911499
                    ],
                    [
                        0.1926150768995285,
                        0.6737867593765259,
                        0.9004261493682861,
                        -0.9812829494476318
                    ],
                    [
                        0.21207167208194733,
                        0.6544226408004761,
                        0.8335742354393005,
                        -0.8614289164543152
                    ],
                    [
                        0.2084956169128418,
                        0.6023017168045044,
                        0.8857682943344116,
                        -0.9297187924385071
                    ],
                    [
                        0.22028864920139313,
                        0.45970237255096436,
                        0.8460946083068848,
                        -0.8676589727401733
                    ]
                ]
            ],
            "actions_pred": [
                [
                    [
                        0.27986985445022583,
                        0.28485560417175293,
                        0.19587557017803192,
                        0.1684008687734604,
                        0.2795589864253998,
                        0.21361814439296722,
                        0.1438853144645691,
                        -0.0516127347946167,
                        0.09290280938148499,
                        0.05508607625961304,
