{
    "steps": [
        {
            "step": 0,
            "train_loss": 0.03080952726304531,
            "actions_pred1": [
                [
                    [
                        0.701786994934082,
                        -0.018857598304748535,
                        0.5339692831039429,
                        -0.31715986132621765
                    ],
                    [
                        0.4360261857509613,
                        0.06478746235370636,
                        0.4964176416397095,
                        -0.17085516452789307
                    ],
                    [
                        0.25672298669815063,
                        0.3559190332889557,
                        0.6033935546875,
                        -0.24343225359916687
                    ],
                    [
                        0.26934805512428284,
                        0.27137303352355957,
                        0.6769939661026001,
                        -0.1831532120704651
                    ],
                    [
                        0.261504203081131,
                        0.21638844907283783,
                        0.6211869716644287,
                        -0.29647618532180786
                    ],
                    [
                        0.3305981159210205,
                        0.2383842170238495,
                        0.6709539294242859,
                        -0.36925750970840454
                    ],
                    [
                        0.23775096237659454,
                        0.16908994317054749,
                        0.7397927641868591,
                        -0.3583386242389679
                    ],
                    [
                        0.0631914958357811,
                        0.055906742811203,
                        0.702202320098877,
                        -0.4711100459098816
                    ],
                    [
                        0.18764588236808777,
                        -0.010604053735733032,
                        0.6356379389762878,
                        -0.44095146656036377
                    ],
                    [
                        0.21182973682880402,
                        0.18353191018104553,
                        0.8180774450302124,
                        -0.416564404964447
                    ],
                    [
                        0.19252192974090576,
                        0.26268470287323,
                        0.9442282319068909,
                        -0.3429252505302429
                    ],
                    [
                        0.38873064517974854,
                        0.2925034761428833,
                        0.7535213828086853,
                        -0.44340306520462036
                    ],
                    [
                        0.5343519449234009,
                        0.22708433866500854,
                        0.8424375057220459,
                        -0.5289841890335083
                    ],
                    [
                        0.42245620489120483,
                        0.1545303761959076,
                        0.5626851320266724,
                        -0.5626425743103027
                    ],
                    [
                        0.3179587721824646,
                        0.2099473476409912,
                        0.6713193655014038,
                        -0.4912137985229492
                    ],
                    [
                        0.42193663120269775,
                        -0.0059218630194664,
                        0.6570139527320862,
                        -0.48654380440711975
                    ],
                    [
                        0.4285377264022827,
                        0.14018996059894562,
                        0.6162275671958923,
                        -0.33620795607566833
                    ],
                    [
                        0.4069472849369049,
                        0.3169304132461548,
                        0.7127896547317505,
                        -0.24858532845973969
                    ],
                    [
                        0.3758390247821808,
                        0.38684841990470886,
                        0.7537789940834045,
                        -0.2105903923511505
                    ],
                    [
                        0.33508428931236267,
                        0.3608472943305969,
                        0.7453701496124268,
                        -0.28636887669563293
                    ]
                ]
            ],
            "actions_pred": [
                [
                    [
                        0.701786994934082,
                        0.4360261857509613,
                        0.25672298669815063,
                        0.26934805512428284,
                        0.261504203081131,
                        0.3305981159210205,
                        0.23775096237659454,
                        0.0631914958357811,
                        0.18764588236808777,
                        0.21182973682880402,
                        0.19252192974090576,
                        0.38873064517974854,
                        0.5343519449234009,
                        0.42245620489120483,
                        0.3179587721824646,
                        0.42193663120269775,
                        0.4285377264022827,
                        0.4069472849369049,
                        0.3758390247821808,
                        0.33508428931236267
                    ],
                    [
                        -0.018857598304748535,
                        0.06478746235370636,
                        0.3559190332889557,
                        0.27137303352355957,
                        0.21638844907283783,
                        0.2383842170238495,
                        0.16908994317054749,
                        0.055906742811203,
                        -0.010604053735733032,
                        0.18353191018104553,
                        0.26268470287323,
                        0.2925034761428833,
                        0.22708433866500854,
                        0.1545303761959076,
                        0.2099473476409912,
                        -0.0059218630194664,
                        0.14018996059894562,
                        0.3169304132461548,
                        0.38684841990470886,
                        0.3608472943305969
                    ],
                    [
                        0.5339692831039429,
                        0.4964176416397095,
                        0.6033935546875,
                        0.6769939661026001,
                        0.6211869716644287,
                        0.6709539294242859,
                        0.7397927641868591,
                        0.702202320098877,
                        0.6356379389762878,
                        0.8180774450302124,
                        0.9442282319068909,
                        0.7535213828086853,
                        0.8424375057220459,
                        0.5626851320266724,
                        0.6713193655014038,
                        0.6570139527320862,
                        0.6162275671958923,
                        0.7127896547317505,
                        0.7537789940834045,
                        0.7453701496124268
                    ],
                    [
                        -0.31715986132621765,
                        -0.17085516452789307,
                        -0.24343225359916687,
                        -0.1831532120704651,
                        -0.29647618532180786,
                        -0.36925750970840454,
                        -0.3583386242389679,
                        -0.4711100459098816,
                        -0.44095146656036377,
                        -0.416564404964447,
                        -0.3429252505302429,
                        -0.44340306520462036,
                        -0.5289841890335083,
                        -0.5626425743103027,
                        -0.4912137985229492,
                        -0.48654380440711975,
                        -0.33620795607566833,
                        -0.24858532845973969,
                        -0.2105903923511505,
                        -0.28636887669563293
                    ]
                ]
            ],
            "states": [
                [
                    [
                        5305472.0,
                        8.719099241716322e-06,
                        0.00013201982073951513,
                        847637.0625
                    ],
                    [
                        5427104.0,
                        8.626127055322286e-06,
                        0.00013791865785606205,
                        798609.0
                    ],
                    [
                        5450272.0,
                        8.533900654583704e-06,
                        0.00014453318726737052,
                        879716.5
                    ],
                    [
                        5114336.0,
                        8.446181709587108e-06,
                        0.00014699026360176504,
                        849232.5625
                    ],
                    [
                        5466200.0,
                        8.360139872820582e-06,
                        0.00016071676509454846,
                        823946.3125
                    ],
                    [
                        5315608.0,
                        8.27424355520634e-06,
                        0.00016249381587840617,
                        854104.0625
                    ],
                    [
                        5602312.0,
                        8.189044820028357e-06,
                        0.0001488575799157843,
                        832423.8125
                    ],
                    [
                        5063656.0,
                        8.107467692752834e-06,
                        0.00016087492986116558,
                        837260.4375
                    ],
                    [
                        5243208.0,
                        8.030191565921996e-06,
                        0.00016716374375391752,
                        847603.1875
                    ],
                    [
                        5813720.0,
                        7.948916390887462e-06,
                        0.00019032474665436894,
                        855439.25
                    ],
                    [
                        5408280.0,
                        7.868069587857462e-06,
                        0.00018542619363870472,
                        819410.4375
                    ],
                    [
                        5082480.0,
                        7.7939621405676e-06,
                        0.000198170033399947,
                        886572.3125
                    ],
                    [
                        5553080.0,
                        7.720262146904133e-06,
                        0.0001916241308208555,
                        834980.5
                    ],
                    [
                        5222936.0,
                        7.646989615750499e-06,
                        0.0002063407882815227,
                        810099.0
                    ],
                    [
                        5267824.0,
                        7.57698762754444e-06,
                        0.00023895764024928212,
                        771615.4375
                    ],
                    [
                        5292440.0,
                        7.507794634875609e-06,
                        0.00025051896227523685,
                        873322.6875
                    ],
                    [
                        5603760.0,
                        7.437720341840759e-06,
                        0.0002676467993296683,
                        855312.0625
                    ],
                    [
                        5289312.0,
                        7.368956630671164e-06,
                        0.0002700872428249568,
                        823382.9375
                    ],
                    [
                        5275296.0,
                        7.303467100427952e-06,
                        0.0002660537720657885,
                        780031.4375
                    ],
                    [
                        5143296.0,
                        7.240012109832605e-06,
                        0.00026454709586687386,
                        808306.8125
                    ]
                ]
            ],
            "actions": [
                [
                    [
                        0.75
                    ],
                    [
                        0.75
                    ],
                    [
                        0.75
                    ],
                    [
                        0.75
                    ],
                    [
                        0.75
                    ],
                    [
                        0.75
                    ],
                    [
                        0.75
                    ],
                    [
                        0.75
                    ],
                    [
                        0.75
                    ],
                    [
                        0.75
                    ],
                    [
                        0.75
                    ],
                    [
                        0.75
                    ],
                    [
                        0.75
                    ],
                    [
                        0.75
                    ],
                    [
                        0.75
                    ],
                    [
                        0.75
                    ],
                    [
                        0.75
                    ],
                    [
                        0.75
                    ],
                    [
                        0.75
                    ],
                    [
                        0.75
                    ]
                ]
            ],
            "returns": [
                [
                    [
                        0.5055230259895325
                    ],
                    [
                        0.5045902132987976
                    ],
                    [
                        0.5036553740501404
                    ],
                    [
                        0.5027201771736145
                    ],
                    [
                        0.5017906427383423
                    ],
                    [
                        0.5008551478385925
                    ],
                    [
                        0.4999221861362457
                    ],
                    [
                        0.49898457527160645
                    ],
                    [
                        0.49805590510368347
                    ],
                    [
                        0.4971241354942322
                    ],
                    [
                        0.49618321657180786
                    ],
                    [
                        0.4952487051486969
                    ],
                    [
                        0.49431970715522766
                    ],
                    [
                        0.49338284134864807
                    ],
                    [
                        0.49245142936706543
                    ],
                    [
                        0.4915192425251007
                    ],
                    [
                        0.49058666825294495
                    ],
                    [
                        0.4896489977836609
                    ],
                    [
                        0.4887164533138275
                    ],
                    [
                        0.48778414726257324
                    ]
                ]
            ],
            "timesteps": [
                [
                    80,
                    81,
                    82,
                    83,
                    84,
                    85,
                    86,
                    87,
                    88,
                    89,
                    90,
                    91,
                    92,
                    93,
                    94,
                    95,
                    96,
                    97,
                    98,
                    99
                ]
            ],
            "labels": [
                [
                    2,
                    2,
                    2,
                    2,
                    2,
                    2,
                    2,
                    2,
                    2,
                    2,
                    2,
                    2,
                    2,
                    2,
                    2,
                    2,
                    2,
                    2,
                    2,
                    2
                ]
            ],
            "CPU Usage": 46.5,
            "RAM Usage": 55.2,
            "GPU Usage": 0.0,
            "VRAM Usage": 355.0,
            "Disk Read Speed (MB/s)": 206044.3798828125,
            "Disk Write Speed (MB/s)": 359245.7900390625
        },
        {
            "step": 1,
            "train_loss": 0.04640469700098038,
            "actions_pred1": [
                [
                    [
                        0.4514145255088806,
                        -0.10411307215690613,
                        0.4854406714439392,
                        -0.12798571586608887
                    ],
                    [
                        0.34093236923217773,
                        0.13112792372703552,
                        0.6874313950538635,
                        -0.034801870584487915
                    ],
                    [
                        0.2698056399822235,
                        0.25982436537742615,
                        0.652461588382721,
                        -0.13014358282089233
                    ],
                    [
                        0.2726968228816986,
                        0.2401484102010727,
                        0.6778744459152222,
                        -0.1432894468307495
                    ],
                    [
                        0.3192113935947418,
                        0.29856839776039124,
                        0.6950856447219849,
                        -0.19954034686088562
                    ],
                    [
                        0.3729707598686218,
                        0.2240842580795288,
                        0.5932039022445679,
                        -0.239323228597641
                    ],
                    [
                        0.42881089448928833,
                        0.2844912111759186,
                        0.6701894402503967,
                        -0.32599347829818726
                    ],
                    [
                        0.431039959192276,
                        0.2446625977754593,
                        0.6148192286491394,
                        -0.28802618384361267
                    ],
                    [
                        0.30695727467536926,
                        0.16988569498062134,
                        0.6997901201248169,
                        -0.3450058698654175
                    ],
                    [
                        0.3126533031463623,
                        0.25381845235824585,
                        0.7529777884483337,
                        -0.37933194637298584
                    ],
                    [
                        0.1876668930053711,
                        0.11884866654872894,
                        0.836143434047699,
                        -0.531221866607666
                    ],
                    [
                        0.1065746322274208,
                        0.1444503515958786,
                        0.7065327763557434,
                        -0.5893588066101074
                    ],
                    [
                        0.1337548792362213,
                        0.19181911647319794,
                        0.6853405833244324,
                        -0.4930531978607178
                    ],
                    [
                        0.18161629140377045,
                        0.24518662691116333,
                        0.7586719989776611,
                        -0.399286687374115
                    ],
                    [
                        0.049719102680683136,
                        -0.029367636889219284,
                        0.7302976846694946,
                        -0.541710376739502
                    ],
                    [
                        0.1725100874900818,
                        -0.040709733963012695,
                        0.6892478466033936,
                        -0.5118426084518433
                    ],
                    [
                        0.16469116508960724,
                        0.07093183696269989,
                        0.7276550531387329,
                        -0.5448022484779358
                    ],
                    [
                        0.1535869836807251,
                        0.16647183895111084,
                        0.641666054725647,
                        -0.4211506247520447
                    ],
                    [
                        0.24170729517936707,
                        0.1502223163843155,
                        0.7517745494842529,
                        -0.4592139422893524
                    ],
                    [
                        0.24082663655281067,
                        0.16495221853256226,
                        0.714207649230957,
                        -0.4666365683078766
                    ]
                ]
            ],
            "actions_pred": [
                [
                    [
                        0.4514145255088806,
                        0.34093236923217773,
                        0.2698056399822235,
                        0.2726968228816986,
                        0.3192113935947418,
                        0.3729707598686218,
                        0.42881089448928833,
                        0.431039959192276,
                        0.30695727467536926,
                        0.3126533031463623,
                        0.1876668930053711,
                        0.1065746322274208,
                        0.1337548792362213,
                        0.18161629140377045,
                        0.049719102680683136,
                        0.1725100874900818,
                        0.16469116508960724,
                        0.1535869836807251,
                        0.24170729517936707,
                        0.24082663655281067
                    ],
                    [
                        -0.10411307215690613,
                        0.13112792372703552,
                        0.25982436537742615,
                        0.2401484102010727,
                        0.29856839776039124,
                        0.2240842580795288,
                        0.2844912111759186,
                        0.2446625977754593,
                        0.16988569498062134,
                        0.25381845235824585,
                        0.11884866654872894,
                        0.1444503515958786,
                        0.19181911647319794,
                        0.24518662691116333,
                        -0.029367636889219284,
                        -0.040709733963012695,
                        0.07093183696269989,
                        0.16647183895111084,
                        0.1502223163843155,
                        0.16495221853256226
                    ],
                    [
                        0.4854406714439392,
                        0.6874313950538635,
                        0.652461588382721,
                        0.6778744459152222,
                        0.6950856447219849,
                        0.5932039022445679,
                        0.6701894402503967,
                        0.6148192286491394,
                        0.6997901201248169,
                        0.7529777884483337,
                        0.836143434047699,
                        0.7065327763557434,
                        0.6853405833244324,
                        0.7586719989776611,
                        0.7302976846694946,
                        0.6892478466033936,
                        0.7276550531387329,
                        0.641666054725647,
                        0.7517745494842529,
                        0.714207649230957
                    ],
                    [
                        -0.12798571586608887,
                        -0.034801870584487915,
                        -0.13014358282089233,
                        -0.1432894468307495,
                        -0.19954034686088562,
                        -0.239323228597641,
                        -0.32599347829818726,
                        -0.28802618384361267,
                        -0.3450058698654175,
                        -0.37933194637298584,
                        -0.531221866607666,
                        -0.5893588066101074,
                        -0.4930531978607178,
                        -0.399286687374115,
                        -0.541710376739502,
                        -0.5118426084518433,
                        -0.5448022484779358,
                        -0.4211506247520447,
                        -0.4592139422893524,
                        -0.4666365683078766
                    ]
                ]
            ],
            "states": [
                [
                    [
                        6436360.0,
                        3.756791920750402e-05,
                        0.00023788119142409414,
                        525420.0
                    ],
                    [
                        5822408.0,
                        3.5673747333930805e-05,
                        0.0002484873402863741,
                        540076.8125
                    ],
                    [
                        6120696.0,
                        3.400527930352837e-05,
                        0.00025739934062585235,
                        546681.375
                    ],
                    [
                        6143632.0,
                        3.2446547265863046e-05,
                        0.00019004895875696093,
                        549135.1875
                    ],
                    [
                        6290344.0,
                        3.100591857219115e-05,
                        0.00022606240236200392,
                        515628.96875
                    ],
                    [
                        7225288.0,
                        2.9579521651612595e-05,
                        0.0002532026555854827,
                        501138.75
                    ],
                    [
                        5695216.0,
                        2.8330134227871895e-05,
                        0.0002667571825440973,
                        501280.09375
                    ],
                    [
                        6048296.0,
                        2.72848174063256e-05,
                        0.00026687141507864,
                        520591.84375
                    ],
                    [
                        5956840.0,
                        2.6292696929886006e-05,
                        0.0002529114135541022,
                        510954.5
                    ],
                    [
                        5511320.0,
                        2.5409783120267093e-05,
                        0.0002583715249784291,
                        498321.25
                    ],
                    [
                        7421000.0,
                        2.448467603244353e-05,
                        0.001365873496979475,
                        470548.53125
                    ],
                    [
                        6653560.0,
                        2.3549235265818425e-05,
                        0.0008239395683631301,
                        489404.40625
                    ],
                    [
                        5919424.0,
                        2.2772055672248825e-05,
                        0.0005388445570133626,
                        494672.6875
                    ],
                    [
                        6049744.0,
                        2.2078909751144238e-05,
                        0.0005018769879825413,
                        522203.84375
                    ],
                    [
                        5699328.0,
                        2.1438178009702824e-05,
                        0.0005396626074798405,
                        525676.375
                    ],
                    [
                        5907840.0,
                        2.084095285681542e-05,
                        0.00039070475031621754,
                        484434.71875
                    ],
                    [
                        7654128.0,
                        2.0184714230708778e-05,
                        0.00037147922557778656,
                        485244.75
                    ],
                    [
                        6171376.0,
                        1.9555423932615668e-05,
                        0.00035373689024709165,
                        520211.9375
                    ],
                    [
                        5359048.0,
                        1.9060054910369217e-05,
                        0.0003472233365755528,
                        514446.75
                    ],
                    [
                        5344568.0,
                        1.8622442439664155e-05,
                        0.00021890846255701035,
                        526664.75
                    ]
                ]
            ],
            "actions": [
                [
                    [
                        0.5
                    ],
                    [
                        0.5
                    ],
                    [
                        0.5
                    ],
                    [
                        0.5
                    ],
                    [
                        0.5
                    ],
                    [
                        0.5
                    ],
                    [
                        0.5
                    ],
                    [
                        0.5
                    ],
                    [
                        0.5
                    ],
                    [
                        0.5
                    ],
                    [
                        0.5
                    ],
                    [
                        0.5
                    ],
                    [
                        0.5
                    ],
                    [
                        0.5
                    ],
                    [
                        0.5
                    ],
                    [
                        0.5
                    ],
                    [
                        0.5
                    ],
                    [
                        0.5
                    ],
                    [
                        0.5
                    ],
                    [
                        0.5
                    ]
                ]
            ],
            "returns": [
                [
                    [
                        0.17125853896141052
                    ],
                    [
                        0.17030860483646393
                    ],
                    [
                        0.16936755180358887
                    ],
                    [
                        0.16842207312583923
                    ],
                    [
                        0.16747625172138214
                    ],
                    [
                        0.1665283590555191
                    ],
                    [
                        0.16556815803050995
                    ],
                    [
                        0.16462907195091248
                    ],
                    [
                        0.1636846512556076
                    ],
                    [
                        0.16274157166481018
                    ],
                    [
                        0.1618053913116455
                    ],
                    [
                        0.16084282100200653
                    ],
                    [
                        0.15988995134830475
                    ],
                    [
                        0.1589474231004715
                    ],
                    [
                        0.15800298750400543
                    ],
                    [
                        0.157063826918602
                    ],
                    [
                        0.15612147748470306
                    ],
                    [
                        0.1551561802625656
                    ],
                    [
                        0.15420997142791748
                    ],
                    [
                        0.153276264667511
                    ]
                ]
            ],
            "timesteps": [
                [
                    440,
                    441,
                    442,
                    443,
                    444,
                    445,
                    446,
                    447,
                    448,
                    449,
                    450,
                    451,
                    452,
                    453,
                    454,
                    455,
                    456,
                    457,
                    458,
                    459
                ]
            ],
            "labels": [
                [
                    1,
                    1,
                    1,
                    1,
                    1,
                    1,
                    1,
                    1,
                    1,
                    1,
                    1,
                    1,
                    1,
                    1,
                    1,
                    1,
                    1,
                    1,
                    1,
                    1
                ]
            ],
            "CPU Usage": 46.8,
            "RAM Usage": 55.4,
            "GPU Usage": 0.0,
            "VRAM Usage": 355.0,
            "Disk Read Speed (MB/s)": 206044.3798828125,
            "Disk Write Speed (MB/s)": 359245.9384765625
        },
        {
            "step": 2,
            "train_loss": 0.035224273800849915,
            "actions_pred1": [
                [
                    [
                        0.1839049756526947,
                        0.43965911865234375,
                        0.2859976291656494,
                        -0.0668167918920517
                    ],
                    [
                        0.538205623626709,
                        0.2650892734527588,
                        0.3369027376174927,
                        -0.1673586666584015
                    ],
                    [
                        0.41588303446769714,
                        0.30185768008232117,
                        0.31520435214042664,
                        -0.09776991605758667
                    ],
                    [
                        0.39739271998405457,
                        0.3067077398300171,
                        0.3325498104095459,
                        -0.13523906469345093
                    ],
                    [
                        0.3811192512512207,
                        0.23650531470775604,
                        0.3179168999195099,
                        -0.16225947439670563
                    ],
                    [
                        0.27473366260528564,
                        0.16247908771038055,
                        0.5422648787498474,
                        -0.009612619876861572
                    ],
                    [
                        0.38085412979125977,
                        0.06328579783439636,
                        0.5972405672073364,
                        0.04860621690750122
                    ],
                    [
                        0.40136826038360596,
                        0.07348743081092834,
                        0.5642229318618774,
                        0.03658297657966614
                    ],
                    [
                        0.32064372301101685,
                        0.1336762011051178,
                        0.5514955520629883,
                        -0.04523274302482605
                    ],
                    [
                        0.2909073829650879,
                        0.22004422545433044,
                        0.47883114218711853,
                        3.102421760559082e-05
                    ],
                    [
                        0.2908563017845154,
                        0.23268286883831024,
                        0.5142872333526611,
                        0.026510387659072876
                    ],
                    [
                        0.2653781473636627,
                        0.20930013060569763,
                        0.44869935512542725,
                        -0.12663182616233826
                    ],
                    [
                        0.1900668442249298,
                        0.19538846611976624,
                        0.3778975009918213,
                        -0.1009598970413208
                    ],
                    [
                        0.1926668882369995,
                        0.20349007844924927,
                        0.49831873178482056,
                        -0.0817616879940033
                    ],
                    [
                        0.0524023100733757,
                        -0.07878783345222473,
                        0.743647575378418,
                        -0.09278403222560883
                    ],
                    [
                        0.11265629529953003,
                        0.10515640676021576,
                        0.7412221431732178,
                        -0.13478323817253113
                    ],
                    [
                        0.09364783763885498,
                        0.14849019050598145,
                        0.644812822341919,
                        -0.1293979436159134
                    ],
                    [
                        0.1700943410396576,
                        0.22317928075790405,
                        0.5464392900466919,
                        -0.26317650079727173
                    ],
                    [
                        0.022869635373353958,
                        0.37014758586883545,
                        0.6601581573486328,
                        -0.35865622758865356
                    ],
                    [
                        0.14755749702453613,
                        0.2988473176956177,
                        0.599829375743866,
                        -0.24849876761436462
                    ]
                ]
            ],
            "actions_pred": [
                [
                    [
                        0.1839049756526947,
                        0.538205623626709,
                        0.41588303446769714,
                        0.39739271998405457,
                        0.3811192512512207,
                        0.27473366260528564,
                        0.38085412979125977,
                        0.40136826038360596,
