{
    "steps": [
        {
            "step": 0,
            "train_loss": 0.030381858348846436,
            "actions_pred1": [
                [
                    [
                        0.18782733380794525,
                        -0.015810072422027588,
                        0.5422720909118652,
                        0.12761490046977997
                    ],
                    [
                        -0.0839012861251831,
                        0.2952974736690521,
                        0.7171499729156494,
                        -0.012602165341377258
                    ],
                    [
                        -0.012829206883907318,
                        0.147543802857399,
                        0.7503529787063599,
                        0.2459050416946411
                    ],
                    [
                        0.09550385177135468,
                        -0.1724943220615387,
                        0.498775452375412,
                        0.022474393248558044
                    ],
                    [
                        -0.05565999448299408,
                        0.028909027576446533,
                        0.4461890459060669,
                        0.2265479862689972
                    ],
                    [
                        -0.10104404389858246,
                        0.185651034116745,
                        0.6222325563430786,
                        0.15343697369098663
                    ],
                    [
                        -0.07697029411792755,
                        0.16662096977233887,
                        0.6136913299560547,
                        0.162863627076149
                    ],
                    [
                        -0.2509725093841553,
                        0.14828021824359894,
                        0.5490419864654541,
                        0.2989615499973297
                    ],
                    [
                        -0.41050535440444946,
                        0.13306140899658203,
                        0.6293557286262512,
                        0.2883513271808624
                    ],
                    [
                        -0.4348953366279602,
                        0.06440488994121552,
                        0.6582374572753906,
                        0.2508038878440857
                    ],
                    [
                        -0.3683587312698364,
                        0.15028056502342224,
                        0.5581443905830383,
                        0.2477729320526123
                    ],
                    [
                        -0.4533049464225769,
                        0.13496100902557373,
                        0.5733858346939087,
                        0.17850379645824432
                    ],
                    [
                        -0.6180233955383301,
                        0.034165382385253906,
                        0.7736076712608337,
                        0.062186211347579956
                    ],
                    [
                        -0.3564491868019104,
                        0.03914976119995117,
                        0.807884693145752,
                        0.17917802929878235
                    ],
                    [
                        -0.32075035572052,
                        -0.0005531013011932373,
                        0.6654810309410095,
                        0.14260327816009521
                    ],
                    [
                        -0.47027426958084106,
                        0.0046890415251255035,
                        0.6474569439888,
                        0.12791389226913452
                    ],
                    [
                        -0.37417349219322205,
                        0.16208672523498535,
                        0.7240335941314697,
                        0.23754963278770447
                    ],
                    [
                        -0.36585187911987305,
                        0.16065722703933716,
                        0.7417161464691162,
                        0.21348798274993896
                    ],
                    [
                        -0.3663256764411926,
                        0.18428602814674377,
                        0.626173734664917,
                        0.2881072759628296
                    ],
                    [
                        -0.27831241488456726,
                        0.21394336223602295,
                        0.6637980937957764,
                        0.2997772693634033
                    ]
                ]
            ],
            "actions_pred": [
                [
                    [
                        0.18782733380794525,
                        -0.0839012861251831,
                        -0.012829206883907318,
                        0.09550385177135468,
                        -0.05565999448299408,
                        -0.10104404389858246,
                        -0.07697029411792755,
                        -0.2509725093841553,
                        -0.41050535440444946,
                        -0.4348953366279602,
                        -0.3683587312698364,
                        -0.4533049464225769,
                        -0.6180233955383301,
                        -0.3564491868019104,
                        -0.32075035572052,
                        -0.47027426958084106,
                        -0.37417349219322205,
                        -0.36585187911987305,
                        -0.3663256764411926,
                        -0.27831241488456726
                    ],
                    [
                        -0.015810072422027588,
                        0.2952974736690521,
                        0.147543802857399,
                        -0.1724943220615387,
                        0.028909027576446533,
                        0.185651034116745,
                        0.16662096977233887,
                        0.14828021824359894,
                        0.13306140899658203,
                        0.06440488994121552,
                        0.15028056502342224,
                        0.13496100902557373,
                        0.034165382385253906,
                        0.03914976119995117,
                        -0.0005531013011932373,
                        0.0046890415251255035,
                        0.16208672523498535,
                        0.16065722703933716,
                        0.18428602814674377,
                        0.21394336223602295
                    ],
                    [
                        0.5422720909118652,
                        0.7171499729156494,
                        0.7503529787063599,
                        0.498775452375412,
                        0.4461890459060669,
                        0.6222325563430786,
                        0.6136913299560547,
                        0.5490419864654541,
                        0.6293557286262512,
                        0.6582374572753906,
                        0.5581443905830383,
                        0.5733858346939087,
                        0.7736076712608337,
                        0.807884693145752,
                        0.6654810309410095,
                        0.6474569439888,
                        0.7240335941314697,
                        0.7417161464691162,
                        0.626173734664917,
                        0.6637980937957764
                    ],
                    [
                        0.12761490046977997,
                        -0.012602165341377258,
                        0.2459050416946411,
                        0.022474393248558044,
                        0.2265479862689972,
                        0.15343697369098663,
                        0.162863627076149,
                        0.2989615499973297,
                        0.2883513271808624,
                        0.2508038878440857,
                        0.2477729320526123,
                        0.17850379645824432,
                        0.062186211347579956,
                        0.17917802929878235,
                        0.14260327816009521,
                        0.12791389226913452,
                        0.23754963278770447,
                        0.21348798274993896,
                        0.2881072759628296,
                        0.2997772693634033
                    ]
                ]
            ],
            "states": [
                [
                    [
                        5057864.0,
                        2.556295476097148e-05,
                        0.00012937834253534675,
                        777561.25
                    ],
                    [
                        5348912.0,
                        2.480310831742827e-05,
                        0.00013201982073951513,
                        791966.9375
                    ],
                    [
                        5101304.0,
                        2.4083872631308623e-05,
                        0.00013791865785606205,
                        790369.0625
                    ],
                    [
                        5538600.0,
                        2.3393640731228516e-05,
                        0.00014453318726737052,
                        780343.4375
                    ],
                    [
                        5412624.0,
                        2.272302663186565e-05,
                        0.00014699026360176504,
                        758450.9375
                    ],
                    [
                        5321400.0,
                        2.2102101866039447e-05,
                        0.00016071676509454846,
                        845866.875
                    ],
                    [
                        5683400.0,
                        2.1499938156921417e-05,
                        0.00016249381587840617,
                        821531.0
                    ],
                    [
                        5282304.0,
                        2.0931340259267017e-05,
                        0.0001488575799157843,
                        840709.875
                    ],
                    [
                        5545840.0,
                        2.0398911146912724e-05,
                        0.00016087492986116558,
                        823198.9375
                    ],
                    [
                        5474888.0,
                        1.9883997083525173e-05,
                        0.00016716374375391752,
                        838579.125
                    ],
                    [
                        5364840.0,
                        1.9402330508455634e-05,
                        0.00019032474665436894,
                        800380.6875
                    ],
                    [
                        5569008.0,
                        1.8939608708024025e-05,
                        0.00018542619363870472,
                        823891.875
                    ],
                    [
                        5332984.0,
                        1.849955879151821e-05,
                        0.000198170033399947,
                        846311.4375
                    ],
                    [
                        5224384.0,
                        1.8092512618750334e-05,
                        0.0001916241308208555,
                        900435.5625
                    ],
                    [
                        5133160.0,
                        1.771021015883889e-05,
                        0.0002063407882815227,
                        866428.5625
                    ],
                    [
                        5361944.0,
                        1.733909812173806e-05,
                        0.00023895764024928212,
                        862112.4375
                    ],
                    [
                        5535704.0,
                        1.6969803255051374e-05,
                        0.00025051896227523685,
                        868913.125
                    ],
                    [
                        5189632.0,
                        1.662127579038497e-05,
                        0.0002676467993296683,
                        810234.1875
                    ],
                    [
                        5453168.0,
                        1.6289424820570275e-05,
                        0.0002700872428249568,
                        842694.5
                    ],
                    [
                        5334432.0,
                        1.5966239516274072e-05,
                        0.0002660537720657885,
                        825795.9375
                    ]
                ]
            ],
            "actions": [
                [
                    [
                        0.75
                    ],
                    [
                        0.75
                    ],
                    [
                        0.75
                    ],
                    [
                        0.75
                    ],
                    [
                        0.75
                    ],
                    [
                        0.75
                    ],
                    [
                        0.75
                    ],
                    [
                        0.75
                    ],
                    [
                        0.75
                    ],
                    [
                        0.75
                    ],
                    [
                        0.75
                    ],
                    [
                        0.75
                    ],
                    [
                        0.75
                    ],
                    [
                        0.75
                    ],
                    [
                        0.75
                    ],
                    [
                        0.75
                    ],
                    [
                        0.75
                    ],
                    [
                        0.75
                    ],
                    [
                        0.75
                    ],
                    [
                        0.75
                    ]
                ]
            ],
            "returns": [
                [
                    [
                        0.5615583062171936
                    ],
                    [
                        0.5606297850608826
                    ],
                    [
                        0.5596962571144104
                    ],
                    [
                        0.5587669014930725
                    ],
                    [
                        0.557830274105072
                    ],
                    [
                        0.5568956732749939
                    ],
                    [
                        0.5559626221656799
                    ],
                    [
                        0.555023729801178
                    ],
                    [
                        0.5540912747383118
                    ],
                    [
                        0.5531545877456665
                    ],
                    [
                        0.5522189736366272
                    ],
                    [
                        0.5512851476669312
                    ],
                    [
                        0.5503480434417725
                    ],
                    [
                        0.5494148135185242
                    ],
                    [
                        0.5484833717346191
                    ],
                    [
                        0.5475534796714783
                    ],
                    [
                        0.546619713306427
                    ],
                    [
                        0.5456831455230713
                    ],
                    [
                        0.544752299785614
                    ],
                    [
                        0.5438170433044434
                    ]
                ]
            ],
            "timesteps": [
                [
                    20,
                    21,
                    22,
                    23,
                    24,
                    25,
                    26,
                    27,
                    28,
                    29,
                    30,
                    31,
                    32,
                    33,
                    34,
                    35,
                    36,
                    37,
                    38,
                    39
                ]
            ],
            "labels": [
                [
                    2,
                    2,
                    2,
                    2,
                    2,
                    2,
                    2,
                    2,
                    2,
                    2,
                    2,
                    2,
                    2,
                    2,
                    2,
                    2,
                    2,
                    2,
                    2,
                    2
                ]
            ],
            "CPU Usage": 45.2,
            "RAM Usage": 55.5,
            "GPU Usage": 0.0,
            "VRAM Usage": 355.0,
            "Disk Read Speed (MB/s)": 206025.2158203125,
            "Disk Write Speed (MB/s)": 345743.0009765625
        },
        {
            "step": 1,
            "train_loss": 0.051131587475538254,
            "actions_pred1": [
                [
                    [
                        -0.03230464458465576,
                        0.10508373379707336,
                        0.5069173574447632,
                        1.1545974016189575
                    ],
                    [
                        0.10437281429767609,
                        0.17286881804466248,
                        0.2553938627243042,
                        1.1519746780395508
                    ],
                    [
                        -0.0522172749042511,
                        0.2260146141052246,
                        0.34296688437461853,
                        0.8627391457557678
                    ],
                    [
                        -0.14040063321590424,
                        0.23497995734214783,
                        0.3865365982055664,
                        0.8195681571960449
                    ],
                    [
                        -0.1499686986207962,
                        0.31552451848983765,
                        0.43362951278686523,
                        0.800270676612854
                    ],
                    [
                        -0.12910594046115875,
                        0.32000139355659485,
                        0.5365403294563293,
                        0.6851104497909546
                    ],
                    [
                        -0.15025188028812408,
                        0.34320247173309326,
                        0.5463190674781799,
                        0.7029759883880615
                    ],
                    [
                        -0.09797966480255127,
                        -0.03365287184715271,
                        0.5563408732414246,
                        0.6648880243301392
                    ],
                    [
                        -0.023786626756191254,
                        -0.01426127552986145,
                        0.577579140663147,
                        0.6769619584083557
                    ],
                    [
                        -0.13146403431892395,
                        0.06031288206577301,
                        0.6848485469818115,
                        0.588146448135376
                    ],
                    [
                        -0.2206944227218628,
                        0.09961728006601334,
                        0.6200863122940063,
                        0.5925390720367432
                    ],
                    [
                        -0.23671704530715942,
                        0.16106314957141876,
                        0.5313328504562378,
                        0.7138224244117737
                    ],
                    [
                        -0.2987160086631775,
                        0.08761505782604218,
                        0.5113940238952637,
                        0.6608418226242065
                    ],
                    [
                        -0.24011622369289398,
                        0.061113983392715454,
                        0.5771588683128357,
                        0.734490156173706
                    ],
                    [
                        -0.30109456181526184,
                        -0.04404285550117493,
                        0.5516921281814575,
                        0.6598827242851257
                    ],
                    [
                        -0.18556705117225647,
                        0.10560961067676544,
                        0.5459038615226746,
                        0.6730491518974304
                    ],
                    [
                        -0.34675151109695435,
                        0.01401752233505249,
                        0.5886695981025696,
                        0.6695177555084229
                    ],
                    [
                        -0.39718469977378845,
                        -0.023147866129875183,
                        0.5838811993598938,
                        0.6733387112617493
                    ],
                    [
                        -0.3548860549926758,
                        0.046472348272800446,
                        0.6394599676132202,
                        0.4070144295692444
                    ],
                    [
                        -0.16546203196048737,
                        0.0992395356297493,
                        0.7297304272651672,
                        0.567044198513031
                    ]
                ]
            ],
            "actions_pred": [
                [
                    [
                        -0.03230464458465576,
                        0.10437281429767609,
                        -0.0522172749042511,
                        -0.14040063321590424,
                        -0.1499686986207962,
                        -0.12910594046115875,
                        -0.15025188028812408,
                        -0.09797966480255127,
                        -0.023786626756191254,
                        -0.13146403431892395,
                        -0.2206944227218628,
                        -0.23671704530715942,
                        -0.2987160086631775,
                        -0.24011622369289398,
                        -0.30109456181526184,
                        -0.18556705117225647,
                        -0.34675151109695435,
                        -0.39718469977378845,
                        -0.3548860549926758,
                        -0.16546203196048737
                    ],
                    [
                        0.10508373379707336,
                        0.17286881804466248,
                        0.2260146141052246,
                        0.23497995734214783,
                        0.31552451848983765,
                        0.32000139355659485,
                        0.34320247173309326,
                        -0.03365287184715271,
                        -0.01426127552986145,
                        0.06031288206577301,
                        0.09961728006601334,
                        0.16106314957141876,
                        0.08761505782604218,
                        0.061113983392715454,
                        -0.04404285550117493,
                        0.10560961067676544,
                        0.01401752233505249,
                        -0.023147866129875183,
                        0.046472348272800446,
                        0.0992395356297493
                    ],
                    [
                        0.5069173574447632,
                        0.2553938627243042,
                        0.34296688437461853,
                        0.3865365982055664,
                        0.43362951278686523,
                        0.5365403294563293,
                        0.5463190674781799,
                        0.5563408732414246,
                        0.577579140663147,
                        0.6848485469818115,
                        0.6200863122940063,
                        0.5313328504562378,
                        0.5113940238952637,
                        0.5771588683128357,
                        0.5516921281814575,
                        0.5459038615226746,
                        0.5886695981025696,
                        0.5838811993598938,
                        0.6394599676132202,
                        0.7297304272651672
                    ],
                    [
                        1.1545974016189575,
                        1.1519746780395508,
                        0.8627391457557678,
                        0.8195681571960449,
                        0.800270676612854,
                        0.6851104497909546,
                        0.7029759883880615,
                        0.6648880243301392,
                        0.6769619584083557,
                        0.588146448135376,
                        0.5925390720367432,
                        0.7138224244117737,
                        0.6608418226242065,
                        0.734490156173706,
                        0.6598827242851257,
                        0.6730491518974304,
                        0.6695177555084229,
                        0.6733387112617493,
                        0.4070144295692444,
                        0.567044198513031
                    ]
                ]
            ],
            "states": [
                [
                    [
                        5059312.0,
                        9.1049492766615e-05,
                        0.0002829945588018745,
                        570940.9375
                    ],
                    [
                        5117232.0,
                        8.226631325669587e-05,
                        0.00027779326774179935,
                        553102.75
                    ],
                    [
                        5535704.0,
                        7.472792640328407e-05,
                        0.00029917724896222353,
                        546738.9375
                    ],
                    [
                        4970984.0,
                        6.851889338577166e-05,
                        0.00037997434264980257,
                        615590.1875
                    ],
                    [
                        2654184.0,
                        6.460718577727675e-05,
                        0.00029415389872156084,
                        481818.0625
                    ],
                    [
                        4494592.0,
                        6.135837611509487e-05,
                        0.00029440681100822985,
                        522992.78125
                    ],
                    [
                        4348344.0,
                        5.774946475867182e-05,
                        0.00028164629475213587,
                        491780.875
                    ],
                    [
                        4933336.0,
                        5.439664164441638e-05,
                        0.00027785348356701434,
                        520398.875
                    ],
                    [
                        4701656.0,
                        5.129960845806636e-05,
                        0.00038381022750400007,
                        575110.6875
                    ],
                    [
                        4578576.0,
                        4.8633406549924985e-05,
                        0.0002961547579616308,
                        495802.21875
                    ],
                    [
                        3149400.0,
                        4.661144339479506e-05,
                        0.00029962105327285826,
                        505119.28125
                    ],
                    [
                        4999944.0,
                        4.466465179575607e-05,
                        0.00029777659801766276,
                        484590.125
                    ],
                    [
                        5011528.0,
                        4.247795732226223e-05,
                        0.0002728095860220492,
                        482498.96875
                    ],
                    [
                        5127368.0,
                        4.047168113174848e-05,
                        0.0002930021146312356,
                        492467.5625
                    ],
                    [
                        5149088.0,
                        3.862225275952369e-05,
                        0.0005929499748162925,
                        510973.59375
                    ],
                    [
                        3434656.0,
                        3.7198835343588144e-05,
                        0.00017766767996363342,
                        518040.0625
                    ],
                    [
                        4734960.0,
                        3.594371446524747e-05,
                        0.00018339134112466127,
                        483570.8125
                    ],
                    [
                        4713240.0,
                        3.459137587924488e-05,
                        0.00019205290300305933,
                        485131.46875
                    ],
                    [
                        5099856.0,
                        3.3291154977632686e-05,
                        0.0002024973655352369,
                        498759.9375
                    ],
                    [
                        5243208.0,
                        3.2021918741520494e-05,
                        0.0002613598189782351,
                        496721.28125
                    ]
                ]
            ],
            "actions": [
                [
                    [
                        0.5
                    ],
                    [
                        0.5
                    ],
                    [
                        0.5
                    ],
                    [
                        0.5
                    ],
                    [
                        0.5
                    ],
                    [
                        0.5
                    ],
                    [
                        0.5
                    ],
                    [
                        0.5
                    ],
                    [
                        0.5
                    ],
                    [
                        0.5
                    ],
                    [
                        0.5
                    ],
                    [
                        0.5
                    ],
                    [
                        0.5
                    ],
                    [
                        0.5
                    ],
                    [
                        0.5
                    ],
                    [
                        0.5
                    ],
                    [
                        0.5
                    ],
                    [
                        0.5
                    ],
                    [
                        0.5
                    ],
                    [
                        0.5
                    ]
                ]
            ],
            "returns": [
                [
                    [
                        0.4691389203071594
                    ],
                    [
                        0.4682103097438812
                    ],
                    [
                        0.46728071570396423
                    ],
                    [
                        0.46634411811828613
                    ],
                    [
                        0.4654170870780945
                    ],
                    [
                        0.46454569697380066
                    ],
                    [
                        0.46362757682800293
                    ],
                    [
                        0.4627124071121216
                    ],
                    [
                        0.46178606152534485
                    ],
                    [
                        0.46086394786834717
                    ],
                    [
                        0.4599442183971405
                    ],
                    [
                        0.45905765891075134
                    ],
                    [
                        0.4581300914287567
                    ],
                    [
                        0.45720234513282776
                    ],
                    [
                        0.45627257227897644
                    ],
                    [
                        0.4553424119949341
                    ],
                    [
                        0.4544481337070465
                    ],
                    [
                        0.4535254240036011
                    ],
                    [
                        0.4526031017303467
                    ],
                    [
                        0.45167380571365356
                    ]
                ]
            ],
            "timesteps": [
                [
                    120,
                    121,
                    122,
                    123,
                    124,
                    125,
                    126,
                    127,
                    128,
                    129,
                    130,
                    131,
                    132,
                    133,
                    134,
                    135,
                    136,
                    137,
                    138,
                    139
                ]
            ],
            "labels": [
                [
                    1,
                    1,
                    1,
                    1,
                    1,
                    1,
                    1,
                    1,
                    1,
                    1,
                    1,
                    1,
                    1,
                    1,
                    1,
                    1,
                    1,
                    1,
                    1,
                    1
                ]
            ],
            "CPU Usage": 47.2,
            "RAM Usage": 55.6,
            "GPU Usage": 0.0,
            "VRAM Usage": 356.0,
            "Disk Read Speed (MB/s)": 206025.2158203125,
            "Disk Write Speed (MB/s)": 345743.2041015625
        },
        {
            "step": 2,
            "train_loss": 0.05091111734509468,
            "actions_pred1": [
                [
                    [
                        0.09965161979198456,
                        -0.22363413870334625,
                        0.5731807351112366,
                        0.25446465611457825
                    ],
                    [
                        -0.016162320971488953,
                        0.012535825371742249,
                        0.7639200091362,
                        0.341838002204895
                    ],
                    [
                        -0.11319787055253983,
                        0.12219834327697754,
                        0.7383974194526672,
                        0.26705580949783325
                    ],
                    [
                        -0.11916416883468628,
                        0.09479286521673203,
                        0.7740098237991333,
                        0.263915479183197
                    ],
                    [
                        -0.07096216082572937,
                        0.1520404815673828,
                        0.7948470711708069,
                        0.2106875777244568
                    ],
                    [
                        -0.024849839508533478,
                        0.08340737223625183,
                        0.6948549151420593,
                        0.17505747079849243
                    ],
                    [
                        0.03418731689453125,
                        0.12977559864521027,
                        0.7679274678230286,
                        0.09249851107597351
                    ],
                    [
                        0.04064479470252991,
                        0.08688358962535858,
                        0.7123534083366394,
                        0.12553545832633972
                    ],
                    [
                        -0.08154907822608948,
                        0.01646312326192856,
                        0.8019508719444275,
                        0.06268098950386047
                    ],
                    [
                        -0.07936743646860123,
                        0.10594543814659119,
                        0.8649645447731018,
                        0.029662251472473145
                    ],
                    [
                        -0.20413313806056976,
                        -0.025064341723918915,
                        0.940546452999115,
                        -0.11606857180595398
                    ],
                    [
                        -0.27856960892677307,
                        -0.0006831586360931396,
                        0.8008918762207031,
                        -0.16034084558486938
                    ],
                    [
                        -0.26031264662742615,
                        0.04601770639419556,
                        0.7841371893882751,
                        -0.06175088882446289
                    ],
                    [
                        -0.20092478394508362,
                        0.09993428736925125,
                        0.8601055145263672,
                        0.018829047679901123
                    ],
                    [
                        -0.34781187772750854,
                        -0.1831085979938507,
                        0.8374978303909302,
                        -0.09184116125106812
                    ],
                    [
                        -0.22413459420204163,
                        -0.19023145735263824,
                        0.796290397644043,
                        -0.06909734010696411
                    ],
                    [
                        -0.241197407245636,
                        -0.07201451063156128,
                        0.8376694321632385,
                        -0.10035952925682068
                    ],
                    [
                        -0.2595711946487427,
                        0.01927926391363144,
                        0.7581613659858704,
                        0.00865587592124939
                    ],
                    [
                        -0.1795017421245575,
                        -0.00025315582752227783,
                        0.8549253344535828,
                        -0.019963860511779785
                    ],
                    [
                        -0.18337368965148926,
                        0.011230036616325378,
                        0.8133918642997742,
                        -0.024637192487716675
                    ]
                ]
            ],
            "actions_pred": [
                [
                    [
                        0.09965161979198456,
                        -0.016162320971488953,
                        -0.11319787055253983,
                        -0.11916416883468628,
                        -0.07096216082572937,
                        -0.024849839508533478,
