{
    "steps": [
        {
            "step": 0,
            "train_loss": 0.04790611192584038,
            "actions_pred1": [
                [
                    [
                        0.467782586812973,
                        0.6876140832901001,
                        1.3110852241516113,
                        -1.7740354537963867
                    ],
                    [
                        0.3357124328613281,
                        0.8373562693595886,
                        1.2402325868606567,
                        -1.6054387092590332
                    ],
                    [
                        0.28883886337280273,
                        0.7523748874664307,
                        1.3470730781555176,
                        -1.5832725763320923
                    ],
                    [
                        0.44585683941841125,
                        0.688907265663147,
                        1.2464842796325684,
                        -1.4977083206176758
                    ],
                    [
                        0.36625421047210693,
                        0.7434568405151367,
                        1.2203477621078491,
                        -1.6078681945800781
                    ],
                    [
                        0.5628849864006042,
                        0.7483825087547302,
                        1.1357678174972534,
                        -1.5049138069152832
                    ],
                    [
                        0.6685240864753723,
                        0.7792894840240479,
                        1.206023931503296,
                        -1.527012586593628
                    ],
                    [
                        0.6859940886497498,
                        0.7037848830223083,
                        1.2608875036239624,
                        -1.7789843082427979
                    ],
                    [
                        0.6507763862609863,
                        0.784094512462616,
                        1.413748025894165,
                        -1.8842558860778809
                    ],
                    [
                        0.4655008912086487,
                        0.9017293453216553,
                        1.4576995372772217,
                        -1.7722480297088623
                    ],
                    [
                        0.42070871591567993,
                        0.9221094846725464,
                        1.1059470176696777,
                        -1.8078826665878296
                    ],
                    [
                        0.4685679078102112,
                        0.8215017318725586,
                        1.1330139636993408,
                        -1.6772499084472656
                    ],
                    [
                        0.5084401965141296,
                        0.8897496461868286,
                        1.1941254138946533,
                        -1.64252507686615
                    ],
                    [
                        0.4614305794239044,
                        0.8907874226570129,
                        1.0367075204849243,
                        -1.5105291604995728
                    ],
                    [
                        0.44196975231170654,
                        0.811112105846405,
                        1.0801042318344116,
                        -1.6033952236175537
                    ],
                    [
                        0.43442869186401367,
                        0.9876699447631836,
                        1.082842230796814,
                        -1.8966269493103027
                    ],
                    [
                        0.38228940963745117,
                        0.9844295978546143,
                        1.2203264236450195,
                        -1.921722650527954
                    ],
                    [
                        0.42527514696121216,
                        0.9010887742042542,
                        1.2298351526260376,
                        -1.7332789897918701
                    ],
                    [
                        0.4148448705673218,
                        0.9267428517341614,
                        1.1611818075180054,
                        -1.6899783611297607
                    ],
                    [
                        0.6421575546264648,
                        0.8245082497596741,
                        1.053166151046753,
                        -1.8042263984680176
                    ]
                ]
            ],
            "actions_pred": [
                [
                    [
                        0.467782586812973,
                        0.3357124328613281,
                        0.28883886337280273,
                        0.44585683941841125,
                        0.36625421047210693,
                        0.5628849864006042,
                        0.6685240864753723,
                        0.6859940886497498,
                        0.6507763862609863,
                        0.4655008912086487,
                        0.42070871591567993,
                        0.4685679078102112,
                        0.5084401965141296,
                        0.4614305794239044,
                        0.44196975231170654,
                        0.43442869186401367,
                        0.38228940963745117,
                        0.42527514696121216,
                        0.4148448705673218,
                        0.6421575546264648
                    ],
                    [
                        0.6876140832901001,
                        0.8373562693595886,
                        0.7523748874664307,
                        0.688907265663147,
                        0.7434568405151367,
                        0.7483825087547302,
                        0.7792894840240479,
                        0.7037848830223083,
                        0.784094512462616,
                        0.9017293453216553,
                        0.9221094846725464,
                        0.8215017318725586,
                        0.8897496461868286,
                        0.8907874226570129,
                        0.811112105846405,
                        0.9876699447631836,
                        0.9844295978546143,
                        0.9010887742042542,
                        0.9267428517341614,
                        0.8245082497596741
                    ],
                    [
                        1.3110852241516113,
                        1.2402325868606567,
                        1.3470730781555176,
                        1.2464842796325684,
                        1.2203477621078491,
                        1.1357678174972534,
                        1.206023931503296,
                        1.2608875036239624,
                        1.413748025894165,
                        1.4576995372772217,
                        1.1059470176696777,
                        1.1330139636993408,
                        1.1941254138946533,
                        1.0367075204849243,
                        1.0801042318344116,
                        1.082842230796814,
                        1.2203264236450195,
                        1.2298351526260376,
                        1.1611818075180054,
                        1.053166151046753
                    ],
                    [
                        -1.7740354537963867,
                        -1.6054387092590332,
                        -1.5832725763320923,
                        -1.4977083206176758,
                        -1.6078681945800781,
                        -1.5049138069152832,
                        -1.527012586593628,
                        -1.7789843082427979,
                        -1.8842558860778809,
                        -1.7722480297088623,
                        -1.8078826665878296,
                        -1.6772499084472656,
                        -1.64252507686615,
                        -1.5105291604995728,
                        -1.6033952236175537,
                        -1.8966269493103027,
                        -1.921722650527954,
                        -1.7332789897918701,
                        -1.6899783611297607,
                        -1.8042263984680176
                    ]
                ]
            ],
            "states": [
                [
                    [
                        492320.0,
                        0.00014767394168302417,
                        0.018082506954669952,
                        363027.84375
                    ],
                    [
                        506800.0,
                        0.00014520809054374695,
                        0.01018515508621931,
                        441748.1875
                    ],
                    [
                        501008.0,
                        0.00014280257164500654,
                        0.009355437941849232,
                        481891.75
                    ],
                    [
                        543000.0,
                        0.00014039389498066157,
                        0.008023547939956188,
                        309271.0625
                    ],
                    [
                        571960.0,
                        0.00013790946104563773,
                        0.007616695482283831,
                        326690.1875
                    ],
                    [
                        626984.0,
                        0.00013533451419789344,
                        0.00705355079844594,
                        304830.28125
                    ],
                    [
                        582096.0,
                        0.00013283209409564734,
                        0.006484133191406727,
                        283344.0
                    ],
                    [
                        638568.0,
                        0.00013039908662904054,
                        0.005326922982931137,
                        341204.21875
                    ],
                    [
                        584992.0,
                        0.00012804687139578164,
                        0.005689277779310942,
                        350770.6875
                    ],
                    [
                        631328.0,
                        0.00012579229951370507,
                        0.0069713592529296875,
                        304207.3125
                    ],
                    [
                        438744.0,
                        0.00012387130118440837,
                        0.005918858107179403,
                        445445.40625
                    ],
                    [
                        682008.0,
                        0.00012192520807730034,
                        0.005743528250604868,
                        443906.625
                    ],
                    [
                        894864.0,
                        0.00011928792810067534,
                        0.007119554560631514,
                        502220.71875
                    ],
                    [
                        799296.0,
                        0.00011657496361294761,
                        0.006755398586392403,
                        559882.4375
                    ],
                    [
                        1003464.0,
                        0.000113823996798601,
                        0.007165591698139906,
                        431313.21875
                    ],
                    [
                        990432.0,
                        0.00011092599743278697,
                        0.006897749379277229,
                        501689.5625
                    ],
                    [
                        1185912.0,
                        0.00010792924149427563,
                        0.00677958969026804,
                        421160.84375
                    ],
                    [
                        1324920.0,
                        0.00010466613457538188,
                        0.006738434080034494,
                        445300.59375
                    ],
                    [
                        1403112.0,
                        0.00010133643809240311,
                        0.008364989422261715,
                        440591.6875
                    ],
                    [
                        1637688.0,
                        9.786803275346756e-05,
                        0.005549952387809753,
                        381840.25
                    ]
                ]
            ],
            "actions": [
                [
                    [
                        0.25
                    ],
                    [
                        0.25
                    ],
                    [
                        0.25
                    ],
                    [
                        0.25
                    ],
                    [
                        0.25
                    ],
                    [
                        0.25
                    ],
                    [
                        0.25
                    ],
                    [
                        0.25
                    ],
                    [
                        0.25
                    ],
                    [
                        0.25
                    ],
                    [
                        0.25
                    ],
                    [
                        0.25
                    ],
                    [
                        0.25
                    ],
                    [
                        0.25
                    ],
                    [
                        0.25
                    ],
                    [
                        0.25
                    ],
                    [
                        0.25
                    ],
                    [
                        0.25
                    ],
                    [
                        0.25
                    ],
                    [
                        0.25
                    ]
                ]
            ],
            "returns": [
                [
                    [
                        0.06894823163747787
                    ],
                    [
                        0.06822619587182999
                    ],
                    [
                        0.06750158965587616
                    ],
                    [
                        0.06677800416946411
                    ],
                    [
                        0.06604728102684021
                    ],
                    [
                        0.06531195342540741
                    ],
                    [
                        0.06456847488880157
                    ],
                    [
                        0.06383159011602402
                    ],
                    [
                        0.06308649480342865
                    ],
                    [
                        0.062349170446395874
                    ],
                    [
                        0.06160508468747139
                    ],
                    [
                        0.060893263667821884
                    ],
                    [
                        0.060142334550619125
                    ],
                    [
                        0.05936732143163681
                    ],
                    [
                        0.05860232189297676
                    ],
                    [
                        0.05781715363264084
                    ],
                    [
                        0.05703314393758774
                    ],
                    [
                        0.05623316764831543
                    ],
                    [
                        0.05542336031794548
                    ],
                    [
                        0.05460847169160843
                    ]
                ]
            ],
            "timesteps": [
                [
                    560,
                    561,
                    562,
                    563,
                    564,
                    565,
                    566,
                    567,
                    568,
                    569,
                    570,
                    571,
                    572,
                    573,
                    574,
                    575,
                    576,
                    577,
                    578,
                    579
                ]
            ],
            "labels": [
                [
                    0,
                    0,
                    0,
                    0,
                    0,
                    0,
                    0,
                    0,
                    0,
                    0,
                    0,
                    0,
                    0,
                    0,
                    0,
                    0,
                    0,
                    0,
                    0,
                    0
                ]
            ],
            "CPU Usage": 45.8,
            "RAM Usage": 55.1,
            "GPU Usage": 0.0,
            "VRAM Usage": 355.0,
            "Disk Read Speed (MB/s)": 206398.4345703125,
            "Disk Write Speed (MB/s)": 387999.1884765625
        },
        {
            "step": 1,
            "train_loss": 0.031661830842494965,
            "actions_pred1": [
                [
                    [
                        0.13137131929397583,
                        0.691241443157196,
                        1.1635602712631226,
                        -1.68686044216156
                    ],
                    [
                        0.28986746072769165,
                        0.8754361271858215,
                        1.1561362743377686,
                        -1.5681015253067017
                    ],
                    [
                        0.30864179134368896,
                        0.9278260469436646,
                        1.140623688697815,
                        -1.4193689823150635
                    ],
                    [
                        0.3678014874458313,
                        0.9897509217262268,
                        1.1665221452713013,
                        -1.4795656204223633
                    ],
                    [
                        0.23790431022644043,
                        1.1278042793273926,
                        1.1737431287765503,
                        -1.6846026182174683
                    ],
                    [
                        0.3165813088417053,
                        1.2095208168029785,
                        1.2051753997802734,
                        -1.839381456375122
                    ],
                    [
                        0.30284956097602844,
                        1.1872406005859375,
                        1.2996565103530884,
                        -1.8314883708953857
                    ],
                    [
                        0.3113381862640381,
                        1.1431522369384766,
                        1.2948857545852661,
                        -1.721930980682373
                    ],
                    [
                        0.1823628693819046,
                        1.246392846107483,
                        1.2830231189727783,
                        -1.7391374111175537
                    ],
                    [
                        0.22125592827796936,
                        1.0705679655075073,
                        1.2566121816635132,
                        -1.567570686340332
                    ],
                    [
                        0.3149842917919159,
                        1.0221836566925049,
                        1.28030264377594,
                        -1.5705021619796753
                    ],
                    [
                        0.23572105169296265,
                        0.93654465675354,
                        1.2981929779052734,
                        -1.7249877452850342
                    ],
                    [
                        0.10712027549743652,
                        1.0689538717269897,
                        1.138904094696045,
                        -1.6832014322280884
                    ],
                    [
                        0.1704690158367157,
                        1.1115185022354126,
                        1.1891611814498901,
                        -1.6070114374160767
                    ],
                    [
                        0.2578498423099518,
                        1.0015666484832764,
                        1.1771210432052612,
                        -1.5716896057128906
                    ],
                    [
                        0.28926628828048706,
                        0.9922311305999756,
                        1.1681042909622192,
                        -1.5727746486663818
                    ],
                    [
                        0.33983662724494934,
                        1.0189275741577148,
                        1.2250882387161255,
                        -1.6083347797393799
                    ],
                    [
                        0.33029162883758545,
                        0.9764567017555237,
                        1.1634032726287842,
                        -1.6596883535385132
                    ],
                    [
                        0.17647932469844818,
                        0.9716159105300903,
                        1.3679964542388916,
                        -1.8922460079193115
                    ],
                    [
                        0.21099939942359924,
                        1.003846287727356,
                        1.3690441846847534,
                        -1.8637900352478027
                    ]
                ]
            ],
            "actions_pred": [
                [
                    [
                        0.13137131929397583,
                        0.28986746072769165,
                        0.30864179134368896,
                        0.3678014874458313,
                        0.23790431022644043,
                        0.3165813088417053,
                        0.30284956097602844,
                        0.3113381862640381,
                        0.1823628693819046,
                        0.22125592827796936,
                        0.3149842917919159,
                        0.23572105169296265,
                        0.10712027549743652,
                        0.1704690158367157,
                        0.2578498423099518,
                        0.28926628828048706,
                        0.33983662724494934,
                        0.33029162883758545,
                        0.17647932469844818,
                        0.21099939942359924
                    ],
                    [
                        0.691241443157196,
                        0.8754361271858215,
                        0.9278260469436646,
                        0.9897509217262268,
                        1.1278042793273926,
                        1.2095208168029785,
                        1.1872406005859375,
                        1.1431522369384766,
                        1.246392846107483,
                        1.0705679655075073,
                        1.0221836566925049,
                        0.93654465675354,
                        1.0689538717269897,
                        1.1115185022354126,
                        1.0015666484832764,
                        0.9922311305999756,
                        1.0189275741577148,
                        0.9764567017555237,
                        0.9716159105300903,
                        1.003846287727356
                    ],
                    [
                        1.1635602712631226,
                        1.1561362743377686,
                        1.140623688697815,
                        1.1665221452713013,
                        1.1737431287765503,
                        1.2051753997802734,
                        1.2996565103530884,
                        1.2948857545852661,
                        1.2830231189727783,
                        1.2566121816635132,
                        1.28030264377594,
                        1.2981929779052734,
                        1.138904094696045,
                        1.1891611814498901,
                        1.1771210432052612,
                        1.1681042909622192,
                        1.2250882387161255,
                        1.1634032726287842,
                        1.3679964542388916,
                        1.3690441846847534
                    ],
                    [
                        -1.68686044216156,
                        -1.5681015253067017,
                        -1.4193689823150635,
                        -1.4795656204223633,
                        -1.6846026182174683,
                        -1.839381456375122,
                        -1.8314883708953857,
                        -1.721930980682373,
                        -1.7391374111175537,
                        -1.567570686340332,
                        -1.5705021619796753,
                        -1.7249877452850342,
                        -1.6832014322280884,
                        -1.6070114374160767,
                        -1.5716896057128906,
                        -1.5727746486663818,
                        -1.6083347797393799,
                        -1.6596883535385132,
                        -1.8922460079193115,
                        -1.8637900352478027
                    ]
                ]
            ],
            "states": [
                [
                    [
                        4791432.0,
                        3.087877848884091e-05,
                        0.00023075626813806593,
                        506720.5
                    ],
                    [
                        3692400.0,
                        2.9973596610943787e-05,
                        0.00032322804327122867,
                        492666.6875
                    ],
                    [
                        4952160.0,
                        2.9106702641001903e-05,
                        0.0002578554267529398,
                        491613.3125
                    ],
                    [
                        4808808.0,
                        2.818479697452858e-05,
                        0.00022438736050389707,
                        480345.5
                    ],
                    [
                        4978224.0,
                        2.7317544663674198e-05,
                        0.00038321700412780046,
                        500271.75
                    ],
                    [
                        5354704.0,
                        2.645807217049878e-05,
                        0.0004527103737927973,
                        496069.53125
                    ],
                    [
                        3554840.0,
                        2.5757775802048855e-05,
                        0.00029970589093863964,
                        504121.5
                    ],
                    [
                        5330088.0,
                        2.5097764591919258e-05,
                        0.00026218051789328456,
                        473636.59375
                    ],
                    [
                        7706256.0,
                        2.4188775569200516e-05,
                        0.0002925366861745715,
                        550715.1875
                    ],
                    [
                        7687432.0,
                        2.319453051313758e-05,
                        0.00028024095809087157,
                        523717.84375
                    ],
                    [
                        6233640.0,
                        1.9415590941207483e-05,
                        0.0001758198341121897,
                        575309.5
                    ],
                    [
                        6330656.0,
                        1.8885328245232813e-05,
                        0.00013516498438548297,
                        576038.875
                    ],
                    [
                        2227024.0,
                        1.8539429220254533e-05,
                        0.0001646996388444677,
                        615099.8125
                    ],
                    [
                        3611312.0,
                        1.8311515304958448e-05,
                        0.0001985474955290556,
                        642490.9375
                    ],
                    [
                        5732632.0,
                        1.795835305529181e-05,
                        0.0002949792833533138,
                        564533.125
                    ],
                    [
                        5175152.0,
                        1.7562215361976996e-05,
                        0.0007080274517647922,
                        561933.4375
                    ],
                    [
                        4907272.0,
                        1.721135777188465e-05,
                        0.0013480978086590767,
                        618870.0
                    ],
                    [
                        4346896.0,
                        1.6901381968636997e-05,
                        0.0014468225417658687,
                        555341.1875
                    ],
                    [
                        5007184.0,
                        1.6599440641584806e-05,
                        0.0019480990013107657,
                        605693.8125
                    ],
                    [
                        5735528.0,
                        1.6265725207631476e-05,
                        0.002926501678302884,
                        601773.625
                    ]
                ]
            ],
            "actions": [
                [
                    [
                        0.5
                    ],
                    [
                        0.5
                    ],
                    [
                        0.5
                    ],
                    [
                        0.5
                    ],
                    [
                        0.5
                    ],
                    [
                        0.5
                    ],
                    [
                        0.5
                    ],
                    [
                        0.5
                    ],
                    [
                        0.5
                    ],
                    [
                        0.5
                    ],
                    [
                        0.5
                    ],
                    [
                        0.5
                    ],
                    [
                        0.5
                    ],
                    [
                        0.5
                    ],
                    [
                        0.5
                    ],
                    [
                        0.5
                    ],
                    [
                        0.5
                    ],
                    [
                        0.5
                    ],
                    [
                        0.5
                    ],
                    [
                        0.5
                    ]
                ]
            ],
            "returns": [
                [
                    [
                        0.45074203610420227
                    ],
                    [
                        0.44981828331947327
                    ],
                    [
                        0.44891759753227234
                    ],
                    [
                        0.44799089431762695
                    ],
                    [
                        0.4470668137073517
                    ],
                    [
                        0.4461396336555481
                    ],
                    [
                        0.44520601630210876
                    ],
                    [
                        0.44430869817733765
                    ],
                    [
                        0.44337549805641174
                    ],
                    [
                        0.44240957498550415
                    ],
                    [
                        0.44144389033317566
                    ],
                    [
                        0.4404968023300171
                    ],
                    [
                        0.4395483136177063
                    ],
                    [
                        0.43869248032569885
                    ],
                    [
                        0.4377937614917755
                    ],
                    [
                        0.4368540942668915
                    ],
                    [
                        0.4359234869480133
                    ],
                    [
                        0.4349976181983948
                    ],
                    [
                        0.4340824484825134
                    ],
                    [
                        0.43315479159355164
                    ]
                ]
            ],
            "timesteps": [
                [
                    140,
                    141,
                    142,
                    143,
                    144,
                    145,
                    146,
                    147,
                    148,
                    149,
                    150,
                    151,
                    152,
                    153,
                    154,
                    155,
                    156,
                    157,
                    158,
                    159
                ]
            ],
            "labels": [
                [
                    1,
                    1,
                    1,
                    1,
                    1,
                    1,
                    1,
                    1,
                    1,
                    1,
                    1,
                    1,
                    1,
                    1,
                    1,
                    1,
                    1,
                    1,
                    1,
                    1
                ]
            ],
            "CPU Usage": 47.8,
            "RAM Usage": 55.2,
            "GPU Usage": 0.0,
            "VRAM Usage": 355.0,
            "Disk Read Speed (MB/s)": 206398.4345703125,
            "Disk Write Speed (MB/s)": 387999.2783203125
        },
        {
            "step": 2,
            "train_loss": 0.02652890607714653,
            "actions_pred1": [
                [
                    [
                        -0.20727965235710144,
                        0.7194979190826416,
                        0.8343015909194946,
                        -1.817651629447937
                    ],
                    [
                        -0.11097577214241028,
                        0.759128987789154,
                        1.006351351737976,
                        -1.9248600006103516
                    ],
                    [
                        -0.04021936655044556,
                        0.8329775333404541,
                        0.8180218935012817,
                        -2.244525194168091
                    ],
                    [
                        0.04819349944591522,
                        0.8884716033935547,
                        0.8904269933700562,
                        -2.3795688152313232
                    ],
                    [
                        0.2151932269334793,
                        1.0747696161270142,
                        0.6830889582633972,
                        -2.9412715435028076
                    ],
                    [
                        0.38734170794487,
                        1.1741176843643188,
                        0.8629648089408875,
                        -2.912417411804199
                    ],
                    [
                        0.41479671001434326,
                        1.298602819442749,
                        0.932756245136261,
                        -2.9325852394104004
                    ],
                    [
                        0.514869213104248,
                        1.3318170309066772,
                        1.0456236600875854,
                        -2.710690975189209
                    ],
                    [
                        0.332113653421402,
                        1.3146275281906128,
                        0.8588405251502991,
                        -2.687264919281006
                    ],
                    [
                        0.34158599376678467,
                        1.179908275604248,
                        1.0715361833572388,
                        -2.5589098930358887
                    ],
                    [
                        0.30415600538253784,
                        1.0305135250091553,
                        0.9850214123725891,
                        -2.5131330490112305
                    ],
                    [
                        0.08262987434864044,
                        0.962510347366333,
                        0.913331925868988,
                        -2.342600107192993
                    ],
                    [
                        0.02775631844997406,
                        1.0425314903259277,
                        0.9534953236579895,
                        -2.2630116939544678
                    ],
                    [
                        0.043986693024635315,
                        1.111197829246521,
                        0.9667304754257202,
                        -2.214317798614502
                    ],
                    [
                        0.07652361690998077,
                        1.0389790534973145,
                        0.8915157318115234,
                        -2.194131374359131
                    ],
                    [
                        0.12189528346061707,
                        1.0948041677474976,
                        0.8804223537445068,
                        -2.31194806098938
                    ],
                    [
                        0.24057108163833618,
                        1.1201496124267578,
                        0.9318363070487976,
                        -2.3580899238586426
                    ],
                    [
                        0.2433156669139862,
                        1.1318647861480713,
                        0.9649166464805603,
                        -2.1899685859680176
                    ],
                    [
                        0.1558503955602646,
                        1.1115264892578125,
                        1.114080548286438,
                        -2.3693923950195312
                    ],
                    [
                        0.17471741139888763,
                        1.0321173667907715,
                        1.199046015739441,
                        -2.259803533554077
                    ]
                ]
            ],
            "actions_pred": [
                [
                    [
                        -0.20727965235710144,
                        -0.11097577214241028,
                        -0.04021936655044556,
                        0.04819349944591522,
                        0.2151932269334793,
                        0.38734170794487,
                        0.41479671001434326,
                        0.514869213104248,
                        0.332113653421402,
                        0.34158599376678467,
                        0.30415600538253784,
                        0.08262987434864044,
