{
    "steps": [
        {
            "step": 0,
            "train_loss": 0.004453866742551327,
            "actions_pred1": [
                [
                    [
                        1.461004614830017,
                        0.0670134425163269,
                        2.5449135303497314,
                        -4.007545471191406
                    ],
                    [
                        1.3429895639419556,
                        0.11600503325462341,
                        2.5950028896331787,
                        -4.355189323425293
                    ],
                    [
                        1.5211632251739502,
                        0.13692818582057953,
                        2.737652540206909,
                        -4.382270812988281
                    ],
                    [
                        1.7152421474456787,
                        -0.01560242474079132,
                        3.6560251712799072,
                        -4.966565132141113
                    ],
                    [
                        1.530289649963379,
                        0.1040867269039154,
                        4.311598777770996,
                        -5.440230369567871
                    ],
                    [
                        1.7264950275421143,
                        0.11893382668495178,
                        4.363571643829346,
                        -5.809210777282715
                    ],
                    [
                        1.6603223085403442,
                        0.050819218158721924,
                        4.289750576019287,
                        -6.368405342102051
                    ],
                    [
                        2.0796775817871094,
                        0.7678288817405701,
                        4.503175735473633,
                        -6.502234935760498
                    ],
                    [
                        2.540587902069092,
                        1.0725924968719482,
                        4.323080062866211,
                        -6.452422142028809
                    ],
                    [
                        2.490004062652588,
                        0.7840322256088257,
                        4.55030632019043,
                        -6.596579551696777
                    ],
                    [
                        2.4846127033233643,
                        0.9112510085105896,
                        4.9811625480651855,
                        -6.785795211791992
                    ],
                    [
                        2.6456189155578613,
                        0.6592466235160828,
                        4.774271011352539,
                        -6.85478401184082
                    ],
                    [
                        2.7246365547180176,
                        0.3606105446815491,
                        4.911533832550049,
                        -7.073396682739258
                    ],
                    [
                        2.8678054809570312,
                        0.1805158108472824,
                        4.98137092590332,
                        -6.997276306152344
                    ],
                    [
                        2.83542799949646,
                        0.2215944081544876,
                        4.998705863952637,
                        -7.197500228881836
                    ],
                    [
                        2.744736671447754,
                        0.4599038362503052,
                        5.25096321105957,
                        -7.3041534423828125
                    ],
                    [
                        2.82621431350708,
                        0.36764833331108093,
                        5.123617172241211,
                        -7.209059715270996
                    ],
                    [
                        2.7755823135375977,
                        0.3837525248527527,
                        4.929915428161621,
                        -7.164106369018555
                    ],
                    [
                        2.4162755012512207,
                        0.5568908452987671,
                        5.061646461486816,
                        -7.281167030334473
                    ],
                    [
                        2.4265947341918945,
                        0.6588882803916931,
                        5.17444372177124,
                        -7.206125259399414
                    ]
                ]
            ],
            "actions_pred": [
                [
                    [
                        1.461004614830017,
                        1.3429895639419556,
                        1.5211632251739502,
                        1.7152421474456787,
                        1.530289649963379,
                        1.7264950275421143,
                        1.6603223085403442,
                        2.0796775817871094,
                        2.540587902069092,
                        2.490004062652588,
                        2.4846127033233643,
                        2.6456189155578613,
                        2.7246365547180176,
                        2.8678054809570312,
                        2.83542799949646,
                        2.744736671447754,
                        2.82621431350708,
                        2.7755823135375977,
                        2.4162755012512207,
                        2.4265947341918945
                    ],
                    [
                        0.0670134425163269,
                        0.11600503325462341,
                        0.13692818582057953,
                        -0.01560242474079132,
                        0.1040867269039154,
                        0.11893382668495178,
                        0.050819218158721924,
                        0.7678288817405701,
                        1.0725924968719482,
                        0.7840322256088257,
                        0.9112510085105896,
                        0.6592466235160828,
                        0.3606105446815491,
                        0.1805158108472824,
                        0.2215944081544876,
                        0.4599038362503052,
                        0.36764833331108093,
                        0.3837525248527527,
                        0.5568908452987671,
                        0.6588882803916931
                    ],
                    [
                        2.5449135303497314,
                        2.5950028896331787,
                        2.737652540206909,
                        3.6560251712799072,
                        4.311598777770996,
                        4.363571643829346,
                        4.289750576019287,
                        4.503175735473633,
                        4.323080062866211,
                        4.55030632019043,
                        4.9811625480651855,
                        4.774271011352539,
                        4.911533832550049,
                        4.98137092590332,
                        4.998705863952637,
                        5.25096321105957,
                        5.123617172241211,
                        4.929915428161621,
                        5.061646461486816,
                        5.17444372177124
                    ],
                    [
                        -4.007545471191406,
                        -4.355189323425293,
                        -4.382270812988281,
                        -4.966565132141113,
                        -5.440230369567871,
                        -5.809210777282715,
                        -6.368405342102051,
                        -6.502234935760498,
                        -6.452422142028809,
                        -6.596579551696777,
                        -6.785795211791992,
                        -6.85478401184082,
                        -7.073396682739258,
                        -6.997276306152344,
                        -7.197500228881836,
                        -7.3041534423828125,
                        -7.209059715270996,
                        -7.164106369018555,
                        -7.281167030334473,
                        -7.206125259399414
                    ]
                ]
            ],
            "states": [
                [
                    [
                        3105960.0,
                        0.00044856633758172393,
                        0.0002628508664201945,
                        907599.4375
                    ],
                    [
                        3777832.0,
                        0.00036993034882470965,
                        0.00026417680783197284,
                        946940.1875
                    ],
                    [
                        4115216.0,
                        0.00030784233240410686,
                        0.0002805523981805891,
                        868017.4375
                    ],
                    [
                        4368616.0,
                        0.0002607771893963218,
                        0.00026978878304362297,
                        839353.625
                    ],
                    [
                        5060760.0,
                        0.0002229743986390531,
                        0.00027627943200059235,
                        780951.6875
                    ],
                    [
                        5356152.0,
                        0.00019212921324651688,
                        0.00025924446526914835,
                        788666.125
                    ],
                    [
                        5373528.0,
                        0.00012254947796463966,
                        0.006524195894598961,
                        846197.875
                    ],
                    [
                        5111440.0,
                        0.00011254391574766487,
                        0.002146858023479581,
                        777919.5
                    ],
                    [
                        5496608.0,
                        0.00010397062578704208,
                        0.0023773028515279293,
                        803926.1875
                    ],
                    [
                        5341672.0,
                        9.645324462326244e-05,
                        0.0020079242531210184,
                        853121.5
                    ],
                    [
                        5344568.0,
                        9.003730519907549e-05,
                        0.0019139255164191127,
                        790495.3125
                    ],
                    [
                        5479232.0,
                        8.435636846115813e-05,
                        0.0013429223326966166,
                        807753.3125
                    ],
                    [
                        5356152.0,
                        7.934254972497001e-05,
                        0.0011628043139353395,
                        855534.6875
                    ],
                    [
                        5398144.0,
                        7.492363511119038e-05,
                        0.0009117702720686793,
                        841216.6875
                    ],
                    [
                        5729736.0,
                        7.084311073413119e-05,
                        0.000803604198154062,
                        821157.125
                    ],
                    [
                        5244656.0,
                        6.722798570990562e-05,
                        0.000699773314408958,
                        790182.875
                    ],
                    [
                        5503848.0,
                        6.403109728125855e-05,
                        0.0006680691731162369,
                        817074.375
                    ],
                    [
                        5367736.0,
                        6.109109381213784e-05,
                        0.0005246230284683406,
                        814748.3125
                    ],
                    [
                        5217144.0,
                        5.847758802701719e-05,
                        0.00046889804070815444,
                        836873.125
                    ],
                    [
                        5033248.0,
                        5.6151271564885974e-05,
                        0.00035997320082969964,
                        833663.1875
                    ]
                ]
            ],
            "actions": [
                [
                    [
                        0.75
                    ],
                    [
                        0.75
                    ],
                    [
                        0.75
                    ],
                    [
                        0.75
                    ],
                    [
                        0.75
                    ],
                    [
                        0.75
                    ],
                    [
                        0.75
                    ],
                    [
                        0.75
                    ],
                    [
                        0.75
                    ],
                    [
                        0.75
                    ],
                    [
                        0.75
                    ],
                    [
                        0.75
                    ],
                    [
                        0.75
                    ],
                    [
                        0.75
                    ],
                    [
                        0.75
                    ],
                    [
                        0.75
                    ],
                    [
                        0.75
                    ],
                    [
                        0.75
                    ],
                    [
                        0.75
                    ],
                    [
                        0.75
                    ]
                ]
            ],
            "returns": [
                [
                    [
                        0.37910521030426025
                    ],
                    [
                        0.378219872713089
                    ],
                    [
                        0.3773171603679657
                    ],
                    [
                        0.37640687823295593
                    ],
                    [
                        0.37549129128456116
                    ],
                    [
                        0.37456268072128296
                    ],
                    [
                        0.37362903356552124
                    ],
                    [
                        0.37269508838653564
                    ],
                    [
                        0.3717655837535858
                    ],
                    [
                        0.37082964181900024
                    ],
                    [
                        0.3698962330818176
                    ],
                    [
                        0.36896276473999023
                    ],
                    [
                        0.36802709102630615
                    ],
                    [
                        0.36709344387054443
                    ],
                    [
                        0.3661591112613678
                    ],
                    [
                        0.36521947383880615
                    ],
                    [
                        0.36428767442703247
                    ],
                    [
                        0.36335161328315735
                    ],
                    [
                        0.3624177873134613
                    ],
                    [
                        0.3614864647388458
                    ]
                ]
            ],
            "timesteps": [
                [
                    220,
                    221,
                    222,
                    223,
                    224,
                    225,
                    226,
                    227,
                    228,
                    229,
                    230,
                    231,
                    232,
                    233,
                    234,
                    235,
                    236,
                    237,
                    238,
                    239
                ]
            ],
            "labels": [
                [
                    2,
                    2,
                    2,
                    2,
                    2,
                    2,
                    2,
                    2,
                    2,
                    2,
                    2,
                    2,
                    2,
                    2,
                    2,
                    2,
                    2,
                    2,
                    2,
                    2
                ]
            ],
            "CPU Usage": 46.7,
            "RAM Usage": 55.0,
            "GPU Usage": 0.0,
            "VRAM Usage": 355.0,
            "Disk Read Speed (MB/s)": 206654.4873046875,
            "Disk Write Speed (MB/s)": 433777.4775390625
        },
        {
            "step": 1,
            "train_loss": 0.0005402975366450846,
            "actions_pred1": [
                [
                    [
                        0.5345972776412964,
                        0.7811474204063416,
                        5.069206237792969,
                        -1.694339394569397
                    ],
                    [
                        -0.539926290512085,
                        0.779883623123169,
                        5.0408220291137695,
                        -2.265153646469116
                    ],
                    [
                        -0.7003129720687866,
                        0.721674919128418,
                        4.971450328826904,
                        -2.5463171005249023
                    ],
                    [
                        -0.437502920627594,
                        0.744391918182373,
                        4.941657066345215,
                        -3.238623857498169
                    ],
                    [
                        -0.21947258710861206,
                        1.0006496906280518,
                        5.086369037628174,
                        -3.4885025024414062
                    ],
                    [
                        0.13301485776901245,
                        0.9898681640625,
                        4.99007511138916,
                        -3.893787145614624
                    ],
                    [
                        0.14143213629722595,
                        0.6378918886184692,
                        4.985818862915039,
                        -4.1337151527404785
                    ],
                    [
                        0.19258636236190796,
                        0.5567873120307922,
                        5.138547897338867,
                        -4.1933817863464355
                    ],
                    [
                        0.22883135080337524,
                        0.5060079097747803,
                        5.310914993286133,
                        -4.114016532897949
                    ],
                    [
                        0.2554279565811157,
                        0.36935991048812866,
                        5.1894121170043945,
                        -4.296606063842773
                    ],
                    [
                        0.3113976716995239,
                        0.3772772550582886,
                        5.330580234527588,
                        -4.37700891494751
                    ],
                    [
                        0.2960500121116638,
                        0.11232827603816986,
                        5.388392925262451,
                        -4.497651100158691
                    ],
                    [
                        0.15328651666641235,
                        -0.14268505573272705,
                        5.374593257904053,
                        -4.415241718292236
                    ],
                    [
                        0.33354735374450684,
                        -0.09509551525115967,
                        5.274911403656006,
                        -4.505802631378174
                    ],
                    [
                        0.37796950340270996,
                        -0.04265977442264557,
                        5.1901984214782715,
                        -4.5527448654174805
                    ],
                    [
                        0.5437338352203369,
                        0.004013612866401672,
                        4.953956604003906,
                        -4.579897880554199
                    ],
                    [
                        0.6121354103088379,
                        0.036403805017471313,
                        5.203024864196777,
                        -4.567180633544922
                    ],
                    [
                        0.6764883995056152,
                        0.17808416485786438,
                        5.175118923187256,
                        -4.6187896728515625
                    ],
                    [
                        0.6454436779022217,
                        0.20133014023303986,
                        5.133432388305664,
                        -4.750394344329834
                    ],
                    [
                        0.7654155492782593,
                        0.28180816769599915,
                        5.226457595825195,
                        -4.669326305389404
                    ]
                ]
            ],
            "actions_pred": [
                [
                    [
                        0.5345972776412964,
                        -0.539926290512085,
                        -0.7003129720687866,
                        -0.437502920627594,
                        -0.21947258710861206,
                        0.13301485776901245,
                        0.14143213629722595,
                        0.19258636236190796,
                        0.22883135080337524,
                        0.2554279565811157,
                        0.3113976716995239,
                        0.2960500121116638,
                        0.15328651666641235,
                        0.33354735374450684,
                        0.37796950340270996,
                        0.5437338352203369,
                        0.6121354103088379,
                        0.6764883995056152,
                        0.6454436779022217,
                        0.7654155492782593
                    ],
                    [
                        0.7811474204063416,
                        0.779883623123169,
                        0.721674919128418,
                        0.744391918182373,
                        1.0006496906280518,
                        0.9898681640625,
                        0.6378918886184692,
                        0.5567873120307922,
                        0.5060079097747803,
                        0.36935991048812866,
                        0.3772772550582886,
                        0.11232827603816986,
                        -0.14268505573272705,
                        -0.09509551525115967,
                        -0.04265977442264557,
                        0.004013612866401672,
                        0.036403805017471313,
                        0.17808416485786438,
                        0.20133014023303986,
                        0.28180816769599915
                    ],
                    [
                        5.069206237792969,
                        5.0408220291137695,
                        4.971450328826904,
                        4.941657066345215,
                        5.086369037628174,
                        4.99007511138916,
                        4.985818862915039,
                        5.138547897338867,
                        5.310914993286133,
                        5.1894121170043945,
                        5.330580234527588,
                        5.388392925262451,
                        5.374593257904053,
                        5.274911403656006,
                        5.1901984214782715,
                        4.953956604003906,
                        5.203024864196777,
                        5.175118923187256,
                        5.133432388305664,
                        5.226457595825195
                    ],
                    [
                        -1.694339394569397,
                        -2.265153646469116,
                        -2.5463171005249023,
                        -3.238623857498169,
                        -3.4885025024414062,
                        -3.893787145614624,
                        -4.1337151527404785,
                        -4.1933817863464355,
                        -4.114016532897949,
                        -4.296606063842773,
                        -4.37700891494751,
                        -4.497651100158691,
                        -4.415241718292236,
                        -4.505802631378174,
                        -4.5527448654174805,
                        -4.579897880554199,
                        -4.567180633544922,
                        -4.6187896728515625,
                        -4.750394344329834,
                        -4.669326305389404
                    ]
                ]
            ],
            "states": [
                [
                    [
                        5466200.0,
                        1.129001520894235e-05,
                        0.0002789112040773034,
                        818770.4375
                    ],
                    [
                        5612448.0,
                        1.1129687663924415e-05,
                        0.00025781430304050446,
                        898413.75
                    ],
                    [
                        5046280.0,
                        1.0979628314089496e-05,
                        0.0002818313369061798,
                        909004.75
                    ],
                    [
                        5249000.0,
                        1.0838540219992865e-05,
                        0.00027022496215067804,
                        810422.3125
                    ],
                    [
                        5515432.0,
                        1.0694837328628637e-05,
                        0.00027221045456826687,
                        891063.1875
                    ],
                    [
                        5182392.0,
                        1.0555714652582537e-05,
                        0.0002733847650233656,
                        862686.6875
                    ],
                    [
                        5021664.0,
                        1.0426368135085795e-05,
                        0.00026607781182974577,
                        893778.125
                    ],
                    [
                        5292440.0,
                        1.0298814231646247e-05,
                        0.00028466759249567986,
                        852371.5625
                    ],
                    [
                        5366288.0,
                        1.0170228961214889e-05,
                        0.0002693114511203021,
                        775255.625
                    ],
                    [
                        5483576.0,
                        1.0042614121630322e-05,
                        0.0002695369767025113,
                        802315.875
                    ],
                    [
                        5369184.0,
                        9.918102477968205e-06,
                        0.00026757299201563,
                        854250.0
                    ],
                    [
                        5670368.0,
                        9.794596735446248e-06,
                        0.0002770914288703352,
                        851009.75
                    ],
                    [
                        5537152.0,
                        9.67230062087765e-06,
                        0.0002540841815061867,
                        843244.5625
                    ],
                    [
                        5557424.0,
                        9.554213647788856e-06,
                        0.0002650599053595215,
                        914621.5625
                    ],
                    [
                        5403936.0,
                        9.440349458600394e-06,
                        0.00027801760006695986,
                        829670.8125
                    ],
                    [
                        5246104.0,
                        9.332287845609244e-06,
                        0.0002704633225221187,
                        839801.4375
                    ],
                    [
                        5603760.0,
                        9.224719178746454e-06,
                        0.0002756867033895105,
                        804814.3125
                    ],
                    [
                        5383664.0,
                        9.118263733398635e-06,
                        0.00025344316964037716,
                        920753.0625
                    ],
                    [
                        5525568.0,
                        8.914936188375577e-06,
                        0.000413205154472962,
                        941023.9375
                    ],
                    [
                        5521224.0,
                        8.814949069346767e-06,
                        0.00012937834253534675,
                        850908.25
                    ]
                ]
            ],
            "actions": [
                [
                    [
                        0.75
                    ],
                    [
                        0.75
                    ],
                    [
                        0.75
                    ],
                    [
                        0.75
                    ],
                    [
                        0.75
                    ],
                    [
                        0.75
                    ],
                    [
                        0.75
                    ],
                    [
                        0.75
                    ],
                    [
                        0.75
                    ],
                    [
                        0.75
                    ],
                    [
                        0.75
                    ],
                    [
                        0.75
                    ],
                    [
                        0.75
                    ],
                    [
                        0.75
                    ],
                    [
                        0.75
                    ],
                    [
                        0.75
                    ],
                    [
                        0.75
                    ],
                    [
                        0.75
                    ],
                    [
                        0.75
                    ],
                    [
                        0.75
                    ]
                ]
            ],
            "returns": [
                [
                    [
                        0.5242103934288025
                    ],
                    [
                        0.5232749581336975
                    ],
                    [
                        0.5223371386528015
                    ],
                    [
                        0.5214087963104248
                    ],
                    [
                        0.5204769372940063
                    ],
                    [
                        0.5195406675338745
                    ],
                    [
                        0.5186099410057068
                    ],
                    [
                        0.5176820158958435
                    ],
                    [
                        0.5167494416236877
                    ],
                    [
                        0.5158156156539917
                    ],
                    [
                        0.5148798823356628
                    ],
                    [
                        0.513945996761322
                    ],
                    [
                        0.5130072832107544
                    ],
                    [
                        0.5120707154273987
                    ],
                    [
                        0.5111337900161743
                    ],
                    [
                        0.5101993083953857
                    ],
                    [
                        0.5092675089836121
                    ],
                    [
                        0.5083298683166504
                    ],
                    [
                        0.5073957443237305
                    ],
                    [
                        0.5064593553543091
                    ]
                ]
            ],
            "timesteps": [
                [
                    60,
                    61,
                    62,
                    63,
                    64,
                    65,
                    66,
                    67,
                    68,
                    69,
                    70,
                    71,
                    72,
                    73,
                    74,
                    75,
                    76,
                    77,
                    78,
                    79
                ]
            ],
            "labels": [
                [
                    2,
                    2,
                    2,
                    2,
                    2,
                    2,
                    2,
                    2,
                    2,
                    2,
                    2,
                    2,
                    2,
                    2,
                    2,
                    2,
                    2,
                    2,
                    2,
                    2
                ]
            ],
            "CPU Usage": 46.7,
            "RAM Usage": 55.1,
            "GPU Usage": 0.0,
            "VRAM Usage": 355.0,
            "Disk Read Speed (MB/s)": 206654.4873046875,
            "Disk Write Speed (MB/s)": 433777.7275390625
        },
        {
            "step": 2,
            "train_loss": 0.004296802915632725,
            "actions_pred1": [
                [
                    [
                        3.387399196624756,
                        0.7468468546867371,
                        3.1156082153320312,
                        -2.9405786991119385
                    ],
                    [
                        3.872929096221924,
                        0.9089251756668091,
                        2.7849268913269043,
                        -3.262510061264038
                    ],
                    [
                        4.053020477294922,
                        0.886915922164917,
                        2.0745887756347656,
                        -4.167952060699463
                    ],
                    [
                        4.193793296813965,
                        0.875295877456665,
                        1.7885777950286865,
                        -4.530726432800293
                    ],
                    [
                        4.153522491455078,
                        1.317180871963501,
                        1.8183103799819946,
                        -4.791332721710205
                    ],
                    [
                        4.285370349884033,
                        1.0719107389450073,
                        1.782895803451538,
                        -5.180819988250732
                    ],
                    [
                        4.113465785980225,
                        0.6332429051399231,
                        2.2035460472106934,
                        -5.7664384841918945
                    ],
                    [
                        3.9933807849884033,
                        0.40722572803497314,
                        2.3107733726501465,
                        -6.133333683013916
                    ],
                    [
                        4.249612331390381,
                        0.6792958378791809,
                        2.197556734085083,
                        -5.893373012542725
                    ],
                    [
                        4.800815582275391,
                        0.6104907989501953,
                        2.0207910537719727,
                        -5.876852512359619
                    ],
                    [
                        4.498476982116699,
                        0.5109196305274963,
                        1.8811798095703125,
                        -5.83870267868042
                    ],
                    [
                        4.2316741943359375,
                        0.34622782468795776,
                        2.1008148193359375,
                        -5.800441265106201
                    ],
                    [
                        4.144227027893066,
                        0.32417726516723633,
                        1.7925617694854736,
                        -5.53597354888916
                    ],
                    [
                        4.475721836090088,
                        0.36456888914108276,
                        1.4807286262512207,
                        -5.51666259765625
                    ],
                    [
                        4.911898612976074,
                        0.7385416030883789,
                        1.599134087562561,
                        -5.519713401794434
                    ],
                    [
                        4.8152875900268555,
                        0.6081533432006836,
                        1.678421974182129,
                        -5.686904430389404
                    ],
                    [
                        4.950840950012207,
                        0.33339789509773254,
                        1.753877878189087,
                        -5.595356464385986
                    ],
                    [
                        4.778868198394775,
                        0.22277912497520447,
                        1.6354767084121704,
                        -5.826473236083984
                    ],
                    [
                        4.920077323913574,
                        0.2515239417552948,
                        1.4929335117340088,
                        -6.0427398681640625
                    ],
                    [
                        4.836376667022705,
                        0.5917328596115112,
                        1.4599486589431763,
                        -6.290779113769531
                    ]
                ]
            ],
            "actions_pred": [
                [
                    [
                        3.387399196624756,
                        3.872929096221924,
                        4.053020477294922,
                        4.193793296813965,
                        4.153522491455078,
                        4.285370349884033,
                        4.113465785980225,
                        3.9933807849884033,
                        4.249612331390381,
                        4.800815582275391,
                        4.498476982116699,
                        4.2316741943359375,
                        4.144227027893066,
                        4.475721836090088,
                        4.911898612976074,
