{
    "steps": [
        {
            "step": 0,
            "train_loss": 0.0588047131896019,
            "actions_pred1": [
                [
                    [
                        -0.18058009445667267,
                        -0.22346577048301697,
                        0.6370392441749573,
                        0.02157813310623169
                    ],
                    [
                        -0.21992982923984528,
                        -0.1046767458319664,
                        0.8390840291976929,
                        -0.10233408212661743
                    ],
                    [
                        -0.08879820257425308,
                        0.04512627422809601,
                        0.6233687400817871,
                        -0.19025912880897522
                    ],
                    [
                        -0.13765493035316467,
                        0.14215879142284393,
                        0.44167453050613403,
                        -0.16615456342697144
                    ],
                    [
                        -0.2409934103488922,
                        0.06114347279071808,
                        0.39443784952163696,
                        -0.0109499990940094
                    ],
                    [
                        -0.356444776058197,
                        0.0704442709684372,
                        0.5989779233932495,
                        -0.032219111919403076
                    ],
                    [
                        -0.3311706781387329,
                        0.17289651930332184,
                        0.6136806011199951,
                        0.035783737897872925
                    ],
                    [
                        -0.44376277923583984,
                        0.18209487199783325,
                        0.6354485154151917,
                        0.0384255051612854
                    ],
                    [
                        -0.43501538038253784,
                        0.02648836374282837,
                        0.6556599736213684,
                        -0.17997685074806213
                    ],
                    [
                        -0.35019418597221375,
                        -0.0568033903837204,
                        0.5529979467391968,
                        -0.16869857907295227
                    ],
                    [
                        -0.44779932498931885,
                        0.016611486673355103,
                        0.692779004573822,
                        -0.144486665725708
                    ],
                    [
                        -0.5372470617294312,
                        0.0769847184419632,
                        0.6594063639640808,
                        -0.1268836259841919
                    ],
                    [
                        -0.3661455512046814,
                        0.024015530943870544,
                        0.6152696013450623,
                        -0.039520263671875
                    ],
                    [
                        -0.32126960158348083,
                        0.02251458168029785,
                        0.6048807501792908,
                        -0.10133254528045654
                    ],
                    [
                        -0.39037150144577026,
                        0.09379567950963974,
                        0.6418691277503967,
                        -0.16251537203788757
                    ],
                    [
                        -0.3901504874229431,
                        0.17791981995105743,
                        0.7916024327278137,
                        -0.09876185655593872
                    ],
                    [
                        -0.4746556878089905,
                        0.10751810669898987,
                        0.7348082065582275,
                        -0.03229498863220215
                    ],
                    [
                        -0.42298784852027893,
                        0.14185470342636108,
                        0.7039209008216858,
                        -0.053858280181884766
                    ],
                    [
                        -0.4128763973712921,
                        0.24932913482189178,
                        0.6939613819122314,
                        -0.031926363706588745
                    ],
                    [
                        -0.41145437955856323,
                        0.20576521754264832,
                        0.8378419280052185,
                        -0.03262126445770264
                    ]
                ]
            ],
            "actions_pred": [
                [
                    [
                        -0.18058009445667267,
                        -0.21992982923984528,
                        -0.08879820257425308,
                        -0.13765493035316467,
                        -0.2409934103488922,
                        -0.356444776058197,
                        -0.3311706781387329,
                        -0.44376277923583984,
                        -0.43501538038253784,
                        -0.35019418597221375,
                        -0.44779932498931885,
                        -0.5372470617294312,
                        -0.3661455512046814,
                        -0.32126960158348083,
                        -0.39037150144577026,
                        -0.3901504874229431,
                        -0.4746556878089905,
                        -0.42298784852027893,
                        -0.4128763973712921,
                        -0.41145437955856323
                    ],
                    [
                        -0.22346577048301697,
                        -0.1046767458319664,
                        0.04512627422809601,
                        0.14215879142284393,
                        0.06114347279071808,
                        0.0704442709684372,
                        0.17289651930332184,
                        0.18209487199783325,
                        0.02648836374282837,
                        -0.0568033903837204,
                        0.016611486673355103,
                        0.0769847184419632,
                        0.024015530943870544,
                        0.02251458168029785,
                        0.09379567950963974,
                        0.17791981995105743,
                        0.10751810669898987,
                        0.14185470342636108,
                        0.24932913482189178,
                        0.20576521754264832
                    ],
                    [
                        0.6370392441749573,
                        0.8390840291976929,
                        0.6233687400817871,
                        0.44167453050613403,
                        0.39443784952163696,
                        0.5989779233932495,
                        0.6136806011199951,
                        0.6354485154151917,
                        0.6556599736213684,
                        0.5529979467391968,
                        0.692779004573822,
                        0.6594063639640808,
                        0.6152696013450623,
                        0.6048807501792908,
                        0.6418691277503967,
                        0.7916024327278137,
                        0.7348082065582275,
                        0.7039209008216858,
                        0.6939613819122314,
                        0.8378419280052185
                    ],
                    [
                        0.02157813310623169,
                        -0.10233408212661743,
                        -0.19025912880897522,
                        -0.16615456342697144,
                        -0.0109499990940094,
                        -0.032219111919403076,
                        0.035783737897872925,
                        0.0384255051612854,
                        -0.17997685074806213,
                        -0.16869857907295227,
                        -0.144486665725708,
                        -0.1268836259841919,
                        -0.039520263671875,
                        -0.10133254528045654,
                        -0.16251537203788757,
                        -0.09876185655593872,
                        -0.03229498863220215,
                        -0.053858280181884766,
                        -0.031926363706588745,
                        -0.03262126445770264
                    ]
                ]
            ],
            "states": [
                [
                    [
                        5346016.0,
                        3.834013477899134e-05,
                        0.0014523763675242662,
                        508420.875
                    ],
                    [
                        5408280.0,
                        3.6602417821995914e-05,
                        0.0012122188927605748,
                        493151.53125
                    ],
                    [
                        5290992.0,
                        3.502258914522827e-05,
                        0.0010567386634647846,
                        527754.375
                    ],
                    [
                        4871072.0,
                        3.364306758157909e-05,
                        0.0010331012308597565,
                        499436.125
                    ],
                    [
                        5112888.0,
                        3.239049328840338e-05,
                        0.0008577806875109673,
                        510007.28125
                    ],
                    [
                        5560320.0,
                        3.1150953873293474e-05,
                        0.009355437941849232,
                        487248.6875
                    ],
                    [
                        5574800.0,
                        1.764485568855889e-05,
                        0.005326922982931137,
                        503265.46875
                    ],
                    [
                        5363392.0,
                        1.8441511201672256e-05,
                        0.00705355079844594,
                        500775.59375
                    ],
                    [
                        5134608.0,
                        2.999954449478537e-05,
                        0.003215600736439228,
                        494512.125
                    ],
                    [
                        5509640.0,
                        1.6405823771492578e-05,
                        0.005743528250604868,
                        466303.4375
                    ],
                    [
                        5509640.0,
                        1.6405823771492578e-05,
                        0.005743528250604868,
                        466303.4375
                    ],
                    [
                        5069448.0,
                        2.8978191039641388e-05,
                        0.0006789364852011204,
                        506032.28125
                    ],
                    [
                        5574800.0,
                        1.764485568855889e-05,
                        0.005326922982931137,
                        503265.46875
                    ],
                    [
                        1811448.0,
                        2.832559766829945e-05,
                        0.006547329016029835,
                        511753.5625
                    ],
                    [
                        5228728.0,
                        2.7692145522451028e-05,
                        0.00019177634385414422,
                        489897.5625
                    ],
                    [
                        5105648.0,
                        2.680875695659779e-05,
                        0.0001491233124397695,
                        484135.40625
                    ],
                    [
                        5137504.0,
                        2.59872085734969e-05,
                        0.0002625611668918282,
                        463221.75
                    ],
                    [
                        5053520.0,
                        2.521825081203133e-05,
                        0.0004885925445705652,
                        468607.3125
                    ],
                    [
                        4761024.0,
                        2.4519293219782412e-05,
                        0.0010367168579250574,
                        491127.34375
                    ],
                    [
                        4991256.0,
                        2.386243431828916e-05,
                        0.0028569940477609634,
                        492679.28125
                    ]
                ]
            ],
            "actions": [
                [
                    [
                        0.25
                    ],
                    [
                        0.25
                    ],
                    [
                        0.25
                    ],
                    [
                        0.25
                    ],
                    [
                        0.25
                    ],
                    [
                        0.25
                    ],
                    [
                        0.25
                    ],
                    [
                        0.25
                    ],
                    [
                        0.25
                    ],
                    [
                        0.25
                    ],
                    [
                        0.25
                    ],
                    [
                        0.25
                    ],
                    [
                        0.25
                    ],
                    [
                        0.25
                    ],
                    [
                        0.25
                    ],
                    [
                        0.25
                    ],
                    [
                        0.25
                    ],
                    [
                        0.25
                    ],
                    [
                        0.25
                    ],
                    [
                        0.25
                    ]
                ]
            ],
            "returns": [
                [
                    [
                        0.03608226776123047
                    ],
                    [
                        0.03514878451824188
                    ],
                    [
                        0.03421427682042122
                    ],
                    [
                        0.033281709998846054
                    ],
                    [
                        0.03235647454857826
                    ],
                    [
                        0.031426943838596344
                    ],
                    [
                        0.030489977449178696
                    ],
                    [
                        0.029552778229117393
                    ],
                    [
                        0.028619008138775826
                    ],
                    [
                        0.027689101174473763
                    ],
                    [
                        0.02675294503569603
                    ],
                    [
                        0.025816788896918297
                    ],
                    [
                        0.024888014420866966
                    ],
                    [
                        0.023950817063450813
                    ],
                    [
                        0.023113280534744263
                    ],
                    [
                        0.022181764245033264
                    ],
                    [
                        0.021252360194921494
                    ],
                    [
                        0.02032240480184555
                    ],
                    [
                        0.019393909722566605
                    ],
                    [
                        0.018470700830221176
                    ]
                ]
            ],
            "timesteps": [
                [
                    600,
                    601,
                    602,
                    603,
                    604,
                    605,
                    606,
                    607,
                    608,
                    609,
                    610,
                    611,
                    612,
                    613,
                    614,
                    615,
                    616,
                    617,
                    618,
                    619
                ]
            ],
            "labels": [
                [
                    0,
                    0,
                    0,
                    0,
                    0,
                    0,
                    0,
                    0,
                    0,
                    0,
                    0,
                    0,
                    0,
                    0,
                    0,
                    0,
                    0,
                    0,
                    0,
                    0
                ]
            ],
            "CPU Usage": 44.9,
            "RAM Usage": 55.4,
            "GPU Usage": 0.0,
            "VRAM Usage": 355.0,
            "Disk Read Speed (MB/s)": 206024.7626953125,
            "Disk Write Speed (MB/s)": 343165.8369140625
        },
        {
            "step": 1,
            "train_loss": 0.051345981657505035,
            "actions_pred1": [
                [
                    [
                        0.060012027621269226,
                        -0.23596952855587006,
                        0.5635583400726318,
                        0.31507018208503723
                    ],
                    [
                        -0.05623290687799454,
                        -0.0002738386392593384,
                        0.7529289126396179,
                        0.4016816020011902
                    ],
                    [
                        -0.15637937188148499,
                        0.10754616558551788,
                        0.7280194163322449,
                        0.33031460642814636
                    ],
                    [
                        -0.1633353978395462,
                        0.07919734716415405,
                        0.7637718915939331,
                        0.3287881910800934
                    ],
                    [
                        -0.11521237343549728,
                        0.13703398406505585,
                        0.7853929996490479,
                        0.27583131194114685
                    ],
                    [
                        -0.06968873739242554,
                        0.06886030733585358,
                        0.6851310729980469,
                        0.2404162585735321
                    ],
                    [
                        -0.00915362685918808,
                        0.11492492258548737,
                        0.7569572329521179,
                        0.15869730710983276
                    ],
                    [
                        -0.0019429698586463928,
                        0.07188195735216141,
                        0.7016043066978455,
                        0.19089415669441223
                    ],
                    [
                        -0.12462134659290314,
                        0.0017282813787460327,
                        0.7920178771018982,
                        0.1269640326499939
                    ],
                    [
                        -0.1223646029829979,
                        0.0917748361825943,
                        0.8557997345924377,
                        0.09432277083396912
                    ],
                    [
                        -0.24718661606311798,
                        -0.039212435483932495,
                        0.9305709004402161,
                        -0.0508076548576355
                    ],
                    [
                        -0.32123684883117676,
                        -0.01523677259683609,
                        0.7903004884719849,
                        -0.09449067711830139
                    ],
                    [
                        -0.3037550747394562,
                        0.031585514545440674,
                        0.7733114361763,
                        0.004275709390640259
                    ],
                    [
                        -0.2439274787902832,
                        0.08568315953016281,
                        0.8495800495147705,
                        0.08332276344299316
                    ],
                    [
                        -0.39312314987182617,
                        -0.19726800918579102,
                        0.8268616199493408,
                        -0.023130148649215698
                    ],
                    [
                        -0.2691245675086975,
                        -0.20422233641147614,
                        0.7869214415550232,
                        -0.0018242895603179932
                    ],
                    [
                        -0.28728580474853516,
                        -0.08547455817461014,
                        0.828970193862915,
                        -0.03265175223350525
                    ],
                    [
                        -0.305835098028183,
                        0.004843190312385559,
                        0.7488560080528259,
                        0.07572370767593384
                    ],
                    [
                        -0.22620370984077454,
                        -0.01447034627199173,
                        0.8450596332550049,
                        0.04764068126678467
                    ],
                    [
                        -0.22957351803779602,
                        -0.003973282873630524,
                        0.8023431301116943,
                        0.043863147497177124
                    ]
                ]
            ],
            "actions_pred": [
                [
                    [
                        0.060012027621269226,
                        -0.05623290687799454,
                        -0.15637937188148499,
                        -0.1633353978395462,
                        -0.11521237343549728,
                        -0.06968873739242554,
                        -0.00915362685918808,
                        -0.0019429698586463928,
                        -0.12462134659290314,
                        -0.1223646029829979,
                        -0.24718661606311798,
                        -0.32123684883117676,
                        -0.3037550747394562,
                        -0.2439274787902832,
                        -0.39312314987182617,
                        -0.2691245675086975,
                        -0.28728580474853516,
                        -0.305835098028183,
                        -0.22620370984077454,
                        -0.22957351803779602
                    ],
                    [
                        -0.23596952855587006,
                        -0.0002738386392593384,
                        0.10754616558551788,
                        0.07919734716415405,
                        0.13703398406505585,
                        0.06886030733585358,
                        0.11492492258548737,
                        0.07188195735216141,
                        0.0017282813787460327,
                        0.0917748361825943,
                        -0.039212435483932495,
                        -0.01523677259683609,
                        0.031585514545440674,
                        0.08568315953016281,
                        -0.19726800918579102,
                        -0.20422233641147614,
                        -0.08547455817461014,
                        0.004843190312385559,
                        -0.01447034627199173,
                        -0.003973282873630524
                    ],
                    [
                        0.5635583400726318,
                        0.7529289126396179,
                        0.7280194163322449,
                        0.7637718915939331,
                        0.7853929996490479,
                        0.6851310729980469,
                        0.7569572329521179,
                        0.7016043066978455,
                        0.7920178771018982,
                        0.8557997345924377,
                        0.9305709004402161,
                        0.7903004884719849,
                        0.7733114361763,
                        0.8495800495147705,
                        0.8268616199493408,
                        0.7869214415550232,
                        0.828970193862915,
                        0.7488560080528259,
                        0.8450596332550049,
                        0.8023431301116943
                    ],
                    [
                        0.31507018208503723,
                        0.4016816020011902,
                        0.33031460642814636,
                        0.3287881910800934,
                        0.27583131194114685,
                        0.2404162585735321,
                        0.15869730710983276,
                        0.19089415669441223,
                        0.1269640326499939,
                        0.09432277083396912,
                        -0.0508076548576355,
                        -0.09449067711830139,
                        0.004275709390640259,
                        0.08332276344299316,
                        -0.023130148649215698,
                        -0.0018242895603179932,
                        -0.03265175223350525,
                        0.07572370767593384,
                        0.04764068126678467,
                        0.043863147497177124
                    ]
                ]
            ],
            "states": [
                [
                    [
                        6436360.0,
                        3.756791920750402e-05,
                        0.00023788119142409414,
                        525420.0
                    ],
                    [
                        5822408.0,
                        3.5673747333930805e-05,
                        0.0002484873402863741,
                        540076.8125
                    ],
                    [
                        6120696.0,
                        3.400527930352837e-05,
                        0.00025739934062585235,
                        546681.375
                    ],
                    [
                        6143632.0,
                        3.2446547265863046e-05,
                        0.00019004895875696093,
                        549135.1875
                    ],
                    [
                        6290344.0,
                        3.100591857219115e-05,
                        0.00022606240236200392,
                        515628.96875
                    ],
                    [
                        7225288.0,
                        2.9579521651612595e-05,
                        0.0002532026555854827,
                        501138.75
                    ],
                    [
                        5695216.0,
                        2.8330134227871895e-05,
                        0.0002667571825440973,
                        501280.09375
                    ],
                    [
                        6048296.0,
                        2.72848174063256e-05,
                        0.00026687141507864,
                        520591.84375
                    ],
                    [
                        5956840.0,
                        2.6292696929886006e-05,
                        0.0002529114135541022,
                        510954.5
                    ],
                    [
                        5511320.0,
                        2.5409783120267093e-05,
                        0.0002583715249784291,
                        498321.25
                    ],
                    [
                        7421000.0,
                        2.448467603244353e-05,
                        0.001365873496979475,
                        470548.53125
                    ],
                    [
                        6653560.0,
                        2.3549235265818425e-05,
                        0.0008239395683631301,
                        489404.40625
                    ],
                    [
                        5919424.0,
                        2.2772055672248825e-05,
                        0.0005388445570133626,
                        494672.6875
                    ],
                    [
                        6049744.0,
                        2.2078909751144238e-05,
                        0.0005018769879825413,
                        522203.84375
                    ],
                    [
                        5699328.0,
                        2.1438178009702824e-05,
                        0.0005396626074798405,
                        525676.375
                    ],
                    [
                        5907840.0,
                        2.084095285681542e-05,
                        0.00039070475031621754,
                        484434.71875
                    ],
                    [
                        7654128.0,
                        2.0184714230708778e-05,
                        0.00037147922557778656,
                        485244.75
                    ],
                    [
                        6171376.0,
                        1.9555423932615668e-05,
                        0.00035373689024709165,
                        520211.9375
                    ],
                    [
                        5359048.0,
                        1.9060054910369217e-05,
                        0.0003472233365755528,
                        514446.75
                    ],
                    [
                        5344568.0,
                        1.8622442439664155e-05,
                        0.00021890846255701035,
                        526664.75
                    ]
                ]
            ],
            "actions": [
                [
                    [
                        0.5
                    ],
                    [
                        0.5
                    ],
                    [
                        0.5
                    ],
                    [
                        0.5
                    ],
                    [
                        0.5
                    ],
                    [
                        0.5
                    ],
                    [
                        0.5
                    ],
                    [
                        0.5
                    ],
                    [
                        0.5
                    ],
                    [
                        0.5
                    ],
                    [
                        0.5
                    ],
                    [
                        0.5
                    ],
                    [
                        0.5
                    ],
                    [
                        0.5
                    ],
                    [
                        0.5
                    ],
                    [
                        0.5
                    ],
                    [
                        0.5
                    ],
                    [
                        0.5
                    ],
                    [
                        0.5
                    ],
                    [
                        0.5
                    ]
                ]
            ],
            "returns": [
                [
                    [
                        0.17125853896141052
                    ],
                    [
                        0.17030860483646393
                    ],
                    [
                        0.16936755180358887
                    ],
                    [
                        0.16842207312583923
                    ],
                    [
                        0.16747625172138214
                    ],
                    [
                        0.1665283590555191
                    ],
                    [
                        0.16556815803050995
                    ],
                    [
                        0.16462907195091248
                    ],
                    [
                        0.1636846512556076
                    ],
                    [
                        0.16274157166481018
                    ],
                    [
                        0.1618053913116455
                    ],
                    [
                        0.16084282100200653
                    ],
                    [
                        0.15988995134830475
                    ],
                    [
                        0.1589474231004715
                    ],
                    [
                        0.15800298750400543
                    ],
                    [
                        0.157063826918602
                    ],
                    [
                        0.15612147748470306
                    ],
                    [
                        0.1551561802625656
                    ],
                    [
                        0.15420997142791748
                    ],
                    [
                        0.153276264667511
                    ]
                ]
            ],
            "timesteps": [
                [
                    440,
                    441,
                    442,
                    443,
                    444,
                    445,
                    446,
                    447,
                    448,
                    449,
                    450,
                    451,
                    452,
                    453,
                    454,
                    455,
                    456,
                    457,
                    458,
                    459
                ]
            ],
            "labels": [
                [
                    1,
                    1,
                    1,
                    1,
                    1,
                    1,
                    1,
                    1,
                    1,
                    1,
                    1,
                    1,
                    1,
                    1,
                    1,
                    1,
                    1,
                    1,
                    1,
                    1
                ]
            ],
            "CPU Usage": 47.2,
            "RAM Usage": 55.7,
            "GPU Usage": 0.0,
            "VRAM Usage": 355.0,
            "Disk Read Speed (MB/s)": 206024.7626953125,
            "Disk Write Speed (MB/s)": 343165.9892578125
        },
        {
            "step": 2,
            "train_loss": 0.058895498514175415,
            "actions_pred1": [
                [
                    [
                        0.32236573100090027,
                        -0.407344251871109,
                        0.8707638382911682,
                        0.6690148711204529
                    ],
                    [
                        0.23221424221992493,
                        -0.27267417311668396,
                        0.8999818563461304,
                        0.533937394618988
                    ],
                    [
                        -0.08496832847595215,
                        -0.18041713535785675,
                        0.7998167872428894,
                        0.3441906273365021
                    ],
                    [
                        -0.2630738615989685,
                        -0.1841038167476654,
                        0.7861689925193787,
                        0.32136714458465576
                    ],
                    [
                        -0.31701046228408813,
                        -0.15010207891464233,
                        0.7627855539321899,
                        0.30666086077690125
                    ],
                    [
                        -0.3723967671394348,
                        -0.21279066801071167,
                        0.8004283308982849,
                        0.285224050283432
                    ],
                    [
                        -0.42039987444877625,
                        -0.24578401446342468,
                        0.8369876742362976,
                        0.26374778151512146
                    ],
                    [
                        -0.5031311511993408,
                        -0.152133047580719,
                        0.8943114876747131,
                        0.2448575496673584
                    ],
                    [
                        -0.2754106819629669,
                        -0.1380140483379364,
                        0.8816022872924805,
                        0.2476901262998581
                    ],
                    [
                        -0.18899321556091309,
                        -0.2087744176387787,
                        0.9236850142478943,
                        0.14644712209701538
                    ],
                    [
                        -0.16668960452079773,
                        -0.19233247637748718,
                        0.6680787801742554,
                        0.29019153118133545
                    ],
                    [
                        -0.1441969871520996,
                        -0.17291992902755737,
                        0.753014087677002,
                        0.2727406322956085
                    ],
                    [
                        -0.16647127270698547,
                        -0.12503093481063843,
                        0.7006940245628357,
                        0.3652321696281433
                    ],
                    [
                        -0.24242518842220306,
                        -0.05449095368385315,
                        0.8387367725372314,
                        0.3280690908432007
                    ],
                    [
                        -0.2540069818496704,
                        -0.023959368467330933,
                        0.9238624572753906,
                        0.2175513207912445
                    ],
                    [
                        -0.27813518047332764,
                        -0.05103674530982971,
                        0.9222829341888428,
                        0.22235411405563354
                    ],
                    [
                        -0.27641457319259644,
                        -0.14119963347911835,
                        0.8080539703369141,
                        0.25569337606430054
                    ],
                    [
                        -0.324804425239563,
                        -0.08680261671543121,
                        0.8487846851348877,
                        0.21786504983901978
                    ],
                    [
                        -0.27485284209251404,
                        0.04093480855226517,
                        0.857370138168335,
                        0.2083062082529068
                    ],
                    [
                        -0.1843779981136322,
                        0.057680435478687286,
                        0.7745611667633057,
                        0.29006141424179077
                    ]
                ]
            ],
            "actions_pred": [
                [
                    [
                        0.32236573100090027,
                        0.23221424221992493,
                        -0.08496832847595215,
