{
    "steps": [
        {
            "step": 0,
            "train_loss": 0.04255073517560959,
            "actions_pred1": [
                [
                    [
                        0.8298035860061646,
                        0.8858396410942078,
                        1.1412954330444336,
                        -1.2780483961105347
                    ],
                    [
                        0.7504894733428955,
                        0.8293084502220154,
                        0.912401020526886,
                        -1.0828661918640137
                    ],
                    [
                        0.7378088235855103,
                        0.9599502682685852,
                        0.8083550333976746,
                        -1.1089407205581665
                    ],
                    [
                        0.7045556306838989,
                        0.8926641941070557,
                        0.8078741431236267,
                        -1.1777997016906738
                    ],
                    [
                        0.6977218985557556,
                        0.8087730407714844,
                        0.805236279964447,
                        -1.5069377422332764
                    ],
                    [
                        0.6332119703292847,
                        0.785262942314148,
                        0.8483214378356934,
                        -1.4537088871002197
                    ],
                    [
                        0.5570647716522217,
                        0.7238208055496216,
                        0.8847013711929321,
                        -1.5129921436309814
                    ],
                    [
                        0.5562314987182617,
                        0.7688220739364624,
                        0.8297715783119202,
                        -1.5509636402130127
                    ],
                    [
                        0.585519552230835,
                        0.8280365467071533,
                        0.887103259563446,
                        -1.7035657167434692
                    ],
                    [
                        0.49721449613571167,
                        0.9899200797080994,
                        0.8165287971496582,
                        -1.4188898801803589
                    ],
                    [
                        0.39516985416412354,
                        0.7400208711624146,
                        0.8323779702186584,
                        -1.3987932205200195
                    ],
                    [
                        0.42908239364624023,
                        0.6625667810440063,
                        0.8719753623008728,
                        -1.5146048069000244
                    ],
                    [
                        0.5051535367965698,
                        0.8382411599159241,
                        1.1217143535614014,
                        -1.443772792816162
                    ],
                    [
                        0.5187839269638062,
                        0.803678572177887,
                        0.9937398433685303,
                        -1.4112629890441895
                    ],
                    [
                        0.44121813774108887,
                        0.7873672842979431,
                        0.9677099585533142,
                        -1.4936153888702393
                    ],
                    [
                        0.4266459345817566,
                        0.5664093494415283,
                        1.1655468940734863,
                        -1.345342755317688
                    ],
                    [
                        0.362906813621521,
                        0.5671435594558716,
                        1.2112129926681519,
                        -1.4257912635803223
                    ],
                    [
                        0.450229287147522,
                        0.726494312286377,
                        1.0315752029418945,
                        -1.4075778722763062
                    ],
                    [
                        0.4951407313346863,
                        0.7037609815597534,
                        0.9905903935432434,
                        -1.4981845617294312
                    ],
                    [
                        0.473675012588501,
                        0.8429828882217407,
                        0.9245980978012085,
                        -1.450906753540039
                    ]
                ]
            ],
            "actions_pred": [
                [
                    [
                        0.8298035860061646,
                        0.7504894733428955,
                        0.7378088235855103,
                        0.7045556306838989,
                        0.6977218985557556,
                        0.6332119703292847,
                        0.5570647716522217,
                        0.5562314987182617,
                        0.585519552230835,
                        0.49721449613571167,
                        0.39516985416412354,
                        0.42908239364624023,
                        0.5051535367965698,
                        0.5187839269638062,
                        0.44121813774108887,
                        0.4266459345817566,
                        0.362906813621521,
                        0.450229287147522,
                        0.4951407313346863,
                        0.473675012588501
                    ],
                    [
                        0.8858396410942078,
                        0.8293084502220154,
                        0.9599502682685852,
                        0.8926641941070557,
                        0.8087730407714844,
                        0.785262942314148,
                        0.7238208055496216,
                        0.7688220739364624,
                        0.8280365467071533,
                        0.9899200797080994,
                        0.7400208711624146,
                        0.6625667810440063,
                        0.8382411599159241,
                        0.803678572177887,
                        0.7873672842979431,
                        0.5664093494415283,
                        0.5671435594558716,
                        0.726494312286377,
                        0.7037609815597534,
                        0.8429828882217407
                    ],
                    [
                        1.1412954330444336,
                        0.912401020526886,
                        0.8083550333976746,
                        0.8078741431236267,
                        0.805236279964447,
                        0.8483214378356934,
                        0.8847013711929321,
                        0.8297715783119202,
                        0.887103259563446,
                        0.8165287971496582,
                        0.8323779702186584,
                        0.8719753623008728,
                        1.1217143535614014,
                        0.9937398433685303,
                        0.9677099585533142,
                        1.1655468940734863,
                        1.2112129926681519,
                        1.0315752029418945,
                        0.9905903935432434,
                        0.9245980978012085
                    ],
                    [
                        -1.2780483961105347,
                        -1.0828661918640137,
                        -1.1089407205581665,
                        -1.1777997016906738,
                        -1.5069377422332764,
                        -1.4537088871002197,
                        -1.5129921436309814,
                        -1.5509636402130127,
                        -1.7035657167434692,
                        -1.4188898801803589,
                        -1.3987932205200195,
                        -1.5146048069000244,
                        -1.443772792816162,
                        -1.4112629890441895,
                        -1.4936153888702393,
                        -1.345342755317688,
                        -1.4257912635803223,
                        -1.4075778722763062,
                        -1.4981845617294312,
                        -1.450906753540039
                    ]
                ]
            ],
            "states": [
                [
                    [
                        195480.0,
                        0.00017859364743344486,
                        0.0014523763675242662,
                        455306.15625
                    ],
                    [
                        224440.0,
                        0.00017706550715956837,
                        0.0012122188927605748,
                        199210.375
                    ],
                    [
                        260640.0,
                        0.00017533254867885262,
                        0.0010567386634647846,
                        291813.4375
                    ],
                    [
                        231680.0,
                        0.00017360733181703836,
                        0.0010331012308597565,
                        619352.5625
                    ],
                    [
                        201272.0,
                        0.00017211795784533024,
                        0.0008577806875109673,
                        757621.5
                    ],
                    [
                        233128.0,
                        0.0001706496550468728,
                        0.002856994280591607,
                        402371.75
                    ],
                    [
                        238920.0,
                        0.00016908197721932083,
                        0.005327177233994007,
                        418626.09375
                    ],
                    [
                        185344.0,
                        0.00016769685316830873,
                        0.006734849885106087,
                        490648.125
                    ],
                    [
                        205616.0,
                        0.000166440979228355,
                        0.008968048729002476,
                        304516.78125
                    ],
                    [
                        195480.0,
                        0.00016517171752639115,
                        0.00019177634385414422,
                        553446.625
                    ],
                    [
                        202720.0,
                        0.00016393074474763125,
                        0.0001491233124397695,
                        853423.1875
                    ],
                    [
                        209960.0,
                        0.00016266417514998466,
                        0.0002625611668918282,
                        298799.9375
                    ],
                    [
                        209960.0,
                        0.0001613952626939863,
                        0.0004885925445705652,
                        376011.875
                    ],
                    [
                        144800.0,
                        0.00016033815336413682,
                        0.0010367168579250574,
                        94745.609375
                    ],
                    [
                        246160.0,
                        0.00015919026918709278,
                        0.0028569940477609634,
                        223245.734375
                    ],
                    [
                        253400.0,
                        0.000157746413606219,
                        0.005327177233994007,
                        267948.78125
                    ],
                    [
                        296840.0,
                        0.00015618640463799238,
                        0.006734849885106087,
                        291045.46875
                    ],
                    [
                        340280.0,
                        0.0001544181868666783,
                        0.008968048729002476,
                        376205.125
                    ],
                    [
                        405440.0,
                        0.0001523990067653358,
                        0.010990988463163376,
                        467932.84375
                    ],
                    [
                        463360.0,
                        0.0001501120423199609,
                        0.011323424987494946,
                        301846.5
                    ]
                ]
            ],
            "actions": [
                [
                    [
                        0.25
                    ],
                    [
                        0.25
                    ],
                    [
                        0.25
                    ],
                    [
                        0.25
                    ],
                    [
                        0.25
                    ],
                    [
                        0.25
                    ],
                    [
                        0.25
                    ],
                    [
                        0.25
                    ],
                    [
                        0.25
                    ],
                    [
                        0.25
                    ],
                    [
                        0.25
                    ],
                    [
                        0.25
                    ],
                    [
                        0.25
                    ],
                    [
                        0.25
                    ],
                    [
                        0.25
                    ],
                    [
                        0.25
                    ],
                    [
                        0.25
                    ],
                    [
                        0.25
                    ],
                    [
                        0.25
                    ],
                    [
                        0.25
                    ]
                ]
            ],
            "returns": [
                [
                    [
                        0.0820998102426529
                    ],
                    [
                        0.0814596638083458
                    ],
                    [
                        0.08080726861953735
                    ],
                    [
                        0.08014161884784698
                    ],
                    [
                        0.0794864147901535
                    ],
                    [
                        0.07884368300437927
                    ],
                    [
                        0.07818792015314102
                    ],
                    [
                        0.07752998173236847
                    ],
                    [
                        0.07689455896615982
                    ],
                    [
                        0.07624993473291397
                    ],
                    [
                        0.07560978829860687
                    ],
                    [
                        0.0749664157629013
                    ],
                    [
                        0.07431993633508682
                    ],
                    [
                        0.07367345690727234
                    ],
                    [
                        0.07305991649627686
                    ],
                    [
                        0.0723993331193924
                    ],
                    [
                        0.07173618674278259
                    ],
                    [
                        0.07105900347232819
                    ],
                    [
                        0.07036971300840378
                    ],
                    [
                        0.06966488808393478
                    ]
                ]
            ],
            "timesteps": [
                [
                    540,
                    541,
                    542,
                    543,
                    544,
                    545,
                    546,
                    547,
                    548,
                    549,
                    550,
                    551,
                    552,
                    553,
                    554,
                    555,
                    556,
                    557,
                    558,
                    559
                ]
            ],
            "labels": [
                [
                    0,
                    0,
                    0,
                    0,
                    0,
                    0,
                    0,
                    0,
                    0,
                    0,
                    0,
                    0,
                    0,
                    0,
                    0,
                    0,
                    0,
                    0,
                    0,
                    0
                ]
            ],
            "CPU Usage": 46.4,
            "RAM Usage": 55.1,
            "GPU Usage": 0.0,
            "VRAM Usage": 355.0,
            "Disk Read Speed (MB/s)": 206398.1884765625,
            "Disk Write Speed (MB/s)": 383700.9111328125
        },
        {
            "step": 1,
            "train_loss": 0.026542577892541885,
            "actions_pred1": [
                [
                    [
                        0.26969414949417114,
                        0.5413665771484375,
                        1.1242495775222778,
                        -0.8722825050354004
                    ],
                    [
                        0.23569342494010925,
                        0.521296501159668,
                        1.0936803817749023,
                        -0.9059115648269653
                    ],
                    [
                        0.3055080771446228,
                        0.5527100563049316,
                        0.9947722554206848,
                        -0.9831489324569702
                    ],
                    [
                        0.3382694125175476,
                        0.4082189202308655,
                        0.8967101573944092,
                        -1.192737340927124
                    ],
                    [
                        0.482565313577652,
                        0.3898215889930725,
                        0.9212682247161865,
                        -1.266460657119751
                    ],
                    [
                        0.4616241753101349,
                        0.36958515644073486,
                        0.8644434213638306,
                        -1.2022325992584229
                    ],
                    [
                        0.4571272134780884,
                        0.6385891437530518,
                        0.770176112651825,
                        -1.161268949508667
                    ],
                    [
                        0.4878998100757599,
                        0.6080152988433838,
                        0.9071186184883118,
                        -1.0937845706939697
                    ],
                    [
                        0.571564793586731,
                        0.6521238088607788,
                        0.9069359302520752,
                        -1.2167978286743164
                    ],
                    [
                        0.48693418502807617,
                        0.6311576962471008,
                        0.9225951433181763,
                        -1.290703535079956
                    ],
                    [
                        0.4751014709472656,
                        0.6121916770935059,
                        0.9616869688034058,
                        -1.263821005821228
                    ],
                    [
                        0.40879470109939575,
                        0.6255665421485901,
                        0.9198965430259705,
                        -1.2580957412719727
                    ],
                    [
                        0.5018374919891357,
                        0.5660964250564575,
                        1.0947779417037964,
                        -1.3475744724273682
                    ],
                    [
                        0.4825894832611084,
                        0.6069868206977844,
                        1.0887000560760498,
                        -1.3261353969573975
                    ],
                    [
                        0.4411083161830902,
                        0.633561909198761,
                        0.9951045513153076,
                        -1.3506851196289062
                    ],
                    [
                        0.350660502910614,
                        0.6529737710952759,
                        1.0911508798599243,
                        -1.4310939311981201
                    ],
                    [
                        0.2185293734073639,
                        0.6760879158973694,
                        1.1054246425628662,
                        -1.4034805297851562
                    ],
                    [
                        0.4236236810684204,
                        0.7274276614189148,
                        1.018093466758728,
                        -1.37943696975708
                    ],
                    [
                        0.3566927909851074,
                        0.6841056942939758,
                        1.049210786819458,
                        -1.3532462120056152
                    ],
                    [
                        0.3264692723751068,
                        0.6340513229370117,
                        1.134562373161316,
                        -1.325524091720581
                    ]
                ]
            ],
            "actions_pred": [
                [
                    [
                        0.26969414949417114,
                        0.23569342494010925,
                        0.3055080771446228,
                        0.3382694125175476,
                        0.482565313577652,
                        0.4616241753101349,
                        0.4571272134780884,
                        0.4878998100757599,
                        0.571564793586731,
                        0.48693418502807617,
                        0.4751014709472656,
                        0.40879470109939575,
                        0.5018374919891357,
                        0.4825894832611084,
                        0.4411083161830902,
                        0.350660502910614,
                        0.2185293734073639,
                        0.4236236810684204,
                        0.3566927909851074,
                        0.3264692723751068
                    ],
                    [
                        0.5413665771484375,
                        0.521296501159668,
                        0.5527100563049316,
                        0.4082189202308655,
                        0.3898215889930725,
                        0.36958515644073486,
                        0.6385891437530518,
                        0.6080152988433838,
                        0.6521238088607788,
                        0.6311576962471008,
                        0.6121916770935059,
                        0.6255665421485901,
                        0.5660964250564575,
                        0.6069868206977844,
                        0.633561909198761,
                        0.6529737710952759,
                        0.6760879158973694,
                        0.7274276614189148,
                        0.6841056942939758,
                        0.6340513229370117
                    ],
                    [
                        1.1242495775222778,
                        1.0936803817749023,
                        0.9947722554206848,
                        0.8967101573944092,
                        0.9212682247161865,
                        0.8644434213638306,
                        0.770176112651825,
                        0.9071186184883118,
                        0.9069359302520752,
                        0.9225951433181763,
                        0.9616869688034058,
                        0.9198965430259705,
                        1.0947779417037964,
                        1.0887000560760498,
                        0.9951045513153076,
                        1.0911508798599243,
                        1.1054246425628662,
                        1.018093466758728,
                        1.049210786819458,
                        1.134562373161316
                    ],
                    [
                        -0.8722825050354004,
                        -0.9059115648269653,
                        -0.9831489324569702,
                        -1.192737340927124,
                        -1.266460657119751,
                        -1.2022325992584229,
                        -1.161268949508667,
                        -1.0937845706939697,
                        -1.2167978286743164,
                        -1.290703535079956,
                        -1.263821005821228,
                        -1.2580957412719727,
                        -1.3475744724273682,
                        -1.3261353969573975,
                        -1.3506851196289062,
                        -1.4310939311981201,
                        -1.4034805297851562,
                        -1.37943696975708,
                        -1.3532462120056152,
                        -1.325524091720581
                    ]
                ]
            ],
            "states": [
                [
                    [
                        5451720.0,
                        5.395679545472376e-05,
                        0.00037329201586544514,
                        787492.0625
                    ],
                    [
                        5280856.0,
                        5.18798733537551e-05,
                        0.00029995679506100714,
                        814349.6875
                    ],
                    [
                        5398144.0,
                        4.996706411475316e-05,
                        0.0002722619683481753,
                        830635.1875
                    ],
                    [
                        5419864.0,
                        4.8167821660172194e-05,
                        0.0002737951872404665,
                        823458.5625
                    ],
                    [
                        5285200.0,
                        4.651026029023342e-05,
                        0.0002537628752179444,
                        847604.5625
                    ],
                    [
                        5632720.0,
                        4.493406231631525e-05,
                        0.0002845273702405393,
                        778198.5625
                    ],
                    [
                        4926096.0,
                        4.350659582996741e-05,
                        0.00027429292094893754,
                        769937.4375
                    ],
                    [
                        5379320.0,
                        4.219951370032504e-05,
                        0.0002784566895570606,
                        775819.3125
                    ],
                    [
                        5141848.0,
                        4.0942868508864194e-05,
                        0.00027366288122721016,
                        804782.8125
                    ],
                    [
                        5422760.0,
                        3.9754886529408395e-05,
                        0.0002617421268951148,
                        784755.125
                    ],
                    [
                        5163568.0,
                        3.8631129427812994e-05,
                        0.000270931632257998,
                        777998.8125
                    ],
                    [
                        5172256.0,
                        3.7593843444483355e-05,
                        0.00027350522577762604,
                        827638.0
                    ],
                    [
                        5228728.0,
                        3.6604818888008595e-05,
                        0.0002609447401482612,
                        836480.3125
                    ],
                    [
                        5215696.0,
                        3.566250597941689e-05,
                        0.0002695223083719611,
                        842399.5625
                    ],
                    [
                        5496608.0,
                        3.474534969427623e-05,
                        0.00026009109569713473,
                        814649.5
                    ],
                    [
                        5165016.0,
                        3.3877906389534473e-05,
                        0.0002577552804723382,
                        820590.75
                    ],
                    [
                        5712360.0,
                        3.3036900276783854e-05,
                        0.0002756010799203068,
                        835693.0625
                    ],
                    [
                        5086824.0,
                        3.224165993742645e-05,
                        0.0002540297864470631,
                        845564.6875
                    ],
                    [
                        5490816.0,
                        3.14996468659956e-05,
                        0.00027847016463056207,
                        824773.25
                    ],
                    [
                        5183840.0,
                        3.078411828028038e-05,
                        0.0002814441977534443,
                        810358.5625
                    ]
                ]
            ],
            "actions": [
                [
                    [
                        0.75
                    ],
                    [
                        0.75
                    ],
                    [
                        0.75
                    ],
                    [
                        0.75
                    ],
                    [
                        0.75
                    ],
                    [
                        0.75
                    ],
                    [
                        0.75
                    ],
                    [
                        0.75
                    ],
                    [
                        0.75
                    ],
                    [
                        0.75
                    ],
                    [
                        0.75
                    ],
                    [
                        0.75
                    ],
                    [
                        0.75
                    ],
                    [
                        0.75
                    ],
                    [
                        0.75
                    ],
                    [
                        0.75
                    ],
                    [
                        0.75
                    ],
                    [
                        0.75
                    ],
                    [
                        0.75
                    ],
                    [
                        0.75
                    ]
                ]
            ],
            "returns": [
                [
                    [
                        0.36055833101272583
                    ],
                    [
                        0.35962310433387756
                    ],
                    [
                        0.35869070887565613
                    ],
                    [
                        0.3577563464641571
                    ],
                    [
                        0.3568216562271118
                    ],
                    [
                        0.3558892011642456
                    ],
                    [
                        0.35495108366012573
                    ],
                    [
                        0.35402485728263855
                    ],
                    [
                        0.3530908226966858
                    ],
                    [
                        0.352160781621933
                    ],
                    [
                        0.3512260317802429
                    ],
                    [
                        0.35029563307762146
                    ],
                    [
                        0.34936508536338806
                    ],
                    [
                        0.34843355417251587
                    ],
                    [
                        0.3475022614002228
                    ],
                    [
                        0.3465663194656372
                    ],
                    [
                        0.34563589096069336
                    ],
                    [
                        0.3446965217590332
                    ],
                    [
                        0.3437674641609192
                    ],
                    [
                        0.3428316116333008
                    ]
                ]
            ],
            "timesteps": [
                [
                    240,
                    241,
                    242,
                    243,
                    244,
                    245,
                    246,
                    247,
                    248,
                    249,
                    250,
                    251,
                    252,
                    253,
                    254,
                    255,
                    256,
                    257,
                    258,
                    259
                ]
            ],
            "labels": [
                [
                    2,
                    2,
                    2,
                    2,
                    2,
                    2,
                    2,
                    2,
                    2,
                    2,
                    2,
                    2,
                    2,
                    2,
                    2,
                    2,
                    2,
                    2,
                    2,
                    2
                ]
            ],
            "CPU Usage": 46.6,
            "RAM Usage": 55.2,
            "GPU Usage": 0.0,
            "VRAM Usage": 356.0,
            "Disk Read Speed (MB/s)": 206398.1884765625,
            "Disk Write Speed (MB/s)": 383701.0869140625
        },
        {
            "step": 2,
            "train_loss": 0.04930839687585831,
            "actions_pred1": [
                [
                    [
                        0.30732589960098267,
                        0.6278043985366821,
                        0.9145786762237549,
                        -1.2326600551605225
                    ],
                    [
                        0.3410985767841339,
                        0.8145464658737183,
                        0.8623510599136353,
                        -1.043253779411316
                    ],
                    [
                        0.2637919783592224,
                        0.7430329322814941,
                        0.5894374251365662,
                        -0.891748309135437
                    ],
                    [
                        0.2394849956035614,
                        0.7289412617683411,
                        0.5813702344894409,
                        -0.9689167737960815
                    ],
                    [
                        0.34918564558029175,
                        0.6711655259132385,
                        0.7860933542251587,
                        -1.1728577613830566
                    ],
                    [
                        0.2873035669326782,
                        0.7063654661178589,
                        0.9448379278182983,
                        -1.1472911834716797
                    ],
                    [
                        0.218136727809906,
                        0.6541581749916077,
                        1.0398412942886353,
                        -1.2189488410949707
                    ],
                    [
                        0.022610783576965332,
                        0.6799008846282959,
                        1.016094446182251,
                        -1.2634118795394897
                    ],
                    [
                        0.1628170609474182,
                        0.7244161367416382,
                        1.108077049255371,
                        -1.2424263954162598
                    ],
                    [
                        0.131703719496727,
                        0.706313967704773,
                        1.2084465026855469,
                        -1.2408573627471924
                    ],
                    [
                        0.10181029140949249,
                        0.697806715965271,
                        1.1281942129135132,
                        -1.2763166427612305
                    ],
                    [
                        0.40897536277770996,
                        0.49285146594047546,
                        1.1327000856399536,
                        -1.318905234336853
                    ],
                    [
                        0.2656068205833435,
                        0.5057713389396667,
                        1.1128965616226196,
                        -1.197951078414917
                    ],
                    [
                        0.2688911557197571,
                        0.4627327024936676,
                        1.0336323976516724,
                        -1.309452772140503
                    ],
                    [
                        0.33637183904647827,
                        0.5890294313430786,
                        1.0145372152328491,
                        -1.2552344799041748
                    ],
                    [
                        0.2970440983772278,
                        0.6147220134735107,
                        1.0747041702270508,
                        -1.3452916145324707
                    ],
                    [
                        0.2517169415950775,
                        0.7286189198493958,
                        1.109885811805725,
                        -1.3526840209960938
                    ],
                    [
                        0.27431994676589966,
                        0.712479829788208,
                        1.045326590538025,
                        -1.2247583866119385
                    ],
                    [
                        0.27188199758529663,
                        0.6584559679031372,
                        1.09190034866333,
                        -1.2825137376785278
                    ],
                    [
                        0.28111532330513,
                        0.5193111896514893,
                        1.0550893545150757,
                        -1.2190979719161987
                    ]
                ]
            ],
            "actions_pred": [
                [
                    [
                        0.30732589960098267,
                        0.3410985767841339,
                        0.2637919783592224,
                        0.2394849956035614,
                        0.34918564558029175,
                        0.2873035669326782,
                        0.218136727809906,
                        0.022610783576965332,
                        0.1628170609474182,
                        0.131703719496727,
                        0.10181029140949249,
                        0.40897536277770996,
