{
    "steps": [
        {
            "step": 0,
            "train_loss": 0.03770720958709717,
            "actions_pred1": [
                [
                    [
                        0.5545138120651245,
                        0.34400802850723267,
                        0.8520272970199585,
                        -0.9688681364059448
                    ],
                    [
                        0.4380677342414856,
                        0.5364654064178467,
                        0.795714259147644,
                        -0.8695619106292725
                    ],
                    [
                        0.3769174814224243,
                        0.4750179052352905,
                        0.9072431325912476,
                        -0.8734857439994812
                    ],
                    [
                        0.5357391834259033,
                        0.41844379901885986,
                        0.8092012405395508,
                        -0.7953812479972839
                    ],
                    [
                        0.45141080021858215,
                        0.4779764711856842,
                        0.7880939841270447,
                        -0.8990586996078491
                    ],
                    [
                        0.6799252033233643,
                        0.44759678840637207,
                        0.6864356994628906,
                        -0.7454741597175598
                    ],
                    [
                        0.769294261932373,
                        0.4778880774974823,
                        0.7287798523902893,
                        -0.7344878315925598
                    ],
                    [
                        0.775611400604248,
                        0.41314393281936646,
                        0.7774503827095032,
                        -0.9883601665496826
                    ],
                    [
                        0.7422717809677124,
                        0.4843451678752899,
                        0.9088221788406372,
                        -1.087243914604187
                    ],
                    [
                        0.5473307967185974,
                        0.6027354001998901,
                        0.9763621687889099,
                        -0.993123471736908
                    ],
                    [
                        0.5304547548294067,
                        0.58427894115448,
                        0.61638343334198,
                        -0.9805679321289062
                    ],
                    [
                        0.5662761330604553,
                        0.48796623945236206,
                        0.6309013962745667,
                        -0.8637404441833496
                    ],
                    [
                        0.5991923809051514,
                        0.565109372138977,
                        0.6778459548950195,
                        -0.8183180689811707
                    ],
                    [
                        0.5697937607765198,
                        0.562146782875061,
                        0.5331527590751648,
                        -0.6957935690879822
                    ],
                    [
                        0.5472588539123535,
                        0.48456549644470215,
                        0.555196225643158,
                        -0.77216637134552
                    ],
                    [
                        0.5396908521652222,
                        0.6586170196533203,
                        0.5495766401290894,
                        -1.0225191116333008
                    ],
                    [
                        0.5089315176010132,
                        0.6409173011779785,
                        0.6745595932006836,
                        -1.030695915222168
                    ],
                    [
                        0.5282158851623535,
                        0.562817394733429,
                        0.6908482313156128,
                        -0.8652148246765137
                    ],
                    [
                        0.5140237808227539,
                        0.6035987138748169,
                        0.6323120594024658,
                        -0.8180755972862244
                    ],
                    [
                        0.7331104874610901,
                        0.5251958966255188,
                        0.5112878680229187,
                        -0.9369922876358032
                    ]
                ]
            ],
            "actions_pred": [
                [
                    [
                        0.5545138120651245,
                        0.4380677342414856,
                        0.3769174814224243,
                        0.5357391834259033,
                        0.45141080021858215,
                        0.6799252033233643,
                        0.769294261932373,
                        0.775611400604248,
                        0.7422717809677124,
                        0.5473307967185974,
                        0.5304547548294067,
                        0.5662761330604553,
                        0.5991923809051514,
                        0.5697937607765198,
                        0.5472588539123535,
                        0.5396908521652222,
                        0.5089315176010132,
                        0.5282158851623535,
                        0.5140237808227539,
                        0.7331104874610901
                    ],
                    [
                        0.34400802850723267,
                        0.5364654064178467,
                        0.4750179052352905,
                        0.41844379901885986,
                        0.4779764711856842,
                        0.44759678840637207,
                        0.4778880774974823,
                        0.41314393281936646,
                        0.4843451678752899,
                        0.6027354001998901,
                        0.58427894115448,
                        0.48796623945236206,
                        0.565109372138977,
                        0.562146782875061,
                        0.48456549644470215,
                        0.6586170196533203,
                        0.6409173011779785,
                        0.562817394733429,
                        0.6035987138748169,
                        0.5251958966255188
                    ],
                    [
                        0.8520272970199585,
                        0.795714259147644,
                        0.9072431325912476,
                        0.8092012405395508,
                        0.7880939841270447,
                        0.6864356994628906,
                        0.7287798523902893,
                        0.7774503827095032,
                        0.9088221788406372,
                        0.9763621687889099,
                        0.61638343334198,
                        0.6309013962745667,
                        0.6778459548950195,
                        0.5331527590751648,
                        0.555196225643158,
                        0.5495766401290894,
                        0.6745595932006836,
                        0.6908482313156128,
                        0.6323120594024658,
                        0.5112878680229187
                    ],
                    [
                        -0.9688681364059448,
                        -0.8695619106292725,
                        -0.8734857439994812,
                        -0.7953812479972839,
                        -0.8990586996078491,
                        -0.7454741597175598,
                        -0.7344878315925598,
                        -0.9883601665496826,
                        -1.087243914604187,
                        -0.993123471736908,
                        -0.9805679321289062,
                        -0.8637404441833496,
                        -0.8183180689811707,
                        -0.6957935690879822,
                        -0.77216637134552,
                        -1.0225191116333008,
                        -1.030695915222168,
                        -0.8652148246765137,
                        -0.8180755972862244,
                        -0.9369922876358032
                    ]
                ]
            ],
            "states": [
                [
                    [
                        492320.0,
                        0.00014767394168302417,
                        0.018082506954669952,
                        363027.84375
                    ],
                    [
                        506800.0,
                        0.00014520809054374695,
                        0.01018515508621931,
                        441748.1875
                    ],
                    [
                        501008.0,
                        0.00014280257164500654,
                        0.009355437941849232,
                        481891.75
                    ],
                    [
                        543000.0,
                        0.00014039389498066157,
                        0.008023547939956188,
                        309271.0625
                    ],
                    [
                        571960.0,
                        0.00013790946104563773,
                        0.007616695482283831,
                        326690.1875
                    ],
                    [
                        626984.0,
                        0.00013533451419789344,
                        0.00705355079844594,
                        304830.28125
                    ],
                    [
                        582096.0,
                        0.00013283209409564734,
                        0.006484133191406727,
                        283344.0
                    ],
                    [
                        638568.0,
                        0.00013039908662904054,
                        0.005326922982931137,
                        341204.21875
                    ],
                    [
                        584992.0,
                        0.00012804687139578164,
                        0.005689277779310942,
                        350770.6875
                    ],
                    [
                        631328.0,
                        0.00012579229951370507,
                        0.0069713592529296875,
                        304207.3125
                    ],
                    [
                        438744.0,
                        0.00012387130118440837,
                        0.005918858107179403,
                        445445.40625
                    ],
                    [
                        682008.0,
                        0.00012192520807730034,
                        0.005743528250604868,
                        443906.625
                    ],
                    [
                        894864.0,
                        0.00011928792810067534,
                        0.007119554560631514,
                        502220.71875
                    ],
                    [
                        799296.0,
                        0.00011657496361294761,
                        0.006755398586392403,
                        559882.4375
                    ],
                    [
                        1003464.0,
                        0.000113823996798601,
                        0.007165591698139906,
                        431313.21875
                    ],
                    [
                        990432.0,
                        0.00011092599743278697,
                        0.006897749379277229,
                        501689.5625
                    ],
                    [
                        1185912.0,
                        0.00010792924149427563,
                        0.00677958969026804,
                        421160.84375
                    ],
                    [
                        1324920.0,
                        0.00010466613457538188,
                        0.006738434080034494,
                        445300.59375
                    ],
                    [
                        1403112.0,
                        0.00010133643809240311,
                        0.008364989422261715,
                        440591.6875
                    ],
                    [
                        1637688.0,
                        9.786803275346756e-05,
                        0.005549952387809753,
                        381840.25
                    ]
                ]
            ],
            "actions": [
                [
                    [
                        0.25
                    ],
                    [
                        0.25
                    ],
                    [
                        0.25
                    ],
                    [
                        0.25
                    ],
                    [
                        0.25
                    ],
                    [
                        0.25
                    ],
                    [
                        0.25
                    ],
                    [
                        0.25
                    ],
                    [
                        0.25
                    ],
                    [
                        0.25
                    ],
                    [
                        0.25
                    ],
                    [
                        0.25
                    ],
                    [
                        0.25
                    ],
                    [
                        0.25
                    ],
                    [
                        0.25
                    ],
                    [
                        0.25
                    ],
                    [
                        0.25
                    ],
                    [
                        0.25
                    ],
                    [
                        0.25
                    ],
                    [
                        0.25
                    ]
                ]
            ],
            "returns": [
                [
                    [
                        0.06894823163747787
                    ],
                    [
                        0.06822619587182999
                    ],
                    [
                        0.06750158965587616
                    ],
                    [
                        0.06677800416946411
                    ],
                    [
                        0.06604728102684021
                    ],
                    [
                        0.06531195342540741
                    ],
                    [
                        0.06456847488880157
                    ],
                    [
                        0.06383159011602402
                    ],
                    [
                        0.06308649480342865
                    ],
                    [
                        0.062349170446395874
                    ],
                    [
                        0.06160508468747139
                    ],
                    [
                        0.060893263667821884
                    ],
                    [
                        0.060142334550619125
                    ],
                    [
                        0.05936732143163681
                    ],
                    [
                        0.05860232189297676
                    ],
                    [
                        0.05781715363264084
                    ],
                    [
                        0.05703314393758774
                    ],
                    [
                        0.05623316764831543
                    ],
                    [
                        0.05542336031794548
                    ],
                    [
                        0.05460847169160843
                    ]
                ]
            ],
            "timesteps": [
                [
                    560,
                    561,
                    562,
                    563,
                    564,
                    565,
                    566,
                    567,
                    568,
                    569,
                    570,
                    571,
                    572,
                    573,
                    574,
                    575,
                    576,
                    577,
                    578,
                    579
                ]
            ],
            "labels": [
                [
                    0,
                    0,
                    0,
                    0,
                    0,
                    0,
                    0,
                    0,
                    0,
                    0,
                    0,
                    0,
                    0,
                    0,
                    0,
                    0,
                    0,
                    0,
                    0,
                    0
                ]
            ],
            "CPU Usage": 46.4,
            "RAM Usage": 55.3,
            "GPU Usage": 0.0,
            "VRAM Usage": 355.0,
            "Disk Read Speed (MB/s)": 206066.8447265625,
            "Disk Write Speed (MB/s)": 372189.3408203125
        },
        {
            "step": 1,
            "train_loss": 0.04375815391540527,
            "actions_pred1": [
                [
                    [
                        0.6651010513305664,
                        0.11722435057163239,
                        0.8000640869140625,
                        -0.4935731887817383
                    ],
                    [
                        0.7213557362556458,
                        0.2931521236896515,
                        0.7799442410469055,
                        -0.6677009463310242
                    ],
                    [
                        0.6375336647033691,
                        0.4508734941482544,
                        0.7434228658676147,
                        -0.8533527851104736
                    ],
                    [
                        0.6361410021781921,
                        0.47132715582847595,
                        0.8360927104949951,
                        -0.8388963937759399
                    ],
                    [
                        0.5686324834823608,
                        0.4561508297920227,
                        0.7374458909034729,
                        -0.6241496205329895
                    ],
                    [
                        0.6066223978996277,
                        0.5179502367973328,
                        0.814955472946167,
                        -0.5759341716766357
                    ],
                    [
                        0.594368040561676,
                        0.40019598603248596,
                        0.7860427498817444,
                        -0.5599872469902039
                    ],
                    [
                        0.461294949054718,
                        0.4135797619819641,
                        0.9182130098342896,
                        -0.658737301826477
                    ],
                    [
                        0.4100514054298401,
                        0.4874754846096039,
                        0.9674513339996338,
                        -0.6820839047431946
                    ],
                    [
                        0.417391836643219,
                        0.4055980443954468,
                        0.8495995402336121,
                        -0.5909931659698486
                    ],
                    [
                        0.3462700843811035,
                        0.4957732856273651,
                        0.9135333895683289,
                        -0.6941702365875244
                    ],
                    [
                        0.4827286899089813,
                        0.5317540764808655,
                        1.023537516593933,
                        -0.41625019907951355
                    ],
                    [
                        0.5200362801551819,
                        0.5148537158966064,
                        0.9726085066795349,
                        -0.7538334131240845
                    ],
                    [
                        0.40892207622528076,
                        0.5226356983184814,
                        0.9783622026443481,
                        -0.6285611391067505
                    ],
                    [
                        0.3984888195991516,
                        0.5503594279289246,
                        1.0273102521896362,
                        -0.6190387010574341
                    ],
                    [
                        0.47861361503601074,
                        0.557282567024231,
                        1.0320132970809937,
                        -0.5379585027694702
                    ],
                    [
                        0.4261623024940491,
                        0.5024051666259766,
                        1.0166685581207275,
                        -0.536399245262146
                    ],
                    [
                        0.2995595932006836,
                        0.4614884853363037,
                        0.8653129935264587,
                        -0.5484593510627747
                    ],
                    [
                        0.43748050928115845,
                        0.37441933155059814,
                        0.844724178314209,
                        -0.49898457527160645
                    ],
                    [
                        0.31783804297447205,
                        0.4462357461452484,
                        0.9197576642036438,
                        -0.5524296164512634
                    ]
                ]
            ],
            "actions_pred": [
                [
                    [
                        0.6651010513305664,
                        0.7213557362556458,
                        0.6375336647033691,
                        0.6361410021781921,
                        0.5686324834823608,
                        0.6066223978996277,
                        0.594368040561676,
                        0.461294949054718,
                        0.4100514054298401,
                        0.417391836643219,
                        0.3462700843811035,
                        0.4827286899089813,
                        0.5200362801551819,
                        0.40892207622528076,
                        0.3984888195991516,
                        0.47861361503601074,
                        0.4261623024940491,
                        0.2995595932006836,
                        0.43748050928115845,
                        0.31783804297447205
                    ],
                    [
                        0.11722435057163239,
                        0.2931521236896515,
                        0.4508734941482544,
                        0.47132715582847595,
                        0.4561508297920227,
                        0.5179502367973328,
                        0.40019598603248596,
                        0.4135797619819641,
                        0.4874754846096039,
                        0.4055980443954468,
                        0.4957732856273651,
                        0.5317540764808655,
                        0.5148537158966064,
                        0.5226356983184814,
                        0.5503594279289246,
                        0.557282567024231,
                        0.5024051666259766,
                        0.4614884853363037,
                        0.37441933155059814,
                        0.4462357461452484
                    ],
                    [
                        0.8000640869140625,
                        0.7799442410469055,
                        0.7434228658676147,
                        0.8360927104949951,
                        0.7374458909034729,
                        0.814955472946167,
                        0.7860427498817444,
                        0.9182130098342896,
                        0.9674513339996338,
                        0.8495995402336121,
                        0.9135333895683289,
                        1.023537516593933,
                        0.9726085066795349,
                        0.9783622026443481,
                        1.0273102521896362,
                        1.0320132970809937,
                        1.0166685581207275,
                        0.8653129935264587,
                        0.844724178314209,
                        0.9197576642036438
                    ],
                    [
                        -0.4935731887817383,
                        -0.6677009463310242,
                        -0.8533527851104736,
                        -0.8388963937759399,
                        -0.6241496205329895,
                        -0.5759341716766357,
                        -0.5599872469902039,
                        -0.658737301826477,
                        -0.6820839047431946,
                        -0.5909931659698486,
                        -0.6941702365875244,
                        -0.41625019907951355,
                        -0.7538334131240845,
                        -0.6285611391067505,
                        -0.6190387010574341,
                        -0.5379585027694702,
                        -0.536399245262146,
                        -0.5484593510627747,
                        -0.49898457527160645,
                        -0.5524296164512634
                    ]
                ]
            ],
            "states": [
                [
                    [
                        4843560.0,
                        2.424415470159147e-05,
                        0.00033060877467505634,
                        578357.375
                    ],
                    [
                        5799240.0,
                        2.295832928211894e-05,
                        0.0031183171086013317,
                        515791.3125
                    ],
                    [
                        4623464.0,
                        2.2749398340238258e-05,
                        0.0025027666706591845,
                        635101.375
                    ],
                    [
                        4743648.0,
                        2.2564916434930637e-05,
                        0.0014389286516234279,
                        594770.9375
                    ],
                    [
                        2644227.0,
                        0.009791561402380466,
                        0.003044134471565485,
                        425038.1875
                    ],
                    [
                        9469920.0,
                        0.0006961323670111597,
                        0.00288664479739964,
                        440941.21875
                    ],
                    [
                        5718152.0,
                        0.00029342120978981256,
                        0.0027106136549264193,
                        528296.5625
                    ],
                    [
                        2943784.0,
                        0.00022529042325913906,
                        0.0027518118731677532,
                        461782.90625
                    ],
                    [
                        1387184.0,
                        0.0002022606786340475,
                        0.0026009255088865757,
                        650753.875
                    ],
                    [
                        490872.0,
                        0.00019373110262677073,
                        0.002423960482701659,
                        624566.0
                    ],
                    [
                        260640.0,
                        0.00019053270807489753,
                        0.002274049213156104,
                        567144.625
                    ],
                    [
                        201272.0,
                        0.00018862112483475357,
                        0.0023237415589392185,
                        604014.4375
                    ],
                    [
                        152040.0,
                        0.00018718479259405285,
                        0.0021793735213577747,
                        487596.375
                    ],
                    [
                        117288.0,
                        0.00018610460392665118,
                        0.002523052040487528,
                        579471.3125
                    ],
                    [
                        123080.0,
                        0.0001851513225119561,
                        0.002231767401099205,
                        401703.1875
                    ],
                    [
                        70952.0,
                        0.00018438858387526125,
                        0.0032643231097608805,
                        840606.75
                    ],
                    [
                        131768.0,
                        0.0001835990115068853,
                        0.0020812072325497866,
                        190522.296875
                    ],
                    [
                        144800.0,
                        0.00018253228336106986,
                        0.0015903349267318845,
                        318817.125
                    ],
                    [
                        173760.0,
                        0.0001813189737731591,
                        0.0016534600872546434,
                        316928.125
                    ],
                    [
                        181000.0,
                        0.0001799864403437823,
                        0.0014106292510405183,
                        219901.125
                    ]
                ]
            ],
            "actions": [
                [
                    [
                        0.5
                    ],
                    [
                        0.5
                    ],
                    [
                        0.5
                    ],
                    [
                        0.5
                    ],
                    [
                        0.25
                    ],
                    [
                        0.25
                    ],
                    [
                        0.25
                    ],
                    [
                        0.25
                    ],
                    [
                        0.25
                    ],
                    [
                        0.25
                    ],
                    [
                        0.25
                    ],
                    [
                        0.25
                    ],
                    [
                        0.25
                    ],
                    [
                        0.25
                    ],
                    [
                        0.25
                    ],
                    [
                        0.25
                    ],
                    [
                        0.25
                    ],
                    [
                        0.25
                    ],
                    [
                        0.25
                    ],
                    [
                        0.25
                    ]
                ]
            ],
            "returns": [
                [
                    [
                        0.09717193245887756
                    ],
                    [
                        0.09624720364809036
                    ],
                    [
                        0.09530650824308395
                    ],
                    [
                        0.09438589215278625
                    ],
                    [
                        0.09346301108598709
                    ],
                    [
                        0.09259194135665894
                    ],
                    [
                        0.09160776436328888
                    ],
                    [
                        0.09066831320524216
                    ],
                    [
                        0.08978772908449173
                    ],
                    [
                        0.08897385746240616
                    ],
                    [
                        0.08825208246707916
                    ],
                    [
                        0.0875864326953888
                    ],
                    [
                        0.08694369345903397
                    ],
                    [
                        0.08632583171129227
                    ],
                    [
                        0.08573097735643387
                    ],
                    [
                        0.08513184636831284
                    ],
                    [
                        0.08458154648542404
                    ],
                    [
                        0.0839763730764389
                    ],
                    [
                        0.08336283266544342
                    ],
                    [
                        0.08273313194513321
                    ]
                ]
            ],
            "timesteps": [
                [
                    520,
                    521,
                    522,
                    523,
                    524,
                    525,
                    526,
                    527,
                    528,
                    529,
                    530,
                    531,
                    532,
                    533,
                    534,
                    535,
                    536,
                    537,
                    538,
                    539
                ]
            ],
            "labels": [
                [
                    1,
                    1,
                    1,
                    1,
                    0,
                    0,
                    0,
                    0,
                    0,
                    0,
                    0,
                    0,
                    0,
                    0,
                    0,
                    0,
                    0,
                    0,
                    0,
                    0
                ]
            ],
            "CPU Usage": 46.7,
            "RAM Usage": 55.3,
            "GPU Usage": 0.0,
            "VRAM Usage": 355.0,
            "Disk Read Speed (MB/s)": 206066.8447265625,
            "Disk Write Speed (MB/s)": 372189.4111328125
        },
        {
            "step": 2,
            "train_loss": 0.03468426316976547,
            "actions_pred1": [
                [
                    [
                        0.20145073533058167,
                        0.8662939071655273,
                        0.38952773809432983,
                        -0.6173696517944336
                    ],
                    [
                        0.5785114765167236,
                        0.6638316512107849,
                        0.4514733552932739,
                        -0.7370599508285522
                    ],
                    [
                        0.45694729685783386,
                        0.6666125655174255,
                        0.4126752018928528,
                        -0.6407901048660278
                    ],
                    [
                        0.4504585266113281,
                        0.6568166017532349,
                        0.42231065034866333,
                        -0.6656976342201233
                    ],
                    [
                        0.42831528186798096,
                        0.5730988383293152,
                        0.3994818925857544,
                        -0.6909655332565308
                    ],
                    [
                        0.35175806283950806,
                        0.5458739995956421,
                        0.6363016366958618,
                        -0.6446583867073059
                    ],
                    [
                        0.4595445990562439,
                        0.4295992851257324,
                        0.6833670139312744,
                        -0.5596557259559631
                    ],
                    [
                        0.483225017786026,
                        0.441689133644104,
                        0.6512225270271301,
                        -0.5719736218452454
                    ],
                    [
                        0.4177367091178894,
                        0.5009384155273438,
                        0.6388879418373108,
                        -0.6507531404495239
                    ],
                    [
                        0.40159425139427185,
                        0.5676805973052979,
                        0.5754222869873047,
                        -0.5729286074638367
                    ],
                    [
                        0.4070322513580322,
                        0.5806267857551575,
                        0.6200454235076904,
                        -0.5303466320037842
                    ],
                    [
                        0.39548730850219727,
                        0.5713332891464233,
                        0.5425187349319458,
                        -0.6762856245040894
                    ],
                    [
                        0.3098873496055603,
                        0.5686048269271851,
                        0.48655247688293457,
                        -0.6198440790176392
                    ],
                    [
                        0.31161588430404663,
                        0.5675906538963318,
                        0.5833411812782288,
                        -0.6014770269393921
                    ],
                    [
                        0.18665239214897156,
                        0.2760620713233948,
                        0.8584569692611694,
                        -0.7069715857505798
                    ],
                    [
                        0.24942733347415924,
                        0.46671193838119507,
                        0.8547232151031494,
                        -0.7466899752616882
                    ],
                    [
                        0.2141004502773285,
                        0.49797725677490234,
                        0.7870100736618042,
                        -0.6851730942726135
                    ],
                    [
                        0.2917655408382416,
                        0.5687850713729858,
                        0.6869382858276367,
                        -0.8360576629638672
                    ],
                    [
                        0.14885111153125763,
                        0.7112513780593872,
                        0.772209882736206,
                        -0.9123963713645935
                    ],
                    [
                        0.2631152272224426,
                        0.650052547454834,
                        0.7127385139465332,
                        -0.7913609743118286
                    ]
                ]
            ],
            "actions_pred": [
                [
                    [
                        0.20145073533058167,
                        0.5785114765167236,
                        0.45694729685783386,
                        0.4504585266113281,
                        0.42831528186798096,
                        0.35175806283950806,
                        0.4595445990562439,
                        0.483225017786026,
                        0.4177367091178894,
                        0.40159425139427185,
                        0.4070322513580322,
                        0.39548730850219727,
