{
    "steps": [
        {
            "step": 0,
            "train_loss": 0.03942327946424484,
            "actions_pred1": [
                [
                    [
                        0.3908505439758301,
                        0.24648630619049072,
                        0.5080426931381226,
                        -0.7924532890319824
                    ],
                    [
                        0.48332029581069946,
                        0.35863015055656433,
                        0.4190593361854553,
                        -0.7841243743896484
                    ],
                    [
                        0.44920703768730164,
                        0.4172315001487732,
                        0.5712955594062805,
                        -0.6588693857192993
                    ],
                    [
                        0.5548902750015259,
                        0.28977668285369873,
                        0.5690888166427612,
                        -0.6987868547439575
                    ],
                    [
                        0.5431218147277832,
                        0.27831724286079407,
                        0.6750277280807495,
                        -0.7047225832939148
                    ],
                    [
                        0.39223578572273254,
                        0.39801570773124695,
                        0.37160515785217285,
                        -0.8713254928588867
                    ],
                    [
                        0.39591842889785767,
                        0.44503894448280334,
                        0.4889638423919678,
                        -0.6339540481567383
                    ],
                    [
                        0.5672540664672852,
                        0.43883419036865234,
                        0.4890764653682709,
                        -0.5407220125198364
                    ],
                    [
                        0.5897439122200012,
                        0.4776093363761902,
                        0.4422221779823303,
                        -0.616507351398468
                    ],
                    [
                        0.4335785508155823,
                        0.45415809750556946,
                        0.649113655090332,
                        -0.5426461100578308
                    ],
                    [
                        0.35114729404449463,
                        0.365329384803772,
                        0.7651008367538452,
                        -0.5285769701004028
                    ],
                    [
                        0.36100244522094727,
                        0.34304606914520264,
                        0.7458367347717285,
                        -0.46946707367897034
                    ],
                    [
                        0.34677577018737793,
                        0.4017278552055359,
                        0.6730818152427673,
                        -0.484427273273468
                    ],
                    [
                        0.3718639314174652,
                        0.4087150990962982,
                        0.7030470371246338,
                        -0.5062540173530579
                    ],
                    [
                        0.45530951023101807,
                        0.36302363872528076,
                        0.7227303981781006,
                        -0.6122899651527405
                    ],
                    [
                        0.43540430068969727,
                        0.40444058179855347,
                        0.8332040905952454,
                        -0.5557466149330139
                    ],
                    [
                        0.42925989627838135,
                        0.31563693284988403,
                        0.6452741622924805,
                        -0.5862687826156616
                    ],
                    [
                        0.4583654999732971,
                        0.4942285716533661,
                        0.631730854511261,
                        -0.6340477466583252
                    ],
                    [
                        0.3649273216724396,
                        0.3970654308795929,
                        0.7467097640037537,
                        -0.6178798675537109
                    ],
                    [
                        0.23880921304225922,
                        0.37032151222229004,
                        0.8410304188728333,
                        -0.5938616991043091
                    ]
                ]
            ],
            "actions_pred": [
                [
                    [
                        0.3908505439758301,
                        0.48332029581069946,
                        0.44920703768730164,
                        0.5548902750015259,
                        0.5431218147277832,
                        0.39223578572273254,
                        0.39591842889785767,
                        0.5672540664672852,
                        0.5897439122200012,
                        0.4335785508155823,
                        0.35114729404449463,
                        0.36100244522094727,
                        0.34677577018737793,
                        0.3718639314174652,
                        0.45530951023101807,
                        0.43540430068969727,
                        0.42925989627838135,
                        0.4583654999732971,
                        0.3649273216724396,
                        0.23880921304225922
                    ],
                    [
                        0.24648630619049072,
                        0.35863015055656433,
                        0.4172315001487732,
                        0.28977668285369873,
                        0.27831724286079407,
                        0.39801570773124695,
                        0.44503894448280334,
                        0.43883419036865234,
                        0.4776093363761902,
                        0.45415809750556946,
                        0.365329384803772,
                        0.34304606914520264,
                        0.4017278552055359,
                        0.4087150990962982,
                        0.36302363872528076,
                        0.40444058179855347,
                        0.31563693284988403,
                        0.4942285716533661,
                        0.3970654308795929,
                        0.37032151222229004
                    ],
                    [
                        0.5080426931381226,
                        0.4190593361854553,
                        0.5712955594062805,
                        0.5690888166427612,
                        0.6750277280807495,
                        0.37160515785217285,
                        0.4889638423919678,
                        0.4890764653682709,
                        0.4422221779823303,
                        0.649113655090332,
                        0.7651008367538452,
                        0.7458367347717285,
                        0.6730818152427673,
                        0.7030470371246338,
                        0.7227303981781006,
                        0.8332040905952454,
                        0.6452741622924805,
                        0.631730854511261,
                        0.7467097640037537,
                        0.8410304188728333
                    ],
                    [
                        -0.7924532890319824,
                        -0.7841243743896484,
                        -0.6588693857192993,
                        -0.6987868547439575,
                        -0.7047225832939148,
                        -0.8713254928588867,
                        -0.6339540481567383,
                        -0.5407220125198364,
                        -0.616507351398468,
                        -0.5426461100578308,
                        -0.5285769701004028,
                        -0.46946707367897034,
                        -0.484427273273468,
                        -0.5062540173530579,
                        -0.6122899651527405,
                        -0.5557466149330139,
                        -0.5862687826156616,
                        -0.6340477466583252,
                        -0.6178798675537109,
                        -0.5938616991043091
                    ]
                ]
            ],
            "states": [
                [
                    [
                        10534200.0,
                        2.6509645977057517e-05,
                        0.00013993013999424875,
                        443834.40625
                    ],
                    [
                        10761536.0,
                        2.5514371372992173e-05,
                        0.0001420098269591108,
                        437980.875
                    ],
                    [
                        9713184.0,
                        2.462484007992316e-05,
                        0.00013746164040639997,
                        438923.15625
                    ],
                    [
                        11058376.0,
                        2.37847361859167e-05,
                        0.00013166402641218156,
                        442931.21875
                    ],
                    [
                        10751400.0,
                        2.2961492504691705e-05,
                        0.00014091107004787773,
                        432700.84375
                    ],
                    [
                        10246048.0,
                        2.2220945538720116e-05,
                        0.0001376972795696929,
                        435969.53125
                    ],
                    [
                        9969480.0,
                        2.1551775716943666e-05,
                        0.00013403889897745103,
                        440537.53125
                    ],
                    [
                        10251840.0,
                        2.0921770556014962e-05,
                        0.00014748213288839906,
                        443483.875
                    ],
                    [
                        10121520.0,
                        2.0323142962297425e-05,
                        0.00013067024701740593,
                        443831.96875
                    ],
                    [
                        9543768.0,
                        1.977682586584706e-05,
                        0.00013482528447639197,
                        439055.96875
                    ],
                    [
                        8799496.0,
                        1.9293054720037617e-05,
                        0.00013897643657401204,
                        475444.21875
                    ],
                    [
                        9742144.0,
                        1.8827833628165536e-05,
                        0.00014449551235884428,
                        446623.25
                    ],
                    [
                        9966584.0,
                        1.835721377574373e-05,
                        0.00014116551028564572,
                        435027.78125
                    ],
                    [
                        9815992.0,
                        1.7907843357534148e-05,
                        0.0001414243597537279,
                        434458.03125
                    ],
                    [
                        10637008.0,
                        1.7465919881942682e-05,
                        0.00015197490574792027,
                        447300.9375
                    ],
                    [
                        9175976.0,
                        1.705779868643731e-05,
                        0.00016332330415025353,
                        457786.65625
                    ],
                    [
                        9695808.0,
                        1.6686690287315287e-05,
                        0.00014966299931984395,
                        442052.53125
                    ],
                    [
                        10571848.0,
                        1.6305739336530678e-05,
                        0.0001437981118215248,
                        454590.5
                    ],
                    [
                        9242584.0,
                        1.5949490261846222e-05,
                        0.0001480604405514896,
                        454658.375
                    ],
                    [
                        10438632.0,
                        1.5611025446560234e-05,
                        0.00013623677659779787,
                        451379.625
                    ]
                ]
            ],
            "actions": [
                [
                    [
                        0.25
                    ],
                    [
                        0.25
                    ],
                    [
                        0.25
                    ],
                    [
                        0.25
                    ],
                    [
                        0.25
                    ],
                    [
                        0.25
                    ],
                    [
                        0.25
                    ],
                    [
                        0.25
                    ],
                    [
                        0.25
                    ],
                    [
                        0.25
                    ],
                    [
                        0.25
                    ],
                    [
                        0.25
                    ],
                    [
                        0.25
                    ],
                    [
                        0.25
                    ],
                    [
                        0.25
                    ],
                    [
                        0.25
                    ],
                    [
                        0.25
                    ],
                    [
                        0.25
                    ],
                    [
                        0.25
                    ],
                    [
                        0.25
                    ]
                ]
            ],
            "returns": [
                [
                    [
                        0.2667037844657898
                    ],
                    [
                        0.26571014523506165
                    ],
                    [
                        0.26471462845802307
                    ],
                    [
                        0.26372823119163513
                    ],
                    [
                        0.26273030042648315
                    ],
                    [
                        0.26173487305641174
                    ],
                    [
                        0.2607437074184418
                    ],
                    [
                        0.2597549855709076
                    ],
                    [
                        0.25876376032829285
                    ],
                    [
                        0.2577736973762512
                    ],
                    [
                        0.25678882002830505
                    ],
                    [
                        0.2558111548423767
                    ],
                    [
                        0.2548244595527649
                    ],
                    [
                        0.2538357675075531
                    ],
                    [
                        0.25284841656684875
                    ],
                    [
                        0.25185394287109375
                    ],
                    [
                        0.25087255239486694
                    ],
                    [
                        0.24988628923892975
                    ],
                    [
                        0.24889235198497772
                    ],
                    [
                        0.24791033565998077
                    ]
                ]
            ],
            "timesteps": [
                [
                    340,
                    341,
                    342,
                    343,
                    344,
                    345,
                    346,
                    347,
                    348,
                    349,
                    350,
                    351,
                    352,
                    353,
                    354,
                    355,
                    356,
                    357,
                    358,
                    359
                ]
            ],
            "labels": [
                [
                    0,
                    0,
                    0,
                    0,
                    0,
                    0,
                    0,
                    0,
                    0,
                    0,
                    0,
                    0,
                    0,
                    0,
                    0,
                    0,
                    0,
                    0,
                    0,
                    0
                ]
            ],
            "CPU Usage": 45.8,
            "RAM Usage": 55.2,
            "GPU Usage": 0.0,
            "VRAM Usage": 355.0,
            "Disk Read Speed (MB/s)": 206066.5087890625,
            "Disk Write Speed (MB/s)": 369597.1728515625
        },
        {
            "step": 1,
            "train_loss": 0.03340381756424904,
            "actions_pred1": [
                [
                    [
                        0.5077970027923584,
                        0.463932067155838,
                        0.532664954662323,
                        -0.6860547661781311
                    ],
                    [
                        0.2924376428127289,
                        0.69377201795578,
                        0.7251496315002441,
                        -0.9817693829536438
                    ],
                    [
                        0.46043625473976135,
                        0.6417855024337769,
                        0.7156298160552979,
                        -0.6242008805274963
                    ],
                    [
                        0.5485830307006836,
                        0.3021239638328552,
                        0.46822744607925415,
                        -1.0450868606567383
                    ],
                    [
                        0.3394428789615631,
                        0.4245373606681824,
                        0.4158932566642761,
                        -0.6831176280975342
                    ],
                    [
                        0.35186487436294556,
                        0.48694300651550293,
                        0.5946561098098755,
                        -0.9005042314529419
                    ],
                    [
                        0.320244163274765,
                        0.5702782869338989,
                        0.5400287508964539,
                        -0.7618714570999146
                    ],
                    [
                        0.15264910459518433,
                        0.5988957285881042,
                        0.484575480222702,
                        -0.5658707022666931
                    ],
                    [
                        0.009824872016906738,
                        0.5597432851791382,
                        0.5608271956443787,
                        -0.6202774047851562
                    ],
                    [
                        -0.020145952701568604,
                        0.4972778558731079,
                        0.5943458080291748,
                        -0.6431078910827637
                    ],
                    [
                        0.03124965727329254,
                        0.5956907272338867,
                        0.5016183257102966,
                        -0.6632102727890015
                    ],
                    [
                        -0.030966177582740784,
                        0.5856550931930542,
                        0.49832263588905334,
                        -0.7526365518569946
                    ],
                    [
                        -0.1849934458732605,
                        0.5039307475090027,
                        0.6705271005630493,
                        -0.8556234240531921
                    ],
                    [
                        0.07169585675001144,
                        0.4694540500640869,
                        0.7051107883453369,
                        -0.712288498878479
                    ],
                    [
                        0.10587214678525925,
                        0.4180777370929718,
                        0.5635606050491333,
                        -0.7243921756744385
                    ],
                    [
                        -0.03932545334100723,
                        0.4090235233306885,
                        0.5407347083091736,
                        -0.7304763793945312
                    ],
                    [
                        0.050876080989837646,
                        0.5661858320236206,
                        0.6129600405693054,
                        -0.6348059177398682
                    ],
                    [
                        0.07657556235790253,
                        0.5701612234115601,
                        0.6397750973701477,
                        -0.675611138343811
                    ],
                    [
                        0.0790628120303154,
                        0.6578001379966736,
                        0.5687975883483887,
                        -0.6165018081665039
                    ],
                    [
                        0.17852027714252472,
                        0.6844429969787598,
                        0.5967279076576233,
                        -0.614808976650238
                    ]
                ]
            ],
            "actions_pred": [
                [
                    [
                        0.5077970027923584,
                        0.2924376428127289,
                        0.46043625473976135,
                        0.5485830307006836,
                        0.3394428789615631,
                        0.35186487436294556,
                        0.320244163274765,
                        0.15264910459518433,
                        0.009824872016906738,
                        -0.020145952701568604,
                        0.03124965727329254,
                        -0.030966177582740784,
                        -0.1849934458732605,
                        0.07169585675001144,
                        0.10587214678525925,
                        -0.03932545334100723,
                        0.050876080989837646,
                        0.07657556235790253,
                        0.0790628120303154,
                        0.17852027714252472
                    ],
                    [
                        0.463932067155838,
                        0.69377201795578,
                        0.6417855024337769,
                        0.3021239638328552,
                        0.4245373606681824,
                        0.48694300651550293,
                        0.5702782869338989,
                        0.5988957285881042,
                        0.5597432851791382,
                        0.4972778558731079,
                        0.5956907272338867,
                        0.5856550931930542,
                        0.5039307475090027,
                        0.4694540500640869,
                        0.4180777370929718,
                        0.4090235233306885,
                        0.5661858320236206,
                        0.5701612234115601,
                        0.6578001379966736,
                        0.6844429969787598
                    ],
                    [
                        0.532664954662323,
                        0.7251496315002441,
                        0.7156298160552979,
                        0.46822744607925415,
                        0.4158932566642761,
                        0.5946561098098755,
                        0.5400287508964539,
                        0.484575480222702,
                        0.5608271956443787,
                        0.5943458080291748,
                        0.5016183257102966,
                        0.49832263588905334,
                        0.6705271005630493,
                        0.7051107883453369,
                        0.5635606050491333,
                        0.5407347083091736,
                        0.6129600405693054,
                        0.6397750973701477,
                        0.5687975883483887,
                        0.5967279076576233
                    ],
                    [
                        -0.6860547661781311,
                        -0.9817693829536438,
                        -0.6242008805274963,
                        -1.0450868606567383,
                        -0.6831176280975342,
                        -0.9005042314529419,
                        -0.7618714570999146,
                        -0.5658707022666931,
                        -0.6202774047851562,
                        -0.6431078910827637,
                        -0.6632102727890015,
                        -0.7526365518569946,
                        -0.8556234240531921,
                        -0.712288498878479,
                        -0.7243921756744385,
                        -0.7304763793945312,
                        -0.6348059177398682,
                        -0.675611138343811,
                        -0.6165018081665039,
                        -0.614808976650238
                    ]
                ]
            ],
            "states": [
                [
                    [
                        5057864.0,
                        2.556295476097148e-05,
                        0.00012937834253534675,
                        777561.25
                    ],
                    [
                        5348912.0,
                        2.480310831742827e-05,
                        0.00013201982073951513,
                        791966.9375
                    ],
                    [
                        5101304.0,
                        2.4083872631308623e-05,
                        0.00013791865785606205,
                        790369.0625
                    ],
                    [
                        5538600.0,
                        2.3393640731228516e-05,
                        0.00014453318726737052,
                        780343.4375
                    ],
                    [
                        5412624.0,
                        2.272302663186565e-05,
                        0.00014699026360176504,
                        758450.9375
                    ],
                    [
                        5321400.0,
                        2.2102101866039447e-05,
                        0.00016071676509454846,
                        845866.875
                    ],
                    [
                        5683400.0,
                        2.1499938156921417e-05,
                        0.00016249381587840617,
                        821531.0
                    ],
                    [
                        5282304.0,
                        2.0931340259267017e-05,
                        0.0001488575799157843,
                        840709.875
                    ],
                    [
                        5545840.0,
                        2.0398911146912724e-05,
                        0.00016087492986116558,
                        823198.9375
                    ],
                    [
                        5474888.0,
                        1.9883997083525173e-05,
                        0.00016716374375391752,
                        838579.125
                    ],
                    [
                        5364840.0,
                        1.9402330508455634e-05,
                        0.00019032474665436894,
                        800380.6875
                    ],
                    [
                        5569008.0,
                        1.8939608708024025e-05,
                        0.00018542619363870472,
                        823891.875
                    ],
                    [
                        5332984.0,
                        1.849955879151821e-05,
                        0.000198170033399947,
                        846311.4375
                    ],
                    [
                        5224384.0,
                        1.8092512618750334e-05,
                        0.0001916241308208555,
                        900435.5625
                    ],
                    [
                        5133160.0,
                        1.771021015883889e-05,
                        0.0002063407882815227,
                        866428.5625
                    ],
                    [
                        5361944.0,
                        1.733909812173806e-05,
                        0.00023895764024928212,
                        862112.4375
                    ],
                    [
                        5535704.0,
                        1.6969803255051374e-05,
                        0.00025051896227523685,
                        868913.125
                    ],
                    [
                        5189632.0,
                        1.662127579038497e-05,
                        0.0002676467993296683,
                        810234.1875
                    ],
                    [
                        5453168.0,
                        1.6289424820570275e-05,
                        0.0002700872428249568,
                        842694.5
                    ],
                    [
                        5334432.0,
                        1.5966239516274072e-05,
                        0.0002660537720657885,
                        825795.9375
                    ]
                ]
            ],
            "actions": [
                [
                    [
                        0.75
                    ],
                    [
                        0.75
                    ],
                    [
                        0.75
                    ],
                    [
                        0.75
                    ],
                    [
                        0.75
                    ],
                    [
                        0.75
                    ],
                    [
                        0.75
                    ],
                    [
                        0.75
                    ],
                    [
                        0.75
                    ],
                    [
                        0.75
                    ],
                    [
                        0.75
                    ],
                    [
                        0.75
                    ],
                    [
                        0.75
                    ],
                    [
                        0.75
                    ],
                    [
                        0.75
                    ],
                    [
                        0.75
                    ],
                    [
                        0.75
                    ],
                    [
                        0.75
                    ],
                    [
                        0.75
                    ],
                    [
                        0.75
                    ]
                ]
            ],
            "returns": [
                [
                    [
                        0.5615583062171936
                    ],
                    [
                        0.5606297850608826
                    ],
                    [
                        0.5596962571144104
                    ],
                    [
                        0.5587669014930725
                    ],
                    [
                        0.557830274105072
                    ],
                    [
                        0.5568956732749939
                    ],
                    [
                        0.5559626221656799
                    ],
                    [
                        0.555023729801178
                    ],
                    [
                        0.5540912747383118
                    ],
                    [
                        0.5531545877456665
                    ],
                    [
                        0.5522189736366272
                    ],
                    [
                        0.5512851476669312
                    ],
                    [
                        0.5503480434417725
                    ],
                    [
                        0.5494148135185242
                    ],
                    [
                        0.5484833717346191
                    ],
                    [
                        0.5475534796714783
                    ],
                    [
                        0.546619713306427
                    ],
                    [
                        0.5456831455230713
                    ],
                    [
                        0.544752299785614
                    ],
                    [
                        0.5438170433044434
                    ]
                ]
            ],
            "timesteps": [
                [
                    20,
                    21,
                    22,
                    23,
                    24,
                    25,
                    26,
                    27,
                    28,
                    29,
                    30,
                    31,
                    32,
                    33,
                    34,
                    35,
                    36,
                    37,
                    38,
                    39
                ]
            ],
            "labels": [
                [
                    2,
                    2,
                    2,
                    2,
                    2,
                    2,
                    2,
                    2,
                    2,
                    2,
                    2,
                    2,
                    2,
                    2,
                    2,
                    2,
                    2,
                    2,
                    2,
                    2
                ]
            ],
            "CPU Usage": 46.7,
            "RAM Usage": 55.3,
            "GPU Usage": 0.0,
            "VRAM Usage": 355.0,
            "Disk Read Speed (MB/s)": 206066.5087890625,
            "Disk Write Speed (MB/s)": 369597.2197265625
        },
        {
            "step": 2,
            "train_loss": 0.036969855427742004,
            "actions_pred1": [
                [
                    [
                        -0.05734260007739067,
                        -0.3574196994304657,
                        -0.05951759219169617,
                        -1.4392653703689575
                    ],
                    [
                        -0.18950024247169495,
                        0.12913569808006287,
                        -0.054580509662628174,
                        -0.7989823818206787
                    ],
                    [
                        -0.11538475751876831,
                        0.16458900272846222,
                        0.048106223344802856,
                        -0.7696124315261841
                    ],
                    [
                        -0.07950111478567123,
                        0.27022236585617065,
                        0.19213886559009552,
                        -0.8378721475601196
                    ],
                    [
                        -0.07556465268135071,
                        0.13618509471416473,
                        0.21537043154239655,
                        -0.9020805358886719
                    ],
                    [
                        -0.093022421002388,
                        0.21772542595863342,
                        0.3879714906215668,
                        -0.9872060418128967
                    ],
                    [
                        -0.07564404606819153,
                        0.11113506555557251,
                        0.3747989237308502,
                        -0.8714506030082703
                    ],
                    [
                        -0.04711662977933884,
                        0.09653931111097336,
                        0.29865074157714844,
                        -0.7305806875228882
                    ],
                    [
                        -0.1486266553401947,
                        0.033412180840969086,
                        0.3033081889152527,
                        -0.8428571820259094
                    ],
                    [
                        -0.2255842387676239,
                        0.05209702253341675,
                        0.2562142014503479,
                        -0.8615190386772156
                    ],
                    [
                        -0.13162747025489807,
                        0.27514222264289856,
                        0.4206879734992981,
                        -0.8123825192451477
                    ],
                    [
                        -0.21685399115085602,
                        0.23172158002853394,
                        0.41024118661880493,
                        -0.6366966962814331
                    ],
                    [
                        -0.22110459208488464,
                        0.2193990796804428,
                        0.45673879981040955,
                        -0.6896018981933594
                    ],
                    [
                        -0.20685189962387085,
                        0.2652546167373657,
                        0.5179063081741333,
                        -0.6947365999221802
                    ],
                    [
                        -0.2147495001554489,
                        0.23311489820480347,
                        0.4703536033630371,
                        -0.8044666051864624
                    ],
                    [
                        -0.24729615449905396,
                        0.22348950803279877,
                        0.39086949825286865,
                        -0.7300689220428467
                    ],
                    [
                        -0.19453033804893494,
                        0.19373095035552979,
                        0.4353313148021698,
                        -0.8431826233863831
                    ],
                    [
                        -0.23006655275821686,
                        0.1823028326034546,
                        0.39593708515167236,
                        -0.8567869067192078
                    ],
                    [
                        -0.1483297199010849,
                        0.433718204498291,
                        0.3429798483848572,
                        -0.6900357007980347
                    ],
                    [
                        -0.09099077433347702,
                        0.281645804643631,
                        0.43361443281173706,
                        -0.7350043058395386
                    ]
                ]
            ],
            "actions_pred": [
                [
                    [
                        -0.05734260007739067,
                        -0.18950024247169495,
                        -0.11538475751876831,
                        -0.07950111478567123,
                        -0.07556465268135071,
                        -0.093022421002388,
                        -0.07564404606819153,
