{
    "steps": [
        {
            "step": 0,
            "train_loss": 0.031042736023664474,
            "actions_pred1": [
                [
                    [
                        -0.18942755460739136,
                        -0.089705690741539,
                        0.8370437622070312,
                        0.6756891012191772
                    ],
                    [
                        -0.2333577573299408,
                        -0.11516590416431427,
                        0.7975457906723022,
                        0.6601603031158447
                    ],
                    [
                        -0.20556220412254333,
                        -0.12324803322553635,
                        0.6716862320899963,
                        0.6430218815803528
                    ],
                    [
                        -0.2284107357263565,
                        -0.25713425874710083,
                        0.5637600421905518,
                        0.46164995431900024
                    ],
                    [
                        -0.09569951146841049,
                        -0.2613946199417114,
                        0.6048977375030518,
                        0.39834627509117126
                    ],
                    [
                        -0.13704553246498108,
                        -0.28184664249420166,
                        0.5555475354194641,
                        0.46236079931259155
                    ],
                    [
                        -0.16355973482131958,
                        -0.08718113601207733,
                        0.4229627251625061,
                        0.6084362864494324
                    ],
                    [
                        -0.13419216871261597,
                        -0.09850700944662094,
                        0.5761318802833557,
                        0.6115390062332153
                    ],
                    [
                        -0.09053009748458862,
                        -0.05670469254255295,
                        0.580502986907959,
                        0.5179075002670288
                    ],
                    [
                        -0.18031704425811768,
                        -0.07347691059112549,
                        0.5908713936805725,
                        0.4391828179359436
                    ],
                    [
                        -0.19014069437980652,
                        -0.09570878744125366,
                        0.6422132849693298,
                        0.46797916293144226
                    ],
                    [
                        -0.24482479691505432,
                        -0.08150501549243927,
                        0.5926424264907837,
                        0.4521902799606323
                    ],
                    [
                        -0.16027528047561646,
                        -0.12370631098747253,
                        0.7837705016136169,
                        0.35960492491722107
                    ],
                    [
                        -0.19026368856430054,
                        -0.09293842315673828,
                        0.7546606063842773,
                        0.3987422287464142
                    ],
                    [
                        -0.23615649342536926,
                        -0.07393015921115875,
                        0.6564211845397949,
                        0.41282591223716736
                    ],
                    [
                        -0.3274996876716614,
                        -0.06324474513530731,
                        0.753192663192749,
                        0.3403967320919037
                    ],
                    [
                        -0.4195322096347809,
                        -0.030418530106544495,
                        0.786786675453186,
                        0.3232661783695221
                    ],
                    [
                        -0.24953606724739075,
                        0.011403229087591171,
                        0.7146921157836914,
                        0.39187708497047424
                    ],
                    [
                        -0.31585758924484253,
                        -0.045947253704071045,
                        0.7342860698699951,
                        0.42005881667137146
                    ],
                    [
                        -0.3484956920146942,
                        -0.07666072994470596,
                        0.8211740255355835,
                        0.42829251289367676
                    ]
                ]
            ],
            "actions_pred": [
                [
                    [
                        -0.18942755460739136,
                        -0.2333577573299408,
                        -0.20556220412254333,
                        -0.2284107357263565,
                        -0.09569951146841049,
                        -0.13704553246498108,
                        -0.16355973482131958,
                        -0.13419216871261597,
                        -0.09053009748458862,
                        -0.18031704425811768,
                        -0.19014069437980652,
                        -0.24482479691505432,
                        -0.16027528047561646,
                        -0.19026368856430054,
                        -0.23615649342536926,
                        -0.3274996876716614,
                        -0.4195322096347809,
                        -0.24953606724739075,
                        -0.31585758924484253,
                        -0.3484956920146942
                    ],
                    [
                        -0.089705690741539,
                        -0.11516590416431427,
                        -0.12324803322553635,
                        -0.25713425874710083,
                        -0.2613946199417114,
                        -0.28184664249420166,
                        -0.08718113601207733,
                        -0.09850700944662094,
                        -0.05670469254255295,
                        -0.07347691059112549,
                        -0.09570878744125366,
                        -0.08150501549243927,
                        -0.12370631098747253,
                        -0.09293842315673828,
                        -0.07393015921115875,
                        -0.06324474513530731,
                        -0.030418530106544495,
                        0.011403229087591171,
                        -0.045947253704071045,
                        -0.07666072994470596
                    ],
                    [
                        0.8370437622070312,
                        0.7975457906723022,
                        0.6716862320899963,
                        0.5637600421905518,
                        0.6048977375030518,
                        0.5555475354194641,
                        0.4229627251625061,
                        0.5761318802833557,
                        0.580502986907959,
                        0.5908713936805725,
                        0.6422132849693298,
                        0.5926424264907837,
                        0.7837705016136169,
                        0.7546606063842773,
                        0.6564211845397949,
                        0.753192663192749,
                        0.786786675453186,
                        0.7146921157836914,
                        0.7342860698699951,
                        0.8211740255355835
                    ],
                    [
                        0.6756891012191772,
                        0.6601603031158447,
                        0.6430218815803528,
                        0.46164995431900024,
                        0.39834627509117126,
                        0.46236079931259155,
                        0.6084362864494324,
                        0.6115390062332153,
                        0.5179075002670288,
                        0.4391828179359436,
                        0.46797916293144226,
                        0.4521902799606323,
                        0.35960492491722107,
                        0.3987422287464142,
                        0.41282591223716736,
                        0.3403967320919037,
                        0.3232661783695221,
                        0.39187708497047424,
                        0.42005881667137146,
                        0.42829251289367676
                    ]
                ]
            ],
            "states": [
                [
                    [
                        5451720.0,
                        5.395679545472376e-05,
                        0.00037329201586544514,
                        787492.0625
                    ],
                    [
                        5280856.0,
                        5.18798733537551e-05,
                        0.00029995679506100714,
                        814349.6875
                    ],
                    [
                        5398144.0,
                        4.996706411475316e-05,
                        0.0002722619683481753,
                        830635.1875
                    ],
                    [
                        5419864.0,
                        4.8167821660172194e-05,
                        0.0002737951872404665,
                        823458.5625
                    ],
                    [
                        5285200.0,
                        4.651026029023342e-05,
                        0.0002537628752179444,
                        847604.5625
                    ],
                    [
                        5632720.0,
                        4.493406231631525e-05,
                        0.0002845273702405393,
                        778198.5625
                    ],
                    [
                        4926096.0,
                        4.350659582996741e-05,
                        0.00027429292094893754,
                        769937.4375
                    ],
                    [
                        5379320.0,
                        4.219951370032504e-05,
                        0.0002784566895570606,
                        775819.3125
                    ],
                    [
                        5141848.0,
                        4.0942868508864194e-05,
                        0.00027366288122721016,
                        804782.8125
                    ],
                    [
                        5422760.0,
                        3.9754886529408395e-05,
                        0.0002617421268951148,
                        784755.125
                    ],
                    [
                        5163568.0,
                        3.8631129427812994e-05,
                        0.000270931632257998,
                        777998.8125
                    ],
                    [
                        5172256.0,
                        3.7593843444483355e-05,
                        0.00027350522577762604,
                        827638.0
                    ],
                    [
                        5228728.0,
                        3.6604818888008595e-05,
                        0.0002609447401482612,
                        836480.3125
                    ],
                    [
                        5215696.0,
                        3.566250597941689e-05,
                        0.0002695223083719611,
                        842399.5625
                    ],
                    [
                        5496608.0,
                        3.474534969427623e-05,
                        0.00026009109569713473,
                        814649.5
                    ],
                    [
                        5165016.0,
                        3.3877906389534473e-05,
                        0.0002577552804723382,
                        820590.75
                    ],
                    [
                        5712360.0,
                        3.3036900276783854e-05,
                        0.0002756010799203068,
                        835693.0625
                    ],
                    [
                        5086824.0,
                        3.224165993742645e-05,
                        0.0002540297864470631,
                        845564.6875
                    ],
                    [
                        5490816.0,
                        3.14996468659956e-05,
                        0.00027847016463056207,
                        824773.25
                    ],
                    [
                        5183840.0,
                        3.078411828028038e-05,
                        0.0002814441977534443,
                        810358.5625
                    ]
                ]
            ],
            "actions": [
                [
                    [
                        0.75
                    ],
                    [
                        0.75
                    ],
                    [
                        0.75
                    ],
                    [
                        0.75
                    ],
                    [
                        0.75
                    ],
                    [
                        0.75
                    ],
                    [
                        0.75
                    ],
                    [
                        0.75
                    ],
                    [
                        0.75
                    ],
                    [
                        0.75
                    ],
                    [
                        0.75
                    ],
                    [
                        0.75
                    ],
                    [
                        0.75
                    ],
                    [
                        0.75
                    ],
                    [
                        0.75
                    ],
                    [
                        0.75
                    ],
                    [
                        0.75
                    ],
                    [
                        0.75
                    ],
                    [
                        0.75
                    ],
                    [
                        0.75
                    ]
                ]
            ],
            "returns": [
                [
                    [
                        0.36055833101272583
                    ],
                    [
                        0.35962310433387756
                    ],
                    [
                        0.35869070887565613
                    ],
                    [
                        0.3577563464641571
                    ],
                    [
                        0.3568216562271118
                    ],
                    [
                        0.3558892011642456
                    ],
                    [
                        0.35495108366012573
                    ],
                    [
                        0.35402485728263855
                    ],
                    [
                        0.3530908226966858
                    ],
                    [
                        0.352160781621933
                    ],
                    [
                        0.3512260317802429
                    ],
                    [
                        0.35029563307762146
                    ],
                    [
                        0.34936508536338806
                    ],
                    [
                        0.34843355417251587
                    ],
                    [
                        0.3475022614002228
                    ],
                    [
                        0.3465663194656372
                    ],
                    [
                        0.34563589096069336
                    ],
                    [
                        0.3446965217590332
                    ],
                    [
                        0.3437674641609192
                    ],
                    [
                        0.3428316116333008
                    ]
                ]
            ],
            "timesteps": [
                [
                    240,
                    241,
                    242,
                    243,
                    244,
                    245,
                    246,
                    247,
                    248,
                    249,
                    250,
                    251,
                    252,
                    253,
                    254,
                    255,
                    256,
                    257,
                    258,
                    259
                ]
            ],
            "labels": [
                [
                    2,
                    2,
                    2,
                    2,
                    2,
                    2,
                    2,
                    2,
                    2,
                    2,
                    2,
                    2,
                    2,
                    2,
                    2,
                    2,
                    2,
                    2,
                    2,
                    2
                ]
            ],
            "CPU Usage": 44.9,
            "RAM Usage": 55.4,
            "GPU Usage": 0.0,
            "VRAM Usage": 357.0,
            "Disk Read Speed (MB/s)": 205936.6796875,
            "Disk Write Speed (MB/s)": 321682.1494140625
        },
        {
            "step": 1,
            "train_loss": 0.06323528289794922,
            "actions_pred1": [
                [
                    [
                        -0.5766569375991821,
                        0.06699088960886002,
                        0.8362953662872314,
                        0.5661417245864868
                    ],
                    [
                        -0.5496131181716919,
                        -0.06663323193788528,
                        0.8145554065704346,
                        0.5250508785247803
                    ],
                    [
                        -0.4685206413269043,
                        -0.11429169774055481,
                        0.8553406000137329,
                        0.41301989555358887
                    ],
                    [
                        -0.41962218284606934,
                        -0.09492912143468857,
                        0.9214791655540466,
                        0.6391130685806274
                    ],
                    [
                        -0.27757227420806885,
                        -0.10918417572975159,
                        0.9724792242050171,
                        0.6634345054626465
                    ],
                    [
                        -0.2697077989578247,
                        -0.043375492095947266,
                        0.901774525642395,
                        0.6742891073226929
                    ],
                    [
                        -0.4356611669063568,
                        0.017827637493610382,
                        0.8678577542304993,
                        0.5923957824707031
                    ],
                    [
                        -0.4109971523284912,
                        -0.09138260781764984,
                        0.6931428909301758,
                        0.47798120975494385
                    ],
                    [
                        -0.31644338369369507,
                        -0.2210088074207306,
                        0.7567161321640015,
                        0.5874840021133423
                    ],
                    [
                        -0.23755145072937012,
                        -0.03204087167978287,
                        0.7775797247886658,
                        0.5100601315498352
                    ],
                    [
                        -0.08301246911287308,
                        0.10222949832677841,
                        0.9023618698120117,
                        0.6330085396766663
                    ],
                    [
                        -0.09452114999294281,
                        0.05004911124706268,
                        0.7631973624229431,
                        0.6205607056617737
                    ],
                    [
                        -0.16606852412223816,
                        0.09742903709411621,
                        0.7783712148666382,
                        0.6127963066101074
                    ],
                    [
                        -0.2415764033794403,
                        0.026792213320732117,
                        0.8598365187644958,
                        0.5873532295227051
                    ],
                    [
                        -0.23452231287956238,
                        -0.0674244612455368,
                        0.7157748341560364,
                        0.5196722149848938
                    ],
                    [
                        -0.18679511547088623,
                        -0.08940619230270386,
                        0.6509140133857727,
                        0.5424634218215942
                    ],
                    [
                        -0.2759059965610504,
                        -0.012433946132659912,
                        0.7814122438430786,
                        0.5505040884017944
                    ],
                    [
                        -0.09519528597593307,
                        -0.09128057211637497,
                        0.6322547197341919,
                        0.6597099304199219
                    ],
                    [
                        -0.08592044562101364,
                        -0.17705073952674866,
                        0.44165289402008057,
                        0.8212990164756775
                    ],
                    [
                        -0.10406480729579926,
                        -0.1370706409215927,
                        0.6673641204833984,
                        0.7771203517913818
                    ]
                ]
            ],
            "actions_pred": [
                [
                    [
                        -0.5766569375991821,
                        -0.5496131181716919,
                        -0.4685206413269043,
                        -0.41962218284606934,
                        -0.27757227420806885,
                        -0.2697077989578247,
                        -0.4356611669063568,
                        -0.4109971523284912,
                        -0.31644338369369507,
                        -0.23755145072937012,
                        -0.08301246911287308,
                        -0.09452114999294281,
                        -0.16606852412223816,
                        -0.2415764033794403,
                        -0.23452231287956238,
                        -0.18679511547088623,
                        -0.2759059965610504,
                        -0.09519528597593307,
                        -0.08592044562101364,
                        -0.10406480729579926
                    ],
                    [
                        0.06699088960886002,
                        -0.06663323193788528,
                        -0.11429169774055481,
                        -0.09492912143468857,
                        -0.10918417572975159,
                        -0.043375492095947266,
                        0.017827637493610382,
                        -0.09138260781764984,
                        -0.2210088074207306,
                        -0.03204087167978287,
                        0.10222949832677841,
                        0.05004911124706268,
                        0.09742903709411621,
                        0.026792213320732117,
                        -0.0674244612455368,
                        -0.08940619230270386,
                        -0.012433946132659912,
                        -0.09128057211637497,
                        -0.17705073952674866,
                        -0.1370706409215927
                    ],
                    [
                        0.8362953662872314,
                        0.8145554065704346,
                        0.8553406000137329,
                        0.9214791655540466,
                        0.9724792242050171,
                        0.901774525642395,
                        0.8678577542304993,
                        0.6931428909301758,
                        0.7567161321640015,
                        0.7775797247886658,
                        0.9023618698120117,
                        0.7631973624229431,
                        0.7783712148666382,
                        0.8598365187644958,
                        0.7157748341560364,
                        0.6509140133857727,
                        0.7814122438430786,
                        0.6322547197341919,
                        0.44165289402008057,
                        0.6673641204833984
                    ],
                    [
                        0.5661417245864868,
                        0.5250508785247803,
                        0.41301989555358887,
                        0.6391130685806274,
                        0.6634345054626465,
                        0.6742891073226929,
                        0.5923957824707031,
                        0.47798120975494385,
                        0.5874840021133423,
                        0.5100601315498352,
                        0.6330085396766663,
                        0.6205607056617737,
                        0.6127963066101074,
                        0.5873532295227051,
                        0.5196722149848938,
                        0.5424634218215942,
                        0.5505040884017944,
                        0.6597099304199219,
                        0.8212990164756775,
                        0.7771203517913818
                    ]
                ]
            ],
            "states": [
                [
                    [
                        1715880.0,
                        9.430604404769838e-05,
                        0.0053657107055187225,
                        470709.75
                    ],
                    [
                        1967832.0,
                        9.068279905477539e-05,
                        0.004402399994432926,
                        434480.75
                    ],
                    [
                        2130008.0,
                        8.69646537466906e-05,
                        0.004303366411477327,
                        508551.15625
                    ],
                    [
                        2267568.0,
                        8.329902630066499e-05,
                        0.003460775362327695,
                        467240.71875
                    ],
                    [
                        2448568.0,
                        7.969679427333176e-05,
                        0.003044134471565485,
                        537034.5
                    ],
                    [
                        2646944.0,
                        7.613936031702906e-05,
                        0.00288664479739964,
                        500456.03125
                    ],
                    [
                        1710088.0,
                        7.333141547860578e-05,
                        0.0027106136549264193,
                        490357.90625
                    ],
                    [
                        2580336.0,
                        7.077431655488908e-05,
                        0.0027518118731677532,
                        546850.6875
                    ],
                    [
                        2927856.0,
                        6.773720087949187e-05,
                        0.0026009255088865757,
                        496203.71875
                    ],
                    [
                        3168224.0,
                        6.466506602009758e-05,
                        0.002423960482701659,
                        507070.15625
                    ],
                    [
                        3505608.0,
                        6.160674092825502e-05,
                        0.002274049213156104,
                        516057.96875
                    ],
                    [
                        3553392.0,
                        5.866973879165016e-05,
                        0.0023237415589392185,
                        471484.09375
                    ],
                    [
                        4039920.0,
                        5.581038931268267e-05,
                        0.0021793735213577747,
                        501229.875
                    ],
                    [
                        4028336.0,
                        5.305969170876779e-05,
                        0.002523052040487528,
                        561908.75
                    ],
                    [
                        4312144.0,
                        5.04888485011179e-05,
                        0.002231767401099205,
                        502897.96875
                    ],
                    [
                        4776952.0,
                        4.795741187990643e-05,
                        0.0032643231097608805,
                        459673.25
                    ],
                    [
                        4743648.0,
                        4.5562293962575495e-05,
                        0.0020812072325497866,
                        515212.4375
                    ],
                    [
                        2971296.0,
                        4.3785152229247615e-05,
                        0.0015903349267318845,
                        502955.46875
                    ],
                    [
                        4981120.0,
                        4.21030999859795e-05,
                        0.0016534600872546434,
                        511202.4375
                    ],
                    [
                        4962296.0,
                        4.016688762931153e-05,
                        0.0014106292510405183,
                        493895.1875
                    ]
                ]
            ],
            "actions": [
                [
                    [
                        0.25
                    ],
                    [
                        0.25
                    ],
                    [
                        0.25
                    ],
                    [
                        0.25
                    ],
                    [
                        0.25
                    ],
                    [
                        0.25
                    ],
                    [
                        0.25
                    ],
                    [
                        0.25
                    ],
                    [
                        0.25
                    ],
                    [
                        0.25
                    ],
                    [
                        0.25
                    ],
                    [
                        0.25
                    ],
                    [
                        0.25
                    ],
                    [
                        0.25
                    ],
                    [
                        0.25
                    ],
                    [
                        0.25
                    ],
                    [
                        0.25
                    ],
                    [
                        0.25
                    ],
                    [
                        0.25
                    ],
                    [
                        0.25
                    ]
                ]
            ],
            "returns": [
                [
                    [
                        0.053779877722263336
                    ],
                    [
                        0.05294714868068695
                    ],
                    [
                        0.05210227146744728
                    ],
                    [
                        0.05125037208199501
                    ],
                    [
                        0.05039292573928833
                    ],
                    [
                        0.04952867329120636
                    ],
                    [
                        0.04865751042962074
                    ],
                    [
                        0.047825079411268234
                    ],
                    [
                        0.046956177800893784
                    ],
                    [
                        0.04607607424259186
                    ],
                    [
                        0.04518897458910942
                    ],
                    [
                        0.04429290443658829
                    ],
                    [
                        0.04339563474059105
                    ],
                    [
                        0.04248698428273201
                    ],
                    [
                        0.04157859459519386
                    ],
                    [
                        0.04066416248679161
                    ],
                    [
                        0.039740659296512604
                    ],
                    [
                        0.03881777450442314
                    ],
                    [
                        0.037936363369226456
                    ],
                    [
                        0.03700914978981018
                    ]
                ]
            ],
            "timesteps": [
                [
                    580,
                    581,
                    582,
                    583,
                    584,
                    585,
                    586,
                    587,
                    588,
                    589,
                    590,
                    591,
                    592,
                    593,
                    594,
                    595,
                    596,
                    597,
                    598,
                    599
                ]
            ],
            "labels": [
                [
                    0,
                    0,
                    0,
                    0,
                    0,
                    0,
                    0,
                    0,
                    0,
                    0,
                    0,
                    0,
                    0,
                    0,
                    0,
                    0,
                    0,
                    0,
                    0,
                    0
                ]
            ],
            "CPU Usage": 46.8,
            "RAM Usage": 55.6,
            "GPU Usage": 0.0,
            "VRAM Usage": 355.0,
            "Disk Read Speed (MB/s)": 205936.6796875,
            "Disk Write Speed (MB/s)": 321682.2119140625
        },
        {
            "step": 2,
            "train_loss": 0.06516487896442413,
            "actions_pred1": [
                [
                    [
                        0.16593530774116516,
                        -0.48772457242012024,
                        0.7820800542831421,
                        0.984518826007843
                    ],
                    [
                        0.07224387675523758,
                        -0.3521884083747864,
                        0.8156827092170715,
                        0.8452035188674927
                    ],
                    [
                        -0.23993928730487823,
                        -0.2597140371799469,
                        0.7193387746810913,
                        0.6520286798477173
                    ],
                    [
                        -0.42337116599082947,
                        -0.26483941078186035,
                        0.7033253908157349,
                        0.6401071548461914
                    ],
                    [
                        -0.47789621353149414,
                        -0.22914229333400726,
                        0.6829822063446045,
                        0.6246713399887085
                    ],
                    [
                        -0.5359446406364441,
                        -0.29018068313598633,
                        0.7176855802536011,
                        0.6091462969779968
                    ],
                    [
                        -0.5834123492240906,
                        -0.3217253088951111,
                        0.7492460012435913,
                        0.596575140953064
                    ],
                    [
                        -0.6696230173110962,
                        -0.23297883570194244,
                        0.8020198941230774,
                        0.5834001898765564
                    ],
                    [
                        -0.4431288540363312,
                        -0.22064240276813507,
                        0.7942876815795898,
                        0.583977460861206
                    ],
                    [
                        -0.3754427433013916,
                        -0.2929658889770508,
                        0.8448160886764526,
                        0.48930883407592773
                    ],
                    [
                        -0.35288548469543457,
                        -0.2820717692375183,
                        0.5796608924865723,
                        0.6437954306602478
                    ],
                    [
                        -0.32667219638824463,
                        -0.262315571308136,
                        0.6661795973777771,
                        0.624653160572052
                    ],
                    [
                        -0.3528507947921753,
                        -0.21620403230190277,
                        0.6187605857849121,
                        0.7146409749984741
                    ],
                    [
                        -0.42692604660987854,
                        -0.14300423860549927,
                        0.7573267817497253,
                        0.6748288869857788
                    ],
                    [
                        -0.43927788734436035,
                        -0.11383774876594543,
                        0.8392398357391357,
                        0.5669037103652954
                    ],
                    [
                        -0.4640119969844818,
                        -0.13820737600326538,
                        0.8398467898368835,
                        0.5708070397377014
                    ],
                    [
                        -0.45869991183280945,
                        -0.22612841427326202,
                        0.7230498790740967,
                        0.6071889996528625
                    ],
                    [
                        -0.49511492252349854,
                        -0.17990225553512573,
                        0.7573298215866089,
                        0.5761754512786865
                    ],
                    [
                        -0.4425756335258484,
                        -0.048321858048439026,
                        0.7730765342712402,
                        0.5509580373764038
                    ],
                    [
                        -0.3528361916542053,
                        -0.029045209288597107,
                        0.6930233240127563,
                        0.6240853667259216
                    ]
                ]
            ],
            "actions_pred": [
                [
                    [
                        0.16593530774116516,
                        0.07224387675523758,
                        -0.23993928730487823,
                        -0.42337116599082947,
                        -0.47789621353149414,
