{
    "steps": [
        {
            "step": 0,
            "train_loss": 0.04338096082210541,
            "actions_pred1": [
                [
                    [
                        0.37031930685043335,
                        0.02357347309589386,
                        0.7265444397926331,
                        0.17996898293495178
                    ],
                    [
                        0.23735608160495758,
                        0.014280572533607483,
                        0.6004190444946289,
                        0.15790894627571106
                    ],
                    [
                        0.15884928405284882,
                        -0.25544121861457825,
                        0.42341312766075134,
                        -0.020053863525390625
                    ],
                    [
                        0.2232535034418106,
                        -0.1930524855852127,
                        0.37295037508010864,
                        -0.09621381759643555
                    ],
                    [
                        0.1827397644519806,
                        -0.16642314195632935,
                        0.4795781970024109,
                        -0.13056784868240356
                    ],
                    [
                        0.07976803183555603,
                        -0.021347925066947937,
                        0.5673537850379944,
                        -0.15104100108146667
                    ],
                    [
                        0.27401649951934814,
                        -0.12993350625038147,
                        0.5181422829627991,
                        -0.19354349374771118
                    ],
                    [
                        0.21869421005249023,
                        -0.08652980625629425,
                        0.5028272867202759,
                        -0.19920095801353455
                    ],
                    [
                        0.17711609601974487,
                        0.01272989809513092,
                        0.7489481568336487,
                        -0.2629041075706482
                    ],
                    [
                        0.26659178733825684,
                        0.06873734295368195,
                        0.7341991662979126,
                        -0.1998245120048523
                    ],
                    [
                        0.19502323865890503,
                        -0.032173074781894684,
                        0.7356862425804138,
                        -0.15363085269927979
                    ],
                    [
                        0.21096134185791016,
                        -0.004015758633613586,
                        0.6394373774528503,
                        -0.135008305311203
                    ],
                    [
                        0.22722987830638885,
                        0.02058127522468567,
                        0.6561517715454102,
                        -0.09513375163078308
                    ],
                    [
                        0.20920565724372864,
                        0.048176273703575134,
                        0.7420572638511658,
                        0.04166892170906067
                    ],
                    [
                        0.22724545001983643,
                        -0.004381611943244934,
                        0.7413996458053589,
                        0.029214203357696533
                    ],
                    [
                        0.24111175537109375,
                        -0.16064029932022095,
                        0.4967861473560333,
                        -0.0030612051486968994
                    ],
                    [
                        0.2515508234500885,
                        -0.047326818108558655,
                        0.538959264755249,
                        -0.10393601655960083
                    ],
                    [
                        0.18823131918907166,
                        -0.041519105434417725,
                        0.5279776453971863,
                        -0.04980406165122986
                    ],
                    [
                        0.15248993039131165,
                        -0.029098227620124817,
                        0.6171535849571228,
                        -0.028900951147079468
                    ],
                    [
                        0.15708763897418976,
                        -0.009525492787361145,
                        0.703453004360199,
                        -0.09944295883178711
                    ]
                ]
            ],
            "actions_pred": [
                [
                    [
                        0.37031930685043335,
                        0.23735608160495758,
                        0.15884928405284882,
                        0.2232535034418106,
                        0.1827397644519806,
                        0.07976803183555603,
                        0.27401649951934814,
                        0.21869421005249023,
                        0.17711609601974487,
                        0.26659178733825684,
                        0.19502323865890503,
                        0.21096134185791016,
                        0.22722987830638885,
                        0.20920565724372864,
                        0.22724545001983643,
                        0.24111175537109375,
                        0.2515508234500885,
                        0.18823131918907166,
                        0.15248993039131165,
                        0.15708763897418976
                    ],
                    [
                        0.02357347309589386,
                        0.014280572533607483,
                        -0.25544121861457825,
                        -0.1930524855852127,
                        -0.16642314195632935,
                        -0.021347925066947937,
                        -0.12993350625038147,
                        -0.08652980625629425,
                        0.01272989809513092,
                        0.06873734295368195,
                        -0.032173074781894684,
                        -0.004015758633613586,
                        0.02058127522468567,
                        0.048176273703575134,
                        -0.004381611943244934,
                        -0.16064029932022095,
                        -0.047326818108558655,
                        -0.041519105434417725,
                        -0.029098227620124817,
                        -0.009525492787361145
                    ],
                    [
                        0.7265444397926331,
                        0.6004190444946289,
                        0.42341312766075134,
                        0.37295037508010864,
                        0.4795781970024109,
                        0.5673537850379944,
                        0.5181422829627991,
                        0.5028272867202759,
                        0.7489481568336487,
                        0.7341991662979126,
                        0.7356862425804138,
                        0.6394373774528503,
                        0.6561517715454102,
                        0.7420572638511658,
                        0.7413996458053589,
                        0.4967861473560333,
                        0.538959264755249,
                        0.5279776453971863,
                        0.6171535849571228,
                        0.703453004360199
                    ],
                    [
                        0.17996898293495178,
                        0.15790894627571106,
                        -0.020053863525390625,
                        -0.09621381759643555,
                        -0.13056784868240356,
                        -0.15104100108146667,
                        -0.19354349374771118,
                        -0.19920095801353455,
                        -0.2629041075706482,
                        -0.1998245120048523,
                        -0.15363085269927979,
                        -0.135008305311203,
                        -0.09513375163078308,
                        0.04166892170906067,
                        0.029214203357696533,
                        -0.0030612051486968994,
                        -0.10393601655960083,
                        -0.04980406165122986,
                        -0.028900951147079468,
                        -0.09944295883178711
                    ]
                ]
            ],
            "states": [
                [
                    [
                        5130264.0,
                        9.53052585828118e-06,
                        0.00017112551722675562,
                        484343.53125
                    ],
                    [
                        5473440.0,
                        9.464440154260956e-06,
                        0.00025726869353093207,
                        530369.25
                    ],
                    [
                        5615344.0,
                        9.396303539688233e-06,
                        0.000244751397985965,
                        507658.4375
                    ],
                    [
                        5705120.0,
                        9.327747648057994e-06,
                        0.0002547030453570187,
                        475297.125
                    ],
                    [
                        5661680.0,
                        9.25990843825275e-06,
                        0.0002602769818622619,
                        509474.46875
                    ],
                    [
                        5626928.0,
                        9.193505320581608e-06,
                        0.00028401854797266424,
                        512406.875
                    ],
                    [
                        7240000.0,
                        9.118992238654755e-06,
                        0.00026182830333709717,
                        473767.34375
                    ],
                    [
                        6098976.0,
                        9.042967576533556e-06,
                        0.00025427230866625905,
                        486137.84375
                    ],
                    [
                        5957072.0,
                        8.975355740403756e-06,
                        0.00025071317213587463,
                        481721.90625
                    ],
                    [
                        6045400.0,
                        8.909044481697492e-06,
                        0.000257556646829471,
                        512695.15625
                    ],
                    [
                        5554528.0,
                        8.845872798701748e-06,
                        0.0002534309751354158,
                        490408.03125
                    ],
                    [
                        5395248.0,
                        8.787061233306304e-06,
                        0.00019772094674408436,
                        502051.125
                    ],
                    [
                        6014992.0,
                        8.726612577447668e-06,
                        0.00023689404770266265,
                        496127.90625
                    ],
                    [
                        5615344.0,
                        8.665836503496394e-06,
                        0.00024040597782004625,
                        497831.1875
                    ],
                    [
                        5961416.0,
                        8.60618456499651e-06,
                        0.00023798528127372265,
                        498399.9375
                    ],
                    [
                        5690640.0,
                        8.546960089006461e-06,
                        0.0002599294239189476,
                        501903.53125
                    ],
                    [
                        6043952.0,
                        8.48813488119049e-06,
                        0.0002636733988765627,
                        501576.46875
                    ],
                    [
                        7975584.0,
                        8.418936886300799e-06,
                        0.00023683813924435526,
                        444337.65625
                    ],
                    [
                        5891912.0,
                        8.351544238394126e-06,
                        0.0002558637352194637,
                        498428.25
                    ],
                    [
                        6125040.0,
                        8.294033250422217e-06,
                        0.00024174025747925043,
                        501703.09375
                    ]
                ]
            ],
            "actions": [
                [
                    [
                        0.25
                    ],
                    [
                        0.25
                    ],
                    [
                        0.25
                    ],
                    [
                        0.25
                    ],
                    [
                        0.25
                    ],
                    [
                        0.25
                    ],
                    [
                        0.25
                    ],
                    [
                        0.25
                    ],
                    [
                        0.25
                    ],
                    [
                        0.25
                    ],
                    [
                        0.25
                    ],
                    [
                        0.25
                    ],
                    [
                        0.25
                    ],
                    [
                        0.25
                    ],
                    [
                        0.25
                    ],
                    [
                        0.25
                    ],
                    [
                        0.25
                    ],
                    [
                        0.25
                    ],
                    [
                        0.25
                    ],
                    [
                        0.25
                    ]
                ]
            ],
            "returns": [
                [
                    [
                        0.20859551429748535
                    ],
                    [
                        0.20766568183898926
                    ],
                    [
                        0.20673011243343353
                    ],
                    [
                        0.20579227805137634
                    ],
                    [
                        0.20485302805900574
                    ],
                    [
                        0.20391446352005005
                    ],
                    [
                        0.20297643542289734
                    ],
                    [
                        0.20201605558395386
                    ],
                    [
                        0.2010708898305893
                    ],
                    [
                        0.20012782514095306
                    ],
                    [
                        0.19918343424797058
                    ],
                    [
                        0.1982465535402298
                    ],
                    [
                        0.19731226563453674
                    ],
                    [
                        0.19636832177639008
                    ],
                    [
                        0.19543048739433289
                    ],
                    [
                        0.19448734819889069
                    ],
                    [
                        0.193548321723938
                    ],
                    [
                        0.1926039606332779
                    ],
                    [
                        0.19163501262664795
                    ],
                    [
                        0.19069290161132812
                    ]
                ]
            ],
            "timesteps": [
                [
                    400,
                    401,
                    402,
                    403,
                    404,
                    405,
                    406,
                    407,
                    408,
                    409,
                    410,
                    411,
                    412,
                    413,
                    414,
                    415,
                    416,
                    417,
                    418,
                    419
                ]
            ],
            "labels": [
                [
                    0,
                    0,
                    0,
                    0,
                    0,
                    0,
                    0,
                    0,
                    0,
                    0,
                    0,
                    0,
                    0,
                    0,
                    0,
                    0,
                    0,
                    0,
                    0,
                    0
                ]
            ],
            "CPU Usage": 45.5,
            "RAM Usage": 55.3,
            "GPU Usage": 0.0,
            "VRAM Usage": 355.0,
            "Disk Read Speed (MB/s)": 206025.6025390625,
            "Disk Write Speed (MB/s)": 350898.8564453125
        },
        {
            "step": 1,
            "train_loss": 0.05220388248562813,
            "actions_pred1": [
                [
                    [
                        0.27868765592575073,
                        -0.24710120260715485,
                        0.9412837028503418,
                        0.08775991201400757
                    ],
                    [
                        0.2098405361175537,
                        -0.2072894126176834,
                        1.0692435503005981,
                        0.03603056073188782
                    ],
                    [
                        0.14445118606090546,
                        -0.08474697172641754,
                        0.951651394367218,
                        -0.01480776071548462
                    ],
                    [
                        -0.09372922778129578,
                        0.022480759769678116,
                        1.0777573585510254,
                        -0.12286296486854553
                    ],
                    [
                        0.016391374170780182,
                        0.08217787742614746,
                        0.9536188840866089,
                        0.0648212730884552
                    ],
                    [
                        0.07531280815601349,
                        -0.046885475516319275,
                        0.761855959892273,
                        -0.015189886093139648
                    ],
                    [
                        0.06504502892494202,
                        -0.05556323379278183,
                        0.7910846471786499,
                        -0.04924166202545166
                    ],
                    [
                        0.05251067876815796,
                        0.16483913362026215,
                        0.8891797661781311,
                        -7.43567943572998e-05
                    ],
                    [
                        0.06226639449596405,
                        0.05419895052909851,
                        0.9116727113723755,
                        0.03506368398666382
                    ],
                    [
                        0.0944778174161911,
                        0.025280572474002838,
                        0.890453577041626,
                        -0.026124507188796997
                    ],
                    [
                        0.105901338160038,
                        0.04362685978412628,
                        0.8579588532447815,
                        0.052515238523483276
                    ],
                    [
                        0.11451118439435959,
                        0.08646126836538315,
                        0.825011134147644,
                        0.020279526710510254
                    ],
                    [
                        0.04758964851498604,
                        0.13254253566265106,
                        0.9101097583770752,
                        -0.07263638079166412
                    ],
                    [
                        0.29624584317207336,
                        0.1790008842945099,
                        0.914445161819458,
                        -0.0576687753200531
                    ],
                    [
                        0.22161871194839478,
                        0.19762246310710907,
                        0.9252407550811768,
                        -0.0019828379154205322
                    ],
                    [
                        0.13175058364868164,
                        0.09511449933052063,
                        0.9310780763626099,
                        -0.013321727514266968
                    ],
                    [
                        0.08827808499336243,
                        -0.02200181782245636,
                        1.0241336822509766,
                        -0.003950923681259155
                    ],
                    [
                        0.13846498727798462,
                        -0.012148670852184296,
                        0.9267767667770386,
                        0.014075040817260742
                    ],
                    [
                        0.20026855170726776,
                        0.04912620037794113,
                        1.0242773294448853,
                        -0.05016252398490906
                    ],
                    [
                        0.2030460387468338,
                        0.03690576180815697,
                        1.1228944063186646,
                        -0.05542045831680298
                    ]
                ]
            ],
            "actions_pred": [
                [
                    [
                        0.27868765592575073,
                        0.2098405361175537,
                        0.14445118606090546,
                        -0.09372922778129578,
                        0.016391374170780182,
                        0.07531280815601349,
                        0.06504502892494202,
                        0.05251067876815796,
                        0.06226639449596405,
                        0.0944778174161911,
                        0.105901338160038,
                        0.11451118439435959,
                        0.04758964851498604,
                        0.29624584317207336,
                        0.22161871194839478,
                        0.13175058364868164,
                        0.08827808499336243,
                        0.13846498727798462,
                        0.20026855170726776,
                        0.2030460387468338
                    ],
                    [
                        -0.24710120260715485,
                        -0.2072894126176834,
                        -0.08474697172641754,
                        0.022480759769678116,
                        0.08217787742614746,
                        -0.046885475516319275,
                        -0.05556323379278183,
                        0.16483913362026215,
                        0.05419895052909851,
                        0.025280572474002838,
                        0.04362685978412628,
                        0.08646126836538315,
                        0.13254253566265106,
                        0.1790008842945099,
                        0.19762246310710907,
                        0.09511449933052063,
                        -0.02200181782245636,
                        -0.012148670852184296,
                        0.04912620037794113,
                        0.03690576180815697
                    ],
                    [
                        0.9412837028503418,
                        1.0692435503005981,
                        0.951651394367218,
                        1.0777573585510254,
                        0.9536188840866089,
                        0.761855959892273,
                        0.7910846471786499,
                        0.8891797661781311,
                        0.9116727113723755,
                        0.890453577041626,
                        0.8579588532447815,
                        0.825011134147644,
                        0.9101097583770752,
                        0.914445161819458,
                        0.9252407550811768,
                        0.9310780763626099,
                        1.0241336822509766,
                        0.9267767667770386,
                        1.0242773294448853,
                        1.1228944063186646
                    ],
                    [
                        0.08775991201400757,
                        0.03603056073188782,
                        -0.01480776071548462,
                        -0.12286296486854553,
                        0.0648212730884552,
                        -0.015189886093139648,
                        -0.04924166202545166,
                        -7.43567943572998e-05,
                        0.03506368398666382,
                        -0.026124507188796997,
                        0.052515238523483276,
                        0.020279526710510254,
                        -0.07263638079166412,
                        -0.0576687753200531,
                        -0.0019828379154205322,
                        -0.013321727514266968,
                        -0.003950923681259155,
                        0.014075040817260742,
                        -0.05016252398490906,
                        -0.05542045831680298
                    ]
                ]
            ],
            "states": [
                [
                    [
                        5354704.0,
                        8.239823728217743e-06,
                        0.00025337765691801906,
                        501396.375
                    ],
                    [
                        6112008.0,
                        8.186386367015075e-06,
                        0.00023226119810715318,
                        493386.84375
                    ],
                    [
                        437474.0,
                        0.04059061408042908,
                        0.000310274597723037,
                        179519.703125
                    ],
                    [
                        742824.0,
                        0.00568061089143157,
                        0.00025462565827183425,
                        494869.5625
                    ],
                    [
                        1293064.0,
                        0.002463217591866851,
                        0.00027542549651116133,
                        568802.125
                    ],
                    [
                        2754096.0,
                        0.001175331766717136,
                        0.00025879128952510655,
                        506395.59375
                    ],
                    [
                        4959400.0,
                        0.0005831622984260321,
                        0.0002528103068470955,
                        510830.5
                    ],
                    [
                        7180632.0,
                        0.0003223789972253144,
                        0.00020026147831231356,
                        497092.78125
                    ],
                    [
                        10328584.0,
                        0.00019613979384303093,
                        0.00022364039614330977,
                        447740.25
                    ],
                    [
                        9514808.0,
                        0.00013474683510139585,
                        0.0002323320077266544,
                        458092.9375
                    ],
                    [
                        9614720.0,
                        0.00010378147271694615,
                        0.00023472661268897355,
                        451882.15625
                    ],
                    [
                        11055480.0,
                        8.32404475659132e-05,
                        0.00024062122975010425,
                        451078.96875
                    ],
                    [
                        10631216.0,
                        6.886368646519259e-05,
                        0.0001874879380920902,
                        454141.4375
                    ],
                    [
                        9736352.0,
                        5.92533870076295e-05,
                        0.00025532711879350245,
                        501440.96875
                    ],
                    [
                        5832544.0,
                        5.351470463210717e-05,
                        0.0002452299522701651,
                        514617.375
                    ],
                    [
                        4878312.0,
                        5.0193953939015046e-05,
                        0.00023082415282260627,
                        598373.25
                    ],
                    [
                        5687744.0,
                        4.730764703708701e-05,
                        0.00026125748991034925,
                        594833.125
                    ],
                    [
                        5154880.0,
                        4.466561586013995e-05,
                        0.00024003862927202135,
                        666985.1875
                    ],
                    [
                        5471992.0,
                        4.2350944568170235e-05,
                        0.00019315553072374314,
                        641558.875
                    ],
                    [
                        7102440.0,
                        3.9908583858050406e-05,
                        0.00022412248654291034,
                        477795.28125
                    ]
                ]
            ],
            "actions": [
                [
                    [
                        0.25
                    ],
                    [
                        0.25
                    ],
                    [
                        0.5
                    ],
                    [
                        0.5
                    ],
                    [
                        0.5
                    ],
                    [
                        0.5
                    ],
                    [
                        0.5
                    ],
                    [
                        0.5
                    ],
                    [
                        0.5
                    ],
                    [
                        0.5
                    ],
                    [
                        0.5
                    ],
                    [
                        0.5
                    ],
                    [
                        0.5
                    ],
                    [
                        0.5
                    ],
                    [
                        0.5
                    ],
                    [
                        0.5
                    ],
                    [
                        0.5
                    ],
                    [
                        0.5
                    ],
                    [
                        0.5
                    ],
                    [
                        0.5
                    ]
                ]
            ],
            "returns": [
                [
                    [
                        0.18974736332893372
                    ],
                    [
                        0.1888137310743332
                    ],
                    [
                        0.1878683865070343
                    ],
                    [
                        0.1871568113565445
                    ],
                    [
                        0.18639831244945526
                    ],
                    [
                        0.18559066951274872
                    ],
                    [
                        0.18471598625183105
                    ],
                    [
                        0.18378916382789612
                    ],
                    [
                        0.18282951414585114
                    ],
                    [
                        0.18183764815330505
                    ],
                    [
                        0.18085305392742157
                    ],
                    [
                        0.17986753582954407
                    ],
                    [
                        0.17886963486671448
                    ],
                    [
                        0.17787520587444305
                    ],
                    [
                        0.176888570189476
                    ],
                    [
                        0.17594735324382782
                    ],
                    [
                        0.17502199113368988
                    ],
                    [
                        0.17408300936222076
                    ],
                    [
                        0.17315275967121124
                    ],
                    [
                        0.1722172051668167
                    ]
                ]
            ],
            "timesteps": [
                [
                    420,
                    421,
                    422,
                    423,
                    424,
                    425,
                    426,
                    427,
                    428,
                    429,
                    430,
                    431,
                    432,
                    433,
                    434,
                    435,
                    436,
                    437,
                    438,
                    439
                ]
            ],
            "labels": [
                [
                    0,
                    0,
                    1,
                    1,
                    1,
                    1,
                    1,
                    1,
                    1,
                    1,
                    1,
                    1,
                    1,
                    1,
                    1,
                    1,
                    1,
                    1,
                    1,
                    1
                ]
            ],
            "CPU Usage": 46.8,
            "RAM Usage": 55.3,
            "GPU Usage": 0.0,
            "VRAM Usage": 356.0,
            "Disk Read Speed (MB/s)": 206025.6025390625,
            "Disk Write Speed (MB/s)": 350898.9892578125
        },
        {
            "step": 2,
            "train_loss": 0.03222202509641647,
            "actions_pred1": [
                [
                    [
                        0.45436587929725647,
                        -0.07561708986759186,
                        0.3731306493282318,
                        0.2961166501045227
                    ],
                    [
                        0.3859577476978302,
                        0.10546498000621796,
                        0.43005362153053284,
                        0.3390532433986664
                    ],
                    [
                        0.41419264674186707,
                        0.17575792968273163,
                        0.42105913162231445,
                        0.18767496943473816
                    ],
                    [
                        0.37987154722213745,
                        0.11644560098648071,
                        0.3081170916557312,
                        0.15336667001247406
                    ],
                    [
                        0.13992658257484436,
                        0.33789414167404175,
                        0.5272267460823059,
                        0.02110220491886139
                    ],
                    [
                        0.018885821104049683,
                        0.13588416576385498,
                        0.5709254145622253,
                        0.05954723060131073
                    ],
                    [
                        0.18113505840301514,
                        0.17202574014663696,
                        0.6148217916488647,
                        0.181598499417305
                    ],
                    [
                        0.38200893998146057,
                        -0.1209459975361824,
                        0.6882656812667847,
                        0.07064279913902283
                    ],
                    [
                        0.18587779998779297,
                        0.008949290961027145,
                        0.8447780013084412,
                        0.052898019552230835
                    ],
                    [
                        0.09860008209943771,
                        0.07132837176322937,
                        0.7858177423477173,
                        0.08269666135311127
                    ],
                    [
                        0.21556448936462402,
                        -0.006805680692195892,
                        0.6791386604309082,
                        0.06008005142211914
                    ],
                    [
                        0.2904813289642334,
                        0.08040285110473633,
                        0.7436686754226685,
                        0.13418814539909363
                    ],
                    [
                        0.23337781429290771,
                        0.04983600601553917,
                        0.7171122431755066,
                        0.07096585631370544
                    ],
                    [
                        0.13907672464847565,
                        -0.07164574414491653,
                        0.7618883848190308,
                        0.0392051637172699
                    ],
                    [
                        0.08856622129678726,
                        -0.01931334286928177,
                        0.7235052585601807,
                        0.12004214525222778
                    ],
                    [
                        0.03982812166213989,
                        0.0037829093635082245,
                        0.670135498046875,
                        0.2460843324661255
                    ],
                    [
                        0.13217444717884064,
                        0.019591763615608215,
                        0.7379964590072632,
                        0.267800509929657
                    ],
                    [
                        0.18207566440105438,
                        0.03965646028518677,
                        0.8123866319656372,
                        0.2919517159461975
                    ],
                    [
                        0.24688778817653656,
                        0.10443562269210815,
                        1.017906665802002,
                        0.1612134575843811
                    ],
                    [
                        0.2226123958826065,
                        0.04584312438964844,
                        0.8890014290809631,
                        0.12166288495063782
                    ]
                ]
            ],
            "actions_pred": [
                [
                    [
                        0.45436587929725647,
                        0.3859577476978302,
                        0.41419264674186707,
                        0.37987154722213745,
