{
    "steps": [
        {
            "step": 0,
            "train_loss": 0.0226141307502985,
            "actions_pred1": [
                [
                    [
                        0.1375751495361328,
                        0.6159629821777344,
                        1.2999777793884277,
                        -1.021584391593933
                    ],
                    [
                        0.10756703466176987,
                        0.591435968875885,
                        1.2742228507995605,
                        -1.0526230335235596
                    ],
                    [
                        0.17180800437927246,
                        0.6259089112281799,
                        1.186057448387146,
                        -1.1352932453155518
                    ],
                    [
                        0.20416739583015442,
                        0.48322927951812744,
                        1.0927339792251587,
                        -1.3516345024108887
                    ],
                    [
                        0.3453381061553955,
                        0.4615491032600403,
                        1.1165270805358887,
                        -1.4203184843063354
                    ],
                    [
                        0.32297226786613464,
                        0.4456973671913147,
                        1.0662506818771362,
                        -1.361849308013916
                    ],
                    [
                        0.3087078332901001,
                        0.7316769361495972,
                        0.9865075349807739,
                        -1.3464847803115845
                    ],
                    [
                        0.34275028109550476,
                        0.6964402198791504,
                        1.1188822984695435,
                        -1.2688703536987305
                    ],
                    [
                        0.4253717064857483,
                        0.7432076334953308,
                        1.1179345846176147,
                        -1.395204782485962
                    ],
                    [
                        0.3454892635345459,
                        0.7187182307243347,
                        1.131088137626648,
                        -1.4658256769180298
                    ],
                    [
                        0.33508428931236267,
                        0.699623703956604,
                        1.1709067821502686,
                        -1.4392199516296387
                    ],
                    [
                        0.2683701813220978,
                        0.7116919755935669,
                        1.1313130855560303,
                        -1.4292908906936646
                    ],
                    [
                        0.3620736300945282,
                        0.645834743976593,
                        1.302219033241272,
                        -1.521224021911621
                    ],
                    [
                        0.3370216190814972,
                        0.6887184381484985,
                        1.3036831617355347,
                        -1.5025590658187866
                    ],
                    [
                        0.2941238284111023,
                        0.7178047299385071,
                        1.2131294012069702,
                        -1.5275179147720337
                    ],
                    [
                        0.20374567806720734,
                        0.7384763956069946,
                        1.3064712285995483,
                        -1.6054205894470215
                    ],
                    [
                        0.07304024696350098,
                        0.7592352628707886,
                        1.314696192741394,
                        -1.5761380195617676
                    ],
                    [
                        0.2743636667728424,
                        0.8110731840133667,
                        1.2357807159423828,
                        -1.5628705024719238
                    ],
                    [
                        0.2102520912885666,
                        0.7727673649787903,
                        1.2658783197402954,
                        -1.5380544662475586
                    ],
                    [
                        0.18238474428653717,
                        0.7154050469398499,
                        1.3470503091812134,
                        -1.5019863843917847
                    ]
                ]
            ],
            "actions_pred": [
                [
                    [
                        0.1375751495361328,
                        0.10756703466176987,
                        0.17180800437927246,
                        0.20416739583015442,
                        0.3453381061553955,
                        0.32297226786613464,
                        0.3087078332901001,
                        0.34275028109550476,
                        0.4253717064857483,
                        0.3454892635345459,
                        0.33508428931236267,
                        0.2683701813220978,
                        0.3620736300945282,
                        0.3370216190814972,
                        0.2941238284111023,
                        0.20374567806720734,
                        0.07304024696350098,
                        0.2743636667728424,
                        0.2102520912885666,
                        0.18238474428653717
                    ],
                    [
                        0.6159629821777344,
                        0.591435968875885,
                        0.6259089112281799,
                        0.48322927951812744,
                        0.4615491032600403,
                        0.4456973671913147,
                        0.7316769361495972,
                        0.6964402198791504,
                        0.7432076334953308,
                        0.7187182307243347,
                        0.699623703956604,
                        0.7116919755935669,
                        0.645834743976593,
                        0.6887184381484985,
                        0.7178047299385071,
                        0.7384763956069946,
                        0.7592352628707886,
                        0.8110731840133667,
                        0.7727673649787903,
                        0.7154050469398499
                    ],
                    [
                        1.2999777793884277,
                        1.2742228507995605,
                        1.186057448387146,
                        1.0927339792251587,
                        1.1165270805358887,
                        1.0662506818771362,
                        0.9865075349807739,
                        1.1188822984695435,
                        1.1179345846176147,
                        1.131088137626648,
                        1.1709067821502686,
                        1.1313130855560303,
                        1.302219033241272,
                        1.3036831617355347,
                        1.2131294012069702,
                        1.3064712285995483,
                        1.314696192741394,
                        1.2357807159423828,
                        1.2658783197402954,
                        1.3470503091812134
                    ],
                    [
                        -1.021584391593933,
                        -1.0526230335235596,
                        -1.1352932453155518,
                        -1.3516345024108887,
                        -1.4203184843063354,
                        -1.361849308013916,
                        -1.3464847803115845,
                        -1.2688703536987305,
                        -1.395204782485962,
                        -1.4658256769180298,
                        -1.4392199516296387,
                        -1.4292908906936646,
                        -1.521224021911621,
                        -1.5025590658187866,
                        -1.5275179147720337,
                        -1.6054205894470215,
                        -1.5761380195617676,
                        -1.5628705024719238,
                        -1.5380544662475586,
                        -1.5019863843917847
                    ]
                ]
            ],
            "states": [
                [
                    [
                        5451720.0,
                        5.395679545472376e-05,
                        0.00037329201586544514,
                        787492.0625
                    ],
                    [
                        5280856.0,
                        5.18798733537551e-05,
                        0.00029995679506100714,
                        814349.6875
                    ],
                    [
                        5398144.0,
                        4.996706411475316e-05,
                        0.0002722619683481753,
                        830635.1875
                    ],
                    [
                        5419864.0,
                        4.8167821660172194e-05,
                        0.0002737951872404665,
                        823458.5625
                    ],
                    [
                        5285200.0,
                        4.651026029023342e-05,
                        0.0002537628752179444,
                        847604.5625
                    ],
                    [
                        5632720.0,
                        4.493406231631525e-05,
                        0.0002845273702405393,
                        778198.5625
                    ],
                    [
                        4926096.0,
                        4.350659582996741e-05,
                        0.00027429292094893754,
                        769937.4375
                    ],
                    [
                        5379320.0,
                        4.219951370032504e-05,
                        0.0002784566895570606,
                        775819.3125
                    ],
                    [
                        5141848.0,
                        4.0942868508864194e-05,
                        0.00027366288122721016,
                        804782.8125
                    ],
                    [
                        5422760.0,
                        3.9754886529408395e-05,
                        0.0002617421268951148,
                        784755.125
                    ],
                    [
                        5163568.0,
                        3.8631129427812994e-05,
                        0.000270931632257998,
                        777998.8125
                    ],
                    [
                        5172256.0,
                        3.7593843444483355e-05,
                        0.00027350522577762604,
                        827638.0
                    ],
                    [
                        5228728.0,
                        3.6604818888008595e-05,
                        0.0002609447401482612,
                        836480.3125
                    ],
                    [
                        5215696.0,
                        3.566250597941689e-05,
                        0.0002695223083719611,
                        842399.5625
                    ],
                    [
                        5496608.0,
                        3.474534969427623e-05,
                        0.00026009109569713473,
                        814649.5
                    ],
                    [
                        5165016.0,
                        3.3877906389534473e-05,
                        0.0002577552804723382,
                        820590.75
                    ],
                    [
                        5712360.0,
                        3.3036900276783854e-05,
                        0.0002756010799203068,
                        835693.0625
                    ],
                    [
                        5086824.0,
                        3.224165993742645e-05,
                        0.0002540297864470631,
                        845564.6875
                    ],
                    [
                        5490816.0,
                        3.14996468659956e-05,
                        0.00027847016463056207,
                        824773.25
                    ],
                    [
                        5183840.0,
                        3.078411828028038e-05,
                        0.0002814441977534443,
                        810358.5625
                    ]
                ]
            ],
            "actions": [
                [
                    [
                        0.75
                    ],
                    [
                        0.75
                    ],
                    [
                        0.75
                    ],
                    [
                        0.75
                    ],
                    [
                        0.75
                    ],
                    [
                        0.75
                    ],
                    [
                        0.75
                    ],
                    [
                        0.75
                    ],
                    [
                        0.75
                    ],
                    [
                        0.75
                    ],
                    [
                        0.75
                    ],
                    [
                        0.75
                    ],
                    [
                        0.75
                    ],
                    [
                        0.75
                    ],
                    [
                        0.75
                    ],
                    [
                        0.75
                    ],
                    [
                        0.75
                    ],
                    [
                        0.75
                    ],
                    [
                        0.75
                    ],
                    [
                        0.75
                    ]
                ]
            ],
            "returns": [
                [
                    [
                        0.36055833101272583
                    ],
                    [
                        0.35962310433387756
                    ],
                    [
                        0.35869070887565613
                    ],
                    [
                        0.3577563464641571
                    ],
                    [
                        0.3568216562271118
                    ],
                    [
                        0.3558892011642456
                    ],
                    [
                        0.35495108366012573
                    ],
                    [
                        0.35402485728263855
                    ],
                    [
                        0.3530908226966858
                    ],
                    [
                        0.352160781621933
                    ],
                    [
                        0.3512260317802429
                    ],
                    [
                        0.35029563307762146
                    ],
                    [
                        0.34936508536338806
                    ],
                    [
                        0.34843355417251587
                    ],
                    [
                        0.3475022614002228
                    ],
                    [
                        0.3465663194656372
                    ],
                    [
                        0.34563589096069336
                    ],
                    [
                        0.3446965217590332
                    ],
                    [
                        0.3437674641609192
                    ],
                    [
                        0.3428316116333008
                    ]
                ]
            ],
            "timesteps": [
                [
                    240,
                    241,
                    242,
                    243,
                    244,
                    245,
                    246,
                    247,
                    248,
                    249,
                    250,
                    251,
                    252,
                    253,
                    254,
                    255,
                    256,
                    257,
                    258,
                    259
                ]
            ],
            "labels": [
                [
                    2,
                    2,
                    2,
                    2,
                    2,
                    2,
                    2,
                    2,
                    2,
                    2,
                    2,
                    2,
                    2,
                    2,
                    2,
                    2,
                    2,
                    2,
                    2,
                    2
                ]
            ],
            "CPU Usage": 45.1,
            "RAM Usage": 55.2,
            "GPU Usage": 0.0,
            "VRAM Usage": 355.0,
            "Disk Read Speed (MB/s)": 206398.4345703125,
            "Disk Write Speed (MB/s)": 387428.6220703125
        },
        {
            "step": 1,
            "train_loss": 0.049960993230342865,
            "actions_pred1": [
                [
                    [
                        0.6814170479774475,
                        0.9925655126571655,
                        1.349600911140442,
                        -1.4729048013687134
                    ],
                    [
                        0.5899914503097534,
                        0.9476721882820129,
                        1.1500502824783325,
                        -1.3081672191619873
                    ],
                    [
                        0.577573835849762,
                        1.081713080406189,
                        1.047404408454895,
                        -1.3292573690414429
                    ],
                    [
                        0.5467351078987122,
                        1.0028936862945557,
                        1.0368952751159668,
                        -1.3864803314208984
                    ],
                    [
                        0.5488288402557373,
                        0.9049669504165649,
                        1.0319682359695435,
                        -1.7112598419189453
                    ],
                    [
                        0.48202893137931824,
                        0.8772166967391968,
                        1.078262448310852,
                        -1.6541941165924072
                    ],
                    [
                        0.408222496509552,
                        0.8165805339813232,
                        1.1141722202301025,
                        -1.713615894317627
                    ],
                    [
                        0.3985273838043213,
                        0.8625511527061462,
                        1.0639384984970093,
                        -1.7566609382629395
                    ],
                    [
                        0.42341095209121704,
                        0.9235056638717651,
                        1.1274691820144653,
                        -1.9152255058288574
                    ],
                    [
                        0.3415856957435608,
                        1.0896435976028442,
                        1.041773796081543,
                        -1.6132405996322632
                    ],
                    [
                        0.23686781525611877,
                        0.8373957872390747,
                        1.0525951385498047,
                        -1.5908331871032715
                    ],
                    [
                        0.2689512073993683,
                        0.7534900903701782,
                        1.1013646125793457,
                        -1.7075104713439941
                    ],
                    [
                        0.348627507686615,
                        0.9257462024688721,
                        1.3446403741836548,
                        -1.6378294229507446
                    ],
                    [
                        0.36323291063308716,
                        0.8938022255897522,
                        1.2241332530975342,
                        -1.6024681329727173
                    ],
                    [
                        0.2906787693500519,
                        0.8789805173873901,
                        1.195051670074463,
                        -1.6877853870391846
                    ],
                    [
                        0.2836366891860962,
                        0.6550000905990601,
                        1.3877562284469604,
                        -1.5361206531524658
                    ],
                    [
                        0.21819627285003662,
                        0.6550100445747375,
                        1.4240493774414062,
                        -1.6130778789520264
                    ],
                    [
                        0.30039626359939575,
                        0.8153026700019836,
                        1.254953384399414,
                        -1.598272681236267
                    ],
                    [
                        0.3420473635196686,
                        0.7942937612533569,
                        1.2139633893966675,
                        -1.6863956451416016
                    ],
                    [
                        0.31599700450897217,
                        0.9361681938171387,
                        1.153565526008606,
                        -1.6486985683441162
                    ]
                ]
            ],
            "actions_pred": [
                [
                    [
                        0.6814170479774475,
                        0.5899914503097534,
                        0.577573835849762,
                        0.5467351078987122,
                        0.5488288402557373,
                        0.48202893137931824,
                        0.408222496509552,
                        0.3985273838043213,
                        0.42341095209121704,
                        0.3415856957435608,
                        0.23686781525611877,
                        0.2689512073993683,
                        0.348627507686615,
                        0.36323291063308716,
                        0.2906787693500519,
                        0.2836366891860962,
                        0.21819627285003662,
                        0.30039626359939575,
                        0.3420473635196686,
                        0.31599700450897217
                    ],
                    [
                        0.9925655126571655,
                        0.9476721882820129,
                        1.081713080406189,
                        1.0028936862945557,
                        0.9049669504165649,
                        0.8772166967391968,
                        0.8165805339813232,
                        0.8625511527061462,
                        0.9235056638717651,
                        1.0896435976028442,
                        0.8373957872390747,
                        0.7534900903701782,
                        0.9257462024688721,
                        0.8938022255897522,
                        0.8789805173873901,
                        0.6550000905990601,
                        0.6550100445747375,
                        0.8153026700019836,
                        0.7942937612533569,
                        0.9361681938171387
                    ],
                    [
                        1.349600911140442,
                        1.1500502824783325,
                        1.047404408454895,
                        1.0368952751159668,
                        1.0319682359695435,
                        1.078262448310852,
                        1.1141722202301025,
                        1.0639384984970093,
                        1.1274691820144653,
                        1.041773796081543,
                        1.0525951385498047,
                        1.1013646125793457,
                        1.3446403741836548,
                        1.2241332530975342,
                        1.195051670074463,
                        1.3877562284469604,
                        1.4240493774414062,
                        1.254953384399414,
                        1.2139633893966675,
                        1.153565526008606
                    ],
                    [
                        -1.4729048013687134,
                        -1.3081672191619873,
                        -1.3292573690414429,
                        -1.3864803314208984,
                        -1.7112598419189453,
                        -1.6541941165924072,
                        -1.713615894317627,
                        -1.7566609382629395,
                        -1.9152255058288574,
                        -1.6132405996322632,
                        -1.5908331871032715,
                        -1.7075104713439941,
                        -1.6378294229507446,
                        -1.6024681329727173,
                        -1.6877853870391846,
                        -1.5361206531524658,
                        -1.6130778789520264,
                        -1.598272681236267,
                        -1.6863956451416016,
                        -1.6486985683441162
                    ]
                ]
            ],
            "states": [
                [
                    [
                        195480.0,
                        0.00017859364743344486,
                        0.0014523763675242662,
                        455306.15625
                    ],
                    [
                        224440.0,
                        0.00017706550715956837,
                        0.0012122188927605748,
                        199210.375
                    ],
                    [
                        260640.0,
                        0.00017533254867885262,
                        0.0010567386634647846,
                        291813.4375
                    ],
                    [
                        231680.0,
                        0.00017360733181703836,
                        0.0010331012308597565,
                        619352.5625
                    ],
                    [
                        201272.0,
                        0.00017211795784533024,
                        0.0008577806875109673,
                        757621.5
                    ],
                    [
                        233128.0,
                        0.0001706496550468728,
                        0.002856994280591607,
                        402371.75
                    ],
                    [
                        238920.0,
                        0.00016908197721932083,
                        0.005327177233994007,
                        418626.09375
                    ],
                    [
                        185344.0,
                        0.00016769685316830873,
                        0.006734849885106087,
                        490648.125
                    ],
                    [
                        205616.0,
                        0.000166440979228355,
                        0.008968048729002476,
                        304516.78125
                    ],
                    [
                        195480.0,
                        0.00016517171752639115,
                        0.00019177634385414422,
                        553446.625
                    ],
                    [
                        202720.0,
                        0.00016393074474763125,
                        0.0001491233124397695,
                        853423.1875
                    ],
                    [
                        209960.0,
                        0.00016266417514998466,
                        0.0002625611668918282,
                        298799.9375
                    ],
                    [
                        209960.0,
                        0.0001613952626939863,
                        0.0004885925445705652,
                        376011.875
                    ],
                    [
                        144800.0,
                        0.00016033815336413682,
                        0.0010367168579250574,
                        94745.609375
                    ],
                    [
                        246160.0,
                        0.00015919026918709278,
                        0.0028569940477609634,
                        223245.734375
                    ],
                    [
                        253400.0,
                        0.000157746413606219,
                        0.005327177233994007,
                        267948.78125
                    ],
                    [
                        296840.0,
                        0.00015618640463799238,
                        0.006734849885106087,
                        291045.46875
                    ],
                    [
                        340280.0,
                        0.0001544181868666783,
                        0.008968048729002476,
                        376205.125
                    ],
                    [
                        405440.0,
                        0.0001523990067653358,
                        0.010990988463163376,
                        467932.84375
                    ],
                    [
                        463360.0,
                        0.0001501120423199609,
                        0.011323424987494946,
                        301846.5
                    ]
                ]
            ],
            "actions": [
                [
                    [
                        0.25
                    ],
                    [
                        0.25
                    ],
                    [
                        0.25
                    ],
                    [
                        0.25
                    ],
                    [
                        0.25
                    ],
                    [
                        0.25
                    ],
                    [
                        0.25
                    ],
                    [
                        0.25
                    ],
                    [
                        0.25
                    ],
                    [
                        0.25
                    ],
                    [
                        0.25
                    ],
                    [
                        0.25
                    ],
                    [
                        0.25
                    ],
                    [
                        0.25
                    ],
                    [
                        0.25
                    ],
                    [
                        0.25
                    ],
                    [
                        0.25
                    ],
                    [
                        0.25
                    ],
                    [
                        0.25
                    ],
                    [
                        0.25
                    ]
                ]
            ],
            "returns": [
                [
                    [
                        0.0820998102426529
                    ],
                    [
                        0.0814596638083458
                    ],
                    [
                        0.08080726861953735
                    ],
                    [
                        0.08014161884784698
                    ],
                    [
                        0.0794864147901535
                    ],
                    [
                        0.07884368300437927
                    ],
                    [
                        0.07818792015314102
                    ],
                    [
                        0.07752998173236847
                    ],
                    [
                        0.07689455896615982
                    ],
                    [
                        0.07624993473291397
                    ],
                    [
                        0.07560978829860687
                    ],
                    [
                        0.0749664157629013
                    ],
                    [
                        0.07431993633508682
                    ],
                    [
                        0.07367345690727234
                    ],
                    [
                        0.07305991649627686
                    ],
                    [
                        0.0723993331193924
                    ],
                    [
                        0.07173618674278259
                    ],
                    [
                        0.07105900347232819
                    ],
                    [
                        0.07036971300840378
                    ],
                    [
                        0.06966488808393478
                    ]
                ]
            ],
            "timesteps": [
                [
                    540,
                    541,
                    542,
                    543,
                    544,
                    545,
                    546,
                    547,
                    548,
                    549,
                    550,
                    551,
                    552,
                    553,
                    554,
                    555,
                    556,
                    557,
                    558,
                    559
                ]
            ],
            "labels": [
                [
                    0,
                    0,
                    0,
                    0,
                    0,
                    0,
                    0,
                    0,
                    0,
                    0,
                    0,
                    0,
                    0,
                    0,
                    0,
                    0,
                    0,
                    0,
                    0,
                    0
                ]
            ],
            "CPU Usage": 46.7,
            "RAM Usage": 55.5,
            "GPU Usage": 0.0,
            "VRAM Usage": 356.0,
            "Disk Read Speed (MB/s)": 206398.4345703125,
            "Disk Write Speed (MB/s)": 387428.6689453125
        },
        {
            "step": 2,
            "train_loss": 0.021074898540973663,
            "actions_pred1": [
                [
                    [
                        0.3368752896785736,
                        0.5251485705375671,
                        1.031948208808899,
                        -1.3410263061523438
                    ],
                    [
                        0.21679192781448364,
                        0.6214925646781921,
                        1.1148687601089478,
                        -1.4137587547302246
                    ],
                    [
                        0.23700076341629028,
                        0.5464650392532349,
                        1.147243857383728,
                        -1.278886079788208
                    ],
                    [
                        0.26131829619407654,
                        0.53997403383255,
                        1.3115071058273315,
                        -1.3871060609817505
                    ],
                    [
                        0.2869613468647003,
                        0.6954964399337769,
                        1.3741170167922974,
                        -1.4141349792480469
                    ],
                    [
                        0.40280044078826904,
                        0.6142520904541016,
                        1.284051775932312,
                        -1.3660888671875
                    ],
                    [
                        0.2924329936504364,
                        0.6101243495941162,
                        1.0905569791793823,
                        -1.3937088251113892
                    ],
                    [
                        0.3965255618095398,
                        0.7123494744300842,
                        1.125118374824524,
                        -1.3478639125823975
                    ],
                    [
                        0.39848122000694275,
                        0.7155807614326477,
                        1.1078027486801147,
                        -1.3158283233642578
                    ],
                    [
                        0.22346371412277222,
                        0.6665670871734619,
                        1.2405797243118286,
                        -1.3727210760116577
                    ],
                    [
                        0.2613644599914551,
                        0.7317282557487488,
                        1.4781965017318726,
                        -1.4838829040527344
                    ],
                    [
                        0.23815003037452698,
                        0.6812713742256165,
                        1.4045524597167969,
                        -1.3684163093566895
                    ],
                    [
                        0.19806651771068573,
                        0.5457397699356079,
                        1.381185531616211,
                        -1.4349422454833984
                    ],
                    [
                        0.25480660796165466,
                        0.6208459138870239,
                        1.423246145248413,
                        -1.5054194927215576
                    ],
                    [
                        0.28652501106262207,
                        0.6451720595359802,
                        1.434214472770691,
                        -1.5339813232421875
                    ],
                    [
                        0.2895797789096832,
                        0.6706736087799072,
                        1.4063438177108765,
                        -1.497093677520752
                    ],
                    [
                        0.21014723181724548,
                        0.6382919549942017,
                        1.3434092998504639,
                        -1.4377381801605225
                    ],
                    [
                        0.15722298622131348,
                        0.7521257400512695,
                        1.3321558237075806,
                        -1.3557846546173096
                    ],
                    [
                        0.19694304466247559,
                        0.7918785810470581,
                        1.384694218635559,
                        -1.4142677783966064
                    ],
                    [
                        0.21235328912734985,
                        0.7901298403739929,
                        1.4099016189575195,
                        -1.456735610961914
                    ]
                ]
            ],
            "actions_pred": [
                [
                    [
                        0.3368752896785736,
                        0.21679192781448364,
                        0.23700076341629028,
                        0.26131829619407654,
                        0.2869613468647003,
                        0.40280044078826904,
                        0.2924329936504364,
                        0.3965255618095398,
                        0.39848122000694275,
                        0.22346371412277222,
                        0.2613644599914551,
                        0.23815003037452698,
