{
    "steps": [
        {
            "step": 0,
            "train_loss": 0.02892824076116085,
            "actions_pred1": [
                [
                    [
                        -0.13484904170036316,
                        -0.2542472779750824,
                        0.5952991247177124,
                        0.5298978686332703
                    ],
                    [
                        -0.29690027236938477,
                        -0.2365925908088684,
                        0.7181110382080078,
                        0.49135738611221313
                    ],
                    [
                        -0.22748783230781555,
                        -0.1592787206172943,
                        0.6751103401184082,
                        0.5839673280715942
                    ],
                    [
                        -0.1623086929321289,
                        -0.14973030984401703,
                        0.7299299836158752,
                        0.4884003698825836
                    ],
                    [
                        -0.12072072178125381,
                        -0.14380985498428345,
                        0.6484251618385315,
                        0.3739318549633026
                    ],
                    [
                        -0.2985151708126068,
                        -0.20448103547096252,
                        0.5896209478378296,
                        0.4559042453765869
                    ],
                    [
                        -0.3112611472606659,
                        -0.2553997039794922,
                        0.6739747524261475,
                        0.47087424993515015
                    ],
                    [
                        -0.3134663999080658,
                        -0.16464363038539886,
                        0.7292753458023071,
                        0.41317564249038696
                    ],
                    [
                        -0.17909276485443115,
                        -0.15473055839538574,
                        0.7573221921920776,
                        0.5308013558387756
                    ],
                    [
                        -0.21873807907104492,
                        -0.2504448890686035,
                        0.7371846437454224,
                        0.5362749099731445
                    ],
                    [
                        -0.22329965233802795,
                        -0.13008831441402435,
                        0.7747530937194824,
                        0.5239158868789673
                    ],
                    [
                        -0.16034331917762756,
                        -0.1990523785352707,
                        0.695894181728363,
                        0.4971463680267334
                    ],
                    [
                        -0.15866029262542725,
                        -0.21749025583267212,
                        0.6865334510803223,
                        0.5365802645683289
                    ],
                    [
                        -0.1712442934513092,
                        -0.14249713718891144,
                        0.9286623597145081,
                        0.6497743725776672
                    ],
                    [
                        -0.18170739710330963,
                        -0.11468833684921265,
                        0.986812949180603,
                        0.7233753204345703
                    ],
                    [
                        -0.18842855095863342,
                        -0.14288011193275452,
                        1.041601300239563,
                        0.739499032497406
                    ],
                    [
                        -0.3981616795063019,
                        -0.17185859382152557,
                        0.9793989062309265,
                        0.6758294105529785
                    ],
                    [
                        -0.47425001859664917,
                        -0.1490744650363922,
                        0.9842082858085632,
                        0.7019304037094116
                    ],
                    [
                        -0.47752276062965393,
                        -0.1287369728088379,
                        0.9264690279960632,
                        0.682132363319397
                    ],
                    [
                        -0.45624151825904846,
                        0.028687462210655212,
                        1.1302052736282349,
                        0.5874080061912537
                    ]
                ]
            ],
            "actions_pred": [
                [
                    [
                        -0.13484904170036316,
                        -0.29690027236938477,
                        -0.22748783230781555,
                        -0.1623086929321289,
                        -0.12072072178125381,
                        -0.2985151708126068,
                        -0.3112611472606659,
                        -0.3134663999080658,
                        -0.17909276485443115,
                        -0.21873807907104492,
                        -0.22329965233802795,
                        -0.16034331917762756,
                        -0.15866029262542725,
                        -0.1712442934513092,
                        -0.18170739710330963,
                        -0.18842855095863342,
                        -0.3981616795063019,
                        -0.47425001859664917,
                        -0.47752276062965393,
                        -0.45624151825904846
                    ],
                    [
                        -0.2542472779750824,
                        -0.2365925908088684,
                        -0.1592787206172943,
                        -0.14973030984401703,
                        -0.14380985498428345,
                        -0.20448103547096252,
                        -0.2553997039794922,
                        -0.16464363038539886,
                        -0.15473055839538574,
                        -0.2504448890686035,
                        -0.13008831441402435,
                        -0.1990523785352707,
                        -0.21749025583267212,
                        -0.14249713718891144,
                        -0.11468833684921265,
                        -0.14288011193275452,
                        -0.17185859382152557,
                        -0.1490744650363922,
                        -0.1287369728088379,
                        0.028687462210655212
                    ],
                    [
                        0.5952991247177124,
                        0.7181110382080078,
                        0.6751103401184082,
                        0.7299299836158752,
                        0.6484251618385315,
                        0.5896209478378296,
                        0.6739747524261475,
                        0.7292753458023071,
                        0.7573221921920776,
                        0.7371846437454224,
                        0.7747530937194824,
                        0.695894181728363,
                        0.6865334510803223,
                        0.9286623597145081,
                        0.986812949180603,
                        1.041601300239563,
                        0.9793989062309265,
                        0.9842082858085632,
                        0.9264690279960632,
                        1.1302052736282349
                    ],
                    [
                        0.5298978686332703,
                        0.49135738611221313,
                        0.5839673280715942,
                        0.4884003698825836,
                        0.3739318549633026,
                        0.4559042453765869,
                        0.47087424993515015,
                        0.41317564249038696,
                        0.5308013558387756,
                        0.5362749099731445,
                        0.5239158868789673,
                        0.4971463680267334,
                        0.5365802645683289,
                        0.6497743725776672,
                        0.7233753204345703,
                        0.739499032497406,
                        0.6758294105529785,
                        0.7019304037094116,
                        0.682132363319397,
                        0.5874080061912537
                    ]
                ]
            ],
            "states": [
                [
                    [
                        9069003.0,
                        0.0034533278085291386,
                        0.0002651966060511768,
                        441188.5625
                    ],
                    [
                        11320464.0,
                        0.000310528528643772,
                        0.0002789112040773034,
                        436995.21875
                    ],
                    [
                        10438632.0,
                        0.00017193457460962236,
                        0.00025781430304050446,
                        493798.40625
                    ],
                    [
                        10012920.0,
                        0.00012196777242934331,
                        0.0002818313369061798,
                        466062.65625
                    ],
                    [
                        10120072.0,
                        9.498456347500905e-05,
                        0.00027022496215067804,
                        484496.1875
                    ],
                    [
                        9115160.0,
                        7.838496094336733e-05,
                        0.00027221045456826687,
                        480218.375
                    ],
                    [
                        8819768.0,
                        6.74370166962035e-05,
                        0.0002733847650233656,
                        463188.125
                    ],
                    [
                        9522048.0,
                        5.902954944758676e-05,
                        0.00026607781182974577,
                        571538.5
                    ],
                    [
                        9099232.0,
                        5.2383467846084386e-05,
                        0.00028466759249567986,
                        601120.625
                    ],
                    [
                        8877688.0,
                        4.72521896881517e-05,
                        0.0002693114511203021,
                        590414.6875
                    ],
                    [
                        7406288.0,
                        4.339466249803081e-05,
                        0.0002695369767025113,
                        529230.5625
                    ],
                    [
                        7668840.0,
                        4.0354032535105944e-05,
                        0.00026757299201563,
                        612860.8125
                    ],
                    [
                        7531048.0,
                        3.768979149754159e-05,
                        0.0002770914288703352,
                        740788.0625
                    ],
                    [
                        7394936.0,
                        3.539538010954857e-05,
                        0.0002540841815061867,
                        705727.25
                    ],
                    [
                        6951848.0,
                        3.34380820277147e-05,
                        0.0002650599053595215,
                        732259.125
                    ],
                    [
                        6330656.0,
                        3.180928251822479e-05,
                        0.00027801760006695986,
                        722867.4375
                    ],
                    [
                        5884672.0,
                        3.0445722586591728e-05,
                        0.0002704633225221187,
                        677627.4375
                    ],
                    [
                        5363392.0,
                        2.9289631129358895e-05,
                        0.0002756867033895105,
                        805457.5625
                    ],
                    [
                        5311264.0,
                        2.82715027424274e-05,
                        0.00025344316964037716,
                        860605.0
                    ],
                    [
                        5401040.0,
                        2.6375411835033447e-05,
                        0.000413205154472962,
                        833632.5625
                    ]
                ]
            ],
            "actions": [
                [
                    [
                        0.75
                    ],
                    [
                        0.75
                    ],
                    [
                        0.75
                    ],
                    [
                        0.75
                    ],
                    [
                        0.75
                    ],
                    [
                        0.75
                    ],
                    [
                        0.75
                    ],
                    [
                        0.75
                    ],
                    [
                        0.75
                    ],
                    [
                        0.75
                    ],
                    [
                        0.75
                    ],
                    [
                        0.75
                    ],
                    [
                        0.75
                    ],
                    [
                        0.75
                    ],
                    [
                        0.75
                    ],
                    [
                        0.75
                    ],
                    [
                        0.75
                    ],
                    [
                        0.75
                    ],
                    [
                        0.75
                    ],
                    [
                        0.75
                    ]
                ]
            ],
            "returns": [
                [
                    [
                        0.5809153318405151
                    ],
                    [
                        0.5799350142478943
                    ],
                    [
                        0.5789350271224976
                    ],
                    [
                        0.5779421925544739
                    ],
                    [
                        0.5769530534744263
                    ],
                    [
                        0.575963020324707
                    ],
                    [
                        0.574982225894928
                    ],
                    [
                        0.5740043520927429
                    ],
                    [
                        0.5730196833610535
                    ],
                    [
                        0.5720390677452087
                    ],
                    [
                        0.5710605978965759
                    ],
                    [
                        0.5700982213020325
                    ],
                    [
                        0.5691327452659607
                    ],
                    [
                        0.5681688785552979
                    ],
                    [
                        0.567206621170044
                    ],
                    [
                        0.5662498474121094
                    ],
                    [
                        0.5653014183044434
                    ],
                    [
                        0.5643594264984131
                    ],
                    [
                        0.563425600528717
                    ],
                    [
                        0.5624927282333374
                    ]
                ]
            ],
            "timesteps": [
                [
                    0,
                    1,
                    2,
                    3,
                    4,
                    5,
                    6,
                    7,
                    8,
                    9,
                    10,
                    11,
                    12,
                    13,
                    14,
                    15,
                    16,
                    17,
                    18,
                    19
                ]
            ],
            "labels": [
                [
                    2,
                    2,
                    2,
                    2,
                    2,
                    2,
                    2,
                    2,
                    2,
                    2,
                    2,
                    2,
                    2,
                    2,
                    2,
                    2,
                    2,
                    2,
                    2,
                    2
                ]
            ],
            "CPU Usage": 45.8,
            "RAM Usage": 55.5,
            "GPU Usage": 0.0,
            "VRAM Usage": 355.0,
            "Disk Read Speed (MB/s)": 206022.25,
            "Disk Write Speed (MB/s)": 331707.1494140625
        },
        {
            "step": 1,
            "train_loss": 0.04120853915810585,
            "actions_pred1": [
                [
                    [
                        -0.5000474452972412,
                        -0.5003032684326172,
                        0.657477855682373,
                        0.38907843828201294
                    ],
                    [
                        -0.43823423981666565,
                        -0.4313940405845642,
                        0.6221858263015747,
                        0.309100866317749
                    ],
                    [
                        -0.394183874130249,
                        -0.19641423225402832,
                        0.6393861174583435,
                        0.2692510485649109
                    ],
                    [
                        -0.3705090284347534,
                        -0.2046232521533966,
                        0.571931779384613,
                        0.3535305857658386
                    ],
                    [
                        -0.5174359083175659,
                        -0.01664748042821884,
                        0.7063843607902527,
                        0.3630099296569824
                    ],
                    [
                        -0.590465784072876,
                        -0.02326177805662155,
                        0.6952917575836182,
                        0.3583383560180664
                    ],
                    [
                        -0.3970150947570801,
                        -0.14875975251197815,
                        0.6017358303070068,
                        0.46358048915863037
                    ],
                    [
                        -0.3037458658218384,
                        -0.062279507517814636,
                        0.6422030925750732,
                        0.5535868406295776
                    ],
                    [
                        -0.35307788848876953,
                        -0.08608633279800415,
                        0.6300535202026367,
                        0.501132607460022
                    ],
                    [
                        -0.3772077262401581,
                        -0.005403667688369751,
                        0.7008455991744995,
                        0.3117261826992035
                    ],
                    [
                        -0.35996782779693604,
                        0.0024839043617248535,
                        0.696990430355072,
                        0.4691888093948364
                    ],
                    [
                        -0.38120073080062866,
                        -0.017166443169116974,
                        0.6930298805236816,
                        0.3984822630882263
                    ],
                    [
                        -0.1718609631061554,
                        -0.09258666634559631,
                        0.7322081327438354,
                        0.352913498878479
                    ],
                    [
                        -0.17945508658885956,
                        -0.1341821551322937,
                        0.6311061978340149,
                        0.4899468421936035
                    ],
                    [
                        -0.07520843297243118,
                        -0.14419247210025787,
                        0.6012712717056274,
                        0.4687807261943817
                    ],
                    [
                        -0.19758236408233643,
                        -0.16391809284687042,
                        0.5966287851333618,
                        0.41480836272239685
                    ],
                    [
                        -0.39068883657455444,
                        -0.13925179839134216,
                        0.5999457836151123,
                        0.39539748430252075
                    ],
                    [
                        -0.3699800670146942,
                        -0.1010359600186348,
                        0.6752939820289612,
                        0.2882789969444275
                    ],
                    [
                        -0.33953428268432617,
                        -0.05714444816112518,
                        0.7543075084686279,
                        0.383720725774765
                    ],
                    [
                        -0.3391430974006653,
                        -0.12360590696334839,
                        0.559054970741272,
                        0.3918607234954834
                    ]
                ]
            ],
            "actions_pred": [
                [
                    [
                        -0.5000474452972412,
                        -0.43823423981666565,
                        -0.394183874130249,
                        -0.3705090284347534,
                        -0.5174359083175659,
                        -0.590465784072876,
                        -0.3970150947570801,
                        -0.3037458658218384,
                        -0.35307788848876953,
                        -0.3772077262401581,
                        -0.35996782779693604,
                        -0.38120073080062866,
                        -0.1718609631061554,
                        -0.17945508658885956,
                        -0.07520843297243118,
                        -0.19758236408233643,
                        -0.39068883657455444,
                        -0.3699800670146942,
                        -0.33953428268432617,
                        -0.3391430974006653
                    ],
                    [
                        -0.5003032684326172,
                        -0.4313940405845642,
                        -0.19641423225402832,
                        -0.2046232521533966,
                        -0.01664748042821884,
                        -0.02326177805662155,
                        -0.14875975251197815,
                        -0.062279507517814636,
                        -0.08608633279800415,
                        -0.005403667688369751,
                        0.0024839043617248535,
                        -0.017166443169116974,
                        -0.09258666634559631,
                        -0.1341821551322937,
                        -0.14419247210025787,
                        -0.16391809284687042,
                        -0.13925179839134216,
                        -0.1010359600186348,
                        -0.05714444816112518,
                        -0.12360590696334839
                    ],
                    [
                        0.657477855682373,
                        0.6221858263015747,
                        0.6393861174583435,
                        0.571931779384613,
                        0.7063843607902527,
                        0.6952917575836182,
                        0.6017358303070068,
                        0.6422030925750732,
                        0.6300535202026367,
                        0.7008455991744995,
                        0.696990430355072,
                        0.6930298805236816,
                        0.7322081327438354,
                        0.6311061978340149,
                        0.6012712717056274,
                        0.5966287851333618,
                        0.5999457836151123,
                        0.6752939820289612,
                        0.7543075084686279,
                        0.559054970741272
                    ],
                    [
                        0.38907843828201294,
                        0.309100866317749,
                        0.2692510485649109,
                        0.3535305857658386,
                        0.3630099296569824,
                        0.3583383560180664,
                        0.46358048915863037,
                        0.5535868406295776,
                        0.501132607460022,
                        0.3117261826992035,
                        0.4691888093948364,
                        0.3984822630882263,
                        0.352913498878479,
                        0.4899468421936035,
                        0.4687807261943817,
                        0.41480836272239685,
                        0.39539748430252075,
                        0.2882789969444275,
                        0.383720725774765,
                        0.3918607234954834
                    ]
                ]
            ],
            "states": [
                [
                    [
                        5527016.0,
                        1.5349276509368792e-05,
                        0.0002737951872404665,
                        805844.5
                    ],
                    [
                        5095512.0,
                        1.517824421171099e-05,
                        0.0002537628752179444,
                        822709.0625
                    ],
                    [
                        5057864.0,
                        1.501830956840422e-05,
                        0.0002845273702405393,
                        817377.8125
                    ],
                    [
                        5703672.0,
                        1.4852455933578312e-05,
                        0.00027429292094893754,
                        848477.75
                    ],
                    [
                        5414072.0,
                        1.4684866982861422e-05,
                        0.0002784566895570606,
                        829260.1875
                    ],
                    [
                        5337328.0,
                        1.452638753107749e-05,
                        0.00027366288122721016,
                        838067.9375
                    ],
                    [
                        5141848.0,
                        1.4375169484992512e-05,
                        0.0002617421268951148,
                        823064.0
                    ],
                    [
                        5211352.0,
                        1.422882269253023e-05,
                        0.000270931632257998,
                        844933.9375
                    ],
                    [
                        5386560.0,
                        1.4082077541388571e-05,
                        0.00027350522577762604,
                        861893.1875
                    ],
                    [
                        5118680.0,
                        1.3939571545051876e-05,
                        0.0002609447401482612,
                        831639.4375
                    ],
                    [
                        5401040.0,
                        1.3799754015053622e-05,
                        0.0002695223083719611,
                        814358.625
                    ],
                    [
                        5211352.0,
                        1.3661498996953014e-05,
                        0.00026009109569713473,
                        868776.75
                    ],
                    [
                        142.0,
                        0.21944443881511688,
                        0.00015429843915626407,
                        853.0870361328125
                    ],
                    [
                        4879797.0,
                        0.008871808648109436,
                        0.0001451207062928006,
                        568995.3125
                    ],
                    [
                        6620256.0,
                        0.0009351735934615135,
                        0.00015239168715197593,
                        450753.09375
                    ],
                    [
                        9419240.0,
                        0.00045934959780424833,
                        0.0001363051705993712,
                        480722.0
                    ],
                    [
                        9852192.0,
                        0.0002833923790603876,
                        0.0001300903531955555,
                        459858.53125
                    ],
                    [
                        9448200.0,
                        0.0002050806797342375,
                        0.026162419468164444,
                        444324.5625
                    ],
                    [
                        10519720.0,
                        0.00015983681078068912,
                        0.00028762174770236015,
                        442793.625
                    ],
                    [
                        11032312.0,
                        0.00012905527546536177,
                        0.00021737493807449937,
                        442420.15625
                    ]
                ]
            ],
            "actions": [
                [
                    [
                        0.75
                    ],
                    [
                        0.75
                    ],
                    [
                        0.75
                    ],
                    [
                        0.75
                    ],
                    [
                        0.75
                    ],
                    [
                        0.75
                    ],
                    [
                        0.75
                    ],
                    [
                        0.75
                    ],
                    [
                        0.75
                    ],
                    [
                        0.75
                    ],
                    [
                        0.75
                    ],
                    [
                        0.75
                    ],
                    [
                        0.25
                    ],
                    [
                        0.25
                    ],
                    [
                        0.25
                    ],
                    [
                        0.25
                    ],
                    [
                        0.25
                    ],
                    [
                        0.25
                    ],
                    [
                        0.25
                    ],
                    [
                        0.25
                    ]
                ]
            ],
            "returns": [
                [
                    [
                        0.30454936623573303
                    ],
                    [
                        0.30361291766166687
                    ],
                    [
                        0.3026837110519409
                    ],
                    [
                        0.3017551302909851
                    ],
                    [
                        0.3008159101009369
                    ],
                    [
                        0.29988130927085876
                    ],
                    [
                        0.2989479601383209
                    ],
                    [
                        0.2980179190635681
                    ],
                    [
                        0.2970867156982422
                    ],
                    [
                        0.2961525619029999
                    ],
                    [
                        0.2952229082584381
                    ],
                    [
                        0.2942885160446167
                    ],
                    [
                        0.29335731267929077
                    ],
                    [
                        0.29335731267929077
                    ],
                    [
                        0.29243192076683044
                    ],
                    [
                        0.2914794683456421
                    ],
                    [
                        0.29049578309059143
                    ],
                    [
                        0.2895081043243408
                    ],
                    [
                        0.2885241210460663
                    ],
                    [
                        0.2875306308269501
                    ]
                ]
            ],
            "timesteps": [
                [
                    300,
                    301,
                    302,
                    303,
                    304,
                    305,
                    306,
                    307,
                    308,
                    309,
                    310,
                    311,
                    312,
                    313,
                    314,
                    315,
                    316,
                    317,
                    318,
                    319
                ]
            ],
            "labels": [
                [
                    2,
                    2,
                    2,
                    2,
                    2,
                    2,
                    2,
                    2,
                    2,
                    2,
                    2,
                    2,
                    0,
                    0,
                    0,
                    0,
                    0,
                    0,
                    0,
                    0
                ]
            ],
            "CPU Usage": 46.6,
            "RAM Usage": 55.7,
            "GPU Usage": 0.0,
            "VRAM Usage": 355.0,
            "Disk Read Speed (MB/s)": 206022.25,
            "Disk Write Speed (MB/s)": 331707.2900390625
        },
        {
            "step": 2,
            "train_loss": 0.03468253090977669,
            "actions_pred1": [
                [
                    [
                        0.12808343768119812,
                        -0.171456441283226,
                        0.31341418623924255,
                        0.7666658163070679
                    ],
                    [
                        0.048891402781009674,
                        0.012101531028747559,
                        0.37216633558273315,
                        0.8151043653488159
                    ],
                    [
                        0.08149395883083344,
                        0.08391323685646057,
                        0.3577713966369629,
                        0.6590916514396667
                    ],
                    [
                        0.0446852371096611,
                        0.024181395769119263,
                        0.2505324184894562,
                        0.6243653297424316
                    ],
                    [
                        -0.18817012012004852,
                        0.24462482333183289,
                        0.4662589728832245,
                        0.4897308349609375
                    ],
                    [
                        -0.30865541100502014,
                        0.05084218084812164,
                        0.5104407668113708,
                        0.5104420781135559
                    ],
                    [
                        -0.17054107785224915,
                        0.09046674519777298,
                        0.554423451423645,
                        0.6254317760467529
                    ],
                    [
                        0.012978993356227875,
                        -0.21903076767921448,
                        0.624154806137085,
                        0.5520851016044617
                    ],
                    [
                        -0.18563440442085266,
                        -0.09498637169599533,
                        0.779066801071167,
                        0.5357297658920288
                    ],
                    [
                        -0.2595006227493286,
                        -0.02574576437473297,
                        0.7192914485931396,
                        0.5546516180038452
                    ],
                    [
                        -0.1438228189945221,
                        -0.10144888609647751,
                        0.6170669794082642,
                        0.5196883082389832
                    ],
                    [
                        -0.06704935431480408,
                        -0.015518516302108765,
                        0.6734211444854736,
                        0.5913369059562683
                    ],
                    [
                        -0.12444048374891281,
                        -0.04459451884031296,
                        0.6497340798377991,
                        0.5270804166793823
                    ],
                    [
                        -0.21287426352500916,
                        -0.1596371829509735,
                        0.7105423212051392,
                        0.48352938890457153
                    ],
                    [
                        -0.2683853507041931,
                        -0.10134534537792206,
                        0.6740442514419556,
                        0.5691841244697571
                    ],
                    [
                        -0.3168056607246399,
                        -0.08324482291936874,
                        0.6104651093482971,
                        0.7020272016525269
                    ],
                    [
                        -0.2303597629070282,
                        -0.07169446349143982,
                        0.6863563060760498,
                        0.7254114151000977
                    ],
                    [
                        -0.18108133971691132,
                        -0.05019024759531021,
                        0.752997875213623,
                        0.7469118237495422
                    ],
                    [
                        -0.11706267297267914,
                        0.014586776494979858,
                        0.9596743583679199,
                        0.6091450452804565
                    ],
                    [
                        -0.14033176004886627,
                        -0.04492296278476715,
                        0.8290291428565979,
                        0.5717780590057373
                    ]
                ]
            ],
            "actions_pred": [
                [
                    [
                        0.12808343768119812,
                        0.048891402781009674,
                        0.08149395883083344,
                        0.0446852371096611,
                        -0.18817012012004852,
                        -0.30865541100502014,
                        -0.17054107785224915,
