{
    "steps": [
        {
            "step": 0,
            "train_loss": 0.029196476563811302,
            "actions_pred1": [
                [
                    [
                        0.4234405755996704,
                        1.0529088973999023,
                        1.934766411781311,
                        -2.635006904602051
                    ],
                    [
                        0.5604813694953918,
                        1.0289766788482666,
                        1.9359744787216187,
                        -2.598585844039917
                    ],
                    [
                        0.6113803386688232,
                        1.0892939567565918,
                        2.0246386528015137,
                        -2.91927433013916
                    ],
                    [
                        0.4370572865009308,
                        1.1844178438186646,
                        2.0054752826690674,
                        -3.1415772438049316
                    ],
                    [
                        0.4258350431919098,
                        1.4930081367492676,
                        1.766119122505188,
                        -3.228245258331299
                    ],
                    [
                        0.5035236477851868,
                        1.4231518507003784,
                        1.7125815153121948,
                        -3.0171425342559814
                    ],
                    [
                        0.7254637479782104,
                        1.4065601825714111,
                        1.5133942365646362,
                        -2.885993003845215
                    ],
                    [
                        0.5329954624176025,
                        1.4596257209777832,
                        1.8648278713226318,
                        -2.7995543479919434
                    ],
                    [
                        0.49226707220077515,
                        1.525609016418457,
                        1.8983139991760254,
                        -2.708268404006958
                    ],
                    [
                        0.34244710206985474,
                        1.4836957454681396,
                        1.9102996587753296,
                        -2.780421257019043
                    ],
                    [
                        0.26461297273635864,
                        1.5761674642562866,
                        2.2934086322784424,
                        -3.167358160018921
                    ],
                    [
                        0.40401819348335266,
                        1.4383411407470703,
                        2.076024055480957,
                        -2.986083507537842
                    ],
                    [
                        0.4643484652042389,
                        1.3639075756072998,
                        2.081536054611206,
                        -3.0429859161376953
                    ],
                    [
                        0.4020787477493286,
                        1.0917816162109375,
                        1.9859144687652588,
                        -2.815718650817871
                    ],
                    [
                        0.5354178547859192,
                        1.5019714832305908,
                        2.0353317260742188,
                        -3.311917543411255
                    ],
                    [
                        0.555626392364502,
                        1.3836162090301514,
                        1.7508838176727295,
                        -2.893543243408203
                    ],
                    [
                        0.6523798704147339,
                        1.4118525981903076,
                        1.6376841068267822,
                        -2.7146432399749756
                    ],
                    [
                        0.7055389881134033,
                        1.2778050899505615,
                        1.5756042003631592,
                        -2.6911168098449707
                    ],
                    [
                        0.885814905166626,
                        1.2936993837356567,
                        1.7722089290618896,
                        -2.8369016647338867
                    ],
                    [
                        0.780808687210083,
                        1.3783454895019531,
                        1.8700528144836426,
                        -2.9535741806030273
                    ]
                ]
            ],
            "actions_pred": [
                [
                    [
                        0.4234405755996704,
                        0.5604813694953918,
                        0.6113803386688232,
                        0.4370572865009308,
                        0.4258350431919098,
                        0.5035236477851868,
                        0.7254637479782104,
                        0.5329954624176025,
                        0.49226707220077515,
                        0.34244710206985474,
                        0.26461297273635864,
                        0.40401819348335266,
                        0.4643484652042389,
                        0.4020787477493286,
                        0.5354178547859192,
                        0.555626392364502,
                        0.6523798704147339,
                        0.7055389881134033,
                        0.885814905166626,
                        0.780808687210083
                    ],
                    [
                        1.0529088973999023,
                        1.0289766788482666,
                        1.0892939567565918,
                        1.1844178438186646,
                        1.4930081367492676,
                        1.4231518507003784,
                        1.4065601825714111,
                        1.4596257209777832,
                        1.525609016418457,
                        1.4836957454681396,
                        1.5761674642562866,
                        1.4383411407470703,
                        1.3639075756072998,
                        1.0917816162109375,
                        1.5019714832305908,
                        1.3836162090301514,
                        1.4118525981903076,
                        1.2778050899505615,
                        1.2936993837356567,
                        1.3783454895019531
                    ],
                    [
                        1.934766411781311,
                        1.9359744787216187,
                        2.0246386528015137,
                        2.0054752826690674,
                        1.766119122505188,
                        1.7125815153121948,
                        1.5133942365646362,
                        1.8648278713226318,
                        1.8983139991760254,
                        1.9102996587753296,
                        2.2934086322784424,
                        2.076024055480957,
                        2.081536054611206,
                        1.9859144687652588,
                        2.0353317260742188,
                        1.7508838176727295,
                        1.6376841068267822,
                        1.5756042003631592,
                        1.7722089290618896,
                        1.8700528144836426
                    ],
                    [
                        -2.635006904602051,
                        -2.598585844039917,
                        -2.91927433013916,
                        -3.1415772438049316,
                        -3.228245258331299,
                        -3.0171425342559814,
                        -2.885993003845215,
                        -2.7995543479919434,
                        -2.708268404006958,
                        -2.780421257019043,
                        -3.167358160018921,
                        -2.986083507537842,
                        -3.0429859161376953,
                        -2.815718650817871,
                        -3.311917543411255,
                        -2.893543243408203,
                        -2.7146432399749756,
                        -2.6911168098449707,
                        -2.8369016647338867,
                        -2.9535741806030273
                    ]
                ]
            ],
            "states": [
                [
                    [
                        5847024.0,
                        7.17427474228316e-06,
                        0.0002797465131152421,
                        862261.25
                    ],
                    [
                        5130264.0,
                        7.109771104296669e-06,
                        0.00027696648612618446,
                        791462.9375
                    ],
                    [
                        5460408.0,
                        7.0486535150848795e-06,
                        0.0002747685939539224,
                        848104.9375
                    ],
                    [
                        5159224.0,
                        6.988396307860967e-06,
                        0.000255326071055606,
                        826896.4375
                    ],
                    [
                        5280856.0,
                        6.9301599978643935e-06,
                        0.0002729953557718545,
                        850071.375
                    ],
                    [
                        5415520.0,
                        6.871501227578847e-06,
                        0.00026464968686923385,
                        894284.875
                    ],
                    [
                        5138952.0,
                        6.81457140672137e-06,
                        0.000260901142610237,
                        824406.5
                    ],
                    [
                        5364840.0,
                        6.758851213817252e-06,
                        0.00026091569452546537,
                        837380.25
                    ],
                    [
                        8605643.0,
                        0.0036125751212239265,
                        0.0002766261750366539,
                        462352.0625
                    ],
                    [
                        10015816.0,
                        0.00033437556703574955,
                        0.00026207882910966873,
                        482968.0625
                    ],
                    [
                        7806168.0,
                        0.00019468956452328712,
                        0.00027697221958078444,
                        473153.5
                    ],
                    [
                        6004856.0,
                        0.00014804340025875717,
                        0.00037561735371127725,
                        563905.9375
                    ],
                    [
                        3835752.0,
                        0.00012653775047510862,
                        0.000348972505889833,
                        546822.625
                    ],
                    [
                        693592.0,
                        0.00011859468213515356,
                        0.000344088242854923,
                        536207.0
                    ],
                    [
                        1136680.0,
                        0.00011570940841920674,
                        0.00030916635296307504,
                        532932.75
                    ],
                    [
                        755856.0,
                        0.0001128598305513151,
                        0.00029186115716584027,
                        668301.125
                    ],
                    [
                        573408.0,
                        0.00011094257206423208,
                        0.00031188191496767104,
                        741689.6875
                    ],
                    [
                        432952.0,
                        0.0001095341140171513,
                        0.0003927450452465564,
                        678985.1875
                    ],
                    [
                        1216320.0,
                        0.00010730996291385964,
                        0.00034627493005245924,
                        618105.1875
                    ],
                    [
                        4131144.0,
                        0.00010072957229567692,
                        0.00028098482289351523,
                        571491.4375
                    ]
                ]
            ],
            "actions": [
                [
                    [
                        0.75
                    ],
                    [
                        0.75
                    ],
                    [
                        0.75
                    ],
                    [
                        0.75
                    ],
                    [
                        0.75
                    ],
                    [
                        0.75
                    ],
                    [
                        0.75
                    ],
                    [
                        0.75
                    ],
                    [
                        0.5
                    ],
                    [
                        0.5
                    ],
                    [
                        0.5
                    ],
                    [
                        0.5
                    ],
                    [
                        0.5
                    ],
                    [
                        0.5
                    ],
                    [
                        0.5
                    ],
                    [
                        0.5
                    ],
                    [
                        0.5
                    ],
                    [
                        0.5
                    ],
                    [
                        0.5
                    ],
                    [
                        0.5
                    ]
                ]
            ],
            "returns": [
                [
                    [
                        0.48685410618782043
                    ],
                    [
                        0.4859126806259155
                    ],
                    [
                        0.48498284816741943
                    ],
                    [
                        0.4840475022792816
                    ],
                    [
                        0.48311716318130493
                    ],
                    [
                        0.4821847677230835
                    ],
                    [
                        0.481250137090683
                    ],
                    [
                        0.48032015562057495
                    ],
                    [
                        0.4793863594532013
                    ],
                    [
                        0.47841066122055054
                    ],
                    [
                        0.47742152214050293
                    ],
                    [
                        0.4764544665813446
                    ],
                    [
                        0.47551068663597107
                    ],
                    [
                        0.47460663318634033
                    ],
                    [
                        0.4738542139530182
                    ],
                    [
                        0.47305798530578613
                    ],
                    [
                        0.4722979664802551
                    ],
                    [
                        0.47156238555908203
                    ],
                    [
                        0.47085174918174744
                    ],
                    [
                        0.47004953026771545
                    ]
                ]
            ],
            "timesteps": [
                [
                    100,
                    101,
                    102,
                    103,
                    104,
                    105,
                    106,
                    107,
                    108,
                    109,
                    110,
                    111,
                    112,
                    113,
                    114,
                    115,
                    116,
                    117,
                    118,
                    119
                ]
            ],
            "labels": [
                [
                    2,
                    2,
                    2,
                    2,
                    2,
                    2,
                    2,
                    2,
                    1,
                    1,
                    1,
                    1,
                    1,
                    1,
                    1,
                    1,
                    1,
                    1,
                    1,
                    1
                ]
            ],
            "CPU Usage": 45.8,
            "RAM Usage": 54.9,
            "GPU Usage": 0.0,
            "VRAM Usage": 356.0,
            "Disk Read Speed (MB/s)": 206640.2841796875,
            "Disk Write Speed (MB/s)": 403973.4345703125
        },
        {
            "step": 1,
            "train_loss": 0.017088869586586952,
            "actions_pred1": [
                [
                    [
                        0.6772452592849731,
                        0.7242889404296875,
                        1.4809012413024902,
                        -2.216383457183838
                    ],
                    [
                        0.5724767446517944,
                        0.8475009202957153,
                        1.5186799764633179,
                        -1.9989750385284424
                    ],
                    [
                        0.7041364312171936,
                        0.799946665763855,
                        1.4784578084945679,
                        -2.086298942565918
                    ],
                    [
                        0.7158890962600708,
                        0.7170445919036865,
                        1.3553491830825806,
                        -2.1791343688964844
                    ],
                    [
                        0.4543991684913635,
                        0.9534102082252502,
                        1.5757310390472412,
                        -2.3418214321136475
                    ],
                    [
                        0.3861553370952606,
                        0.7010523080825806,
                        1.6776350736618042,
                        -2.223771095275879
                    ],
                    [
                        0.6784189343452454,
                        0.8161261081695557,
                        1.744538426399231,
                        -2.070983409881592
                    ],
                    [
                        1.0869224071502686,
                        0.6381285786628723,
                        1.9349064826965332,
                        -2.43595814704895
                    ],
                    [
                        0.871665894985199,
                        0.7943885326385498,
                        2.149475336074829,
                        -2.5809226036071777
                    ],
                    [
                        0.708470344543457,
                        0.8200280070304871,
                        2.086249589920044,
                        -2.444819450378418
                    ],
                    [
                        0.7760446667671204,
                        0.6843365430831909,
                        1.8655085563659668,
                        -2.4617998600006104
                    ],
                    [
                        0.8366434574127197,
                        0.7408071756362915,
                        1.86801016330719,
                        -2.3003783226013184
                    ],
                    [
                        0.806032121181488,
                        0.685839831829071,
                        1.832383632659912,
                        -2.364650249481201
                    ],
                    [
                        0.8379175066947937,
                        0.4701184034347534,
                        1.8038294315338135,
                        -2.4331531524658203
                    ],
                    [
                        0.7893768548965454,
                        0.5092356204986572,
                        1.7221529483795166,
                        -2.3597002029418945
                    ],
                    [
                        0.6885927319526672,
                        0.5471089482307434,
                        1.6978881359100342,
                        -2.1414246559143066
                    ],
                    [
                        0.7241334319114685,
                        0.6399279236793518,
                        1.766859531402588,
                        -2.0935959815979004
                    ],
                    [
                        0.7230478525161743,
                        0.6495110988616943,
                        1.8407106399536133,
                        -2.0331811904907227
                    ],
                    [
                        0.754368782043457,
                        0.6849560737609863,
                        2.076909065246582,
                        -2.1862387657165527
                    ],
                    [
                        0.7945843935012817,
                        0.6805075407028198,
                        1.936988353729248,
                        -2.313990831375122
                    ]
                ]
            ],
            "actions_pred": [
                [
                    [
                        0.6772452592849731,
                        0.5724767446517944,
                        0.7041364312171936,
                        0.7158890962600708,
                        0.4543991684913635,
                        0.3861553370952606,
                        0.6784189343452454,
                        1.0869224071502686,
                        0.871665894985199,
                        0.708470344543457,
                        0.7760446667671204,
                        0.8366434574127197,
                        0.806032121181488,
                        0.8379175066947937,
                        0.7893768548965454,
                        0.6885927319526672,
                        0.7241334319114685,
                        0.7230478525161743,
                        0.754368782043457,
                        0.7945843935012817
                    ],
                    [
                        0.7242889404296875,
                        0.8475009202957153,
                        0.799946665763855,
                        0.7170445919036865,
                        0.9534102082252502,
                        0.7010523080825806,
                        0.8161261081695557,
                        0.6381285786628723,
                        0.7943885326385498,
                        0.8200280070304871,
                        0.6843365430831909,
                        0.7408071756362915,
                        0.685839831829071,
                        0.4701184034347534,
                        0.5092356204986572,
                        0.5471089482307434,
                        0.6399279236793518,
                        0.6495110988616943,
                        0.6849560737609863,
                        0.6805075407028198
                    ],
                    [
                        1.4809012413024902,
                        1.5186799764633179,
                        1.4784578084945679,
                        1.3553491830825806,
                        1.5757310390472412,
                        1.6776350736618042,
                        1.744538426399231,
                        1.9349064826965332,
                        2.149475336074829,
                        2.086249589920044,
                        1.8655085563659668,
                        1.86801016330719,
                        1.832383632659912,
                        1.8038294315338135,
                        1.7221529483795166,
                        1.6978881359100342,
                        1.766859531402588,
                        1.8407106399536133,
                        2.076909065246582,
                        1.936988353729248
                    ],
                    [
                        -2.216383457183838,
                        -1.9989750385284424,
                        -2.086298942565918,
                        -2.1791343688964844,
                        -2.3418214321136475,
                        -2.223771095275879,
                        -2.070983409881592,
                        -2.43595814704895,
                        -2.5809226036071777,
                        -2.444819450378418,
                        -2.4617998600006104,
                        -2.3003783226013184,
                        -2.364650249481201,
                        -2.4331531524658203,
                        -2.3597002029418945,
                        -2.1414246559143066,
                        -2.0935959815979004,
                        -2.0331811904907227,
                        -2.1862387657165527,
                        -2.313990831375122
                    ]
                ]
            ],
            "states": [
                [
                    [
                        5325744.0,
                        3.011092121596448e-05,
                        0.00027277067420072854,
                        851925.625
                    ],
                    [
                        5357600.0,
                        2.9456161428242922e-05,
                        0.00027305487310513854,
                        832487.0625
                    ],
                    [
                        5618240.0,
                        2.881258842535317e-05,
                        0.0002689558023121208,
                        866650.0
                    ],
                    [
                        5764488.0,
                        2.8174086764920503e-05,
                        0.0002797737834043801,
                        885137.0
                    ],
                    [
                        5370632.0,
                        2.7576063075684942e-05,
                        0.00025503398501314223,
                        827897.4375
                    ],
                    [
                        5432896.0,
                        2.7019848857889883e-05,
                        0.00027816780493594706,
                        880666.4375
                    ],
                    [
                        5364840.0,
                        2.6485795387998223e-05,
                        0.00026209698989987373,
                        834819.0
                    ],
                    [
                        5233072.0,
                        2.598174069134984e-05,
                        0.0002851165772881359,
                        880287.1875
                    ],
                    [
                        5114336.0,
                        2.5507837563054636e-05,
                        0.000267517170868814,
                        884475.5
                    ],
                    [
                        5458960.0,
                        2.504124859115109e-05,
                        0.00027258697082288563,
                        833080.1875
                    ],
                    [
                        5170808.0,
                        2.4588902306277305e-05,
                        0.00027191461413167417,
                        830618.8125
                    ],
                    [
                        5131712.0,
                        2.416586175968405e-05,
                        0.00027577357832342386,
                        795031.0
                    ],
                    [
                        5137504.0,
                        2.3758442694088444e-05,
                        0.00027702987426891923,
                        830415.5625
                    ],
                    [
                        5460408.0,
                        2.3352160496870056e-05,
                        0.0002779100905172527,
                        812805.0
                    ],
                    [
                        5332984.0,
                        2.2952330255066045e-05,
                        0.00026160795823670924,
                        784998.0
                    ],
                    [
                        5464752.0,
                        2.256591324112378e-05,
                        0.0002753763983491808,
                        843504.25
                    ],
                    [
                        5461856.0,
                        2.2187881768331863e-05,
                        0.0002731475979089737,
                        901654.0625
                    ],
                    [
                        5571904.0,
                        2.181875788664911e-05,
                        0.0002628508664201945,
                        880942.125
                    ],
                    [
                        5370632.0,
                        2.146460974472575e-05,
                        0.00026417680783197284,
                        856475.0625
                    ],
                    [
                        5508192.0,
                        2.1123838450876065e-05,
                        0.0002805523981805891,
                        865747.5
                    ]
                ]
            ],
            "actions": [
                [
                    [
                        0.75
                    ],
                    [
                        0.75
                    ],
                    [
                        0.75
                    ],
                    [
                        0.75
                    ],
                    [
                        0.75
                    ],
                    [
                        0.75
                    ],
                    [
                        0.75
                    ],
                    [
                        0.75
                    ],
                    [
                        0.75
                    ],
                    [
                        0.75
                    ],
                    [
                        0.75
                    ],
                    [
                        0.75
                    ],
                    [
                        0.75
                    ],
                    [
                        0.75
                    ],
                    [
                        0.75
                    ],
                    [
                        0.75
                    ],
                    [
                        0.75
                    ],
                    [
                        0.75
                    ],
                    [
                        0.75
                    ],
                    [
                        0.75
                    ]
                ]
            ],
            "returns": [
                [
                    [
                        0.34190085530281067
                    ],
                    [
                        0.34096771478652954
                    ],
                    [
                        0.34003403782844543
                    ],
                    [
                        0.3390961289405823
                    ],
                    [
                        0.33815598487854004
                    ],
                    [
                        0.33722206950187683
                    ],
                    [
                        0.33628717064857483
                    ],
                    [
                        0.33535337448120117
                    ],
                    [
                        0.3344217836856842
                    ],
                    [
                        0.3334922194480896
                    ],
                    [
                        0.33255690336227417
                    ],
                    [
                        0.33162635564804077
                    ],
                    [
                        0.3306964933872223
                    ],
                    [
                        0.32976654171943665
                    ],
                    [
                        0.32883119583129883
                    ],
                    [
                        0.32789793610572815
                    ],
                    [
                        0.32696250081062317
                    ],
                    [
                        0.3260270953178406
                    ],
                    [
                        0.3250899612903595
                    ],
                    [
                        0.3241560757160187
                    ]
                ]
            ],
            "timesteps": [
                [
                    260,
                    261,
                    262,
                    263,
                    264,
                    265,
                    266,
                    267,
                    268,
                    269,
                    270,
                    271,
                    272,
                    273,
                    274,
                    275,
                    276,
                    277,
                    278,
                    279
                ]
            ],
            "labels": [
                [
                    2,
                    2,
                    2,
                    2,
                    2,
                    2,
                    2,
                    2,
                    2,
                    2,
                    2,
                    2,
                    2,
                    2,
                    2,
                    2,
                    2,
                    2,
                    2,
                    2
                ]
            ],
            "CPU Usage": 46.7,
            "RAM Usage": 55.0,
            "GPU Usage": 0.0,
            "VRAM Usage": 356.0,
            "Disk Read Speed (MB/s)": 206640.2841796875,
            "Disk Write Speed (MB/s)": 403973.7861328125
        },
        {
            "step": 2,
            "train_loss": 0.04933089017868042,
            "actions_pred1": [
                [
                    [
                        0.45950496196746826,
                        0.546110212802887,
                        1.4564411640167236,
                        -1.9710633754730225
                    ],
                    [
                        0.5853589177131653,
                        0.7440900206565857,
                        1.411662220954895,
                        -1.8100275993347168
                    ],
                    [
                        0.5653351545333862,
                        0.7094599604606628,
                        1.1040858030319214,
                        -1.633765459060669
                    ],
                    [
                        0.559945285320282,
                        0.7096983194351196,
                        1.0899580717086792,
                        -1.6976172924041748
                    ],
                    [
                        0.6708192229270935,
                        0.6391030550003052,
                        1.3475449085235596,
                        -1.998434066772461
                    ],
                    [
                        0.6036252975463867,
                        0.6563733220100403,
                        1.5168534517288208,
                        -1.9578254222869873
                    ],
                    [
                        0.5419511795043945,
                        0.5922639966011047,
                        1.6094250679016113,
                        -2.000093698501587
                    ],
                    [
                        0.3545738756656647,
                        0.6025431156158447,
                        1.5723758935928345,
                        -2.079868793487549
                    ],
                    [
                        0.47467970848083496,
                        0.66592937707901,
                        1.7136740684509277,
                        -2.07454252243042
                    ],
                    [
                        0.48927855491638184,
                        0.6334865093231201,
                        1.8396995067596436,
                        -2.070263385772705
                    ],
                    [
                        0.4550149142742157,
                        0.630840003490448,
                        1.7663861513137817,
                        -2.114774227142334
                    ],
                    [
                        0.791991114616394,
                        0.42351460456848145,
                        1.7869211435317993,
                        -2.29654598236084
                    ],
                    [
                        0.6030997037887573,
                        0.42446479201316833,
                        1.7094780206680298,
                        -2.084324836730957
                    ],
                    [
                        0.5933753252029419,
                        0.34190234541893005,
                        1.5957571268081665,
                        -2.183466911315918
                    ],
                    [
                        0.663605272769928,
                        0.45844966173171997,
                        1.5676935911178589,
                        -2.1377010345458984
                    ],
                    [
                        0.6484602093696594,
                        0.48381978273391724,
                        1.6414434909820557,
                        -2.228245496749878
                    ],
                    [
                        0.5550862550735474,
                        0.6352962255477905,
                        1.727593183517456,
                        -2.3041930198669434
                    ],
                    [
                        0.5843386054039001,
                        0.6355203986167908,
                        1.643018364906311,
                        -2.1087076663970947
                    ],
                    [
                        0.5860995054244995,
                        0.5680903792381287,
                        1.6753274202346802,
                        -2.1385421752929688
                    ],
                    [
                        0.5842877626419067,
                        0.42970606684684753,
                        1.656531810760498,
                        -2.0568714141845703
                    ]
                ]
            ],
            "actions_pred": [
                [
                    [
                        0.45950496196746826,
                        0.5853589177131653,
                        0.5653351545333862,
                        0.559945285320282,
                        0.6708192229270935,
                        0.6036252975463867,
                        0.5419511795043945,
                        0.3545738756656647,
                        0.47467970848083496,
                        0.48927855491638184,
                        0.4550149142742157,
                        0.791991114616394,
                        0.6030997037887573,
                        0.5933753252029419,
