{
    "steps": [
        {
            "step": 0,
            "train_loss": 0.04668373614549637,
            "actions_pred1": [
                [
                    [
                        0.36379119753837585,
                        0.5898125171661377,
                        0.8354020118713379,
                        -1.151245355606079
                    ],
                    [
                        0.3930898904800415,
                        0.7751967906951904,
                        0.7789242267608643,
                        -0.954452395439148
                    ],
                    [
                        0.31530511379241943,
                        0.701923131942749,
                        0.5029430389404297,
                        -0.8041548728942871
                    ],
                    [
                        0.2900042235851288,
                        0.6880209445953369,
                        0.4954521656036377,
                        -0.8825095891952515
                    ],
                    [
                        0.40107688307762146,
                        0.6315141320228577,
                        0.6982383131980896,
                        -1.081251621246338
                    ],
                    [
                        0.3379880487918854,
                        0.6693662405014038,
                        0.8559907674789429,
                        -1.0548362731933594
                    ],
                    [
                        0.2668977379798889,
                        0.6171495914459229,
                        0.9529336094856262,
                        -1.1289094686508179
                    ],
                    [
                        0.0699496865272522,
                        0.6423401832580566,
                        0.9298862814903259,
                        -1.1714599132537842
                    ],
                    [
                        0.21578459441661835,
                        0.6851713061332703,
                        1.0177870988845825,
                        -1.1509807109832764
                    ],
                    [
                        0.18006078898906708,
                        0.6680288314819336,
                        1.1195801496505737,
                        -1.14996337890625
                    ],
                    [
                        0.14986947178840637,
                        0.6591150760650635,
                        1.038004994392395,
                        -1.1838700771331787
                    ],
                    [
                        0.45494380593299866,
                        0.45382586121559143,
                        1.041155457496643,
                        -1.2196063995361328
                    ],
                    [
                        0.31155598163604736,
                        0.4685080051422119,
                        1.0251332521438599,
                        -1.1047229766845703
                    ],
                    [
                        0.3145516514778137,
                        0.4293496608734131,
                        0.9477171897888184,
                        -1.2185474634170532
                    ],
                    [
                        0.38588348031044006,
                        0.5541754961013794,
                        0.9278916120529175,
                        -1.1632730960845947
                    ],
                    [
                        0.34778153896331787,
                        0.5792722702026367,
                        0.9861776232719421,
                        -1.2538394927978516
                    ],
                    [
                        0.30649831891059875,
                        0.691108226776123,
                        1.018270492553711,
                        -1.257849931716919
                    ],
                    [
                        0.3286290466785431,
                        0.673882007598877,
                        0.9515171647071838,
                        -1.1303133964538574
                    ],
                    [
                        0.3243311047554016,
                        0.6205360889434814,
                        1.0017082691192627,
                        -1.190690040588379
                    ],
                    [
                        0.3334011435508728,
                        0.48023563623428345,
                        0.964328408241272,
                        -1.1279096603393555
                    ]
                ]
            ],
            "actions_pred": [
                [
                    [
                        0.36379119753837585,
                        0.3930898904800415,
                        0.31530511379241943,
                        0.2900042235851288,
                        0.40107688307762146,
                        0.3379880487918854,
                        0.2668977379798889,
                        0.0699496865272522,
                        0.21578459441661835,
                        0.18006078898906708,
                        0.14986947178840637,
                        0.45494380593299866,
                        0.31155598163604736,
                        0.3145516514778137,
                        0.38588348031044006,
                        0.34778153896331787,
                        0.30649831891059875,
                        0.3286290466785431,
                        0.3243311047554016,
                        0.3334011435508728
                    ],
                    [
                        0.5898125171661377,
                        0.7751967906951904,
                        0.701923131942749,
                        0.6880209445953369,
                        0.6315141320228577,
                        0.6693662405014038,
                        0.6171495914459229,
                        0.6423401832580566,
                        0.6851713061332703,
                        0.6680288314819336,
                        0.6591150760650635,
                        0.45382586121559143,
                        0.4685080051422119,
                        0.4293496608734131,
                        0.5541754961013794,
                        0.5792722702026367,
                        0.691108226776123,
                        0.673882007598877,
                        0.6205360889434814,
                        0.48023563623428345
                    ],
                    [
                        0.8354020118713379,
                        0.7789242267608643,
                        0.5029430389404297,
                        0.4954521656036377,
                        0.6982383131980896,
                        0.8559907674789429,
                        0.9529336094856262,
                        0.9298862814903259,
                        1.0177870988845825,
                        1.1195801496505737,
                        1.038004994392395,
                        1.041155457496643,
                        1.0251332521438599,
                        0.9477171897888184,
                        0.9278916120529175,
                        0.9861776232719421,
                        1.018270492553711,
                        0.9515171647071838,
                        1.0017082691192627,
                        0.964328408241272
                    ],
                    [
                        -1.151245355606079,
                        -0.954452395439148,
                        -0.8041548728942871,
                        -0.8825095891952515,
                        -1.081251621246338,
                        -1.0548362731933594,
                        -1.1289094686508179,
                        -1.1714599132537842,
                        -1.1509807109832764,
                        -1.14996337890625,
                        -1.1838700771331787,
                        -1.2196063995361328,
                        -1.1047229766845703,
                        -1.2185474634170532,
                        -1.1632730960845947,
                        -1.2538394927978516,
                        -1.257849931716919,
                        -1.1303133964538574,
                        -1.190690040588379,
                        -1.1279096603393555
                    ]
                ]
            ],
            "states": [
                [
                    [
                        6621704.0,
                        1.1313585673633497e-05,
                        0.0001999229716602713,
                        484312.6875
                    ],
                    [
                        5593624.0,
                        1.1206535418750718e-05,
                        0.0002002958208322525,
                        482520.40625
                    ],
                    [
                        5813720.0,
                        1.1108420039818157e-05,
                        0.0002003357367357239,
                        504661.125
                    ],
                    [
                        6207576.0,
                        1.1006884960806929e-05,
                        0.00022690219338983297,
                        474948.0
                    ],
                    [
                        8008888.0,
                        1.0889214536291547e-05,
                        0.00020534798386506736,
                        464277.84375
                    ],
                    [
                        6072912.0,
                        1.0774994734674692e-05,
                        0.00021573639241978526,
                        487907.71875
                    ],
                    [
                        5771728.0,
                        1.0680801096896175e-05,
                        0.00024723794194869697,
                        495985.625
                    ],
                    [
                        6184408.0,
                        1.058739326253999e-05,
                        0.00024693002342246473,
                        490380.28125
                    ],
                    [
                        5453168.0,
                        1.0498003575776238e-05,
                        0.00023204070748761296,
                        479010.4375
                    ],
                    [
                        5473440.0,
                        1.0415451470180415e-05,
                        0.00018021401774603873,
                        503120.46875
                    ],
                    [
                        5495160.0,
                        1.0333877071388997e-05,
                        0.0002400711819063872,
                        501130.78125
                    ],
                    [
                        5522672.0,
                        1.0253213076794054e-05,
                        0.000246424344368279,
                        482833.53125
                    ],
                    [
                        5845344.0,
                        1.0171300345973577e-05,
                        0.0002318411279702559,
                        521404.9375
                    ],
                    [
                        5531592.0,
                        1.0090602700074669e-05,
                        0.00026174713275395334,
                        512859.59375
                    ],
                    [
                        5728288.0,
                        1.0011996891989838e-05,
                        0.0002589555806480348,
                        492848.15625
                    ],
                    [
                        8446184.0,
                        9.914833754010033e-06,
                        0.0002588448696769774,
                        439526.84375
                    ],
                    [
                        5611000.0,
                        9.82020083029056e-06,
                        0.0002629015070851892,
                        482211.375
                    ],
                    [
                        5854264.0,
                        9.744398084876593e-06,
                        0.00024613598361611366,
                        493941.5
                    ],
                    [
                        5595072.0,
                        9.669850442151073e-06,
                        0.00026028408319689333,
                        487503.5625
                    ],
                    [
                        5576248.0,
                        9.598206816008314e-06,
                        0.000249440228799358,
                        493113.71875
                    ]
                ]
            ],
            "actions": [
                [
                    [
                        0.25
                    ],
                    [
                        0.25
                    ],
                    [
                        0.25
                    ],
                    [
                        0.25
                    ],
                    [
                        0.25
                    ],
                    [
                        0.25
                    ],
                    [
                        0.25
                    ],
                    [
                        0.25
                    ],
                    [
                        0.25
                    ],
                    [
                        0.25
                    ],
                    [
                        0.25
                    ],
                    [
                        0.25
                    ],
                    [
                        0.25
                    ],
                    [
                        0.25
                    ],
                    [
                        0.25
                    ],
                    [
                        0.25
                    ],
                    [
                        0.25
                    ],
                    [
                        0.25
                    ],
                    [
                        0.25
                    ],
                    [
                        0.25
                    ]
                ]
            ],
            "returns": [
                [
                    [
                        0.22746260464191437
                    ],
                    [
                        0.22651013731956482
                    ],
                    [
                        0.2255726456642151
                    ],
                    [
                        0.22463172674179077
                    ],
                    [
                        0.22368499636650085
                    ],
                    [
                        0.22271567583084106
                    ],
                    [
                        0.22177089750766754
                    ],
                    [
                        0.22083061933517456
                    ],
                    [
                        0.2198842167854309
                    ],
                    [
                        0.21894897520542145
                    ],
                    [
                        0.21801340579986572
                    ],
                    [
                        0.21707747876644135
                    ],
                    [
                        0.21614111959934235
                    ],
                    [
                        0.21519970893859863
                    ],
                    [
                        0.2142632007598877
                    ],
                    [
                        0.21332359313964844
                    ],
                    [
                        0.2123495638370514
                    ],
                    [
                        0.21141178905963898
                    ],
                    [
                        0.2104702591896057
                    ],
                    [
                        0.2095327377319336
                    ]
                ]
            ],
            "timesteps": [
                [
                    380,
                    381,
                    382,
                    383,
                    384,
                    385,
                    386,
                    387,
                    388,
                    389,
                    390,
                    391,
                    392,
                    393,
                    394,
                    395,
                    396,
                    397,
                    398,
                    399
                ]
            ],
            "labels": [
                [
                    0,
                    0,
                    0,
                    0,
                    0,
                    0,
                    0,
                    0,
                    0,
                    0,
                    0,
                    0,
                    0,
                    0,
                    0,
                    0,
                    0,
                    0,
                    0,
                    0
                ]
            ],
            "CPU Usage": 45.0,
            "RAM Usage": 55.1,
            "GPU Usage": 0.0,
            "VRAM Usage": 355.0,
            "Disk Read Speed (MB/s)": 206398.1337890625,
            "Disk Write Speed (MB/s)": 381406.6064453125
        },
        {
            "step": 1,
            "train_loss": 0.03738611936569214,
            "actions_pred1": [
                [
                    [
                        0.6629390120506287,
                        0.5346497893333435,
                        0.9763486385345459,
                        -1.4413492679595947
                    ],
                    [
                        0.5380493402481079,
                        0.7045801877975464,
                        0.9172787666320801,
                        -1.3040122985839844
                    ],
                    [
                        0.4818442761898041,
                        0.6240814328193665,
                        1.0338764190673828,
                        -1.2939988374710083
                    ],
                    [
                        0.6447654366493225,
                        0.5620379447937012,
                        0.9298444986343384,
                        -1.2111601829528809
                    ],
                    [
                        0.5620865821838379,
                        0.6188223958015442,
                        0.9060661792755127,
                        -1.3165411949157715
                    ],
                    [
                        0.7822548747062683,
                        0.6056710481643677,
                        0.8044308423995972,
                        -1.1853411197662354
                    ],
                    [
                        0.8865697383880615,
                        0.6363582015037537,
                        0.8565531373023987,
                        -1.1908780336380005
                    ],
                    [
                        0.9009088277816772,
                        0.5653623342514038,
                        0.910202145576477,
                        -1.4507982730865479
                    ],
                    [
                        0.8646818995475769,
                        0.6442108154296875,
                        1.0561623573303223,
                        -1.5533275604248047
                    ],
                    [
                        0.6691088080406189,
                        0.7626234889030457,
                        1.1157143115997314,
                        -1.4463163614273071
                    ],
                    [
                        0.6453962326049805,
                        0.7596759796142578,
                        0.7490503787994385,
                        -1.4554414749145508
                    ],
                    [
                        0.6883084774017334,
                        0.6612193584442139,
                        0.7697808742523193,
                        -1.331364631652832
                    ],
                    [
                        0.7299858331680298,
                        0.7315791845321655,
                        0.8246549367904663,
                        -1.2908062934875488
                    ],
                    [
                        0.6865040063858032,
                        0.7350075244903564,
                        0.6802753806114197,
                        -1.1608572006225586
                    ],
                    [
                        0.6663815379142761,
                        0.6570236086845398,
                        0.7099802494049072,
                        -1.2487441301345825
                    ],
                    [
                        0.6655631065368652,
                        0.8300843238830566,
                        0.7024344801902771,
                        -1.522686243057251
                    ],
                    [
                        0.623358428478241,
                        0.8179211616516113,
                        0.8355347514152527,
                        -1.5442368984222412
                    ],
                    [
                        0.656561553478241,
                        0.7346928119659424,
                        0.849005401134491,
                        -1.362980842590332
                    ],
                    [
                        0.6440489292144775,
                        0.7682321071624756,
                        0.7844442129135132,
                        -1.3162420988082886
                    ],
                    [
                        0.8697695136070251,
                        0.6817624568939209,
                        0.6656314134597778,
                        -1.4373042583465576
                    ]
                ]
            ],
            "actions_pred": [
                [
                    [
                        0.6629390120506287,
                        0.5380493402481079,
                        0.4818442761898041,
                        0.6447654366493225,
                        0.5620865821838379,
                        0.7822548747062683,
                        0.8865697383880615,
                        0.9009088277816772,
                        0.8646818995475769,
                        0.6691088080406189,
                        0.6453962326049805,
                        0.6883084774017334,
                        0.7299858331680298,
                        0.6865040063858032,
                        0.6663815379142761,
                        0.6655631065368652,
                        0.623358428478241,
                        0.656561553478241,
                        0.6440489292144775,
                        0.8697695136070251
                    ],
                    [
                        0.5346497893333435,
                        0.7045801877975464,
                        0.6240814328193665,
                        0.5620379447937012,
                        0.6188223958015442,
                        0.6056710481643677,
                        0.6363582015037537,
                        0.5653623342514038,
                        0.6442108154296875,
                        0.7626234889030457,
                        0.7596759796142578,
                        0.6612193584442139,
                        0.7315791845321655,
                        0.7350075244903564,
                        0.6570236086845398,
                        0.8300843238830566,
                        0.8179211616516113,
                        0.7346928119659424,
                        0.7682321071624756,
                        0.6817624568939209
                    ],
                    [
                        0.9763486385345459,
                        0.9172787666320801,
                        1.0338764190673828,
                        0.9298444986343384,
                        0.9060661792755127,
                        0.8044308423995972,
                        0.8565531373023987,
                        0.910202145576477,
                        1.0561623573303223,
                        1.1157143115997314,
                        0.7490503787994385,
                        0.7697808742523193,
                        0.8246549367904663,
                        0.6802753806114197,
                        0.7099802494049072,
                        0.7024344801902771,
                        0.8355347514152527,
                        0.849005401134491,
                        0.7844442129135132,
                        0.6656314134597778
                    ],
                    [
                        -1.4413492679595947,
                        -1.3040122985839844,
                        -1.2939988374710083,
                        -1.2111601829528809,
                        -1.3165411949157715,
                        -1.1853411197662354,
                        -1.1908780336380005,
                        -1.4507982730865479,
                        -1.5533275604248047,
                        -1.4463163614273071,
                        -1.4554414749145508,
                        -1.331364631652832,
                        -1.2908062934875488,
                        -1.1608572006225586,
                        -1.2487441301345825,
                        -1.522686243057251,
                        -1.5442368984222412,
                        -1.362980842590332,
                        -1.3162420988082886,
                        -1.4373042583465576
                    ]
                ]
            ],
            "states": [
                [
                    [
                        492320.0,
                        0.00014767394168302417,
                        0.018082506954669952,
                        363027.84375
                    ],
                    [
                        506800.0,
                        0.00014520809054374695,
                        0.01018515508621931,
                        441748.1875
                    ],
                    [
                        501008.0,
                        0.00014280257164500654,
                        0.009355437941849232,
                        481891.75
                    ],
                    [
                        543000.0,
                        0.00014039389498066157,
                        0.008023547939956188,
                        309271.0625
                    ],
                    [
                        571960.0,
                        0.00013790946104563773,
                        0.007616695482283831,
                        326690.1875
                    ],
                    [
                        626984.0,
                        0.00013533451419789344,
                        0.00705355079844594,
                        304830.28125
                    ],
                    [
                        582096.0,
                        0.00013283209409564734,
                        0.006484133191406727,
                        283344.0
                    ],
                    [
                        638568.0,
                        0.00013039908662904054,
                        0.005326922982931137,
                        341204.21875
                    ],
                    [
                        584992.0,
                        0.00012804687139578164,
                        0.005689277779310942,
                        350770.6875
                    ],
                    [
                        631328.0,
                        0.00012579229951370507,
                        0.0069713592529296875,
                        304207.3125
                    ],
                    [
                        438744.0,
                        0.00012387130118440837,
                        0.005918858107179403,
                        445445.40625
                    ],
                    [
                        682008.0,
                        0.00012192520807730034,
                        0.005743528250604868,
                        443906.625
                    ],
                    [
                        894864.0,
                        0.00011928792810067534,
                        0.007119554560631514,
                        502220.71875
                    ],
                    [
                        799296.0,
                        0.00011657496361294761,
                        0.006755398586392403,
                        559882.4375
                    ],
                    [
                        1003464.0,
                        0.000113823996798601,
                        0.007165591698139906,
                        431313.21875
                    ],
                    [
                        990432.0,
                        0.00011092599743278697,
                        0.006897749379277229,
                        501689.5625
                    ],
                    [
                        1185912.0,
                        0.00010792924149427563,
                        0.00677958969026804,
                        421160.84375
                    ],
                    [
                        1324920.0,
                        0.00010466613457538188,
                        0.006738434080034494,
                        445300.59375
                    ],
                    [
                        1403112.0,
                        0.00010133643809240311,
                        0.008364989422261715,
                        440591.6875
                    ],
                    [
                        1637688.0,
                        9.786803275346756e-05,
                        0.005549952387809753,
                        381840.25
                    ]
                ]
            ],
            "actions": [
                [
                    [
                        0.25
                    ],
                    [
                        0.25
                    ],
                    [
                        0.25
                    ],
                    [
                        0.25
                    ],
                    [
                        0.25
                    ],
                    [
                        0.25
                    ],
                    [
                        0.25
                    ],
                    [
                        0.25
                    ],
                    [
                        0.25
                    ],
                    [
                        0.25
                    ],
                    [
                        0.25
                    ],
                    [
                        0.25
                    ],
                    [
                        0.25
                    ],
                    [
                        0.25
                    ],
                    [
                        0.25
                    ],
                    [
                        0.25
                    ],
                    [
                        0.25
                    ],
                    [
                        0.25
                    ],
                    [
                        0.25
                    ],
                    [
                        0.25
                    ]
                ]
            ],
            "returns": [
                [
                    [
                        0.06894823163747787
                    ],
                    [
                        0.06822619587182999
                    ],
                    [
                        0.06750158965587616
                    ],
                    [
                        0.06677800416946411
                    ],
                    [
                        0.06604728102684021
                    ],
                    [
                        0.06531195342540741
                    ],
                    [
                        0.06456847488880157
                    ],
                    [
                        0.06383159011602402
                    ],
                    [
                        0.06308649480342865
                    ],
                    [
                        0.062349170446395874
                    ],
                    [
                        0.06160508468747139
                    ],
                    [
                        0.060893263667821884
                    ],
                    [
                        0.060142334550619125
                    ],
                    [
                        0.05936732143163681
                    ],
                    [
                        0.05860232189297676
                    ],
                    [
                        0.05781715363264084
                    ],
                    [
                        0.05703314393758774
                    ],
                    [
                        0.05623316764831543
                    ],
                    [
                        0.05542336031794548
                    ],
                    [
                        0.05460847169160843
                    ]
                ]
            ],
            "timesteps": [
                [
                    560,
                    561,
                    562,
                    563,
                    564,
                    565,
                    566,
                    567,
                    568,
                    569,
                    570,
                    571,
                    572,
                    573,
                    574,
                    575,
                    576,
                    577,
                    578,
                    579
                ]
            ],
            "labels": [
                [
                    0,
                    0,
                    0,
                    0,
                    0,
                    0,
                    0,
                    0,
                    0,
                    0,
                    0,
                    0,
                    0,
                    0,
                    0,
                    0,
                    0,
                    0,
                    0,
                    0
                ]
            ],
            "CPU Usage": 46.7,
            "RAM Usage": 55.2,
            "GPU Usage": 0.0,
            "VRAM Usage": 355.0,
            "Disk Read Speed (MB/s)": 206398.1337890625,
            "Disk Write Speed (MB/s)": 381406.6572265625
        },
        {
            "step": 2,
            "train_loss": 0.03172002732753754,
            "actions_pred1": [
                [
                    [
                        0.023110419511795044,
                        0.1638500690460205,
                        0.9277673959732056,
                        -1.156872272491455
                    ],
                    [
                        0.10636521130800247,
                        0.23566190898418427,
                        0.8743842840194702,
                        -1.2570247650146484
                    ],
                    [
                        0.18016672134399414,
                        0.4483671188354492,
                        0.8664147257804871,
                        -1.3054550886154175
                    ],
                    [
                        0.20675510168075562,
                        0.4349738657474518,
                        0.8073213696479797,
                        -1.2362245321273804
                    ],
                    [
                        0.081472247838974,
                        0.6131435632705688,
                        0.9186357259750366,
                        -1.2114914655685425
                    ],
                    [
                        0.006024956703186035,
                        0.6488598585128784,
                        0.9090684652328491,
                        -1.242140769958496
                    ],
                    [
                        0.29320383071899414,
                        0.5941428542137146,
                        0.860139012336731,
                        -1.218397855758667
                    ],
                    [
                        0.43242672085762024,
                        0.6601945161819458,
                        0.870911717414856,
                        -1.1095449924468994
                    ],
                    [
                        0.4083563983440399,
                        0.6332945823669434,
                        0.8781169056892395,
                        -1.1493768692016602
                    ],
                    [
                        0.3697836101055145,
                        0.6585639715194702,
                        0.9072436094284058,
                        -1.250888705253601
                    ],
                    [
                        0.3704966902732849,
                        0.6561892032623291,
                        0.8558152318000793,
                        -1.1274616718292236
                    ],
                    [
                        0.39097145199775696,
                        0.6348125338554382,
                        0.8224709630012512,
                        -1.2209558486938477
                    ],
                    [
                        0.6367455124855042,
                        0.6760789155960083,
                        0.8715566396713257,
                        -1.3016331195831299
                    ],
                    [
                        0.6592566967010498,
                        0.6431775093078613,
                        0.7544256448745728,
                        -1.1249661445617676
                    ],
                    [
                        0.7607277035713196,
                        0.6167031526565552,
                        0.7426531314849854,
                        -1.1253952980041504
                    ],
                    [
                        0.6420696377754211,
                        0.5959370136260986,
                        0.7732462882995605,
                        -1.2154781818389893
                    ],
                    [
                        0.47437167167663574,
                        0.5884320735931396,
                        0.7784302234649658,
                        -1.192686915397644
                    ],
                    [
                        0.49420714378356934,
                        0.6232495903968811,
                        0.8287731409072876,
                        -1.2935779094696045
                    ],
                    [
                        0.5159154534339905,
                        0.6549289226531982,
                        0.9097100496292114,
                        -1.2212791442871094
                    ],
                    [
                        0.504847526550293,
                        0.6234399080276489,
                        0.7842008471488953,
                        -1.2627856731414795
                    ]
                ]
            ],
            "actions_pred": [
                [
                    [
                        0.023110419511795044,
                        0.10636521130800247,
                        0.18016672134399414,
                        0.20675510168075562,
                        0.081472247838974,
                        0.006024956703186035,
                        0.29320383071899414,
                        0.43242672085762024,
                        0.4083563983440399,
                        0.3697836101055145,
                        0.3704966902732849,
