{
    "steps": [
        {
            "step": 0,
            "train_loss": 0.00022286696184892207,
            "actions_pred1": [
                [
                    [
                        1.204218864440918,
                        0.9153731465339661,
                        5.124910354614258,
                        -6.016077518463135
                    ],
                    [
                        0.3684166669845581,
                        0.7175815105438232,
                        6.112279415130615,
                        -5.663548946380615
                    ],
                    [
                        0.7395058274269104,
                        0.27699774503707886,
                        5.9247260093688965,
                        -5.002285480499268
                    ],
                    [
                        0.8523977994918823,
                        0.010201849043369293,
                        5.705918312072754,
                        -4.80624532699585
                    ],
                    [
                        0.5229392647743225,
                        -0.12401635199785233,
                        6.182175636291504,
                        -4.911038875579834
                    ],
                    [
                        0.3634072244167328,
                        0.28377410769462585,
                        6.511571407318115,
                        -4.8362298011779785
                    ],
                    [
                        0.4665013551712036,
                        0.2924749255180359,
                        6.596755027770996,
                        -4.696403980255127
                    ],
                    [
                        0.478518009185791,
                        0.13732236623764038,
                        6.390669345855713,
                        -4.7455058097839355
                    ],
                    [
                        0.36382541060447693,
                        0.22442033886909485,
                        6.4247894287109375,
                        -4.815438270568848
                    ],
                    [
                        0.3204430341720581,
                        0.14165811240673065,
                        6.336831092834473,
                        -4.870456695556641
                    ],
                    [
                        0.334230899810791,
                        0.3627834618091583,
                        6.365145683288574,
                        -5.0353922843933105
                    ],
                    [
                        0.46833229064941406,
                        0.42613479495048523,
                        6.529596328735352,
                        -5.207293510437012
                    ],
                    [
                        0.6308128833770752,
                        0.30402669310569763,
                        6.714663505554199,
                        -5.247048377990723
                    ],
                    [
                        0.6330426335334778,
                        0.25679636001586914,
                        6.643152236938477,
                        -5.240685939788818
                    ],
                    [
                        0.7944445610046387,
                        0.12189120054244995,
                        6.44679069519043,
                        -5.268615245819092
                    ],
                    [
                        0.8790448904037476,
                        0.24149949848651886,
                        6.399190902709961,
                        -5.253631591796875
                    ],
                    [
                        0.9120493531227112,
                        0.23372158408164978,
                        6.426046848297119,
                        -5.089585304260254
                    ],
                    [
                        0.9522860646247864,
                        0.29745233058929443,
                        6.361185073852539,
                        -5.252660274505615
                    ],
                    [
                        0.757297158241272,
                        0.34209147095680237,
                        6.377371788024902,
                        -5.215904235839844
                    ],
                    [
                        0.7073929905891418,
                        0.288024365901947,
                        6.344715118408203,
                        -5.153271198272705
                    ]
                ]
            ],
            "actions_pred": [
                [
                    [
                        1.204218864440918,
                        0.3684166669845581,
                        0.7395058274269104,
                        0.8523977994918823,
                        0.5229392647743225,
                        0.3634072244167328,
                        0.4665013551712036,
                        0.478518009185791,
                        0.36382541060447693,
                        0.3204430341720581,
                        0.334230899810791,
                        0.46833229064941406,
                        0.6308128833770752,
                        0.6330426335334778,
                        0.7944445610046387,
                        0.8790448904037476,
                        0.9120493531227112,
                        0.9522860646247864,
                        0.757297158241272,
                        0.7073929905891418
                    ],
                    [
                        0.9153731465339661,
                        0.7175815105438232,
                        0.27699774503707886,
                        0.010201849043369293,
                        -0.12401635199785233,
                        0.28377410769462585,
                        0.2924749255180359,
                        0.13732236623764038,
                        0.22442033886909485,
                        0.14165811240673065,
                        0.3627834618091583,
                        0.42613479495048523,
                        0.30402669310569763,
                        0.25679636001586914,
                        0.12189120054244995,
                        0.24149949848651886,
                        0.23372158408164978,
                        0.29745233058929443,
                        0.34209147095680237,
                        0.288024365901947
                    ],
                    [
                        5.124910354614258,
                        6.112279415130615,
                        5.9247260093688965,
                        5.705918312072754,
                        6.182175636291504,
                        6.511571407318115,
                        6.596755027770996,
                        6.390669345855713,
                        6.4247894287109375,
                        6.336831092834473,
                        6.365145683288574,
                        6.529596328735352,
                        6.714663505554199,
                        6.643152236938477,
                        6.44679069519043,
                        6.399190902709961,
                        6.426046848297119,
                        6.361185073852539,
                        6.377371788024902,
                        6.344715118408203
                    ],
                    [
                        -6.016077518463135,
                        -5.663548946380615,
                        -5.002285480499268,
                        -4.80624532699585,
                        -4.911038875579834,
                        -4.8362298011779785,
                        -4.696403980255127,
                        -4.7455058097839355,
                        -4.815438270568848,
                        -4.870456695556641,
                        -5.0353922843933105,
                        -5.207293510437012,
                        -5.247048377990723,
                        -5.240685939788818,
                        -5.268615245819092,
                        -5.253631591796875,
                        -5.089585304260254,
                        -5.252660274505615,
                        -5.215904235839844,
                        -5.153271198272705
                    ]
                ]
            ],
            "states": [
                [
                    [
                        5057864.0,
                        2.556295476097148e-05,
                        0.00012937834253534675,
                        777561.25
                    ],
                    [
                        5348912.0,
                        2.480310831742827e-05,
                        0.00013201982073951513,
                        791966.9375
                    ],
                    [
                        5101304.0,
                        2.4083872631308623e-05,
                        0.00013791865785606205,
                        790369.0625
                    ],
                    [
                        5538600.0,
                        2.3393640731228516e-05,
                        0.00014453318726737052,
                        780343.4375
                    ],
                    [
                        5412624.0,
                        2.272302663186565e-05,
                        0.00014699026360176504,
                        758450.9375
                    ],
                    [
                        5321400.0,
                        2.2102101866039447e-05,
                        0.00016071676509454846,
                        845866.875
                    ],
                    [
                        5683400.0,
                        2.1499938156921417e-05,
                        0.00016249381587840617,
                        821531.0
                    ],
                    [
                        5282304.0,
                        2.0931340259267017e-05,
                        0.0001488575799157843,
                        840709.875
                    ],
                    [
                        5545840.0,
                        2.0398911146912724e-05,
                        0.00016087492986116558,
                        823198.9375
                    ],
                    [
                        5474888.0,
                        1.9883997083525173e-05,
                        0.00016716374375391752,
                        838579.125
                    ],
                    [
                        5364840.0,
                        1.9402330508455634e-05,
                        0.00019032474665436894,
                        800380.6875
                    ],
                    [
                        5569008.0,
                        1.8939608708024025e-05,
                        0.00018542619363870472,
                        823891.875
                    ],
                    [
                        5332984.0,
                        1.849955879151821e-05,
                        0.000198170033399947,
                        846311.4375
                    ],
                    [
                        5224384.0,
                        1.8092512618750334e-05,
                        0.0001916241308208555,
                        900435.5625
                    ],
                    [
                        5133160.0,
                        1.771021015883889e-05,
                        0.0002063407882815227,
                        866428.5625
                    ],
                    [
                        5361944.0,
                        1.733909812173806e-05,
                        0.00023895764024928212,
                        862112.4375
                    ],
                    [
                        5535704.0,
                        1.6969803255051374e-05,
                        0.00025051896227523685,
                        868913.125
                    ],
                    [
                        5189632.0,
                        1.662127579038497e-05,
                        0.0002676467993296683,
                        810234.1875
                    ],
                    [
                        5453168.0,
                        1.6289424820570275e-05,
                        0.0002700872428249568,
                        842694.5
                    ],
                    [
                        5334432.0,
                        1.5966239516274072e-05,
                        0.0002660537720657885,
                        825795.9375
                    ]
                ]
            ],
            "actions": [
                [
                    [
                        0.75
                    ],
                    [
                        0.75
                    ],
                    [
                        0.75
                    ],
                    [
                        0.75
                    ],
                    [
                        0.75
                    ],
                    [
                        0.75
                    ],
                    [
                        0.75
                    ],
                    [
                        0.75
                    ],
                    [
                        0.75
                    ],
                    [
                        0.75
                    ],
                    [
                        0.75
                    ],
                    [
                        0.75
                    ],
                    [
                        0.75
                    ],
                    [
                        0.75
                    ],
                    [
                        0.75
                    ],
                    [
                        0.75
                    ],
                    [
                        0.75
                    ],
                    [
                        0.75
                    ],
                    [
                        0.75
                    ],
                    [
                        0.75
                    ]
                ]
            ],
            "returns": [
                [
                    [
                        0.5615583062171936
                    ],
                    [
                        0.5606297850608826
                    ],
                    [
                        0.5596962571144104
                    ],
                    [
                        0.5587669014930725
                    ],
                    [
                        0.557830274105072
                    ],
                    [
                        0.5568956732749939
                    ],
                    [
                        0.5559626221656799
                    ],
                    [
                        0.555023729801178
                    ],
                    [
                        0.5540912747383118
                    ],
                    [
                        0.5531545877456665
                    ],
                    [
                        0.5522189736366272
                    ],
                    [
                        0.5512851476669312
                    ],
                    [
                        0.5503480434417725
                    ],
                    [
                        0.5494148135185242
                    ],
                    [
                        0.5484833717346191
                    ],
                    [
                        0.5475534796714783
                    ],
                    [
                        0.546619713306427
                    ],
                    [
                        0.5456831455230713
                    ],
                    [
                        0.544752299785614
                    ],
                    [
                        0.5438170433044434
                    ]
                ]
            ],
            "timesteps": [
                [
                    20,
                    21,
                    22,
                    23,
                    24,
                    25,
                    26,
                    27,
                    28,
                    29,
                    30,
                    31,
                    32,
                    33,
                    34,
                    35,
                    36,
                    37,
                    38,
                    39
                ]
            ],
            "labels": [
                [
                    2,
                    2,
                    2,
                    2,
                    2,
                    2,
                    2,
                    2,
                    2,
                    2,
                    2,
                    2,
                    2,
                    2,
                    2,
                    2,
                    2,
                    2,
                    2,
                    2
                ]
            ],
            "CPU Usage": 46.4,
            "RAM Usage": 55.0,
            "GPU Usage": 0.0,
            "VRAM Usage": 355.0,
            "Disk Read Speed (MB/s)": 206669.0771484375,
            "Disk Write Speed (MB/s)": 440648.8525390625
        },
        {
            "step": 1,
            "train_loss": 0.00636596605181694,
            "actions_pred1": [
                [
                    [
                        0.8716980218887329,
                        -1.103910207748413,
                        5.283034324645996,
                        -5.111169815063477
                    ],
                    [
                        1.2035393714904785,
                        -1.0588369369506836,
                        5.046982765197754,
                        -6.355421543121338
                    ],
                    [
                        1.9415042400360107,
                        -0.5698338150978088,
                        4.925621032714844,
                        -6.882123947143555
                    ],
                    [
                        2.0968565940856934,
                        -0.5194506645202637,
                        4.903048038482666,
                        -6.637021064758301
                    ],
                    [
                        2.034708261489868,
                        -0.05236922204494476,
                        5.137174606323242,
                        -6.462778568267822
                    ],
                    [
                        2.4129583835601807,
                        0.13440945744514465,
                        4.90716552734375,
                        -6.406304836273193
                    ],
                    [
                        2.6327784061431885,
                        0.42306292057037354,
                        4.50745153427124,
                        -5.85400390625
                    ],
                    [
                        3.0624053478240967,
                        0.7496763467788696,
                        4.376994609832764,
                        -5.67962646484375
                    ],
                    [
                        2.975679397583008,
                        0.5593904852867126,
                        4.342268943786621,
                        -5.747968673706055
                    ],
                    [
                        3.3143441677093506,
                        0.7319899797439575,
                        4.38443660736084,
                        -6.210003852844238
                    ],
                    [
                        3.572676658630371,
                        0.7507333755493164,
                        4.101624965667725,
                        -6.233346939086914
                    ],
                    [
                        3.7863049507141113,
                        0.5683664679527283,
                        4.065512657165527,
                        -6.474395751953125
                    ],
                    [
                        4.318645000457764,
                        0.2515569031238556,
                        3.815852165222168,
                        -6.235881805419922
                    ],
                    [
                        4.553961277008057,
                        0.35355785489082336,
                        3.592466354370117,
                        -6.227077960968018
                    ],
                    [
                        4.855188369750977,
                        0.23697924613952637,
                        3.386019706726074,
                        -6.230476379394531
                    ],
                    [
                        4.953388214111328,
                        0.2792535126209259,
                        3.4032185077667236,
                        -6.050420761108398
                    ],
                    [
                        5.048969745635986,
                        0.3137659430503845,
                        3.201956272125244,
                        -6.088535308837891
                    ],
                    [
                        5.278366565704346,
                        0.21520650386810303,
                        3.089827537536621,
                        -6.186914443969727
                    ],
                    [
                        5.270989418029785,
                        0.17838305234909058,
                        3.1801979541778564,
                        -6.278324127197266
                    ],
                    [
                        5.272123336791992,
                        0.21365055441856384,
                        3.185945510864258,
                        -6.170235633850098
                    ]
                ]
            ],
            "actions_pred": [
                [
                    [
                        0.8716980218887329,
                        1.2035393714904785,
                        1.9415042400360107,
                        2.0968565940856934,
                        2.034708261489868,
                        2.4129583835601807,
                        2.6327784061431885,
                        3.0624053478240967,
                        2.975679397583008,
                        3.3143441677093506,
                        3.572676658630371,
                        3.7863049507141113,
                        4.318645000457764,
                        4.553961277008057,
                        4.855188369750977,
                        4.953388214111328,
                        5.048969745635986,
                        5.278366565704346,
                        5.270989418029785,
                        5.272123336791992
                    ],
                    [
                        -1.103910207748413,
                        -1.0588369369506836,
                        -0.5698338150978088,
                        -0.5194506645202637,
                        -0.05236922204494476,
                        0.13440945744514465,
                        0.42306292057037354,
                        0.7496763467788696,
                        0.5593904852867126,
                        0.7319899797439575,
                        0.7507333755493164,
                        0.5683664679527283,
                        0.2515569031238556,
                        0.35355785489082336,
                        0.23697924613952637,
                        0.2792535126209259,
                        0.3137659430503845,
                        0.21520650386810303,
                        0.17838305234909058,
                        0.21365055441856384
                    ],
                    [
                        5.283034324645996,
                        5.046982765197754,
                        4.925621032714844,
                        4.903048038482666,
                        5.137174606323242,
                        4.90716552734375,
                        4.50745153427124,
                        4.376994609832764,
                        4.342268943786621,
                        4.38443660736084,
                        4.101624965667725,
                        4.065512657165527,
                        3.815852165222168,
                        3.592466354370117,
                        3.386019706726074,
                        3.4032185077667236,
                        3.201956272125244,
                        3.089827537536621,
                        3.1801979541778564,
                        3.185945510864258
                    ],
                    [
                        -5.111169815063477,
                        -6.355421543121338,
                        -6.882123947143555,
                        -6.637021064758301,
                        -6.462778568267822,
                        -6.406304836273193,
                        -5.85400390625,
                        -5.67962646484375,
                        -5.747968673706055,
                        -6.210003852844238,
                        -6.233346939086914,
                        -6.474395751953125,
                        -6.235881805419922,
                        -6.227077960968018,
                        -6.230476379394531,
                        -6.050420761108398,
                        -6.088535308837891,
                        -6.186914443969727,
                        -6.278324127197266,
                        -6.170235633850098
                    ]
                ]
            ],
            "states": [
                [
                    [
                        5527016.0,
                        1.5349276509368792e-05,
                        0.0002737951872404665,
                        805844.5
                    ],
                    [
                        5095512.0,
                        1.517824421171099e-05,
                        0.0002537628752179444,
                        822709.0625
                    ],
                    [
                        5057864.0,
                        1.501830956840422e-05,
                        0.0002845273702405393,
                        817377.8125
                    ],
                    [
                        5703672.0,
                        1.4852455933578312e-05,
                        0.00027429292094893754,
                        848477.75
                    ],
                    [
                        5414072.0,
                        1.4684866982861422e-05,
                        0.0002784566895570606,
                        829260.1875
                    ],
                    [
                        5337328.0,
                        1.452638753107749e-05,
                        0.00027366288122721016,
                        838067.9375
                    ],
                    [
                        5141848.0,
                        1.4375169484992512e-05,
                        0.0002617421268951148,
                        823064.0
                    ],
                    [
                        5211352.0,
                        1.422882269253023e-05,
                        0.000270931632257998,
                        844933.9375
                    ],
                    [
                        5386560.0,
                        1.4082077541388571e-05,
                        0.00027350522577762604,
                        861893.1875
                    ],
                    [
                        5118680.0,
                        1.3939571545051876e-05,
                        0.0002609447401482612,
                        831639.4375
                    ],
                    [
                        5401040.0,
                        1.3799754015053622e-05,
                        0.0002695223083719611,
                        814358.625
                    ],
                    [
                        5211352.0,
                        1.3661498996953014e-05,
                        0.00026009109569713473,
                        868776.75
                    ],
                    [
                        142.0,
                        0.21944443881511688,
                        0.00015429843915626407,
                        853.0870361328125
                    ],
                    [
                        4879797.0,
                        0.008871808648109436,
                        0.0001451207062928006,
                        568995.3125
                    ],
                    [
                        6620256.0,
                        0.0009351735934615135,
                        0.00015239168715197593,
                        450753.09375
                    ],
                    [
                        9419240.0,
                        0.00045934959780424833,
                        0.0001363051705993712,
                        480722.0
                    ],
                    [
                        9852192.0,
                        0.0002833923790603876,
                        0.0001300903531955555,
                        459858.53125
                    ],
                    [
                        9448200.0,
                        0.0002050806797342375,
                        0.026162419468164444,
                        444324.5625
                    ],
                    [
                        10519720.0,
                        0.00015983681078068912,
                        0.00028762174770236015,
                        442793.625
                    ],
                    [
                        11032312.0,
                        0.00012905527546536177,
                        0.00021737493807449937,
                        442420.15625
                    ]
                ]
            ],
            "actions": [
                [
                    [
                        0.75
                    ],
                    [
                        0.75
                    ],
                    [
                        0.75
                    ],
                    [
                        0.75
                    ],
                    [
                        0.75
                    ],
                    [
                        0.75
                    ],
                    [
                        0.75
                    ],
                    [
                        0.75
                    ],
                    [
                        0.75
                    ],
                    [
                        0.75
                    ],
                    [
                        0.75
                    ],
                    [
                        0.75
                    ],
                    [
                        0.25
                    ],
                    [
                        0.25
                    ],
                    [
                        0.25
                    ],
                    [
                        0.25
                    ],
                    [
                        0.25
                    ],
                    [
                        0.25
                    ],
                    [
                        0.25
                    ],
                    [
                        0.25
                    ]
                ]
            ],
            "returns": [
                [
                    [
                        0.30454936623573303
                    ],
                    [
                        0.30361291766166687
                    ],
                    [
                        0.3026837110519409
                    ],
                    [
                        0.3017551302909851
                    ],
                    [
                        0.3008159101009369
                    ],
                    [
                        0.29988130927085876
                    ],
                    [
                        0.2989479601383209
                    ],
                    [
                        0.2980179190635681
                    ],
                    [
                        0.2970867156982422
                    ],
                    [
                        0.2961525619029999
                    ],
                    [
                        0.2952229082584381
                    ],
                    [
                        0.2942885160446167
                    ],
                    [
                        0.29335731267929077
                    ],
                    [
                        0.29335731267929077
                    ],
                    [
                        0.29243192076683044
                    ],
                    [
                        0.2914794683456421
                    ],
                    [
                        0.29049578309059143
                    ],
                    [
                        0.2895081043243408
                    ],
                    [
                        0.2885241210460663
                    ],
                    [
                        0.2875306308269501
                    ]
                ]
            ],
            "timesteps": [
                [
                    300,
                    301,
                    302,
                    303,
                    304,
                    305,
                    306,
                    307,
                    308,
                    309,
                    310,
                    311,
                    312,
                    313,
                    314,
                    315,
                    316,
                    317,
                    318,
                    319
                ]
            ],
            "labels": [
                [
                    2,
                    2,
                    2,
                    2,
                    2,
                    2,
                    2,
                    2,
                    2,
                    2,
                    2,
                    2,
                    0,
                    0,
                    0,
                    0,
                    0,
                    0,
                    0,
                    0
                ]
            ],
            "CPU Usage": 46.7,
            "RAM Usage": 55.1,
            "GPU Usage": 0.0,
            "VRAM Usage": 355.0,
            "Disk Read Speed (MB/s)": 206669.0771484375,
            "Disk Write Speed (MB/s)": 440648.9345703125
        },
        {
            "step": 2,
            "train_loss": 0.00013420917093753815,
            "actions_pred1": [
                [
                    [
                        0.9227120876312256,
                        5.444550037384033,
                        -0.6929086446762085,
                        -3.4766082763671875
                    ],
                    [
                        0.8686736822128296,
                        4.843380928039551,
                        -0.7867374420166016,
                        -3.7658729553222656
                    ],
                    [
                        0.4887804090976715,
                        5.498730659484863,
                        -1.37528395652771,
                        -3.7751026153564453
                    ],
                    [
                        0.12587383389472961,
                        6.070211410522461,
                        -1.479979157447815,
                        -4.131938934326172
                    ],
                    [
                        0.04962283372879028,
                        6.0258073806762695,
                        -1.3596770763397217,
                        -4.134941577911377
                    ],
                    [
                        -0.09556113928556442,
                        6.05955696105957,
                        -1.3740322589874268,
                        -4.569828510284424
                    ],
                    [
                        -0.4408794045448303,
                        6.25413179397583,
                        -1.4320411682128906,
                        -4.475400924682617
                    ],
                    [
                        -0.532518208026886,
                        6.28544807434082,
                        -1.7423148155212402,
                        -4.57691764831543
                    ],
                    [
                        -0.26607009768486023,
                        5.994452476501465,
                        -1.8702476024627686,
                        -4.388852596282959
                    ],
                    [
                        -0.22735053300857544,
                        6.1480607986450195,
                        -2.0434136390686035,
                        -4.4475250244140625
                    ],
                    [
                        -0.21694493293762207,
                        6.20064640045166,
                        -1.9119899272918701,
                        -4.553609848022461
                    ],
                    [
                        -0.30253463983535767,
                        6.1119513511657715,
                        -1.7023043632507324,
                        -4.479600429534912
                    ],
                    [
                        -0.1103019267320633,
                        6.05255126953125,
                        -1.6179026365280151,
                        -4.45723295211792
                    ],
                    [
                        0.010368257761001587,
                        6.204403877258301,
                        -1.7750885486602783,
                        -4.340182781219482
                    ],
                    [
                        0.02925834059715271,
                        6.138015270233154,
                        -1.7577829360961914,
                        -4.354703426361084
                    ],
                    [
                        0.06263632327318192,
                        6.40858268737793,
                        -1.841541051864624,
                        -4.355266571044922
                    ],
                    [
                        -0.05920273810625076,
                        6.401846885681152,
                        -1.7125182151794434,
                        -4.520556926727295
                    ],
                    [
                        0.13031873106956482,
                        6.276891708374023,
                        -1.778407335281372,
                        -4.163694858551025
                    ],
                    [
                        0.32778987288475037,
                        5.933600425720215,
                        -1.4982839822769165,
                        -4.94624137878418
                    ],
                    [
                        0.24436360597610474,
                        5.969995975494385,
                        -1.5030083656311035,
                        -4.845671653747559
                    ]
                ]
            ],
            "actions_pred": [
                [
                    [
                        0.9227120876312256,
                        0.8686736822128296,
                        0.4887804090976715,
                        0.12587383389472961,
                        0.04962283372879028,
                        -0.09556113928556442,
                        -0.4408794045448303,
                        -0.532518208026886,
                        -0.26607009768486023,
                        -0.22735053300857544,
                        -0.21694493293762207,
                        -0.30253463983535767,
                        -0.1103019267320633,
                        0.010368257761001587,
