{
    "steps": [
        {
            "step": 0,
            "train_loss": 0.06300519406795502,
            "actions_pred1": [
                [
                    [
                        0.06912889331579208,
                        0.751576840877533,
                        1.379747986793518,
                        -1.7090997695922852
                    ],
                    [
                        0.12722764909267426,
                        0.9538009166717529,
                        1.354729413986206,
                        -1.5367357730865479
                    ],
                    [
                        0.06615044921636581,
                        0.9077633619308472,
                        1.0845240354537964,
                        -1.3734242916107178
                    ],
                    [
                        0.05182819068431854,
                        0.9001388549804688,
                        1.0744086503982544,
                        -1.444857120513916
                    ],
                    [
                        0.1523110270500183,
                        0.8408684730529785,
                        1.2944657802581787,
                        -1.6892082691192627
                    ],
                    [
                        0.09726068377494812,
                        0.8600797653198242,
                        1.4579174518585205,
                        -1.6680078506469727
                    ],
                    [
                        0.041923344135284424,
                        0.8050292730331421,
                        1.542840838432312,
                        -1.720541000366211
                    ],
                    [
                        -0.14188964664936066,
                        0.8290678262710571,
                        1.516231656074524,
                        -1.7816039323806763
                    ],
                    [
                        -0.026280149817466736,
                        0.8861649036407471,
                        1.6321386098861694,
                        -1.7670083045959473
                    ],
                    [
                        -0.03247413784265518,
                        0.8624467849731445,
                        1.734550952911377,
                        -1.763453483581543
                    ],
                    [
                        -0.06264978647232056,
                        0.8566274046897888,
                        1.660036325454712,
                        -1.803609013557434
                    ],
                    [
                        0.24757277965545654,
                        0.6610065698623657,
                        1.6829297542572021,
                        -1.9107543230056763
                    ],
                    [
                        0.10250997543334961,
                        0.6599078178405762,
                        1.6287460327148438,
                        -1.750461220741272
                    ],
                    [
                        0.1051059365272522,
                        0.5883326530456543,
                        1.5319163799285889,
                        -1.8458678722381592
                    ],
                    [
                        0.1595364212989807,
                        0.7181322574615479,
                        1.5157206058502197,
                        -1.8038231134414673
                    ],
                    [
                        0.12255936861038208,
                        0.7467562556266785,
                        1.5839433670043945,
                        -1.8910777568817139
                    ],
                    [
                        0.04580286145210266,
                        0.8765683770179749,
                        1.6431849002838135,
                        -1.9292967319488525
                    ],
                    [
                        0.07256734371185303,
                        0.8675481677055359,
                        1.5844686031341553,
                        -1.779181957244873
                    ],
                    [
                        0.0783812403678894,
                        0.8091009855270386,
                        1.6134963035583496,
                        -1.8194420337677002
                    ],
                    [
                        0.08359716087579727,
                        0.6741309762001038,
                        1.5826929807662964,
                        -1.7492594718933105
                    ]
                ]
            ],
            "actions_pred": [
                [
                    [
                        0.06912889331579208,
                        0.12722764909267426,
                        0.06615044921636581,
                        0.05182819068431854,
                        0.1523110270500183,
                        0.09726068377494812,
                        0.041923344135284424,
                        -0.14188964664936066,
                        -0.026280149817466736,
                        -0.03247413784265518,
                        -0.06264978647232056,
                        0.24757277965545654,
                        0.10250997543334961,
                        0.1051059365272522,
                        0.1595364212989807,
                        0.12255936861038208,
                        0.04580286145210266,
                        0.07256734371185303,
                        0.0783812403678894,
                        0.08359716087579727
                    ],
                    [
                        0.751576840877533,
                        0.9538009166717529,
                        0.9077633619308472,
                        0.9001388549804688,
                        0.8408684730529785,
                        0.8600797653198242,
                        0.8050292730331421,
                        0.8290678262710571,
                        0.8861649036407471,
                        0.8624467849731445,
                        0.8566274046897888,
                        0.6610065698623657,
                        0.6599078178405762,
                        0.5883326530456543,
                        0.7181322574615479,
                        0.7467562556266785,
                        0.8765683770179749,
                        0.8675481677055359,
                        0.8091009855270386,
                        0.6741309762001038
                    ],
                    [
                        1.379747986793518,
                        1.354729413986206,
                        1.0845240354537964,
                        1.0744086503982544,
                        1.2944657802581787,
                        1.4579174518585205,
                        1.542840838432312,
                        1.516231656074524,
                        1.6321386098861694,
                        1.734550952911377,
                        1.660036325454712,
                        1.6829297542572021,
                        1.6287460327148438,
                        1.5319163799285889,
                        1.5157206058502197,
                        1.5839433670043945,
                        1.6431849002838135,
                        1.5844686031341553,
                        1.6134963035583496,
                        1.5826929807662964
                    ],
                    [
                        -1.7090997695922852,
                        -1.5367357730865479,
                        -1.3734242916107178,
                        -1.444857120513916,
                        -1.6892082691192627,
                        -1.6680078506469727,
                        -1.720541000366211,
                        -1.7816039323806763,
                        -1.7670083045959473,
                        -1.763453483581543,
                        -1.803609013557434,
                        -1.9107543230056763,
                        -1.750461220741272,
                        -1.8458678722381592,
                        -1.8038231134414673,
                        -1.8910777568817139,
                        -1.9292967319488525,
                        -1.779181957244873,
                        -1.8194420337677002,
                        -1.7492594718933105
                    ]
                ]
            ],
            "states": [
                [
                    [
                        6621704.0,
                        1.1313585673633497e-05,
                        0.0001999229716602713,
                        484312.6875
                    ],
                    [
                        5593624.0,
                        1.1206535418750718e-05,
                        0.0002002958208322525,
                        482520.40625
                    ],
                    [
                        5813720.0,
                        1.1108420039818157e-05,
                        0.0002003357367357239,
                        504661.125
                    ],
                    [
                        6207576.0,
                        1.1006884960806929e-05,
                        0.00022690219338983297,
                        474948.0
                    ],
                    [
                        8008888.0,
                        1.0889214536291547e-05,
                        0.00020534798386506736,
                        464277.84375
                    ],
                    [
                        6072912.0,
                        1.0774994734674692e-05,
                        0.00021573639241978526,
                        487907.71875
                    ],
                    [
                        5771728.0,
                        1.0680801096896175e-05,
                        0.00024723794194869697,
                        495985.625
                    ],
                    [
                        6184408.0,
                        1.058739326253999e-05,
                        0.00024693002342246473,
                        490380.28125
                    ],
                    [
                        5453168.0,
                        1.0498003575776238e-05,
                        0.00023204070748761296,
                        479010.4375
                    ],
                    [
                        5473440.0,
                        1.0415451470180415e-05,
                        0.00018021401774603873,
                        503120.46875
                    ],
                    [
                        5495160.0,
                        1.0333877071388997e-05,
                        0.0002400711819063872,
                        501130.78125
                    ],
                    [
                        5522672.0,
                        1.0253213076794054e-05,
                        0.000246424344368279,
                        482833.53125
                    ],
                    [
                        5845344.0,
                        1.0171300345973577e-05,
                        0.0002318411279702559,
                        521404.9375
                    ],
                    [
                        5531592.0,
                        1.0090602700074669e-05,
                        0.00026174713275395334,
                        512859.59375
                    ],
                    [
                        5728288.0,
                        1.0011996891989838e-05,
                        0.0002589555806480348,
                        492848.15625
                    ],
                    [
                        8446184.0,
                        9.914833754010033e-06,
                        0.0002588448696769774,
                        439526.84375
                    ],
                    [
                        5611000.0,
                        9.82020083029056e-06,
                        0.0002629015070851892,
                        482211.375
                    ],
                    [
                        5854264.0,
                        9.744398084876593e-06,
                        0.00024613598361611366,
                        493941.5
                    ],
                    [
                        5595072.0,
                        9.669850442151073e-06,
                        0.00026028408319689333,
                        487503.5625
                    ],
                    [
                        5576248.0,
                        9.598206816008314e-06,
                        0.000249440228799358,
                        493113.71875
                    ]
                ]
            ],
            "actions": [
                [
                    [
                        0.25
                    ],
                    [
                        0.25
                    ],
                    [
                        0.25
                    ],
                    [
                        0.25
                    ],
                    [
                        0.25
                    ],
                    [
                        0.25
                    ],
                    [
                        0.25
                    ],
                    [
                        0.25
                    ],
                    [
                        0.25
                    ],
                    [
                        0.25
                    ],
                    [
                        0.25
                    ],
                    [
                        0.25
                    ],
                    [
                        0.25
                    ],
                    [
                        0.25
                    ],
                    [
                        0.25
                    ],
                    [
                        0.25
                    ],
                    [
                        0.25
                    ],
                    [
                        0.25
                    ],
                    [
                        0.25
                    ],
                    [
                        0.25
                    ]
                ]
            ],
            "returns": [
                [
                    [
                        0.22746260464191437
                    ],
                    [
                        0.22651013731956482
                    ],
                    [
                        0.2255726456642151
                    ],
                    [
                        0.22463172674179077
                    ],
                    [
                        0.22368499636650085
                    ],
                    [
                        0.22271567583084106
                    ],
                    [
                        0.22177089750766754
                    ],
                    [
                        0.22083061933517456
                    ],
                    [
                        0.2198842167854309
                    ],
                    [
                        0.21894897520542145
                    ],
                    [
                        0.21801340579986572
                    ],
                    [
                        0.21707747876644135
                    ],
                    [
                        0.21614111959934235
                    ],
                    [
                        0.21519970893859863
                    ],
                    [
                        0.2142632007598877
                    ],
                    [
                        0.21332359313964844
                    ],
                    [
                        0.2123495638370514
                    ],
                    [
                        0.21141178905963898
                    ],
                    [
                        0.2104702591896057
                    ],
                    [
                        0.2095327377319336
                    ]
                ]
            ],
            "timesteps": [
                [
                    380,
                    381,
                    382,
                    383,
                    384,
                    385,
                    386,
                    387,
                    388,
                    389,
                    390,
                    391,
                    392,
                    393,
                    394,
                    395,
                    396,
                    397,
                    398,
                    399
                ]
            ],
            "labels": [
                [
                    0,
                    0,
                    0,
                    0,
                    0,
                    0,
                    0,
                    0,
                    0,
                    0,
                    0,
                    0,
                    0,
                    0,
                    0,
                    0,
                    0,
                    0,
                    0,
                    0
                ]
            ],
            "CPU Usage": 45.0,
            "RAM Usage": 54.9,
            "GPU Usage": 0.0,
            "VRAM Usage": 355.0,
            "Disk Read Speed (MB/s)": 206568.1298828125,
            "Disk Write Speed (MB/s)": 395377.5166015625
        },
        {
            "step": 1,
            "train_loss": 0.055192261934280396,
            "actions_pred1": [
                [
                    [
                        0.6719188690185547,
                        0.4522186517715454,
                        1.6882398128509521,
                        -1.339616060256958
                    ],
                    [
                        0.6253840327262878,
                        0.5269544124603271,
                        1.5983202457427979,
                        -1.3899626731872559
                    ],
                    [
                        0.33016467094421387,
                        0.5771926641464233,
                        1.4492298364639282,
                        -1.5830931663513184
                    ],
                    [
                        0.1821995973587036,
                        0.5788536071777344,
                        1.4327548742294312,
                        -1.6392252445220947
                    ],
                    [
                        0.1256636083126068,
                        0.6265246868133545,
                        1.4049066305160522,
                        -1.6853018999099731
                    ],
                    [
                        0.05344465374946594,
                        0.5603005886077881,
                        1.4379558563232422,
                        -1.7419648170471191
                    ],
                    [
                        -0.013893097639083862,
                        0.5207597017288208,
                        1.501194953918457,
                        -1.8200621604919434
                    ],
                    [
                        -0.01811133325099945,
                        0.60749351978302,
                        1.5781725645065308,
                        -1.9404397010803223
                    ],
                    [
                        0.2591705620288849,
                        0.7112160921096802,
                        1.5408796072006226,
                        -1.980029821395874
                    ],
                    [
                        0.46322163939476013,
                        0.664764940738678,
                        1.497384786605835,
                        -2.122206211090088
                    ],
                    [
                        0.46814966201782227,
                        0.7214763164520264,
                        1.4173109531402588,
                        -2.1152658462524414
                    ],
                    [
                        0.48924148082733154,
                        0.727651059627533,
                        1.4978184700012207,
                        -2.160853624343872
                    ],
                    [
                        0.45473170280456543,
                        0.7850387096405029,
                        1.3656775951385498,
                        -2.119098663330078
                    ],
                    [
                        0.43823277950286865,
                        0.8176120519638062,
                        1.430164098739624,
                        -2.0432591438293457
                    ],
                    [
                        0.45950713753700256,
                        0.8603875637054443,
                        1.5323861837387085,
                        -2.1190922260284424
                    ],
                    [
                        0.39744502305984497,
                        0.8464095592498779,
                        1.5251688957214355,
                        -2.154963970184326
                    ],
                    [
                        0.43688949942588806,
                        0.7237944602966309,
                        1.4337067604064941,
                        -2.145899772644043
                    ],
                    [
                        0.17509698867797852,
                        0.8848563432693481,
                        1.561545729637146,
                        -2.2544026374816895
                    ],
                    [
                        0.16368600726127625,
                        0.9674006104469299,
                        1.5262832641601562,
                        -2.079723358154297
                    ],
                    [
                        0.2258148342370987,
                        0.9960352182388306,
                        1.4207053184509277,
                        -2.0326085090637207
                    ]
                ]
            ],
            "actions_pred": [
                [
                    [
                        0.6719188690185547,
                        0.6253840327262878,
                        0.33016467094421387,
                        0.1821995973587036,
                        0.1256636083126068,
                        0.05344465374946594,
                        -0.013893097639083862,
                        -0.01811133325099945,
                        0.2591705620288849,
                        0.46322163939476013,
                        0.46814966201782227,
                        0.48924148082733154,
                        0.45473170280456543,
                        0.43823277950286865,
                        0.45950713753700256,
                        0.39744502305984497,
                        0.43688949942588806,
                        0.17509698867797852,
                        0.16368600726127625,
                        0.2258148342370987
                    ],
                    [
                        0.4522186517715454,
                        0.5269544124603271,
                        0.5771926641464233,
                        0.5788536071777344,
                        0.6265246868133545,
                        0.5603005886077881,
                        0.5207597017288208,
                        0.60749351978302,
                        0.7112160921096802,
                        0.664764940738678,
                        0.7214763164520264,
                        0.727651059627533,
                        0.7850387096405029,
                        0.8176120519638062,
                        0.8603875637054443,
                        0.8464095592498779,
                        0.7237944602966309,
                        0.8848563432693481,
                        0.9674006104469299,
                        0.9960352182388306
                    ],
                    [
                        1.6882398128509521,
                        1.5983202457427979,
                        1.4492298364639282,
                        1.4327548742294312,
                        1.4049066305160522,
                        1.4379558563232422,
                        1.501194953918457,
                        1.5781725645065308,
                        1.5408796072006226,
                        1.497384786605835,
                        1.4173109531402588,
                        1.4978184700012207,
                        1.3656775951385498,
                        1.430164098739624,
                        1.5323861837387085,
                        1.5251688957214355,
                        1.4337067604064941,
                        1.561545729637146,
                        1.5262832641601562,
                        1.4207053184509277
                    ],
                    [
                        -1.339616060256958,
                        -1.3899626731872559,
                        -1.5830931663513184,
                        -1.6392252445220947,
                        -1.6853018999099731,
                        -1.7419648170471191,
                        -1.8200621604919434,
                        -1.9404397010803223,
                        -1.980029821395874,
                        -2.122206211090088,
                        -2.1152658462524414,
                        -2.160853624343872,
                        -2.119098663330078,
                        -2.0432591438293457,
                        -2.1190922260284424,
                        -2.154963970184326,
                        -2.145899772644043,
                        -2.2544026374816895,
                        -2.079723358154297,
                        -2.0326085090637207
                    ]
                ]
            ],
            "states": [
                [
                    [
                        10490760.0,
                        0.00010820227180374786,
                        0.00015429843915626407,
                        444121.375
                    ],
                    [
                        10112832.0,
                        9.372556087328121e-05,
                        0.00014512072084471583,
                        443784.5
                    ],
                    [
                        10076632.0,
                        8.28753545647487e-05,
                        0.00015239186177495867,
                        427008.3125
                    ],
                    [
                        10218536.0,
                        7.424143404932693e-05,
                        0.00013630501052830368,
                        433225.1875
                    ],
                    [
                        10903440.0,
                        6.698495417367667e-05,
                        0.0001300903531955555,
                        434838.78125
                    ],
                    [
                        10177992.0,
                        6.102009865571745e-05,
                        0.0001368058001389727,
                        431759.375
                    ],
                    [
                        10500896.0,
                        5.612600944004953e-05,
                        0.00014432381431106478,
                        435333.53125
                    ],
                    [
                        10752848.0,
                        5.185119152883999e-05,
                        0.00014270890096668154,
                        438961.46875
                    ],
                    [
                        10833936.0,
                        4.812757106265053e-05,
                        0.00014136718527879566,
                        432069.78125
                    ],
                    [
                        10654384.0,
                        4.491618892643601e-05,
                        0.00013239651161711663,
                        433675.4375
                    ],
                    [
                        10524064.0,
                        4.214471118757501e-05,
                        0.00014063461276236922,
                        436827.0
                    ],
                    [
                        8511344.0,
                        3.9926697354530916e-05,
                        0.00013637621304951608,
                        473364.125
                    ],
                    [
                        10828144.0,
                        3.790804112213664e-05,
                        0.00013436605513561517,
                        430273.59375
                    ],
                    [
                        10288040.0,
                        3.5919863876188174e-05,
                        0.00013586058048531413,
                        455927.09375
                    ],
                    [
                        9009456.0,
                        3.427618867135607e-05,
                        0.00013340605073608458,
                        453153.21875
                    ],
                    [
                        10348856.0,
                        3.2774834835436195e-05,
                        0.0001376099098706618,
                        434225.03125
                    ],
                    [
                        10166408.0,
                        3.131924677290954e-05,
                        0.00017068465240299702,
                        438236.6875
                    ],
                    [
                        10539992.0,
                        2.9976108635310084e-05,
                        0.0001329061051364988,
                        436937.3125
                    ],
                    [
                        10836832.0,
                        2.8705166187137365e-05,
                        0.00013878877507522702,
                        435041.5
                    ],
                    [
                        10188128.0,
                        2.755545938271098e-05,
                        0.00015914233517833054,
                        427912.71875
                    ]
                ]
            ],
            "actions": [
                [
                    [
                        0.25
                    ],
                    [
                        0.25
                    ],
                    [
                        0.25
                    ],
                    [
                        0.25
                    ],
                    [
                        0.25
                    ],
                    [
                        0.25
                    ],
                    [
                        0.25
                    ],
                    [
                        0.25
                    ],
                    [
                        0.25
                    ],
                    [
                        0.25
                    ],
                    [
                        0.25
                    ],
                    [
                        0.25
                    ],
                    [
                        0.25
                    ],
                    [
                        0.25
                    ],
                    [
                        0.25
                    ],
                    [
                        0.25
                    ],
                    [
                        0.25
                    ],
                    [
                        0.25
                    ],
                    [
                        0.25
                    ],
                    [
                        0.25
                    ]
                ]
            ],
            "returns": [
                [
                    [
                        0.2865329086780548
                    ],
                    [
                        0.2855396568775177
                    ],
                    [
                        0.28454965353012085
                    ],
                    [
                        0.28355997800827026
                    ],
                    [
                        0.2825690507888794
                    ],
                    [
                        0.2815724015235901
                    ],
                    [
                        0.28058183193206787
                    ],
                    [
                        0.2795884907245636
                    ],
                    [
                        0.2785930335521698
                    ],
                    [
                        0.27759695053100586
                    ],
                    [
                        0.2766023278236389
                    ],
                    [
                        0.27560877799987793
                    ],
                    [
                        0.27463406324386597
                    ],
                    [
                        0.2736380100250244
                    ],
                    [
                        0.2726464867591858
                    ],
                    [
                        0.2716667354106903
                    ],
                    [
                        0.2706746757030487
                    ],
                    [
                        0.26968422532081604
                    ],
                    [
                        0.2686905562877655
                    ],
                    [
                        0.2676944136619568
                    ]
                ]
            ],
            "timesteps": [
                [
                    320,
                    321,
                    322,
                    323,
                    324,
                    325,
                    326,
                    327,
                    328,
                    329,
                    330,
                    331,
                    332,
                    333,
                    334,
                    335,
                    336,
                    337,
                    338,
                    339
                ]
            ],
            "labels": [
                [
                    0,
                    0,
                    0,
                    0,
                    0,
                    0,
                    0,
                    0,
                    0,
                    0,
                    0,
                    0,
                    0,
                    0,
                    0,
                    0,
                    0,
                    0,
                    0,
                    0
                ]
            ],
            "CPU Usage": 46.7,
            "RAM Usage": 55.1,
            "GPU Usage": 0.0,
            "VRAM Usage": 355.0,
            "Disk Read Speed (MB/s)": 206568.1689453125,
            "Disk Write Speed (MB/s)": 395377.7158203125
        },
        {
            "step": 2,
            "train_loss": 0.054836712777614594,
            "actions_pred1": [
                [
                    [
                        0.06355827301740646,
                        0.39035093784332275,
                        1.3397310972213745,
                        -1.4321949481964111
                    ],
                    [
                        0.004541270434856415,
                        0.5390720367431641,
                        1.392565369606018,
                        -1.4943134784698486
                    ],
                    [
                        -0.03838872164487839,
                        0.6602807641029358,
                        1.3186261653900146,
                        -1.4797706604003906
                    ],
                    [
                        0.243086040019989,
                        0.6466964483261108,
                        1.2501299381256104,
                        -1.4734909534454346
                    ],
                    [
                        0.2638724148273468,
                        0.6599880456924438,
                        1.3240940570831299,
                        -1.7344180345535278
                    ],
                    [
                        0.47002243995666504,
                        0.8108968734741211,
                        1.3679348230361938,
                        -1.9949389696121216
                    ],
                    [
                        0.5107944011688232,
                        0.8931398391723633,
                        1.3823186159133911,
                        -1.9889189004898071
                    ],
                    [
                        0.3890504240989685,
                        1.1479430198669434,
                        1.4006249904632568,
                        -2.0419516563415527
                    ],
                    [
                        0.34846144914627075,
                        0.9957890510559082,
                        1.4443392753601074,
                        -1.8425403833389282
                    ],
                    [
                        0.33197879791259766,
                        1.0865910053253174,
                        1.3369979858398438,
                        -1.8699429035186768
                    ],
                    [
                        0.3356107473373413,
                        1.1179497241973877,
                        1.293941617012024,
                        -1.9921622276306152
                    ],
                    [
                        0.4304760694503784,
                        0.9994343519210815,
                        1.283029556274414,
                        -1.9469422101974487
                    ],
                    [
                        0.34605908393859863,
                        1.0124266147613525,
                        1.4189449548721313,
                        -1.9813365936279297
                    ],
                    [
                        0.4731485843658447,
                        1.1200505495071411,
                        1.4624136686325073,
                        -1.9928340911865234
                    ],
                    [
                        0.43033355474472046,
                        1.058517336845398,
                        1.3762340545654297,
                        -1.914866328239441
                    ],
                    [
                        0.4680677354335785,
                        1.0255926847457886,
                        1.4082119464874268,
                        -1.9650100469589233
                    ],
                    [
                        0.39617764949798584,
                        0.9749445915222168,
                        1.4029568433761597,
                        -1.94327974319458
                    ],
                    [
                        0.18930543959140778,
                        0.9230400919914246,
                        1.230965256690979,
                        -1.9240134954452515
                    ],
                    [
                        0.29341161251068115,
                        0.8982539772987366,
                        1.3216807842254639,
                        -1.8328745365142822
                    ],
                    [
                        0.32432791590690613,
                        1.0987857580184937,
                        1.3301472663879395,
                        -1.9074392318725586
                    ]
                ]
            ],
            "actions_pred": [
                [
                    [
                        0.06355827301740646,
                        0.004541270434856415,
                        -0.03838872164487839,
                        0.243086040019989,
                        0.2638724148273468,
                        0.47002243995666504,
                        0.5107944011688232,
                        0.3890504240989685,
                        0.34846144914627075,
