{
    "steps": [
        {
            "step": 0,
            "train_loss": 0.058685578405857086,
            "actions_pred1": [
                [
                    [
                        -0.13747766613960266,
                        -0.26120758056640625,
                        0.8419687151908875,
                        0.41559991240501404
                    ],
                    [
                        -0.2794731855392456,
                        -0.055644579231739044,
                        0.7554044127464294,
                        0.4648559093475342
                    ],
                    [
                        -0.31773072481155396,
                        -0.07344479858875275,
                        0.8608689308166504,
                        0.40817350149154663
                    ],
                    [
                        -0.18610414862632751,
                        -0.13039331138134003,
                        0.7950800061225891,
                        0.47596704959869385
                    ],
                    [
                        -0.27026432752609253,
                        -0.06524395197629929,
                        0.7797878980636597,
                        0.387289822101593
                    ],
                    [
                        -0.04428538680076599,
                        -0.1206359714269638,
                        0.7217360138893127,
                        0.571958601474762
                    ],
                    [
                        0.017898552119731903,
                        -0.09716368466615677,
                        0.7593504786491394,
                        0.6076421141624451
                    ],
                    [
                        0.00420379638671875,
                        -0.16119149327278137,
                        0.7793937921524048,
                        0.4023176431655884
                    ],
                    [
                        -0.030228570103645325,
                        -0.121343232691288,
                        0.8614568114280701,
                        0.3178315758705139
                    ],
                    [
                        -0.20659556984901428,
                        -0.0003463253378868103,
                        0.9381600618362427,
                        0.3759712874889374
                    ],
                    [
                        -0.23442703485488892,
                        -0.05513203889131546,
                        0.6167276501655579,
                        0.43406030535697937
                    ],
                    [
                        -0.2151620090007782,
                        -0.14816322922706604,
                        0.615037202835083,
                        0.541107177734375
                    ],
                    [
                        -0.21074353158473969,
                        -0.04776908457279205,
                        0.6350429058074951,
                        0.5901638865470886
                    ],
                    [
                        -0.20262190699577332,
                        -0.07922104001045227,
                        0.503794252872467,
                        0.6959303617477417
                    ],
                    [
                        -0.23001903295516968,
                        -0.1557655930519104,
                        0.5193594098091125,
                        0.6509901285171509
                    ],
                    [
                        -0.25104936957359314,
                        0.005286209285259247,
                        0.5255060791969299,
                        0.45066380500793457
                    ],
                    [
                        -0.25543344020843506,
                        -0.01123306155204773,
                        0.634117066860199,
                        0.4829414486885071
                    ],
                    [
                        -0.2720736861228943,
                        -0.05507715418934822,
                        0.6428691744804382,
                        0.6191197037696838
                    ],
                    [
                        -0.2876879572868347,
                        0.0003073886036872864,
                        0.6022406816482544,
                        0.6553643941879272
                    ],
                    [
                        -0.09278877079486847,
                        -0.08872535079717636,
                        0.4785040318965912,
                        0.5571541786193848
                    ]
                ]
            ],
            "actions_pred": [
                [
                    [
                        -0.13747766613960266,
                        -0.2794731855392456,
                        -0.31773072481155396,
                        -0.18610414862632751,
                        -0.27026432752609253,
                        -0.04428538680076599,
                        0.017898552119731903,
                        0.00420379638671875,
                        -0.030228570103645325,
                        -0.20659556984901428,
                        -0.23442703485488892,
                        -0.2151620090007782,
                        -0.21074353158473969,
                        -0.20262190699577332,
                        -0.23001903295516968,
                        -0.25104936957359314,
                        -0.25543344020843506,
                        -0.2720736861228943,
                        -0.2876879572868347,
                        -0.09278877079486847
                    ],
                    [
                        -0.26120758056640625,
                        -0.055644579231739044,
                        -0.07344479858875275,
                        -0.13039331138134003,
                        -0.06524395197629929,
                        -0.1206359714269638,
                        -0.09716368466615677,
                        -0.16119149327278137,
                        -0.121343232691288,
                        -0.0003463253378868103,
                        -0.05513203889131546,
                        -0.14816322922706604,
                        -0.04776908457279205,
                        -0.07922104001045227,
                        -0.1557655930519104,
                        0.005286209285259247,
                        -0.01123306155204773,
                        -0.05507715418934822,
                        0.0003073886036872864,
                        -0.08872535079717636
                    ],
                    [
                        0.8419687151908875,
                        0.7554044127464294,
                        0.8608689308166504,
                        0.7950800061225891,
                        0.7797878980636597,
                        0.7217360138893127,
                        0.7593504786491394,
                        0.7793937921524048,
                        0.8614568114280701,
                        0.9381600618362427,
                        0.6167276501655579,
                        0.615037202835083,
                        0.6350429058074951,
                        0.503794252872467,
                        0.5193594098091125,
                        0.5255060791969299,
                        0.634117066860199,
                        0.6428691744804382,
                        0.6022406816482544,
                        0.4785040318965912
                    ],
                    [
                        0.41559991240501404,
                        0.4648559093475342,
                        0.40817350149154663,
                        0.47596704959869385,
                        0.387289822101593,
                        0.571958601474762,
                        0.6076421141624451,
                        0.4023176431655884,
                        0.3178315758705139,
                        0.3759712874889374,
                        0.43406030535697937,
                        0.541107177734375,
                        0.5901638865470886,
                        0.6959303617477417,
                        0.6509901285171509,
                        0.45066380500793457,
                        0.4829414486885071,
                        0.6191197037696838,
                        0.6553643941879272,
                        0.5571541786193848
                    ]
                ]
            ],
            "states": [
                [
                    [
                        492320.0,
                        0.00014767394168302417,
                        0.018082506954669952,
                        363027.84375
                    ],
                    [
                        506800.0,
                        0.00014520809054374695,
                        0.01018515508621931,
                        441748.1875
                    ],
                    [
                        501008.0,
                        0.00014280257164500654,
                        0.009355437941849232,
                        481891.75
                    ],
                    [
                        543000.0,
                        0.00014039389498066157,
                        0.008023547939956188,
                        309271.0625
                    ],
                    [
                        571960.0,
                        0.00013790946104563773,
                        0.007616695482283831,
                        326690.1875
                    ],
                    [
                        626984.0,
                        0.00013533451419789344,
                        0.00705355079844594,
                        304830.28125
                    ],
                    [
                        582096.0,
                        0.00013283209409564734,
                        0.006484133191406727,
                        283344.0
                    ],
                    [
                        638568.0,
                        0.00013039908662904054,
                        0.005326922982931137,
                        341204.21875
                    ],
                    [
                        584992.0,
                        0.00012804687139578164,
                        0.005689277779310942,
                        350770.6875
                    ],
                    [
                        631328.0,
                        0.00012579229951370507,
                        0.0069713592529296875,
                        304207.3125
                    ],
                    [
                        438744.0,
                        0.00012387130118440837,
                        0.005918858107179403,
                        445445.40625
                    ],
                    [
                        682008.0,
                        0.00012192520807730034,
                        0.005743528250604868,
                        443906.625
                    ],
                    [
                        894864.0,
                        0.00011928792810067534,
                        0.007119554560631514,
                        502220.71875
                    ],
                    [
                        799296.0,
                        0.00011657496361294761,
                        0.006755398586392403,
                        559882.4375
                    ],
                    [
                        1003464.0,
                        0.000113823996798601,
                        0.007165591698139906,
                        431313.21875
                    ],
                    [
                        990432.0,
                        0.00011092599743278697,
                        0.006897749379277229,
                        501689.5625
                    ],
                    [
                        1185912.0,
                        0.00010792924149427563,
                        0.00677958969026804,
                        421160.84375
                    ],
                    [
                        1324920.0,
                        0.00010466613457538188,
                        0.006738434080034494,
                        445300.59375
                    ],
                    [
                        1403112.0,
                        0.00010133643809240311,
                        0.008364989422261715,
                        440591.6875
                    ],
                    [
                        1637688.0,
                        9.786803275346756e-05,
                        0.005549952387809753,
                        381840.25
                    ]
                ]
            ],
            "actions": [
                [
                    [
                        0.25
                    ],
                    [
                        0.25
                    ],
                    [
                        0.25
                    ],
                    [
                        0.25
                    ],
                    [
                        0.25
                    ],
                    [
                        0.25
                    ],
                    [
                        0.25
                    ],
                    [
                        0.25
                    ],
                    [
                        0.25
                    ],
                    [
                        0.25
                    ],
                    [
                        0.25
                    ],
                    [
                        0.25
                    ],
                    [
                        0.25
                    ],
                    [
                        0.25
                    ],
                    [
                        0.25
                    ],
                    [
                        0.25
                    ],
                    [
                        0.25
                    ],
                    [
                        0.25
                    ],
                    [
                        0.25
                    ],
                    [
                        0.25
                    ]
                ]
            ],
            "returns": [
                [
                    [
                        0.06894823163747787
                    ],
                    [
                        0.06822619587182999
                    ],
                    [
                        0.06750158965587616
                    ],
                    [
                        0.06677800416946411
                    ],
                    [
                        0.06604728102684021
                    ],
                    [
                        0.06531195342540741
                    ],
                    [
                        0.06456847488880157
                    ],
                    [
                        0.06383159011602402
                    ],
                    [
                        0.06308649480342865
                    ],
                    [
                        0.062349170446395874
                    ],
                    [
                        0.06160508468747139
                    ],
                    [
                        0.060893263667821884
                    ],
                    [
                        0.060142334550619125
                    ],
                    [
                        0.05936732143163681
                    ],
                    [
                        0.05860232189297676
                    ],
                    [
                        0.05781715363264084
                    ],
                    [
                        0.05703314393758774
                    ],
                    [
                        0.05623316764831543
                    ],
                    [
                        0.05542336031794548
                    ],
                    [
                        0.05460847169160843
                    ]
                ]
            ],
            "timesteps": [
                [
                    560,
                    561,
                    562,
                    563,
                    564,
                    565,
                    566,
                    567,
                    568,
                    569,
                    570,
                    571,
                    572,
                    573,
                    574,
                    575,
                    576,
                    577,
                    578,
                    579
                ]
            ],
            "labels": [
                [
                    0,
                    0,
                    0,
                    0,
                    0,
                    0,
                    0,
                    0,
                    0,
                    0,
                    0,
                    0,
                    0,
                    0,
                    0,
                    0,
                    0,
                    0,
                    0,
                    0
                ]
            ],
            "CPU Usage": 46.4,
            "RAM Usage": 55.5,
            "GPU Usage": 0.0,
            "VRAM Usage": 357.0,
            "Disk Read Speed (MB/s)": 205935.25,
            "Disk Write Speed (MB/s)": 317955.9150390625
        },
        {
            "step": 1,
            "train_loss": 0.0632939487695694,
            "actions_pred1": [
                [
                    [
                        -0.578221321105957,
                        0.06796427071094513,
                        0.8194622993469238,
                        0.58362877368927
                    ],
                    [
                        -0.5515209436416626,
                        -0.06528586149215698,
                        0.7986118793487549,
                        0.5419355630874634
                    ],
                    [
                        -0.47058725357055664,
                        -0.11263328790664673,
                        0.8394159078598022,
                        0.4295485317707062
                    ],
                    [
                        -0.42238107323646545,
                        -0.09343232959508896,
                        0.905190646648407,
                        0.6560051441192627
                    ],
                    [
                        -0.2805855870246887,
                        -0.10756523907184601,
                        0.9550872445106506,
                        0.6815376877784729
                    ],
                    [
                        -0.27297645807266235,
                        -0.04208508878946304,
                        0.8840310573577881,
                        0.6929397583007812
                    ],
                    [
                        -0.43891003727912903,
                        0.018984772264957428,
                        0.8507654070854187,
                        0.6106481552124023
                    ],
                    [
                        -0.4144098460674286,
                        -0.09055184572935104,
                        0.6754947304725647,
                        0.4968280494213104
                    ],
                    [
                        -0.3197067379951477,
                        -0.2199404537677765,
                        0.738634467124939,
                        0.6062159538269043
                    ],
                    [
                        -0.2397298514842987,
                        -0.031151652336120605,
                        0.7602474093437195,
                        0.5287344455718994
                    ],
                    [
                        -0.08493863046169281,
                        0.1028929352760315,
                        0.885315477848053,
                        0.6515774726867676
                    ],
                    [
                        -0.09641675651073456,
                        0.050900958478450775,
                        0.746392548084259,
                        0.6387419700622559
                    ],
                    [
                        -0.16878661513328552,
                        0.09827574342489243,
                        0.7612192630767822,
                        0.6314476132392883
                    ],
                    [
                        -0.24423983693122864,
                        0.027588769793510437,
                        0.8434383869171143,
                        0.6063830256462097
                    ],
                    [
                        -0.23705852031707764,
                        -0.06651094555854797,
                        0.6994304656982422,
                        0.5387810468673706
                    ],
                    [
                        -0.1894323229789734,
                        -0.08865873515605927,
                        0.6336013674736023,
                        0.5621069669723511
                    ],
                    [
                        -0.27885952591896057,
                        -0.011610478162765503,
                        0.7646709680557251,
                        0.5696729421615601
                    ],
                    [
                        -0.09710082411766052,
                        -0.0903492420911789,
                        0.6151770353317261,
                        0.6794973611831665
                    ],
                    [
                        -0.08810161054134369,
                        -0.17618051171302795,
                        0.42356234788894653,
                        0.8414026498794556
                    ],
                    [
                        -0.10637132823467255,
                        -0.13581442832946777,
                        0.6498034000396729,
                        0.7961122989654541
                    ]
                ]
            ],
            "actions_pred": [
                [
                    [
                        -0.578221321105957,
                        -0.5515209436416626,
                        -0.47058725357055664,
                        -0.42238107323646545,
                        -0.2805855870246887,
                        -0.27297645807266235,
                        -0.43891003727912903,
                        -0.4144098460674286,
                        -0.3197067379951477,
                        -0.2397298514842987,
                        -0.08493863046169281,
                        -0.09641675651073456,
                        -0.16878661513328552,
                        -0.24423983693122864,
                        -0.23705852031707764,
                        -0.1894323229789734,
                        -0.27885952591896057,
                        -0.09710082411766052,
                        -0.08810161054134369,
                        -0.10637132823467255
                    ],
                    [
                        0.06796427071094513,
                        -0.06528586149215698,
                        -0.11263328790664673,
                        -0.09343232959508896,
                        -0.10756523907184601,
                        -0.04208508878946304,
                        0.018984772264957428,
                        -0.09055184572935104,
                        -0.2199404537677765,
                        -0.031151652336120605,
                        0.1028929352760315,
                        0.050900958478450775,
                        0.09827574342489243,
                        0.027588769793510437,
                        -0.06651094555854797,
                        -0.08865873515605927,
                        -0.011610478162765503,
                        -0.0903492420911789,
                        -0.17618051171302795,
                        -0.13581442832946777
                    ],
                    [
                        0.8194622993469238,
                        0.7986118793487549,
                        0.8394159078598022,
                        0.905190646648407,
                        0.9550872445106506,
                        0.8840310573577881,
                        0.8507654070854187,
                        0.6754947304725647,
                        0.738634467124939,
                        0.7602474093437195,
                        0.885315477848053,
                        0.746392548084259,
                        0.7612192630767822,
                        0.8434383869171143,
                        0.6994304656982422,
                        0.6336013674736023,
                        0.7646709680557251,
                        0.6151770353317261,
                        0.42356234788894653,
                        0.6498034000396729
                    ],
                    [
                        0.58362877368927,
                        0.5419355630874634,
                        0.4295485317707062,
                        0.6560051441192627,
                        0.6815376877784729,
                        0.6929397583007812,
                        0.6106481552124023,
                        0.4968280494213104,
                        0.6062159538269043,
                        0.5287344455718994,
                        0.6515774726867676,
                        0.6387419700622559,
                        0.6314476132392883,
                        0.6063830256462097,
                        0.5387810468673706,
                        0.5621069669723511,
                        0.5696729421615601,
                        0.6794973611831665,
                        0.8414026498794556,
                        0.7961122989654541
                    ]
                ]
            ],
            "states": [
                [
                    [
                        1715880.0,
                        9.430604404769838e-05,
                        0.0053657107055187225,
                        470709.75
                    ],
                    [
                        1967832.0,
                        9.068279905477539e-05,
                        0.004402399994432926,
                        434480.75
                    ],
                    [
                        2130008.0,
                        8.69646537466906e-05,
                        0.004303366411477327,
                        508551.15625
                    ],
                    [
                        2267568.0,
                        8.329902630066499e-05,
                        0.003460775362327695,
                        467240.71875
                    ],
                    [
                        2448568.0,
                        7.969679427333176e-05,
                        0.003044134471565485,
                        537034.5
                    ],
                    [
                        2646944.0,
                        7.613936031702906e-05,
                        0.00288664479739964,
                        500456.03125
                    ],
                    [
                        1710088.0,
                        7.333141547860578e-05,
                        0.0027106136549264193,
                        490357.90625
                    ],
                    [
                        2580336.0,
                        7.077431655488908e-05,
                        0.0027518118731677532,
                        546850.6875
                    ],
                    [
                        2927856.0,
                        6.773720087949187e-05,
                        0.0026009255088865757,
                        496203.71875
                    ],
                    [
                        3168224.0,
                        6.466506602009758e-05,
                        0.002423960482701659,
                        507070.15625
                    ],
                    [
                        3505608.0,
                        6.160674092825502e-05,
                        0.002274049213156104,
                        516057.96875
                    ],
                    [
                        3553392.0,
                        5.866973879165016e-05,
                        0.0023237415589392185,
                        471484.09375
                    ],
                    [
                        4039920.0,
                        5.581038931268267e-05,
                        0.0021793735213577747,
                        501229.875
                    ],
                    [
                        4028336.0,
                        5.305969170876779e-05,
                        0.002523052040487528,
                        561908.75
                    ],
                    [
                        4312144.0,
                        5.04888485011179e-05,
                        0.002231767401099205,
                        502897.96875
                    ],
                    [
                        4776952.0,
                        4.795741187990643e-05,
                        0.0032643231097608805,
                        459673.25
                    ],
                    [
                        4743648.0,
                        4.5562293962575495e-05,
                        0.0020812072325497866,
                        515212.4375
                    ],
                    [
                        2971296.0,
                        4.3785152229247615e-05,
                        0.0015903349267318845,
                        502955.46875
                    ],
                    [
                        4981120.0,
                        4.21030999859795e-05,
                        0.0016534600872546434,
                        511202.4375
                    ],
                    [
                        4962296.0,
                        4.016688762931153e-05,
                        0.0014106292510405183,
                        493895.1875
                    ]
                ]
            ],
            "actions": [
                [
                    [
                        0.25
                    ],
                    [
                        0.25
                    ],
                    [
                        0.25
                    ],
                    [
                        0.25
                    ],
                    [
                        0.25
                    ],
                    [
                        0.25
                    ],
                    [
                        0.25
                    ],
                    [
                        0.25
                    ],
                    [
                        0.25
                    ],
                    [
                        0.25
                    ],
                    [
                        0.25
                    ],
                    [
                        0.25
                    ],
                    [
                        0.25
                    ],
                    [
                        0.25
                    ],
                    [
                        0.25
                    ],
                    [
                        0.25
                    ],
                    [
                        0.25
                    ],
                    [
                        0.25
                    ],
                    [
                        0.25
                    ],
                    [
                        0.25
                    ]
                ]
            ],
            "returns": [
                [
                    [
                        0.053779877722263336
                    ],
                    [
                        0.05294714868068695
                    ],
                    [
                        0.05210227146744728
                    ],
                    [
                        0.05125037208199501
                    ],
                    [
                        0.05039292573928833
                    ],
                    [
                        0.04952867329120636
                    ],
                    [
                        0.04865751042962074
                    ],
                    [
                        0.047825079411268234
                    ],
                    [
                        0.046956177800893784
                    ],
                    [
                        0.04607607424259186
                    ],
                    [
                        0.04518897458910942
                    ],
                    [
                        0.04429290443658829
                    ],
                    [
                        0.04339563474059105
                    ],
                    [
                        0.04248698428273201
                    ],
                    [
                        0.04157859459519386
                    ],
                    [
                        0.04066416248679161
                    ],
                    [
                        0.039740659296512604
                    ],
                    [
                        0.03881777450442314
                    ],
                    [
                        0.037936363369226456
                    ],
                    [
                        0.03700914978981018
                    ]
                ]
            ],
            "timesteps": [
                [
                    580,
                    581,
                    582,
                    583,
                    584,
                    585,
                    586,
                    587,
                    588,
                    589,
                    590,
                    591,
                    592,
                    593,
                    594,
                    595,
                    596,
                    597,
                    598,
                    599
                ]
            ],
            "labels": [
                [
                    0,
                    0,
                    0,
                    0,
                    0,
                    0,
                    0,
                    0,
                    0,
                    0,
                    0,
                    0,
                    0,
                    0,
                    0,
                    0,
                    0,
                    0,
                    0,
                    0
                ]
            ],
            "CPU Usage": 46.6,
            "RAM Usage": 55.7,
            "GPU Usage": 0.0,
            "VRAM Usage": 355.0,
            "Disk Read Speed (MB/s)": 205935.25,
            "Disk Write Speed (MB/s)": 317956.0751953125
        },
        {
            "step": 2,
            "train_loss": 0.031538497656583786,
            "actions_pred1": [
                [
                    [
                        -0.1912294626235962,
                        -0.0879402682185173,
                        0.8220691084861755,
                        0.6918376684188843
                    ],
                    [
                        -0.23457098007202148,
                        -0.11389894038438797,
                        0.7829859852790833,
                        0.6765179634094238
                    ],
                    [
                        -0.20658162236213684,
                        -0.1219966784119606,
                        0.6563541293144226,
                        0.6598232984542847
                    ],
                    [
                        -0.2297438681125641,
                        -0.25562119483947754,
                        0.5476444959640503,
                        0.4785849452018738
                    ],
                    [
                        -0.09708981961011887,
                        -0.2598304748535156,
                        0.5886347889900208,
                        0.4157599210739136
                    ],
                    [
                        -0.13828331232070923,
                        -0.2802746593952179,
                        0.538947582244873,
                        0.47964978218078613
                    ],
                    [
                        -0.16414490342140198,
                        -0.08651012182235718,
                        0.40513941645622253,
                        0.6272167563438416
                    ],
                    [
                        -0.13472512364387512,
                        -0.09789358824491501,
                        0.5591858625411987,
                        0.6295393705368042
                    ],
                    [
                        -0.09119415283203125,
                        -0.05611894279718399,
                        0.5635878443717957,
                        0.5358610153198242
                    ],
                    [
                        -0.18127238750457764,
                        -0.07273465394973755,
                        0.5737811326980591,
                        0.4567742347717285
                    ],
                    [
                        -0.19116976857185364,
                        -0.09497235715389252,
                        0.6250372529029846,
                        0.4855406880378723
                    ],
                    [
                        -0.24592167139053345,
                        -0.08093442022800446,
                        0.575644314289093,
                        0.46955400705337524
                    ],
                    [
                        -0.16113436222076416,
                        -0.12271565943956375,
                        0.7667487263679504,
                        0.37706172466278076
                    ],
                    [
                        -0.19121704995632172,
                        -0.09200453013181686,
                        0.7375596761703491,
                        0.41649389266967773
                    ],
                    [
                        -0.23706994950771332,
                        -0.07312135398387909,
                        0.6394467949867249,
                        0.43087098002433777
                    ],
                    [
                        -0.3283778131008148,
                        -0.06256827712059021,
                        0.7360392808914185,
                        0.35821545124053955
                    ],
                    [
                        -0.42050766944885254,
                        -0.029817573726177216,
                        0.7699123024940491,
                        0.3404354751110077
                    ],
                    [
                        -0.2505469024181366,
                        0.012254446744918823,
                        0.6974290013313293,
                        0.4100574851036072
                    ],
                    [
                        -0.31719228625297546,
                        -0.04447208344936371,
                        0.7176762819290161,
                        0.43763113021850586
                    ],
                    [
                        -0.34996646642684937,
                        -0.07546614855527878,
                        0.8048952221870422,
                        0.44530606269836426
                    ]
                ]
            ],
            "actions_pred": [
                [
                    [
                        -0.1912294626235962,
                        -0.23457098007202148,
                        -0.20658162236213684,
                        -0.2297438681125641,
                        -0.09708981961011887,
