{
    "steps": [
        {
            "step": 0,
            "train_loss": 0.05255571007728577,
            "actions_pred1": [
                [
                    [
                        0.16054370999336243,
                        -0.2445678412914276,
                        0.9516497850418091,
                        0.18853670358657837
                    ],
                    [
                        0.08850117027759552,
                        -0.20309007167816162,
                        1.0824815034866333,
                        0.13657861948013306
                    ],
                    [
                        0.02118237316608429,
                        -0.08188503980636597,
                        0.9660629630088806,
                        0.08508379757404327
                    ],
                    [
                        -0.22186234593391418,
                        0.026731671765446663,
                        1.0912292003631592,
                        -0.019634902477264404
                    ],
                    [
                        -0.11635249108076096,
                        0.08596374094486237,
                        0.9684848189353943,
                        0.16946515440940857
                    ],
                    [
                        -0.05740402638912201,
                        -0.043597735464572906,
                        0.7795785069465637,
                        0.08671954274177551
                    ],
                    [
                        -0.06779532879590988,
                        -0.05247083306312561,
                        0.808735191822052,
                        0.05520734190940857
                    ],
                    [
                        -0.07785020768642426,
                        0.16831281781196594,
                        0.9066049456596375,
                        0.10261619091033936
                    ],
                    [
                        -0.07355611771345139,
                        0.058290157467126846,
                        0.9299725294113159,
                        0.1399669349193573
                    ],
                    [
                        -0.04640279710292816,
                        0.03280607983469963,
                        0.9104882478713989,
                        0.08095279335975647
                    ],
                    [
                        -0.03381229192018509,
                        0.04958110675215721,
                        0.8788039088249207,
                        0.15973800420761108
                    ],
                    [
                        -0.02571355551481247,
                        0.09163399040699005,
                        0.8439487814903259,
                        0.13060778379440308
                    ],
                    [
                        -0.09472691267728806,
                        0.13609105348587036,
                        0.9274937510490417,
                        0.03974275290966034
                    ],
                    [
                        0.15381699800491333,
                        0.1818920373916626,
                        0.9293658137321472,
                        0.05388548970222473
                    ],
                    [
                        0.07923625409603119,
                        0.19905813038349152,
                        0.9426991939544678,
                        0.10784974694252014
                    ],
                    [
                        -0.011822439730167389,
                        0.09686329960823059,
                        0.9486348628997803,
                        0.09999093413352966
                    ],
                    [
                        -0.0548313707113266,
                        -0.018866606056690216,
                        1.0386252403259277,
                        0.10614019632339478
                    ],
                    [
                        -0.0022973567247390747,
                        -0.009920164942741394,
                        0.940854012966156,
                        0.12286117672920227
                    ],
                    [
                        0.06092038005590439,
                        0.04850657284259796,
                        1.0375463962554932,
                        0.06266319751739502
                    ],
                    [
                        0.06685385853052139,
                        0.03801891207695007,
                        1.137047529220581,
                        0.052740246057510376
                    ]
                ]
            ],
            "actions_pred": [
                [
                    [
                        0.16054370999336243,
                        0.08850117027759552,
                        0.02118237316608429,
                        -0.22186234593391418,
                        -0.11635249108076096,
                        -0.05740402638912201,
                        -0.06779532879590988,
                        -0.07785020768642426,
                        -0.07355611771345139,
                        -0.04640279710292816,
                        -0.03381229192018509,
                        -0.02571355551481247,
                        -0.09472691267728806,
                        0.15381699800491333,
                        0.07923625409603119,
                        -0.011822439730167389,
                        -0.0548313707113266,
                        -0.0022973567247390747,
                        0.06092038005590439,
                        0.06685385853052139
                    ],
                    [
                        -0.2445678412914276,
                        -0.20309007167816162,
                        -0.08188503980636597,
                        0.026731671765446663,
                        0.08596374094486237,
                        -0.043597735464572906,
                        -0.05247083306312561,
                        0.16831281781196594,
                        0.058290157467126846,
                        0.03280607983469963,
                        0.04958110675215721,
                        0.09163399040699005,
                        0.13609105348587036,
                        0.1818920373916626,
                        0.19905813038349152,
                        0.09686329960823059,
                        -0.018866606056690216,
                        -0.009920164942741394,
                        0.04850657284259796,
                        0.03801891207695007
                    ],
                    [
                        0.9516497850418091,
                        1.0824815034866333,
                        0.9660629630088806,
                        1.0912292003631592,
                        0.9684848189353943,
                        0.7795785069465637,
                        0.808735191822052,
                        0.9066049456596375,
                        0.9299725294113159,
                        0.9104882478713989,
                        0.8788039088249207,
                        0.8439487814903259,
                        0.9274937510490417,
                        0.9293658137321472,
                        0.9426991939544678,
                        0.9486348628997803,
                        1.0386252403259277,
                        0.940854012966156,
                        1.0375463962554932,
                        1.137047529220581
                    ],
                    [
                        0.18853670358657837,
                        0.13657861948013306,
                        0.08508379757404327,
                        -0.019634902477264404,
                        0.16946515440940857,
                        0.08671954274177551,
                        0.05520734190940857,
                        0.10261619091033936,
                        0.1399669349193573,
                        0.08095279335975647,
                        0.15973800420761108,
                        0.13060778379440308,
                        0.03974275290966034,
                        0.05388548970222473,
                        0.10784974694252014,
                        0.09999093413352966,
                        0.10614019632339478,
                        0.12286117672920227,
                        0.06266319751739502,
                        0.052740246057510376
                    ]
                ]
            ],
            "states": [
                [
                    [
                        5354704.0,
                        8.239823728217743e-06,
                        0.00025337765691801906,
                        501396.375
                    ],
                    [
                        6112008.0,
                        8.186386367015075e-06,
                        0.00023226119810715318,
                        493386.84375
                    ],
                    [
                        437474.0,
                        0.04059061408042908,
                        0.000310274597723037,
                        179519.703125
                    ],
                    [
                        742824.0,
                        0.00568061089143157,
                        0.00025462565827183425,
                        494869.5625
                    ],
                    [
                        1293064.0,
                        0.002463217591866851,
                        0.00027542549651116133,
                        568802.125
                    ],
                    [
                        2754096.0,
                        0.001175331766717136,
                        0.00025879128952510655,
                        506395.59375
                    ],
                    [
                        4959400.0,
                        0.0005831622984260321,
                        0.0002528103068470955,
                        510830.5
                    ],
                    [
                        7180632.0,
                        0.0003223789972253144,
                        0.00020026147831231356,
                        497092.78125
                    ],
                    [
                        10328584.0,
                        0.00019613979384303093,
                        0.00022364039614330977,
                        447740.25
                    ],
                    [
                        9514808.0,
                        0.00013474683510139585,
                        0.0002323320077266544,
                        458092.9375
                    ],
                    [
                        9614720.0,
                        0.00010378147271694615,
                        0.00023472661268897355,
                        451882.15625
                    ],
                    [
                        11055480.0,
                        8.32404475659132e-05,
                        0.00024062122975010425,
                        451078.96875
                    ],
                    [
                        10631216.0,
                        6.886368646519259e-05,
                        0.0001874879380920902,
                        454141.4375
                    ],
                    [
                        9736352.0,
                        5.92533870076295e-05,
                        0.00025532711879350245,
                        501440.96875
                    ],
                    [
                        5832544.0,
                        5.351470463210717e-05,
                        0.0002452299522701651,
                        514617.375
                    ],
                    [
                        4878312.0,
                        5.0193953939015046e-05,
                        0.00023082415282260627,
                        598373.25
                    ],
                    [
                        5687744.0,
                        4.730764703708701e-05,
                        0.00026125748991034925,
                        594833.125
                    ],
                    [
                        5154880.0,
                        4.466561586013995e-05,
                        0.00024003862927202135,
                        666985.1875
                    ],
                    [
                        5471992.0,
                        4.2350944568170235e-05,
                        0.00019315553072374314,
                        641558.875
                    ],
                    [
                        7102440.0,
                        3.9908583858050406e-05,
                        0.00022412248654291034,
                        477795.28125
                    ]
                ]
            ],
            "actions": [
                [
                    [
                        0.25
                    ],
                    [
                        0.25
                    ],
                    [
                        0.5
                    ],
                    [
                        0.5
                    ],
                    [
                        0.5
                    ],
                    [
                        0.5
                    ],
                    [
                        0.5
                    ],
                    [
                        0.5
                    ],
                    [
                        0.5
                    ],
                    [
                        0.5
                    ],
                    [
                        0.5
                    ],
                    [
                        0.5
                    ],
                    [
                        0.5
                    ],
                    [
                        0.5
                    ],
                    [
                        0.5
                    ],
                    [
                        0.5
                    ],
                    [
                        0.5
                    ],
                    [
                        0.5
                    ],
                    [
                        0.5
                    ],
                    [
                        0.5
                    ]
                ]
            ],
            "returns": [
                [
                    [
                        0.18974736332893372
                    ],
                    [
                        0.1888137310743332
                    ],
                    [
                        0.1878683865070343
                    ],
                    [
                        0.1871568113565445
                    ],
                    [
                        0.18639831244945526
                    ],
                    [
                        0.18559066951274872
                    ],
                    [
                        0.18471598625183105
                    ],
                    [
                        0.18378916382789612
                    ],
                    [
                        0.18282951414585114
                    ],
                    [
                        0.18183764815330505
                    ],
                    [
                        0.18085305392742157
                    ],
                    [
                        0.17986753582954407
                    ],
                    [
                        0.17886963486671448
                    ],
                    [
                        0.17787520587444305
                    ],
                    [
                        0.176888570189476
                    ],
                    [
                        0.17594735324382782
                    ],
                    [
                        0.17502199113368988
                    ],
                    [
                        0.17408300936222076
                    ],
                    [
                        0.17315275967121124
                    ],
                    [
                        0.1722172051668167
                    ]
                ]
            ],
            "timesteps": [
                [
                    420,
                    421,
                    422,
                    423,
                    424,
                    425,
                    426,
                    427,
                    428,
                    429,
                    430,
                    431,
                    432,
                    433,
                    434,
                    435,
                    436,
                    437,
                    438,
                    439
                ]
            ],
            "labels": [
                [
                    0,
                    0,
                    1,
                    1,
                    1,
                    1,
                    1,
                    1,
                    1,
                    1,
                    1,
                    1,
                    1,
                    1,
                    1,
                    1,
                    1,
                    1,
                    1,
                    1
                ]
            ],
            "CPU Usage": 45.8,
            "RAM Usage": 55.6,
            "GPU Usage": 0.0,
            "VRAM Usage": 355.0,
            "Disk Read Speed (MB/s)": 206025.3603515625,
            "Disk Write Speed (MB/s)": 347171.7626953125
        },
        {
            "step": 1,
            "train_loss": 0.048558976501226425,
            "actions_pred1": [
                [
                    [
                        -0.2480337917804718,
                        -0.2501850128173828,
                        0.24742546677589417,
                        0.028065860271453857
                    ],
                    [
                        -0.19098785519599915,
                        -0.2141648828983307,
                        0.5272154211997986,
                        0.06269529461860657
                    ],
                    [
                        -0.1116185188293457,
                        -0.1961127072572708,
                        0.4451894164085388,
                        -0.04547989368438721
                    ],
                    [
                        -0.0664132833480835,
                        -0.17562425136566162,
                        0.48453181982040405,
                        -0.12721958756446838
                    ],
                    [
                        0.050713226199150085,
                        -0.1620594561100006,
                        0.2379571795463562,
                        -0.317614883184433
                    ],
                    [
                        0.16028793156147003,
                        -0.03885369002819061,
                        0.41804081201553345,
                        -0.353519469499588
                    ],
                    [
                        0.16071759164333344,
                        0.07193208485841751,
                        0.5121042728424072,
                        -0.3575933277606964
                    ],
                    [
                        0.18243403732776642,
                        0.0829140692949295,
                        0.6079494953155518,
                        -0.14910253882408142
                    ],
                    [
                        0.009400784969329834,
                        0.0979243740439415,
                        0.48339343070983887,
                        -0.19719535112380981
                    ],
                    [
                        0.03939053416252136,
                        -0.018041640520095825,
                        0.7016823887825012,
                        -0.11940231919288635
                    ],
                    [
                        -0.020681917667388916,
                        -0.10693616420030594,
                        0.6479218006134033,
                        -0.15486162900924683
                    ],
                    [
                        -0.2150420993566513,
                        -0.09937703609466553,
                        0.639607310295105,
                        -0.14894631505012512
                    ],
                    [
                        -0.22703203558921814,
                        0.014778116717934608,
                        0.6811586022377014,
                        -0.10256308317184448
                    ],
                    [
                        -0.20557758212089539,
                        0.06925709545612335,
                        0.6830646991729736,
                        -0.048747479915618896
                    ],
                    [
                        -0.17512482404708862,
                        -0.0068602971732616425,
                        0.5931125283241272,
                        -0.0865602195262909
                    ],
                    [
                        -0.14016193151474,
                        0.05724292993545532,
                        0.5731695294380188,
                        -0.16340604424476624
                    ],
                    [
                        0.037642449140548706,
                        0.01727122813463211,
                        0.4992002248764038,
                        -0.1627340018749237
                    ],
                    [
                        -0.020123079419136047,
                        0.037729933857917786,
                        0.5632642507553101,
                        -0.04105547070503235
                    ],
                    [
                        -0.11750920861959457,
                        0.08305417001247406,
                        0.740415096282959,
                        -0.09211471676826477
                    ],
                    [
                        -0.0880403220653534,
                        -0.023536626249551773,
                        0.8770830035209656,
                        -0.10130548477172852
                    ]
                ]
            ],
            "actions_pred": [
                [
                    [
                        -0.2480337917804718,
                        -0.19098785519599915,
                        -0.1116185188293457,
                        -0.0664132833480835,
                        0.050713226199150085,
                        0.16028793156147003,
                        0.16071759164333344,
                        0.18243403732776642,
                        0.009400784969329834,
                        0.03939053416252136,
                        -0.020681917667388916,
                        -0.2150420993566513,
                        -0.22703203558921814,
                        -0.20557758212089539,
                        -0.17512482404708862,
                        -0.14016193151474,
                        0.037642449140548706,
                        -0.020123079419136047,
                        -0.11750920861959457,
                        -0.0880403220653534
                    ],
                    [
                        -0.2501850128173828,
                        -0.2141648828983307,
                        -0.1961127072572708,
                        -0.17562425136566162,
                        -0.1620594561100006,
                        -0.03885369002819061,
                        0.07193208485841751,
                        0.0829140692949295,
                        0.0979243740439415,
                        -0.018041640520095825,
                        -0.10693616420030594,
                        -0.09937703609466553,
                        0.014778116717934608,
                        0.06925709545612335,
                        -0.0068602971732616425,
                        0.05724292993545532,
                        0.01727122813463211,
                        0.037729933857917786,
                        0.08305417001247406,
                        -0.023536626249551773
                    ],
                    [
                        0.24742546677589417,
                        0.5272154211997986,
                        0.4451894164085388,
                        0.48453181982040405,
                        0.2379571795463562,
                        0.41804081201553345,
                        0.5121042728424072,
                        0.6079494953155518,
                        0.48339343070983887,
                        0.7016823887825012,
                        0.6479218006134033,
                        0.639607310295105,
                        0.6811586022377014,
                        0.6830646991729736,
                        0.5931125283241272,
                        0.5731695294380188,
                        0.4992002248764038,
                        0.5632642507553101,
                        0.740415096282959,
                        0.8770830035209656
                    ],
                    [
                        0.028065860271453857,
                        0.06269529461860657,
                        -0.04547989368438721,
                        -0.12721958756446838,
                        -0.317614883184433,
                        -0.353519469499588,
                        -0.3575933277606964,
                        -0.14910253882408142,
                        -0.19719535112380981,
                        -0.11940231919288635,
                        -0.15486162900924683,
                        -0.14894631505012512,
                        -0.10256308317184448,
                        -0.048747479915618896,
                        -0.0865602195262909,
                        -0.16340604424476624,
                        -0.1627340018749237,
                        -0.04105547070503235,
                        -0.09211471676826477,
                        -0.10130548477172852
                    ]
                ]
            ],
            "states": [
                [
                    [
                        6630392.0,
                        1.589785097166896e-05,
                        0.0030998915899544954,
                        575874.875
                    ],
                    [
                        6756368.0,
                        1.5517740393988788e-05,
                        0.00046779168769717216,
                        548346.8125
                    ],
                    [
                        6252464.0,
                        1.5165252079896163e-05,
                        0.0003139808541163802,
                        592422.1875
                    ],
                    [
                        6275632.0,
                        1.4840703443042003e-05,
                        0.0002766261750366539,
                        580548.75
                    ],
                    [
                        5845576.0,
                        1.4539574294758495e-05,
                        0.00026207882910966873,
                        570513.0
                    ],
                    [
                        6198888.0,
                        1.4252340406528674e-05,
                        0.00027697221958078444,
                        604356.0
                    ],
                    [
                        4525000.0,
                        1.4005720004206523e-05,
                        0.00037561735371127725,
                        519198.90625
                    ],
                    [
                        4878312.0,
                        1.3796614439343102e-05,
                        0.000348972505889833,
                        533459.0
                    ],
                    [
                        4776952.0,
                        1.3588255569629837e-05,
                        0.000344088242854923,
                        588163.3125
                    ],
                    [
                        4878312.0,
                        1.3386117643676698e-05,
                        0.00030916635296307504,
                        571568.5625
                    ],
                    [
                        4407712.0,
                        1.3197249245422427e-05,
                        0.00029186115716584027,
                        549308.25
                    ],
                    [
                        4623464.0,
                        1.3018668141739909e-05,
                        0.00031188191496767104,
                        567697.8125
                    ],
                    [
                        5241760.0,
                        1.2829074876208324e-05,
                        0.0003927450452465564,
                        616835.375
                    ],
                    [
                        4287528.0,
                        1.2650972166738939e-05,
                        0.00034627493005245924,
                        586416.5625
                    ],
                    [
                        4679936.0,
                        1.248793432750972e-05,
                        0.00028098482289351523,
                        591184.1875
                    ],
                    [
                        4293320.0,
                        1.2328885532042477e-05,
                        0.0002829945588018745,
                        595186.25
                    ],
                    [
                        2884416.0,
                        1.2204491213196889e-05,
                        0.00027779326774179935,
                        581960.9375
                    ],
                    [
                        4042816.0,
                        1.2086934475519229e-05,
                        0.00029917724896222353,
                        651221.5
                    ],
                    [
                        4267256.0,
                        1.1948805877182167e-05,
                        0.00037997434264980257,
                        587955.875
                    ],
                    [
                        4659664.0,
                        1.1803908819274511e-05,
                        0.00029415389872156084,
                        593533.5625
                    ]
                ]
            ],
            "actions": [
                [
                    [
                        0.5
                    ],
                    [
                        0.5
                    ],
                    [
                        0.5
                    ],
                    [
                        0.5
                    ],
                    [
                        0.5
                    ],
                    [
                        0.5
                    ],
                    [
                        0.5
                    ],
                    [
                        0.5
                    ],
                    [
                        0.5
                    ],
                    [
                        0.5
                    ],
                    [
                        0.5
                    ],
                    [
                        0.5
                    ],
                    [
                        0.5
                    ],
                    [
                        0.5
                    ],
                    [
                        0.5
                    ],
                    [
                        0.5
                    ],
                    [
                        0.5
                    ],
                    [
                        0.5
                    ],
                    [
                        0.5
                    ],
                    [
                        0.5
                    ]
                ]
            ],
            "returns": [
                [
                    [
                        0.4322150647640228
                    ],
                    [
                        0.4312624931335449
                    ],
                    [
                        0.4303082525730133
                    ],
                    [
                        0.42936089634895325
                    ],
                    [
                        0.42841318249702454
                    ],
                    [
                        0.427471786737442
                    ],
                    [
                        0.42652517557144165
                    ],
                    [
                        0.42560648918151855
                    ],
                    [
                        0.4246810972690582
                    ],
                    [
                        0.4237576127052307
                    ],
                    [
                        0.4228322505950928
                    ],
                    [
                        0.42191585898399353
                    ],
                    [
                        0.4209952652454376
                    ],
                    [
                        0.4200635254383087
                    ],
                    [
                        0.41914960741996765
                    ],
                    [
                        0.4182279109954834
                    ],
                    [
                        0.4173138737678528
                    ],
                    [
                        0.4164350926876068
                    ],
                    [
                        0.4155263900756836
                    ],
                    [
                        0.41461288928985596
                    ]
                ]
            ],
            "timesteps": [
                [
                    160,
                    161,
                    162,
                    163,
                    164,
                    165,
                    166,
                    167,
                    168,
                    169,
                    170,
                    171,
                    172,
                    173,
                    174,
                    175,
                    176,
                    177,
                    178,
                    179
                ]
            ],
            "labels": [
                [
                    1,
                    1,
                    1,
                    1,
                    1,
                    1,
                    1,
                    1,
                    1,
                    1,
                    1,
                    1,
                    1,
                    1,
                    1,
                    1,
                    1,
                    1,
                    1,
                    1
                ]
            ],
            "CPU Usage": 46.6,
            "RAM Usage": 55.8,
            "GPU Usage": 0.0,
            "VRAM Usage": 355.0,
            "Disk Read Speed (MB/s)": 206025.3603515625,
            "Disk Write Speed (MB/s)": 347171.9814453125
        },
        {
            "step": 2,
            "train_loss": 0.050660111010074615,
            "actions_pred1": [
                [
                    [
                        0.1000370979309082,
                        -0.16742229461669922,
                        0.9423918724060059,
                        -0.028088420629501343
                    ],
                    [
                        -0.028384260833263397,
                        0.04629509896039963,
                        0.8713492155075073,
                        0.03254625201225281
                    ],
                    [
                        -0.07812881469726562,
                        0.01856601983308792,
                        0.9747353792190552,
                        -0.0012150704860687256
                    ],
                    [
                        0.06188204884529114,
                        -0.03843069076538086,
                        0.9039364457130432,
                        0.07016259431838989
                    ],
                    [
                        -0.025356397032737732,
                        0.024811387062072754,
                        0.8889669179916382,
                        -0.027187436819076538
                    ],
                    [
                        0.20149199664592743,
                        -0.03122660517692566,
                        0.8183260560035706,
                        0.14741042256355286
                    ],
                    [
                        0.26868051290512085,
                        -0.008501537144184113,
                        0.8610764145851135,
                        0.17938783764839172
                    ],
                    [
                        0.259477436542511,
                        -0.07092775404453278,
                        0.8926181197166443,
                        -0.04055660963058472
                    ],
                    [
                        0.22799065709114075,
                        -0.02282409369945526,
                        0.9864794611930847,
                        -0.13179084658622742
                    ],
                    [
                        0.0440172478556633,
                        0.09662096202373505,
                        1.0599627494812012,
                        -0.06358569860458374
                    ],
                    [
                        0.014082185924053192,
                        0.04554840177297592,
                        0.7358531951904297,
                        -0.015100538730621338
                    ],
                    [
                        0.03879869729280472,
                        -0.04916198551654816,
                        0.7404559254646301,
                        0.09036615490913391
                    ],
                    [
                        0.04952544718980789,
                        0.049672871828079224,
                        0.7631415724754333,
                        0.1400262415409088
                    ],
                    [
                        0.05400890111923218,
                        0.02324622869491577,
                        0.6190887689590454,
                        0.25320369005203247
                    ],
                    [
                        0.02983555942773819,
                        -0.051297612488269806,
                        0.6386303901672363,
                        0.19330480694770813
                    ],
                    [
                        0.010175079107284546,
                        0.11587710678577423,
                        0.6454640626907349,
                        -0.021856099367141724
                    ],
                    [
                        0.006643399596214294,
                        0.09767082333564758,
                        0.7571552395820618,
                        0.006227225065231323
                    ],
                    [
                        -0.008196204900741577,
                        0.048046261072158813,
                        0.770607054233551,
                        0.14922001957893372
                    ],
                    [
                        -0.02190244197845459,
                        0.10187879204750061,
                        0.7267001271247864,
                        0.18817608058452606
                    ],
                    [
                        0.1740649938583374,
                        0.018348727375268936,
                        0.6105862259864807,
                        0.07923269271850586
                    ]
                ]
            ],
            "actions_pred": [
                [
                    [
                        0.1000370979309082,
                        -0.028384260833263397,
                        -0.07812881469726562,
