{
    "steps": [
        {
            "step": 0,
            "train_loss": 0.03414606675505638,
            "actions_pred1": [
                [
                    [
                        0.04692267253994942,
                        0.2498117834329605,
                        0.2614271342754364,
                        -0.8477192521095276
                    ],
                    [
                        0.13925516605377197,
                        0.28307971358299255,
                        0.4939175248146057,
                        -0.8778975009918213
                    ],
                    [
                        0.22668807208538055,
                        0.314464271068573,
                        0.32992932200431824,
                        -1.0763033628463745
                    ],
                    [
                        0.29878517985343933,
                        0.35327446460723877,
                        0.3697301745414734,
                        -1.1781728267669678
                    ],
                    [
                        0.4580259323120117,
                        0.41083070635795593,
                        0.11775314807891846,
                        -1.5380606651306152
                    ],
                    [
                        0.5975578427314758,
                        0.5131570100784302,
                        0.29867205023765564,
                        -1.5587486028671265
                    ],
                    [
                        0.5983810424804688,
                        0.6653848886489868,
                        0.35956403613090515,
                        -1.5423033237457275
                    ],
                    [
                        0.6463233232498169,
                        0.6862632036209106,
                        0.46132487058639526,
                        -1.311507225036621
                    ],
                    [
                        0.457710862159729,
                        0.693561851978302,
                        0.30729401111602783,
                        -1.3252618312835693
                    ],
                    [
                        0.48548927903175354,
                        0.5721625089645386,
                        0.5255919694900513,
                        -1.2444931268692017
                    ],
                    [
                        0.4288675785064697,
                        0.45512300729751587,
                        0.4722079932689667,
                        -1.246382236480713
                    ],
                    [
                        0.19986872375011444,
                        0.42395567893981934,
                        0.4535701870918274,
                        -1.1714445352554321
                    ],
                    [
                        0.1737823486328125,
                        0.5260313153266907,
                        0.5040758848190308,
                        -1.1133928298950195
                    ],
                    [
                        0.19685852527618408,
                        0.5866931676864624,
                        0.5107835531234741,
                        -1.0695037841796875
                    ],
                    [
                        0.24098022282123566,
                        0.5164490938186646,
                        0.4305068254470825,
                        -1.0602262020111084
                    ],
                    [
                        0.2779081165790558,
                        0.5792757272720337,
                        0.41154029965400696,
                        -1.1568156480789185
                    ],
                    [
                        0.4422364830970764,
                        0.5817141532897949,
                        0.3879784345626831,
                        -1.1935824155807495
                    ],
                    [
                        0.4125897288322449,
                        0.6034275889396667,
                        0.43676602840423584,
                        -1.0554304122924805
                    ],
                    [
                        0.31995028257369995,
                        0.5415678024291992,
                        0.616769552230835,
                        -1.210754156112671
                    ],
                    [
                        0.31451815366744995,
                        0.5084644556045532,
                        0.7238951325416565,
                        -1.107546329498291
                    ]
                ]
            ],
            "actions_pred": [
                [
                    [
                        0.04692267253994942,
                        0.13925516605377197,
                        0.22668807208538055,
                        0.29878517985343933,
                        0.4580259323120117,
                        0.5975578427314758,
                        0.5983810424804688,
                        0.6463233232498169,
                        0.457710862159729,
                        0.48548927903175354,
                        0.4288675785064697,
                        0.19986872375011444,
                        0.1737823486328125,
                        0.19685852527618408,
                        0.24098022282123566,
                        0.2779081165790558,
                        0.4422364830970764,
                        0.4125897288322449,
                        0.31995028257369995,
                        0.31451815366744995
                    ],
                    [
                        0.2498117834329605,
                        0.28307971358299255,
                        0.314464271068573,
                        0.35327446460723877,
                        0.41083070635795593,
                        0.5131570100784302,
                        0.6653848886489868,
                        0.6862632036209106,
                        0.693561851978302,
                        0.5721625089645386,
                        0.45512300729751587,
                        0.42395567893981934,
                        0.5260313153266907,
                        0.5866931676864624,
                        0.5164490938186646,
                        0.5792757272720337,
                        0.5817141532897949,
                        0.6034275889396667,
                        0.5415678024291992,
                        0.5084644556045532
                    ],
                    [
                        0.2614271342754364,
                        0.4939175248146057,
                        0.32992932200431824,
                        0.3697301745414734,
                        0.11775314807891846,
                        0.29867205023765564,
                        0.35956403613090515,
                        0.46132487058639526,
                        0.30729401111602783,
                        0.5255919694900513,
                        0.4722079932689667,
                        0.4535701870918274,
                        0.5040758848190308,
                        0.5107835531234741,
                        0.4305068254470825,
                        0.41154029965400696,
                        0.3879784345626831,
                        0.43676602840423584,
                        0.616769552230835,
                        0.7238951325416565
                    ],
                    [
                        -0.8477192521095276,
                        -0.8778975009918213,
                        -1.0763033628463745,
                        -1.1781728267669678,
                        -1.5380606651306152,
                        -1.5587486028671265,
                        -1.5423033237457275,
                        -1.311507225036621,
                        -1.3252618312835693,
                        -1.2444931268692017,
                        -1.246382236480713,
                        -1.1714445352554321,
                        -1.1133928298950195,
                        -1.0695037841796875,
                        -1.0602262020111084,
                        -1.1568156480789185,
                        -1.1935824155807495,
                        -1.0554304122924805,
                        -1.210754156112671,
                        -1.107546329498291
                    ]
                ]
            ],
            "states": [
                [
                    [
                        6630392.0,
                        1.589785097166896e-05,
                        0.0030998915899544954,
                        575874.875
                    ],
                    [
                        6756368.0,
                        1.5517740393988788e-05,
                        0.00046779168769717216,
                        548346.8125
                    ],
                    [
                        6252464.0,
                        1.5165252079896163e-05,
                        0.0003139808541163802,
                        592422.1875
                    ],
                    [
                        6275632.0,
                        1.4840703443042003e-05,
                        0.0002766261750366539,
                        580548.75
                    ],
                    [
                        5845576.0,
                        1.4539574294758495e-05,
                        0.00026207882910966873,
                        570513.0
                    ],
                    [
                        6198888.0,
                        1.4252340406528674e-05,
                        0.00027697221958078444,
                        604356.0
                    ],
                    [
                        4525000.0,
                        1.4005720004206523e-05,
                        0.00037561735371127725,
                        519198.90625
                    ],
                    [
                        4878312.0,
                        1.3796614439343102e-05,
                        0.000348972505889833,
                        533459.0
                    ],
                    [
                        4776952.0,
                        1.3588255569629837e-05,
                        0.000344088242854923,
                        588163.3125
                    ],
                    [
                        4878312.0,
                        1.3386117643676698e-05,
                        0.00030916635296307504,
                        571568.5625
                    ],
                    [
                        4407712.0,
                        1.3197249245422427e-05,
                        0.00029186115716584027,
                        549308.25
                    ],
                    [
                        4623464.0,
                        1.3018668141739909e-05,
                        0.00031188191496767104,
                        567697.8125
                    ],
                    [
                        5241760.0,
                        1.2829074876208324e-05,
                        0.0003927450452465564,
                        616835.375
                    ],
                    [
                        4287528.0,
                        1.2650972166738939e-05,
                        0.00034627493005245924,
                        586416.5625
                    ],
                    [
                        4679936.0,
                        1.248793432750972e-05,
                        0.00028098482289351523,
                        591184.1875
                    ],
                    [
                        4293320.0,
                        1.2328885532042477e-05,
                        0.0002829945588018745,
                        595186.25
                    ],
                    [
                        2884416.0,
                        1.2204491213196889e-05,
                        0.00027779326774179935,
                        581960.9375
                    ],
                    [
                        4042816.0,
                        1.2086934475519229e-05,
                        0.00029917724896222353,
                        651221.5
                    ],
                    [
                        4267256.0,
                        1.1948805877182167e-05,
                        0.00037997434264980257,
                        587955.875
                    ],
                    [
                        4659664.0,
                        1.1803908819274511e-05,
                        0.00029415389872156084,
                        593533.5625
                    ]
                ]
            ],
            "actions": [
                [
                    [
                        0.5
                    ],
                    [
                        0.5
                    ],
                    [
                        0.5
                    ],
                    [
                        0.5
                    ],
                    [
                        0.5
                    ],
                    [
                        0.5
                    ],
                    [
                        0.5
                    ],
                    [
                        0.5
                    ],
                    [
                        0.5
                    ],
                    [
                        0.5
                    ],
                    [
                        0.5
                    ],
                    [
                        0.5
                    ],
                    [
                        0.5
                    ],
                    [
                        0.5
                    ],
                    [
                        0.5
                    ],
                    [
                        0.5
                    ],
                    [
                        0.5
                    ],
                    [
                        0.5
                    ],
                    [
                        0.5
                    ],
                    [
                        0.5
                    ]
                ]
            ],
            "returns": [
                [
                    [
                        0.4322150647640228
                    ],
                    [
                        0.4312624931335449
                    ],
                    [
                        0.4303082525730133
                    ],
                    [
                        0.42936089634895325
                    ],
                    [
                        0.42841318249702454
                    ],
                    [
                        0.427471786737442
                    ],
                    [
                        0.42652517557144165
                    ],
                    [
                        0.42560648918151855
                    ],
                    [
                        0.4246810972690582
                    ],
                    [
                        0.4237576127052307
                    ],
                    [
                        0.4228322505950928
                    ],
                    [
                        0.42191585898399353
                    ],
                    [
                        0.4209952652454376
                    ],
                    [
                        0.4200635254383087
                    ],
                    [
                        0.41914960741996765
                    ],
                    [
                        0.4182279109954834
                    ],
                    [
                        0.4173138737678528
                    ],
                    [
                        0.4164350926876068
                    ],
                    [
                        0.4155263900756836
                    ],
                    [
                        0.41461288928985596
                    ]
                ]
            ],
            "timesteps": [
                [
                    160,
                    161,
                    162,
                    163,
                    164,
                    165,
                    166,
                    167,
                    168,
                    169,
                    170,
                    171,
                    172,
                    173,
                    174,
                    175,
                    176,
                    177,
                    178,
                    179
                ]
            ],
            "labels": [
                [
                    1,
                    1,
                    1,
                    1,
                    1,
                    1,
                    1,
                    1,
                    1,
                    1,
                    1,
                    1,
                    1,
                    1,
                    1,
                    1,
                    1,
                    1,
                    1,
                    1
                ]
            ],
            "CPU Usage": 46.2,
            "RAM Usage": 55.1,
            "GPU Usage": 0.0,
            "VRAM Usage": 355.0,
            "Disk Read Speed (MB/s)": 206066.5908203125,
            "Disk Write Speed (MB/s)": 370459.4736328125
        },
        {
            "step": 1,
            "train_loss": 0.033681318163871765,
            "actions_pred1": [
                [
                    [
                        0.34867948293685913,
                        0.5233299732208252,
                        0.6870372295379639,
                        -0.6559998989105225
                    ],
                    [
                        0.36208218336105347,
                        0.5476655960083008,
                        0.705851674079895,
                        -0.7026543021202087
                    ],
                    [
                        0.31670063734054565,
                        0.597888708114624,
                        0.7806017398834229,
                        -0.8521432280540466
                    ],
                    [
                        0.2059706151485443,
                        0.6231693029403687,
                        0.7239404320716858,
                        -0.8623775243759155
                    ],
                    [
                        0.18817400932312012,
                        0.8024230003356934,
                        0.6199305653572083,
                        -0.9251013994216919
                    ],
                    [
                        0.28227949142456055,
                        0.6941407918930054,
                        0.6626531481742859,
                        -0.8304418921470642
                    ],
                    [
                        0.40780526399612427,
                        0.7164901494979858,
                        0.573201060295105,
                        -0.7525583505630493
                    ],
                    [
                        0.12612174451351166,
                        0.7875024080276489,
                        0.8723769783973694,
                        -0.7567026615142822
                    ],
                    [
                        0.09856065362691879,
                        0.8577151298522949,
                        0.9540392756462097,
                        -0.7330438494682312
                    ],
                    [
                        -0.008689969778060913,
                        0.8020190000534058,
                        0.9676993489265442,
                        -0.7960739135742188
                    ],
                    [
                        -0.02089323103427887,
                        0.83063805103302,
                        1.0473875999450684,
                        -0.9444906711578369
                    ],
                    [
                        0.16110320389270782,
                        0.6986566185951233,
                        0.8781883120536804,
                        -0.792033851146698
                    ],
                    [
                        0.17601163685321808,
                        0.6486266255378723,
                        0.9266917705535889,
                        -0.883227527141571
                    ],
                    [
                        0.10778408497571945,
                        0.5337507724761963,
                        0.9418222308158875,
                        -0.8100629448890686
                    ],
                    [
                        0.27030491828918457,
                        0.6944184303283691,
                        0.8874971270561218,
                        -0.9288432598114014
                    ],
                    [
                        0.2826198935508728,
                        0.6450417041778564,
                        0.6898252367973328,
                        -0.7341887950897217
                    ],
                    [
                        0.3448268175125122,
                        0.6897707581520081,
                        0.6510576605796814,
                        -0.6751139760017395
                    ],
                    [
                        0.37060606479644775,
                        0.6600970029830933,
                        0.6270546913146973,
                        -0.714370608329773
                    ],
                    [
                        0.5129068493843079,
                        0.6514358520507812,
                        0.7493621110916138,
                        -0.7814680933952332
                    ],
                    [
                        0.3629511296749115,
                        0.7549335956573486,
                        0.730049192905426,
                        -0.7802491784095764
                    ]
                ]
            ],
            "actions_pred": [
                [
                    [
                        0.34867948293685913,
                        0.36208218336105347,
                        0.31670063734054565,
                        0.2059706151485443,
                        0.18817400932312012,
                        0.28227949142456055,
                        0.40780526399612427,
                        0.12612174451351166,
                        0.09856065362691879,
                        -0.008689969778060913,
                        -0.02089323103427887,
                        0.16110320389270782,
                        0.17601163685321808,
                        0.10778408497571945,
                        0.27030491828918457,
                        0.2826198935508728,
                        0.3448268175125122,
                        0.37060606479644775,
                        0.5129068493843079,
                        0.3629511296749115
                    ],
                    [
                        0.5233299732208252,
                        0.5476655960083008,
                        0.597888708114624,
                        0.6231693029403687,
                        0.8024230003356934,
                        0.6941407918930054,
                        0.7164901494979858,
                        0.7875024080276489,
                        0.8577151298522949,
                        0.8020190000534058,
                        0.83063805103302,
                        0.6986566185951233,
                        0.6486266255378723,
                        0.5337507724761963,
                        0.6944184303283691,
                        0.6450417041778564,
                        0.6897707581520081,
                        0.6600970029830933,
                        0.6514358520507812,
                        0.7549335956573486
                    ],
                    [
                        0.6870372295379639,
                        0.705851674079895,
                        0.7806017398834229,
                        0.7239404320716858,
                        0.6199305653572083,
                        0.6626531481742859,
                        0.573201060295105,
                        0.8723769783973694,
                        0.9540392756462097,
                        0.9676993489265442,
                        1.0473875999450684,
                        0.8781883120536804,
                        0.9266917705535889,
                        0.9418222308158875,
                        0.8874971270561218,
                        0.6898252367973328,
                        0.6510576605796814,
                        0.6270546913146973,
                        0.7493621110916138,
                        0.730049192905426
                    ],
                    [
                        -0.6559998989105225,
                        -0.7026543021202087,
                        -0.8521432280540466,
                        -0.8623775243759155,
                        -0.9251013994216919,
                        -0.8304418921470642,
                        -0.7525583505630493,
                        -0.7567026615142822,
                        -0.7330438494682312,
                        -0.7960739135742188,
                        -0.9444906711578369,
                        -0.792033851146698,
                        -0.883227527141571,
                        -0.8100629448890686,
                        -0.9288432598114014,
                        -0.7341887950897217,
                        -0.6751139760017395,
                        -0.714370608329773,
                        -0.7814680933952332,
                        -0.7802491784095764
                    ]
                ]
            ],
            "states": [
                [
                    [
                        5847024.0,
                        7.17427474228316e-06,
                        0.0002797465131152421,
                        862261.25
                    ],
                    [
                        5130264.0,
                        7.109771104296669e-06,
                        0.00027696648612618446,
                        791462.9375
                    ],
                    [
                        5460408.0,
                        7.0486535150848795e-06,
                        0.0002747685939539224,
                        848104.9375
                    ],
                    [
                        5159224.0,
                        6.988396307860967e-06,
                        0.000255326071055606,
                        826896.4375
                    ],
                    [
                        5280856.0,
                        6.9301599978643935e-06,
                        0.0002729953557718545,
                        850071.375
                    ],
                    [
                        5415520.0,
                        6.871501227578847e-06,
                        0.00026464968686923385,
                        894284.875
                    ],
                    [
                        5138952.0,
                        6.81457140672137e-06,
                        0.000260901142610237,
                        824406.5
                    ],
                    [
                        5364840.0,
                        6.758851213817252e-06,
                        0.00026091569452546537,
                        837380.25
                    ],
                    [
                        8605643.0,
                        0.0036125751212239265,
                        0.0002766261750366539,
                        462352.0625
                    ],
                    [
                        10015816.0,
                        0.00033437556703574955,
                        0.00026207882910966873,
                        482968.0625
                    ],
                    [
                        7806168.0,
                        0.00019468956452328712,
                        0.00027697221958078444,
                        473153.5
                    ],
                    [
                        6004856.0,
                        0.00014804340025875717,
                        0.00037561735371127725,
                        563905.9375
                    ],
                    [
                        3835752.0,
                        0.00012653775047510862,
                        0.000348972505889833,
                        546822.625
                    ],
                    [
                        693592.0,
                        0.00011859468213515356,
                        0.000344088242854923,
                        536207.0
                    ],
                    [
                        1136680.0,
                        0.00011570940841920674,
                        0.00030916635296307504,
                        532932.75
                    ],
                    [
                        755856.0,
                        0.0001128598305513151,
                        0.00029186115716584027,
                        668301.125
                    ],
                    [
                        573408.0,
                        0.00011094257206423208,
                        0.00031188191496767104,
                        741689.6875
                    ],
                    [
                        432952.0,
                        0.0001095341140171513,
                        0.0003927450452465564,
                        678985.1875
                    ],
                    [
                        1216320.0,
                        0.00010730996291385964,
                        0.00034627493005245924,
                        618105.1875
                    ],
                    [
                        4131144.0,
                        0.00010072957229567692,
                        0.00028098482289351523,
                        571491.4375
                    ]
                ]
            ],
            "actions": [
                [
                    [
                        0.75
                    ],
                    [
                        0.75
                    ],
                    [
                        0.75
                    ],
                    [
                        0.75
                    ],
                    [
                        0.75
                    ],
                    [
                        0.75
                    ],
                    [
                        0.75
                    ],
                    [
                        0.75
                    ],
                    [
                        0.5
                    ],
                    [
                        0.5
                    ],
                    [
                        0.5
                    ],
                    [
                        0.5
                    ],
                    [
                        0.5
                    ],
                    [
                        0.5
                    ],
                    [
                        0.5
                    ],
                    [
                        0.5
                    ],
                    [
                        0.5
                    ],
                    [
                        0.5
                    ],
                    [
                        0.5
                    ],
                    [
                        0.5
                    ]
                ]
            ],
            "returns": [
                [
                    [
                        0.48685410618782043
                    ],
                    [
                        0.4859126806259155
                    ],
                    [
                        0.48498284816741943
                    ],
                    [
                        0.4840475022792816
                    ],
                    [
                        0.48311716318130493
                    ],
                    [
                        0.4821847677230835
                    ],
                    [
                        0.481250137090683
                    ],
                    [
                        0.48032015562057495
                    ],
                    [
                        0.4793863594532013
                    ],
                    [
                        0.47841066122055054
                    ],
                    [
                        0.47742152214050293
                    ],
                    [
                        0.4764544665813446
                    ],
                    [
                        0.47551068663597107
                    ],
                    [
                        0.47460663318634033
                    ],
                    [
                        0.4738542139530182
                    ],
                    [
                        0.47305798530578613
                    ],
                    [
                        0.4722979664802551
                    ],
                    [
                        0.47156238555908203
                    ],
                    [
                        0.47085174918174744
                    ],
                    [
                        0.47004953026771545
                    ]
                ]
            ],
            "timesteps": [
                [
                    100,
                    101,
                    102,
                    103,
                    104,
                    105,
                    106,
                    107,
                    108,
                    109,
                    110,
                    111,
                    112,
                    113,
                    114,
                    115,
                    116,
                    117,
                    118,
                    119
                ]
            ],
            "labels": [
                [
                    2,
                    2,
                    2,
                    2,
                    2,
                    2,
                    2,
                    2,
                    1,
                    1,
                    1,
                    1,
                    1,
                    1,
                    1,
                    1,
                    1,
                    1,
                    1,
                    1
                ]
            ],
            "CPU Usage": 46.8,
            "RAM Usage": 55.3,
            "GPU Usage": 0.0,
            "VRAM Usage": 355.0,
            "Disk Read Speed (MB/s)": 206066.5908203125,
            "Disk Write Speed (MB/s)": 370459.5595703125
        },
        {
            "step": 2,
            "train_loss": 0.03883598744869232,
            "actions_pred1": [
                [
                    [
                        0.41624096035957336,
                        0.39170825481414795,
                        0.6049988269805908,
                        -0.5985598564147949
                    ],
                    [
                        0.36689263582229614,
                        0.5138336420059204,
                        0.6744343042373657,
                        -0.4013727009296417
                    ],
                    [
                        0.4431619346141815,
                        0.49940091371536255,
                        0.7561419010162354,
                        -0.5455176830291748
                    ],
                    [
                        0.44762617349624634,
                        0.4242783486843109,
                        0.799079418182373,
                        -0.631160318851471
                    ],
                    [
                        0.40650561451911926,
                        0.4931512475013733,
                        0.8863181471824646,
                        -0.6666474342346191
                    ],
                    [
                        0.2816122770309448,
                        0.5172934532165527,
                        0.6851323843002319,
                        -0.8483213186264038
                    ],
                    [
                        0.3913114070892334,
                        0.4653409719467163,
                        0.707917332649231,
                        -0.8161393404006958
                    ],
                    [
                        0.3877968192100525,
                        0.44483673572540283,
                        0.6790543794631958,
                        -0.7409262657165527
                    ],
                    [
                        0.4345077574253082,
                        0.44324228167533875,
                        0.5968340635299683,
                        -0.7620381116867065
                    ],
                    [
                        0.3325991928577423,
                        0.38736701011657715,
                        0.6597806215286255,
                        -0.7016781568527222
                    ],
                    [
                        0.40823566913604736,
                        0.4991604685783386,
                        0.673193097114563,
                        -0.748931884765625
                    ],
                    [
                        0.43101102113723755,
                        0.4967353343963623,
                        0.6528046727180481,
                        -0.8092324733734131
                    ],
                    [
                        0.3758705258369446,
                        0.47826504707336426,
                        0.636763334274292,
                        -0.8055381774902344
                    ],
                    [
                        0.3574729561805725,
                        0.560099184513092,
                        0.6932052373886108,
                        -0.8256278038024902
                    ],
                    [
                        0.45979100465774536,
                        0.45157063007354736,
                        0.8103247284889221,
                        -0.7573196887969971
                    ],
                    [
                        0.3759012520313263,
                        0.5083950757980347,
                        0.7484873533248901,
                        -0.7757487297058105
                    ],
                    [
                        0.2965492606163025,
                        0.5875336527824402,
                        0.7657519578933716,
                        -0.7976940274238586
                    ],
                    [
                        0.3695116639137268,
                        0.5467617511749268,
                        0.8571671843528748,
                        -0.768500030040741
                    ],
                    [
                        0.4237995743751526,
                        0.5537684559822083,
                        0.8445695638656616,
                        -0.7896463871002197
                    ],
                    [
                        0.30614498257637024,
                        0.5609248876571655,
                        0.8018319010734558,
                        -0.8906668424606323
                    ]
                ]
            ],
            "actions_pred": [
                [
                    [
                        0.41624096035957336,
                        0.36689263582229614,
                        0.4431619346141815,
                        0.44762617349624634,
                        0.40650561451911926,
                        0.2816122770309448,
                        0.3913114070892334,
                        0.3877968192100525,
                        0.4345077574253082,
                        0.3325991928577423,
