{
    "steps": [
        {
            "step": 0,
            "train_loss": 0.05178285762667656,
            "actions_pred1": [
                [
                    [
                        0.04873242974281311,
                        -0.24877960979938507,
                        0.5576047301292419,
                        0.3456762731075287
                    ],
                    [
                        -0.06783022731542587,
                        -0.013145163655281067,
                        0.7465430498123169,
                        0.43215876817703247
                    ],
                    [
                        -0.1692391037940979,
                        0.0935383141040802,
                        0.7217158079147339,
                        0.36242905259132385
                    ],
                    [
                        -0.17645639181137085,
                        0.06471560895442963,
                        0.7573316097259521,
                        0.3615315556526184
                    ],
                    [
                        -0.1283973753452301,
                        0.12287162244319916,
                        0.7794875502586365,
                        0.3085229992866516
                    ],
                    [
                        -0.08319124579429626,
                        0.05489350110292435,
                        0.6789546012878418,
                        0.2733917236328125
                    ],
                    [
                        -0.021921277046203613,
                        0.1005915179848671,
                        0.7504370212554932,
                        0.19206270575523376
                    ],
                    [
                        -0.014424830675125122,
                        0.057751044631004333,
                        0.6951607465744019,
                        0.2236643135547638
                    ],
                    [
                        -0.13734787702560425,
                        -0.012311279773712158,
                        0.7859621644020081,
                        0.15940681099891663
                    ],
                    [
                        -0.1349295824766159,
                        0.07799877971410751,
                        0.850089430809021,
                        0.12678349018096924
                    ],
                    [
                        -0.2598959803581238,
                        -0.053181007504463196,
                        0.9245302677154541,
                        -0.018241077661514282
                    ],
                    [
                        -0.3339044451713562,
                        -0.02917838841676712,
                        0.7837663292884827,
                        -0.06151905655860901
                    ],
                    [
                        -0.3166288733482361,
                        0.017686955630779266,
                        0.7666394114494324,
                        0.03748977184295654
                    ],
                    [
                        -0.25647544860839844,
                        0.07208028435707092,
                        0.8434095978736877,
                        0.11574500799179077
                    ],
                    [
                        -0.4061223864555359,
                        -0.2114405333995819,
                        0.8209037780761719,
                        0.010614395141601562
                    ],
                    [
                        -0.28239166736602783,
                        -0.21830931305885315,
                        0.7813899517059326,
                        0.03142702579498291
                    ],
                    [
                        -0.3007621169090271,
                        -0.09956858307123184,
                        0.8234066367149353,
                        0.0009821951389312744
                    ],
                    [
                        -0.31951630115509033,
                        -0.009627047926187515,
                        0.7430664300918579,
                        0.10888904333114624
                    ],
                    [
                        -0.24029824137687683,
                        -0.02890598028898239,
                        0.8390602469444275,
                        0.08153656125068665
                    ],
                    [
                        -0.2430172562599182,
                        -0.01869908720254898,
                        0.7956404089927673,
                        0.0780613124370575
                    ]
                ]
            ],
            "actions_pred": [
                [
                    [
                        0.04873242974281311,
                        -0.06783022731542587,
                        -0.1692391037940979,
                        -0.17645639181137085,
                        -0.1283973753452301,
                        -0.08319124579429626,
                        -0.021921277046203613,
                        -0.014424830675125122,
                        -0.13734787702560425,
                        -0.1349295824766159,
                        -0.2598959803581238,
                        -0.3339044451713562,
                        -0.3166288733482361,
                        -0.25647544860839844,
                        -0.4061223864555359,
                        -0.28239166736602783,
                        -0.3007621169090271,
                        -0.31951630115509033,
                        -0.24029824137687683,
                        -0.2430172562599182
                    ],
                    [
                        -0.24877960979938507,
                        -0.013145163655281067,
                        0.0935383141040802,
                        0.06471560895442963,
                        0.12287162244319916,
                        0.05489350110292435,
                        0.1005915179848671,
                        0.057751044631004333,
                        -0.012311279773712158,
                        0.07799877971410751,
                        -0.053181007504463196,
                        -0.02917838841676712,
                        0.017686955630779266,
                        0.07208028435707092,
                        -0.2114405333995819,
                        -0.21830931305885315,
                        -0.09956858307123184,
                        -0.009627047926187515,
                        -0.02890598028898239,
                        -0.01869908720254898
                    ],
                    [
                        0.5576047301292419,
                        0.7465430498123169,
                        0.7217158079147339,
                        0.7573316097259521,
                        0.7794875502586365,
                        0.6789546012878418,
                        0.7504370212554932,
                        0.6951607465744019,
                        0.7859621644020081,
                        0.850089430809021,
                        0.9245302677154541,
                        0.7837663292884827,
                        0.7666394114494324,
                        0.8434095978736877,
                        0.8209037780761719,
                        0.7813899517059326,
                        0.8234066367149353,
                        0.7430664300918579,
                        0.8390602469444275,
                        0.7956404089927673
                    ],
                    [
                        0.3456762731075287,
                        0.43215876817703247,
                        0.36242905259132385,
                        0.3615315556526184,
                        0.3085229992866516,
                        0.2733917236328125,
                        0.19206270575523376,
                        0.2236643135547638,
                        0.15940681099891663,
                        0.12678349018096924,
                        -0.018241077661514282,
                        -0.06151905655860901,
                        0.03748977184295654,
                        0.11574500799179077,
                        0.010614395141601562,
                        0.03142702579498291,
                        0.0009821951389312744,
                        0.10888904333114624,
                        0.08153656125068665,
                        0.0780613124370575
                    ]
                ]
            ],
            "states": [
                [
                    [
                        6436360.0,
                        3.756791920750402e-05,
                        0.00023788119142409414,
                        525420.0
                    ],
                    [
                        5822408.0,
                        3.5673747333930805e-05,
                        0.0002484873402863741,
                        540076.8125
                    ],
                    [
                        6120696.0,
                        3.400527930352837e-05,
                        0.00025739934062585235,
                        546681.375
                    ],
                    [
                        6143632.0,
                        3.2446547265863046e-05,
                        0.00019004895875696093,
                        549135.1875
                    ],
                    [
                        6290344.0,
                        3.100591857219115e-05,
                        0.00022606240236200392,
                        515628.96875
                    ],
                    [
                        7225288.0,
                        2.9579521651612595e-05,
                        0.0002532026555854827,
                        501138.75
                    ],
                    [
                        5695216.0,
                        2.8330134227871895e-05,
                        0.0002667571825440973,
                        501280.09375
                    ],
                    [
                        6048296.0,
                        2.72848174063256e-05,
                        0.00026687141507864,
                        520591.84375
                    ],
                    [
                        5956840.0,
                        2.6292696929886006e-05,
                        0.0002529114135541022,
                        510954.5
                    ],
                    [
                        5511320.0,
                        2.5409783120267093e-05,
                        0.0002583715249784291,
                        498321.25
                    ],
                    [
                        7421000.0,
                        2.448467603244353e-05,
                        0.001365873496979475,
                        470548.53125
                    ],
                    [
                        6653560.0,
                        2.3549235265818425e-05,
                        0.0008239395683631301,
                        489404.40625
                    ],
                    [
                        5919424.0,
                        2.2772055672248825e-05,
                        0.0005388445570133626,
                        494672.6875
                    ],
                    [
                        6049744.0,
                        2.2078909751144238e-05,
                        0.0005018769879825413,
                        522203.84375
                    ],
                    [
                        5699328.0,
                        2.1438178009702824e-05,
                        0.0005396626074798405,
                        525676.375
                    ],
                    [
                        5907840.0,
                        2.084095285681542e-05,
                        0.00039070475031621754,
                        484434.71875
                    ],
                    [
                        7654128.0,
                        2.0184714230708778e-05,
                        0.00037147922557778656,
                        485244.75
                    ],
                    [
                        6171376.0,
                        1.9555423932615668e-05,
                        0.00035373689024709165,
                        520211.9375
                    ],
                    [
                        5359048.0,
                        1.9060054910369217e-05,
                        0.0003472233365755528,
                        514446.75
                    ],
                    [
                        5344568.0,
                        1.8622442439664155e-05,
                        0.00021890846255701035,
                        526664.75
                    ]
                ]
            ],
            "actions": [
                [
                    [
                        0.5
                    ],
                    [
                        0.5
                    ],
                    [
                        0.5
                    ],
                    [
                        0.5
                    ],
                    [
                        0.5
                    ],
                    [
                        0.5
                    ],
                    [
                        0.5
                    ],
                    [
                        0.5
                    ],
                    [
                        0.5
                    ],
                    [
                        0.5
                    ],
                    [
                        0.5
                    ],
                    [
                        0.5
                    ],
                    [
                        0.5
                    ],
                    [
                        0.5
                    ],
                    [
                        0.5
                    ],
                    [
                        0.5
                    ],
                    [
                        0.5
                    ],
                    [
                        0.5
                    ],
                    [
                        0.5
                    ],
                    [
                        0.5
                    ]
                ]
            ],
            "returns": [
                [
                    [
                        0.17125853896141052
                    ],
                    [
                        0.17030860483646393
                    ],
                    [
                        0.16936755180358887
                    ],
                    [
                        0.16842207312583923
                    ],
                    [
                        0.16747625172138214
                    ],
                    [
                        0.1665283590555191
                    ],
                    [
                        0.16556815803050995
                    ],
                    [
                        0.16462907195091248
                    ],
                    [
                        0.1636846512556076
                    ],
                    [
                        0.16274157166481018
                    ],
                    [
                        0.1618053913116455
                    ],
                    [
                        0.16084282100200653
                    ],
                    [
                        0.15988995134830475
                    ],
                    [
                        0.1589474231004715
                    ],
                    [
                        0.15800298750400543
                    ],
                    [
                        0.157063826918602
                    ],
                    [
                        0.15612147748470306
                    ],
                    [
                        0.1551561802625656
                    ],
                    [
                        0.15420997142791748
                    ],
                    [
                        0.153276264667511
                    ]
                ]
            ],
            "timesteps": [
                [
                    440,
                    441,
                    442,
                    443,
                    444,
                    445,
                    446,
                    447,
                    448,
                    449,
                    450,
                    451,
                    452,
                    453,
                    454,
                    455,
                    456,
                    457,
                    458,
                    459
                ]
            ],
            "labels": [
                [
                    1,
                    1,
                    1,
                    1,
                    1,
                    1,
                    1,
                    1,
                    1,
                    1,
                    1,
                    1,
                    1,
                    1,
                    1,
                    1,
                    1,
                    1,
                    1,
                    1
                ]
            ],
            "CPU Usage": 46.0,
            "RAM Usage": 55.5,
            "GPU Usage": 0.0,
            "VRAM Usage": 356.0,
            "Disk Read Speed (MB/s)": 206024.7548828125,
            "Disk Write Speed (MB/s)": 342020.6611328125
        },
        {
            "step": 1,
            "train_loss": 0.03138776496052742,
            "actions_pred1": [
                [
                    [
                        0.14226770401000977,
                        -0.04190632700920105,
                        0.5173799991607666,
                        0.2245739847421646
                    ],
                    [
                        -0.1342877745628357,
                        0.2699374556541443,
                        0.689271867275238,
                        0.0935329794883728
                    ],
                    [
                        -0.06856156885623932,
                        0.13220486044883728,
                        0.7173019647598267,
                        0.35780227184295654
                    ],
                    [
                        0.024783894419670105,
                        -0.18909963965415955,
                        0.4554651379585266,
                        0.16307322680950165
                    ],
                    [
                        -0.10983352363109589,
                        0.0019379258155822754,
                        0.41124269366264343,
                        0.33917421102523804
                    ],
                    [
                        -0.1547798365354538,
                        0.15755146741867065,
                        0.5914016366004944,
                        0.26441681385040283
                    ],
                    [
                        -0.13173659145832062,
                        0.13913241028785706,
                        0.5857436060905457,
                        0.27360397577285767
                    ],
                    [
                        -0.31094202399253845,
                        0.13744020462036133,
                        0.5113715529441833,
                        0.4248831570148468
                    ],
                    [
                        -0.46627673506736755,
                        0.10769021511077881,
                        0.6025260090827942,
                        0.394389271736145
                    ],
                    [
                        -0.48956063389778137,
                        0.038915567100048065,
                        0.6307541131973267,
                        0.35631707310676575
                    ],
                    [
                        -0.42295899987220764,
                        0.12442988157272339,
                        0.5307326316833496,
                        0.35510697960853577
                    ],
                    [
                        -0.5086342692375183,
                        0.10933108627796173,
                        0.545632004737854,
                        0.2875654995441437
                    ],
                    [
                        -0.6723997592926025,
                        0.007669564336538315,
                        0.7468689680099487,
                        0.17040717601776123
                    ],
                    [
                        -0.4109492599964142,
                        0.0144919753074646,
                        0.782817006111145,
                        0.2851616144180298
                    ],
                    [
                        -0.374921977519989,
                        -0.02569042146205902,
                        0.6397842168807983,
                        0.24863314628601074
                    ],
                    [
                        -0.524232804775238,
                        -0.020151842385530472,
                        0.6232444047927856,
                        0.2321147620677948
                    ],
                    [
                        -0.42795640230178833,
                        0.13823814690113068,
                        0.7015676498413086,
                        0.3417491316795349
                    ],
                    [
                        -0.4212067127227783,
                        0.13705769181251526,
                        0.7172359824180603,
                        0.3205191493034363
                    ],
                    [
                        -0.4240536093711853,
                        0.1571483612060547,
                        0.5998872518539429,
                        0.3963915705680847
                    ],
                    [
                        -0.3355608880519867,
                        0.18910980224609375,
                        0.6372656226158142,
                        0.4081415832042694
                    ]
                ]
            ],
            "actions_pred": [
                [
                    [
                        0.14226770401000977,
                        -0.1342877745628357,
                        -0.06856156885623932,
                        0.024783894419670105,
                        -0.10983352363109589,
                        -0.1547798365354538,
                        -0.13173659145832062,
                        -0.31094202399253845,
                        -0.46627673506736755,
                        -0.48956063389778137,
                        -0.42295899987220764,
                        -0.5086342692375183,
                        -0.6723997592926025,
                        -0.4109492599964142,
                        -0.374921977519989,
                        -0.524232804775238,
                        -0.42795640230178833,
                        -0.4212067127227783,
                        -0.4240536093711853,
                        -0.3355608880519867
                    ],
                    [
                        -0.04190632700920105,
                        0.2699374556541443,
                        0.13220486044883728,
                        -0.18909963965415955,
                        0.0019379258155822754,
                        0.15755146741867065,
                        0.13913241028785706,
                        0.13744020462036133,
                        0.10769021511077881,
                        0.038915567100048065,
                        0.12442988157272339,
                        0.10933108627796173,
                        0.007669564336538315,
                        0.0144919753074646,
                        -0.02569042146205902,
                        -0.020151842385530472,
                        0.13823814690113068,
                        0.13705769181251526,
                        0.1571483612060547,
                        0.18910980224609375
                    ],
                    [
                        0.5173799991607666,
                        0.689271867275238,
                        0.7173019647598267,
                        0.4554651379585266,
                        0.41124269366264343,
                        0.5914016366004944,
                        0.5857436060905457,
                        0.5113715529441833,
                        0.6025260090827942,
                        0.6307541131973267,
                        0.5307326316833496,
                        0.545632004737854,
                        0.7468689680099487,
                        0.782817006111145,
                        0.6397842168807983,
                        0.6232444047927856,
                        0.7015676498413086,
                        0.7172359824180603,
                        0.5998872518539429,
                        0.6372656226158142
                    ],
                    [
                        0.2245739847421646,
                        0.0935329794883728,
                        0.35780227184295654,
                        0.16307322680950165,
                        0.33917421102523804,
                        0.26441681385040283,
                        0.27360397577285767,
                        0.4248831570148468,
                        0.394389271736145,
                        0.35631707310676575,
                        0.35510697960853577,
                        0.2875654995441437,
                        0.17040717601776123,
                        0.2851616144180298,
                        0.24863314628601074,
                        0.2321147620677948,
                        0.3417491316795349,
                        0.3205191493034363,
                        0.3963915705680847,
                        0.4081415832042694
                    ]
                ]
            ],
            "states": [
                [
                    [
                        5057864.0,
                        2.556295476097148e-05,
                        0.00012937834253534675,
                        777561.25
                    ],
                    [
                        5348912.0,
                        2.480310831742827e-05,
                        0.00013201982073951513,
                        791966.9375
                    ],
                    [
                        5101304.0,
                        2.4083872631308623e-05,
                        0.00013791865785606205,
                        790369.0625
                    ],
                    [
                        5538600.0,
                        2.3393640731228516e-05,
                        0.00014453318726737052,
                        780343.4375
                    ],
                    [
                        5412624.0,
                        2.272302663186565e-05,
                        0.00014699026360176504,
                        758450.9375
                    ],
                    [
                        5321400.0,
                        2.2102101866039447e-05,
                        0.00016071676509454846,
                        845866.875
                    ],
                    [
                        5683400.0,
                        2.1499938156921417e-05,
                        0.00016249381587840617,
                        821531.0
                    ],
                    [
                        5282304.0,
                        2.0931340259267017e-05,
                        0.0001488575799157843,
                        840709.875
                    ],
                    [
                        5545840.0,
                        2.0398911146912724e-05,
                        0.00016087492986116558,
                        823198.9375
                    ],
                    [
                        5474888.0,
                        1.9883997083525173e-05,
                        0.00016716374375391752,
                        838579.125
                    ],
                    [
                        5364840.0,
                        1.9402330508455634e-05,
                        0.00019032474665436894,
                        800380.6875
                    ],
                    [
                        5569008.0,
                        1.8939608708024025e-05,
                        0.00018542619363870472,
                        823891.875
                    ],
                    [
                        5332984.0,
                        1.849955879151821e-05,
                        0.000198170033399947,
                        846311.4375
                    ],
                    [
                        5224384.0,
                        1.8092512618750334e-05,
                        0.0001916241308208555,
                        900435.5625
                    ],
                    [
                        5133160.0,
                        1.771021015883889e-05,
                        0.0002063407882815227,
                        866428.5625
                    ],
                    [
                        5361944.0,
                        1.733909812173806e-05,
                        0.00023895764024928212,
                        862112.4375
                    ],
                    [
                        5535704.0,
                        1.6969803255051374e-05,
                        0.00025051896227523685,
                        868913.125
                    ],
                    [
                        5189632.0,
                        1.662127579038497e-05,
                        0.0002676467993296683,
                        810234.1875
                    ],
                    [
                        5453168.0,
                        1.6289424820570275e-05,
                        0.0002700872428249568,
                        842694.5
                    ],
                    [
                        5334432.0,
                        1.5966239516274072e-05,
                        0.0002660537720657885,
                        825795.9375
                    ]
                ]
            ],
            "actions": [
                [
                    [
                        0.75
                    ],
                    [
                        0.75
                    ],
                    [
                        0.75
                    ],
                    [
                        0.75
                    ],
                    [
                        0.75
                    ],
                    [
                        0.75
                    ],
                    [
                        0.75
                    ],
                    [
                        0.75
                    ],
                    [
                        0.75
                    ],
                    [
                        0.75
                    ],
                    [
                        0.75
                    ],
                    [
                        0.75
                    ],
                    [
                        0.75
                    ],
                    [
                        0.75
                    ],
                    [
                        0.75
                    ],
                    [
                        0.75
                    ],
                    [
                        0.75
                    ],
                    [
                        0.75
                    ],
                    [
                        0.75
                    ],
                    [
                        0.75
                    ]
                ]
            ],
            "returns": [
                [
                    [
                        0.5615583062171936
                    ],
                    [
                        0.5606297850608826
                    ],
                    [
                        0.5596962571144104
                    ],
                    [
                        0.5587669014930725
                    ],
                    [
                        0.557830274105072
                    ],
                    [
                        0.5568956732749939
                    ],
                    [
                        0.5559626221656799
                    ],
                    [
                        0.555023729801178
                    ],
                    [
                        0.5540912747383118
                    ],
                    [
                        0.5531545877456665
                    ],
                    [
                        0.5522189736366272
                    ],
                    [
                        0.5512851476669312
                    ],
                    [
                        0.5503480434417725
                    ],
                    [
                        0.5494148135185242
                    ],
                    [
                        0.5484833717346191
                    ],
                    [
                        0.5475534796714783
                    ],
                    [
                        0.546619713306427
                    ],
                    [
                        0.5456831455230713
                    ],
                    [
                        0.544752299785614
                    ],
                    [
                        0.5438170433044434
                    ]
                ]
            ],
            "timesteps": [
                [
                    20,
                    21,
                    22,
                    23,
                    24,
                    25,
                    26,
                    27,
                    28,
                    29,
                    30,
                    31,
                    32,
                    33,
                    34,
                    35,
                    36,
                    37,
                    38,
                    39
                ]
            ],
            "labels": [
                [
                    2,
                    2,
                    2,
                    2,
                    2,
                    2,
                    2,
                    2,
                    2,
                    2,
                    2,
                    2,
                    2,
                    2,
                    2,
                    2,
                    2,
                    2,
                    2,
                    2
                ]
            ],
            "CPU Usage": 46.6,
            "RAM Usage": 55.6,
            "GPU Usage": 0.0,
            "VRAM Usage": 356.0,
            "Disk Read Speed (MB/s)": 206024.7548828125,
            "Disk Write Speed (MB/s)": 342020.7080078125
        },
        {
            "step": 2,
            "train_loss": 0.05148191377520561,
            "actions_pred1": [
                [
                    [
                        -0.4803050756454468,
                        -0.8205990791320801,
                        -0.04440200328826904,
                        -0.1963924765586853
                    ],
                    [
                        -0.5577011108398438,
                        -0.4040427803993225,
                        -0.018890410661697388,
                        0.15685619413852692
                    ],
                    [
                        -0.5262142419815063,
                        -0.3145512044429779,
                        0.08336922526359558,
                        0.1639120876789093
                    ],
                    [
                        -0.5081122517585754,
                        -0.20353341102600098,
                        0.23006092011928558,
                        0.09193630516529083
                    ],
                    [
                        -0.5392233729362488,
                        -0.3397630453109741,
                        0.2485657036304474,
                        0.037945762276649475
                    ],
                    [
                        -0.5493463277816772,
                        -0.25226157903671265,
                        0.4390089809894562,
                        -0.04711619019508362
                    ],
                    [
                        -0.5336106419563293,
                        -0.3576773703098297,
                        0.41888856887817383,
                        0.06392940878868103
                    ],
                    [
                        -0.5212597250938416,
                        -0.3755640983581543,
                        0.34629571437835693,
                        0.1984543800354004
                    ],
                    [
                        -0.6224812865257263,
                        -0.429755836725235,
                        0.3490990102291107,
                        0.06668718159198761
                    ],
                    [
                        -0.7026182413101196,
                        -0.412971556186676,
                        0.3059212565422058,
                        0.061770156025886536
                    ],
                    [
                        -0.6001710891723633,
                        -0.18014216423034668,
                        0.4756305515766144,
                        0.0864342451095581
                    ],
                    [
                        -0.6861541271209717,
                        -0.23198339343070984,
                        0.46387186646461487,
                        0.25239327549934387
                    ],
                    [
                        -0.6827060580253601,
                        -0.2546111047267914,
                        0.5133421421051025,
                        0.20926080644130707
                    ],
                    [
                        -0.6711412072181702,
                        -0.1998451054096222,
                        0.5839275121688843,
                        0.20458093285560608
                    ],
                    [
                        -0.6844387054443359,
                        -0.22197669744491577,
                        0.5336894989013672,
                        0.10497775673866272
                    ],
                    [
                        -0.7205172777175903,
                        -0.2252369076013565,
                        0.44924303889274597,
                        0.18080466985702515
                    ],
                    [
                        -0.6438986659049988,
                        -0.25755834579467773,
                        0.4830586910247803,
                        0.057314127683639526
                    ],
                    [
                        -0.6967516541481018,
                        -0.2714516818523407,
                        0.44757363200187683,
                        0.044895291328430176
                    ],
                    [
                        -0.6034249663352966,
                        -0.03839224576950073,
                        0.38038647174835205,
                        0.20387306809425354
                    ],
                    [
                        -0.5596821308135986,
                        -0.2055240273475647,
                        0.4871406555175781,
                        0.1555745154619217
                    ]
                ]
            ],
            "actions_pred": [
                [
                    [
                        -0.4803050756454468,
                        -0.5577011108398438,
                        -0.5262142419815063,
                        -0.5081122517585754,
                        -0.5392233729362488,
                        -0.5493463277816772,
