{
    "steps": [
        {
            "step": 0,
            "train_loss": 0.009061707183718681,
            "actions_pred1": [
                [
                    [
                        0.700147271156311,
                        2.6926815509796143,
                        1.380928635597229,
                        -3.876330614089966
                    ],
                    [
                        0.5274759531021118,
                        3.2903013229370117,
                        1.0710781812667847,
                        -4.172849655151367
                    ],
                    [
                        0.5002121925354004,
                        3.08161997795105,
                        0.8862482309341431,
                        -4.6648125648498535
                    ],
                    [
                        -0.1832435429096222,
                        2.768871307373047,
                        1.5884652137756348,
                        -5.096059799194336
                    ],
                    [
                        -0.5361428260803223,
                        2.7154340744018555,
                        2.0955605506896973,
                        -5.314790725708008
                    ],
                    [
                        -0.24378323554992676,
                        2.4531803131103516,
                        2.1235458850860596,
                        -5.406383037567139
                    ],
                    [
                        0.09317609667778015,
                        2.0441744327545166,
                        2.276371955871582,
                        -5.292889595031738
                    ],
                    [
                        0.17698895931243896,
                        1.8065180778503418,
                        2.8298425674438477,
                        -5.445956707000732
                    ],
                    [
                        0.45780032873153687,
                        1.584607481956482,
                        3.006852388381958,
                        -5.383281230926514
                    ],
                    [
                        0.4301784634590149,
                        1.4550135135650635,
                        3.234848737716675,
                        -5.49591064453125
                    ],
                    [
                        0.4160485565662384,
                        1.1755152940750122,
                        3.334750175476074,
                        -5.517248153686523
                    ],
                    [
                        0.581330418586731,
                        1.1154582500457764,
                        3.582674980163574,
                        -5.635980606079102
                    ],
                    [
                        0.7370116710662842,
                        1.1754710674285889,
                        3.736114978790283,
                        -5.739523410797119
                    ],
                    [
                        0.6354487538337708,
                        1.2388300895690918,
                        3.988788366317749,
                        -5.723783016204834
                    ],
                    [
                        0.49682188034057617,
                        1.2371959686279297,
                        3.998680830001831,
                        -5.610193729400635
                    ],
                    [
                        0.6187008619308472,
                        1.0992172956466675,
                        3.986945390701294,
                        -5.730271816253662
                    ],
                    [
                        0.5124783515930176,
                        1.0171750783920288,
                        3.898343563079834,
                        -5.66483211517334
                    ],
                    [
                        0.6644386053085327,
                        1.088107705116272,
                        3.882427930831909,
                        -5.7071943283081055
                    ],
                    [
                        0.7284828424453735,
                        1.146140456199646,
                        3.9961910247802734,
                        -5.557950973510742
                    ],
                    [
                        0.8421378135681152,
                        1.1532061100006104,
                        4.012589931488037,
                        -5.659927845001221
                    ]
                ]
            ],
            "actions_pred": [
                [
                    [
                        0.700147271156311,
                        0.5274759531021118,
                        0.5002121925354004,
                        -0.1832435429096222,
                        -0.5361428260803223,
                        -0.24378323554992676,
                        0.09317609667778015,
                        0.17698895931243896,
                        0.45780032873153687,
                        0.4301784634590149,
                        0.4160485565662384,
                        0.581330418586731,
                        0.7370116710662842,
                        0.6354487538337708,
                        0.49682188034057617,
                        0.6187008619308472,
                        0.5124783515930176,
                        0.6644386053085327,
                        0.7284828424453735,
                        0.8421378135681152
                    ],
                    [
                        2.6926815509796143,
                        3.2903013229370117,
                        3.08161997795105,
                        2.768871307373047,
                        2.7154340744018555,
                        2.4531803131103516,
                        2.0441744327545166,
                        1.8065180778503418,
                        1.584607481956482,
                        1.4550135135650635,
                        1.1755152940750122,
                        1.1154582500457764,
                        1.1754710674285889,
                        1.2388300895690918,
                        1.2371959686279297,
                        1.0992172956466675,
                        1.0171750783920288,
                        1.088107705116272,
                        1.146140456199646,
                        1.1532061100006104
                    ],
                    [
                        1.380928635597229,
                        1.0710781812667847,
                        0.8862482309341431,
                        1.5884652137756348,
                        2.0955605506896973,
                        2.1235458850860596,
                        2.276371955871582,
                        2.8298425674438477,
                        3.006852388381958,
                        3.234848737716675,
                        3.334750175476074,
                        3.582674980163574,
                        3.736114978790283,
                        3.988788366317749,
                        3.998680830001831,
                        3.986945390701294,
                        3.898343563079834,
                        3.882427930831909,
                        3.9961910247802734,
                        4.012589931488037
                    ],
                    [
                        -3.876330614089966,
                        -4.172849655151367,
                        -4.6648125648498535,
                        -5.096059799194336,
                        -5.314790725708008,
                        -5.406383037567139,
                        -5.292889595031738,
                        -5.445956707000732,
                        -5.383281230926514,
                        -5.49591064453125,
                        -5.517248153686523,
                        -5.635980606079102,
                        -5.739523410797119,
                        -5.723783016204834,
                        -5.610193729400635,
                        -5.730271816253662,
                        -5.66483211517334,
                        -5.7071943283081055,
                        -5.557950973510742,
                        -5.659927845001221
                    ]
                ]
            ],
            "states": [
                [
                    [
                        5457512.0,
                        9.714517545944545e-06,
                        0.0004527103737927973,
                        552968.1875
                    ],
                    [
                        4474320.0,
                        9.607780157239176e-06,
                        0.00029970589093863964,
                        640429.75
                    ],
                    [
                        3226144.0,
                        9.52661685005296e-06,
                        0.00026218051789328456,
                        614909.3125
                    ],
                    [
                        4174584.0,
                        9.44995554164052e-06,
                        0.0002925366861745715,
                        607098.5
                    ],
                    [
                        4522104.0,
                        9.361412594444118e-06,
                        0.00028024095809087157,
                        568885.75
                    ],
                    [
                        2825048.0,
                        8.919517313188408e-06,
                        0.0001758198341121897,
                        690901.5625
                    ],
                    [
                        5196872.0,
                        8.846717719279695e-06,
                        0.00013516498438548297,
                        601105.3125
                    ],
                    [
                        7633856.0,
                        8.732715286896564e-06,
                        0.0001646996388444677,
                        547900.5625
                    ],
                    [
                        47963.0,
                        0.2136354148387909,
                        0.00027816780493594706,
                        871190.125
                    ],
                    [
                        608160.0,
                        0.027683094143867493,
                        0.00026209698989987373,
                        1030414.6875
                    ],
                    [
                        537208.0,
                        0.007899114862084389,
                        0.0002851165772881359,
                        949322.9375
                    ],
                    [
                        671872.0,
                        0.004755145870149136,
                        0.000267517170868814,
                        888587.6875
                    ],
                    [
                        858664.0,
                        0.003167606657370925,
                        0.00027258697082288563,
                        909664.5625
                    ],
                    [
                        877488.0,
                        0.0022909550461918116,
                        0.00027191461413167417,
                        989545.25
                    ],
                    [
                        1255416.0,
                        0.0017173178493976593,
                        0.00027577357832342386,
                        1043241.4375
                    ],
                    [
                        1436416.0,
                        0.0013016851153224707,
                        0.00027702987426891923,
                        939221.25
                    ],
                    [
                        1715880.0,
                        0.0010147599969059229,
                        0.0002779100905172527,
                        989890.625
                    ],
                    [
                        1867920.0,
                        0.0008108949987217784,
                        0.00026160795823670924,
                        1001348.25
                    ],
                    [
                        2189376.0,
                        0.0006609969423152506,
                        0.0002753763983491808,
                        969961.0625
                    ],
                    [
                        2552824.0,
                        0.000543545582331717,
                        0.0002731475979089737,
                        970656.1875
                    ]
                ]
            ],
            "actions": [
                [
                    [
                        0.5
                    ],
                    [
                        0.5
                    ],
                    [
                        0.5
                    ],
                    [
                        0.5
                    ],
                    [
                        0.5
                    ],
                    [
                        0.5
                    ],
                    [
                        0.5
                    ],
                    [
                        0.5
                    ],
                    [
                        0.75
                    ],
                    [
                        0.75
                    ],
                    [
                        0.75
                    ],
                    [
                        0.75
                    ],
                    [
                        0.75
                    ],
                    [
                        0.75
                    ],
                    [
                        0.75
                    ],
                    [
                        0.75
                    ],
                    [
                        0.75
                    ],
                    [
                        0.75
                    ],
                    [
                        0.75
                    ],
                    [
                        0.75
                    ]
                ]
            ],
            "returns": [
                [
                    [
                        0.39574772119522095
                    ],
                    [
                        0.3948124051094055
                    ],
                    [
                        0.3938947021961212
                    ],
                    [
                        0.39300599694252014
                    ],
                    [
                        0.3920944333076477
                    ],
                    [
                        0.3911758065223694
                    ],
                    [
                        0.39029887318611145
                    ],
                    [
                        0.38936787843704224
                    ],
                    [
                        0.3884028196334839
                    ],
                    [
                        0.38788723945617676
                    ],
                    [
                        0.3871464729309082
                    ],
                    [
                        0.3864167034626007
                    ],
                    [
                        0.385667085647583
                    ],
                    [
                        0.3848957419395447
                    ],
                    [
                        0.38412246108055115
                    ],
                    [
                        0.3833174407482147
                    ],
                    [
                        0.38250046968460083
                    ],
                    [
                        0.38166773319244385
                    ],
                    [
                        0.38082748651504517
                    ],
                    [
                        0.3799731433391571
                    ]
                ]
            ],
            "timesteps": [
                [
                    200,
                    201,
                    202,
                    203,
                    204,
                    205,
                    206,
                    207,
                    208,
                    209,
                    210,
                    211,
                    212,
                    213,
                    214,
                    215,
                    216,
                    217,
                    218,
                    219
                ]
            ],
            "labels": [
                [
                    1,
                    1,
                    1,
                    1,
                    1,
                    1,
                    1,
                    1,
                    2,
                    2,
                    2,
                    2,
                    2,
                    2,
                    2,
                    2,
                    2,
                    2,
                    2,
                    2
                ]
            ],
            "CPU Usage": 46.4,
            "RAM Usage": 54.9,
            "GPU Usage": 0.0,
            "VRAM Usage": 355.0,
            "Disk Read Speed (MB/s)": 206668.6748046875,
            "Disk Write Speed (MB/s)": 438073.0244140625
        },
        {
            "step": 1,
            "train_loss": 0.000395647541154176,
            "actions_pred1": [
                [
                    [
                        4.679325103759766,
                        1.123028039932251,
                        0.8620992302894592,
                        -5.644318580627441
                    ],
                    [
                        5.221525192260742,
                        1.2005131244659424,
                        0.5087907314300537,
                        -5.449836254119873
                    ],
                    [
                        5.612671852111816,
                        0.6794432997703552,
                        0.5863107442855835,
                        -5.51485538482666
                    ],
                    [
                        6.241412162780762,
                        0.15416696667671204,
                        0.1257360875606537,
                        -5.739883899688721
                    ],
                    [
                        6.130062580108643,
                        0.35785171389579773,
                        -0.06060519814491272,
                        -5.78392219543457
                    ],
                    [
                        5.8869781494140625,
                        0.38018062710762024,
                        -0.3395363688468933,
                        -5.6849188804626465
                    ],
                    [
                        5.715861797332764,
                        0.5623819231987,
                        -0.2504109740257263,
                        -5.518861770629883
                    ],
                    [
                        5.554671287536621,
                        0.3468976318836212,
                        -0.37682002782821655,
                        -5.584961414337158
                    ],
                    [
                        5.663022041320801,
                        0.4568939208984375,
                        -0.2519642114639282,
                        -5.621635437011719
                    ],
                    [
                        5.948550701141357,
                        0.390972375869751,
                        -0.018317103385925293,
                        -5.73138952255249
                    ],
                    [
                        5.55040168762207,
                        0.016068890690803528,
                        -0.20492985844612122,
                        -5.646384239196777
                    ],
                    [
                        5.370950698852539,
                        0.06605075299739838,
                        -0.12641893327236176,
                        -5.42710018157959
                    ],
                    [
                        5.473196029663086,
                        0.16996467113494873,
                        -0.30116936564445496,
                        -5.361245632171631
                    ],
                    [
                        5.42142391204834,
                        0.21561430394649506,
                        -0.3852251172065735,
                        -5.407946586608887
                    ],
                    [
                        5.560632705688477,
                        0.20911306142807007,
                        -0.47511643171310425,
                        -5.371956825256348
                    ],
                    [
                        5.261498928070068,
                        0.20307661592960358,
                        -0.4397094249725342,
                        -5.368824481964111
                    ],
                    [
                        4.898529052734375,
                        0.19974003732204437,
                        -0.2816312313079834,
                        -5.268383026123047
                    ],
                    [
                        4.83796501159668,
                        0.27265429496765137,
                        -0.14542996883392334,
                        -5.216845512390137
                    ],
                    [
                        4.853147983551025,
                        0.39165058732032776,
                        -0.13118961453437805,
                        -5.335838317871094
                    ],
                    [
                        4.890422821044922,
                        0.25723475217819214,
                        0.035179734230041504,
                        -5.413089752197266
                    ]
                ]
            ],
            "actions_pred": [
                [
                    [
                        4.679325103759766,
                        5.221525192260742,
                        5.612671852111816,
                        6.241412162780762,
                        6.130062580108643,
                        5.8869781494140625,
                        5.715861797332764,
                        5.554671287536621,
                        5.663022041320801,
                        5.948550701141357,
                        5.55040168762207,
                        5.370950698852539,
                        5.473196029663086,
                        5.42142391204834,
                        5.560632705688477,
                        5.261498928070068,
                        4.898529052734375,
                        4.83796501159668,
                        4.853147983551025,
                        4.890422821044922
                    ],
                    [
                        1.123028039932251,
                        1.2005131244659424,
                        0.6794432997703552,
                        0.15416696667671204,
                        0.35785171389579773,
                        0.38018062710762024,
                        0.5623819231987,
                        0.3468976318836212,
                        0.4568939208984375,
                        0.390972375869751,
                        0.016068890690803528,
                        0.06605075299739838,
                        0.16996467113494873,
                        0.21561430394649506,
                        0.20911306142807007,
                        0.20307661592960358,
                        0.19974003732204437,
                        0.27265429496765137,
                        0.39165058732032776,
                        0.25723475217819214
                    ],
                    [
                        0.8620992302894592,
                        0.5087907314300537,
                        0.5863107442855835,
                        0.1257360875606537,
                        -0.06060519814491272,
                        -0.3395363688468933,
                        -0.2504109740257263,
                        -0.37682002782821655,
                        -0.2519642114639282,
                        -0.018317103385925293,
                        -0.20492985844612122,
                        -0.12641893327236176,
                        -0.30116936564445496,
                        -0.3852251172065735,
                        -0.47511643171310425,
                        -0.4397094249725342,
                        -0.2816312313079834,
                        -0.14542996883392334,
                        -0.13118961453437805,
                        0.035179734230041504
                    ],
                    [
                        -5.644318580627441,
                        -5.449836254119873,
                        -5.51485538482666,
                        -5.739883899688721,
                        -5.78392219543457,
                        -5.6849188804626465,
                        -5.518861770629883,
                        -5.584961414337158,
                        -5.621635437011719,
                        -5.73138952255249,
                        -5.646384239196777,
                        -5.42710018157959,
                        -5.361245632171631,
                        -5.407946586608887,
                        -5.371956825256348,
                        -5.368824481964111,
                        -5.268383026123047,
                        -5.216845512390137,
                        -5.335838317871094,
                        -5.413089752197266
                    ]
                ]
            ],
            "states": [
                [
                    [
                        492320.0,
                        0.00014767394168302417,
                        0.018082506954669952,
                        363027.84375
                    ],
                    [
                        506800.0,
                        0.00014520809054374695,
                        0.01018515508621931,
                        441748.1875
                    ],
                    [
                        501008.0,
                        0.00014280257164500654,
                        0.009355437941849232,
                        481891.75
                    ],
                    [
                        543000.0,
                        0.00014039389498066157,
                        0.008023547939956188,
                        309271.0625
                    ],
                    [
                        571960.0,
                        0.00013790946104563773,
                        0.007616695482283831,
                        326690.1875
                    ],
                    [
                        626984.0,
                        0.00013533451419789344,
                        0.00705355079844594,
                        304830.28125
                    ],
                    [
                        582096.0,
                        0.00013283209409564734,
                        0.006484133191406727,
                        283344.0
                    ],
                    [
                        638568.0,
                        0.00013039908662904054,
                        0.005326922982931137,
                        341204.21875
                    ],
                    [
                        584992.0,
                        0.00012804687139578164,
                        0.005689277779310942,
                        350770.6875
                    ],
                    [
                        631328.0,
                        0.00012579229951370507,
                        0.0069713592529296875,
                        304207.3125
                    ],
                    [
                        438744.0,
                        0.00012387130118440837,
                        0.005918858107179403,
                        445445.40625
                    ],
                    [
                        682008.0,
                        0.00012192520807730034,
                        0.005743528250604868,
                        443906.625
                    ],
                    [
                        894864.0,
                        0.00011928792810067534,
                        0.007119554560631514,
                        502220.71875
                    ],
                    [
                        799296.0,
                        0.00011657496361294761,
                        0.006755398586392403,
                        559882.4375
                    ],
                    [
                        1003464.0,
                        0.000113823996798601,
                        0.007165591698139906,
                        431313.21875
                    ],
                    [
                        990432.0,
                        0.00011092599743278697,
                        0.006897749379277229,
                        501689.5625
                    ],
                    [
                        1185912.0,
                        0.00010792924149427563,
                        0.00677958969026804,
                        421160.84375
                    ],
                    [
                        1324920.0,
                        0.00010466613457538188,
                        0.006738434080034494,
                        445300.59375
                    ],
                    [
                        1403112.0,
                        0.00010133643809240311,
                        0.008364989422261715,
                        440591.6875
                    ],
                    [
                        1637688.0,
                        9.786803275346756e-05,
                        0.005549952387809753,
                        381840.25
                    ]
                ]
            ],
            "actions": [
                [
                    [
                        0.25
                    ],
                    [
                        0.25
                    ],
                    [
                        0.25
                    ],
                    [
                        0.25
                    ],
                    [
                        0.25
                    ],
                    [
                        0.25
                    ],
                    [
                        0.25
                    ],
                    [
                        0.25
                    ],
                    [
                        0.25
                    ],
                    [
                        0.25
                    ],
                    [
                        0.25
                    ],
                    [
                        0.25
                    ],
                    [
                        0.25
                    ],
                    [
                        0.25
                    ],
                    [
                        0.25
                    ],
                    [
                        0.25
                    ],
                    [
                        0.25
                    ],
                    [
                        0.25
                    ],
                    [
                        0.25
                    ],
                    [
                        0.25
                    ]
                ]
            ],
            "returns": [
                [
                    [
                        0.06894823163747787
                    ],
                    [
                        0.06822619587182999
                    ],
                    [
                        0.06750158965587616
                    ],
                    [
                        0.06677800416946411
                    ],
                    [
                        0.06604728102684021
                    ],
                    [
                        0.06531195342540741
                    ],
                    [
                        0.06456847488880157
                    ],
                    [
                        0.06383159011602402
                    ],
                    [
                        0.06308649480342865
                    ],
                    [
                        0.062349170446395874
                    ],
                    [
                        0.06160508468747139
                    ],
                    [
                        0.060893263667821884
                    ],
                    [
                        0.060142334550619125
                    ],
                    [
                        0.05936732143163681
                    ],
                    [
                        0.05860232189297676
                    ],
                    [
                        0.05781715363264084
                    ],
                    [
                        0.05703314393758774
                    ],
                    [
                        0.05623316764831543
                    ],
                    [
                        0.05542336031794548
                    ],
                    [
                        0.05460847169160843
                    ]
                ]
            ],
            "timesteps": [
                [
                    560,
                    561,
                    562,
                    563,
                    564,
                    565,
                    566,
                    567,
                    568,
                    569,
                    570,
                    571,
                    572,
                    573,
                    574,
                    575,
                    576,
                    577,
                    578,
                    579
                ]
            ],
            "labels": [
                [
                    0,
                    0,
                    0,
                    0,
                    0,
                    0,
                    0,
                    0,
                    0,
                    0,
                    0,
                    0,
                    0,
                    0,
                    0,
                    0,
                    0,
                    0,
                    0,
                    0
                ]
            ],
            "CPU Usage": 46.7,
            "RAM Usage": 55.1,
            "GPU Usage": 0.0,
            "VRAM Usage": 356.0,
            "Disk Read Speed (MB/s)": 206668.6748046875,
            "Disk Write Speed (MB/s)": 438073.1728515625
        },
        {
            "step": 2,
            "train_loss": 0.01100846566259861,
            "actions_pred1": [
                [
                    [
                        -0.6956773996353149,
                        2.338219165802002,
                        4.061789035797119,
                        -4.389945030212402
                    ],
                    [
                        -0.05845451354980469,
                        2.412799596786499,
                        4.779049396514893,
                        -4.204397678375244
                    ],
                    [
                        -0.13263863325119019,
                        2.5932071208953857,
                        4.2376933097839355,
                        -4.4742431640625
                    ],
                    [
                        -0.3635997772216797,
                        2.7542197704315186,
                        3.6712777614593506,
                        -4.509464263916016
                    ],
                    [
                        -0.46371403336524963,
                        3.3539018630981445,
                        3.091346502304077,
                        -4.689184188842773
                    ],
                    [
                        -0.28757917881011963,
                        3.618680000305176,
                        3.0757102966308594,
                        -4.776991367340088
                    ],
                    [
                        -0.11883185803890228,
                        3.9041953086853027,
                        2.8165831565856934,
                        -4.802831172943115
                    ],
                    [
                        -0.2522675395011902,
                        3.8508706092834473,
                        2.613762378692627,
                        -4.76808500289917
                    ],
                    [
                        -0.43915846943855286,
                        4.219534873962402,
                        2.3875110149383545,
                        -4.691776275634766
                    ],
                    [
                        -0.5702940821647644,
                        4.346569061279297,
                        2.2185046672821045,
                        -4.746026039123535
                    ],
                    [
                        -0.7118387222290039,
                        4.401496410369873,
                        2.5525200366973877,
                        -4.623074531555176
                    ],
                    [
                        -0.7245249152183533,
                        4.3213419914245605,
                        2.7147715091705322,
                        -4.627397060394287
                    ],
                    [
                        -0.6060224771499634,
                        4.497933387756348,
                        2.7821202278137207,
                        -4.660334587097168
                    ],
                    [
                        -0.7380532026290894,
                        4.582198143005371,
                        2.6459648609161377,
                        -4.75982666015625
                    ],
                    [
                        -0.69513338804245,
                        4.727255344390869,
                        2.636134147644043,
                        -4.5717878341674805
                    ],
                    [
                        -0.9150893092155457,
                        4.789636611938477,
                        2.537790536880493,
                        -4.450599670410156
                    ],
                    [
                        -0.9340434670448303,
                        4.863097190856934,
                        2.351767063140869,
                        -4.448787212371826
                    ],
                    [
                        -0.8901615142822266,
                        4.709990978240967,
                        2.279987096786499,
                        -4.548648357391357
                    ],
                    [
                        -0.730384111404419,
                        4.687375068664551,
                        2.276033639907837,
                        -4.648686408996582
                    ],
                    [
                        -0.7455312609672546,
                        4.774229049682617,
                        2.1992850303649902,
                        -4.563114643096924
                    ]
                ]
            ],
            "actions_pred": [
                [
                    [
                        -0.6956773996353149,
                        -0.05845451354980469,
                        -0.13263863325119019,
                        -0.3635997772216797,
                        -0.46371403336524963,
                        -0.28757917881011963,
                        -0.11883185803890228,
                        -0.2522675395011902,
                        -0.43915846943855286,
                        -0.5702940821647644,
                        -0.7118387222290039,
                        -0.7245249152183533,
                        -0.6060224771499634,
                        -0.7380532026290894,
