{
    "steps": [
        {
            "step": 0,
            "train_loss": 0.025000620633363724,
            "actions_pred1": [
                [
                    [
                        0.809187114238739,
                        0.5716210603713989,
                        2.2289679050445557,
                        -4.362583160400391
                    ],
                    [
                        0.9042052626609802,
                        0.5917929410934448,
                        1.8113141059875488,
                        -4.675503730773926
                    ],
                    [
                        1.1968499422073364,
                        0.9623116254806519,
                        1.7139806747436523,
                        -4.953293800354004
                    ],
                    [
                        1.2709918022155762,
                        0.963553786277771,
                        1.703167200088501,
                        -4.832544326782227
                    ],
                    [
                        1.1932957172393799,
                        1.2718305587768555,
                        1.7876946926116943,
                        -4.671944618225098
                    ],
                    [
                        1.3882098197937012,
                        1.623047947883606,
                        1.6409521102905273,
                        -5.062098503112793
                    ],
                    [
                        1.7420116662979126,
                        1.8659772872924805,
                        1.571096420288086,
                        -5.208547115325928
                    ],
                    [
                        2.183701276779175,
                        2.057523012161255,
                        1.6456292867660522,
                        -5.414952278137207
                    ],
                    [
                        2.1299808025360107,
                        1.9890079498291016,
                        1.6697595119476318,
                        -5.586740016937256
                    ],
                    [
                        2.143402338027954,
                        1.9785435199737549,
                        1.665498971939087,
                        -5.517461776733398
                    ],
                    [
                        2.1852080821990967,
                        1.9325648546218872,
                        1.5197471380233765,
                        -5.3787078857421875
                    ],
                    [
                        2.2162058353424072,
                        1.6974538564682007,
                        1.4913899898529053,
                        -5.459966659545898
                    ],
                    [
                        2.675766944885254,
                        1.5788888931274414,
                        1.3739819526672363,
                        -5.675368785858154
                    ],
                    [
                        2.7035598754882812,
                        1.7461391687393188,
                        1.307765245437622,
                        -5.672377586364746
                    ],
                    [
                        2.917525053024292,
                        1.688216209411621,
                        1.3152177333831787,
                        -5.680605888366699
                    ],
                    [
                        2.9515013694763184,
                        1.7032794952392578,
                        1.3797264099121094,
                        -5.715032577514648
                    ],
                    [
                        2.756563663482666,
                        1.6176176071166992,
                        1.217090129852295,
                        -5.4215497970581055
                    ],
                    [
                        2.8163528442382812,
                        1.593371868133545,
                        1.2987697124481201,
                        -5.584527969360352
                    ],
                    [
                        2.7927756309509277,
                        1.554624080657959,
                        1.326506495475769,
                        -5.575444221496582
                    ],
                    [
                        2.890982151031494,
                        1.674720048904419,
                        1.291162133216858,
                        -5.676403999328613
                    ]
                ]
            ],
            "actions_pred": [
                [
                    [
                        0.809187114238739,
                        0.9042052626609802,
                        1.1968499422073364,
                        1.2709918022155762,
                        1.1932957172393799,
                        1.3882098197937012,
                        1.7420116662979126,
                        2.183701276779175,
                        2.1299808025360107,
                        2.143402338027954,
                        2.1852080821990967,
                        2.2162058353424072,
                        2.675766944885254,
                        2.7035598754882812,
                        2.917525053024292,
                        2.9515013694763184,
                        2.756563663482666,
                        2.8163528442382812,
                        2.7927756309509277,
                        2.890982151031494
                    ],
                    [
                        0.5716210603713989,
                        0.5917929410934448,
                        0.9623116254806519,
                        0.963553786277771,
                        1.2718305587768555,
                        1.623047947883606,
                        1.8659772872924805,
                        2.057523012161255,
                        1.9890079498291016,
                        1.9785435199737549,
                        1.9325648546218872,
                        1.6974538564682007,
                        1.5788888931274414,
                        1.7461391687393188,
                        1.688216209411621,
                        1.7032794952392578,
                        1.6176176071166992,
                        1.593371868133545,
                        1.554624080657959,
                        1.674720048904419
                    ],
                    [
                        2.2289679050445557,
                        1.8113141059875488,
                        1.7139806747436523,
                        1.703167200088501,
                        1.7876946926116943,
                        1.6409521102905273,
                        1.571096420288086,
                        1.6456292867660522,
                        1.6697595119476318,
                        1.665498971939087,
                        1.5197471380233765,
                        1.4913899898529053,
                        1.3739819526672363,
                        1.307765245437622,
                        1.3152177333831787,
                        1.3797264099121094,
                        1.217090129852295,
                        1.2987697124481201,
                        1.326506495475769,
                        1.291162133216858
                    ],
                    [
                        -4.362583160400391,
                        -4.675503730773926,
                        -4.953293800354004,
                        -4.832544326782227,
                        -4.671944618225098,
                        -5.062098503112793,
                        -5.208547115325928,
                        -5.414952278137207,
                        -5.586740016937256,
                        -5.517461776733398,
                        -5.3787078857421875,
                        -5.459966659545898,
                        -5.675368785858154,
                        -5.672377586364746,
                        -5.680605888366699,
                        -5.715032577514648,
                        -5.4215497970581055,
                        -5.584527969360352,
                        -5.575444221496582,
                        -5.676403999328613
                    ]
                ]
            ],
            "states": [
                [
                    [
                        5527016.0,
                        1.5349276509368792e-05,
                        0.0002737951872404665,
                        805844.5
                    ],
                    [
                        5095512.0,
                        1.517824421171099e-05,
                        0.0002537628752179444,
                        822709.0625
                    ],
                    [
                        5057864.0,
                        1.501830956840422e-05,
                        0.0002845273702405393,
                        817377.8125
                    ],
                    [
                        5703672.0,
                        1.4852455933578312e-05,
                        0.00027429292094893754,
                        848477.75
                    ],
                    [
                        5414072.0,
                        1.4684866982861422e-05,
                        0.0002784566895570606,
                        829260.1875
                    ],
                    [
                        5337328.0,
                        1.452638753107749e-05,
                        0.00027366288122721016,
                        838067.9375
                    ],
                    [
                        5141848.0,
                        1.4375169484992512e-05,
                        0.0002617421268951148,
                        823064.0
                    ],
                    [
                        5211352.0,
                        1.422882269253023e-05,
                        0.000270931632257998,
                        844933.9375
                    ],
                    [
                        5386560.0,
                        1.4082077541388571e-05,
                        0.00027350522577762604,
                        861893.1875
                    ],
                    [
                        5118680.0,
                        1.3939571545051876e-05,
                        0.0002609447401482612,
                        831639.4375
                    ],
                    [
                        5401040.0,
                        1.3799754015053622e-05,
                        0.0002695223083719611,
                        814358.625
                    ],
                    [
                        5211352.0,
                        1.3661498996953014e-05,
                        0.00026009109569713473,
                        868776.75
                    ],
                    [
                        142.0,
                        0.21944443881511688,
                        0.00015429843915626407,
                        853.0870361328125
                    ],
                    [
                        4879797.0,
                        0.008871808648109436,
                        0.0001451207062928006,
                        568995.3125
                    ],
                    [
                        6620256.0,
                        0.0009351735934615135,
                        0.00015239168715197593,
                        450753.09375
                    ],
                    [
                        9419240.0,
                        0.00045934959780424833,
                        0.0001363051705993712,
                        480722.0
                    ],
                    [
                        9852192.0,
                        0.0002833923790603876,
                        0.0001300903531955555,
                        459858.53125
                    ],
                    [
                        9448200.0,
                        0.0002050806797342375,
                        0.026162419468164444,
                        444324.5625
                    ],
                    [
                        10519720.0,
                        0.00015983681078068912,
                        0.00028762174770236015,
                        442793.625
                    ],
                    [
                        11032312.0,
                        0.00012905527546536177,
                        0.00021737493807449937,
                        442420.15625
                    ]
                ]
            ],
            "actions": [
                [
                    [
                        0.75
                    ],
                    [
                        0.75
                    ],
                    [
                        0.75
                    ],
                    [
                        0.75
                    ],
                    [
                        0.75
                    ],
                    [
                        0.75
                    ],
                    [
                        0.75
                    ],
                    [
                        0.75
                    ],
                    [
                        0.75
                    ],
                    [
                        0.75
                    ],
                    [
                        0.75
                    ],
                    [
                        0.75
                    ],
                    [
                        0.25
                    ],
                    [
                        0.25
                    ],
                    [
                        0.25
                    ],
                    [
                        0.25
                    ],
                    [
                        0.25
                    ],
                    [
                        0.25
                    ],
                    [
                        0.25
                    ],
                    [
                        0.25
                    ]
                ]
            ],
            "returns": [
                [
                    [
                        0.30454936623573303
                    ],
                    [
                        0.30361291766166687
                    ],
                    [
                        0.3026837110519409
                    ],
                    [
                        0.3017551302909851
                    ],
                    [
                        0.3008159101009369
                    ],
                    [
                        0.29988130927085876
                    ],
                    [
                        0.2989479601383209
                    ],
                    [
                        0.2980179190635681
                    ],
                    [
                        0.2970867156982422
                    ],
                    [
                        0.2961525619029999
                    ],
                    [
                        0.2952229082584381
                    ],
                    [
                        0.2942885160446167
                    ],
                    [
                        0.29335731267929077
                    ],
                    [
                        0.29335731267929077
                    ],
                    [
                        0.29243192076683044
                    ],
                    [
                        0.2914794683456421
                    ],
                    [
                        0.29049578309059143
                    ],
                    [
                        0.2895081043243408
                    ],
                    [
                        0.2885241210460663
                    ],
                    [
                        0.2875306308269501
                    ]
                ]
            ],
            "timesteps": [
                [
                    300,
                    301,
                    302,
                    303,
                    304,
                    305,
                    306,
                    307,
                    308,
                    309,
                    310,
                    311,
                    312,
                    313,
                    314,
                    315,
                    316,
                    317,
                    318,
                    319
                ]
            ],
            "labels": [
                [
                    2,
                    2,
                    2,
                    2,
                    2,
                    2,
                    2,
                    2,
                    2,
                    2,
                    2,
                    2,
                    0,
                    0,
                    0,
                    0,
                    0,
                    0,
                    0,
                    0
                ]
            ],
            "CPU Usage": 46.2,
            "RAM Usage": 54.9,
            "GPU Usage": 0.0,
            "VRAM Usage": 355.0,
            "Disk Read Speed (MB/s)": 206646.6240234375,
            "Disk Write Speed (MB/s)": 418300.3642578125
        },
        {
            "step": 1,
            "train_loss": 0.02488975040614605,
            "actions_pred1": [
                [
                    [
                        1.6705114841461182,
                        2.0319666862487793,
                        2.6277337074279785,
                        -2.956559896469116
                    ],
                    [
                        0.7087883353233337,
                        2.2475101947784424,
                        2.7165913581848145,
                        -3.796186923980713
                    ],
                    [
                        0.7028168439865112,
                        2.1221563816070557,
                        2.4583580493927,
                        -4.263313293457031
                    ],
                    [
                        0.9809391498565674,
                        2.0699052810668945,
                        2.282374858856201,
                        -4.879695892333984
                    ],
                    [
                        1.1445388793945312,
                        2.2834560871124268,
                        2.2733118534088135,
                        -4.93121862411499
                    ],
                    [
                        1.659776210784912,
                        2.166433572769165,
                        2.1238999366760254,
                        -5.3945159912109375
                    ],
                    [
                        1.418330430984497,
                        1.7562000751495361,
                        2.032104730606079,
                        -5.300008296966553
                    ],
                    [
                        1.401784896850586,
                        1.7225654125213623,
                        2.089275598526001,
                        -5.285449028015137
                    ],
                    [
                        1.4054808616638184,
                        1.7591493129730225,
                        2.0788352489471436,
                        -5.16150426864624
                    ],
                    [
                        1.54022216796875,
                        1.7374393939971924,
                        2.0466525554656982,
                        -5.309807777404785
                    ],
                    [
                        1.5914103984832764,
                        1.8907668590545654,
                        2.311469793319702,
                        -5.373316287994385
                    ],
                    [
                        1.807246446609497,
                        1.5684354305267334,
                        2.355729103088379,
                        -5.678910255432129
                    ],
                    [
                        1.6339750289916992,
                        1.320829153060913,
                        2.392493963241577,
                        -5.435744762420654
                    ],
                    [
                        1.7349157333374023,
                        1.5359318256378174,
                        2.436170816421509,
                        -5.719518661499023
                    ],
                    [
                        1.884640097618103,
                        1.564902424812317,
                        2.2976491451263428,
                        -5.525726795196533
                    ],
                    [
                        2.068483591079712,
                        1.5787274837493896,
                        2.112470865249634,
                        -5.472444534301758
                    ],
                    [
                        2.31760573387146,
                        1.5360432863235474,
                        2.339165210723877,
                        -5.718297004699707
                    ],
                    [
                        2.468262195587158,
                        1.9197256565093994,
                        2.411717414855957,
                        -6.0087504386901855
                    ],
                    [
                        2.3072896003723145,
                        1.828618049621582,
                        2.3080785274505615,
                        -5.886219024658203
                    ],
                    [
                        2.4031143188476562,
                        1.916444182395935,
                        2.3556671142578125,
                        -5.800955295562744
                    ]
                ]
            ],
            "actions_pred": [
                [
                    [
                        1.6705114841461182,
                        0.7087883353233337,
                        0.7028168439865112,
                        0.9809391498565674,
                        1.1445388793945312,
                        1.659776210784912,
                        1.418330430984497,
                        1.401784896850586,
                        1.4054808616638184,
                        1.54022216796875,
                        1.5914103984832764,
                        1.807246446609497,
                        1.6339750289916992,
                        1.7349157333374023,
                        1.884640097618103,
                        2.068483591079712,
                        2.31760573387146,
                        2.468262195587158,
                        2.3072896003723145,
                        2.4031143188476562
                    ],
                    [
                        2.0319666862487793,
                        2.2475101947784424,
                        2.1221563816070557,
                        2.0699052810668945,
                        2.2834560871124268,
                        2.166433572769165,
                        1.7562000751495361,
                        1.7225654125213623,
                        1.7591493129730225,
                        1.7374393939971924,
                        1.8907668590545654,
                        1.5684354305267334,
                        1.320829153060913,
                        1.5359318256378174,
                        1.564902424812317,
                        1.5787274837493896,
                        1.5360432863235474,
                        1.9197256565093994,
                        1.828618049621582,
                        1.916444182395935
                    ],
                    [
                        2.6277337074279785,
                        2.7165913581848145,
                        2.4583580493927,
                        2.282374858856201,
                        2.2733118534088135,
                        2.1238999366760254,
                        2.032104730606079,
                        2.089275598526001,
                        2.0788352489471436,
                        2.0466525554656982,
                        2.311469793319702,
                        2.355729103088379,
                        2.392493963241577,
                        2.436170816421509,
                        2.2976491451263428,
                        2.112470865249634,
                        2.339165210723877,
                        2.411717414855957,
                        2.3080785274505615,
                        2.3556671142578125
                    ],
                    [
                        -2.956559896469116,
                        -3.796186923980713,
                        -4.263313293457031,
                        -4.879695892333984,
                        -4.93121862411499,
                        -5.3945159912109375,
                        -5.300008296966553,
                        -5.285449028015137,
                        -5.16150426864624,
                        -5.309807777404785,
                        -5.373316287994385,
                        -5.678910255432129,
                        -5.435744762420654,
                        -5.719518661499023,
                        -5.525726795196533,
                        -5.472444534301758,
                        -5.718297004699707,
                        -6.0087504386901855,
                        -5.886219024658203,
                        -5.800955295562744
                    ]
                ]
            ],
            "states": [
                [
                    [
                        5466200.0,
                        1.129001520894235e-05,
                        0.0002789112040773034,
                        818770.4375
                    ],
                    [
                        5612448.0,
                        1.1129687663924415e-05,
                        0.00025781430304050446,
                        898413.75
                    ],
                    [
                        5046280.0,
                        1.0979628314089496e-05,
                        0.0002818313369061798,
                        909004.75
                    ],
                    [
                        5249000.0,
                        1.0838540219992865e-05,
                        0.00027022496215067804,
                        810422.3125
                    ],
                    [
                        5515432.0,
                        1.0694837328628637e-05,
                        0.00027221045456826687,
                        891063.1875
                    ],
                    [
                        5182392.0,
                        1.0555714652582537e-05,
                        0.0002733847650233656,
                        862686.6875
                    ],
                    [
                        5021664.0,
                        1.0426368135085795e-05,
                        0.00026607781182974577,
                        893778.125
                    ],
                    [
                        5292440.0,
                        1.0298814231646247e-05,
                        0.00028466759249567986,
                        852371.5625
                    ],
                    [
                        5366288.0,
                        1.0170228961214889e-05,
                        0.0002693114511203021,
                        775255.625
                    ],
                    [
                        5483576.0,
                        1.0042614121630322e-05,
                        0.0002695369767025113,
                        802315.875
                    ],
                    [
                        5369184.0,
                        9.918102477968205e-06,
                        0.00026757299201563,
                        854250.0
                    ],
                    [
                        5670368.0,
                        9.794596735446248e-06,
                        0.0002770914288703352,
                        851009.75
                    ],
                    [
                        5537152.0,
                        9.67230062087765e-06,
                        0.0002540841815061867,
                        843244.5625
                    ],
                    [
                        5557424.0,
                        9.554213647788856e-06,
                        0.0002650599053595215,
                        914621.5625
                    ],
                    [
                        5403936.0,
                        9.440349458600394e-06,
                        0.00027801760006695986,
                        829670.8125
                    ],
                    [
                        5246104.0,
                        9.332287845609244e-06,
                        0.0002704633225221187,
                        839801.4375
                    ],
                    [
                        5603760.0,
                        9.224719178746454e-06,
                        0.0002756867033895105,
                        804814.3125
                    ],
                    [
                        5383664.0,
                        9.118263733398635e-06,
                        0.00025344316964037716,
                        920753.0625
                    ],
                    [
                        5525568.0,
                        8.914936188375577e-06,
                        0.000413205154472962,
                        941023.9375
                    ],
                    [
                        5521224.0,
                        8.814949069346767e-06,
                        0.00012937834253534675,
                        850908.25
                    ]
                ]
            ],
            "actions": [
                [
                    [
                        0.75
                    ],
                    [
                        0.75
                    ],
                    [
                        0.75
                    ],
                    [
                        0.75
                    ],
                    [
                        0.75
                    ],
                    [
                        0.75
                    ],
                    [
                        0.75
                    ],
                    [
                        0.75
                    ],
                    [
                        0.75
                    ],
                    [
                        0.75
                    ],
                    [
                        0.75
                    ],
                    [
                        0.75
                    ],
                    [
                        0.75
                    ],
                    [
                        0.75
                    ],
                    [
                        0.75
                    ],
                    [
                        0.75
                    ],
                    [
                        0.75
                    ],
                    [
                        0.75
                    ],
                    [
                        0.75
                    ],
                    [
                        0.75
                    ]
                ]
            ],
            "returns": [
                [
                    [
                        0.5242103934288025
                    ],
                    [
                        0.5232749581336975
                    ],
                    [
                        0.5223371386528015
                    ],
                    [
                        0.5214087963104248
                    ],
                    [
                        0.5204769372940063
                    ],
                    [
                        0.5195406675338745
                    ],
                    [
                        0.5186099410057068
                    ],
                    [
                        0.5176820158958435
                    ],
                    [
                        0.5167494416236877
                    ],
                    [
                        0.5158156156539917
                    ],
                    [
                        0.5148798823356628
                    ],
                    [
                        0.513945996761322
                    ],
                    [
                        0.5130072832107544
                    ],
                    [
                        0.5120707154273987
                    ],
                    [
                        0.5111337900161743
                    ],
                    [
                        0.5101993083953857
                    ],
                    [
                        0.5092675089836121
                    ],
                    [
                        0.5083298683166504
                    ],
                    [
                        0.5073957443237305
                    ],
                    [
                        0.5064593553543091
                    ]
                ]
            ],
            "timesteps": [
                [
                    60,
                    61,
                    62,
                    63,
                    64,
                    65,
                    66,
                    67,
                    68,
                    69,
                    70,
                    71,
                    72,
                    73,
                    74,
                    75,
                    76,
                    77,
                    78,
                    79
                ]
            ],
            "labels": [
                [
                    2,
                    2,
                    2,
                    2,
                    2,
                    2,
                    2,
                    2,
                    2,
                    2,
                    2,
                    2,
                    2,
                    2,
                    2,
                    2,
                    2,
                    2,
                    2,
                    2
                ]
            ],
            "CPU Usage": 46.7,
            "RAM Usage": 55.1,
            "GPU Usage": 0.0,
            "VRAM Usage": 355.0,
            "Disk Read Speed (MB/s)": 206646.6240234375,
            "Disk Write Speed (MB/s)": 418300.5322265625
        },
        {
            "step": 2,
            "train_loss": 0.04239315539598465,
            "actions_pred1": [
                [
                    [
                        1.4593558311462402,
                        2.268148899078369,
                        1.3535676002502441,
                        -4.368260383605957
                    ],
                    [
                        1.2181782722473145,
                        2.4142370223999023,
                        1.4646503925323486,
                        -4.110036373138428
                    ],
                    [
                        1.5641882419586182,
                        1.9919276237487793,
                        1.4238325357437134,
                        -3.973998785018921
                    ],
                    [
                        1.861145257949829,
                        1.8760223388671875,
                        1.1984450817108154,
                        -4.322306156158447
                    ],
                    [
                        1.4831831455230713,
                        2.292299270629883,
                        1.2345534563064575,
                        -4.733120918273926
                    ],
                    [
                        1.400834083557129,
                        2.024195909500122,
                        1.6432396173477173,
                        -4.881389141082764
                    ],
                    [
                        1.8679206371307373,
                        2.406419515609741,
                        1.7260595560073853,
                        -4.883504390716553
                    ],
                    [
                        2.411637783050537,
                        2.320889472961426,
                        1.9712070226669312,
                        -5.370543956756592
                    ],
                    [
                        2.4435324668884277,
                        2.612056255340576,
                        2.4292871952056885,
                        -6.0182085037231445
                    ],
                    [
                        2.2620880603790283,
                        2.8221771717071533,
                        2.564774513244629,
                        -6.131852149963379
                    ],
                    [
                        2.2102622985839844,
                        2.685504913330078,
                        2.2169876098632812,
                        -6.420827865600586
                    ],
                    [
                        2.562967300415039,
                        2.7352066040039062,
                        2.075150966644287,
                        -6.344992160797119
                    ],
                    [
                        2.4266226291656494,
                        2.572431802749634,
                        1.9046831130981445,
                        -6.455759048461914
                    ],
                    [
                        2.7001521587371826,
                        2.0539321899414062,
                        2.022515296936035,
                        -6.481658458709717
                    ],
                    [
                        2.6384658813476562,
                        1.9069663286209106,
                        1.7781463861465454,
                        -6.410132884979248
                    ],
                    [
                        2.3555526733398438,
                        2.0238709449768066,
                        1.7848981618881226,
                        -6.238478660583496
                    ],
                    [
                        2.261270523071289,
                        2.183107376098633,
                        1.9661766290664673,
                        -6.023738861083984
                    ],
                    [
                        2.2499160766601562,
                        2.265101909637451,
                        2.1452250480651855,
                        -5.965798377990723
                    ],
                    [
                        2.0935449600219727,
                        2.3824520111083984,
                        2.3973658084869385,
                        -6.203567981719971
                    ],
                    [
                        2.24910831451416,
                        2.417900323867798,
                        2.182938814163208,
                        -6.425807952880859
                    ]
                ]
            ],
            "actions_pred": [
                [
                    [
                        1.4593558311462402,
                        1.2181782722473145,
                        1.5641882419586182,
                        1.861145257949829,
                        1.4831831455230713,
                        1.400834083557129,
                        1.8679206371307373,
                        2.411637783050537,
                        2.4435324668884277,
                        2.2620880603790283,
                        2.2102622985839844,
                        2.562967300415039,
                        2.4266226291656494,
                        2.7001521587371826,
                        2.6384658813476562,
                        2.3555526733398438,
                        2.261270523071289,
