{
    "steps": [
        {
            "step": 0,
            "train_loss": 0.029949050396680832,
            "actions_pred1": [
                [
                    [
                        0.2170674204826355,
                        -0.21317404508590698,
                        0.49956822395324707,
                        0.3966865539550781
                    ],
                    [
                        -0.061776675283908844,
                        -0.12593777477741241,
                        0.48056304454803467,
                        0.5281258821487427
                    ],
                    [
                        -0.2488681524991989,
                        0.15837246179580688,
                        0.6086914539337158,
                        0.4523920714855194
                    ],
                    [
                        -0.266488254070282,
                        0.06734900921583176,
                        0.6826533079147339,
                        0.5133818984031677
                    ],
                    [
                        -0.28396788239479065,
                        -0.006928391754627228,
                        0.6135634183883667,
                        0.40192899107933044
                    ],
                    [
                        -0.22574827075004578,
                        0.019565846771001816,
                        0.6563351154327393,
                        0.3160820007324219
                    ],
                    [
                        -0.30217069387435913,
                        -0.046762146055698395,
                        0.7358589768409729,
                        0.3117561936378479
                    ],
                    [
                        -0.4806368350982666,
                        -0.16485902667045593,
                        0.6918901205062866,
                        0.22137269377708435
                    ],
                    [
                        -0.36958014965057373,
                        -0.22401589155197144,
                        0.6223768591880798,
                        0.2524312734603882
                    ],
                    [
                        -0.33250054717063904,
                        -0.017687171697616577,
                        0.8182100057601929,
                        0.25428181886672974
                    ],
                    [
                        -0.35749706625938416,
                        0.0640372708439827,
                        0.9661034941673279,
                        0.3191339075565338
                    ],
                    [
                        -0.1887878179550171,
                        0.09294719994068146,
                        0.7655102610588074,
                        0.24562406539916992
                    ],
                    [
                        -0.05272015929222107,
                        0.030926115810871124,
                        0.8619722723960876,
                        0.15937428176403046
                    ],
                    [
                        -0.16765309870243073,
                        -0.0561843067407608,
                        0.5743908882141113,
                        0.13396398723125458
                    ],
                    [
                        -0.25428327918052673,
                        -0.0038270317018032074,
                        0.6882597804069519,
                        0.20347358286380768
                    ],
                    [
                        -0.13128621876239777,
                        -0.2095434069633484,
                        0.6825631856918335,
                        0.2433754950761795
                    ],
                    [
                        -0.14262855052947998,
                        -0.06411872804164886,
                        0.6550880074501038,
                        0.37632882595062256
                    ],
                    [
                        -0.16657446324825287,
                        0.11273519694805145,
                        0.7575157880783081,
                        0.4625471830368042
                    ],
                    [
                        -0.19373731315135956,
                        0.17998194694519043,
                        0.7877715229988098,
                        0.5055737495422363
                    ],
                    [
                        -0.21865078806877136,
                        0.15352869033813477,
                        0.7732806205749512,
                        0.42863038182258606
                    ]
                ]
            ],
            "actions_pred": [
                [
                    [
                        0.2170674204826355,
                        -0.061776675283908844,
                        -0.2488681524991989,
                        -0.266488254070282,
                        -0.28396788239479065,
                        -0.22574827075004578,
                        -0.30217069387435913,
                        -0.4806368350982666,
                        -0.36958014965057373,
                        -0.33250054717063904,
                        -0.35749706625938416,
                        -0.1887878179550171,
                        -0.05272015929222107,
                        -0.16765309870243073,
                        -0.25428327918052673,
                        -0.13128621876239777,
                        -0.14262855052947998,
                        -0.16657446324825287,
                        -0.19373731315135956,
                        -0.21865078806877136
                    ],
                    [
                        -0.21317404508590698,
                        -0.12593777477741241,
                        0.15837246179580688,
                        0.06734900921583176,
                        -0.006928391754627228,
                        0.019565846771001816,
                        -0.046762146055698395,
                        -0.16485902667045593,
                        -0.22401589155197144,
                        -0.017687171697616577,
                        0.0640372708439827,
                        0.09294719994068146,
                        0.030926115810871124,
                        -0.0561843067407608,
                        -0.0038270317018032074,
                        -0.2095434069633484,
                        -0.06411872804164886,
                        0.11273519694805145,
                        0.17998194694519043,
                        0.15352869033813477
                    ],
                    [
                        0.49956822395324707,
                        0.48056304454803467,
                        0.6086914539337158,
                        0.6826533079147339,
                        0.6135634183883667,
                        0.6563351154327393,
                        0.7358589768409729,
                        0.6918901205062866,
                        0.6223768591880798,
                        0.8182100057601929,
                        0.9661034941673279,
                        0.7655102610588074,
                        0.8619722723960876,
                        0.5743908882141113,
                        0.6882597804069519,
                        0.6825631856918335,
                        0.6550880074501038,
                        0.7575157880783081,
                        0.7877715229988098,
                        0.7732806205749512
                    ],
                    [
                        0.3966865539550781,
                        0.5281258821487427,
                        0.4523920714855194,
                        0.5133818984031677,
                        0.40192899107933044,
                        0.3160820007324219,
                        0.3117561936378479,
                        0.22137269377708435,
                        0.2524312734603882,
                        0.25428181886672974,
                        0.3191339075565338,
                        0.24562406539916992,
                        0.15937428176403046,
                        0.13396398723125458,
                        0.20347358286380768,
                        0.2433754950761795,
                        0.37632882595062256,
                        0.4625471830368042,
                        0.5055737495422363,
                        0.42863038182258606
                    ]
                ]
            ],
            "states": [
                [
                    [
                        5305472.0,
                        8.719099241716322e-06,
                        0.00013201982073951513,
                        847637.0625
                    ],
                    [
                        5427104.0,
                        8.626127055322286e-06,
                        0.00013791865785606205,
                        798609.0
                    ],
                    [
                        5450272.0,
                        8.533900654583704e-06,
                        0.00014453318726737052,
                        879716.5
                    ],
                    [
                        5114336.0,
                        8.446181709587108e-06,
                        0.00014699026360176504,
                        849232.5625
                    ],
                    [
                        5466200.0,
                        8.360139872820582e-06,
                        0.00016071676509454846,
                        823946.3125
                    ],
                    [
                        5315608.0,
                        8.27424355520634e-06,
                        0.00016249381587840617,
                        854104.0625
                    ],
                    [
                        5602312.0,
                        8.189044820028357e-06,
                        0.0001488575799157843,
                        832423.8125
                    ],
                    [
                        5063656.0,
                        8.107467692752834e-06,
                        0.00016087492986116558,
                        837260.4375
                    ],
                    [
                        5243208.0,
                        8.030191565921996e-06,
                        0.00016716374375391752,
                        847603.1875
                    ],
                    [
                        5813720.0,
                        7.948916390887462e-06,
                        0.00019032474665436894,
                        855439.25
                    ],
                    [
                        5408280.0,
                        7.868069587857462e-06,
                        0.00018542619363870472,
                        819410.4375
                    ],
                    [
                        5082480.0,
                        7.7939621405676e-06,
                        0.000198170033399947,
                        886572.3125
                    ],
                    [
                        5553080.0,
                        7.720262146904133e-06,
                        0.0001916241308208555,
                        834980.5
                    ],
                    [
                        5222936.0,
                        7.646989615750499e-06,
                        0.0002063407882815227,
                        810099.0
                    ],
                    [
                        5267824.0,
                        7.57698762754444e-06,
                        0.00023895764024928212,
                        771615.4375
                    ],
                    [
                        5292440.0,
                        7.507794634875609e-06,
                        0.00025051896227523685,
                        873322.6875
                    ],
                    [
                        5603760.0,
                        7.437720341840759e-06,
                        0.0002676467993296683,
                        855312.0625
                    ],
                    [
                        5289312.0,
                        7.368956630671164e-06,
                        0.0002700872428249568,
                        823382.9375
                    ],
                    [
                        5275296.0,
                        7.303467100427952e-06,
                        0.0002660537720657885,
                        780031.4375
                    ],
                    [
                        5143296.0,
                        7.240012109832605e-06,
                        0.00026454709586687386,
                        808306.8125
                    ]
                ]
            ],
            "actions": [
                [
                    [
                        0.75
                    ],
                    [
                        0.75
                    ],
                    [
                        0.75
                    ],
                    [
                        0.75
                    ],
                    [
                        0.75
                    ],
                    [
                        0.75
                    ],
                    [
                        0.75
                    ],
                    [
                        0.75
                    ],
                    [
                        0.75
                    ],
                    [
                        0.75
                    ],
                    [
                        0.75
                    ],
                    [
                        0.75
                    ],
                    [
                        0.75
                    ],
                    [
                        0.75
                    ],
                    [
                        0.75
                    ],
                    [
                        0.75
                    ],
                    [
                        0.75
                    ],
                    [
                        0.75
                    ],
                    [
                        0.75
                    ],
                    [
                        0.75
                    ]
                ]
            ],
            "returns": [
                [
                    [
                        0.5055230259895325
                    ],
                    [
                        0.5045902132987976
                    ],
                    [
                        0.5036553740501404
                    ],
                    [
                        0.5027201771736145
                    ],
                    [
                        0.5017906427383423
                    ],
                    [
                        0.5008551478385925
                    ],
                    [
                        0.4999221861362457
                    ],
                    [
                        0.49898457527160645
                    ],
                    [
                        0.49805590510368347
                    ],
                    [
                        0.4971241354942322
                    ],
                    [
                        0.49618321657180786
                    ],
                    [
                        0.4952487051486969
                    ],
                    [
                        0.49431970715522766
                    ],
                    [
                        0.49338284134864807
                    ],
                    [
                        0.49245142936706543
                    ],
                    [
                        0.4915192425251007
                    ],
                    [
                        0.49058666825294495
                    ],
                    [
                        0.4896489977836609
                    ],
                    [
                        0.4887164533138275
                    ],
                    [
                        0.48778414726257324
                    ]
                ]
            ],
            "timesteps": [
                [
                    80,
                    81,
                    82,
                    83,
                    84,
                    85,
                    86,
                    87,
                    88,
                    89,
                    90,
                    91,
                    92,
                    93,
                    94,
                    95,
                    96,
                    97,
                    98,
                    99
                ]
            ],
            "labels": [
                [
                    2,
                    2,
                    2,
                    2,
                    2,
                    2,
                    2,
                    2,
                    2,
                    2,
                    2,
                    2,
                    2,
                    2,
                    2,
                    2,
                    2,
                    2,
                    2,
                    2
                ]
            ],
            "CPU Usage": 46.1,
            "RAM Usage": 55.4,
            "GPU Usage": 0.0,
            "VRAM Usage": 355.0,
            "Disk Read Speed (MB/s)": 206022.671875,
            "Disk Write Speed (MB/s)": 333426.1025390625
        },
        {
            "step": 1,
            "train_loss": 0.055361710488796234,
            "actions_pred1": [
                [
                    [
                        -0.008301321417093277,
                        -0.31668955087661743,
                        0.9087086915969849,
                        0.46828991174697876
                    ],
                    [
                        -0.08146302402019501,
                        -0.27324897050857544,
                        1.0406283140182495,
                        0.41592445969581604
                    ],
                    [
                        -0.14937326312065125,
                        -0.15618988871574402,
                        0.9251720309257507,
                        0.3643074035644531
                    ],
                    [
                        -0.399445116519928,
                        -0.042738642543554306,
                        1.043904185295105,
                        0.2604544162750244
                    ],
                    [
                        -0.295499712228775,
                        0.008616115897893906,
                        0.924307107925415,
                        0.46042129397392273
                    ],
                    [
                        -0.23761342465877533,
                        -0.11737782508134842,
                        0.738731861114502,
                        0.3716360032558441
                    ],
                    [
                        -0.24858680367469788,
                        -0.12763920426368713,
                        0.7663390636444092,
                        0.34475696086883545
                    ],
                    [
                        -0.2531856894493103,
                        0.09458139538764954,
                        0.8621071577072144,
                        0.38875851035118103
                    ],
                    [
                        -0.2528448700904846,
                        -0.01582580804824829,
                        0.8831276297569275,
                        0.4326321482658386
                    ],
                    [
                        -0.2329050451517105,
                        -0.03826218098402023,
                        0.863603949546814,
                        0.3782944679260254
                    ],
                    [
                        -0.2167128026485443,
                        -0.024994071573019028,
                        0.8336508274078369,
                        0.45863449573516846
                    ],
                    [
                        -0.2111060619354248,
                        0.0152035653591156,
                        0.7971351146697998,
                        0.43705737590789795
                    ],
                    [
                        -0.2838185429573059,
                        0.05503036826848984,
                        0.8754132986068726,
                        0.34816476702690125
                    ],
                    [
                        -0.034859783947467804,
                        0.1002732515335083,
                        0.8735213279724121,
                        0.3609265387058258
                    ],
                    [
                        -0.11196666955947876,
                        0.11498287320137024,
                        0.8934111595153809,
                        0.4114322066307068
                    ],
                    [
                        -0.204787939786911,
                        0.01358754187822342,
                        0.9004753232002258,
                        0.4109031558036804
                    ],
                    [
                        -0.2469361275434494,
                        -0.0985148698091507,
                        0.9851429462432861,
                        0.4112609624862671
                    ],
                    [
                        -0.18975481390953064,
                        -0.09033935517072678,
                        0.8858261108398438,
                        0.4259972870349884
                    ],
                    [
                        -0.12289778143167496,
                        -0.03729213774204254,
                        0.9836353659629822,
                        0.36959484219551086
                    ],
                    [
                        -0.11392456293106079,
                        -0.041525378823280334,
                        1.0862793922424316,
                        0.34736815094947815
                    ]
                ]
            ],
            "actions_pred": [
                [
                    [
                        -0.008301321417093277,
                        -0.08146302402019501,
                        -0.14937326312065125,
                        -0.399445116519928,
                        -0.295499712228775,
                        -0.23761342465877533,
                        -0.24858680367469788,
                        -0.2531856894493103,
                        -0.2528448700904846,
                        -0.2329050451517105,
                        -0.2167128026485443,
                        -0.2111060619354248,
                        -0.2838185429573059,
                        -0.034859783947467804,
                        -0.11196666955947876,
                        -0.204787939786911,
                        -0.2469361275434494,
                        -0.18975481390953064,
                        -0.12289778143167496,
                        -0.11392456293106079
                    ],
                    [
                        -0.31668955087661743,
                        -0.27324897050857544,
                        -0.15618988871574402,
                        -0.042738642543554306,
                        0.008616115897893906,
                        -0.11737782508134842,
                        -0.12763920426368713,
                        0.09458139538764954,
                        -0.01582580804824829,
                        -0.03826218098402023,
                        -0.024994071573019028,
                        0.0152035653591156,
                        0.05503036826848984,
                        0.1002732515335083,
                        0.11498287320137024,
                        0.01358754187822342,
                        -0.0985148698091507,
                        -0.09033935517072678,
                        -0.03729213774204254,
                        -0.041525378823280334
                    ],
                    [
                        0.9087086915969849,
                        1.0406283140182495,
                        0.9251720309257507,
                        1.043904185295105,
                        0.924307107925415,
                        0.738731861114502,
                        0.7663390636444092,
                        0.8621071577072144,
                        0.8831276297569275,
                        0.863603949546814,
                        0.8336508274078369,
                        0.7971351146697998,
                        0.8754132986068726,
                        0.8735213279724121,
                        0.8934111595153809,
                        0.9004753232002258,
                        0.9851429462432861,
                        0.8858261108398438,
                        0.9836353659629822,
                        1.0862793922424316
                    ],
                    [
                        0.46828991174697876,
                        0.41592445969581604,
                        0.3643074035644531,
                        0.2604544162750244,
                        0.46042129397392273,
                        0.3716360032558441,
                        0.34475696086883545,
                        0.38875851035118103,
                        0.4326321482658386,
                        0.3782944679260254,
                        0.45863449573516846,
                        0.43705737590789795,
                        0.34816476702690125,
                        0.3609265387058258,
                        0.4114322066307068,
                        0.4109031558036804,
                        0.4112609624862671,
                        0.4259972870349884,
                        0.36959484219551086,
                        0.34736815094947815
                    ]
                ]
            ],
            "states": [
                [
                    [
                        5354704.0,
                        8.239823728217743e-06,
                        0.00025337765691801906,
                        501396.375
                    ],
                    [
                        6112008.0,
                        8.186386367015075e-06,
                        0.00023226119810715318,
                        493386.84375
                    ],
                    [
                        437474.0,
                        0.04059061408042908,
                        0.000310274597723037,
                        179519.703125
                    ],
                    [
                        742824.0,
                        0.00568061089143157,
                        0.00025462565827183425,
                        494869.5625
                    ],
                    [
                        1293064.0,
                        0.002463217591866851,
                        0.00027542549651116133,
                        568802.125
                    ],
                    [
                        2754096.0,
                        0.001175331766717136,
                        0.00025879128952510655,
                        506395.59375
                    ],
                    [
                        4959400.0,
                        0.0005831622984260321,
                        0.0002528103068470955,
                        510830.5
                    ],
                    [
                        7180632.0,
                        0.0003223789972253144,
                        0.00020026147831231356,
                        497092.78125
                    ],
                    [
                        10328584.0,
                        0.00019613979384303093,
                        0.00022364039614330977,
                        447740.25
                    ],
                    [
                        9514808.0,
                        0.00013474683510139585,
                        0.0002323320077266544,
                        458092.9375
                    ],
                    [
                        9614720.0,
                        0.00010378147271694615,
                        0.00023472661268897355,
                        451882.15625
                    ],
                    [
                        11055480.0,
                        8.32404475659132e-05,
                        0.00024062122975010425,
                        451078.96875
                    ],
                    [
                        10631216.0,
                        6.886368646519259e-05,
                        0.0001874879380920902,
                        454141.4375
                    ],
                    [
                        9736352.0,
                        5.92533870076295e-05,
                        0.00025532711879350245,
                        501440.96875
                    ],
                    [
                        5832544.0,
                        5.351470463210717e-05,
                        0.0002452299522701651,
                        514617.375
                    ],
                    [
                        4878312.0,
                        5.0193953939015046e-05,
                        0.00023082415282260627,
                        598373.25
                    ],
                    [
                        5687744.0,
                        4.730764703708701e-05,
                        0.00026125748991034925,
                        594833.125
                    ],
                    [
                        5154880.0,
                        4.466561586013995e-05,
                        0.00024003862927202135,
                        666985.1875
                    ],
                    [
                        5471992.0,
                        4.2350944568170235e-05,
                        0.00019315553072374314,
                        641558.875
                    ],
                    [
                        7102440.0,
                        3.9908583858050406e-05,
                        0.00022412248654291034,
                        477795.28125
                    ]
                ]
            ],
            "actions": [
                [
                    [
                        0.25
                    ],
                    [
                        0.25
                    ],
                    [
                        0.5
                    ],
                    [
                        0.5
                    ],
                    [
                        0.5
                    ],
                    [
                        0.5
                    ],
                    [
                        0.5
                    ],
                    [
                        0.5
                    ],
                    [
                        0.5
                    ],
                    [
                        0.5
                    ],
                    [
                        0.5
                    ],
                    [
                        0.5
                    ],
                    [
                        0.5
                    ],
                    [
                        0.5
                    ],
                    [
                        0.5
                    ],
                    [
                        0.5
                    ],
                    [
                        0.5
                    ],
                    [
                        0.5
                    ],
                    [
                        0.5
                    ],
                    [
                        0.5
                    ]
                ]
            ],
            "returns": [
                [
                    [
                        0.18974736332893372
                    ],
                    [
                        0.1888137310743332
                    ],
                    [
                        0.1878683865070343
                    ],
                    [
                        0.1871568113565445
                    ],
                    [
                        0.18639831244945526
                    ],
                    [
                        0.18559066951274872
                    ],
                    [
                        0.18471598625183105
                    ],
                    [
                        0.18378916382789612
                    ],
                    [
                        0.18282951414585114
                    ],
                    [
                        0.18183764815330505
                    ],
                    [
                        0.18085305392742157
                    ],
                    [
                        0.17986753582954407
                    ],
                    [
                        0.17886963486671448
                    ],
                    [
                        0.17787520587444305
                    ],
                    [
                        0.176888570189476
                    ],
                    [
                        0.17594735324382782
                    ],
                    [
                        0.17502199113368988
                    ],
                    [
                        0.17408300936222076
                    ],
                    [
                        0.17315275967121124
                    ],
                    [
                        0.1722172051668167
                    ]
                ]
            ],
            "timesteps": [
                [
                    420,
                    421,
                    422,
                    423,
                    424,
                    425,
                    426,
                    427,
                    428,
                    429,
                    430,
                    431,
                    432,
                    433,
                    434,
                    435,
                    436,
                    437,
                    438,
                    439
                ]
            ],
            "labels": [
                [
                    0,
                    0,
                    1,
                    1,
                    1,
                    1,
                    1,
                    1,
                    1,
                    1,
                    1,
                    1,
                    1,
                    1,
                    1,
                    1,
                    1,
                    1,
                    1,
                    1
                ]
            ],
            "CPU Usage": 46.7,
            "RAM Usage": 55.6,
            "GPU Usage": 0.0,
            "VRAM Usage": 355.0,
            "Disk Read Speed (MB/s)": 206022.671875,
            "Disk Write Speed (MB/s)": 333426.2197265625
        },
        {
            "step": 2,
            "train_loss": 0.06586218625307083,
            "actions_pred1": [
                [
                    [
                        -0.20883113145828247,
                        -0.07748967409133911,
                        0.7144789695739746,
                        0.381185919046402
                    ],
                    [
                        -0.27632078528404236,
                        0.050385333597660065,
                        0.6819385290145874,
                        0.6366514563560486
                    ],
                    [
                        -0.4219704568386078,
                        -0.029311664402484894,
                        0.414885938167572,
                        0.7530553340911865
                    ],
                    [
                        -0.4540022313594818,
                        -0.0355013906955719,
                        0.40432119369506836,
                        0.6670963764190674
                    ],
                    [
                        -0.34934619069099426,
                        -0.07541877031326294,
                        0.5610109567642212,
                        0.5420328378677368
                    ],
                    [
                        -0.4156711995601654,
                        -0.018565721809864044,
                        0.7447938919067383,
                        0.534457802772522
                    ],
                    [
                        -0.4722236692905426,
                        -0.056109197437763214,
                        0.8481670618057251,
                        0.4295295476913452
                    ],
                    [
                        -0.6507465839385986,
                        -0.03276816010475159,
                        0.8415906429290771,
                        0.3991132080554962
                    ],
                    [
                        -0.5138662457466125,
                        -0.0011511147022247314,
                        0.8926771879196167,
                        0.43938690423965454
                    ],
                    [
                        -0.5645784735679626,
                        -0.015156552195549011,
                        0.9977807402610779,
                        0.44737014174461365
                    ],
                    [
                        -0.5988596677780151,
                        -0.04616190493106842,
                        0.9139017462730408,
                        0.44171977043151855
                    ],
                    [
                        -0.3169722259044647,
                        -0.21622666716575623,
                        0.908894956111908,
                        0.4183802008628845
                    ],
                    [
                        -0.4432882070541382,
                        -0.20005324482917786,
                        0.8974238634109497,
                        0.47392088174819946
                    ],
                    [
                        -0.4161713123321533,
                        -0.2270776331424713,
                        0.8249372243881226,
                        0.34563198685646057
                    ],
                    [
                        -0.3361967206001282,
                        -0.10533756762742996,
                        0.8142728805541992,
                        0.42577940225601196
                    ],
                    [
                        -0.37133195996284485,
                        -0.0899006649851799,
                        0.8622623085975647,
                        0.33770573139190674
                    ],
                    [
                        -0.4176848232746124,
                        -0.014927051961421967,
                        0.8746645450592041,
                        0.3765386939048767
                    ],
                    [
                        -0.38639670610427856,
                        -0.04014771431684494,
                        0.8049288988113403,
                        0.47647738456726074
                    ],
                    [
                        -0.381675124168396,
                        -0.09291280806064606,
                        0.8709633350372314,
                        0.3919745981693268
                    ],
                    [
                        -0.3853086233139038,
                        -0.22764715552330017,
                        0.8355615139007568,
                        0.4522918462753296
                    ]
                ]
            ],
            "actions_pred": [
                [
                    [
                        -0.20883113145828247,
                        -0.27632078528404236,
                        -0.4219704568386078,
                        -0.4540022313594818,
                        -0.34934619069099426,
                        -0.4156711995601654,
