{
    "steps": [
        {
            "step": 0,
            "train_loss": 2.2140913642942905e-05,
            "actions_pred1": [
                [
                    [
                        -0.9441766142845154,
                        1.4340012073516846,
                        7.016813278198242,
                        -3.4249837398529053
                    ],
                    [
                        -0.3152400255203247,
                        0.20155897736549377,
                        8.112953186035156,
                        -3.8735833168029785
                    ],
                    [
                        -0.1447906494140625,
                        0.09408479928970337,
                        8.525960922241211,
                        -4.19116735458374
                    ],
                    [
                        0.2657891511917114,
                        -0.011987537145614624,
                        8.432546615600586,
                        -4.33436918258667
                    ],
                    [
                        0.15943902730941772,
                        -0.3247826099395752,
                        8.132902145385742,
                        -4.511556625366211
                    ],
                    [
                        -0.025447934865951538,
                        -1.0227220058441162,
                        7.922833442687988,
                        -3.9540066719055176
                    ],
                    [
                        -0.18132267892360687,
                        -1.2794033288955688,
                        7.940633296966553,
                        -3.7798986434936523
                    ],
                    [
                        -0.37058401107788086,
                        -1.364448070526123,
                        7.997902870178223,
                        -3.904069423675537
                    ],
                    [
                        -0.3277640640735626,
                        -1.3342317342758179,
                        8.017586708068848,
                        -3.9469051361083984
                    ],
                    [
                        -0.18349115550518036,
                        -1.2953873872756958,
                        8.089215278625488,
                        -4.255147457122803
                    ],
                    [
                        -0.2105046808719635,
                        -1.2184925079345703,
                        8.142866134643555,
                        -4.371241569519043
                    ],
                    [
                        -0.19215354323387146,
                        -1.0666334629058838,
                        8.151684761047363,
                        -4.382619380950928
                    ],
                    [
                        -0.2396760731935501,
                        -0.8951841592788696,
                        8.12247085571289,
                        -4.210411071777344
                    ],
                    [
                        -0.14198201894760132,
                        -0.9180366396903992,
                        7.977719306945801,
                        -4.145076751708984
                    ],
                    [
                        0.12357848882675171,
                        -0.9944152235984802,
                        7.880330562591553,
                        -4.356508255004883
                    ],
                    [
                        0.20871327817440033,
                        -0.939530611038208,
                        7.736347198486328,
                        -4.3412909507751465
                    ],
                    [
                        0.44733762741088867,
                        -1.077895998954773,
                        7.835424423217773,
                        -4.393854141235352
                    ],
                    [
                        0.4451577067375183,
                        -0.9982233047485352,
                        7.739778518676758,
                        -4.316373348236084
                    ],
                    [
                        0.5184795260429382,
                        -0.9016423225402832,
                        7.81193733215332,
                        -4.345083236694336
                    ],
                    [
                        0.5236321091651917,
                        -0.8935413956642151,
                        7.76371431350708,
                        -4.239955902099609
                    ]
                ]
            ],
            "actions_pred": [
                [
                    [
                        -0.9441766142845154,
                        -0.3152400255203247,
                        -0.1447906494140625,
                        0.2657891511917114,
                        0.15943902730941772,
                        -0.025447934865951538,
                        -0.18132267892360687,
                        -0.37058401107788086,
                        -0.3277640640735626,
                        -0.18349115550518036,
                        -0.2105046808719635,
                        -0.19215354323387146,
                        -0.2396760731935501,
                        -0.14198201894760132,
                        0.12357848882675171,
                        0.20871327817440033,
                        0.44733762741088867,
                        0.4451577067375183,
                        0.5184795260429382,
                        0.5236321091651917
                    ],
                    [
                        1.4340012073516846,
                        0.20155897736549377,
                        0.09408479928970337,
                        -0.011987537145614624,
                        -0.3247826099395752,
                        -1.0227220058441162,
                        -1.2794033288955688,
                        -1.364448070526123,
                        -1.3342317342758179,
                        -1.2953873872756958,
                        -1.2184925079345703,
                        -1.0666334629058838,
                        -0.8951841592788696,
                        -0.9180366396903992,
                        -0.9944152235984802,
                        -0.939530611038208,
                        -1.077895998954773,
                        -0.9982233047485352,
                        -0.9016423225402832,
                        -0.8935413956642151
                    ],
                    [
                        7.016813278198242,
                        8.112953186035156,
                        8.525960922241211,
                        8.432546615600586,
                        8.132902145385742,
                        7.922833442687988,
                        7.940633296966553,
                        7.997902870178223,
                        8.017586708068848,
                        8.089215278625488,
                        8.142866134643555,
                        8.151684761047363,
                        8.12247085571289,
                        7.977719306945801,
                        7.880330562591553,
                        7.736347198486328,
                        7.835424423217773,
                        7.739778518676758,
                        7.81193733215332,
                        7.76371431350708
                    ],
                    [
                        -3.4249837398529053,
                        -3.8735833168029785,
                        -4.19116735458374,
                        -4.33436918258667,
                        -4.511556625366211,
                        -3.9540066719055176,
                        -3.7798986434936523,
                        -3.904069423675537,
                        -3.9469051361083984,
                        -4.255147457122803,
                        -4.371241569519043,
                        -4.382619380950928,
                        -4.210411071777344,
                        -4.145076751708984,
                        -4.356508255004883,
                        -4.3412909507751465,
                        -4.393854141235352,
                        -4.316373348236084,
                        -4.345083236694336,
                        -4.239955902099609
                    ]
                ]
            ],
            "states": [
                [
                    [
                        5334432.0,
                        2.079466503346339e-05,
                        0.00026978878304362297,
                        822567.125
                    ],
                    [
                        5450272.0,
                        2.0477313228184357e-05,
                        0.00027627943200059235,
                        856531.375
                    ],
                    [
                        5496608.0,
                        2.0164978195680305e-05,
                        0.00025924446526914835,
                        796247.875
                    ],
                    [
                        5340224.0,
                        1.901392352010589e-05,
                        0.006524195894598961,
                        835512.25
                    ],
                    [
                        5366288.0,
                        1.8750137314782478e-05,
                        0.002146858023479581,
                        813363.3125
                    ],
                    [
                        5389456.0,
                        1.8492408344172873e-05,
                        0.0023773028515279293,
                        845072.375
                    ],
                    [
                        5118680.0,
                        1.8247363186674193e-05,
                        0.0020079242531210184,
                        804446.8125
                    ],
                    [
                        5463304.0,
                        1.8007134713116102e-05,
                        0.0019139255164191127,
                        824885.1875
                    ],
                    [
                        5337328.0,
                        1.7768334146239795e-05,
                        0.0013429223326966166,
                        814676.0
                    ],
                    [
                        5398144.0,
                        1.753715696395375e-05,
                        0.0011628043139353395,
                        805373.25
                    ],
                    [
                        5337328.0,
                        1.7311906049144454e-05,
                        0.0009117702720686793,
                        826102.5
                    ],
                    [
                        5053520.0,
                        1.709933530946728e-05,
                        0.000803604198154062,
                        828294.75
                    ],
                    [
                        5891912.0,
                        1.6881092960829847e-05,
                        0.000699773314408958,
                        791778.0625
                    ],
                    [
                        5104200.0,
                        1.6667219824739732e-05,
                        0.0006680691731162369,
                        868015.875
                    ],
                    [
                        5372080.0,
                        1.646851160330698e-05,
                        0.0005246230284683406,
                        748358.1875
                    ],
                    [
                        5262032.0,
                        1.6271596905426122e-05,
                        0.00046889804070815444,
                        796238.875
                    ],
                    [
                        5473440.0,
                        1.6077548934845254e-05,
                        0.00035997320082969964,
                        812237.5625
                    ],
                    [
                        4978224.0,
                        1.589297789905686e-05,
                        0.00037329201586544514,
                        806297.3125
                    ],
                    [
                        5450272.0,
                        1.571305256220512e-05,
                        0.00029995679506100714,
                        802099.3125
                    ],
                    [
                        5424208.0,
                        1.5529669326497242e-05,
                        0.0002722619683481753,
                        836648.625
                    ]
                ]
            ],
            "actions": [
                [
                    [
                        0.75
                    ],
                    [
                        0.75
                    ],
                    [
                        0.75
                    ],
                    [
                        0.75
                    ],
                    [
                        0.75
                    ],
                    [
                        0.75
                    ],
                    [
                        0.75
                    ],
                    [
                        0.75
                    ],
                    [
                        0.75
                    ],
                    [
                        0.75
                    ],
                    [
                        0.75
                    ],
                    [
                        0.75
                    ],
                    [
                        0.75
                    ],
                    [
                        0.75
                    ],
                    [
                        0.75
                    ],
                    [
                        0.75
                    ],
                    [
                        0.75
                    ],
                    [
                        0.75
                    ],
                    [
                        0.75
                    ],
                    [
                        0.75
                    ]
                ]
            ],
            "returns": [
                [
                    [
                        0.3232199251651764
                    ],
                    [
                        0.3222866356372833
                    ],
                    [
                        0.32135143876075745
                    ],
                    [
                        0.3204154968261719
                    ],
                    [
                        0.31948211789131165
                    ],
                    [
                        0.3185482919216156
                    ],
                    [
                        0.3176141083240509
                    ],
                    [
                        0.31668445467948914
                    ],
                    [
                        0.31574904918670654
                    ],
                    [
                        0.3148157298564911
                    ],
                    [
                        0.31388136744499207
                    ],
                    [
                        0.3129480481147766
                    ],
                    [
                        0.3120195269584656
                    ],
                    [
                        0.31107744574546814
                    ],
                    [
                        0.31014806032180786
                    ],
                    [
                        0.30921414494514465
                    ],
                    [
                        0.3082820773124695
                    ],
                    [
                        0.30734649300575256
                    ],
                    [
                        0.306419312953949
                    ],
                    [
                        0.3054841458797455
                    ]
                ]
            ],
            "timesteps": [
                [
                    280,
                    281,
                    282,
                    283,
                    284,
                    285,
                    286,
                    287,
                    288,
                    289,
                    290,
                    291,
                    292,
                    293,
                    294,
                    295,
                    296,
                    297,
                    298,
                    299
                ]
            ],
            "labels": [
                [
                    2,
                    2,
                    2,
                    2,
                    2,
                    2,
                    2,
                    2,
                    2,
                    2,
                    2,
                    2,
                    2,
                    2,
                    2,
                    2,
                    2,
                    2,
                    2,
                    2
                ]
            ],
            "CPU Usage": 45.9,
            "RAM Usage": 54.9,
            "GPU Usage": 0.0,
            "VRAM Usage": 355.0,
            "Disk Read Speed (MB/s)": 206670.1396484375,
            "Disk Write Speed (MB/s)": 443224.2900390625
        },
        {
            "step": 1,
            "train_loss": 4.2898289393633604e-05,
            "actions_pred1": [
                [
                    [
                        6.029567718505859,
                        0.7108383774757385,
                        -0.24974974989891052,
                        -5.7683024406433105
                    ],
                    [
                        6.530465126037598,
                        0.7773047685623169,
                        -0.46072977781295776,
                        -5.455672264099121
                    ],
                    [
                        7.124876022338867,
                        0.1718703806400299,
                        -0.3867547810077667,
                        -5.500871658325195
                    ],
                    [
                        7.785195827484131,
                        -0.3835878372192383,
                        -0.8323335647583008,
                        -5.621729850769043
                    ],
                    [
                        7.75828742980957,
                        -0.2688668966293335,
                        -1.0211329460144043,
                        -5.791965961456299
                    ],
                    [
                        7.584352970123291,
                        -0.25901004672050476,
                        -1.350337266921997,
                        -5.782537937164307
                    ],
                    [
                        7.450956344604492,
                        -0.04969877004623413,
                        -1.18534517288208,
                        -5.68142032623291
                    ],
                    [
                        7.36386775970459,
                        -0.23009738326072693,
                        -1.2569267749786377,
                        -5.815224647521973
                    ],
                    [
                        7.535340785980225,
                        -0.0430489182472229,
                        -1.1272732019424438,
                        -5.871429443359375
                    ],
                    [
                        7.88440465927124,
                        -0.08674199879169464,
                        -0.9154040813446045,
                        -6.00738525390625
                    ],
                    [
                        7.320413589477539,
                        -0.44479596614837646,
                        -1.162567138671875,
                        -5.952230930328369
                    ],
                    [
                        7.114668846130371,
                        -0.4174038767814636,
                        -1.007714033126831,
                        -5.705398082733154
                    ],
                    [
                        7.242880821228027,
                        -0.24969922006130219,
                        -1.1578950881958008,
                        -5.583551406860352
                    ],
                    [
                        7.18646240234375,
                        -0.14890989661216736,
                        -1.3410205841064453,
                        -5.714050769805908
                    ],
                    [
                        7.461782932281494,
                        -0.12418396770954132,
                        -1.426149845123291,
                        -5.710179328918457
                    ],
                    [
                        7.148518085479736,
                        -0.14519017934799194,
                        -1.4183659553527832,
                        -5.78389835357666
                    ],
                    [
                        6.718287467956543,
                        -0.11944882571697235,
                        -1.1755987405776978,
                        -5.66426944732666
                    ],
                    [
                        6.66977596282959,
                        -0.0235050767660141,
                        -1.009946346282959,
                        -5.57724142074585
                    ],
                    [
                        6.731396198272705,
                        0.11456096917390823,
                        -1.0351840257644653,
                        -5.66941499710083
                    ],
                    [
                        6.8683624267578125,
                        -0.04658740758895874,
                        -0.7466021776199341,
                        -5.769636154174805
                    ]
                ]
            ],
            "actions_pred": [
                [
                    [
                        6.029567718505859,
                        6.530465126037598,
                        7.124876022338867,
                        7.785195827484131,
                        7.75828742980957,
                        7.584352970123291,
                        7.450956344604492,
                        7.36386775970459,
                        7.535340785980225,
                        7.88440465927124,
                        7.320413589477539,
                        7.114668846130371,
                        7.242880821228027,
                        7.18646240234375,
                        7.461782932281494,
                        7.148518085479736,
                        6.718287467956543,
                        6.66977596282959,
                        6.731396198272705,
                        6.8683624267578125
                    ],
                    [
                        0.7108383774757385,
                        0.7773047685623169,
                        0.1718703806400299,
                        -0.3835878372192383,
                        -0.2688668966293335,
                        -0.25901004672050476,
                        -0.04969877004623413,
                        -0.23009738326072693,
                        -0.0430489182472229,
                        -0.08674199879169464,
                        -0.44479596614837646,
                        -0.4174038767814636,
                        -0.24969922006130219,
                        -0.14890989661216736,
                        -0.12418396770954132,
                        -0.14519017934799194,
                        -0.11944882571697235,
                        -0.0235050767660141,
                        0.11456096917390823,
                        -0.04658740758895874
                    ],
                    [
                        -0.24974974989891052,
                        -0.46072977781295776,
                        -0.3867547810077667,
                        -0.8323335647583008,
                        -1.0211329460144043,
                        -1.350337266921997,
                        -1.18534517288208,
                        -1.2569267749786377,
                        -1.1272732019424438,
                        -0.9154040813446045,
                        -1.162567138671875,
                        -1.007714033126831,
                        -1.1578950881958008,
                        -1.3410205841064453,
                        -1.426149845123291,
                        -1.4183659553527832,
                        -1.1755987405776978,
                        -1.009946346282959,
                        -1.0351840257644653,
                        -0.7466021776199341
                    ],
                    [
                        -5.7683024406433105,
                        -5.455672264099121,
                        -5.500871658325195,
                        -5.621729850769043,
                        -5.791965961456299,
                        -5.782537937164307,
                        -5.68142032623291,
                        -5.815224647521973,
                        -5.871429443359375,
                        -6.00738525390625,
                        -5.952230930328369,
                        -5.705398082733154,
                        -5.583551406860352,
                        -5.714050769805908,
                        -5.710179328918457,
                        -5.78389835357666,
                        -5.66426944732666,
                        -5.57724142074585,
                        -5.66941499710083,
                        -5.769636154174805
                    ]
                ]
            ],
            "states": [
                [
                    [
                        492320.0,
                        0.00014767394168302417,
                        0.018082506954669952,
                        363027.84375
                    ],
                    [
                        506800.0,
                        0.00014520809054374695,
                        0.01018515508621931,
                        441748.1875
                    ],
                    [
                        501008.0,
                        0.00014280257164500654,
                        0.009355437941849232,
                        481891.75
                    ],
                    [
                        543000.0,
                        0.00014039389498066157,
                        0.008023547939956188,
                        309271.0625
                    ],
                    [
                        571960.0,
                        0.00013790946104563773,
                        0.007616695482283831,
                        326690.1875
                    ],
                    [
                        626984.0,
                        0.00013533451419789344,
                        0.00705355079844594,
                        304830.28125
                    ],
                    [
                        582096.0,
                        0.00013283209409564734,
                        0.006484133191406727,
                        283344.0
                    ],
                    [
                        638568.0,
                        0.00013039908662904054,
                        0.005326922982931137,
                        341204.21875
                    ],
                    [
                        584992.0,
                        0.00012804687139578164,
                        0.005689277779310942,
                        350770.6875
                    ],
                    [
                        631328.0,
                        0.00012579229951370507,
                        0.0069713592529296875,
                        304207.3125
                    ],
                    [
                        438744.0,
                        0.00012387130118440837,
                        0.005918858107179403,
                        445445.40625
                    ],
                    [
                        682008.0,
                        0.00012192520807730034,
                        0.005743528250604868,
                        443906.625
                    ],
                    [
                        894864.0,
                        0.00011928792810067534,
                        0.007119554560631514,
                        502220.71875
                    ],
                    [
                        799296.0,
                        0.00011657496361294761,
                        0.006755398586392403,
                        559882.4375
                    ],
                    [
                        1003464.0,
                        0.000113823996798601,
                        0.007165591698139906,
                        431313.21875
                    ],
                    [
                        990432.0,
                        0.00011092599743278697,
                        0.006897749379277229,
                        501689.5625
                    ],
                    [
                        1185912.0,
                        0.00010792924149427563,
                        0.00677958969026804,
                        421160.84375
                    ],
                    [
                        1324920.0,
                        0.00010466613457538188,
                        0.006738434080034494,
                        445300.59375
                    ],
                    [
                        1403112.0,
                        0.00010133643809240311,
                        0.008364989422261715,
                        440591.6875
                    ],
                    [
                        1637688.0,
                        9.786803275346756e-05,
                        0.005549952387809753,
                        381840.25
                    ]
                ]
            ],
            "actions": [
                [
                    [
                        0.25
                    ],
                    [
                        0.25
                    ],
                    [
                        0.25
                    ],
                    [
                        0.25
                    ],
                    [
                        0.25
                    ],
                    [
                        0.25
                    ],
                    [
                        0.25
                    ],
                    [
                        0.25
                    ],
                    [
                        0.25
                    ],
                    [
                        0.25
                    ],
                    [
                        0.25
                    ],
                    [
                        0.25
                    ],
                    [
                        0.25
                    ],
                    [
                        0.25
                    ],
                    [
                        0.25
                    ],
                    [
                        0.25
                    ],
                    [
                        0.25
                    ],
                    [
                        0.25
                    ],
                    [
                        0.25
                    ],
                    [
                        0.25
                    ]
                ]
            ],
            "returns": [
                [
                    [
                        0.06894823163747787
                    ],
                    [
                        0.06822619587182999
                    ],
                    [
                        0.06750158965587616
                    ],
                    [
                        0.06677800416946411
                    ],
                    [
                        0.06604728102684021
                    ],
                    [
                        0.06531195342540741
                    ],
                    [
                        0.06456847488880157
                    ],
                    [
                        0.06383159011602402
                    ],
                    [
                        0.06308649480342865
                    ],
                    [
                        0.062349170446395874
                    ],
                    [
                        0.06160508468747139
                    ],
                    [
                        0.060893263667821884
                    ],
                    [
                        0.060142334550619125
                    ],
                    [
                        0.05936732143163681
                    ],
                    [
                        0.05860232189297676
                    ],
                    [
                        0.05781715363264084
                    ],
                    [
                        0.05703314393758774
                    ],
                    [
                        0.05623316764831543
                    ],
                    [
                        0.05542336031794548
                    ],
                    [
                        0.05460847169160843
                    ]
                ]
            ],
            "timesteps": [
                [
                    560,
                    561,
                    562,
                    563,
                    564,
                    565,
                    566,
                    567,
                    568,
                    569,
                    570,
                    571,
                    572,
                    573,
                    574,
                    575,
                    576,
                    577,
                    578,
                    579
                ]
            ],
            "labels": [
                [
                    0,
                    0,
                    0,
                    0,
                    0,
                    0,
                    0,
                    0,
                    0,
                    0,
                    0,
                    0,
                    0,
                    0,
                    0,
                    0,
                    0,
                    0,
                    0,
                    0
                ]
            ],
            "CPU Usage": 46.7,
            "RAM Usage": 55.0,
            "GPU Usage": 0.0,
            "VRAM Usage": 355.0,
            "Disk Read Speed (MB/s)": 206670.2490234375,
            "Disk Write Speed (MB/s)": 443224.4658203125
        },
        {
            "step": 2,
            "train_loss": 6.966762884985656e-05,
            "actions_pred1": [
                [
                    [
                        5.755647659301758,
                        1.5397467613220215,
                        -0.016578741371631622,
                        -5.4073872566223145
                    ],
                    [
                        5.836476802825928,
                        0.899193525314331,
                        -0.11425021290779114,
                        -4.712887763977051
                    ],
                    [
                        6.145254611968994,
                        0.5217040777206421,
                        0.19361674785614014,
                        -5.0832085609436035
                    ],
                    [
                        7.2386064529418945,
                        0.5127144455909729,
                        0.19948755204677582,
                        -5.510505676269531
                    ],
                    [
                        8.022417068481445,
                        0.2116994857788086,
                        0.32895219326019287,
                        -5.873504638671875
                    ],
                    [
                        8.341312408447266,
                        0.431767076253891,
                        0.09631243348121643,
                        -5.9709153175354
                    ],
                    [
                        8.407657623291016,
                        0.6784747242927551,
                        0.15944018959999084,
                        -6.412070274353027
                    ],
                    [
                        8.463825225830078,
                        0.49222779273986816,
                        -0.12469536066055298,
                        -6.273107528686523
                    ],
                    [
                        8.251333236694336,
                        0.47386908531188965,
                        -0.08791957795619965,
                        -6.524894714355469
                    ],
                    [
                        8.681839942932129,
                        0.8916052579879761,
                        -0.005251362919807434,
                        -6.811086654663086
                    ],
                    [
                        9.156511306762695,
                        1.565476655960083,
                        -0.02370905876159668,
                        -6.908499717712402
                    ],
                    [
                        9.294267654418945,
                        1.466165542602539,
                        -0.15489047765731812,
                        -6.8385419845581055
                    ],
                    [
                        9.258538246154785,
                        1.6115732192993164,
                        -0.305270791053772,
                        -6.828619956970215
                    ],
                    [
                        9.336581230163574,
                        1.4386773109436035,
                        -0.16724926233291626,
                        -6.708176612854004
                    ],
                    [
                        9.293023109436035,
                        1.0785948038101196,
                        -0.4595882296562195,
                        -6.812617301940918
                    ],
                    [
                        9.565339088439941,
                        0.9909590482711792,
                        -0.4448801279067993,
                        -6.938549041748047
                    ],
                    [
                        9.265728950500488,
                        1.0616122484207153,
                        -0.3503289818763733,
                        -6.866031169891357
                    ],
                    [
                        9.085968017578125,
                        1.0960592031478882,
                        -0.2528841495513916,
                        -6.9713053703308105
                    ],
                    [
                        8.682653427124023,
                        1.2318787574768066,
                        -0.32963860034942627,
                        -6.678400993347168
                    ],
                    [
                        8.587163925170898,
                        1.116350531578064,
                        -0.08466517925262451,
                        -6.290942668914795
                    ]
                ]
            ],
            "actions_pred": [
                [
                    [
                        5.755647659301758,
                        5.836476802825928,
                        6.145254611968994,
                        7.2386064529418945,
                        8.022417068481445,
                        8.341312408447266,
                        8.407657623291016,
                        8.463825225830078,
                        8.251333236694336,
                        8.681839942932129,
                        9.156511306762695,
                        9.294267654418945,
