{
    "steps": [
        {
            "step": 0,
            "train_loss": 0.04709862917661667,
            "actions_pred1": [
                [
                    [
                        0.33759602904319763,
                        0.5953621864318848,
                        0.7847029566764832,
                        -1.0603382587432861
                    ],
                    [
                        0.36090511083602905,
                        0.7822354435920715,
                        0.7262398600578308,
                        -0.8613697290420532
                    ],
                    [
                        0.27866482734680176,
                        0.7083521485328674,
                        0.4507395923137665,
                        -0.712044358253479
                    ],
                    [
                        0.2518119215965271,
                        0.6935357451438904,
                        0.4431440532207489,
                        -0.7904837131500244
                    ],
                    [
                        0.3629295229911804,
                        0.639074444770813,
                        0.6411855220794678,
                        -0.983975887298584
                    ],
                    [
                        0.29901957511901855,
                        0.678119421005249,
                        0.7985012531280518,
                        -0.9582720994949341
                    ],
                    [
                        0.22806860506534576,
                        0.6260591745376587,
                        0.8970301747322083,
                        -1.0348694324493408
                    ],
                    [
                        0.03191372752189636,
                        0.6519420146942139,
                        0.8745014071464539,
                        -1.0759880542755127
                    ],
                    [
                        0.17697791755199432,
                        0.6945750713348389,
                        0.95938640832901,
                        -1.05473792552948
                    ],
                    [
                        0.14051072299480438,
                        0.6775321960449219,
                        1.0601907968521118,
                        -1.0547146797180176
                    ],
                    [
                        0.11031312495470047,
                        0.6674703359603882,
                        0.9776041507720947,
                        -1.0871307849884033
                    ],
                    [
                        0.41469892859458923,
                        0.4659537672996521,
                        0.9807600975036621,
                        -1.1234722137451172
                    ],
                    [
                        0.27286162972450256,
                        0.4801822006702423,
                        0.9675697684288025,
                        -1.011854887008667
                    ],
                    [
                        0.27874886989593506,
                        0.4420541226863861,
                        0.8908160924911499,
                        -1.1275264024734497
                    ],
                    [
                        0.3498343825340271,
                        0.5667312145233154,
                        0.8702518939971924,
                        -1.0706528425216675
                    ],
                    [
                        0.31213968992233276,
                        0.591773271560669,
                        0.9260486364364624,
                        -1.1606158018112183
                    ],
                    [
                        0.2721426486968994,
                        0.70199054479599,
                        0.9558244347572327,
                        -1.1598308086395264
                    ],
                    [
                        0.2935018539428711,
                        0.6844475269317627,
                        0.8897674679756165,
                        -1.0368983745574951
                    ],
                    [
                        0.28892403841018677,
                        0.6315101385116577,
                        0.9404767751693726,
                        -1.0995968580245972
                    ],
                    [
                        0.2994813919067383,
                        0.4906601905822754,
                        0.9021484851837158,
                        -1.0375986099243164
                    ]
                ]
            ],
            "actions_pred": [
                [
                    [
                        0.33759602904319763,
                        0.36090511083602905,
                        0.27866482734680176,
                        0.2518119215965271,
                        0.3629295229911804,
                        0.29901957511901855,
                        0.22806860506534576,
                        0.03191372752189636,
                        0.17697791755199432,
                        0.14051072299480438,
                        0.11031312495470047,
                        0.41469892859458923,
                        0.27286162972450256,
                        0.27874886989593506,
                        0.3498343825340271,
                        0.31213968992233276,
                        0.2721426486968994,
                        0.2935018539428711,
                        0.28892403841018677,
                        0.2994813919067383
                    ],
                    [
                        0.5953621864318848,
                        0.7822354435920715,
                        0.7083521485328674,
                        0.6935357451438904,
                        0.639074444770813,
                        0.678119421005249,
                        0.6260591745376587,
                        0.6519420146942139,
                        0.6945750713348389,
                        0.6775321960449219,
                        0.6674703359603882,
                        0.4659537672996521,
                        0.4801822006702423,
                        0.4420541226863861,
                        0.5667312145233154,
                        0.591773271560669,
                        0.70199054479599,
                        0.6844475269317627,
                        0.6315101385116577,
                        0.4906601905822754
                    ],
                    [
                        0.7847029566764832,
                        0.7262398600578308,
                        0.4507395923137665,
                        0.4431440532207489,
                        0.6411855220794678,
                        0.7985012531280518,
                        0.8970301747322083,
                        0.8745014071464539,
                        0.95938640832901,
                        1.0601907968521118,
                        0.9776041507720947,
                        0.9807600975036621,
                        0.9675697684288025,
                        0.8908160924911499,
                        0.8702518939971924,
                        0.9260486364364624,
                        0.9558244347572327,
                        0.8897674679756165,
                        0.9404767751693726,
                        0.9021484851837158
                    ],
                    [
                        -1.0603382587432861,
                        -0.8613697290420532,
                        -0.712044358253479,
                        -0.7904837131500244,
                        -0.983975887298584,
                        -0.9582720994949341,
                        -1.0348694324493408,
                        -1.0759880542755127,
                        -1.05473792552948,
                        -1.0547146797180176,
                        -1.0871307849884033,
                        -1.1234722137451172,
                        -1.011854887008667,
                        -1.1275264024734497,
                        -1.0706528425216675,
                        -1.1606158018112183,
                        -1.1598308086395264,
                        -1.0368983745574951,
                        -1.0995968580245972,
                        -1.0375986099243164
                    ]
                ]
            ],
            "states": [
                [
                    [
                        6621704.0,
                        1.1313585673633497e-05,
                        0.0001999229716602713,
                        484312.6875
                    ],
                    [
                        5593624.0,
                        1.1206535418750718e-05,
                        0.0002002958208322525,
                        482520.40625
                    ],
                    [
                        5813720.0,
                        1.1108420039818157e-05,
                        0.0002003357367357239,
                        504661.125
                    ],
                    [
                        6207576.0,
                        1.1006884960806929e-05,
                        0.00022690219338983297,
                        474948.0
                    ],
                    [
                        8008888.0,
                        1.0889214536291547e-05,
                        0.00020534798386506736,
                        464277.84375
                    ],
                    [
                        6072912.0,
                        1.0774994734674692e-05,
                        0.00021573639241978526,
                        487907.71875
                    ],
                    [
                        5771728.0,
                        1.0680801096896175e-05,
                        0.00024723794194869697,
                        495985.625
                    ],
                    [
                        6184408.0,
                        1.058739326253999e-05,
                        0.00024693002342246473,
                        490380.28125
                    ],
                    [
                        5453168.0,
                        1.0498003575776238e-05,
                        0.00023204070748761296,
                        479010.4375
                    ],
                    [
                        5473440.0,
                        1.0415451470180415e-05,
                        0.00018021401774603873,
                        503120.46875
                    ],
                    [
                        5495160.0,
                        1.0333877071388997e-05,
                        0.0002400711819063872,
                        501130.78125
                    ],
                    [
                        5522672.0,
                        1.0253213076794054e-05,
                        0.000246424344368279,
                        482833.53125
                    ],
                    [
                        5845344.0,
                        1.0171300345973577e-05,
                        0.0002318411279702559,
                        521404.9375
                    ],
                    [
                        5531592.0,
                        1.0090602700074669e-05,
                        0.00026174713275395334,
                        512859.59375
                    ],
                    [
                        5728288.0,
                        1.0011996891989838e-05,
                        0.0002589555806480348,
                        492848.15625
                    ],
                    [
                        8446184.0,
                        9.914833754010033e-06,
                        0.0002588448696769774,
                        439526.84375
                    ],
                    [
                        5611000.0,
                        9.82020083029056e-06,
                        0.0002629015070851892,
                        482211.375
                    ],
                    [
                        5854264.0,
                        9.744398084876593e-06,
                        0.00024613598361611366,
                        493941.5
                    ],
                    [
                        5595072.0,
                        9.669850442151073e-06,
                        0.00026028408319689333,
                        487503.5625
                    ],
                    [
                        5576248.0,
                        9.598206816008314e-06,
                        0.000249440228799358,
                        493113.71875
                    ]
                ]
            ],
            "actions": [
                [
                    [
                        0.25
                    ],
                    [
                        0.25
                    ],
                    [
                        0.25
                    ],
                    [
                        0.25
                    ],
                    [
                        0.25
                    ],
                    [
                        0.25
                    ],
                    [
                        0.25
                    ],
                    [
                        0.25
                    ],
                    [
                        0.25
                    ],
                    [
                        0.25
                    ],
                    [
                        0.25
                    ],
                    [
                        0.25
                    ],
                    [
                        0.25
                    ],
                    [
                        0.25
                    ],
                    [
                        0.25
                    ],
                    [
                        0.25
                    ],
                    [
                        0.25
                    ],
                    [
                        0.25
                    ],
                    [
                        0.25
                    ],
                    [
                        0.25
                    ]
                ]
            ],
            "returns": [
                [
                    [
                        0.22746260464191437
                    ],
                    [
                        0.22651013731956482
                    ],
                    [
                        0.2255726456642151
                    ],
                    [
                        0.22463172674179077
                    ],
                    [
                        0.22368499636650085
                    ],
                    [
                        0.22271567583084106
                    ],
                    [
                        0.22177089750766754
                    ],
                    [
                        0.22083061933517456
                    ],
                    [
                        0.2198842167854309
                    ],
                    [
                        0.21894897520542145
                    ],
                    [
                        0.21801340579986572
                    ],
                    [
                        0.21707747876644135
                    ],
                    [
                        0.21614111959934235
                    ],
                    [
                        0.21519970893859863
                    ],
                    [
                        0.2142632007598877
                    ],
                    [
                        0.21332359313964844
                    ],
                    [
                        0.2123495638370514
                    ],
                    [
                        0.21141178905963898
                    ],
                    [
                        0.2104702591896057
                    ],
                    [
                        0.2095327377319336
                    ]
                ]
            ],
            "timesteps": [
                [
                    380,
                    381,
                    382,
                    383,
                    384,
                    385,
                    386,
                    387,
                    388,
                    389,
                    390,
                    391,
                    392,
                    393,
                    394,
                    395,
                    396,
                    397,
                    398,
                    399
                ]
            ],
            "labels": [
                [
                    0,
                    0,
                    0,
                    0,
                    0,
                    0,
                    0,
                    0,
                    0,
                    0,
                    0,
                    0,
                    0,
                    0,
                    0,
                    0,
                    0,
                    0,
                    0,
                    0
                ]
            ],
            "CPU Usage": 46.8,
            "RAM Usage": 55.2,
            "GPU Usage": 0.0,
            "VRAM Usage": 355.0,
            "Disk Read Speed (MB/s)": 206397.8134765625,
            "Disk Write Speed (MB/s)": 379391.4423828125
        },
        {
            "step": 1,
            "train_loss": 0.03236675262451172,
            "actions_pred1": [
                [
                    [
                        0.5398812294006348,
                        0.4326838552951813,
                        0.5243916511535645,
                        -0.9503135681152344
                    ],
                    [
                        0.4289124310016632,
                        0.6528388857841492,
                        0.7512632012367249,
                        -0.8334475755691528
                    ],
                    [
                        0.3770812749862671,
                        0.8407566547393799,
                        0.7305797338485718,
                        -0.9471681118011475
                    ],
                    [
                        0.3852127194404602,
                        0.8415647745132446,
                        0.7564296126365662,
                        -0.9822720885276794
                    ],
                    [
                        0.44258081912994385,
                        0.8942577838897705,
                        0.7610150575637817,
                        -1.0511866807937622
                    ],
                    [
                        0.5058648586273193,
                        0.8139687180519104,
                        0.6492860913276672,
                        -1.1103779077529907
                    ],
                    [
                        0.5661697387695312,
                        0.9195135235786438,
                        0.7378908395767212,
                        -1.2209453582763672
                    ],
                    [
                        0.5747613310813904,
                        0.8823764324188232,
                        0.681067943572998,
                        -1.1744234561920166
                    ],
                    [
                        0.4516278803348541,
                        0.7972509860992432,
                        0.7470623850822449,
                        -1.2299375534057617
                    ],
                    [
                        0.45431968569755554,
                        0.8632441163063049,
                        0.7824130058288574,
                        -1.2555142641067505
                    ],
                    [
                        0.3474671244621277,
                        0.7264174222946167,
                        0.8774975538253784,
                        -1.4131994247436523
                    ],
                    [
                        0.2702059745788574,
                        0.7452499866485596,
                        0.7768378853797913,
                        -1.5126657485961914
                    ],
                    [
                        0.2958470582962036,
                        0.795352578163147,
                        0.7579510807991028,
                        -1.4356167316436768
                    ],
                    [
                        0.32471129298210144,
                        0.8371313810348511,
                        0.8057984113693237,
                        -1.3256504535675049
                    ],
                    [
                        0.18415968120098114,
                        0.6205018162727356,
                        0.8052948117256165,
                        -1.550992488861084
                    ],
                    [
                        0.33846816420555115,
                        0.5918141007423401,
                        0.7541020512580872,
                        -1.5032868385314941
                    ],
                    [
                        0.31976744532585144,
                        0.7016410827636719,
                        0.8024390935897827,
                        -1.5396783351898193
                    ],
                    [
                        0.3351730704307556,
                        0.7944422960281372,
                        0.6869057416915894,
                        -1.364410638809204
                    ],
                    [
                        0.4228677749633789,
                        0.7916134595870972,
                        0.8254324197769165,
                        -1.427405595779419
                    ],
                    [
                        0.4106975495815277,
                        0.8105340600013733,
                        0.8044782280921936,
                        -1.4387651681900024
                    ]
                ]
            ],
            "actions_pred": [
                [
                    [
                        0.5398812294006348,
                        0.4289124310016632,
                        0.3770812749862671,
                        0.3852127194404602,
                        0.44258081912994385,
                        0.5058648586273193,
                        0.5661697387695312,
                        0.5747613310813904,
                        0.4516278803348541,
                        0.45431968569755554,
                        0.3474671244621277,
                        0.2702059745788574,
                        0.2958470582962036,
                        0.32471129298210144,
                        0.18415968120098114,
                        0.33846816420555115,
                        0.31976744532585144,
                        0.3351730704307556,
                        0.4228677749633789,
                        0.4106975495815277
                    ],
                    [
                        0.4326838552951813,
                        0.6528388857841492,
                        0.8407566547393799,
                        0.8415647745132446,
                        0.8942577838897705,
                        0.8139687180519104,
                        0.9195135235786438,
                        0.8823764324188232,
                        0.7972509860992432,
                        0.8632441163063049,
                        0.7264174222946167,
                        0.7452499866485596,
                        0.795352578163147,
                        0.8371313810348511,
                        0.6205018162727356,
                        0.5918141007423401,
                        0.7016410827636719,
                        0.7944422960281372,
                        0.7916134595870972,
                        0.8105340600013733
                    ],
                    [
                        0.5243916511535645,
                        0.7512632012367249,
                        0.7305797338485718,
                        0.7564296126365662,
                        0.7610150575637817,
                        0.6492860913276672,
                        0.7378908395767212,
                        0.681067943572998,
                        0.7470623850822449,
                        0.7824130058288574,
                        0.8774975538253784,
                        0.7768378853797913,
                        0.7579510807991028,
                        0.8057984113693237,
                        0.8052948117256165,
                        0.7541020512580872,
                        0.8024390935897827,
                        0.6869057416915894,
                        0.8254324197769165,
                        0.8044782280921936
                    ],
                    [
                        -0.9503135681152344,
                        -0.8334475755691528,
                        -0.9471681118011475,
                        -0.9822720885276794,
                        -1.0511866807937622,
                        -1.1103779077529907,
                        -1.2209453582763672,
                        -1.1744234561920166,
                        -1.2299375534057617,
                        -1.2555142641067505,
                        -1.4131994247436523,
                        -1.5126657485961914,
                        -1.4356167316436768,
                        -1.3256504535675049,
                        -1.550992488861084,
                        -1.5032868385314941,
                        -1.5396783351898193,
                        -1.364410638809204,
                        -1.427405595779419,
                        -1.4387651681900024
                    ]
                ]
            ],
            "states": [
                [
                    [
                        6436360.0,
                        3.756791920750402e-05,
                        0.00023788119142409414,
                        525420.0
                    ],
                    [
                        5822408.0,
                        3.5673747333930805e-05,
                        0.0002484873402863741,
                        540076.8125
                    ],
                    [
                        6120696.0,
                        3.400527930352837e-05,
                        0.00025739934062585235,
                        546681.375
                    ],
                    [
                        6143632.0,
                        3.2446547265863046e-05,
                        0.00019004895875696093,
                        549135.1875
                    ],
                    [
                        6290344.0,
                        3.100591857219115e-05,
                        0.00022606240236200392,
                        515628.96875
                    ],
                    [
                        7225288.0,
                        2.9579521651612595e-05,
                        0.0002532026555854827,
                        501138.75
                    ],
                    [
                        5695216.0,
                        2.8330134227871895e-05,
                        0.0002667571825440973,
                        501280.09375
                    ],
                    [
                        6048296.0,
                        2.72848174063256e-05,
                        0.00026687141507864,
                        520591.84375
                    ],
                    [
                        5956840.0,
                        2.6292696929886006e-05,
                        0.0002529114135541022,
                        510954.5
                    ],
                    [
                        5511320.0,
                        2.5409783120267093e-05,
                        0.0002583715249784291,
                        498321.25
                    ],
                    [
                        7421000.0,
                        2.448467603244353e-05,
                        0.001365873496979475,
                        470548.53125
                    ],
                    [
                        6653560.0,
                        2.3549235265818425e-05,
                        0.0008239395683631301,
                        489404.40625
                    ],
                    [
                        5919424.0,
                        2.2772055672248825e-05,
                        0.0005388445570133626,
                        494672.6875
                    ],
                    [
                        6049744.0,
                        2.2078909751144238e-05,
                        0.0005018769879825413,
                        522203.84375
                    ],
                    [
                        5699328.0,
                        2.1438178009702824e-05,
                        0.0005396626074798405,
                        525676.375
                    ],
                    [
                        5907840.0,
                        2.084095285681542e-05,
                        0.00039070475031621754,
                        484434.71875
                    ],
                    [
                        7654128.0,
                        2.0184714230708778e-05,
                        0.00037147922557778656,
                        485244.75
                    ],
                    [
                        6171376.0,
                        1.9555423932615668e-05,
                        0.00035373689024709165,
                        520211.9375
                    ],
                    [
                        5359048.0,
                        1.9060054910369217e-05,
                        0.0003472233365755528,
                        514446.75
                    ],
                    [
                        5344568.0,
                        1.8622442439664155e-05,
                        0.00021890846255701035,
                        526664.75
                    ]
                ]
            ],
            "actions": [
                [
                    [
                        0.5
                    ],
                    [
                        0.5
                    ],
                    [
                        0.5
                    ],
                    [
                        0.5
                    ],
                    [
                        0.5
                    ],
                    [
                        0.5
                    ],
                    [
                        0.5
                    ],
                    [
                        0.5
                    ],
                    [
                        0.5
                    ],
                    [
                        0.5
                    ],
                    [
                        0.5
                    ],
                    [
                        0.5
                    ],
                    [
                        0.5
                    ],
                    [
                        0.5
                    ],
                    [
                        0.5
                    ],
                    [
                        0.5
                    ],
                    [
                        0.5
                    ],
                    [
                        0.5
                    ],
                    [
                        0.5
                    ],
                    [
                        0.5
                    ]
                ]
            ],
            "returns": [
                [
                    [
                        0.17125853896141052
                    ],
                    [
                        0.17030860483646393
                    ],
                    [
                        0.16936755180358887
                    ],
                    [
                        0.16842207312583923
                    ],
                    [
                        0.16747625172138214
                    ],
                    [
                        0.1665283590555191
                    ],
                    [
                        0.16556815803050995
                    ],
                    [
                        0.16462907195091248
                    ],
                    [
                        0.1636846512556076
                    ],
                    [
                        0.16274157166481018
                    ],
                    [
                        0.1618053913116455
                    ],
                    [
                        0.16084282100200653
                    ],
                    [
                        0.15988995134830475
                    ],
                    [
                        0.1589474231004715
                    ],
                    [
                        0.15800298750400543
                    ],
                    [
                        0.157063826918602
                    ],
                    [
                        0.15612147748470306
                    ],
                    [
                        0.1551561802625656
                    ],
                    [
                        0.15420997142791748
                    ],
                    [
                        0.153276264667511
                    ]
                ]
            ],
            "timesteps": [
                [
                    440,
                    441,
                    442,
                    443,
                    444,
                    445,
                    446,
                    447,
                    448,
                    449,
                    450,
                    451,
                    452,
                    453,
                    454,
                    455,
                    456,
                    457,
                    458,
                    459
                ]
            ],
            "labels": [
                [
                    1,
                    1,
                    1,
                    1,
                    1,
                    1,
                    1,
                    1,
                    1,
                    1,
                    1,
                    1,
                    1,
                    1,
                    1,
                    1,
                    1,
                    1,
                    1,
                    1
                ]
            ],
            "CPU Usage": 46.7,
            "RAM Usage": 55.5,
            "GPU Usage": 0.0,
            "VRAM Usage": 355.0,
            "Disk Read Speed (MB/s)": 206397.8134765625,
            "Disk Write Speed (MB/s)": 379393.8916015625
        },
        {
            "step": 2,
            "train_loss": 0.03406829759478569,
            "actions_pred1": [
                [
                    [
                        0.6640519499778748,
                        0.7086405754089355,
                        0.47577139735221863,
                        -0.9609230756759644
                    ],
                    [
                        0.5880914926528931,
                        0.8778519034385681,
                        0.5324476957321167,
                        -0.8841343522071838
                    ],
                    [
                        0.6362200379371643,
                        0.8813365697860718,
                        0.5297379493713379,
                        -1.0230779647827148
                    ],
                    [
                        0.6051012277603149,
                        0.8151195049285889,
                        0.419094055891037,
                        -1.0592347383499146
                    ],
                    [
                        0.37798944115638733,
                        1.0216461420059204,
                        0.6388194561004639,
                        -1.1742093563079834
                    ],
                    [
                        0.27058470249176025,
                        0.8133112788200378,
                        0.7032648921012878,
                        -1.1082574129104614
                    ],
                    [
                        0.5109660625457764,
                        0.8501921892166138,
                        0.7404187321662903,
                        -0.9714912176132202
                    ],
                    [
                        0.7829927206039429,
                        0.6480833292007446,
                        0.8048520088195801,
                        -1.1648523807525635
                    ],
                    [
                        0.5711556673049927,
                        0.7839840054512024,
                        0.9715291261672974,
                        -1.2079415321350098
                    ],
                    [
                        0.4599974751472473,
                        0.8135363459587097,
                        0.9246058464050293,
                        -1.1428431272506714
                    ],
                    [
                        0.5700414180755615,
                        0.7004550695419312,
                        0.7825562953948975,
                        -1.150011658668518
                    ],
                    [
                        0.6238499879837036,
                        0.7779818773269653,
                        0.8561843633651733,
                        -1.053961157798767
                    ],
                    [
                        0.5809842348098755,
                        0.7370395660400391,
                        0.8239375948905945,
                        -1.1150786876678467
                    ],
                    [
                        0.5167308449745178,
                        0.5822919011116028,
                        0.8351969122886658,
                        -1.144545078277588
                    ],
                    [
                        0.4770508408546448,
                        0.6355674266815186,
                        0.782779335975647,
                        -1.0688680410385132
                    ],
                    [
                        0.42026612162590027,
                        0.6473127007484436,
                        0.7555040121078491,
                        -0.9262803792953491
                    ],
                    [
                        0.5000076293945312,
                        0.7064962387084961,
                        0.805387020111084,
                        -0.9082881808280945
                    ],
                    [
                        0.5318845510482788,
                        0.7061585187911987,
                        0.8917051553726196,
                        -0.8615075349807739
                    ],
                    [
                        0.5911153554916382,
                        0.7608726024627686,
                        1.1010180711746216,
                        -0.9811521768569946
                    ],
                    [
                        0.5682871341705322,
                        0.7297486066818237,
                        0.9660700559616089,
                        -1.0507233142852783
                    ]
                ]
            ],
            "actions_pred": [
                [
                    [
                        0.6640519499778748,
                        0.5880914926528931,
                        0.6362200379371643,
                        0.6051012277603149,
                        0.37798944115638733,
                        0.27058470249176025,
                        0.5109660625457764,
                        0.7829927206039429,
                        0.5711556673049927,
                        0.4599974751472473,
                        0.5700414180755615,
