{
    "steps": [
        {
            "step": 0,
            "train_loss": 0.03110956773161888,
            "actions_pred1": [
                [
                    [
                        0.17034734785556793,
                        -0.22994443774223328,
                        0.4646840989589691,
                        0.4906504154205322
                    ],
                    [
                        -0.10852747410535812,
                        -0.14262248575687408,
                        0.44699209928512573,
                        0.6211203932762146
                    ],
                    [
                        -0.2948552966117859,
                        0.1391792595386505,
                        0.5758152604103088,
                        0.546885073184967
                    ],
                    [
                        -0.31408217549324036,
                        0.04777729511260986,
                        0.6478782892227173,
                        0.6072860956192017
                    ],
                    [
                        -0.3335843086242676,
                        -0.026877403259277344,
                        0.5777314901351929,
                        0.49736618995666504
                    ],
                    [
                        -0.2751694917678833,
                        -0.0012826211750507355,
                        0.6187536120414734,
                        0.4100702106952667
                    ],
                    [
                        -0.351470023393631,
                        -0.06671753525733948,
                        0.7003417611122131,
                        0.40410470962524414
                    ],
                    [
                        -0.5293471813201904,
                        -0.18571603298187256,
                        0.6541951894760132,
                        0.31701233983039856
                    ],
                    [
                        -0.4220346212387085,
                        -0.24354037642478943,
                        0.584935188293457,
                        0.34939515590667725
                    ],
                    [
                        -0.3851599395275116,
                        -0.03611048310995102,
                        0.7820348739624023,
                        0.346566379070282
                    ],
                    [
                        -0.4079686403274536,
                        0.04415891319513321,
                        0.9318215250968933,
                        0.40790629386901855
                    ],
                    [
                        -0.24202334880828857,
                        0.07472607493400574,
                        0.7324180603027344,
                        0.33999332785606384
                    ],
                    [
                        -0.10802227258682251,
                        0.014533508569002151,
                        0.8279784917831421,
                        0.253971129655838
                    ],
                    [
                        -0.22113868594169617,
                        -0.0745353251695633,
                        0.5401886701583862,
                        0.23045577108860016
                    ],
                    [
                        -0.30675721168518066,
                        -0.024402428418397903,
                        0.6534191370010376,
                        0.29909467697143555
                    ],
                    [
                        -0.1797393560409546,
                        -0.22754013538360596,
                        0.6501559019088745,
                        0.3416159749031067
                    ],
                    [
                        -0.19340366125106812,
                        -0.08122159540653229,
                        0.6219581365585327,
                        0.4729154109954834
                    ],
                    [
                        -0.2162652462720871,
                        0.09478446841239929,
                        0.7239770889282227,
                        0.5585473775863647
                    ],
                    [
                        -0.24322275817394257,
                        0.1615220159292221,
                        0.7534446716308594,
                        0.601844072341919
                    ],
                    [
                        -0.26778727769851685,
                        0.13537630438804626,
                        0.7397503852844238,
                        0.5267572402954102
                    ]
                ]
            ],
            "actions_pred": [
                [
                    [
                        0.17034734785556793,
                        -0.10852747410535812,
                        -0.2948552966117859,
                        -0.31408217549324036,
                        -0.3335843086242676,
                        -0.2751694917678833,
                        -0.351470023393631,
                        -0.5293471813201904,
                        -0.4220346212387085,
                        -0.3851599395275116,
                        -0.4079686403274536,
                        -0.24202334880828857,
                        -0.10802227258682251,
                        -0.22113868594169617,
                        -0.30675721168518066,
                        -0.1797393560409546,
                        -0.19340366125106812,
                        -0.2162652462720871,
                        -0.24322275817394257,
                        -0.26778727769851685
                    ],
                    [
                        -0.22994443774223328,
                        -0.14262248575687408,
                        0.1391792595386505,
                        0.04777729511260986,
                        -0.026877403259277344,
                        -0.0012826211750507355,
                        -0.06671753525733948,
                        -0.18571603298187256,
                        -0.24354037642478943,
                        -0.03611048310995102,
                        0.04415891319513321,
                        0.07472607493400574,
                        0.014533508569002151,
                        -0.0745353251695633,
                        -0.024402428418397903,
                        -0.22754013538360596,
                        -0.08122159540653229,
                        0.09478446841239929,
                        0.1615220159292221,
                        0.13537630438804626
                    ],
                    [
                        0.4646840989589691,
                        0.44699209928512573,
                        0.5758152604103088,
                        0.6478782892227173,
                        0.5777314901351929,
                        0.6187536120414734,
                        0.7003417611122131,
                        0.6541951894760132,
                        0.584935188293457,
                        0.7820348739624023,
                        0.9318215250968933,
                        0.7324180603027344,
                        0.8279784917831421,
                        0.5401886701583862,
                        0.6534191370010376,
                        0.6501559019088745,
                        0.6219581365585327,
                        0.7239770889282227,
                        0.7534446716308594,
                        0.7397503852844238
                    ],
                    [
                        0.4906504154205322,
                        0.6211203932762146,
                        0.546885073184967,
                        0.6072860956192017,
                        0.49736618995666504,
                        0.4100702106952667,
                        0.40410470962524414,
                        0.31701233983039856,
                        0.34939515590667725,
                        0.346566379070282,
                        0.40790629386901855,
                        0.33999332785606384,
                        0.253971129655838,
                        0.23045577108860016,
                        0.29909467697143555,
                        0.3416159749031067,
                        0.4729154109954834,
                        0.5585473775863647,
                        0.601844072341919,
                        0.5267572402954102
                    ]
                ]
            ],
            "states": [
                [
                    [
                        5305472.0,
                        8.719099241716322e-06,
                        0.00013201982073951513,
                        847637.0625
                    ],
                    [
                        5427104.0,
                        8.626127055322286e-06,
                        0.00013791865785606205,
                        798609.0
                    ],
                    [
                        5450272.0,
                        8.533900654583704e-06,
                        0.00014453318726737052,
                        879716.5
                    ],
                    [
                        5114336.0,
                        8.446181709587108e-06,
                        0.00014699026360176504,
                        849232.5625
                    ],
                    [
                        5466200.0,
                        8.360139872820582e-06,
                        0.00016071676509454846,
                        823946.3125
                    ],
                    [
                        5315608.0,
                        8.27424355520634e-06,
                        0.00016249381587840617,
                        854104.0625
                    ],
                    [
                        5602312.0,
                        8.189044820028357e-06,
                        0.0001488575799157843,
                        832423.8125
                    ],
                    [
                        5063656.0,
                        8.107467692752834e-06,
                        0.00016087492986116558,
                        837260.4375
                    ],
                    [
                        5243208.0,
                        8.030191565921996e-06,
                        0.00016716374375391752,
                        847603.1875
                    ],
                    [
                        5813720.0,
                        7.948916390887462e-06,
                        0.00019032474665436894,
                        855439.25
                    ],
                    [
                        5408280.0,
                        7.868069587857462e-06,
                        0.00018542619363870472,
                        819410.4375
                    ],
                    [
                        5082480.0,
                        7.7939621405676e-06,
                        0.000198170033399947,
                        886572.3125
                    ],
                    [
                        5553080.0,
                        7.720262146904133e-06,
                        0.0001916241308208555,
                        834980.5
                    ],
                    [
                        5222936.0,
                        7.646989615750499e-06,
                        0.0002063407882815227,
                        810099.0
                    ],
                    [
                        5267824.0,
                        7.57698762754444e-06,
                        0.00023895764024928212,
                        771615.4375
                    ],
                    [
                        5292440.0,
                        7.507794634875609e-06,
                        0.00025051896227523685,
                        873322.6875
                    ],
                    [
                        5603760.0,
                        7.437720341840759e-06,
                        0.0002676467993296683,
                        855312.0625
                    ],
                    [
                        5289312.0,
                        7.368956630671164e-06,
                        0.0002700872428249568,
                        823382.9375
                    ],
                    [
                        5275296.0,
                        7.303467100427952e-06,
                        0.0002660537720657885,
                        780031.4375
                    ],
                    [
                        5143296.0,
                        7.240012109832605e-06,
                        0.00026454709586687386,
                        808306.8125
                    ]
                ]
            ],
            "actions": [
                [
                    [
                        0.75
                    ],
                    [
                        0.75
                    ],
                    [
                        0.75
                    ],
                    [
                        0.75
                    ],
                    [
                        0.75
                    ],
                    [
                        0.75
                    ],
                    [
                        0.75
                    ],
                    [
                        0.75
                    ],
                    [
                        0.75
                    ],
                    [
                        0.75
                    ],
                    [
                        0.75
                    ],
                    [
                        0.75
                    ],
                    [
                        0.75
                    ],
                    [
                        0.75
                    ],
                    [
                        0.75
                    ],
                    [
                        0.75
                    ],
                    [
                        0.75
                    ],
                    [
                        0.75
                    ],
                    [
                        0.75
                    ],
                    [
                        0.75
                    ]
                ]
            ],
            "returns": [
                [
                    [
                        0.5055230259895325
                    ],
                    [
                        0.5045902132987976
                    ],
                    [
                        0.5036553740501404
                    ],
                    [
                        0.5027201771736145
                    ],
                    [
                        0.5017906427383423
                    ],
                    [
                        0.5008551478385925
                    ],
                    [
                        0.4999221861362457
                    ],
                    [
                        0.49898457527160645
                    ],
                    [
                        0.49805590510368347
                    ],
                    [
                        0.4971241354942322
                    ],
                    [
                        0.49618321657180786
                    ],
                    [
                        0.4952487051486969
                    ],
                    [
                        0.49431970715522766
                    ],
                    [
                        0.49338284134864807
                    ],
                    [
                        0.49245142936706543
                    ],
                    [
                        0.4915192425251007
                    ],
                    [
                        0.49058666825294495
                    ],
                    [
                        0.4896489977836609
                    ],
                    [
                        0.4887164533138275
                    ],
                    [
                        0.48778414726257324
                    ]
                ]
            ],
            "timesteps": [
                [
                    80,
                    81,
                    82,
                    83,
                    84,
                    85,
                    86,
                    87,
                    88,
                    89,
                    90,
                    91,
                    92,
                    93,
                    94,
                    95,
                    96,
                    97,
                    98,
                    99
                ]
            ],
            "labels": [
                [
                    2,
                    2,
                    2,
                    2,
                    2,
                    2,
                    2,
                    2,
                    2,
                    2,
                    2,
                    2,
                    2,
                    2,
                    2,
                    2,
                    2,
                    2,
                    2,
                    2
                ]
            ],
            "CPU Usage": 46.1,
            "RAM Usage": 55.5,
            "GPU Usage": 0.0,
            "VRAM Usage": 357.0,
            "Disk Read Speed (MB/s)": 206021.1552734375,
            "Disk Write Speed (MB/s)": 325985.2939453125
        },
        {
            "step": 1,
            "train_loss": 0.027581453323364258,
            "actions_pred1": [
                [
                    [
                        -0.061794985085725784,
                        -0.23707087337970734,
                        0.5634999871253967,
                        0.4471956193447113
                    ],
                    [
                        -0.18225431442260742,
                        -0.16396638751029968,
                        0.6357769966125488,
                        0.39142996072769165
                    ],
                    [
                        -0.18362942337989807,
                        -0.21254569292068481,
                        0.714772641658783,
                        0.4341792166233063
                    ],
                    [
                        -0.18527325987815857,
                        -0.21584920585155487,
                        0.8573342561721802,
                        0.36258912086486816
                    ],
                    [
                        -0.16365164518356323,
                        -0.08056073635816574,
                        0.9007556438446045,
                        0.3963221311569214
                    ],
                    [
                        -0.09156115353107452,
                        -0.16305533051490784,
                        0.8084182143211365,
                        0.49317264556884766
                    ],
                    [
                        -0.18616360425949097,
                        -0.19335371255874634,
                        0.6032365560531616,
                        0.4747583270072937
                    ],
                    [
                        -0.09957228600978851,
                        -0.0924815684556961,
                        0.6657863855361938,
                        0.5079280138015747
                    ],
                    [
                        -0.1152970939874649,
                        -0.07865148782730103,
                        0.6724676489830017,
                        0.499451220035553
                    ],
                    [
                        -0.26551738381385803,
                        -0.14768150448799133,
                        0.7896755337715149,
                        0.4180803894996643
                    ],
                    [
                        -0.2450280785560608,
                        -0.05776971951127052,
                        0.9979363679885864,
                        0.4117177724838257
                    ],
                    [
                        -0.2565377950668335,
                        -0.08871973305940628,
                        0.9569336175918579,
                        0.46044087409973145
                    ],
                    [
                        -0.33231455087661743,
                        -0.21076056361198425,
                        0.9413183927536011,
                        0.41500312089920044
                    ],
                    [
                        -0.2824346721172333,
                        -0.13954581320285797,
                        0.9968036413192749,
                        0.38445448875427246
                    ],
                    [
                        -0.27118414640426636,
                        -0.14699023962020874,
                        0.9753739833831787,
                        0.39473146200180054
                    ],
                    [
                        -0.2535039782524109,
                        -0.12934726476669312,
                        0.9311671257019043,
                        0.4418887197971344
                    ],
                    [
                        -0.33842191100120544,
                        -0.1750738024711609,
                        0.8678758144378662,
                        0.472085565328598
                    ],
                    [
                        -0.3787004351615906,
                        -0.059787068516016006,
                        0.8801034688949585,
                        0.4970850348472595
                    ],
                    [
                        -0.30927494168281555,
                        -0.07619041949510574,
                        0.8930436372756958,
                        0.4947003424167633
                    ],
                    [
                        -0.32595404982566833,
                        -0.061597488820552826,
                        0.934869110584259,
                        0.47534215450286865
                    ]
                ]
            ],
            "actions_pred": [
                [
                    [
                        -0.061794985085725784,
                        -0.18225431442260742,
                        -0.18362942337989807,
                        -0.18527325987815857,
                        -0.16365164518356323,
                        -0.09156115353107452,
                        -0.18616360425949097,
                        -0.09957228600978851,
                        -0.1152970939874649,
                        -0.26551738381385803,
                        -0.2450280785560608,
                        -0.2565377950668335,
                        -0.33231455087661743,
                        -0.2824346721172333,
                        -0.27118414640426636,
                        -0.2535039782524109,
                        -0.33842191100120544,
                        -0.3787004351615906,
                        -0.30927494168281555,
                        -0.32595404982566833
                    ],
                    [
                        -0.23707087337970734,
                        -0.16396638751029968,
                        -0.21254569292068481,
                        -0.21584920585155487,
                        -0.08056073635816574,
                        -0.16305533051490784,
                        -0.19335371255874634,
                        -0.0924815684556961,
                        -0.07865148782730103,
                        -0.14768150448799133,
                        -0.05776971951127052,
                        -0.08871973305940628,
                        -0.21076056361198425,
                        -0.13954581320285797,
                        -0.14699023962020874,
                        -0.12934726476669312,
                        -0.1750738024711609,
                        -0.059787068516016006,
                        -0.07619041949510574,
                        -0.061597488820552826
                    ],
                    [
                        0.5634999871253967,
                        0.6357769966125488,
                        0.714772641658783,
                        0.8573342561721802,
                        0.9007556438446045,
                        0.8084182143211365,
                        0.6032365560531616,
                        0.6657863855361938,
                        0.6724676489830017,
                        0.7896755337715149,
                        0.9979363679885864,
                        0.9569336175918579,
                        0.9413183927536011,
                        0.9968036413192749,
                        0.9753739833831787,
                        0.9311671257019043,
                        0.8678758144378662,
                        0.8801034688949585,
                        0.8930436372756958,
                        0.934869110584259
                    ],
                    [
                        0.4471956193447113,
                        0.39142996072769165,
                        0.4341792166233063,
                        0.36258912086486816,
                        0.3963221311569214,
                        0.49317264556884766,
                        0.4747583270072937,
                        0.5079280138015747,
                        0.499451220035553,
                        0.4180803894996643,
                        0.4117177724838257,
                        0.46044087409973145,
                        0.41500312089920044,
                        0.38445448875427246,
                        0.39473146200180054,
                        0.4418887197971344,
                        0.472085565328598,
                        0.4970850348472595,
                        0.4947003424167633,
                        0.47534215450286865
                    ]
                ]
            ],
            "states": [
                [
                    [
                        3105960.0,
                        0.00044856633758172393,
                        0.0002628508664201945,
                        907599.4375
                    ],
                    [
                        3777832.0,
                        0.00036993034882470965,
                        0.00026417680783197284,
                        946940.1875
                    ],
                    [
                        4115216.0,
                        0.00030784233240410686,
                        0.0002805523981805891,
                        868017.4375
                    ],
                    [
                        4368616.0,
                        0.0002607771893963218,
                        0.00026978878304362297,
                        839353.625
                    ],
                    [
                        5060760.0,
                        0.0002229743986390531,
                        0.00027627943200059235,
                        780951.6875
                    ],
                    [
                        5356152.0,
                        0.00019212921324651688,
                        0.00025924446526914835,
                        788666.125
                    ],
                    [
                        5373528.0,
                        0.00012254947796463966,
                        0.006524195894598961,
                        846197.875
                    ],
                    [
                        5111440.0,
                        0.00011254391574766487,
                        0.002146858023479581,
                        777919.5
                    ],
                    [
                        5496608.0,
                        0.00010397062578704208,
                        0.0023773028515279293,
                        803926.1875
                    ],
                    [
                        5341672.0,
                        9.645324462326244e-05,
                        0.0020079242531210184,
                        853121.5
                    ],
                    [
                        5344568.0,
                        9.003730519907549e-05,
                        0.0019139255164191127,
                        790495.3125
                    ],
                    [
                        5479232.0,
                        8.435636846115813e-05,
                        0.0013429223326966166,
                        807753.3125
                    ],
                    [
                        5356152.0,
                        7.934254972497001e-05,
                        0.0011628043139353395,
                        855534.6875
                    ],
                    [
                        5398144.0,
                        7.492363511119038e-05,
                        0.0009117702720686793,
                        841216.6875
                    ],
                    [
                        5729736.0,
                        7.084311073413119e-05,
                        0.000803604198154062,
                        821157.125
                    ],
                    [
                        5244656.0,
                        6.722798570990562e-05,
                        0.000699773314408958,
                        790182.875
                    ],
                    [
                        5503848.0,
                        6.403109728125855e-05,
                        0.0006680691731162369,
                        817074.375
                    ],
                    [
                        5367736.0,
                        6.109109381213784e-05,
                        0.0005246230284683406,
                        814748.3125
                    ],
                    [
                        5217144.0,
                        5.847758802701719e-05,
                        0.00046889804070815444,
                        836873.125
                    ],
                    [
                        5033248.0,
                        5.6151271564885974e-05,
                        0.00035997320082969964,
                        833663.1875
                    ]
                ]
            ],
            "actions": [
                [
                    [
                        0.75
                    ],
                    [
                        0.75
                    ],
                    [
                        0.75
                    ],
                    [
                        0.75
                    ],
                    [
                        0.75
                    ],
                    [
                        0.75
                    ],
                    [
                        0.75
                    ],
                    [
                        0.75
                    ],
                    [
                        0.75
                    ],
                    [
                        0.75
                    ],
                    [
                        0.75
                    ],
                    [
                        0.75
                    ],
                    [
                        0.75
                    ],
                    [
                        0.75
                    ],
                    [
                        0.75
                    ],
                    [
                        0.75
                    ],
                    [
                        0.75
                    ],
                    [
                        0.75
                    ],
                    [
                        0.75
                    ],
                    [
                        0.75
                    ]
                ]
            ],
            "returns": [
                [
                    [
                        0.37910521030426025
                    ],
                    [
                        0.378219872713089
                    ],
                    [
                        0.3773171603679657
                    ],
                    [
                        0.37640687823295593
                    ],
                    [
                        0.37549129128456116
                    ],
                    [
                        0.37456268072128296
                    ],
                    [
                        0.37362903356552124
                    ],
                    [
                        0.37269508838653564
                    ],
                    [
                        0.3717655837535858
                    ],
                    [
                        0.37082964181900024
                    ],
                    [
                        0.3698962330818176
                    ],
                    [
                        0.36896276473999023
                    ],
                    [
                        0.36802709102630615
                    ],
                    [
                        0.36709344387054443
                    ],
                    [
                        0.3661591112613678
                    ],
                    [
                        0.36521947383880615
                    ],
                    [
                        0.36428767442703247
                    ],
                    [
                        0.36335161328315735
                    ],
                    [
                        0.3624177873134613
                    ],
                    [
                        0.3614864647388458
                    ]
                ]
            ],
            "timesteps": [
                [
                    220,
                    221,
                    222,
                    223,
                    224,
                    225,
                    226,
                    227,
                    228,
                    229,
                    230,
                    231,
                    232,
                    233,
                    234,
                    235,
                    236,
                    237,
                    238,
                    239
                ]
            ],
            "labels": [
                [
                    2,
                    2,
                    2,
                    2,
                    2,
                    2,
                    2,
                    2,
                    2,
                    2,
                    2,
                    2,
                    2,
                    2,
                    2,
                    2,
                    2,
                    2,
                    2,
                    2
                ]
            ],
            "CPU Usage": 46.7,
            "RAM Usage": 55.7,
            "GPU Usage": 0.0,
            "VRAM Usage": 356.0,
            "Disk Read Speed (MB/s)": 206021.1552734375,
            "Disk Write Speed (MB/s)": 325985.4033203125
        },
        {
            "step": 2,
            "train_loss": 0.0302825216203928,
            "actions_pred1": [
                [
                    [
                        -0.18222138285636902,
                        -0.08764548599720001,
                        0.8591312766075134,
                        0.6446716785430908
                    ],
                    [
                        -0.2270292043685913,
                        -0.11242075264453888,
                        0.8193045854568481,
                        0.6288084983825684
                    ],
                    [
                        -0.1992591917514801,
                        -0.12038246542215347,
                        0.6948822736740112,
                        0.6106694936752319
                    ],
                    [
                        -0.22162097692489624,
                        -0.25446441769599915,
                        0.5881743431091309,
                        0.42893242835998535
                    ],
                    [
                        -0.08884359151124954,
                        -0.25860530138015747,
                        0.6294704675674438,
                        0.3647509813308716
                    ],
                    [
                        -0.13032549619674683,
                        -0.2791295647621155,
                        0.5806309580802917,
                        0.428750216960907
                    ],
                    [
                        -0.15776021778583527,
                        -0.08297331631183624,
                        0.45007872581481934,
                        0.5720938444137573
                    ],
                    [
                        -0.12862789630889893,
                        -0.09436696767807007,
                        0.6019492149353027,
                        0.5766148567199707
                    ],
                    [
                        -0.08453724533319473,
                        -0.052597761154174805,
                        0.606191873550415,
                        0.48307549953460693
                    ],
                    [
                        -0.17397809028625488,
                        -0.06959901750087738,
                        0.6170617341995239,
                        0.40499147772789
                    ],
                    [
                        -0.18370039761066437,
                        -0.09178546816110611,
                        0.6684966683387756,
                        0.43382686376571655
                    ],
                    [
                        -0.23836563527584076,
                        -0.0773475244641304,
                        0.6185335516929626,
                        0.4185052514076233
                    ],
                    [
                        -0.15424102544784546,
                        -0.12026958167552948,
                        0.8098127245903015,
                        0.3257964849472046
                    ],
                    [
                        -0.18406563997268677,
                        -0.08939646184444427,
                        0.7807579040527344,
                        0.3642484247684479
                    ],
                    [
                        -0.23002880811691284,
                        -0.07016222178936005,
                        0.6822825074195862,
                        0.37776175141334534
                    ],
                    [
                        -0.321420282125473,
                        -0.05913855880498886,
                        0.7793154120445251,
                        0.3057750463485718
                    ],
                    [
                        -0.4134533107280731,
                        -0.026350166648626328,
                        0.8126295208930969,
                        0.2897323966026306
                    ],
                    [
                        -0.2432975023984909,
                        0.015216730535030365,
                        0.7411677241325378,
                        0.35669928789138794
                    ],
                    [
                        -0.30907753109931946,
                        -0.043151602149009705,
                        0.7598685622215271,
                        0.38579320907592773
                    ],
                    [
                        -0.34146422147750854,
                        -0.07347876578569412,
                        0.8462161421775818,
                        0.39503753185272217
                    ]
                ]
            ],
            "actions_pred": [
                [
                    [
                        -0.18222138285636902,
                        -0.2270292043685913,
                        -0.1992591917514801,
                        -0.22162097692489624,
                        -0.08884359151124954,
