{
    "steps": [
        {
            "step": 0,
            "train_loss": 0.06121142581105232,
            "actions_pred1": [
                [
                    [
                        0.2647380530834198,
                        -0.4564725160598755,
                        0.8454174995422363,
                        0.7981768846511841
                    ],
                    [
                        0.1729331612586975,
                        -0.3210371136665344,
                        0.8767927885055542,
                        0.6608767509460449
                    ],
                    [
                        -0.14288975298404694,
                        -0.22782166302204132,
                        0.7774105668067932,
                        0.46907854080200195
                    ],
                    [
                        -0.3230591416358948,
                        -0.23243379592895508,
                        0.7629331946372986,
                        0.4505174160003662
                    ],
                    [
                        -0.37703198194503784,
                        -0.1981041431427002,
                        0.7407343983650208,
                        0.4355442523956299
                    ],
                    [
                        -0.4328145682811737,
                        -0.2607319951057434,
                        0.777802586555481,
                        0.41634613275527954
                    ],
                    [
                        -0.4807395339012146,
                        -0.29367542266845703,
                        0.8132563829421997,
                        0.397759348154068
                    ],
                    [
                        -0.565424382686615,
                        -0.20101773738861084,
                        0.8702357411384583,
                        0.3818807005882263
                    ],
                    [
                        -0.33792901039123535,
                        -0.18803730607032776,
                        0.8588165640830994,
                        0.384548544883728
                    ],
                    [
                        -0.2574882209300995,
                        -0.25928860902786255,
                        0.9039815664291382,
                        0.2848849296569824
                    ],
                    [
                        -0.23543545603752136,
                        -0.2453766167163849,
                        0.6439825296401978,
                        0.4332906901836395
                    ],
                    [
                        -0.21176084876060486,
                        -0.22571200132369995,
                        0.7298693656921387,
                        0.41545426845550537
                    ],
                    [
                        -0.23528790473937988,
                        -0.17811784148216248,
                        0.6802093982696533,
                        0.5071918964385986
                    ],
                    [
                        -0.3112705647945404,
                        -0.10611887276172638,
                        0.8187889456748962,
                        0.4684256911277771
                    ],
                    [
                        -0.3232871890068054,
                        -0.07608950883150101,
                        0.9034464955329895,
                        0.35833215713500977
                    ],
                    [
                        -0.34728187322616577,
                        -0.10329040139913559,
                        0.9028676748275757,
                        0.3632171154022217
                    ],
                    [
                        -0.34473979473114014,
                        -0.1933334320783615,
                        0.7864702939987183,
                        0.3980596661567688
                    ],
                    [
                        -0.39002862572669983,
                        -0.14153379201889038,
                        0.8262305855751038,
                        0.3619295358657837
                    ],
                    [
                        -0.3383427560329437,
                        -0.011552274227142334,
                        0.8372353315353394,
                        0.3458282947540283
                    ],
                    [
                        -0.24728821218013763,
                        0.006282307207584381,
                        0.7557652592658997,
                        0.4248095750808716
                    ]
                ]
            ],
            "actions_pred": [
                [
                    [
                        0.2647380530834198,
                        0.1729331612586975,
                        -0.14288975298404694,
                        -0.3230591416358948,
                        -0.37703198194503784,
                        -0.4328145682811737,
                        -0.4807395339012146,
                        -0.565424382686615,
                        -0.33792901039123535,
                        -0.2574882209300995,
                        -0.23543545603752136,
                        -0.21176084876060486,
                        -0.23528790473937988,
                        -0.3112705647945404,
                        -0.3232871890068054,
                        -0.34728187322616577,
                        -0.34473979473114014,
                        -0.39002862572669983,
                        -0.3383427560329437,
                        -0.24728821218013763
                    ],
                    [
                        -0.4564725160598755,
                        -0.3210371136665344,
                        -0.22782166302204132,
                        -0.23243379592895508,
                        -0.1981041431427002,
                        -0.2607319951057434,
                        -0.29367542266845703,
                        -0.20101773738861084,
                        -0.18803730607032776,
                        -0.25928860902786255,
                        -0.2453766167163849,
                        -0.22571200132369995,
                        -0.17811784148216248,
                        -0.10611887276172638,
                        -0.07608950883150101,
                        -0.10329040139913559,
                        -0.1933334320783615,
                        -0.14153379201889038,
                        -0.011552274227142334,
                        0.006282307207584381
                    ],
                    [
                        0.8454174995422363,
                        0.8767927885055542,
                        0.7774105668067932,
                        0.7629331946372986,
                        0.7407343983650208,
                        0.777802586555481,
                        0.8132563829421997,
                        0.8702357411384583,
                        0.8588165640830994,
                        0.9039815664291382,
                        0.6439825296401978,
                        0.7298693656921387,
                        0.6802093982696533,
                        0.8187889456748962,
                        0.9034464955329895,
                        0.9028676748275757,
                        0.7864702939987183,
                        0.8262305855751038,
                        0.8372353315353394,
                        0.7557652592658997
                    ],
                    [
                        0.7981768846511841,
                        0.6608767509460449,
                        0.46907854080200195,
                        0.4505174160003662,
                        0.4355442523956299,
                        0.41634613275527954,
                        0.397759348154068,
                        0.3818807005882263,
                        0.384548544883728,
                        0.2848849296569824,
                        0.4332906901836395,
                        0.41545426845550537,
                        0.5071918964385986,
                        0.4684256911277771,
                        0.35833215713500977,
                        0.3632171154022217,
                        0.3980596661567688,
                        0.3619295358657837,
                        0.3458282947540283,
                        0.4248095750808716
                    ]
                ]
            ],
            "states": [
                [
                    [
                        10490760.0,
                        0.00010820227180374786,
                        0.00015429843915626407,
                        444121.375
                    ],
                    [
                        10112832.0,
                        9.372556087328121e-05,
                        0.00014512072084471583,
                        443784.5
                    ],
                    [
                        10076632.0,
                        8.28753545647487e-05,
                        0.00015239186177495867,
                        427008.3125
                    ],
                    [
                        10218536.0,
                        7.424143404932693e-05,
                        0.00013630501052830368,
                        433225.1875
                    ],
                    [
                        10903440.0,
                        6.698495417367667e-05,
                        0.0001300903531955555,
                        434838.78125
                    ],
                    [
                        10177992.0,
                        6.102009865571745e-05,
                        0.0001368058001389727,
                        431759.375
                    ],
                    [
                        10500896.0,
                        5.612600944004953e-05,
                        0.00014432381431106478,
                        435333.53125
                    ],
                    [
                        10752848.0,
                        5.185119152883999e-05,
                        0.00014270890096668154,
                        438961.46875
                    ],
                    [
                        10833936.0,
                        4.812757106265053e-05,
                        0.00014136718527879566,
                        432069.78125
                    ],
                    [
                        10654384.0,
                        4.491618892643601e-05,
                        0.00013239651161711663,
                        433675.4375
                    ],
                    [
                        10524064.0,
                        4.214471118757501e-05,
                        0.00014063461276236922,
                        436827.0
                    ],
                    [
                        8511344.0,
                        3.9926697354530916e-05,
                        0.00013637621304951608,
                        473364.125
                    ],
                    [
                        10828144.0,
                        3.790804112213664e-05,
                        0.00013436605513561517,
                        430273.59375
                    ],
                    [
                        10288040.0,
                        3.5919863876188174e-05,
                        0.00013586058048531413,
                        455927.09375
                    ],
                    [
                        9009456.0,
                        3.427618867135607e-05,
                        0.00013340605073608458,
                        453153.21875
                    ],
                    [
                        10348856.0,
                        3.2774834835436195e-05,
                        0.0001376099098706618,
                        434225.03125
                    ],
                    [
                        10166408.0,
                        3.131924677290954e-05,
                        0.00017068465240299702,
                        438236.6875
                    ],
                    [
                        10539992.0,
                        2.9976108635310084e-05,
                        0.0001329061051364988,
                        436937.3125
                    ],
                    [
                        10836832.0,
                        2.8705166187137365e-05,
                        0.00013878877507522702,
                        435041.5
                    ],
                    [
                        10188128.0,
                        2.755545938271098e-05,
                        0.00015914233517833054,
                        427912.71875
                    ]
                ]
            ],
            "actions": [
                [
                    [
                        0.25
                    ],
                    [
                        0.25
                    ],
                    [
                        0.25
                    ],
                    [
                        0.25
                    ],
                    [
                        0.25
                    ],
                    [
                        0.25
                    ],
                    [
                        0.25
                    ],
                    [
                        0.25
                    ],
                    [
                        0.25
                    ],
                    [
                        0.25
                    ],
                    [
                        0.25
                    ],
                    [
                        0.25
                    ],
                    [
                        0.25
                    ],
                    [
                        0.25
                    ],
                    [
                        0.25
                    ],
                    [
                        0.25
                    ],
                    [
                        0.25
                    ],
                    [
                        0.25
                    ],
                    [
                        0.25
                    ],
                    [
                        0.25
                    ]
                ]
            ],
            "returns": [
                [
                    [
                        0.2865329086780548
                    ],
                    [
                        0.2855396568775177
                    ],
                    [
                        0.28454965353012085
                    ],
                    [
                        0.28355997800827026
                    ],
                    [
                        0.2825690507888794
                    ],
                    [
                        0.2815724015235901
                    ],
                    [
                        0.28058183193206787
                    ],
                    [
                        0.2795884907245636
                    ],
                    [
                        0.2785930335521698
                    ],
                    [
                        0.27759695053100586
                    ],
                    [
                        0.2766023278236389
                    ],
                    [
                        0.27560877799987793
                    ],
                    [
                        0.27463406324386597
                    ],
                    [
                        0.2736380100250244
                    ],
                    [
                        0.2726464867591858
                    ],
                    [
                        0.2716667354106903
                    ],
                    [
                        0.2706746757030487
                    ],
                    [
                        0.26968422532081604
                    ],
                    [
                        0.2686905562877655
                    ],
                    [
                        0.2676944136619568
                    ]
                ]
            ],
            "timesteps": [
                [
                    320,
                    321,
                    322,
                    323,
                    324,
                    325,
                    326,
                    327,
                    328,
                    329,
                    330,
                    331,
                    332,
                    333,
                    334,
                    335,
                    336,
                    337,
                    338,
                    339
                ]
            ],
            "labels": [
                [
                    0,
                    0,
                    0,
                    0,
                    0,
                    0,
                    0,
                    0,
                    0,
                    0,
                    0,
                    0,
                    0,
                    0,
                    0,
                    0,
                    0,
                    0,
                    0,
                    0
                ]
            ],
            "CPU Usage": 45.0,
            "RAM Usage": 55.4,
            "GPU Usage": 0.0,
            "VRAM Usage": 355.0,
            "Disk Read Speed (MB/s)": 206023.9775390625,
            "Disk Write Speed (MB/s)": 337152.8955078125
        },
        {
            "step": 1,
            "train_loss": 0.05315706133842468,
            "actions_pred1": [
                [
                    [
                        0.0027434974908828735,
                        -0.28621023893356323,
                        0.5479851365089417,
                        0.44201165437698364
                    ],
                    [
                        -0.11421480029821396,
                        -0.05082552134990692,
                        0.7338968515396118,
                        0.526590883731842
                    ],
                    [
                        -0.22042807936668396,
                        0.05307607352733612,
                        0.7101102471351624,
                        0.46139413118362427
                    ],
                    [
                        -0.2289467751979828,
                        0.023096561431884766,
                        0.745664656162262,
                        0.46246078610420227
                    ],
                    [
                        -0.18017804622650146,
                        0.08205553889274597,
                        0.7687675356864929,
                        0.40932929515838623
                    ],
                    [
                        -0.13629630208015442,
                        0.015339694917201996,
                        0.6681764721870422,
                        0.37509363889694214
                    ],
                    [
                        -0.0725499764084816,
                        0.05888044089078903,
                        0.7379451990127563,
                        0.2947918176651001
                    ],
                    [
                        -0.06475198268890381,
                        0.016789957880973816,
                        0.6827794909477234,
                        0.32514187693595886
                    ],
                    [
                        -0.18789631128311157,
                        -0.05231800675392151,
                        0.7741369009017944,
                        0.2597992420196533
                    ],
                    [
                        -0.18548482656478882,
                        0.038783036172389984,
                        0.8392266631126404,
                        0.22720122337341309
                    ],
                    [
                        -0.3103874921798706,
                        -0.09299734979867935,
                        0.9123705625534058,
                        0.08233785629272461
                    ],
                    [
                        -0.38347283005714417,
                        -0.06878914684057236,
                        0.769817054271698,
                        0.040557920932769775
                    ],
                    [
                        -0.3670830726623535,
                        -0.021698802709579468,
                        0.7525238394737244,
                        0.14044389128684998
                    ],
                    [
                        -0.3056148886680603,
                        0.03324905037879944,
                        0.8303242325782776,
                        0.2165466547012329
                    ],
                    [
                        -0.45692747831344604,
                        -0.2525752782821655,
                        0.8082982301712036,
                        0.11667215824127197
                    ],
                    [
                        -0.33347392082214355,
                        -0.2588788866996765,
                        0.7701623439788818,
                        0.1355557143688202
                    ],
                    [
                        -0.35248830914497375,
                        -0.1396797001361847,
                        0.8123201727867126,
                        0.10620835423469543
                    ],
                    [
                        -0.3716541826725006,
                        -0.05071568489074707,
                        0.7313779592514038,
                        0.21230608224868774
                    ],
                    [
                        -0.29414933919906616,
                        -0.06958243250846863,
                        0.8266940712928772,
                        0.18723225593566895
                    ],
                    [
                        -0.29470568895339966,
                        -0.060141660273075104,
                        0.7807559967041016,
                        0.18498674035072327
                    ]
                ]
            ],
            "actions_pred": [
                [
                    [
                        0.0027434974908828735,
                        -0.11421480029821396,
                        -0.22042807936668396,
                        -0.2289467751979828,
                        -0.18017804622650146,
                        -0.13629630208015442,
                        -0.0725499764084816,
                        -0.06475198268890381,
                        -0.18789631128311157,
                        -0.18548482656478882,
                        -0.3103874921798706,
                        -0.38347283005714417,
                        -0.3670830726623535,
                        -0.3056148886680603,
                        -0.45692747831344604,
                        -0.33347392082214355,
                        -0.35248830914497375,
                        -0.3716541826725006,
                        -0.29414933919906616,
                        -0.29470568895339966
                    ],
                    [
                        -0.28621023893356323,
                        -0.05082552134990692,
                        0.05307607352733612,
                        0.023096561431884766,
                        0.08205553889274597,
                        0.015339694917201996,
                        0.05888044089078903,
                        0.016789957880973816,
                        -0.05231800675392151,
                        0.038783036172389984,
                        -0.09299734979867935,
                        -0.06878914684057236,
                        -0.021698802709579468,
                        0.03324905037879944,
                        -0.2525752782821655,
                        -0.2588788866996765,
                        -0.1396797001361847,
                        -0.05071568489074707,
                        -0.06958243250846863,
                        -0.060141660273075104
                    ],
                    [
                        0.5479851365089417,
                        0.7338968515396118,
                        0.7101102471351624,
                        0.745664656162262,
                        0.7687675356864929,
                        0.6681764721870422,
                        0.7379451990127563,
                        0.6827794909477234,
                        0.7741369009017944,
                        0.8392266631126404,
                        0.9123705625534058,
                        0.769817054271698,
                        0.7525238394737244,
                        0.8303242325782776,
                        0.8082982301712036,
                        0.7701623439788818,
                        0.8123201727867126,
                        0.7313779592514038,
                        0.8266940712928772,
                        0.7807559967041016
                    ],
                    [
                        0.44201165437698364,
                        0.526590883731842,
                        0.46139413118362427,
                        0.46246078610420227,
                        0.40932929515838623,
                        0.37509363889694214,
                        0.2947918176651001,
                        0.32514187693595886,
                        0.2597992420196533,
                        0.22720122337341309,
                        0.08233785629272461,
                        0.040557920932769775,
                        0.14044389128684998,
                        0.2165466547012329,
                        0.11667215824127197,
                        0.1355557143688202,
                        0.10620835423469543,
                        0.21230608224868774,
                        0.18723225593566895,
                        0.18498674035072327
                    ]
                ]
            ],
            "states": [
                [
                    [
                        6436360.0,
                        3.756791920750402e-05,
                        0.00023788119142409414,
                        525420.0
                    ],
                    [
                        5822408.0,
                        3.5673747333930805e-05,
                        0.0002484873402863741,
                        540076.8125
                    ],
                    [
                        6120696.0,
                        3.400527930352837e-05,
                        0.00025739934062585235,
                        546681.375
                    ],
                    [
                        6143632.0,
                        3.2446547265863046e-05,
                        0.00019004895875696093,
                        549135.1875
                    ],
                    [
                        6290344.0,
                        3.100591857219115e-05,
                        0.00022606240236200392,
                        515628.96875
                    ],
                    [
                        7225288.0,
                        2.9579521651612595e-05,
                        0.0002532026555854827,
                        501138.75
                    ],
                    [
                        5695216.0,
                        2.8330134227871895e-05,
                        0.0002667571825440973,
                        501280.09375
                    ],
                    [
                        6048296.0,
                        2.72848174063256e-05,
                        0.00026687141507864,
                        520591.84375
                    ],
                    [
                        5956840.0,
                        2.6292696929886006e-05,
                        0.0002529114135541022,
                        510954.5
                    ],
                    [
                        5511320.0,
                        2.5409783120267093e-05,
                        0.0002583715249784291,
                        498321.25
                    ],
                    [
                        7421000.0,
                        2.448467603244353e-05,
                        0.001365873496979475,
                        470548.53125
                    ],
                    [
                        6653560.0,
                        2.3549235265818425e-05,
                        0.0008239395683631301,
                        489404.40625
                    ],
                    [
                        5919424.0,
                        2.2772055672248825e-05,
                        0.0005388445570133626,
                        494672.6875
                    ],
                    [
                        6049744.0,
                        2.2078909751144238e-05,
                        0.0005018769879825413,
                        522203.84375
                    ],
                    [
                        5699328.0,
                        2.1438178009702824e-05,
                        0.0005396626074798405,
                        525676.375
                    ],
                    [
                        5907840.0,
                        2.084095285681542e-05,
                        0.00039070475031621754,
                        484434.71875
                    ],
                    [
                        7654128.0,
                        2.0184714230708778e-05,
                        0.00037147922557778656,
                        485244.75
                    ],
                    [
                        6171376.0,
                        1.9555423932615668e-05,
                        0.00035373689024709165,
                        520211.9375
                    ],
                    [
                        5359048.0,
                        1.9060054910369217e-05,
                        0.0003472233365755528,
                        514446.75
                    ],
                    [
                        5344568.0,
                        1.8622442439664155e-05,
                        0.00021890846255701035,
                        526664.75
                    ]
                ]
            ],
            "actions": [
                [
                    [
                        0.5
                    ],
                    [
                        0.5
                    ],
                    [
                        0.5
                    ],
                    [
                        0.5
                    ],
                    [
                        0.5
                    ],
                    [
                        0.5
                    ],
                    [
                        0.5
                    ],
                    [
                        0.5
                    ],
                    [
                        0.5
                    ],
                    [
                        0.5
                    ],
                    [
                        0.5
                    ],
                    [
                        0.5
                    ],
                    [
                        0.5
                    ],
                    [
                        0.5
                    ],
                    [
                        0.5
                    ],
                    [
                        0.5
                    ],
                    [
                        0.5
                    ],
                    [
                        0.5
                    ],
                    [
                        0.5
                    ],
                    [
                        0.5
                    ]
                ]
            ],
            "returns": [
                [
                    [
                        0.17125853896141052
                    ],
                    [
                        0.17030860483646393
                    ],
                    [
                        0.16936755180358887
                    ],
                    [
                        0.16842207312583923
                    ],
                    [
                        0.16747625172138214
                    ],
                    [
                        0.1665283590555191
                    ],
                    [
                        0.16556815803050995
                    ],
                    [
                        0.16462907195091248
                    ],
                    [
                        0.1636846512556076
                    ],
                    [
                        0.16274157166481018
                    ],
                    [
                        0.1618053913116455
                    ],
                    [
                        0.16084282100200653
                    ],
                    [
                        0.15988995134830475
                    ],
                    [
                        0.1589474231004715
                    ],
                    [
                        0.15800298750400543
                    ],
                    [
                        0.157063826918602
                    ],
                    [
                        0.15612147748470306
                    ],
                    [
                        0.1551561802625656
                    ],
                    [
                        0.15420997142791748
                    ],
                    [
                        0.153276264667511
                    ]
                ]
            ],
            "timesteps": [
                [
                    440,
                    441,
                    442,
                    443,
                    444,
                    445,
                    446,
                    447,
                    448,
                    449,
                    450,
                    451,
                    452,
                    453,
                    454,
                    455,
                    456,
                    457,
                    458,
                    459
                ]
            ],
            "labels": [
                [
                    1,
                    1,
                    1,
                    1,
                    1,
                    1,
                    1,
                    1,
                    1,
                    1,
                    1,
                    1,
                    1,
                    1,
                    1,
                    1,
                    1,
                    1,
                    1,
                    1
                ]
            ],
            "CPU Usage": 46.6,
            "RAM Usage": 55.6,
            "GPU Usage": 0.0,
            "VRAM Usage": 356.0,
            "Disk Read Speed (MB/s)": 206023.9775390625,
            "Disk Write Speed (MB/s)": 337153.0830078125
        },
        {
            "step": 2,
            "train_loss": 0.0406663604080677,
            "actions_pred1": [
                [
                    [
                        0.005510047078132629,
                        -0.4077899754047394,
                        0.24754910171031952,
                        0.6127467751502991
                    ],
                    [
                        -0.22024747729301453,
                        -0.267215371131897,
                        0.29905083775520325,
                        0.5221688151359558
                    ],
                    [
                        -0.26815733313560486,
                        -0.28577715158462524,
                        0.40255898237228394,
                        0.5225503444671631
                    ],
                    [
                        -0.29547709226608276,
                        -0.2581298053264618,
                        0.5149497985839844,
                        0.5274665355682373
                    ],
                    [
                        -0.17557333409786224,
                        -0.16978967189788818,
                        0.5305628776550293,
                        0.49895018339157104
                    ],
                    [
                        -0.3568481206893921,
                        -0.16720683872699738,
                        0.4708833694458008,
                        0.4208351969718933
                    ],
                    [
                        -0.5642082691192627,
                        -0.16674143075942993,
                        0.5078540444374084,
                        0.3595869541168213
                    ],
                    [
                        -0.5353569984436035,
                        -0.18516914546489716,
                        0.5211817026138306,
                        0.28355327248573303
                    ],
                    [
                        -0.47395220398902893,
                        -0.22122028470039368,
                        0.33366477489471436,
                        0.21470656991004944
                    ],
                    [
                        -0.40981990098953247,
                        -0.21580296754837036,
                        0.33554065227508545,
                        0.18265590071678162
                    ],
                    [
                        -0.4046066403388977,
                        -0.20616932213306427,
                        0.4850054383277893,
                        0.2647944688796997
                    ],
                    [
                        -0.36544275283813477,
                        -0.21507366001605988,
                        0.4181831479072571,
                        0.2552274465560913
                    ],
                    [
                        -0.4116203784942627,
                        -0.16704879701137543,
                        0.5255922079086304,
                        0.32861441373825073
                    ],
                    [
                        -0.4228566586971283,
                        -0.06352056562900543,
                        0.6236952543258667,
                        0.2364770472049713
                    ],
                    [
                        -0.38525617122650146,
                        -0.05018395930528641,
                        0.5871050357818604,
                        0.2589736878871918
                    ],
                    [
                        -0.44291627407073975,
                        -0.11376795172691345,
                        0.5896613001823425,
                        0.17204663157463074
                    ],
                    [
                        -0.6624008417129517,
                        -0.1377657949924469,
                        0.6546787023544312,
                        -0.00400930643081665
                    ],
                    [
                        -0.4964023232460022,
                        -0.045387450605630875,
                        0.6075973510742188,
                        0.13062381744384766
                    ],
                    [
                        -0.5025478005409241,
                        -0.12372364103794098,
                        0.4191386103630066,
                        0.21537502110004425
                    ],
                    [
                        -0.5399813652038574,
                        -0.12598466873168945,
                        0.43194758892059326,
                        0.20641875267028809
                    ]
                ]
            ],
            "actions_pred": [
                [
                    [
                        0.005510047078132629,
                        -0.22024747729301453,
                        -0.26815733313560486,
                        -0.29547709226608276,
