{
    "steps": [
        {
            "step": 0,
            "train_loss": 0.03457225486636162,
            "actions_pred1": [
                [
                    [
                        0.2651832103729248,
                        0.3679967224597931,
                        0.7448603510856628,
                        -0.9849554300308228
                    ],
                    [
                        0.4299777150154114,
                        0.5490451455116272,
                        0.7303144931793213,
                        -0.8605164885520935
                    ],
                    [
                        0.4515356123447418,
                        0.603222131729126,
                        0.7165184617042542,
                        -0.725129246711731
                    ],
                    [
                        0.5126788020133972,
                        0.6633903980255127,
                        0.7382236123085022,
                        -0.7723808288574219
                    ],
                    [
                        0.39500871300697327,
                        0.7769407033920288,
                        0.737050473690033,
                        -0.9418697357177734
                    ],
                    [
                        0.46643322706222534,
                        0.8505674600601196,
                        0.7628827095031738,
                        -1.056929349899292
                    ],
                    [
                        0.4269160032272339,
                        0.8351470828056335,
                        0.8460571765899658,
                        -1.0530198812484741
                    ],
                    [
                        0.42940109968185425,
                        0.7911030650138855,
                        0.8392036557197571,
                        -0.9517953991889954
                    ],
                    [
                        0.32423073053359985,
                        0.9041218161582947,
                        0.816879391670227,
                        -0.9550857543945312
                    ],
                    [
                        0.38686031103134155,
                        0.7272101640701294,
                        0.8055239915847778,
                        -0.8192005157470703
                    ],
                    [
                        0.4851980209350586,
                        0.6821820735931396,
                        0.8096043467521667,
                        -0.8278406858444214
                    ],
                    [
                        0.37253159284591675,
                        0.6192231774330139,
                        0.8024340271949768,
                        -0.9445188045501709
                    ],
                    [
                        0.23659850656986237,
                        0.7439498901367188,
                        0.6472399234771729,
                        -0.9196816682815552
                    ],
                    [
                        0.2894725799560547,
                        0.7855642437934875,
                        0.7275674343109131,
                        -0.8738806247711182
                    ],
                    [
                        0.3721505403518677,
                        0.6799228191375732,
                        0.7266731262207031,
                        -0.8305948972702026
                    ],
                    [
                        0.41398096084594727,
                        0.6661944389343262,
                        0.7070002555847168,
                        -0.8391641974449158
                    ],
                    [
                        0.47014129161834717,
                        0.6805169582366943,
                        0.7587047219276428,
                        -0.855251669883728
                    ],
                    [
                        0.457461416721344,
                        0.640570342540741,
                        0.6936913728713989,
                        -0.9049699306488037
                    ],
                    [
                        0.3226796090602875,
                        0.6273858547210693,
                        0.8449834585189819,
                        -1.0952532291412354
                    ],
                    [
                        0.36536312103271484,
                        0.6793057918548584,
                        0.8570907115936279,
                        -1.0682179927825928
                    ]
                ]
            ],
            "actions_pred": [
                [
                    [
                        0.2651832103729248,
                        0.4299777150154114,
                        0.4515356123447418,
                        0.5126788020133972,
                        0.39500871300697327,
                        0.46643322706222534,
                        0.4269160032272339,
                        0.42940109968185425,
                        0.32423073053359985,
                        0.38686031103134155,
                        0.4851980209350586,
                        0.37253159284591675,
                        0.23659850656986237,
                        0.2894725799560547,
                        0.3721505403518677,
                        0.41398096084594727,
                        0.47014129161834717,
                        0.457461416721344,
                        0.3226796090602875,
                        0.36536312103271484
                    ],
                    [
                        0.3679967224597931,
                        0.5490451455116272,
                        0.603222131729126,
                        0.6633903980255127,
                        0.7769407033920288,
                        0.8505674600601196,
                        0.8351470828056335,
                        0.7911030650138855,
                        0.9041218161582947,
                        0.7272101640701294,
                        0.6821820735931396,
                        0.6192231774330139,
                        0.7439498901367188,
                        0.7855642437934875,
                        0.6799228191375732,
                        0.6661944389343262,
                        0.6805169582366943,
                        0.640570342540741,
                        0.6273858547210693,
                        0.6793057918548584
                    ],
                    [
                        0.7448603510856628,
                        0.7303144931793213,
                        0.7165184617042542,
                        0.7382236123085022,
                        0.737050473690033,
                        0.7628827095031738,
                        0.8460571765899658,
                        0.8392036557197571,
                        0.816879391670227,
                        0.8055239915847778,
                        0.8096043467521667,
                        0.8024340271949768,
                        0.6472399234771729,
                        0.7275674343109131,
                        0.7266731262207031,
                        0.7070002555847168,
                        0.7587047219276428,
                        0.6936913728713989,
                        0.8449834585189819,
                        0.8570907115936279
                    ],
                    [
                        -0.9849554300308228,
                        -0.8605164885520935,
                        -0.725129246711731,
                        -0.7723808288574219,
                        -0.9418697357177734,
                        -1.056929349899292,
                        -1.0530198812484741,
                        -0.9517953991889954,
                        -0.9550857543945312,
                        -0.8192005157470703,
                        -0.8278406858444214,
                        -0.9445188045501709,
                        -0.9196816682815552,
                        -0.8738806247711182,
                        -0.8305948972702026,
                        -0.8391641974449158,
                        -0.855251669883728,
                        -0.9049699306488037,
                        -1.0952532291412354,
                        -1.0682179927825928
                    ]
                ]
            ],
            "states": [
                [
                    [
                        4791432.0,
                        3.087877848884091e-05,
                        0.00023075626813806593,
                        506720.5
                    ],
                    [
                        3692400.0,
                        2.9973596610943787e-05,
                        0.00032322804327122867,
                        492666.6875
                    ],
                    [
                        4952160.0,
                        2.9106702641001903e-05,
                        0.0002578554267529398,
                        491613.3125
                    ],
                    [
                        4808808.0,
                        2.818479697452858e-05,
                        0.00022438736050389707,
                        480345.5
                    ],
                    [
                        4978224.0,
                        2.7317544663674198e-05,
                        0.00038321700412780046,
                        500271.75
                    ],
                    [
                        5354704.0,
                        2.645807217049878e-05,
                        0.0004527103737927973,
                        496069.53125
                    ],
                    [
                        3554840.0,
                        2.5757775802048855e-05,
                        0.00029970589093863964,
                        504121.5
                    ],
                    [
                        5330088.0,
                        2.5097764591919258e-05,
                        0.00026218051789328456,
                        473636.59375
                    ],
                    [
                        7706256.0,
                        2.4188775569200516e-05,
                        0.0002925366861745715,
                        550715.1875
                    ],
                    [
                        7687432.0,
                        2.319453051313758e-05,
                        0.00028024095809087157,
                        523717.84375
                    ],
                    [
                        6233640.0,
                        1.9415590941207483e-05,
                        0.0001758198341121897,
                        575309.5
                    ],
                    [
                        6330656.0,
                        1.8885328245232813e-05,
                        0.00013516498438548297,
                        576038.875
                    ],
                    [
                        2227024.0,
                        1.8539429220254533e-05,
                        0.0001646996388444677,
                        615099.8125
                    ],
                    [
                        3611312.0,
                        1.8311515304958448e-05,
                        0.0001985474955290556,
                        642490.9375
                    ],
                    [
                        5732632.0,
                        1.795835305529181e-05,
                        0.0002949792833533138,
                        564533.125
                    ],
                    [
                        5175152.0,
                        1.7562215361976996e-05,
                        0.0007080274517647922,
                        561933.4375
                    ],
                    [
                        4907272.0,
                        1.721135777188465e-05,
                        0.0013480978086590767,
                        618870.0
                    ],
                    [
                        4346896.0,
                        1.6901381968636997e-05,
                        0.0014468225417658687,
                        555341.1875
                    ],
                    [
                        5007184.0,
                        1.6599440641584806e-05,
                        0.0019480990013107657,
                        605693.8125
                    ],
                    [
                        5735528.0,
                        1.6265725207631476e-05,
                        0.002926501678302884,
                        601773.625
                    ]
                ]
            ],
            "actions": [
                [
                    [
                        0.5
                    ],
                    [
                        0.5
                    ],
                    [
                        0.5
                    ],
                    [
                        0.5
                    ],
                    [
                        0.5
                    ],
                    [
                        0.5
                    ],
                    [
                        0.5
                    ],
                    [
                        0.5
                    ],
                    [
                        0.5
                    ],
                    [
                        0.5
                    ],
                    [
                        0.5
                    ],
                    [
                        0.5
                    ],
                    [
                        0.5
                    ],
                    [
                        0.5
                    ],
                    [
                        0.5
                    ],
                    [
                        0.5
                    ],
                    [
                        0.5
                    ],
                    [
                        0.5
                    ],
                    [
                        0.5
                    ],
                    [
                        0.5
                    ]
                ]
            ],
            "returns": [
                [
                    [
                        0.45074203610420227
                    ],
                    [
                        0.44981828331947327
                    ],
                    [
                        0.44891759753227234
                    ],
                    [
                        0.44799089431762695
                    ],
                    [
                        0.4470668137073517
                    ],
                    [
                        0.4461396336555481
                    ],
                    [
                        0.44520601630210876
                    ],
                    [
                        0.44430869817733765
                    ],
                    [
                        0.44337549805641174
                    ],
                    [
                        0.44240957498550415
                    ],
                    [
                        0.44144389033317566
                    ],
                    [
                        0.4404968023300171
                    ],
                    [
                        0.4395483136177063
                    ],
                    [
                        0.43869248032569885
                    ],
                    [
                        0.4377937614917755
                    ],
                    [
                        0.4368540942668915
                    ],
                    [
                        0.4359234869480133
                    ],
                    [
                        0.4349976181983948
                    ],
                    [
                        0.4340824484825134
                    ],
                    [
                        0.43315479159355164
                    ]
                ]
            ],
            "timesteps": [
                [
                    140,
                    141,
                    142,
                    143,
                    144,
                    145,
                    146,
                    147,
                    148,
                    149,
                    150,
                    151,
                    152,
                    153,
                    154,
                    155,
                    156,
                    157,
                    158,
                    159
                ]
            ],
            "labels": [
                [
                    1,
                    1,
                    1,
                    1,
                    1,
                    1,
                    1,
                    1,
                    1,
                    1,
                    1,
                    1,
                    1,
                    1,
                    1,
                    1,
                    1,
                    1,
                    1,
                    1
                ]
            ],
            "CPU Usage": 46.0,
            "RAM Usage": 55.2,
            "GPU Usage": 0.0,
            "VRAM Usage": 355.0,
            "Disk Read Speed (MB/s)": 206067.0048828125,
            "Disk Write Speed (MB/s)": 373049.4267578125
        },
        {
            "step": 1,
            "train_loss": 0.0459660142660141,
            "actions_pred1": [
                [
                    [
                        0.29358208179473877,
                        0.31828731298446655,
                        0.548844039440155,
                        -1.0967600345611572
                    ],
                    [
                        0.26157644391059875,
                        0.4721812903881073,
                        0.8418229222297668,
                        -1.2858099937438965
                    ],
                    [
                        0.43041127920150757,
                        0.6250455379486084,
                        0.5786582827568054,
                        -1.4416967630386353
                    ],
                    [
                        0.3957042098045349,
                        0.7416619062423706,
                        0.3581276535987854,
                        -1.4006121158599854
                    ],
                    [
                        0.2629494071006775,
                        0.6440938115119934,
                        0.3136424422264099,
                        -1.1893470287322998
                    ],
                    [
                        0.15008148550987244,
                        0.6533545851707458,
                        0.5112437009811401,
                        -1.2253179550170898
                    ],
                    [
                        0.1712939441204071,
                        0.776515781879425,
                        0.5438293814659119,
                        -1.2582757472991943
                    ],
                    [
                        0.06755867600440979,
                        0.7925107479095459,
                        0.5568515062332153,
                        -1.2162690162658691
                    ],
                    [
                        0.08220990002155304,
                        0.639965295791626,
                        0.5788925886154175,
                        -1.4004249572753906
                    ],
                    [
                        0.19206279516220093,
                        0.5422419309616089,
                        0.4883387088775635,
                        -1.4162118434906006
                    ],
                    [
                        0.10971156507730484,
                        0.5740110278129578,
                        0.6078424453735352,
                        -1.3455054759979248
                    ],
                    [
                        -0.007960595190525055,
                        0.6588122844696045,
                        0.6257516741752625,
                        -1.3555028438568115
                    ],
                    [
                        0.16965322196483612,
                        0.600509762763977,
                        0.5832483768463135,
                        -1.2468825578689575
                    ],
                    [
                        0.21075451374053955,
                        0.5871009230613708,
                        0.5472349524497986,
                        -1.2867804765701294
                    ],
                    [
                        0.16894841194152832,
                        0.6683000326156616,
                        0.5547633171081543,
                        -1.4075568914413452
                    ],
                    [
                        0.14415398240089417,
                        0.7319497466087341,
                        0.7048353552818298,
                        -1.3128221035003662
                    ],
                    [
                        0.053722083568573,
                        0.6579041481018066,
                        0.6486595273017883,
                        -1.2115298509597778
                    ],
                    [
                        0.10349239408969879,
                        0.7111486196517944,
                        0.618090033531189,
                        -1.2224235534667969
                    ],
                    [
                        0.14308121800422668,
                        0.8346153497695923,
                        0.6110268831253052,
                        -1.2060434818267822
                    ],
                    [
                        0.13303203880786896,
                        0.7635427117347717,
                        0.754397988319397,
                        -1.1539652347564697
                    ]
                ]
            ],
            "actions_pred": [
                [
                    [
                        0.29358208179473877,
                        0.26157644391059875,
                        0.43041127920150757,
                        0.3957042098045349,
                        0.2629494071006775,
                        0.15008148550987244,
                        0.1712939441204071,
                        0.06755867600440979,
                        0.08220990002155304,
                        0.19206279516220093,
                        0.10971156507730484,
                        -0.007960595190525055,
                        0.16965322196483612,
                        0.21075451374053955,
                        0.16894841194152832,
                        0.14415398240089417,
                        0.053722083568573,
                        0.10349239408969879,
                        0.14308121800422668,
                        0.13303203880786896
                    ],
                    [
                        0.31828731298446655,
                        0.4721812903881073,
                        0.6250455379486084,
                        0.7416619062423706,
                        0.6440938115119934,
                        0.6533545851707458,
                        0.776515781879425,
                        0.7925107479095459,
                        0.639965295791626,
                        0.5422419309616089,
                        0.5740110278129578,
                        0.6588122844696045,
                        0.600509762763977,
                        0.5871009230613708,
                        0.6683000326156616,
                        0.7319497466087341,
                        0.6579041481018066,
                        0.7111486196517944,
                        0.8346153497695923,
                        0.7635427117347717
                    ],
                    [
                        0.548844039440155,
                        0.8418229222297668,
                        0.5786582827568054,
                        0.3581276535987854,
                        0.3136424422264099,
                        0.5112437009811401,
                        0.5438293814659119,
                        0.5568515062332153,
                        0.5788925886154175,
                        0.4883387088775635,
                        0.6078424453735352,
                        0.6257516741752625,
                        0.5832483768463135,
                        0.5472349524497986,
                        0.5547633171081543,
                        0.7048353552818298,
                        0.6486595273017883,
                        0.618090033531189,
                        0.6110268831253052,
                        0.754397988319397
                    ],
                    [
                        -1.0967600345611572,
                        -1.2858099937438965,
                        -1.4416967630386353,
                        -1.4006121158599854,
                        -1.1893470287322998,
                        -1.2253179550170898,
                        -1.2582757472991943,
                        -1.2162690162658691,
                        -1.4004249572753906,
                        -1.4162118434906006,
                        -1.3455054759979248,
                        -1.3555028438568115,
                        -1.2468825578689575,
                        -1.2867804765701294,
                        -1.4075568914413452,
                        -1.3128221035003662,
                        -1.2115298509597778,
                        -1.2224235534667969,
                        -1.2060434818267822,
                        -1.1539652347564697
                    ]
                ]
            ],
            "states": [
                [
                    [
                        5346016.0,
                        3.834013477899134e-05,
                        0.0014523763675242662,
                        508420.875
                    ],
                    [
                        5408280.0,
                        3.6602417821995914e-05,
                        0.0012122188927605748,
                        493151.53125
                    ],
                    [
                        5290992.0,
                        3.502258914522827e-05,
                        0.0010567386634647846,
                        527754.375
                    ],
                    [
                        4871072.0,
                        3.364306758157909e-05,
                        0.0010331012308597565,
                        499436.125
                    ],
                    [
                        5112888.0,
                        3.239049328840338e-05,
                        0.0008577806875109673,
                        510007.28125
                    ],
                    [
                        5560320.0,
                        3.1150953873293474e-05,
                        0.009355437941849232,
                        487248.6875
                    ],
                    [
                        5574800.0,
                        1.764485568855889e-05,
                        0.005326922982931137,
                        503265.46875
                    ],
                    [
                        5363392.0,
                        1.8441511201672256e-05,
                        0.00705355079844594,
                        500775.59375
                    ],
                    [
                        5134608.0,
                        2.999954449478537e-05,
                        0.003215600736439228,
                        494512.125
                    ],
                    [
                        5509640.0,
                        1.6405823771492578e-05,
                        0.005743528250604868,
                        466303.4375
                    ],
                    [
                        5509640.0,
                        1.6405823771492578e-05,
                        0.005743528250604868,
                        466303.4375
                    ],
                    [
                        5069448.0,
                        2.8978191039641388e-05,
                        0.0006789364852011204,
                        506032.28125
                    ],
                    [
                        5574800.0,
                        1.764485568855889e-05,
                        0.005326922982931137,
                        503265.46875
                    ],
                    [
                        1811448.0,
                        2.832559766829945e-05,
                        0.006547329016029835,
                        511753.5625
                    ],
                    [
                        5228728.0,
                        2.7692145522451028e-05,
                        0.00019177634385414422,
                        489897.5625
                    ],
                    [
                        5105648.0,
                        2.680875695659779e-05,
                        0.0001491233124397695,
                        484135.40625
                    ],
                    [
                        5137504.0,
                        2.59872085734969e-05,
                        0.0002625611668918282,
                        463221.75
                    ],
                    [
                        5053520.0,
                        2.521825081203133e-05,
                        0.0004885925445705652,
                        468607.3125
                    ],
                    [
                        4761024.0,
                        2.4519293219782412e-05,
                        0.0010367168579250574,
                        491127.34375
                    ],
                    [
                        4991256.0,
                        2.386243431828916e-05,
                        0.0028569940477609634,
                        492679.28125
                    ]
                ]
            ],
            "actions": [
                [
                    [
                        0.25
                    ],
                    [
                        0.25
                    ],
                    [
                        0.25
                    ],
                    [
                        0.25
                    ],
                    [
                        0.25
                    ],
                    [
                        0.25
                    ],
                    [
                        0.25
                    ],
                    [
                        0.25
                    ],
                    [
                        0.25
                    ],
                    [
                        0.25
                    ],
                    [
                        0.25
                    ],
                    [
                        0.25
                    ],
                    [
                        0.25
                    ],
                    [
                        0.25
                    ],
                    [
                        0.25
                    ],
                    [
                        0.25
                    ],
                    [
                        0.25
                    ],
                    [
                        0.25
                    ],
                    [
                        0.25
                    ],
                    [
                        0.25
                    ]
                ]
            ],
            "returns": [
                [
                    [
                        0.03608226776123047
                    ],
                    [
                        0.03514878451824188
                    ],
                    [
                        0.03421427682042122
                    ],
                    [
                        0.033281709998846054
                    ],
                    [
                        0.03235647454857826
                    ],
                    [
                        0.031426943838596344
                    ],
                    [
                        0.030489977449178696
                    ],
                    [
                        0.029552778229117393
                    ],
                    [
                        0.028619008138775826
                    ],
                    [
                        0.027689101174473763
                    ],
                    [
                        0.02675294503569603
                    ],
                    [
                        0.025816788896918297
                    ],
                    [
                        0.024888014420866966
                    ],
                    [
                        0.023950817063450813
                    ],
                    [
                        0.023113280534744263
                    ],
                    [
                        0.022181764245033264
                    ],
                    [
                        0.021252360194921494
                    ],
                    [
                        0.02032240480184555
                    ],
                    [
                        0.019393909722566605
                    ],
                    [
                        0.018470700830221176
                    ]
                ]
            ],
            "timesteps": [
                [
                    600,
                    601,
                    602,
                    603,
                    604,
                    605,
                    606,
                    607,
                    608,
                    609,
                    610,
                    611,
                    612,
                    613,
                    614,
                    615,
                    616,
                    617,
                    618,
                    619
                ]
            ],
            "labels": [
                [
                    0,
                    0,
                    0,
                    0,
                    0,
                    0,
                    0,
                    0,
                    0,
                    0,
                    0,
                    0,
                    0,
                    0,
                    0,
                    0,
                    0,
                    0,
                    0,
                    0
                ]
            ],
            "CPU Usage": 46.7,
            "RAM Usage": 55.3,
            "GPU Usage": 0.0,
            "VRAM Usage": 355.0,
            "Disk Read Speed (MB/s)": 206067.0048828125,
            "Disk Write Speed (MB/s)": 373052.1845703125
        },
        {
            "step": 2,
            "train_loss": 0.034381233155727386,
            "actions_pred1": [
                [
                    [
                        0.46848559379577637,
                        0.2389070987701416,
                        0.2935478091239929,
                        -0.5781808495521545
                    ],
                    [
                        0.268562912940979,
                        0.3786756694316864,
                        0.3249257206916809,
                        -0.6406847238540649
                    ],
                    [
                        0.25291717052459717,
                        0.3683120608329773,
                        0.4071079194545746,
                        -0.6529864072799683
                    ],
                    [
                        0.23153693974018097,
                        0.398382306098938,
                        0.5076468586921692,
                        -0.6546894907951355
                    ],
                    [
                        0.34664419293403625,
                        0.4635014832019806,
                        0.5055056214332581,
                        -0.6866909265518188
                    ],
                    [
                        0.18405593931674957,
                        0.4764525890350342,
                        0.4529203176498413,
                        -0.736149787902832
                    ],
                    [
                        0.03125579655170441,
                        0.5077354907989502,
                        0.5011701583862305,
                        -0.8575692176818848
                    ],
                    [
                        0.09782223403453827,
                        0.4639289379119873,
                        0.5407370328903198,
                        -0.8960469365119934
                    ],
                    [
                        0.16689994931221008,
                        0.44881361722946167,
                        0.3792370557785034,
                        -1.0023841857910156
                    ],
                    [
                        0.16763122379779816,
                        0.46623286604881287,
                        0.3677752912044525,
                        -1.0229990482330322
                    ],
                    [
                        0.18467280268669128,
                        0.4483310282230377,
                        0.4850948452949524,
                        -0.9590604305267334
                    ],
                    [
                        0.2190951704978943,
                        0.42062610387802124,
                        0.43272969126701355,
                        -0.9863423109054565
                    ],
                    [
                        0.18686115741729736,
                        0.48481717705726624,
                        0.5499936938285828,
                        -0.9065353870391846
                    ],
                    [
                        0.1415976881980896,
                        0.6005885004997253,
                        0.6500202417373657,
                        -0.9727019667625427
                    ],
                    [
                        0.17554232478141785,
                        0.6237056851387024,
                        0.5980091094970703,
                        -1.0086569786071777
                    ],
                    [
                        0.16211512684822083,
                        0.5643462538719177,
                        0.6146025657653809,
                        -1.0966954231262207
                    ],
                    [
                        -0.04864087700843811,
                        0.5613995790481567,
                        0.6871446967124939,
                        -1.282364010810852
                    ],
                    [
                        0.1390341967344284,
                        0.6152356863021851,
                        0.6624228358268738,
                        -1.1391409635543823
                    ],
                    [
                        0.10893769562244415,
                        0.5610699653625488,
                        0.49776384234428406,
                        -1.0741348266601562
                    ],
                    [
                        0.12095938622951508,
                        0.5615273118019104,
                        0.5355517864227295,
                        -1.0919982194900513
                    ]
                ]
            ],
            "actions_pred": [
                [
                    [
                        0.46848559379577637,
                        0.268562912940979,
                        0.25291717052459717,
                        0.23153693974018097,
                        0.34664419293403625,
                        0.18405593931674957,
                        0.03125579655170441,
                        0.09782223403453827,
                        0.16689994931221008,
                        0.16763122379779816,
