{
    "steps": [
        {
            "step": 0,
            "train_loss": 0.006387866102159023,
            "actions_pred1": [
                [
                    [
                        -0.4664084017276764,
                        3.4792795181274414,
                        1.8285995721817017,
                        -2.073774814605713
                    ],
                    [
                        -0.5028151273727417,
                        3.864264488220215,
                        1.5618504285812378,
                        -2.702906847000122
                    ],
                    [
                        -0.5143003463745117,
                        4.243969440460205,
                        1.7185049057006836,
                        -3.4216675758361816
                    ],
                    [
                        -0.3532535433769226,
                        4.505466461181641,
                        1.6995608806610107,
                        -3.8428313732147217
                    ],
                    [
                        -0.0992695689201355,
                        4.621325492858887,
                        1.7505172491073608,
                        -3.955521583557129
                    ],
                    [
                        0.03369325399398804,
                        4.717254161834717,
                        2.1221137046813965,
                        -4.398283004760742
                    ],
                    [
                        -0.02516922354698181,
                        4.6052117347717285,
                        2.1910860538482666,
                        -4.5170392990112305
                    ],
                    [
                        -0.039138197898864746,
                        4.145936489105225,
                        2.332758903503418,
                        -4.698581695556641
                    ],
                    [
                        0.35838693380355835,
                        4.038198471069336,
                        2.6950883865356445,
                        -4.8005852699279785
                    ],
                    [
                        0.36808276176452637,
                        3.966977119445801,
                        2.7189393043518066,
                        -4.7962517738342285
                    ],
                    [
                        0.14162707328796387,
                        3.893386125564575,
                        2.563159942626953,
                        -4.844620704650879
                    ],
                    [
                        0.2772274613380432,
                        3.932145595550537,
                        2.561624526977539,
                        -4.922921180725098
                    ],
                    [
                        0.4162711203098297,
                        3.8879470825195312,
                        2.5206801891326904,
                        -4.920567512512207
                    ],
                    [
                        0.4494507610797882,
                        3.8864102363586426,
                        2.528167247772217,
                        -4.978666305541992
                    ],
                    [
                        0.36854347586631775,
                        3.9473557472229004,
                        2.4681804180145264,
                        -5.116081714630127
                    ],
                    [
                        0.5483226776123047,
                        4.127527236938477,
                        2.4775490760803223,
                        -5.351607322692871
                    ],
                    [
                        0.5585885047912598,
                        3.868103504180908,
                        2.6707191467285156,
                        -5.256572723388672
                    ],
                    [
                        0.5221167206764221,
                        3.845878839492798,
                        2.773275136947632,
                        -5.118963241577148
                    ],
                    [
                        0.4543476402759552,
                        3.893540382385254,
                        2.7202610969543457,
                        -5.310957908630371
                    ],
                    [
                        0.6054527759552002,
                        3.9320249557495117,
                        3.0322301387786865,
                        -5.468511581420898
                    ]
                ]
            ],
            "actions_pred": [
                [
                    [
                        -0.4664084017276764,
                        -0.5028151273727417,
                        -0.5143003463745117,
                        -0.3532535433769226,
                        -0.0992695689201355,
                        0.03369325399398804,
                        -0.02516922354698181,
                        -0.039138197898864746,
                        0.35838693380355835,
                        0.36808276176452637,
                        0.14162707328796387,
                        0.2772274613380432,
                        0.4162711203098297,
                        0.4494507610797882,
                        0.36854347586631775,
                        0.5483226776123047,
                        0.5585885047912598,
                        0.5221167206764221,
                        0.4543476402759552,
                        0.6054527759552002
                    ],
                    [
                        3.4792795181274414,
                        3.864264488220215,
                        4.243969440460205,
                        4.505466461181641,
                        4.621325492858887,
                        4.717254161834717,
                        4.6052117347717285,
                        4.145936489105225,
                        4.038198471069336,
                        3.966977119445801,
                        3.893386125564575,
                        3.932145595550537,
                        3.8879470825195312,
                        3.8864102363586426,
                        3.9473557472229004,
                        4.127527236938477,
                        3.868103504180908,
                        3.845878839492798,
                        3.893540382385254,
                        3.9320249557495117
                    ],
                    [
                        1.8285995721817017,
                        1.5618504285812378,
                        1.7185049057006836,
                        1.6995608806610107,
                        1.7505172491073608,
                        2.1221137046813965,
                        2.1910860538482666,
                        2.332758903503418,
                        2.6950883865356445,
                        2.7189393043518066,
                        2.563159942626953,
                        2.561624526977539,
                        2.5206801891326904,
                        2.528167247772217,
                        2.4681804180145264,
                        2.4775490760803223,
                        2.6707191467285156,
                        2.773275136947632,
                        2.7202610969543457,
                        3.0322301387786865
                    ],
                    [
                        -2.073774814605713,
                        -2.702906847000122,
                        -3.4216675758361816,
                        -3.8428313732147217,
                        -3.955521583557129,
                        -4.398283004760742,
                        -4.5170392990112305,
                        -4.698581695556641,
                        -4.8005852699279785,
                        -4.7962517738342285,
                        -4.844620704650879,
                        -4.922921180725098,
                        -4.920567512512207,
                        -4.978666305541992,
                        -5.116081714630127,
                        -5.351607322692871,
                        -5.256572723388672,
                        -5.118963241577148,
                        -5.310957908630371,
                        -5.468511581420898
                    ]
                ]
            ],
            "states": [
                [
                    [
                        5059312.0,
                        9.1049492766615e-05,
                        0.0002829945588018745,
                        570940.9375
                    ],
                    [
                        5117232.0,
                        8.226631325669587e-05,
                        0.00027779326774179935,
                        553102.75
                    ],
                    [
                        5535704.0,
                        7.472792640328407e-05,
                        0.00029917724896222353,
                        546738.9375
                    ],
                    [
                        4970984.0,
                        6.851889338577166e-05,
                        0.00037997434264980257,
                        615590.1875
                    ],
                    [
                        2654184.0,
                        6.460718577727675e-05,
                        0.00029415389872156084,
                        481818.0625
                    ],
                    [
                        4494592.0,
                        6.135837611509487e-05,
                        0.00029440681100822985,
                        522992.78125
                    ],
                    [
                        4348344.0,
                        5.774946475867182e-05,
                        0.00028164629475213587,
                        491780.875
                    ],
                    [
                        4933336.0,
                        5.439664164441638e-05,
                        0.00027785348356701434,
                        520398.875
                    ],
                    [
                        4701656.0,
                        5.129960845806636e-05,
                        0.00038381022750400007,
                        575110.6875
                    ],
                    [
                        4578576.0,
                        4.8633406549924985e-05,
                        0.0002961547579616308,
                        495802.21875
                    ],
                    [
                        3149400.0,
                        4.661144339479506e-05,
                        0.00029962105327285826,
                        505119.28125
                    ],
                    [
                        4999944.0,
                        4.466465179575607e-05,
                        0.00029777659801766276,
                        484590.125
                    ],
                    [
                        5011528.0,
                        4.247795732226223e-05,
                        0.0002728095860220492,
                        482498.96875
                    ],
                    [
                        5127368.0,
                        4.047168113174848e-05,
                        0.0002930021146312356,
                        492467.5625
                    ],
                    [
                        5149088.0,
                        3.862225275952369e-05,
                        0.0005929499748162925,
                        510973.59375
                    ],
                    [
                        3434656.0,
                        3.7198835343588144e-05,
                        0.00017766767996363342,
                        518040.0625
                    ],
                    [
                        4734960.0,
                        3.594371446524747e-05,
                        0.00018339134112466127,
                        483570.8125
                    ],
                    [
                        4713240.0,
                        3.459137587924488e-05,
                        0.00019205290300305933,
                        485131.46875
                    ],
                    [
                        5099856.0,
                        3.3291154977632686e-05,
                        0.0002024973655352369,
                        498759.9375
                    ],
                    [
                        5243208.0,
                        3.2021918741520494e-05,
                        0.0002613598189782351,
                        496721.28125
                    ]
                ]
            ],
            "actions": [
                [
                    [
                        0.5
                    ],
                    [
                        0.5
                    ],
                    [
                        0.5
                    ],
                    [
                        0.5
                    ],
                    [
                        0.5
                    ],
                    [
                        0.5
                    ],
                    [
                        0.5
                    ],
                    [
                        0.5
                    ],
                    [
                        0.5
                    ],
                    [
                        0.5
                    ],
                    [
                        0.5
                    ],
                    [
                        0.5
                    ],
                    [
                        0.5
                    ],
                    [
                        0.5
                    ],
                    [
                        0.5
                    ],
                    [
                        0.5
                    ],
                    [
                        0.5
                    ],
                    [
                        0.5
                    ],
                    [
                        0.5
                    ],
                    [
                        0.5
                    ]
                ]
            ],
            "returns": [
                [
                    [
                        0.4691389203071594
                    ],
                    [
                        0.4682103097438812
                    ],
                    [
                        0.46728071570396423
                    ],
                    [
                        0.46634411811828613
                    ],
                    [
                        0.4654170870780945
                    ],
                    [
                        0.46454569697380066
                    ],
                    [
                        0.46362757682800293
                    ],
                    [
                        0.4627124071121216
                    ],
                    [
                        0.46178606152534485
                    ],
                    [
                        0.46086394786834717
                    ],
                    [
                        0.4599442183971405
                    ],
                    [
                        0.45905765891075134
                    ],
                    [
                        0.4581300914287567
                    ],
                    [
                        0.45720234513282776
                    ],
                    [
                        0.45627257227897644
                    ],
                    [
                        0.4553424119949341
                    ],
                    [
                        0.4544481337070465
                    ],
                    [
                        0.4535254240036011
                    ],
                    [
                        0.4526031017303467
                    ],
                    [
                        0.45167380571365356
                    ]
                ]
            ],
            "timesteps": [
                [
                    120,
                    121,
                    122,
                    123,
                    124,
                    125,
                    126,
                    127,
                    128,
                    129,
                    130,
                    131,
                    132,
                    133,
                    134,
                    135,
                    136,
                    137,
                    138,
                    139
                ]
            ],
            "labels": [
                [
                    1,
                    1,
                    1,
                    1,
                    1,
                    1,
                    1,
                    1,
                    1,
                    1,
                    1,
                    1,
                    1,
                    1,
                    1,
                    1,
                    1,
                    1,
                    1,
                    1
                ]
            ],
            "CPU Usage": 45.9,
            "RAM Usage": 55.0,
            "GPU Usage": 0.0,
            "VRAM Usage": 355.0,
            "Disk Read Speed (MB/s)": 206644.1396484375,
            "Disk Write Speed (MB/s)": 410567.4462890625
        },
        {
            "step": 1,
            "train_loss": 0.019230296835303307,
            "actions_pred1": [
                [
                    [
                        0.37392544746398926,
                        1.617741346359253,
                        1.1663182973861694,
                        -2.961292266845703
                    ],
                    [
                        0.13510435819625854,
                        1.9185271263122559,
                        1.1229219436645508,
                        -3.1447930335998535
                    ],
                    [
                        0.0931742787361145,
                        1.8729159832000732,
                        1.1649211645126343,
                        -3.313141345977783
                    ],
                    [
                        -0.12348474562168121,
                        1.865221381187439,
                        1.4480371475219727,
                        -3.492810010910034
                    ],
                    [
                        -0.0838422030210495,
                        1.9316593408584595,
                        1.594924807548523,
                        -3.7109503746032715
                    ],
                    [
                        -0.032221972942352295,
                        1.8634157180786133,
                        1.5048282146453857,
                        -3.700914144515991
                    ],
                    [
                        -0.05947190523147583,
                        1.937453031539917,
                        1.7215830087661743,
                        -4.144252777099609
                    ],
                    [
                        0.1076744794845581,
                        1.8032385110855103,
                        1.9484788179397583,
                        -4.301192283630371
                    ],
                    [
                        0.24213337898254395,
                        1.7274608612060547,
                        1.867567539215088,
                        -4.260746002197266
                    ],
                    [
                        0.18299978971481323,
                        1.7544171810150146,
                        1.9872552156448364,
                        -4.462931156158447
                    ],
                    [
                        0.13673201203346252,
                        1.6013470888137817,
                        1.9884943962097168,
                        -4.234424114227295
                    ],
                    [
                        0.2740323543548584,
                        1.568870186805725,
                        2.0756337642669678,
                        -4.5179643630981445
                    ],
                    [
                        0.3346225917339325,
                        1.6616122722625732,
                        2.16262149810791,
                        -4.356241226196289
                    ],
                    [
                        0.2126777470111847,
                        1.8817474842071533,
                        2.351086139678955,
                        -4.553449630737305
                    ],
                    [
                        0.178902268409729,
                        1.8591029644012451,
                        2.341618537902832,
                        -4.865875244140625
                    ],
                    [
                        0.24640750885009766,
                        1.762439250946045,
                        2.354315757751465,
                        -5.021398544311523
                    ],
                    [
                        0.015452533960342407,
                        1.96632981300354,
                        2.3913168907165527,
                        -5.411694526672363
                    ],
                    [
                        0.24417471885681152,
                        2.006077527999878,
                        2.246063470840454,
                        -5.047989368438721
                    ],
                    [
                        0.25399503111839294,
                        2.0178732872009277,
                        2.248917818069458,
                        -5.109780311584473
                    ],
                    [
                        0.2989773452281952,
                        2.0862605571746826,
                        2.2783477306365967,
                        -5.4074859619140625
                    ]
                ]
            ],
            "actions_pred": [
                [
                    [
                        0.37392544746398926,
                        0.13510435819625854,
                        0.0931742787361145,
                        -0.12348474562168121,
                        -0.0838422030210495,
                        -0.032221972942352295,
                        -0.05947190523147583,
                        0.1076744794845581,
                        0.24213337898254395,
                        0.18299978971481323,
                        0.13673201203346252,
                        0.2740323543548584,
                        0.3346225917339325,
                        0.2126777470111847,
                        0.178902268409729,
                        0.24640750885009766,
                        0.015452533960342407,
                        0.24417471885681152,
                        0.25399503111839294,
                        0.2989773452281952
                    ],
                    [
                        1.617741346359253,
                        1.9185271263122559,
                        1.8729159832000732,
                        1.865221381187439,
                        1.9316593408584595,
                        1.8634157180786133,
                        1.937453031539917,
                        1.8032385110855103,
                        1.7274608612060547,
                        1.7544171810150146,
                        1.6013470888137817,
                        1.568870186805725,
                        1.6616122722625732,
                        1.8817474842071533,
                        1.8591029644012451,
                        1.762439250946045,
                        1.96632981300354,
                        2.006077527999878,
                        2.0178732872009277,
                        2.0862605571746826
                    ],
                    [
                        1.1663182973861694,
                        1.1229219436645508,
                        1.1649211645126343,
                        1.4480371475219727,
                        1.594924807548523,
                        1.5048282146453857,
                        1.7215830087661743,
                        1.9484788179397583,
                        1.867567539215088,
                        1.9872552156448364,
                        1.9884943962097168,
                        2.0756337642669678,
                        2.16262149810791,
                        2.351086139678955,
                        2.341618537902832,
                        2.354315757751465,
                        2.3913168907165527,
                        2.246063470840454,
                        2.248917818069458,
                        2.2783477306365967
                    ],
                    [
                        -2.961292266845703,
                        -3.1447930335998535,
                        -3.313141345977783,
                        -3.492810010910034,
                        -3.7109503746032715,
                        -3.700914144515991,
                        -4.144252777099609,
                        -4.301192283630371,
                        -4.260746002197266,
                        -4.462931156158447,
                        -4.234424114227295,
                        -4.5179643630981445,
                        -4.356241226196289,
                        -4.553449630737305,
                        -4.865875244140625,
                        -5.021398544311523,
                        -5.411694526672363,
                        -5.047989368438721,
                        -5.109780311584473,
                        -5.4074859619140625
                    ]
                ]
            ],
            "states": [
                [
                    [
                        5457512.0,
                        9.714517545944545e-06,
                        0.0004527103737927973,
                        552968.1875
                    ],
                    [
                        4474320.0,
                        9.607780157239176e-06,
                        0.00029970589093863964,
                        640429.75
                    ],
                    [
                        3226144.0,
                        9.52661685005296e-06,
                        0.00026218051789328456,
                        614909.3125
                    ],
                    [
                        4174584.0,
                        9.44995554164052e-06,
                        0.0002925366861745715,
                        607098.5
                    ],
                    [
                        4522104.0,
                        9.361412594444118e-06,
                        0.00028024095809087157,
                        568885.75
                    ],
                    [
                        2825048.0,
                        8.919517313188408e-06,
                        0.0001758198341121897,
                        690901.5625
                    ],
                    [
                        5196872.0,
                        8.846717719279695e-06,
                        0.00013516498438548297,
                        601105.3125
                    ],
                    [
                        7633856.0,
                        8.732715286896564e-06,
                        0.0001646996388444677,
                        547900.5625
                    ],
                    [
                        47963.0,
                        0.2136354148387909,
                        0.00027816780493594706,
                        871190.125
                    ],
                    [
                        608160.0,
                        0.027683094143867493,
                        0.00026209698989987373,
                        1030414.6875
                    ],
                    [
                        537208.0,
                        0.007899114862084389,
                        0.0002851165772881359,
                        949322.9375
                    ],
                    [
                        671872.0,
                        0.004755145870149136,
                        0.000267517170868814,
                        888587.6875
                    ],
                    [
                        858664.0,
                        0.003167606657370925,
                        0.00027258697082288563,
                        909664.5625
                    ],
                    [
                        877488.0,
                        0.0022909550461918116,
                        0.00027191461413167417,
                        989545.25
                    ],
                    [
                        1255416.0,
                        0.0017173178493976593,
                        0.00027577357832342386,
                        1043241.4375
                    ],
                    [
                        1436416.0,
                        0.0013016851153224707,
                        0.00027702987426891923,
                        939221.25
                    ],
                    [
                        1715880.0,
                        0.0010147599969059229,
                        0.0002779100905172527,
                        989890.625
                    ],
                    [
                        1867920.0,
                        0.0008108949987217784,
                        0.00026160795823670924,
                        1001348.25
                    ],
                    [
                        2189376.0,
                        0.0006609969423152506,
                        0.0002753763983491808,
                        969961.0625
                    ],
                    [
                        2552824.0,
                        0.000543545582331717,
                        0.0002731475979089737,
                        970656.1875
                    ]
                ]
            ],
            "actions": [
                [
                    [
                        0.5
                    ],
                    [
                        0.5
                    ],
                    [
                        0.5
                    ],
                    [
                        0.5
                    ],
                    [
                        0.5
                    ],
                    [
                        0.5
                    ],
                    [
                        0.5
                    ],
                    [
                        0.5
                    ],
                    [
                        0.75
                    ],
                    [
                        0.75
                    ],
                    [
                        0.75
                    ],
                    [
                        0.75
                    ],
                    [
                        0.75
                    ],
                    [
                        0.75
                    ],
                    [
                        0.75
                    ],
                    [
                        0.75
                    ],
                    [
                        0.75
                    ],
                    [
                        0.75
                    ],
                    [
                        0.75
                    ],
                    [
                        0.75
                    ]
                ]
            ],
            "returns": [
                [
                    [
                        0.39574772119522095
                    ],
                    [
                        0.3948124051094055
                    ],
                    [
                        0.3938947021961212
                    ],
                    [
                        0.39300599694252014
                    ],
                    [
                        0.3920944333076477
                    ],
                    [
                        0.3911758065223694
                    ],
                    [
                        0.39029887318611145
                    ],
                    [
                        0.38936787843704224
                    ],
                    [
                        0.3884028196334839
                    ],
                    [
                        0.38788723945617676
                    ],
                    [
                        0.3871464729309082
                    ],
                    [
                        0.3864167034626007
                    ],
                    [
                        0.385667085647583
                    ],
                    [
                        0.3848957419395447
                    ],
                    [
                        0.38412246108055115
                    ],
                    [
                        0.3833174407482147
                    ],
                    [
                        0.38250046968460083
                    ],
                    [
                        0.38166773319244385
                    ],
                    [
                        0.38082748651504517
                    ],
                    [
                        0.3799731433391571
                    ]
                ]
            ],
            "timesteps": [
                [
                    200,
                    201,
                    202,
                    203,
                    204,
                    205,
                    206,
                    207,
                    208,
                    209,
                    210,
                    211,
                    212,
                    213,
                    214,
                    215,
                    216,
                    217,
                    218,
                    219
                ]
            ],
            "labels": [
                [
                    1,
                    1,
                    1,
                    1,
                    1,
                    1,
                    1,
                    1,
                    2,
                    2,
                    2,
                    2,
                    2,
                    2,
                    2,
                    2,
                    2,
                    2,
                    2,
                    2
                ]
            ],
            "CPU Usage": 47.1,
            "RAM Usage": 55.2,
            "GPU Usage": 0.0,
            "VRAM Usage": 355.0,
            "Disk Read Speed (MB/s)": 206644.1396484375,
            "Disk Write Speed (MB/s)": 410567.5009765625
        },
        {
            "step": 2,
            "train_loss": 0.046885084360837936,
            "actions_pred1": [
                [
                    [
                        0.30204668641090393,
                        0.4099825620651245,
                        1.5029200315475464,
                        -2.088538885116577
                    ],
                    [
                        0.28224799036979675,
                        0.5921964645385742,
                        1.5332168340682983,
                        -2.128014087677002
                    ],
                    [
                        0.2737083435058594,
                        0.8878328800201416,
                        1.494672179222107,
                        -2.1923155784606934
                    ],
                    [
                        0.6690254211425781,
                        0.863969087600708,
                        1.3724560737609863,
                        -2.2192811965942383
                    ],
                    [
                        0.781203031539917,
                        0.7531009912490845,
                        1.507256269454956,
                        -2.734494209289551
                    ],
                    [
                        1.1347618103027344,
                        1.0477194786071777,
                        1.7108889818191528,
                        -3.40616512298584
                    ],
                    [
                        1.2743606567382812,
                        1.2406538724899292,
                        1.7808053493499756,
                        -3.600186824798584
                    ],
                    [
                        1.1461992263793945,
                        1.6502392292022705,
                        1.7446366548538208,
                        -3.703382968902588
                    ],
                    [
                        1.0578525066375732,
                        1.470609188079834,
                        1.736032247543335,
                        -3.402726888656616
                    ],
                    [
                        1.2085294723510742,
                        1.4759528636932373,
                        1.6154465675354004,
                        -3.451516628265381
                    ],
                    [
                        1.1763428449630737,
                        1.5089139938354492,
                        1.6188039779663086,
                        -3.618190288543701
                    ],
                    [
                        1.2284926176071167,
                        1.3792662620544434,
                        1.624999761581421,
                        -3.428260326385498
                    ],
                    [
                        1.0756537914276123,
                        1.4668482542037964,
                        1.8170455694198608,
                        -3.553072452545166
                    ],
                    [
                        1.2512776851654053,
                        1.64927339553833,
                        2.0104424953460693,
                        -3.835972309112549
                    ],
                    [
                        1.170485258102417,
                        1.644006371498108,
                        1.9294581413269043,
                        -3.7708635330200195
                    ],
                    [
                        1.2069321870803833,
                        1.4947115182876587,
                        1.8850626945495605,
                        -3.7740578651428223
                    ],
                    [
                        1.1012518405914307,
                        1.4409148693084717,
                        1.8837456703186035,
                        -3.8000221252441406
                    ],
                    [
                        0.8559883832931519,
                        1.2911704778671265,
                        1.608668565750122,
                        -3.645040512084961
                    ],
                    [
                        1.0270655155181885,
                        1.275909185409546,
                        1.7500931024551392,
                        -3.6237375736236572
                    ],
                    [
                        0.9815670251846313,
                        1.5790475606918335,
                        1.6849181652069092,
                        -3.682309865951538
                    ]
                ]
            ],
            "actions_pred": [
                [
                    [
                        0.30204668641090393,
                        0.28224799036979675,
                        0.2737083435058594,
                        0.6690254211425781,
                        0.781203031539917,
                        1.1347618103027344,
                        1.2743606567382812,
                        1.1461992263793945,
                        1.0578525066375732,
                        1.2085294723510742,
                        1.1763428449630737,
                        1.2284926176071167,
                        1.0756537914276123,
                        1.2512776851654053,
