{
    "steps": [
        {
            "step": 0,
            "train_loss": 0.026633143424987793,
            "actions_pred1": [
                [
                    [
                        0.0799427330493927,
                        -0.17349207401275635,
                        0.6494682431221008,
                        0.1816994696855545
                    ],
                    [
                        -0.07854046672582626,
                        -0.16310226917266846,
                        0.7660056352615356,
                        0.1430310308933258
                    ],
                    [
                        0.0009289532899856567,
                        -0.08130604773759842,
                        0.7278532385826111,
                        0.23573662340641022
                    ],
                    [
                        0.07086765021085739,
                        -0.07256215810775757,
                        0.775446891784668,
                        0.14288799464702606
                    ],
                    [
                        0.1162380799651146,
                        -0.06619811058044434,
                        0.6977012157440186,
                        0.01854628324508667
                    ],
                    [
                        -0.06405872106552124,
                        -0.12885159254074097,
                        0.6398362517356873,
                        0.10221150517463684
                    ],
                    [
                        -0.07331572473049164,
                        -0.18108640611171722,
                        0.7296102046966553,
                        0.11222657561302185
                    ],
                    [
                        -0.07175730168819427,
                        -0.09265640377998352,
                        0.7820476293563843,
                        0.05824501812458038
                    ],
                    [
                        0.06620083749294281,
                        -0.07431814074516296,
                        0.8151223063468933,
                        0.18293878436088562
                    ],
                    [
                        0.025102227926254272,
                        -0.16470812261104584,
                        0.7921268343925476,
                        0.1789225935935974
                    ],
                    [
                        0.026289477944374084,
                        -0.048824943602085114,
                        0.8300836682319641,
                        0.17083801329135895
                    ],
                    [
                        0.08882923424243927,
                        -0.11569889634847641,
                        0.7539398074150085,
                        0.1473739892244339
                    ],
                    [
                        0.09087641537189484,
                        -0.1361241489648819,
                        0.7440221905708313,
                        0.18162569403648376
                    ],
                    [
                        0.0853547602891922,
                        -0.05925171077251434,
                        0.9812638163566589,
                        0.2831859290599823
                    ],
                    [
                        0.07706888020038605,
                        -0.029523663222789764,
                        1.0350103378295898,
                        0.3583163619041443
                    ],
                    [
                        0.07176703959703445,
                        -0.05369971692562103,
                        1.088913083076477,
                        0.3651309013366699
                    ],
                    [
                        -0.1392507255077362,
                        -0.09060784429311752,
                        1.0215834379196167,
                        0.29580157995224
                    ],
                    [
                        -0.21449020504951477,
                        -0.06849751621484756,
                        1.0299947261810303,
                        0.32528841495513916
                    ],
                    [
                        -0.2224869430065155,
                        -0.048620931804180145,
                        0.9729078412055969,
                        0.3056812286376953
                    ],
                    [
                        -0.21095320582389832,
                        0.10643116384744644,
                        1.1617473363876343,
                        0.22997012734413147
                    ]
                ]
            ],
            "actions_pred": [
                [
                    [
                        0.0799427330493927,
                        -0.07854046672582626,
                        0.0009289532899856567,
                        0.07086765021085739,
                        0.1162380799651146,
                        -0.06405872106552124,
                        -0.07331572473049164,
                        -0.07175730168819427,
                        0.06620083749294281,
                        0.025102227926254272,
                        0.026289477944374084,
                        0.08882923424243927,
                        0.09087641537189484,
                        0.0853547602891922,
                        0.07706888020038605,
                        0.07176703959703445,
                        -0.1392507255077362,
                        -0.21449020504951477,
                        -0.2224869430065155,
                        -0.21095320582389832
                    ],
                    [
                        -0.17349207401275635,
                        -0.16310226917266846,
                        -0.08130604773759842,
                        -0.07256215810775757,
                        -0.06619811058044434,
                        -0.12885159254074097,
                        -0.18108640611171722,
                        -0.09265640377998352,
                        -0.07431814074516296,
                        -0.16470812261104584,
                        -0.048824943602085114,
                        -0.11569889634847641,
                        -0.1361241489648819,
                        -0.05925171077251434,
                        -0.029523663222789764,
                        -0.05369971692562103,
                        -0.09060784429311752,
                        -0.06849751621484756,
                        -0.048620931804180145,
                        0.10643116384744644
                    ],
                    [
                        0.6494682431221008,
                        0.7660056352615356,
                        0.7278532385826111,
                        0.775446891784668,
                        0.6977012157440186,
                        0.6398362517356873,
                        0.7296102046966553,
                        0.7820476293563843,
                        0.8151223063468933,
                        0.7921268343925476,
                        0.8300836682319641,
                        0.7539398074150085,
                        0.7440221905708313,
                        0.9812638163566589,
                        1.0350103378295898,
                        1.088913083076477,
                        1.0215834379196167,
                        1.0299947261810303,
                        0.9729078412055969,
                        1.1617473363876343
                    ],
                    [
                        0.1816994696855545,
                        0.1430310308933258,
                        0.23573662340641022,
                        0.14288799464702606,
                        0.01854628324508667,
                        0.10221150517463684,
                        0.11222657561302185,
                        0.05824501812458038,
                        0.18293878436088562,
                        0.1789225935935974,
                        0.17083801329135895,
                        0.1473739892244339,
                        0.18162569403648376,
                        0.2831859290599823,
                        0.3583163619041443,
                        0.3651309013366699,
                        0.29580157995224,
                        0.32528841495513916,
                        0.3056812286376953,
                        0.22997012734413147
                    ]
                ]
            ],
            "states": [
                [
                    [
                        9069003.0,
                        0.0034533278085291386,
                        0.0002651966060511768,
                        441188.5625
                    ],
                    [
                        11320464.0,
                        0.000310528528643772,
                        0.0002789112040773034,
                        436995.21875
                    ],
                    [
                        10438632.0,
                        0.00017193457460962236,
                        0.00025781430304050446,
                        493798.40625
                    ],
                    [
                        10012920.0,
                        0.00012196777242934331,
                        0.0002818313369061798,
                        466062.65625
                    ],
                    [
                        10120072.0,
                        9.498456347500905e-05,
                        0.00027022496215067804,
                        484496.1875
                    ],
                    [
                        9115160.0,
                        7.838496094336733e-05,
                        0.00027221045456826687,
                        480218.375
                    ],
                    [
                        8819768.0,
                        6.74370166962035e-05,
                        0.0002733847650233656,
                        463188.125
                    ],
                    [
                        9522048.0,
                        5.902954944758676e-05,
                        0.00026607781182974577,
                        571538.5
                    ],
                    [
                        9099232.0,
                        5.2383467846084386e-05,
                        0.00028466759249567986,
                        601120.625
                    ],
                    [
                        8877688.0,
                        4.72521896881517e-05,
                        0.0002693114511203021,
                        590414.6875
                    ],
                    [
                        7406288.0,
                        4.339466249803081e-05,
                        0.0002695369767025113,
                        529230.5625
                    ],
                    [
                        7668840.0,
                        4.0354032535105944e-05,
                        0.00026757299201563,
                        612860.8125
                    ],
                    [
                        7531048.0,
                        3.768979149754159e-05,
                        0.0002770914288703352,
                        740788.0625
                    ],
                    [
                        7394936.0,
                        3.539538010954857e-05,
                        0.0002540841815061867,
                        705727.25
                    ],
                    [
                        6951848.0,
                        3.34380820277147e-05,
                        0.0002650599053595215,
                        732259.125
                    ],
                    [
                        6330656.0,
                        3.180928251822479e-05,
                        0.00027801760006695986,
                        722867.4375
                    ],
                    [
                        5884672.0,
                        3.0445722586591728e-05,
                        0.0002704633225221187,
                        677627.4375
                    ],
                    [
                        5363392.0,
                        2.9289631129358895e-05,
                        0.0002756867033895105,
                        805457.5625
                    ],
                    [
                        5311264.0,
                        2.82715027424274e-05,
                        0.00025344316964037716,
                        860605.0
                    ],
                    [
                        5401040.0,
                        2.6375411835033447e-05,
                        0.000413205154472962,
                        833632.5625
                    ]
                ]
            ],
            "actions": [
                [
                    [
                        0.75
                    ],
                    [
                        0.75
                    ],
                    [
                        0.75
                    ],
                    [
                        0.75
                    ],
                    [
                        0.75
                    ],
                    [
                        0.75
                    ],
                    [
                        0.75
                    ],
                    [
                        0.75
                    ],
                    [
                        0.75
                    ],
                    [
                        0.75
                    ],
                    [
                        0.75
                    ],
                    [
                        0.75
                    ],
                    [
                        0.75
                    ],
                    [
                        0.75
                    ],
                    [
                        0.75
                    ],
                    [
                        0.75
                    ],
                    [
                        0.75
                    ],
                    [
                        0.75
                    ],
                    [
                        0.75
                    ],
                    [
                        0.75
                    ]
                ]
            ],
            "returns": [
                [
                    [
                        0.5809153318405151
                    ],
                    [
                        0.5799350142478943
                    ],
                    [
                        0.5789350271224976
                    ],
                    [
                        0.5779421925544739
                    ],
                    [
                        0.5769530534744263
                    ],
                    [
                        0.575963020324707
                    ],
                    [
                        0.574982225894928
                    ],
                    [
                        0.5740043520927429
                    ],
                    [
                        0.5730196833610535
                    ],
                    [
                        0.5720390677452087
                    ],
                    [
                        0.5710605978965759
                    ],
                    [
                        0.5700982213020325
                    ],
                    [
                        0.5691327452659607
                    ],
                    [
                        0.5681688785552979
                    ],
                    [
                        0.567206621170044
                    ],
                    [
                        0.5662498474121094
                    ],
                    [
                        0.5653014183044434
                    ],
                    [
                        0.5643594264984131
                    ],
                    [
                        0.563425600528717
                    ],
                    [
                        0.5624927282333374
                    ]
                ]
            ],
            "timesteps": [
                [
                    0,
                    1,
                    2,
                    3,
                    4,
                    5,
                    6,
                    7,
                    8,
                    9,
                    10,
                    11,
                    12,
                    13,
                    14,
                    15,
                    16,
                    17,
                    18,
                    19
                ]
            ],
            "labels": [
                [
                    2,
                    2,
                    2,
                    2,
                    2,
                    2,
                    2,
                    2,
                    2,
                    2,
                    2,
                    2,
                    2,
                    2,
                    2,
                    2,
                    2,
                    2,
                    2,
                    2
                ]
            ],
            "CPU Usage": 46.0,
            "RAM Usage": 55.3,
            "GPU Usage": 0.0,
            "VRAM Usage": 355.0,
            "Disk Read Speed (MB/s)": 206025.5556640625,
            "Disk Write Speed (MB/s)": 348890.4033203125
        },
        {
            "step": 1,
            "train_loss": 0.05009730905294418,
            "actions_pred1": [
                [
                    [
                        -0.33806097507476807,
                        -0.7933698892593384,
                        -0.013791188597679138,
                        -0.4106903076171875
                    ],
                    [
                        -0.42742007970809937,
                        -0.37340348958969116,
                        0.006033033132553101,
                        -0.03005938231945038
                    ],
                    [
                        -0.396018385887146,
                        -0.28546974062919617,
                        0.10490608215332031,
                        -0.017592772841453552
                    ],
                    [
                        -0.3763478994369507,
                        -0.17501485347747803,
                        0.2509155869483948,
                        -0.08916580677032471
                    ],
                    [
                        -0.4032597541809082,
                        -0.30921676754951477,
                        0.27125710248947144,
                        -0.14444193243980408
                    ],
                    [
                        -0.4111553430557251,
                        -0.22161194682121277,
                        0.45856285095214844,
                        -0.22975194454193115
                    ],
                    [
                        -0.39616790413856506,
                        -0.32516783475875854,
                        0.4410693049430847,
                        -0.11689543724060059
                    ],
                    [
                        -0.3829190731048584,
                        -0.3424319624900818,
                        0.366595059633255,
                        0.018416941165924072
                    ],
                    [
                        -0.4831523299217224,
                        -0.3971448540687561,
                        0.37009263038635254,
                        -0.1103266030550003
                    ],
                    [
                        -0.563803493976593,
                        -0.3792419731616974,
                        0.32585811614990234,
                        -0.11651253700256348
                    ],
                    [
                        -0.4630228877067566,
                        -0.14661218225955963,
                        0.49144911766052246,
                        -0.08457040786743164
                    ],
                    [
                        -0.5486472845077515,
                        -0.20102904736995697,
                        0.4806215763092041,
                        0.08140882849693298
                    ],
                    [
                        -0.5475851893424988,
                        -0.22128057479858398,
                        0.5311903953552246,
                        0.03602197766304016
                    ],
                    [
                        -0.5335489511489868,
                        -0.16810178756713867,
                        0.6000683307647705,
                        0.032232120633125305
                    ],
                    [
                        -0.5455654263496399,
                        -0.190588116645813,
                        0.5499805808067322,
                        -0.0691104382276535
                    ],
                    [
                        -0.5811163187026978,
                        -0.19372612237930298,
                        0.4661979675292969,
                        0.005772307515144348
                    ],
                    [
                        -0.5073182582855225,
                        -0.22596153616905212,
                        0.5011931657791138,
                        -0.11553186178207397
                    ],
                    [
                        -0.5579870343208313,
                        -0.23860317468643188,
                        0.4667065739631653,
                        -0.1288331001996994
                    ],
                    [
                        -0.4700712561607361,
                        -0.004855141043663025,
                        0.3992466330528259,
                        0.03180705010890961
                    ],
                    [
                        -0.42148327827453613,
                        -0.17420285940170288,
                        0.5031203031539917,
                        -0.012658119201660156
                    ]
                ]
            ],
            "actions_pred": [
                [
                    [
                        -0.33806097507476807,
                        -0.42742007970809937,
                        -0.396018385887146,
                        -0.3763478994369507,
                        -0.4032597541809082,
                        -0.4111553430557251,
                        -0.39616790413856506,
                        -0.3829190731048584,
                        -0.4831523299217224,
                        -0.563803493976593,
                        -0.4630228877067566,
                        -0.5486472845077515,
                        -0.5475851893424988,
                        -0.5335489511489868,
                        -0.5455654263496399,
                        -0.5811163187026978,
                        -0.5073182582855225,
                        -0.5579870343208313,
                        -0.4700712561607361,
                        -0.42148327827453613
                    ],
                    [
                        -0.7933698892593384,
                        -0.37340348958969116,
                        -0.28546974062919617,
                        -0.17501485347747803,
                        -0.30921676754951477,
                        -0.22161194682121277,
                        -0.32516783475875854,
                        -0.3424319624900818,
                        -0.3971448540687561,
                        -0.3792419731616974,
                        -0.14661218225955963,
                        -0.20102904736995697,
                        -0.22128057479858398,
                        -0.16810178756713867,
                        -0.190588116645813,
                        -0.19372612237930298,
                        -0.22596153616905212,
                        -0.23860317468643188,
                        -0.004855141043663025,
                        -0.17420285940170288
                    ],
                    [
                        -0.013791188597679138,
                        0.006033033132553101,
                        0.10490608215332031,
                        0.2509155869483948,
                        0.27125710248947144,
                        0.45856285095214844,
                        0.4410693049430847,
                        0.366595059633255,
                        0.37009263038635254,
                        0.32585811614990234,
                        0.49144911766052246,
                        0.4806215763092041,
                        0.5311903953552246,
                        0.6000683307647705,
                        0.5499805808067322,
                        0.4661979675292969,
                        0.5011931657791138,
                        0.4667065739631653,
                        0.3992466330528259,
                        0.5031203031539917
                    ],
                    [
                        -0.4106903076171875,
                        -0.03005938231945038,
                        -0.017592772841453552,
                        -0.08916580677032471,
                        -0.14444193243980408,
                        -0.22975194454193115,
                        -0.11689543724060059,
                        0.018416941165924072,
                        -0.1103266030550003,
                        -0.11651253700256348,
                        -0.08457040786743164,
                        0.08140882849693298,
                        0.03602197766304016,
                        0.032232120633125305,
                        -0.0691104382276535,
                        0.005772307515144348,
                        -0.11553186178207397,
                        -0.1288331001996994,
                        0.03180705010890961,
                        -0.012658119201660156
                    ]
                ]
            ],
            "states": [
                [
                    [
                        3840096.0,
                        2.92694730887888e-05,
                        0.00022606240236200392,
                        669392.5
                    ],
                    [
                        5186736.0,
                        2.8975890018045902e-05,
                        0.0002532026555854827,
                        623919.4375
                    ],
                    [
                        4765368.0,
                        2.86587583104847e-05,
                        0.0002667571825440973,
                        632646.8125
                    ],
                    [
                        6161240.0,
                        2.8318694603512995e-05,
                        0.00026687141507864,
                        545136.5625
                    ],
                    [
                        6174272.0,
                        2.7944166504312307e-05,
                        0.0002529114135541022,
                        614846.3125
                    ],
                    [
                        5751456.0,
                        2.7591326215770096e-05,
                        0.0002583715249784291,
                        530205.9375
                    ],
                    [
                        7742456.0,
                        2.720300471992232e-05,
                        0.001365873496979475,
                        538990.625
                    ],
                    [
                        6206128.0,
                        2.6812451324076392e-05,
                        0.0008239395683631301,
                        520321.9375
                    ],
                    [
                        5211352.0,
                        2.6501078536966816e-05,
                        0.0005388445570133626,
                        565831.875
                    ],
                    [
                        4737856.0,
                        2.623563341330737e-05,
                        0.0005018769879825413,
                        557744.25
                    ],
                    [
                        3256552.0,
                        2.6026094928965904e-05,
                        0.0005396626074798405,
                        583406.625
                    ],
                    [
                        2370376.0,
                        2.588063398434315e-05,
                        0.00039070475031621754,
                        599303.875
                    ],
                    [
                        3150848.0,
                        2.573955680418294e-05,
                        0.00037147922557778656,
                        638024.3125
                    ],
                    [
                        4121008.0,
                        2.5556088075973094e-05,
                        0.00035373689024709165,
                        613075.625
                    ],
                    [
                        3627240.0,
                        2.5363364329678006e-05,
                        0.0003472233365755528,
                        713559.4375
                    ],
                    [
                        4171688.0,
                        2.5172355890390463e-05,
                        0.00021890846255701035,
                        610763.0
                    ],
                    [
                        2390648.0,
                        2.501373273844365e-05,
                        0.00019109471759293228,
                        629310.5
                    ],
                    [
                        3237728.0,
                        2.487938036210835e-05,
                        0.00025023153284564614,
                        525239.375
                    ],
                    [
                        5175152.0,
                        2.4681297873030417e-05,
                        0.000305382302030921,
                        610625.375
                    ],
                    [
                        4510520.0,
                        2.445693280606065e-05,
                        0.00029567780438810587,
                        582702.6875
                    ]
                ]
            ],
            "actions": [
                [
                    [
                        0.5
                    ],
                    [
                        0.5
                    ],
                    [
                        0.5
                    ],
                    [
                        0.5
                    ],
                    [
                        0.5
                    ],
                    [
                        0.5
                    ],
                    [
                        0.5
                    ],
                    [
                        0.5
                    ],
                    [
                        0.5
                    ],
                    [
                        0.5
                    ],
                    [
                        0.5
                    ],
                    [
                        0.5
                    ],
                    [
                        0.5
                    ],
                    [
                        0.5
                    ],
                    [
                        0.5
                    ],
                    [
                        0.5
                    ],
                    [
                        0.5
                    ],
                    [
                        0.5
                    ],
                    [
                        0.5
                    ],
                    [
                        0.5
                    ]
                ]
            ],
            "returns": [
                [
                    [
                        0.11548818647861481
                    ],
                    [
                        0.11458403617143631
                    ],
                    [
                        0.11365323513746262
                    ],
                    [
                        0.11272994428873062
                    ],
                    [
                        0.11178387701511383
                    ],
                    [
                        0.11083762347698212
                    ],
                    [
                        0.1098976582288742
                    ],
                    [
                        0.10893134027719498
                    ],
                    [
                        0.10798463225364685
                    ],
                    [
                        0.10705341398715973
                    ],
                    [
                        0.10613063722848892
                    ],
                    [
                        0.10524109750986099
                    ],
                    [
                        0.10437972098588943
                    ],
                    [
                        0.1034931093454361
                    ],
                    [
                        0.10258270055055618
                    ],
                    [
                        0.1016836017370224
                    ],
                    [
                        0.10077211260795593
                    ],
                    [
                        0.09990997612476349
                    ],
                    [
                        0.09902095794677734
                    ],
                    [
                        0.09809035062789917
                    ]
                ]
            ],
            "timesteps": [
                [
                    500,
                    501,
                    502,
                    503,
                    504,
                    505,
                    506,
                    507,
                    508,
                    509,
                    510,
                    511,
                    512,
                    513,
                    514,
                    515,
                    516,
                    517,
                    518,
                    519
                ]
            ],
            "labels": [
                [
                    1,
                    1,
                    1,
                    1,
                    1,
                    1,
                    1,
                    1,
                    1,
                    1,
                    1,
                    1,
                    1,
                    1,
                    1,
                    1,
                    1,
                    1,
                    1,
                    1
                ]
            ],
            "CPU Usage": 46.7,
            "RAM Usage": 55.4,
            "GPU Usage": 0.0,
            "VRAM Usage": 355.0,
            "Disk Read Speed (MB/s)": 206025.5556640625,
            "Disk Write Speed (MB/s)": 348890.7744140625
        },
        {
            "step": 2,
            "train_loss": 0.02708154357969761,
            "actions_pred1": [
                [
                    [
                        0.19438347220420837,
                        -0.21632829308509827,
                        0.7742379903793335,
                        0.1637265682220459
                    ],
                    [
                        0.14139503240585327,
                        -0.07031460106372833,
                        0.735732913017273,
                        0.17583513259887695
                    ],
                    [
                        0.1355229616165161,
                        0.03707481920719147,
                        0.691699206829071,
                        0.22738704085350037
                    ],
                    [
                        0.3042806088924408,
                        0.08514620363712311,
                        0.8937832117080688,
                        0.20562221109867096
                    ],
                    [
                        0.2271096110343933,
                        0.11302242428064346,
                        0.9368694424629211,
                        0.12874065339565277
                    ],
                    [
                        -0.08695510774850845,
                        -0.09431977570056915,
                        0.9221743941307068,
                        0.16302236914634705
                    ],
                    [
                        -0.14499938488006592,
                        -0.12861528992652893,
                        0.8390246629714966,
                        0.09526661038398743
                    ],
                    [
                        -0.007695361971855164,
                        -0.07259619235992432,
                        0.7935054302215576,
                        0.1746705323457718
                    ],
                    [
                        -0.012744665145874023,
                        -0.04233687371015549,
                        0.7164834141731262,
                        0.07951533794403076
                    ],
                    [
                        -0.02907738834619522,
                        -0.004204146564006805,
                        0.7400416135787964,
                        -0.071560800075531
                    ],
                    [
                        0.058974504470825195,
                        -0.09502581506967545,
                        0.6337804198265076,
                        -0.027840107679367065
                    ],
                    [
                        0.018406160175800323,
                        -0.006555795669555664,
                        0.799594521522522,
                        -0.09159234166145325
                    ],
                    [
                        0.04942364990711212,
                        -0.021118715405464172,
                        0.8754161596298218,
                        -0.030751317739486694
                    ],
                    [
                        0.07968994975090027,
                        -0.12518754601478577,
                        0.9025196433067322,
                        -0.1305326223373413
                    ],
                    [
                        0.12326057255268097,
                        -0.1382468342781067,
                        0.816641628742218,
                        -0.053535521030426025
                    ],
                    [
                        -0.016963258385658264,
                        -0.11781695485115051,
                        0.7206846475601196,
                        -0.05165019631385803
                    ],
                    [
                        0.05782700330018997,
                        -0.07096022367477417,
                        0.778276801109314,
                        0.06218588352203369
                    ],
                    [
                        0.05647990107536316,
                        -0.0173947811126709,
                        0.8175679445266724,
                        0.0034086406230926514
                    ],
                    [
                        0.04247058182954788,
                        -0.012600377202033997,
                        0.8304901719093323,
                        -0.09089356660842896
                    ],
                    [
                        0.032139852643013,
                        0.029127269983291626,
                        0.7959139943122864,
                        -0.12195542454719543
                    ]
                ]
            ],
            "actions_pred": [
                [
                    [
                        0.19438347220420837,
                        0.14139503240585327,
                        0.1355229616165161,
                        0.3042806088924408,
                        0.2271096110343933,
