{
    "steps": [
        {
            "step": 0,
            "train_loss": 0.0081294821575284,
            "actions_pred1": [
                [
                    [
                        2.783139705657959,
                        2.3554329872131348,
                        1.9211030006408691,
                        -5.870153903961182
                    ],
                    [
                        3.2991175651550293,
                        2.511547803878784,
                        1.495833396911621,
                        -5.758422374725342
                    ],
                    [
                        3.555077314376831,
                        1.9800599813461304,
                        1.659388542175293,
                        -5.893908977508545
                    ],
                    [
                        4.145892143249512,
                        1.4965534210205078,
                        1.2693125009536743,
                        -6.081423759460449
                    ],
                    [
                        3.979728937149048,
                        1.795274019241333,
                        1.1830466985702515,
                        -6.076386451721191
                    ],
                    [
                        3.6678614616394043,
                        1.84183931350708,
                        0.9167250394821167,
                        -5.9768571853637695
                    ],
                    [
                        3.579914093017578,
                        1.9946075677871704,
                        0.9101510643959045,
                        -5.789673805236816
                    ],
                    [
                        3.493523597717285,
                        1.7599875926971436,
                        0.7967362403869629,
                        -5.849659442901611
                    ],
                    [
                        3.610616683959961,
                        1.800851821899414,
                        0.9735593795776367,
                        -5.84041166305542
                    ],
                    [
                        3.832357883453369,
                        1.7149901390075684,
                        1.2479147911071777,
                        -5.957699298858643
                    ],
                    [
                        3.525287628173828,
                        1.3451018333435059,
                        1.0327140092849731,
                        -5.907742023468018
                    ],
                    [
                        3.4136481285095215,
                        1.3661257028579712,
                        1.0444344282150269,
                        -5.674675941467285
                    ],
                    [
                        3.4784533977508545,
                        1.460913896560669,
                        0.8856703042984009,
                        -5.601783752441406
                    ],
                    [
                        3.5061843395233154,
                        1.526487946510315,
                        0.7929930686950684,
                        -5.590473175048828
                    ],
                    [
                        3.574944496154785,
                        1.5162781476974487,
                        0.6939361691474915,
                        -5.574996471405029
                    ],
                    [
                        3.3613243103027344,
                        1.4963173866271973,
                        0.6831636428833008,
                        -5.6488542556762695
                    ],
                    [
                        3.0671825408935547,
                        1.452031135559082,
                        0.828414797782898,
                        -5.653556823730469
                    ],
                    [
                        2.9752230644226074,
                        1.509451150894165,
                        0.9754039645195007,
                        -5.587841033935547
                    ],
                    [
                        2.9519119262695312,
                        1.6054303646087646,
                        0.94025719165802,
                        -5.673431873321533
                    ],
                    [
                        2.9727981090545654,
                        1.4550201892852783,
                        1.0823785066604614,
                        -5.739759922027588
                    ]
                ]
            ],
            "actions_pred": [
                [
                    [
                        2.783139705657959,
                        3.2991175651550293,
                        3.555077314376831,
                        4.145892143249512,
                        3.979728937149048,
                        3.6678614616394043,
                        3.579914093017578,
                        3.493523597717285,
                        3.610616683959961,
                        3.832357883453369,
                        3.525287628173828,
                        3.4136481285095215,
                        3.4784533977508545,
                        3.5061843395233154,
                        3.574944496154785,
                        3.3613243103027344,
                        3.0671825408935547,
                        2.9752230644226074,
                        2.9519119262695312,
                        2.9727981090545654
                    ],
                    [
                        2.3554329872131348,
                        2.511547803878784,
                        1.9800599813461304,
                        1.4965534210205078,
                        1.795274019241333,
                        1.84183931350708,
                        1.9946075677871704,
                        1.7599875926971436,
                        1.800851821899414,
                        1.7149901390075684,
                        1.3451018333435059,
                        1.3661257028579712,
                        1.460913896560669,
                        1.526487946510315,
                        1.5162781476974487,
                        1.4963173866271973,
                        1.452031135559082,
                        1.509451150894165,
                        1.6054303646087646,
                        1.4550201892852783
                    ],
                    [
                        1.9211030006408691,
                        1.495833396911621,
                        1.659388542175293,
                        1.2693125009536743,
                        1.1830466985702515,
                        0.9167250394821167,
                        0.9101510643959045,
                        0.7967362403869629,
                        0.9735593795776367,
                        1.2479147911071777,
                        1.0327140092849731,
                        1.0444344282150269,
                        0.8856703042984009,
                        0.7929930686950684,
                        0.6939361691474915,
                        0.6831636428833008,
                        0.828414797782898,
                        0.9754039645195007,
                        0.94025719165802,
                        1.0823785066604614
                    ],
                    [
                        -5.870153903961182,
                        -5.758422374725342,
                        -5.893908977508545,
                        -6.081423759460449,
                        -6.076386451721191,
                        -5.9768571853637695,
                        -5.789673805236816,
                        -5.849659442901611,
                        -5.84041166305542,
                        -5.957699298858643,
                        -5.907742023468018,
                        -5.674675941467285,
                        -5.601783752441406,
                        -5.590473175048828,
                        -5.574996471405029,
                        -5.6488542556762695,
                        -5.653556823730469,
                        -5.587841033935547,
                        -5.673431873321533,
                        -5.739759922027588
                    ]
                ]
            ],
            "states": [
                [
                    [
                        492320.0,
                        0.00014767394168302417,
                        0.018082506954669952,
                        363027.84375
                    ],
                    [
                        506800.0,
                        0.00014520809054374695,
                        0.01018515508621931,
                        441748.1875
                    ],
                    [
                        501008.0,
                        0.00014280257164500654,
                        0.009355437941849232,
                        481891.75
                    ],
                    [
                        543000.0,
                        0.00014039389498066157,
                        0.008023547939956188,
                        309271.0625
                    ],
                    [
                        571960.0,
                        0.00013790946104563773,
                        0.007616695482283831,
                        326690.1875
                    ],
                    [
                        626984.0,
                        0.00013533451419789344,
                        0.00705355079844594,
                        304830.28125
                    ],
                    [
                        582096.0,
                        0.00013283209409564734,
                        0.006484133191406727,
                        283344.0
                    ],
                    [
                        638568.0,
                        0.00013039908662904054,
                        0.005326922982931137,
                        341204.21875
                    ],
                    [
                        584992.0,
                        0.00012804687139578164,
                        0.005689277779310942,
                        350770.6875
                    ],
                    [
                        631328.0,
                        0.00012579229951370507,
                        0.0069713592529296875,
                        304207.3125
                    ],
                    [
                        438744.0,
                        0.00012387130118440837,
                        0.005918858107179403,
                        445445.40625
                    ],
                    [
                        682008.0,
                        0.00012192520807730034,
                        0.005743528250604868,
                        443906.625
                    ],
                    [
                        894864.0,
                        0.00011928792810067534,
                        0.007119554560631514,
                        502220.71875
                    ],
                    [
                        799296.0,
                        0.00011657496361294761,
                        0.006755398586392403,
                        559882.4375
                    ],
                    [
                        1003464.0,
                        0.000113823996798601,
                        0.007165591698139906,
                        431313.21875
                    ],
                    [
                        990432.0,
                        0.00011092599743278697,
                        0.006897749379277229,
                        501689.5625
                    ],
                    [
                        1185912.0,
                        0.00010792924149427563,
                        0.00677958969026804,
                        421160.84375
                    ],
                    [
                        1324920.0,
                        0.00010466613457538188,
                        0.006738434080034494,
                        445300.59375
                    ],
                    [
                        1403112.0,
                        0.00010133643809240311,
                        0.008364989422261715,
                        440591.6875
                    ],
                    [
                        1637688.0,
                        9.786803275346756e-05,
                        0.005549952387809753,
                        381840.25
                    ]
                ]
            ],
            "actions": [
                [
                    [
                        0.25
                    ],
                    [
                        0.25
                    ],
                    [
                        0.25
                    ],
                    [
                        0.25
                    ],
                    [
                        0.25
                    ],
                    [
                        0.25
                    ],
                    [
                        0.25
                    ],
                    [
                        0.25
                    ],
                    [
                        0.25
                    ],
                    [
                        0.25
                    ],
                    [
                        0.25
                    ],
                    [
                        0.25
                    ],
                    [
                        0.25
                    ],
                    [
                        0.25
                    ],
                    [
                        0.25
                    ],
                    [
                        0.25
                    ],
                    [
                        0.25
                    ],
                    [
                        0.25
                    ],
                    [
                        0.25
                    ],
                    [
                        0.25
                    ]
                ]
            ],
            "returns": [
                [
                    [
                        0.06894823163747787
                    ],
                    [
                        0.06822619587182999
                    ],
                    [
                        0.06750158965587616
                    ],
                    [
                        0.06677800416946411
                    ],
                    [
                        0.06604728102684021
                    ],
                    [
                        0.06531195342540741
                    ],
                    [
                        0.06456847488880157
                    ],
                    [
                        0.06383159011602402
                    ],
                    [
                        0.06308649480342865
                    ],
                    [
                        0.062349170446395874
                    ],
                    [
                        0.06160508468747139
                    ],
                    [
                        0.060893263667821884
                    ],
                    [
                        0.060142334550619125
                    ],
                    [
                        0.05936732143163681
                    ],
                    [
                        0.05860232189297676
                    ],
                    [
                        0.05781715363264084
                    ],
                    [
                        0.05703314393758774
                    ],
                    [
                        0.05623316764831543
                    ],
                    [
                        0.05542336031794548
                    ],
                    [
                        0.05460847169160843
                    ]
                ]
            ],
            "timesteps": [
                [
                    560,
                    561,
                    562,
                    563,
                    564,
                    565,
                    566,
                    567,
                    568,
                    569,
                    570,
                    571,
                    572,
                    573,
                    574,
                    575,
                    576,
                    577,
                    578,
                    579
                ]
            ],
            "labels": [
                [
                    0,
                    0,
                    0,
                    0,
                    0,
                    0,
                    0,
                    0,
                    0,
                    0,
                    0,
                    0,
                    0,
                    0,
                    0,
                    0,
                    0,
                    0,
                    0,
                    0
                ]
            ],
            "CPU Usage": 45.0,
            "RAM Usage": 55.0,
            "GPU Usage": 0.0,
            "VRAM Usage": 355.0,
            "Disk Read Speed (MB/s)": 206652.7724609375,
            "Disk Write Speed (MB/s)": 427183.0634765625
        },
        {
            "step": 1,
            "train_loss": 0.0003079972811974585,
            "actions_pred1": [
                [
                    [
                        -2.0004100799560547,
                        4.691247940063477,
                        0.3981112837791443,
                        -0.8454688787460327
                    ],
                    [
                        -2.1728224754333496,
                        4.862641334533691,
                        -0.056085407733917236,
                        -1.2380321025848389
                    ],
                    [
                        -2.162092447280884,
                        4.8737263679504395,
                        -0.030152976512908936,
                        -1.412888765335083
                    ],
                    [
                        -2.215381622314453,
                        5.33427619934082,
                        -0.02790731191635132,
                        -1.57808518409729
                    ],
                    [
                        -2.011220932006836,
                        5.347720623016357,
                        -0.0019372403621673584,
                        -2.0031585693359375
                    ],
                    [
                        -1.7996902465820312,
                        5.388337135314941,
                        0.24345393478870392,
                        -2.306797504425049
                    ],
                    [
                        -1.6852738857269287,
                        5.6640424728393555,
                        0.315530389547348,
                        -2.649365186691284
                    ],
                    [
                        -1.7991403341293335,
                        5.746410369873047,
                        0.19593751430511475,
                        -2.562638759613037
                    ],
                    [
                        -1.4095656871795654,
                        5.529543876647949,
                        0.575474739074707,
                        -2.9437789916992188
                    ],
                    [
                        -1.3873400688171387,
                        5.6068243980407715,
                        0.6709260940551758,
                        -3.018118381500244
                    ],
                    [
                        -1.3952147960662842,
                        5.552525997161865,
                        0.6724998354911804,
                        -3.133127450942993
                    ],
                    [
                        -1.3339929580688477,
                        5.3271307945251465,
                        0.8104272484779358,
                        -3.14713978767395
                    ],
                    [
                        -1.240736961364746,
                        5.448310375213623,
                        0.8485813140869141,
                        -3.2050178050994873
                    ],
                    [
                        -1.1100561618804932,
                        5.448920726776123,
                        0.7368477582931519,
                        -3.2398414611816406
                    ],
                    [
                        -1.2197359800338745,
                        5.59722375869751,
                        0.7362674474716187,
                        -3.4380600452423096
                    ],
                    [
                        -1.0884110927581787,
                        5.555622100830078,
                        0.872872531414032,
                        -3.3436594009399414
                    ],
                    [
                        -0.9540259838104248,
                        5.436811447143555,
                        0.9868110418319702,
                        -3.424370288848877
                    ],
                    [
                        -0.9687638878822327,
                        5.534467697143555,
                        1.0565695762634277,
                        -3.3040404319763184
                    ],
                    [
                        -0.8588666915893555,
                        5.584859848022461,
                        0.9680463075637817,
                        -3.4052205085754395
                    ],
                    [
                        -0.7191627621650696,
                        5.638889789581299,
                        1.0229514837265015,
                        -3.483598470687866
                    ]
                ]
            ],
            "actions_pred": [
                [
                    [
                        -2.0004100799560547,
                        -2.1728224754333496,
                        -2.162092447280884,
                        -2.215381622314453,
                        -2.011220932006836,
                        -1.7996902465820312,
                        -1.6852738857269287,
                        -1.7991403341293335,
                        -1.4095656871795654,
                        -1.3873400688171387,
                        -1.3952147960662842,
                        -1.3339929580688477,
                        -1.240736961364746,
                        -1.1100561618804932,
                        -1.2197359800338745,
                        -1.0884110927581787,
                        -0.9540259838104248,
                        -0.9687638878822327,
                        -0.8588666915893555,
                        -0.7191627621650696
                    ],
                    [
                        4.691247940063477,
                        4.862641334533691,
                        4.8737263679504395,
                        5.33427619934082,
                        5.347720623016357,
                        5.388337135314941,
                        5.6640424728393555,
                        5.746410369873047,
                        5.529543876647949,
                        5.6068243980407715,
                        5.552525997161865,
                        5.3271307945251465,
                        5.448310375213623,
                        5.448920726776123,
                        5.59722375869751,
                        5.555622100830078,
                        5.436811447143555,
                        5.534467697143555,
                        5.584859848022461,
                        5.638889789581299
                    ],
                    [
                        0.3981112837791443,
                        -0.056085407733917236,
                        -0.030152976512908936,
                        -0.02790731191635132,
                        -0.0019372403621673584,
                        0.24345393478870392,
                        0.315530389547348,
                        0.19593751430511475,
                        0.575474739074707,
                        0.6709260940551758,
                        0.6724998354911804,
                        0.8104272484779358,
                        0.8485813140869141,
                        0.7368477582931519,
                        0.7362674474716187,
                        0.872872531414032,
                        0.9868110418319702,
                        1.0565695762634277,
                        0.9680463075637817,
                        1.0229514837265015
                    ],
                    [
                        -0.8454688787460327,
                        -1.2380321025848389,
                        -1.412888765335083,
                        -1.57808518409729,
                        -2.0031585693359375,
                        -2.306797504425049,
                        -2.649365186691284,
                        -2.562638759613037,
                        -2.9437789916992188,
                        -3.018118381500244,
                        -3.133127450942993,
                        -3.14713978767395,
                        -3.2050178050994873,
                        -3.2398414611816406,
                        -3.4380600452423096,
                        -3.3436594009399414,
                        -3.424370288848877,
                        -3.3040404319763184,
                        -3.4052205085754395,
                        -3.483598470687866
                    ]
                ]
            ],
            "states": [
                [
                    [
                        5059312.0,
                        9.1049492766615e-05,
                        0.0002829945588018745,
                        570940.9375
                    ],
                    [
                        5117232.0,
                        8.226631325669587e-05,
                        0.00027779326774179935,
                        553102.75
                    ],
                    [
                        5535704.0,
                        7.472792640328407e-05,
                        0.00029917724896222353,
                        546738.9375
                    ],
                    [
                        4970984.0,
                        6.851889338577166e-05,
                        0.00037997434264980257,
                        615590.1875
                    ],
                    [
                        2654184.0,
                        6.460718577727675e-05,
                        0.00029415389872156084,
                        481818.0625
                    ],
                    [
                        4494592.0,
                        6.135837611509487e-05,
                        0.00029440681100822985,
                        522992.78125
                    ],
                    [
                        4348344.0,
                        5.774946475867182e-05,
                        0.00028164629475213587,
                        491780.875
                    ],
                    [
                        4933336.0,
                        5.439664164441638e-05,
                        0.00027785348356701434,
                        520398.875
                    ],
                    [
                        4701656.0,
                        5.129960845806636e-05,
                        0.00038381022750400007,
                        575110.6875
                    ],
                    [
                        4578576.0,
                        4.8633406549924985e-05,
                        0.0002961547579616308,
                        495802.21875
                    ],
                    [
                        3149400.0,
                        4.661144339479506e-05,
                        0.00029962105327285826,
                        505119.28125
                    ],
                    [
                        4999944.0,
                        4.466465179575607e-05,
                        0.00029777659801766276,
                        484590.125
                    ],
                    [
                        5011528.0,
                        4.247795732226223e-05,
                        0.0002728095860220492,
                        482498.96875
                    ],
                    [
                        5127368.0,
                        4.047168113174848e-05,
                        0.0002930021146312356,
                        492467.5625
                    ],
                    [
                        5149088.0,
                        3.862225275952369e-05,
                        0.0005929499748162925,
                        510973.59375
                    ],
                    [
                        3434656.0,
                        3.7198835343588144e-05,
                        0.00017766767996363342,
                        518040.0625
                    ],
                    [
                        4734960.0,
                        3.594371446524747e-05,
                        0.00018339134112466127,
                        483570.8125
                    ],
                    [
                        4713240.0,
                        3.459137587924488e-05,
                        0.00019205290300305933,
                        485131.46875
                    ],
                    [
                        5099856.0,
                        3.3291154977632686e-05,
                        0.0002024973655352369,
                        498759.9375
                    ],
                    [
                        5243208.0,
                        3.2021918741520494e-05,
                        0.0002613598189782351,
                        496721.28125
                    ]
                ]
            ],
            "actions": [
                [
                    [
                        0.5
                    ],
                    [
                        0.5
                    ],
                    [
                        0.5
                    ],
                    [
                        0.5
                    ],
                    [
                        0.5
                    ],
                    [
                        0.5
                    ],
                    [
                        0.5
                    ],
                    [
                        0.5
                    ],
                    [
                        0.5
                    ],
                    [
                        0.5
                    ],
                    [
                        0.5
                    ],
                    [
                        0.5
                    ],
                    [
                        0.5
                    ],
                    [
                        0.5
                    ],
                    [
                        0.5
                    ],
                    [
                        0.5
                    ],
                    [
                        0.5
                    ],
                    [
                        0.5
                    ],
                    [
                        0.5
                    ],
                    [
                        0.5
                    ]
                ]
            ],
            "returns": [
                [
                    [
                        0.4691389203071594
                    ],
                    [
                        0.4682103097438812
                    ],
                    [
                        0.46728071570396423
                    ],
                    [
                        0.46634411811828613
                    ],
                    [
                        0.4654170870780945
                    ],
                    [
                        0.46454569697380066
                    ],
                    [
                        0.46362757682800293
                    ],
                    [
                        0.4627124071121216
                    ],
                    [
                        0.46178606152534485
                    ],
                    [
                        0.46086394786834717
                    ],
                    [
                        0.4599442183971405
                    ],
                    [
                        0.45905765891075134
                    ],
                    [
                        0.4581300914287567
                    ],
                    [
                        0.45720234513282776
                    ],
                    [
                        0.45627257227897644
                    ],
                    [
                        0.4553424119949341
                    ],
                    [
                        0.4544481337070465
                    ],
                    [
                        0.4535254240036011
                    ],
                    [
                        0.4526031017303467
                    ],
                    [
                        0.45167380571365356
                    ]
                ]
            ],
            "timesteps": [
                [
                    120,
                    121,
                    122,
                    123,
                    124,
                    125,
                    126,
                    127,
                    128,
                    129,
                    130,
                    131,
                    132,
                    133,
                    134,
                    135,
                    136,
                    137,
                    138,
                    139
                ]
            ],
            "labels": [
                [
                    1,
                    1,
                    1,
                    1,
                    1,
                    1,
                    1,
                    1,
                    1,
                    1,
                    1,
                    1,
                    1,
                    1,
                    1,
                    1,
                    1,
                    1,
                    1,
                    1
                ]
            ],
            "CPU Usage": 46.7,
            "RAM Usage": 55.3,
            "GPU Usage": 0.0,
            "VRAM Usage": 355.0,
            "Disk Read Speed (MB/s)": 206652.7724609375,
            "Disk Write Speed (MB/s)": 427183.3994140625
        },
        {
            "step": 2,
            "train_loss": 0.0012329465243965387,
            "actions_pred1": [
                [
                    [
                        -0.2863078713417053,
                        1.414244532585144,
                        4.2296977043151855,
                        -5.335049629211426
                    ],
                    [
                        0.19016993045806885,
                        1.7599726915359497,
                        4.414120197296143,
                        -6.1369123458862305
                    ],
                    [
                        0.148004412651062,
                        1.9024285078048706,
                        4.845362663269043,
                        -6.432918548583984
                    ],
                    [
                        0.10902240872383118,
                        1.5305784940719604,
                        5.018341541290283,
                        -6.109609603881836
                    ],
                    [
                        0.09470215439796448,
                        1.8668808937072754,
                        5.053110122680664,
                        -6.308636665344238
                    ],
                    [
                        -0.32202234864234924,
                        1.5657691955566406,
                        4.948083400726318,
                        -6.047092914581299
                    ],
                    [
                        -0.5701413750648499,
                        1.4794838428497314,
                        5.112791061401367,
                        -5.990362167358398
                    ],
                    [
                        -0.6302067041397095,
                        1.7345211505889893,
                        5.093472003936768,
                        -5.885234832763672
                    ],
                    [
                        -0.5787560343742371,
                        1.429701566696167,
                        5.103155136108398,
                        -6.160527229309082
                    ],
                    [
                        -0.6483557224273682,
                        1.4674556255340576,
                        4.981595039367676,
                        -6.494786739349365
                    ],
                    [
                        -0.6778191328048706,
                        1.325028657913208,
                        4.925566673278809,
                        -6.681990146636963
                    ],
                    [
                        -0.674487829208374,
                        1.3137555122375488,
                        4.896827220916748,
                        -6.770118236541748
                    ],
                    [
                        -0.6140938401222229,
                        1.3153057098388672,
                        5.070883274078369,
                        -6.755561828613281
                    ],
                    [
                        -0.620003342628479,
                        1.0752593278884888,
                        5.064119338989258,
                        -6.9035420417785645
                    ],
                    [
                        -0.501201868057251,
                        1.0670676231384277,
                        4.840185165405273,
                        -6.723737716674805
                    ],
                    [
                        -0.5423358678817749,
                        1.2580585479736328,
                        4.763641834259033,
                        -6.557806015014648
                    ],
                    [
                        -0.5915501117706299,
                        1.201416254043579,
                        4.693757057189941,
                        -6.6076579093933105
                    ],
                    [
                        -0.5508499145507812,
                        1.2965734004974365,
                        4.697841167449951,
                        -6.72357177734375
                    ],
                    [
                        -0.5560285449028015,
                        1.4628422260284424,
                        4.794841766357422,
                        -6.896395206451416
                    ],
                    [
                        -0.6312837600708008,
                        1.6450438499450684,
                        4.8417863845825195,
                        -6.735044479370117
                    ]
                ]
            ],
            "actions_pred": [
                [
                    [
                        -0.2863078713417053,
                        0.19016993045806885,
                        0.148004412651062,
                        0.10902240872383118,
                        0.09470215439796448,
                        -0.32202234864234924,
                        -0.5701413750648499,
                        -0.6302067041397095,
                        -0.5787560343742371,
                        -0.6483557224273682,
                        -0.6778191328048706,
                        -0.674487829208374,
                        -0.6140938401222229,
                        -0.620003342628479,
