{
    "steps": [
        {
            "step": 0,
            "train_loss": 0.04786639288067818,
            "actions_pred1": [
                [
                    [
                        0.6809859275817871,
                        -0.03741854429244995,
                        0.3938325345516205,
                        -0.0030987560749053955
                    ],
                    [
                        0.8448063135147095,
                        -0.16902215778827667,
                        0.4443146586418152,
                        0.009821116924285889
                    ],
                    [
                        0.6144194006919861,
                        0.017482712864875793,
                        0.4044656753540039,
                        -0.08153349161148071
                    ],
                    [
                        0.4060775637626648,
                        0.07108305394649506,
                        0.4463565945625305,
                        -0.14081193506717682
                    ],
                    [
                        0.4393054246902466,
                        0.09018022567033768,
                        0.47339585423469543,
                        -0.1799684464931488
                    ],
                    [
                        0.40482693910598755,
                        0.06208415329456329,
                        0.5058211088180542,
                        -0.3220531940460205
                    ],
                    [
                        0.40364381670951843,
                        0.10407815873622894,
                        0.5245193243026733,
                        -0.2606428563594818
                    ],
                    [
                        0.33573800325393677,
                        0.009599000215530396,
                        0.28737354278564453,
                        -0.19414827227592468
                    ],
                    [
                        0.3346232771873474,
                        -0.004282146692276001,
                        0.30040645599365234,
                        -0.1893240362405777
                    ],
                    [
                        0.3777099847793579,
                        0.08047045767307281,
                        0.34923768043518066,
                        -0.12716519832611084
                    ],
                    [
                        0.4538443982601166,
                        0.10832204669713974,
                        0.35811471939086914,
                        -0.05545482039451599
                    ],
                    [
                        0.40911391377449036,
                        0.13563981652259827,
                        0.39877212047576904,
                        -0.02216145396232605
                    ],
                    [
                        0.3416779637336731,
                        0.10677061229944229,
                        0.2869965136051178,
                        -0.06460955739021301
                    ],
                    [
                        0.1664729118347168,
                        0.17475175857543945,
                        0.4274710714817047,
                        -0.003799736499786377
                    ],
                    [
                        0.19569039344787598,
                        0.05145876109600067,
                        0.48637986183166504,
                        -0.2800908088684082
                    ],
                    [
                        0.15851575136184692,
                        0.061670273542404175,
                        0.5389914512634277,
                        -0.2263445407152176
                    ],
                    [
                        0.19123083353042603,
                        0.11096896976232529,
                        0.6303085088729858,
                        -0.26840150356292725
                    ],
                    [
                        0.27612316608428955,
                        0.16096583008766174,
                        0.6629070043563843,
                        -0.2069036364555359
                    ],
                    [
                        0.26779913902282715,
                        0.16207075119018555,
                        0.40794751048088074,
                        -0.14229190349578857
                    ],
                    [
                        0.16325613856315613,
                        0.16433501243591309,
                        0.4706958830356598,
                        -0.1515803337097168
                    ]
                ]
            ],
            "actions_pred": [
                [
                    [
                        0.6809859275817871,
                        0.8448063135147095,
                        0.6144194006919861,
                        0.4060775637626648,
                        0.4393054246902466,
                        0.40482693910598755,
                        0.40364381670951843,
                        0.33573800325393677,
                        0.3346232771873474,
                        0.3777099847793579,
                        0.4538443982601166,
                        0.40911391377449036,
                        0.3416779637336731,
                        0.1664729118347168,
                        0.19569039344787598,
                        0.15851575136184692,
                        0.19123083353042603,
                        0.27612316608428955,
                        0.26779913902282715,
                        0.16325613856315613
                    ],
                    [
                        -0.03741854429244995,
                        -0.16902215778827667,
                        0.017482712864875793,
                        0.07108305394649506,
                        0.09018022567033768,
                        0.06208415329456329,
                        0.10407815873622894,
                        0.009599000215530396,
                        -0.004282146692276001,
                        0.08047045767307281,
                        0.10832204669713974,
                        0.13563981652259827,
                        0.10677061229944229,
                        0.17475175857543945,
                        0.05145876109600067,
                        0.061670273542404175,
                        0.11096896976232529,
                        0.16096583008766174,
                        0.16207075119018555,
                        0.16433501243591309
                    ],
                    [
                        0.3938325345516205,
                        0.4443146586418152,
                        0.4044656753540039,
                        0.4463565945625305,
                        0.47339585423469543,
                        0.5058211088180542,
                        0.5245193243026733,
                        0.28737354278564453,
                        0.30040645599365234,
                        0.34923768043518066,
                        0.35811471939086914,
                        0.39877212047576904,
                        0.2869965136051178,
                        0.4274710714817047,
                        0.48637986183166504,
                        0.5389914512634277,
                        0.6303085088729858,
                        0.6629070043563843,
                        0.40794751048088074,
                        0.4706958830356598
                    ],
                    [
                        -0.0030987560749053955,
                        0.009821116924285889,
                        -0.08153349161148071,
                        -0.14081193506717682,
                        -0.1799684464931488,
                        -0.3220531940460205,
                        -0.2606428563594818,
                        -0.19414827227592468,
                        -0.1893240362405777,
                        -0.12716519832611084,
                        -0.05545482039451599,
                        -0.02216145396232605,
                        -0.06460955739021301,
                        -0.003799736499786377,
                        -0.2800908088684082,
                        -0.2263445407152176,
                        -0.26840150356292725,
                        -0.2069036364555359,
                        -0.14229190349578857,
                        -0.1515803337097168
                    ]
                ]
            ],
            "states": [
                [
                    [
                        4019648.0,
                        3.81172176275868e-05,
                        0.00027542549651116133,
                        604074.25
                    ],
                    [
                        3591040.0,
                        3.7697544030379504e-05,
                        0.00025879128952510655,
                        645691.25
                    ],
                    [
                        4225264.0,
                        3.727625517058186e-05,
                        0.0002528103068470955,
                        514911.09375
                    ],
                    [
                        4439568.0,
                        3.6820012610405684e-05,
                        0.00020026147831231356,
                        552938.5
                    ],
                    [
                        5228728.0,
                        3.6324065149528906e-05,
                        0.00022364039614330977,
                        577892.375
                    ],
                    [
                        5965760.0,
                        3.5766250221058726e-05,
                        0.0002323320077266544,
                        503764.8125
                    ],
                    [
                        6114904.0,
                        3.518302401062101e-05,
                        0.00023472661268897355,
                        508360.15625
                    ],
                    [
                        5644304.0,
                        3.463315078988671e-05,
                        0.00024062122975010425,
                        571257.3125
                    ],
                    [
                        5870192.0,
                        3.411128273000941e-05,
                        0.0001874879380920902,
                        547187.9375
                    ],
                    [
                        5618240.0,
                        3.360593836987391e-05,
                        0.00025532711879350245,
                        590262.375
                    ],
                    [
                        6352376.0,
                        3.3095278922701254e-05,
                        0.0002452299522701651,
                        574275.5
                    ],
                    [
                        5702224.0,
                        3.259619916207157e-05,
                        0.00023082415282260627,
                        543057.75
                    ],
                    [
                        7646888.0,
                        3.206136170774698e-05,
                        0.00026125748991034925,
                        526472.875
                    ],
                    [
                        5964312.0,
                        3.153302532155067e-05,
                        0.00024003862927202135,
                        536332.125
                    ],
                    [
                        5580592.0,
                        3.109858516836539e-05,
                        0.00019315553072374314,
                        564225.875
                    ],
                    [
                        6007752.0,
                        3.0674520530737936e-05,
                        0.00022412248654291034,
                        547189.8125
                    ],
                    [
                        4469976.0,
                        3.0300650905701332e-05,
                        0.00023788119142409414,
                        655379.0
                    ],
                    [
                        3631584.0,
                        3.0017836252227426e-05,
                        0.0002484873402863741,
                        709152.875
                    ],
                    [
                        3940008.0,
                        2.9758366508758627e-05,
                        0.00025739934062585235,
                        659045.125
                    ],
                    [
                        3424520.0,
                        2.951018359453883e-05,
                        0.00019004895875696093,
                        668658.9375
                    ]
                ]
            ],
            "actions": [
                [
                    [
                        0.5
                    ],
                    [
                        0.5
                    ],
                    [
                        0.5
                    ],
                    [
                        0.5
                    ],
                    [
                        0.5
                    ],
                    [
                        0.5
                    ],
                    [
                        0.5
                    ],
                    [
                        0.5
                    ],
                    [
                        0.5
                    ],
                    [
                        0.5
                    ],
                    [
                        0.5
                    ],
                    [
                        0.5
                    ],
                    [
                        0.5
                    ],
                    [
                        0.5
                    ],
                    [
                        0.5
                    ],
                    [
                        0.5
                    ],
                    [
                        0.5
                    ],
                    [
                        0.5
                    ],
                    [
                        0.5
                    ],
                    [
                        0.5
                    ]
                ]
            ],
            "returns": [
                [
                    [
                        0.13405705988407135
                    ],
                    [
                        0.13314884901046753
                    ],
                    [
                        0.13225065171718597
                    ],
                    [
                        0.13133801519870758
                    ],
                    [
                        0.1304210126399994
                    ],
                    [
                        0.1294894963502884
                    ],
                    [
                        0.12854628264904022
                    ],
                    [
                        0.12760089337825775
                    ],
                    [
                        0.12666259706020355
                    ],
                    [
                        0.12572081387043
                    ],
                    [
                        0.12478292733430862
                    ],
                    [
                        0.12383415549993515
                    ],
                    [
                        0.12289495021104813
                    ],
                    [
                        0.12192973494529724
                    ],
                    [
                        0.12098655104637146
                    ],
                    [
                        0.12004926055669785
                    ],
                    [
                        0.11910542845726013
                    ],
                    [
                        0.118187814950943
                    ],
                    [
                        0.11728861182928085
                    ],
                    [
                        0.1163821816444397
                    ]
                ]
            ],
            "timesteps": [
                [
                    480,
                    481,
                    482,
                    483,
                    484,
                    485,
                    486,
                    487,
                    488,
                    489,
                    490,
                    491,
                    492,
                    493,
                    494,
                    495,
                    496,
                    497,
                    498,
                    499
                ]
            ],
            "labels": [
                [
                    1,
                    1,
                    1,
                    1,
                    1,
                    1,
                    1,
                    1,
                    1,
                    1,
                    1,
                    1,
                    1,
                    1,
                    1,
                    1,
                    1,
                    1,
                    1,
                    1
                ]
            ],
            "CPU Usage": 45.8,
            "RAM Usage": 55.3,
            "GPU Usage": 0.0,
            "VRAM Usage": 355.0,
            "Disk Read Speed (MB/s)": 206026.3486328125,
            "Disk Write Speed (MB/s)": 354061.6650390625
        },
        {
            "step": 1,
            "train_loss": 0.04882539063692093,
            "actions_pred1": [
                [
                    [
                        0.5930899977684021,
                        -0.3447277843952179,
                        0.8465087413787842,
                        0.40036463737487793
                    ],
                    [
                        0.510441780090332,
                        -0.21228091418743134,
                        0.8655489087104797,
                        0.2700721323490143
                    ],
                    [
                        0.18698833882808685,
                        -0.11927054077386856,
                        0.7602663040161133,
                        0.08103770017623901
                    ],
                    [
                        0.016438260674476624,
                        -0.1230277419090271,
                        0.7448877096176147,
                        0.04523664712905884
                    ],
                    [
                        -0.038423798978328705,
                        -0.08635971695184708,
                        0.7206030488014221,
                        0.02968759834766388
                    ],
                    [
                        -0.09272255748510361,
                        -0.1498202085494995,
                        0.7553350925445557,
                        0.0012251734733581543
                    ],
                    [
                        -0.13655927777290344,
                        -0.18397805094718933,
                        0.7899343371391296,
                        -0.02562972903251648
                    ],
                    [
                        -0.2085467278957367,
                        -0.08879401534795761,
                        0.8408100008964539,
                        -0.05517464876174927
                    ],
                    [
                        0.01918962597846985,
                        -0.06871618330478668,
                        0.8295436501502991,
                        -0.04962471127510071
                    ],
                    [
                        0.12344422191381454,
                        -0.1420794427394867,
                        0.8619682788848877,
                        -0.1555945873260498
                    ],
                    [
                        0.15523675084114075,
                        -0.12013956159353256,
                        0.6100809574127197,
                        -0.01904919743537903
                    ],
                    [
                        0.16983649134635925,
                        -0.10193756222724915,
                        0.6987136602401733,
                        -0.03736376762390137
                    ],
                    [
                        0.1495938003063202,
                        -0.05197209492325783,
                        0.6371451020240784,
                        0.058382898569107056
                    ],
                    [
                        0.07491336762905121,
                        0.017079494893550873,
                        0.7737089991569519,
                        0.02420981228351593
                    ],
                    [
                        0.062211401760578156,
                        0.0491061732172966,
                        0.8581782579421997,
                        -0.09232491254806519
                    ],
                    [
                        0.03966817259788513,
                        0.022347360849380493,
                        0.8538452386856079,
                        -0.0874176025390625
                    ],
                    [
                        0.04459328204393387,
                        -0.07104884833097458,
                        0.7435684204101562,
                        -0.05671699345111847
                    ],
                    [
                        -0.0085049569606781,
                        -0.008917771279811859,
                        0.7876381278038025,
                        -0.09754781424999237
                    ],
                    [
                        0.034986712038517,
                        0.11451474577188492,
                        0.7925323843955994,
                        -0.08912023901939392
                    ],
                    [
                        0.12061242759227753,
                        0.1323709785938263,
                        0.7062970399856567,
                        -0.0021260976791381836
                    ]
                ]
            ],
            "actions_pred": [
                [
                    [
                        0.5930899977684021,
                        0.510441780090332,
                        0.18698833882808685,
                        0.016438260674476624,
                        -0.038423798978328705,
                        -0.09272255748510361,
                        -0.13655927777290344,
                        -0.2085467278957367,
                        0.01918962597846985,
                        0.12344422191381454,
                        0.15523675084114075,
                        0.16983649134635925,
                        0.1495938003063202,
                        0.07491336762905121,
                        0.062211401760578156,
                        0.03966817259788513,
                        0.04459328204393387,
                        -0.0085049569606781,
                        0.034986712038517,
                        0.12061242759227753
                    ],
                    [
                        -0.3447277843952179,
                        -0.21228091418743134,
                        -0.11927054077386856,
                        -0.1230277419090271,
                        -0.08635971695184708,
                        -0.1498202085494995,
                        -0.18397805094718933,
                        -0.08879401534795761,
                        -0.06871618330478668,
                        -0.1420794427394867,
                        -0.12013956159353256,
                        -0.10193756222724915,
                        -0.05197209492325783,
                        0.017079494893550873,
                        0.0491061732172966,
                        0.022347360849380493,
                        -0.07104884833097458,
                        -0.008917771279811859,
                        0.11451474577188492,
                        0.1323709785938263
                    ],
                    [
                        0.8465087413787842,
                        0.8655489087104797,
                        0.7602663040161133,
                        0.7448877096176147,
                        0.7206030488014221,
                        0.7553350925445557,
                        0.7899343371391296,
                        0.8408100008964539,
                        0.8295436501502991,
                        0.8619682788848877,
                        0.6100809574127197,
                        0.6987136602401733,
                        0.6371451020240784,
                        0.7737089991569519,
                        0.8581782579421997,
                        0.8538452386856079,
                        0.7435684204101562,
                        0.7876381278038025,
                        0.7925323843955994,
                        0.7062970399856567
                    ],
                    [
                        0.40036463737487793,
                        0.2700721323490143,
                        0.08103770017623901,
                        0.04523664712905884,
                        0.02968759834766388,
                        0.0012251734733581543,
                        -0.02562972903251648,
                        -0.05517464876174927,
                        -0.04962471127510071,
                        -0.1555945873260498,
                        -0.01904919743537903,
                        -0.03736376762390137,
                        0.058382898569107056,
                        0.02420981228351593,
                        -0.09232491254806519,
                        -0.0874176025390625,
                        -0.05671699345111847,
                        -0.09754781424999237,
                        -0.08912023901939392,
                        -0.0021260976791381836
                    ]
                ]
            ],
            "states": [
                [
                    [
                        10490760.0,
                        0.00010820227180374786,
                        0.00015429843915626407,
                        444121.375
                    ],
                    [
                        10112832.0,
                        9.372556087328121e-05,
                        0.00014512072084471583,
                        443784.5
                    ],
                    [
                        10076632.0,
                        8.28753545647487e-05,
                        0.00015239186177495867,
                        427008.3125
                    ],
                    [
                        10218536.0,
                        7.424143404932693e-05,
                        0.00013630501052830368,
                        433225.1875
                    ],
                    [
                        10903440.0,
                        6.698495417367667e-05,
                        0.0001300903531955555,
                        434838.78125
                    ],
                    [
                        10177992.0,
                        6.102009865571745e-05,
                        0.0001368058001389727,
                        431759.375
                    ],
                    [
                        10500896.0,
                        5.612600944004953e-05,
                        0.00014432381431106478,
                        435333.53125
                    ],
                    [
                        10752848.0,
                        5.185119152883999e-05,
                        0.00014270890096668154,
                        438961.46875
                    ],
                    [
                        10833936.0,
                        4.812757106265053e-05,
                        0.00014136718527879566,
                        432069.78125
                    ],
                    [
                        10654384.0,
                        4.491618892643601e-05,
                        0.00013239651161711663,
                        433675.4375
                    ],
                    [
                        10524064.0,
                        4.214471118757501e-05,
                        0.00014063461276236922,
                        436827.0
                    ],
                    [
                        8511344.0,
                        3.9926697354530916e-05,
                        0.00013637621304951608,
                        473364.125
                    ],
                    [
                        10828144.0,
                        3.790804112213664e-05,
                        0.00013436605513561517,
                        430273.59375
                    ],
                    [
                        10288040.0,
                        3.5919863876188174e-05,
                        0.00013586058048531413,
                        455927.09375
                    ],
                    [
                        9009456.0,
                        3.427618867135607e-05,
                        0.00013340605073608458,
                        453153.21875
                    ],
                    [
                        10348856.0,
                        3.2774834835436195e-05,
                        0.0001376099098706618,
                        434225.03125
                    ],
                    [
                        10166408.0,
                        3.131924677290954e-05,
                        0.00017068465240299702,
                        438236.6875
                    ],
                    [
                        10539992.0,
                        2.9976108635310084e-05,
                        0.0001329061051364988,
                        436937.3125
                    ],
                    [
                        10836832.0,
                        2.8705166187137365e-05,
                        0.00013878877507522702,
                        435041.5
                    ],
                    [
                        10188128.0,
                        2.755545938271098e-05,
                        0.00015914233517833054,
                        427912.71875
                    ]
                ]
            ],
            "actions": [
                [
                    [
                        0.25
                    ],
                    [
                        0.25
                    ],
                    [
                        0.25
                    ],
                    [
                        0.25
                    ],
                    [
                        0.25
                    ],
                    [
                        0.25
                    ],
                    [
                        0.25
                    ],
                    [
                        0.25
                    ],
                    [
                        0.25
                    ],
                    [
                        0.25
                    ],
                    [
                        0.25
                    ],
                    [
                        0.25
                    ],
                    [
                        0.25
                    ],
                    [
                        0.25
                    ],
                    [
                        0.25
                    ],
                    [
                        0.25
                    ],
                    [
                        0.25
                    ],
                    [
                        0.25
                    ],
                    [
                        0.25
                    ],
                    [
                        0.25
                    ]
                ]
            ],
            "returns": [
                [
                    [
                        0.2865329086780548
                    ],
                    [
                        0.2855396568775177
                    ],
                    [
                        0.28454965353012085
                    ],
                    [
                        0.28355997800827026
                    ],
                    [
                        0.2825690507888794
                    ],
                    [
                        0.2815724015235901
                    ],
                    [
                        0.28058183193206787
                    ],
                    [
                        0.2795884907245636
                    ],
                    [
                        0.2785930335521698
                    ],
                    [
                        0.27759695053100586
                    ],
                    [
                        0.2766023278236389
                    ],
                    [
                        0.27560877799987793
                    ],
                    [
                        0.27463406324386597
                    ],
                    [
                        0.2736380100250244
                    ],
                    [
                        0.2726464867591858
                    ],
                    [
                        0.2716667354106903
                    ],
                    [
                        0.2706746757030487
                    ],
                    [
                        0.26968422532081604
                    ],
                    [
                        0.2686905562877655
                    ],
                    [
                        0.2676944136619568
                    ]
                ]
            ],
            "timesteps": [
                [
                    320,
                    321,
                    322,
                    323,
                    324,
                    325,
                    326,
                    327,
                    328,
                    329,
                    330,
                    331,
                    332,
                    333,
                    334,
                    335,
                    336,
                    337,
                    338,
                    339
                ]
            ],
            "labels": [
                [
                    0,
                    0,
                    0,
                    0,
                    0,
                    0,
                    0,
                    0,
                    0,
                    0,
                    0,
                    0,
                    0,
                    0,
                    0,
                    0,
                    0,
                    0,
                    0,
                    0
                ]
            ],
            "CPU Usage": 46.7,
            "RAM Usage": 55.4,
            "GPU Usage": 0.0,
            "VRAM Usage": 355.0,
            "Disk Read Speed (MB/s)": 206026.3486328125,
            "Disk Write Speed (MB/s)": 354061.7197265625
        },
        {
            "step": 2,
            "train_loss": 0.04347171261906624,
            "actions_pred1": [
                [
                    [
                        0.25890499353408813,
                        -0.08456268161535263,
                        0.5120797753334045,
                        -0.25666216015815735
                    ],
                    [
                        0.35289645195007324,
                        0.019965872168540955,
                        0.3995163142681122,
                        -0.23051121830940247
                    ],
                    [
                        0.3158574402332306,
                        0.06719184666872025,
                        0.5530605912208557,
                        -0.11240574717521667
                    ],
                    [
                        0.41091760993003845,
                        -0.07518376410007477,
                        0.5493132472038269,
                        -0.13353535532951355
                    ],
                    [
                        0.3912917673587799,
                        -0.0845152884721756,
                        0.6559926271438599,
                        -0.11464396119117737
                    ],
                    [
                        0.18908274173736572,
                        0.002866983413696289,
                        0.39586231112480164,
                        -0.23597291111946106
                    ],
                    [
                        0.1952461302280426,
                        0.06751076132059097,
                        0.523565411567688,
                        -0.021729469299316406
                    ],
                    [
                        0.37417444586753845,
                        0.07423648238182068,
                        0.5217780470848083,
                        0.04713922739028931
                    ],
                    [
                        0.3928946554660797,
                        0.10083641856908798,
                        0.45332252979278564,
                        -0.0293881893157959
                    ],
                    [
                        0.23605921864509583,
                        0.08297955244779587,
                        0.6557937264442444,
                        0.032623857259750366
                    ],
                    [
                        0.16554385423660278,
                        -0.007128067314624786,
                        0.767738938331604,
                        0.03667613863945007
                    ],
                    [
                        0.16489462554454803,
                        -0.019495561718940735,
                        0.749874472618103,
                        0.09952819347381592
                    ],
                    [
                        0.14018821716308594,
                        0.03547816351056099,
                        0.6726832389831543,
                        0.09892383217811584
                    ],
                    [
                        0.1869327425956726,
                        0.04814617335796356,
                        0.71369469165802,
                        0.06578245759010315
                    ],
                    [
                        0.2588682770729065,
                        -0.018823660910129547,
                        0.7315468788146973,
                        0.0021661221981048584
                    ],
                    [
                        0.23589137196540833,
                        0.022607870399951935,
                        0.8303179740905762,
                        0.056736141443252563
                    ],
                    [
                        0.2256913185119629,
                        -0.05378495156764984,
                        0.6339041590690613,
                        0.008789420127868652
                    ],
                    [
                        0.2601132094860077,
                        0.11650359630584717,
                        0.6320440173149109,
                        -0.03138935565948486
                    ],
                    [
                        0.16382572054862976,
                        0.01753217726945877,
                        0.743225634098053,
                        -0.03342372179031372
                    ],
                    [
                        0.041684627532958984,
                        -0.007023544982075691,
                        0.8245698809623718,
                        -0.011318624019622803
                    ]
                ]
            ],
            "actions_pred": [
                [
                    [
                        0.25890499353408813,
                        0.35289645195007324,
                        0.3158574402332306,
