{
    "steps": [
        {
            "step": 0,
            "train_loss": 0.028010740876197815,
            "actions_pred1": [
                [
                    [
                        0.3595694899559021,
                        -0.13864076137542725,
                        0.5692857503890991,
                        0.11132796108722687
                    ],
                    [
                        0.08222772181034088,
                        -0.051971688866615295,
                        0.5475431680679321,
                        0.24601583182811737
                    ],
                    [
                        -0.10413673520088196,
                        0.23544122278690338,
                        0.6708964705467224,
                        0.1698821485042572
                    ],
                    [
                        -0.11351187527179718,
                        0.1461038738489151,
                        0.7459129095077515,
                        0.22995591163635254
                    ],
                    [
                        -0.12909075617790222,
                        0.07760351896286011,
                        0.6823725700378418,
                        0.11663195490837097
                    ],
                    [
                        -0.0694582462310791,
                        0.10460913926362991,
                        0.7286597490310669,
                        0.03562876582145691
                    ],
                    [
                        -0.1474233865737915,
                        0.03619353473186493,
                        0.8027570247650146,
                        0.03600345551967621
                    ],
                    [
                        -0.3260824680328369,
                        -0.07961978763341904,
                        0.7619304060935974,
                        -0.06214335560798645
                    ],
                    [
                        -0.20783013105392456,
                        -0.1418841928243637,
                        0.693199634552002,
                        -0.032827600836753845
                    ],
                    [
                        -0.17058870196342468,
                        0.05788159742951393,
                        0.8824141621589661,
                        -0.020054161548614502
                    ],
                    [
                        -0.19481222331523895,
                        0.14073385298252106,
                        1.0218563079833984,
                        0.05134691298007965
                    ],
                    [
                        -0.018472321331501007,
                        0.16783204674720764,
                        0.8243346214294434,
                        -0.03528323769569397
                    ],
                    [
                        0.12099695950746536,
                        0.1032634899020195,
                        0.9194782972335815,
                        -0.12023003399372101
                    ],
                    [
                        0.0030722245573997498,
                        0.022225014865398407,
                        0.6366072297096252,
                        -0.14998504519462585
                    ],
                    [
                        -0.08671509474515915,
                        0.07849786430597305,
                        0.7499178647994995,
                        -0.07891738414764404
                    ],
                    [
                        0.026702135801315308,
                        -0.13226929306983948,
                        0.7415483593940735,
                        -0.051146745681762695
                    ],
                    [
                        0.022019624710083008,
                        0.012257508933544159,
                        0.7126810550689697,
                        0.08720284700393677
                    ],
                    [
                        -0.002361677587032318,
                        0.18890300393104553,
                        0.8131653666496277,
                        0.1734619438648224
                    ],
                    [
                        -0.029587216675281525,
                        0.25736814737319946,
                        0.8464517593383789,
                        0.2145373374223709
                    ],
                    [
                        -0.0590723380446434,
                        0.2306891530752182,
                        0.8305944204330444,
                        0.13733139634132385
                    ]
                ]
            ],
            "actions_pred": [
                [
                    [
                        0.3595694899559021,
                        0.08222772181034088,
                        -0.10413673520088196,
                        -0.11351187527179718,
                        -0.12909075617790222,
                        -0.0694582462310791,
                        -0.1474233865737915,
                        -0.3260824680328369,
                        -0.20783013105392456,
                        -0.17058870196342468,
                        -0.19481222331523895,
                        -0.018472321331501007,
                        0.12099695950746536,
                        0.0030722245573997498,
                        -0.08671509474515915,
                        0.026702135801315308,
                        0.022019624710083008,
                        -0.002361677587032318,
                        -0.029587216675281525,
                        -0.0590723380446434
                    ],
                    [
                        -0.13864076137542725,
                        -0.051971688866615295,
                        0.23544122278690338,
                        0.1461038738489151,
                        0.07760351896286011,
                        0.10460913926362991,
                        0.03619353473186493,
                        -0.07961978763341904,
                        -0.1418841928243637,
                        0.05788159742951393,
                        0.14073385298252106,
                        0.16783204674720764,
                        0.1032634899020195,
                        0.022225014865398407,
                        0.07849786430597305,
                        -0.13226929306983948,
                        0.012257508933544159,
                        0.18890300393104553,
                        0.25736814737319946,
                        0.2306891530752182
                    ],
                    [
                        0.5692857503890991,
                        0.5475431680679321,
                        0.6708964705467224,
                        0.7459129095077515,
                        0.6823725700378418,
                        0.7286597490310669,
                        0.8027570247650146,
                        0.7619304060935974,
                        0.693199634552002,
                        0.8824141621589661,
                        1.0218563079833984,
                        0.8243346214294434,
                        0.9194782972335815,
                        0.6366072297096252,
                        0.7499178647994995,
                        0.7415483593940735,
                        0.7126810550689697,
                        0.8131653666496277,
                        0.8464517593383789,
                        0.8305944204330444
                    ],
                    [
                        0.11132796108722687,
                        0.24601583182811737,
                        0.1698821485042572,
                        0.22995591163635254,
                        0.11663195490837097,
                        0.03562876582145691,
                        0.03600345551967621,
                        -0.06214335560798645,
                        -0.032827600836753845,
                        -0.020054161548614502,
                        0.05134691298007965,
                        -0.03528323769569397,
                        -0.12023003399372101,
                        -0.14998504519462585,
                        -0.07891738414764404,
                        -0.051146745681762695,
                        0.08720284700393677,
                        0.1734619438648224,
                        0.2145373374223709,
                        0.13733139634132385
                    ]
                ]
            ],
            "states": [
                [
                    [
                        5305472.0,
                        8.719099241716322e-06,
                        0.00013201982073951513,
                        847637.0625
                    ],
                    [
                        5427104.0,
                        8.626127055322286e-06,
                        0.00013791865785606205,
                        798609.0
                    ],
                    [
                        5450272.0,
                        8.533900654583704e-06,
                        0.00014453318726737052,
                        879716.5
                    ],
                    [
                        5114336.0,
                        8.446181709587108e-06,
                        0.00014699026360176504,
                        849232.5625
                    ],
                    [
                        5466200.0,
                        8.360139872820582e-06,
                        0.00016071676509454846,
                        823946.3125
                    ],
                    [
                        5315608.0,
                        8.27424355520634e-06,
                        0.00016249381587840617,
                        854104.0625
                    ],
                    [
                        5602312.0,
                        8.189044820028357e-06,
                        0.0001488575799157843,
                        832423.8125
                    ],
                    [
                        5063656.0,
                        8.107467692752834e-06,
                        0.00016087492986116558,
                        837260.4375
                    ],
                    [
                        5243208.0,
                        8.030191565921996e-06,
                        0.00016716374375391752,
                        847603.1875
                    ],
                    [
                        5813720.0,
                        7.948916390887462e-06,
                        0.00019032474665436894,
                        855439.25
                    ],
                    [
                        5408280.0,
                        7.868069587857462e-06,
                        0.00018542619363870472,
                        819410.4375
                    ],
                    [
                        5082480.0,
                        7.7939621405676e-06,
                        0.000198170033399947,
                        886572.3125
                    ],
                    [
                        5553080.0,
                        7.720262146904133e-06,
                        0.0001916241308208555,
                        834980.5
                    ],
                    [
                        5222936.0,
                        7.646989615750499e-06,
                        0.0002063407882815227,
                        810099.0
                    ],
                    [
                        5267824.0,
                        7.57698762754444e-06,
                        0.00023895764024928212,
                        771615.4375
                    ],
                    [
                        5292440.0,
                        7.507794634875609e-06,
                        0.00025051896227523685,
                        873322.6875
                    ],
                    [
                        5603760.0,
                        7.437720341840759e-06,
                        0.0002676467993296683,
                        855312.0625
                    ],
                    [
                        5289312.0,
                        7.368956630671164e-06,
                        0.0002700872428249568,
                        823382.9375
                    ],
                    [
                        5275296.0,
                        7.303467100427952e-06,
                        0.0002660537720657885,
                        780031.4375
                    ],
                    [
                        5143296.0,
                        7.240012109832605e-06,
                        0.00026454709586687386,
                        808306.8125
                    ]
                ]
            ],
            "actions": [
                [
                    [
                        0.75
                    ],
                    [
                        0.75
                    ],
                    [
                        0.75
                    ],
                    [
                        0.75
                    ],
                    [
                        0.75
                    ],
                    [
                        0.75
                    ],
                    [
                        0.75
                    ],
                    [
                        0.75
                    ],
                    [
                        0.75
                    ],
                    [
                        0.75
                    ],
                    [
                        0.75
                    ],
                    [
                        0.75
                    ],
                    [
                        0.75
                    ],
                    [
                        0.75
                    ],
                    [
                        0.75
                    ],
                    [
                        0.75
                    ],
                    [
                        0.75
                    ],
                    [
                        0.75
                    ],
                    [
                        0.75
                    ],
                    [
                        0.75
                    ]
                ]
            ],
            "returns": [
                [
                    [
                        0.5055230259895325
                    ],
                    [
                        0.5045902132987976
                    ],
                    [
                        0.5036553740501404
                    ],
                    [
                        0.5027201771736145
                    ],
                    [
                        0.5017906427383423
                    ],
                    [
                        0.5008551478385925
                    ],
                    [
                        0.4999221861362457
                    ],
                    [
                        0.49898457527160645
                    ],
                    [
                        0.49805590510368347
                    ],
                    [
                        0.4971241354942322
                    ],
                    [
                        0.49618321657180786
                    ],
                    [
                        0.4952487051486969
                    ],
                    [
                        0.49431970715522766
                    ],
                    [
                        0.49338284134864807
                    ],
                    [
                        0.49245142936706543
                    ],
                    [
                        0.4915192425251007
                    ],
                    [
                        0.49058666825294495
                    ],
                    [
                        0.4896489977836609
                    ],
                    [
                        0.4887164533138275
                    ],
                    [
                        0.48778414726257324
                    ]
                ]
            ],
            "timesteps": [
                [
                    80,
                    81,
                    82,
                    83,
                    84,
                    85,
                    86,
                    87,
                    88,
                    89,
                    90,
                    91,
                    92,
                    93,
                    94,
                    95,
                    96,
                    97,
                    98,
                    99
                ]
            ],
            "labels": [
                [
                    2,
                    2,
                    2,
                    2,
                    2,
                    2,
                    2,
                    2,
                    2,
                    2,
                    2,
                    2,
                    2,
                    2,
                    2,
                    2,
                    2,
                    2,
                    2,
                    2
                ]
            ],
            "CPU Usage": 45.8,
            "RAM Usage": 55.4,
            "GPU Usage": 0.0,
            "VRAM Usage": 355.0,
            "Disk Read Speed (MB/s)": 206025.3408203125,
            "Disk Write Speed (MB/s)": 346312.8720703125
        },
        {
            "step": 1,
            "train_loss": 0.03831040859222412,
            "actions_pred1": [
                [
                    [
                        0.1062561571598053,
                        -0.3235868215560913,
                        0.29101133346557617,
                        0.3930676579475403
                    ],
                    [
                        -0.1152241975069046,
                        -0.18417799472808838,
                        0.34268730878829956,
                        0.3058032989501953
                    ],
                    [
                        -0.15795351564884186,
                        -0.20078495144844055,
                        0.4445507526397705,
                        0.30391815304756165
                    ],
                    [
                        -0.18243509531021118,
                        -0.170911967754364,
                        0.5574379563331604,
                        0.3078773021697998
                    ],
                    [
                        -0.06399905681610107,
                        -0.0862811803817749,
                        0.5699946284294128,
                        0.2793346643447876
                    ],
                    [
                        -0.24498839676380157,
                        -0.08283795416355133,
                        0.5147125124931335,
                        0.20201873779296875
                    ],
                    [
                        -0.44724318385124207,
                        -0.0791960060596466,
                        0.558635950088501,
                        0.13287848234176636
                    ],
                    [
                        -0.4169405698776245,
                        -0.10007092356681824,
                        0.5730494260787964,
                        0.06454282999038696
                    ],
                    [
                        -0.3544667959213257,
                        -0.13315631449222565,
                        0.39189383387565613,
                        -0.014521181583404541
                    ],
                    [
                        -0.295407235622406,
                        -0.1268710494041443,
                        0.3925570249557495,
                        -0.04306471347808838
                    ],
                    [
                        -0.2882217764854431,
                        -0.11976772546768188,
                        0.5386748909950256,
                        0.03924986720085144
                    ],
                    [
                        -0.2505093216896057,
                        -0.13320937752723694,
                        0.4700435400009155,
                        0.02760535478591919
                    ],
                    [
                        -0.2970525026321411,
                        -0.08244377374649048,
                        0.5802726745605469,
                        0.10336357355117798
                    ],
                    [
                        -0.3136207163333893,
                        0.019150659441947937,
                        0.6754290461540222,
                        0.01964545249938965
                    ],
                    [
                        -0.2765576243400574,
                        0.03272520750761032,
                        0.6384910345077515,
                        0.03372892737388611
                    ],
                    [
                        -0.3292723298072815,
                        -0.029894456267356873,
                        0.6437458395957947,
                        -0.05703192949295044
                    ],
                    [
                        -0.5446956753730774,
                        -0.054273445159196854,
                        0.7100850343704224,
                        -0.23260082304477692
                    ],
                    [
                        -0.3788958787918091,
                        0.03350203484296799,
                        0.6655585169792175,
                        -0.09652355313301086
                    ],
                    [
                        -0.38903582096099854,
                        -0.03887403756380081,
                        0.482521653175354,
                        -0.017226725816726685
                    ],
                    [
                        -0.41978275775909424,
                        -0.03935974836349487,
                        0.4979853630065918,
                        -0.02698388695716858
                    ]
                ]
            ],
            "actions_pred": [
                [
                    [
                        0.1062561571598053,
                        -0.1152241975069046,
                        -0.15795351564884186,
                        -0.18243509531021118,
                        -0.06399905681610107,
                        -0.24498839676380157,
                        -0.44724318385124207,
                        -0.4169405698776245,
                        -0.3544667959213257,
                        -0.295407235622406,
                        -0.2882217764854431,
                        -0.2505093216896057,
                        -0.2970525026321411,
                        -0.3136207163333893,
                        -0.2765576243400574,
                        -0.3292723298072815,
                        -0.5446956753730774,
                        -0.3788958787918091,
                        -0.38903582096099854,
                        -0.41978275775909424
                    ],
                    [
                        -0.3235868215560913,
                        -0.18417799472808838,
                        -0.20078495144844055,
                        -0.170911967754364,
                        -0.0862811803817749,
                        -0.08283795416355133,
                        -0.0791960060596466,
                        -0.10007092356681824,
                        -0.13315631449222565,
                        -0.1268710494041443,
                        -0.11976772546768188,
                        -0.13320937752723694,
                        -0.08244377374649048,
                        0.019150659441947937,
                        0.03272520750761032,
                        -0.029894456267356873,
                        -0.054273445159196854,
                        0.03350203484296799,
                        -0.03887403756380081,
                        -0.03935974836349487
                    ],
                    [
                        0.29101133346557617,
                        0.34268730878829956,
                        0.4445507526397705,
                        0.5574379563331604,
                        0.5699946284294128,
                        0.5147125124931335,
                        0.558635950088501,
                        0.5730494260787964,
                        0.39189383387565613,
                        0.3925570249557495,
                        0.5386748909950256,
                        0.4700435400009155,
                        0.5802726745605469,
                        0.6754290461540222,
                        0.6384910345077515,
                        0.6437458395957947,
                        0.7100850343704224,
                        0.6655585169792175,
                        0.482521653175354,
                        0.4979853630065918
                    ],
                    [
                        0.3930676579475403,
                        0.3058032989501953,
                        0.30391815304756165,
                        0.3078773021697998,
                        0.2793346643447876,
                        0.20201873779296875,
                        0.13287848234176636,
                        0.06454282999038696,
                        -0.014521181583404541,
                        -0.04306471347808838,
                        0.03924986720085144,
                        0.02760535478591919,
                        0.10336357355117798,
                        0.01964545249938965,
                        0.03372892737388611,
                        -0.05703192949295044,
                        -0.23260082304477692,
                        -0.09652355313301086,
                        -0.017226725816726685,
                        -0.02698388695716858
                    ]
                ]
            ],
            "states": [
                [
                    [
                        5457512.0,
                        9.714517545944545e-06,
                        0.0004527103737927973,
                        552968.1875
                    ],
                    [
                        4474320.0,
                        9.607780157239176e-06,
                        0.00029970589093863964,
                        640429.75
                    ],
                    [
                        3226144.0,
                        9.52661685005296e-06,
                        0.00026218051789328456,
                        614909.3125
                    ],
                    [
                        4174584.0,
                        9.44995554164052e-06,
                        0.0002925366861745715,
                        607098.5
                    ],
                    [
                        4522104.0,
                        9.361412594444118e-06,
                        0.00028024095809087157,
                        568885.75
                    ],
                    [
                        2825048.0,
                        8.919517313188408e-06,
                        0.0001758198341121897,
                        690901.5625
                    ],
                    [
                        5196872.0,
                        8.846717719279695e-06,
                        0.00013516498438548297,
                        601105.3125
                    ],
                    [
                        7633856.0,
                        8.732715286896564e-06,
                        0.0001646996388444677,
                        547900.5625
                    ],
                    [
                        47963.0,
                        0.2136354148387909,
                        0.00027816780493594706,
                        871190.125
                    ],
                    [
                        608160.0,
                        0.027683094143867493,
                        0.00026209698989987373,
                        1030414.6875
                    ],
                    [
                        537208.0,
                        0.007899114862084389,
                        0.0002851165772881359,
                        949322.9375
                    ],
                    [
                        671872.0,
                        0.004755145870149136,
                        0.000267517170868814,
                        888587.6875
                    ],
                    [
                        858664.0,
                        0.003167606657370925,
                        0.00027258697082288563,
                        909664.5625
                    ],
                    [
                        877488.0,
                        0.0022909550461918116,
                        0.00027191461413167417,
                        989545.25
                    ],
                    [
                        1255416.0,
                        0.0017173178493976593,
                        0.00027577357832342386,
                        1043241.4375
                    ],
                    [
                        1436416.0,
                        0.0013016851153224707,
                        0.00027702987426891923,
                        939221.25
                    ],
                    [
                        1715880.0,
                        0.0010147599969059229,
                        0.0002779100905172527,
                        989890.625
                    ],
                    [
                        1867920.0,
                        0.0008108949987217784,
                        0.00026160795823670924,
                        1001348.25
                    ],
                    [
                        2189376.0,
                        0.0006609969423152506,
                        0.0002753763983491808,
                        969961.0625
                    ],
                    [
                        2552824.0,
                        0.000543545582331717,
                        0.0002731475979089737,
                        970656.1875
                    ]
                ]
            ],
            "actions": [
                [
                    [
                        0.5
                    ],
                    [
                        0.5
                    ],
                    [
                        0.5
                    ],
                    [
                        0.5
                    ],
                    [
                        0.5
                    ],
                    [
                        0.5
                    ],
                    [
                        0.5
                    ],
                    [
                        0.5
                    ],
                    [
                        0.75
                    ],
                    [
                        0.75
                    ],
                    [
                        0.75
                    ],
                    [
                        0.75
                    ],
                    [
                        0.75
                    ],
                    [
                        0.75
                    ],
                    [
                        0.75
                    ],
                    [
                        0.75
                    ],
                    [
                        0.75
                    ],
                    [
                        0.75
                    ],
                    [
                        0.75
                    ],
                    [
                        0.75
                    ]
                ]
            ],
            "returns": [
                [
                    [
                        0.39574772119522095
                    ],
                    [
                        0.3948124051094055
                    ],
                    [
                        0.3938947021961212
                    ],
                    [
                        0.39300599694252014
                    ],
                    [
                        0.3920944333076477
                    ],
                    [
                        0.3911758065223694
                    ],
                    [
                        0.39029887318611145
                    ],
                    [
                        0.38936787843704224
                    ],
                    [
                        0.3884028196334839
                    ],
                    [
                        0.38788723945617676
                    ],
                    [
                        0.3871464729309082
                    ],
                    [
                        0.3864167034626007
                    ],
                    [
                        0.385667085647583
                    ],
                    [
                        0.3848957419395447
                    ],
                    [
                        0.38412246108055115
                    ],
                    [
                        0.3833174407482147
                    ],
                    [
                        0.38250046968460083
                    ],
                    [
                        0.38166773319244385
                    ],
                    [
                        0.38082748651504517
                    ],
                    [
                        0.3799731433391571
                    ]
                ]
            ],
            "timesteps": [
                [
                    200,
                    201,
                    202,
                    203,
                    204,
                    205,
                    206,
                    207,
                    208,
                    209,
                    210,
                    211,
                    212,
                    213,
                    214,
                    215,
                    216,
                    217,
                    218,
                    219
                ]
            ],
            "labels": [
                [
                    1,
                    1,
                    1,
                    1,
                    1,
                    1,
                    1,
                    1,
                    2,
                    2,
                    2,
                    2,
                    2,
                    2,
                    2,
                    2,
                    2,
                    2,
                    2,
                    2
                ]
            ],
            "CPU Usage": 46.6,
            "RAM Usage": 55.6,
            "GPU Usage": 0.0,
            "VRAM Usage": 355.0,
            "Disk Read Speed (MB/s)": 206025.3408203125,
            "Disk Write Speed (MB/s)": 346313.1220703125
        },
        {
            "step": 2,
            "train_loss": 0.05706154555082321,
            "actions_pred1": [
                [
                    [
                        -0.1264968067407608,
                        -0.20793399214744568,
                        0.6507126092910767,
                        -0.05424320697784424
                    ],
                    [
                        -0.162156343460083,
                        -0.09045545756816864,
                        0.8531046509742737,
                        -0.18380212783813477
                    ],
                    [
                        -0.029374413192272186,
                        0.05885031819343567,
                        0.6374786496162415,
                        -0.27460992336273193
                    ],
                    [
                        -0.0778760015964508,
                        0.1569317877292633,
                        0.4547410011291504,
                        -0.249440997838974
                    ],
                    [
                        -0.18354254961013794,
                        0.0756792277097702,
                        0.4080260097980499,
                        -0.09129798412322998
                    ],
                    [
                        -0.29954248666763306,
                        0.08520714938640594,
                        0.612938404083252,
                        -0.1134992241859436
                    ],
                    [
                        -0.27256643772125244,
                        0.18749162554740906,
                        0.6273310780525208,
                        -0.04868602752685547
                    ],
                    [
                        -0.38500699400901794,
                        0.1974973827600479,
                        0.6483854055404663,
                        -0.044207751750946045
                    ],
                    [
                        -0.3770254850387573,
                        0.04184068739414215,
                        0.6679056882858276,
                        -0.26040181517601013
                    ],
                    [
                        -0.2918359637260437,
                        -0.041973888874053955,
                        0.5667859315872192,
                        -0.2507895231246948
                    ],
                    [
                        -0.39037585258483887,
                        0.030488505959510803,
                        0.7043753266334534,
                        -0.2241329848766327
                    ],
                    [
                        -0.4803813695907593,
                        0.09067275375127792,
                        0.6719465255737305,
                        -0.2089475393295288
                    ],
                    [
                        -0.30805709958076477,
                        0.03778241574764252,
                        0.6273818016052246,
                        -0.12078574299812317
                    ],
                    [
                        -0.26359397172927856,
                        0.03736434876918793,
                        0.6164491772651672,
                        -0.18101832270622253
                    ],
                    [
                        -0.33007141947746277,
                        0.10877634584903717,
                        0.6566281318664551,
                        -0.2445620745420456
                    ],
                    [
                        -0.3309967815876007,
                        0.19112396240234375,
                        0.8030470609664917,
                        -0.17847910523414612
                    ],
                    [
                        -0.4160192906856537,
                        0.12149212509393692,
                        0.7464882135391235,
                        -0.11175784468650818
                    ],
                    [
                        -0.3643620014190674,
                        0.1561155617237091,
                        0.7143321633338928,
                        -0.1318015456199646
                    ],
                    [
                        -0.35376793146133423,
                        0.2641694247722626,
                        0.704619288444519,
                        -0.11049395799636841
                    ],
                    [
                        -0.3536420464515686,
                        0.2202719897031784,
                        0.8480495810508728,
                        -0.1071714460849762
                    ]
                ]
            ],
            "actions_pred": [
                [
                    [
                        -0.1264968067407608,
                        -0.162156343460083,
                        -0.029374413192272186,
                        -0.0778760015964508,
                        -0.18354254961013794,
