{
    "steps": [
        {
            "step": 0,
            "train_loss": 0.03480035066604614,
            "actions_pred1": [
                [
                    [
                        0.46938639879226685,
                        0.587905764579773,
                        1.013506531715393,
                        -1.671371579170227
                    ],
                    [
                        0.36882463097572327,
                        0.7865582704544067,
                        1.2710157632827759,
                        -1.4977275133132935
                    ],
                    [
                        0.3397287130355835,
                        1.0330533981323242,
                        1.2702198028564453,
                        -1.6359223127365112
                    ],
                    [
                        0.341405987739563,
                        1.062493920326233,
                        1.3298107385635376,
                        -1.7073228359222412
                    ],
                    [
                        0.411981463432312,
                        1.1103603839874268,
                        1.3369678258895874,
                        -1.8005744218826294
                    ],
                    [
                        0.47653278708457947,
                        1.0193110704421997,
                        1.2321741580963135,
                        -1.8813035488128662
                    ],
                    [
                        0.5338789224624634,
                        1.141661524772644,
                        1.3396652936935425,
                        -2.0360398292541504
                    ],
                    [
                        0.55829918384552,
                        1.1191277503967285,
                        1.2680332660675049,
                        -1.9773335456848145
                    ],
                    [
                        0.4329617917537689,
                        1.0260505676269531,
                        1.3200546503067017,
                        -2.025862693786621
                    ],
                    [
                        0.43724170327186584,
                        1.0797871351242065,
                        1.3452262878417969,
                        -2.047478675842285
                    ],
                    [
                        0.35073116421699524,
                        0.9329431056976318,
                        1.4521758556365967,
                        -2.2238330841064453
                    ],
                    [
                        0.276873379945755,
                        0.9578447341918945,
                        1.3970054388046265,
                        -2.3847453594207764
                    ],
                    [
                        0.28841662406921387,
                        1.0127849578857422,
                        1.403140664100647,
                        -2.333895206451416
                    ],
                    [
                        0.30028051137924194,
                        1.049971580505371,
                        1.411776065826416,
                        -2.198399543762207
                    ],
                    [
                        0.16181987524032593,
                        0.8779457807540894,
                        1.4676140546798706,
                        -2.5465574264526367
                    ],
                    [
                        0.35654985904693604,
                        0.8358159065246582,
                        1.4049861431121826,
                        -2.4963083267211914
                    ],
                    [
                        0.3174631595611572,
                        0.9380645155906677,
                        1.4621164798736572,
                        -2.530987501144409
                    ],
                    [
                        0.36145421862602234,
                        1.0371490716934204,
                        1.2924492359161377,
                        -2.2895193099975586
                    ],
                    [
                        0.44000011682510376,
                        1.034830927848816,
                        1.4706732034683228,
                        -2.397359848022461
                    ],
                    [
                        0.4249221980571747,
                        1.0383038520812988,
                        1.4696391820907593,
                        -2.413442611694336
                    ]
                ]
            ],
            "actions_pred": [
                [
                    [
                        0.46938639879226685,
                        0.36882463097572327,
                        0.3397287130355835,
                        0.341405987739563,
                        0.411981463432312,
                        0.47653278708457947,
                        0.5338789224624634,
                        0.55829918384552,
                        0.4329617917537689,
                        0.43724170327186584,
                        0.35073116421699524,
                        0.276873379945755,
                        0.28841662406921387,
                        0.30028051137924194,
                        0.16181987524032593,
                        0.35654985904693604,
                        0.3174631595611572,
                        0.36145421862602234,
                        0.44000011682510376,
                        0.4249221980571747
                    ],
                    [
                        0.587905764579773,
                        0.7865582704544067,
                        1.0330533981323242,
                        1.062493920326233,
                        1.1103603839874268,
                        1.0193110704421997,
                        1.141661524772644,
                        1.1191277503967285,
                        1.0260505676269531,
                        1.0797871351242065,
                        0.9329431056976318,
                        0.9578447341918945,
                        1.0127849578857422,
                        1.049971580505371,
                        0.8779457807540894,
                        0.8358159065246582,
                        0.9380645155906677,
                        1.0371490716934204,
                        1.034830927848816,
                        1.0383038520812988
                    ],
                    [
                        1.013506531715393,
                        1.2710157632827759,
                        1.2702198028564453,
                        1.3298107385635376,
                        1.3369678258895874,
                        1.2321741580963135,
                        1.3396652936935425,
                        1.2680332660675049,
                        1.3200546503067017,
                        1.3452262878417969,
                        1.4521758556365967,
                        1.3970054388046265,
                        1.403140664100647,
                        1.411776065826416,
                        1.4676140546798706,
                        1.4049861431121826,
                        1.4621164798736572,
                        1.2924492359161377,
                        1.4706732034683228,
                        1.4696391820907593
                    ],
                    [
                        -1.671371579170227,
                        -1.4977275133132935,
                        -1.6359223127365112,
                        -1.7073228359222412,
                        -1.8005744218826294,
                        -1.8813035488128662,
                        -2.0360398292541504,
                        -1.9773335456848145,
                        -2.025862693786621,
                        -2.047478675842285,
                        -2.2238330841064453,
                        -2.3847453594207764,
                        -2.333895206451416,
                        -2.198399543762207,
                        -2.5465574264526367,
                        -2.4963083267211914,
                        -2.530987501144409,
                        -2.2895193099975586,
                        -2.397359848022461,
                        -2.413442611694336
                    ]
                ]
            ],
            "states": [
                [
                    [
                        6436360.0,
                        3.756791920750402e-05,
                        0.00023788119142409414,
                        525420.0
                    ],
                    [
                        5822408.0,
                        3.5673747333930805e-05,
                        0.0002484873402863741,
                        540076.8125
                    ],
                    [
                        6120696.0,
                        3.400527930352837e-05,
                        0.00025739934062585235,
                        546681.375
                    ],
                    [
                        6143632.0,
                        3.2446547265863046e-05,
                        0.00019004895875696093,
                        549135.1875
                    ],
                    [
                        6290344.0,
                        3.100591857219115e-05,
                        0.00022606240236200392,
                        515628.96875
                    ],
                    [
                        7225288.0,
                        2.9579521651612595e-05,
                        0.0002532026555854827,
                        501138.75
                    ],
                    [
                        5695216.0,
                        2.8330134227871895e-05,
                        0.0002667571825440973,
                        501280.09375
                    ],
                    [
                        6048296.0,
                        2.72848174063256e-05,
                        0.00026687141507864,
                        520591.84375
                    ],
                    [
                        5956840.0,
                        2.6292696929886006e-05,
                        0.0002529114135541022,
                        510954.5
                    ],
                    [
                        5511320.0,
                        2.5409783120267093e-05,
                        0.0002583715249784291,
                        498321.25
                    ],
                    [
                        7421000.0,
                        2.448467603244353e-05,
                        0.001365873496979475,
                        470548.53125
                    ],
                    [
                        6653560.0,
                        2.3549235265818425e-05,
                        0.0008239395683631301,
                        489404.40625
                    ],
                    [
                        5919424.0,
                        2.2772055672248825e-05,
                        0.0005388445570133626,
                        494672.6875
                    ],
                    [
                        6049744.0,
                        2.2078909751144238e-05,
                        0.0005018769879825413,
                        522203.84375
                    ],
                    [
                        5699328.0,
                        2.1438178009702824e-05,
                        0.0005396626074798405,
                        525676.375
                    ],
                    [
                        5907840.0,
                        2.084095285681542e-05,
                        0.00039070475031621754,
                        484434.71875
                    ],
                    [
                        7654128.0,
                        2.0184714230708778e-05,
                        0.00037147922557778656,
                        485244.75
                    ],
                    [
                        6171376.0,
                        1.9555423932615668e-05,
                        0.00035373689024709165,
                        520211.9375
                    ],
                    [
                        5359048.0,
                        1.9060054910369217e-05,
                        0.0003472233365755528,
                        514446.75
                    ],
                    [
                        5344568.0,
                        1.8622442439664155e-05,
                        0.00021890846255701035,
                        526664.75
                    ]
                ]
            ],
            "actions": [
                [
                    [
                        0.5
                    ],
                    [
                        0.5
                    ],
                    [
                        0.5
                    ],
                    [
                        0.5
                    ],
                    [
                        0.5
                    ],
                    [
                        0.5
                    ],
                    [
                        0.5
                    ],
                    [
                        0.5
                    ],
                    [
                        0.5
                    ],
                    [
                        0.5
                    ],
                    [
                        0.5
                    ],
                    [
                        0.5
                    ],
                    [
                        0.5
                    ],
                    [
                        0.5
                    ],
                    [
                        0.5
                    ],
                    [
                        0.5
                    ],
                    [
                        0.5
                    ],
                    [
                        0.5
                    ],
                    [
                        0.5
                    ],
                    [
                        0.5
                    ]
                ]
            ],
            "returns": [
                [
                    [
                        0.17125853896141052
                    ],
                    [
                        0.17030860483646393
                    ],
                    [
                        0.16936755180358887
                    ],
                    [
                        0.16842207312583923
                    ],
                    [
                        0.16747625172138214
                    ],
                    [
                        0.1665283590555191
                    ],
                    [
                        0.16556815803050995
                    ],
                    [
                        0.16462907195091248
                    ],
                    [
                        0.1636846512556076
                    ],
                    [
                        0.16274157166481018
                    ],
                    [
                        0.1618053913116455
                    ],
                    [
                        0.16084282100200653
                    ],
                    [
                        0.15988995134830475
                    ],
                    [
                        0.1589474231004715
                    ],
                    [
                        0.15800298750400543
                    ],
                    [
                        0.157063826918602
                    ],
                    [
                        0.15612147748470306
                    ],
                    [
                        0.1551561802625656
                    ],
                    [
                        0.15420997142791748
                    ],
                    [
                        0.153276264667511
                    ]
                ]
            ],
            "timesteps": [
                [
                    440,
                    441,
                    442,
                    443,
                    444,
                    445,
                    446,
                    447,
                    448,
                    449,
                    450,
                    451,
                    452,
                    453,
                    454,
                    455,
                    456,
                    457,
                    458,
                    459
                ]
            ],
            "labels": [
                [
                    1,
                    1,
                    1,
                    1,
                    1,
                    1,
                    1,
                    1,
                    1,
                    1,
                    1,
                    1,
                    1,
                    1,
                    1,
                    1,
                    1,
                    1,
                    1,
                    1
                ]
            ],
            "CPU Usage": 46.5,
            "RAM Usage": 54.9,
            "GPU Usage": 0.0,
            "VRAM Usage": 356.0,
            "Disk Read Speed (MB/s)": 206568.5244140625,
            "Disk Write Speed (MB/s)": 396808.8330078125
        },
        {
            "step": 1,
            "train_loss": 0.02815774641931057,
            "actions_pred1": [
                [
                    [
                        0.18784677982330322,
                        1.120487093925476,
                        1.6174559593200684,
                        -2.1392645835876465
                    ],
                    [
                        0.2731635570526123,
                        1.0917459726333618,
                        1.6138381958007812,
                        -2.1087231636047363
                    ],
                    [
                        0.2795623540878296,
                        1.143805742263794,
                        1.688638687133789,
                        -2.332625389099121
                    ],
                    [
                        0.1251939833164215,
                        1.215376615524292,
                        1.6535004377365112,
                        -2.456289052963257
                    ],
                    [
                        0.12673217058181763,
                        1.4481037855148315,
                        1.4781348705291748,
                        -2.5172171592712402
                    ],
                    [
                        0.207487091422081,
                        1.3522791862487793,
                        1.465416431427002,
                        -2.3418374061584473
                    ],
                    [
                        0.38895800709724426,
                        1.3407665491104126,
                        1.3154107332229614,
                        -2.24025297164917
                    ],
                    [
                        0.16273513436317444,
                        1.3853709697723389,
                        1.6458542346954346,
                        -2.1928622722625732
                    ],
                    [
                        0.1339922845363617,
                        1.435003399848938,
                        1.6941096782684326,
                        -2.1217474937438965
                    ],
                    [
                        0.004490092396736145,
                        1.3906936645507812,
                        1.7125121355056763,
                        -2.195424795150757
                    ],
                    [
                        -0.06296488642692566,
                        1.4741036891937256,
                        1.9743940830230713,
                        -2.489576816558838
                    ],
                    [
                        0.09963394701480865,
                        1.3359006643295288,
                        1.7737476825714111,
                        -2.3211164474487305
                    ],
                    [
                        0.14411449432373047,
                        1.2617807388305664,
                        1.7986541986465454,
                        -2.39707350730896
                    ],
                    [
                        0.10136973857879639,
                        1.0482406616210938,
                        1.7359209060668945,
                        -2.227468967437744
                    ],
                    [
                        0.2284640073776245,
                        1.4078162908554077,
                        1.7622486352920532,
                        -2.567096710205078
                    ],
                    [
                        0.24690060317516327,
                        1.3088469505310059,
                        1.5237972736358643,
                        -2.2419681549072266
                    ],
                    [
                        0.33148741722106934,
                        1.3314878940582275,
                        1.4417513608932495,
                        -2.1149797439575195
                    ],
                    [
                        0.36951160430908203,
                        1.2317492961883545,
                        1.4036610126495361,
                        -2.134582042694092
                    ],
                    [
                        0.5289059281349182,
                        1.2343984842300415,
                        1.5604851245880127,
                        -2.2525172233581543
                    ],
                    [
                        0.39180922508239746,
                        1.3452414274215698,
                        1.6084632873535156,
                        -2.319931745529175
                    ]
                ]
            ],
            "actions_pred": [
                [
                    [
                        0.18784677982330322,
                        0.2731635570526123,
                        0.2795623540878296,
                        0.1251939833164215,
                        0.12673217058181763,
                        0.207487091422081,
                        0.38895800709724426,
                        0.16273513436317444,
                        0.1339922845363617,
                        0.004490092396736145,
                        -0.06296488642692566,
                        0.09963394701480865,
                        0.14411449432373047,
                        0.10136973857879639,
                        0.2284640073776245,
                        0.24690060317516327,
                        0.33148741722106934,
                        0.36951160430908203,
                        0.5289059281349182,
                        0.39180922508239746
                    ],
                    [
                        1.120487093925476,
                        1.0917459726333618,
                        1.143805742263794,
                        1.215376615524292,
                        1.4481037855148315,
                        1.3522791862487793,
                        1.3407665491104126,
                        1.3853709697723389,
                        1.435003399848938,
                        1.3906936645507812,
                        1.4741036891937256,
                        1.3359006643295288,
                        1.2617807388305664,
                        1.0482406616210938,
                        1.4078162908554077,
                        1.3088469505310059,
                        1.3314878940582275,
                        1.2317492961883545,
                        1.2343984842300415,
                        1.3452414274215698
                    ],
                    [
                        1.6174559593200684,
                        1.6138381958007812,
                        1.688638687133789,
                        1.6535004377365112,
                        1.4781348705291748,
                        1.465416431427002,
                        1.3154107332229614,
                        1.6458542346954346,
                        1.6941096782684326,
                        1.7125121355056763,
                        1.9743940830230713,
                        1.7737476825714111,
                        1.7986541986465454,
                        1.7359209060668945,
                        1.7622486352920532,
                        1.5237972736358643,
                        1.4417513608932495,
                        1.4036610126495361,
                        1.5604851245880127,
                        1.6084632873535156
                    ],
                    [
                        -2.1392645835876465,
                        -2.1087231636047363,
                        -2.332625389099121,
                        -2.456289052963257,
                        -2.5172171592712402,
                        -2.3418374061584473,
                        -2.24025297164917,
                        -2.1928622722625732,
                        -2.1217474937438965,
                        -2.195424795150757,
                        -2.489576816558838,
                        -2.3211164474487305,
                        -2.39707350730896,
                        -2.227468967437744,
                        -2.567096710205078,
                        -2.2419681549072266,
                        -2.1149797439575195,
                        -2.134582042694092,
                        -2.2525172233581543,
                        -2.319931745529175
                    ]
                ]
            ],
            "states": [
                [
                    [
                        5847024.0,
                        7.17427474228316e-06,
                        0.0002797465131152421,
                        862261.25
                    ],
                    [
                        5130264.0,
                        7.109771104296669e-06,
                        0.00027696648612618446,
                        791462.9375
                    ],
                    [
                        5460408.0,
                        7.0486535150848795e-06,
                        0.0002747685939539224,
                        848104.9375
                    ],
                    [
                        5159224.0,
                        6.988396307860967e-06,
                        0.000255326071055606,
                        826896.4375
                    ],
                    [
                        5280856.0,
                        6.9301599978643935e-06,
                        0.0002729953557718545,
                        850071.375
                    ],
                    [
                        5415520.0,
                        6.871501227578847e-06,
                        0.00026464968686923385,
                        894284.875
                    ],
                    [
                        5138952.0,
                        6.81457140672137e-06,
                        0.000260901142610237,
                        824406.5
                    ],
                    [
                        5364840.0,
                        6.758851213817252e-06,
                        0.00026091569452546537,
                        837380.25
                    ],
                    [
                        8605643.0,
                        0.0036125751212239265,
                        0.0002766261750366539,
                        462352.0625
                    ],
                    [
                        10015816.0,
                        0.00033437556703574955,
                        0.00026207882910966873,
                        482968.0625
                    ],
                    [
                        7806168.0,
                        0.00019468956452328712,
                        0.00027697221958078444,
                        473153.5
                    ],
                    [
                        6004856.0,
                        0.00014804340025875717,
                        0.00037561735371127725,
                        563905.9375
                    ],
                    [
                        3835752.0,
                        0.00012653775047510862,
                        0.000348972505889833,
                        546822.625
                    ],
                    [
                        693592.0,
                        0.00011859468213515356,
                        0.000344088242854923,
                        536207.0
                    ],
                    [
                        1136680.0,
                        0.00011570940841920674,
                        0.00030916635296307504,
                        532932.75
                    ],
                    [
                        755856.0,
                        0.0001128598305513151,
                        0.00029186115716584027,
                        668301.125
                    ],
                    [
                        573408.0,
                        0.00011094257206423208,
                        0.00031188191496767104,
                        741689.6875
                    ],
                    [
                        432952.0,
                        0.0001095341140171513,
                        0.0003927450452465564,
                        678985.1875
                    ],
                    [
                        1216320.0,
                        0.00010730996291385964,
                        0.00034627493005245924,
                        618105.1875
                    ],
                    [
                        4131144.0,
                        0.00010072957229567692,
                        0.00028098482289351523,
                        571491.4375
                    ]
                ]
            ],
            "actions": [
                [
                    [
                        0.75
                    ],
                    [
                        0.75
                    ],
                    [
                        0.75
                    ],
                    [
                        0.75
                    ],
                    [
                        0.75
                    ],
                    [
                        0.75
                    ],
                    [
                        0.75
                    ],
                    [
                        0.75
                    ],
                    [
                        0.5
                    ],
                    [
                        0.5
                    ],
                    [
                        0.5
                    ],
                    [
                        0.5
                    ],
                    [
                        0.5
                    ],
                    [
                        0.5
                    ],
                    [
                        0.5
                    ],
                    [
                        0.5
                    ],
                    [
                        0.5
                    ],
                    [
                        0.5
                    ],
                    [
                        0.5
                    ],
                    [
                        0.5
                    ]
                ]
            ],
            "returns": [
                [
                    [
                        0.48685410618782043
                    ],
                    [
                        0.4859126806259155
                    ],
                    [
                        0.48498284816741943
                    ],
                    [
                        0.4840475022792816
                    ],
                    [
                        0.48311716318130493
                    ],
                    [
                        0.4821847677230835
                    ],
                    [
                        0.481250137090683
                    ],
                    [
                        0.48032015562057495
                    ],
                    [
                        0.4793863594532013
                    ],
                    [
                        0.47841066122055054
                    ],
                    [
                        0.47742152214050293
                    ],
                    [
                        0.4764544665813446
                    ],
                    [
                        0.47551068663597107
                    ],
                    [
                        0.47460663318634033
                    ],
                    [
                        0.4738542139530182
                    ],
                    [
                        0.47305798530578613
                    ],
                    [
                        0.4722979664802551
                    ],
                    [
                        0.47156238555908203
                    ],
                    [
                        0.47085174918174744
                    ],
                    [
                        0.47004953026771545
                    ]
                ]
            ],
            "timesteps": [
                [
                    100,
                    101,
                    102,
                    103,
                    104,
                    105,
                    106,
                    107,
                    108,
                    109,
                    110,
                    111,
                    112,
                    113,
                    114,
                    115,
                    116,
                    117,
                    118,
                    119
                ]
            ],
            "labels": [
                [
                    2,
                    2,
                    2,
                    2,
                    2,
                    2,
                    2,
                    2,
                    1,
                    1,
                    1,
                    1,
                    1,
                    1,
                    1,
                    1,
                    1,
                    1,
                    1,
                    1
                ]
            ],
            "CPU Usage": 46.6,
            "RAM Usage": 55.0,
            "GPU Usage": 0.0,
            "VRAM Usage": 356.0,
            "Disk Read Speed (MB/s)": 206568.5244140625,
            "Disk Write Speed (MB/s)": 396808.8798828125
        },
        {
            "step": 2,
            "train_loss": 0.049791369587183,
            "actions_pred1": [
                [
                    [
                        0.08154547959566116,
                        0.967072606086731,
                        1.5406016111373901,
                        -1.8204634189605713
                    ],
                    [
                        0.1552961766719818,
                        0.7463366985321045,
                        1.5044550895690918,
                        -1.7085438966751099
                    ],
                    [
                        0.2635776996612549,
                        0.6780005693435669,
                        1.5364536046981812,
                        -1.8460769653320312
                    ],
                    [
                        0.3641185760498047,
                        0.7090169787406921,
                        1.598744511604309,
                        -1.6551809310913086
                    ],
                    [
                        0.5503145456314087,
                        0.7017892599105835,
                        1.6686159372329712,
                        -1.745349407196045
                    ],
                    [
                        0.5689213871955872,
                        0.7755962610244751,
                        1.6010171175003052,
                        -1.7447447776794434
                    ],
                    [
                        0.37620824575424194,
                        0.8293188810348511,
                        1.538769006729126,
                        -1.7787601947784424
                    ],
                    [
                        0.4258955717086792,
                        0.7488231658935547,
                        1.383938193321228,
                        -1.9670854806900024
                    ],
                    [
                        0.43499821424484253,
                        0.6602751612663269,
                        1.4640964269638062,
                        -1.9028773307800293
                    ],
                    [
                        0.6455245614051819,
                        0.8992016315460205,
                        1.6069846153259277,
                        -2.117671489715576
                    ],
                    [
                        0.8806880712509155,
                        1.0099290609359741,
                        1.6730921268463135,
                        -1.9703670740127563
                    ],
                    [
                        0.9196971654891968,
                        0.9650706052780151,
                        1.5197850465774536,
                        -1.9103769063949585
                    ],
                    [
                        0.8469400405883789,
                        1.0585556030273438,
                        1.5487178564071655,
                        -1.965132713317871
                    ],
                    [
                        0.7301164865493774,
                        0.9752429127693176,
                        1.6046985387802124,
                        -1.9583079814910889
                    ],
                    [
                        0.697821855545044,
                        0.8652740716934204,
                        1.4579923152923584,
                        -2.0192136764526367
                    ],
                    [
                        0.7569578886032104,
                        0.8483074903488159,
                        1.4464993476867676,
                        -2.064958095550537
                    ],
                    [
                        0.6569445133209229,
                        0.9118022918701172,
                        1.5233086347579956,
                        -2.0026817321777344
                    ],
                    [
                        0.8677884340286255,
                        0.9403744339942932,
                        1.4508908987045288,
                        -2.001377820968628
                    ],
                    [
                        0.8541210293769836,
                        0.8299064636230469,
                        1.2356574535369873,
                        -1.8224108219146729
                    ],
                    [
                        0.8120231628417969,
                        0.8108384013175964,
                        1.4384384155273438,
                        -1.7418849468231201
                    ]
                ]
            ],
            "actions_pred": [
                [
                    [
                        0.08154547959566116,
                        0.1552961766719818,
                        0.2635776996612549,
                        0.3641185760498047,
                        0.5503145456314087,
                        0.5689213871955872,
                        0.37620824575424194,
                        0.4258955717086792,
                        0.43499821424484253,
                        0.6455245614051819,
                        0.8806880712509155,
                        0.9196971654891968,
