{
    "steps": [
        {
            "step": 0,
            "train_loss": 0.03391820192337036,
            "actions_pred1": [
                [
                    [
                        0.5970478057861328,
                        0.7739303708076477,
                        0.6896201372146606,
                        -0.43472975492477417
                    ],
                    [
                        0.23083902895450592,
                        0.8982614874839783,
                        0.7563812732696533,
                        -0.6747945547103882
                    ],
                    [
                        0.20221203565597534,
                        0.7494542598724365,
                        0.5832281112670898,
                        -0.6920511722564697
                    ],
                    [
                        0.17631936073303223,
                        0.7884202003479004,
                        0.5949909090995789,
                        -0.767195999622345
                    ],
                    [
                        0.13377220928668976,
                        0.868442177772522,
                        0.5989052653312683,
                        -0.7720686197280884
                    ],
                    [
                        0.3614281713962555,
                        0.8173285722732544,
                        0.5772349238395691,
                        -0.979077160358429
                    ],
                    [
                        0.215604767203331,
                        0.6181981563568115,
                        0.7106834650039673,
                        -0.9601078629493713
                    ],
                    [
                        0.23913171887397766,
                        0.7024350166320801,
                        0.7725832462310791,
                        -0.9760692715644836
                    ],
                    [
                        0.1335606575012207,
                        0.7520995736122131,
                        0.6832445859909058,
                        -0.8000785112380981
                    ],
                    [
                        0.1876087784767151,
                        0.7582926154136658,
                        0.6541085839271545,
                        -0.880142331123352
                    ],
                    [
                        0.16268959641456604,
                        0.8215941190719604,
                        0.7654397487640381,
                        -0.864344596862793
                    ],
                    [
                        0.29559820890426636,
                        0.6611916422843933,
                        0.6857410669326782,
                        -0.7625958919525146
                    ],
                    [
                        0.20171424746513367,
                        0.684723973274231,
                        0.7706454396247864,
                        -0.7256475687026978
                    ],
                    [
                        0.22055160999298096,
                        0.7889523506164551,
                        0.6941533088684082,
                        -0.8440405130386353
                    ],
                    [
                        0.29083317518234253,
                        0.8193371891975403,
                        0.7902626395225525,
                        -0.8604216575622559
                    ],
                    [
                        0.44894522428512573,
                        0.8299926519393921,
                        0.7204390168190002,
                        -0.8833069205284119
                    ],
                    [
                        0.4044814109802246,
                        0.860896110534668,
                        0.8162916898727417,
                        -0.8217124938964844
                    ],
                    [
                        0.2989864945411682,
                        0.9285058975219727,
                        0.7923110723495483,
                        -1.010119915008545
                    ],
                    [
                        0.3331187963485718,
                        0.8612733483314514,
                        0.7705291509628296,
                        -1.0262168645858765
                    ],
                    [
                        0.3907066583633423,
                        0.8157799243927002,
                        0.7010948657989502,
                        -0.8836847543716431
                    ]
                ]
            ],
            "actions_pred": [
                [
                    [
                        0.5970478057861328,
                        0.23083902895450592,
                        0.20221203565597534,
                        0.17631936073303223,
                        0.13377220928668976,
                        0.3614281713962555,
                        0.215604767203331,
                        0.23913171887397766,
                        0.1335606575012207,
                        0.1876087784767151,
                        0.16268959641456604,
                        0.29559820890426636,
                        0.20171424746513367,
                        0.22055160999298096,
                        0.29083317518234253,
                        0.44894522428512573,
                        0.4044814109802246,
                        0.2989864945411682,
                        0.3331187963485718,
                        0.3907066583633423
                    ],
                    [
                        0.7739303708076477,
                        0.8982614874839783,
                        0.7494542598724365,
                        0.7884202003479004,
                        0.868442177772522,
                        0.8173285722732544,
                        0.6181981563568115,
                        0.7024350166320801,
                        0.7520995736122131,
                        0.7582926154136658,
                        0.8215941190719604,
                        0.6611916422843933,
                        0.684723973274231,
                        0.7889523506164551,
                        0.8193371891975403,
                        0.8299926519393921,
                        0.860896110534668,
                        0.9285058975219727,
                        0.8612733483314514,
                        0.8157799243927002
                    ],
                    [
                        0.6896201372146606,
                        0.7563812732696533,
                        0.5832281112670898,
                        0.5949909090995789,
                        0.5989052653312683,
                        0.5772349238395691,
                        0.7106834650039673,
                        0.7725832462310791,
                        0.6832445859909058,
                        0.6541085839271545,
                        0.7654397487640381,
                        0.6857410669326782,
                        0.7706454396247864,
                        0.6941533088684082,
                        0.7902626395225525,
                        0.7204390168190002,
                        0.8162916898727417,
                        0.7923110723495483,
                        0.7705291509628296,
                        0.7010948657989502
                    ],
                    [
                        -0.43472975492477417,
                        -0.6747945547103882,
                        -0.6920511722564697,
                        -0.767195999622345,
                        -0.7720686197280884,
                        -0.979077160358429,
                        -0.9601078629493713,
                        -0.9760692715644836,
                        -0.8000785112380981,
                        -0.880142331123352,
                        -0.864344596862793,
                        -0.7625958919525146,
                        -0.7256475687026978,
                        -0.8440405130386353,
                        -0.8604216575622559,
                        -0.8833069205284119,
                        -0.8217124938964844,
                        -1.010119915008545,
                        -1.0262168645858765,
                        -0.8836847543716431
                    ]
                ]
            ],
            "states": [
                [
                    [
                        5466200.0,
                        1.129001520894235e-05,
                        0.0002789112040773034,
                        818770.4375
                    ],
                    [
                        5612448.0,
                        1.1129687663924415e-05,
                        0.00025781430304050446,
                        898413.75
                    ],
                    [
                        5046280.0,
                        1.0979628314089496e-05,
                        0.0002818313369061798,
                        909004.75
                    ],
                    [
                        5249000.0,
                        1.0838540219992865e-05,
                        0.00027022496215067804,
                        810422.3125
                    ],
                    [
                        5515432.0,
                        1.0694837328628637e-05,
                        0.00027221045456826687,
                        891063.1875
                    ],
                    [
                        5182392.0,
                        1.0555714652582537e-05,
                        0.0002733847650233656,
                        862686.6875
                    ],
                    [
                        5021664.0,
                        1.0426368135085795e-05,
                        0.00026607781182974577,
                        893778.125
                    ],
                    [
                        5292440.0,
                        1.0298814231646247e-05,
                        0.00028466759249567986,
                        852371.5625
                    ],
                    [
                        5366288.0,
                        1.0170228961214889e-05,
                        0.0002693114511203021,
                        775255.625
                    ],
                    [
                        5483576.0,
                        1.0042614121630322e-05,
                        0.0002695369767025113,
                        802315.875
                    ],
                    [
                        5369184.0,
                        9.918102477968205e-06,
                        0.00026757299201563,
                        854250.0
                    ],
                    [
                        5670368.0,
                        9.794596735446248e-06,
                        0.0002770914288703352,
                        851009.75
                    ],
                    [
                        5537152.0,
                        9.67230062087765e-06,
                        0.0002540841815061867,
                        843244.5625
                    ],
                    [
                        5557424.0,
                        9.554213647788856e-06,
                        0.0002650599053595215,
                        914621.5625
                    ],
                    [
                        5403936.0,
                        9.440349458600394e-06,
                        0.00027801760006695986,
                        829670.8125
                    ],
                    [
                        5246104.0,
                        9.332287845609244e-06,
                        0.0002704633225221187,
                        839801.4375
                    ],
                    [
                        5603760.0,
                        9.224719178746454e-06,
                        0.0002756867033895105,
                        804814.3125
                    ],
                    [
                        5383664.0,
                        9.118263733398635e-06,
                        0.00025344316964037716,
                        920753.0625
                    ],
                    [
                        5525568.0,
                        8.914936188375577e-06,
                        0.000413205154472962,
                        941023.9375
                    ],
                    [
                        5521224.0,
                        8.814949069346767e-06,
                        0.00012937834253534675,
                        850908.25
                    ]
                ]
            ],
            "actions": [
                [
                    [
                        0.75
                    ],
                    [
                        0.75
                    ],
                    [
                        0.75
                    ],
                    [
                        0.75
                    ],
                    [
                        0.75
                    ],
                    [
                        0.75
                    ],
                    [
                        0.75
                    ],
                    [
                        0.75
                    ],
                    [
                        0.75
                    ],
                    [
                        0.75
                    ],
                    [
                        0.75
                    ],
                    [
                        0.75
                    ],
                    [
                        0.75
                    ],
                    [
                        0.75
                    ],
                    [
                        0.75
                    ],
                    [
                        0.75
                    ],
                    [
                        0.75
                    ],
                    [
                        0.75
                    ],
                    [
                        0.75
                    ],
                    [
                        0.75
                    ]
                ]
            ],
            "returns": [
                [
                    [
                        0.5242103934288025
                    ],
                    [
                        0.5232749581336975
                    ],
                    [
                        0.5223371386528015
                    ],
                    [
                        0.5214087963104248
                    ],
                    [
                        0.5204769372940063
                    ],
                    [
                        0.5195406675338745
                    ],
                    [
                        0.5186099410057068
                    ],
                    [
                        0.5176820158958435
                    ],
                    [
                        0.5167494416236877
                    ],
                    [
                        0.5158156156539917
                    ],
                    [
                        0.5148798823356628
                    ],
                    [
                        0.513945996761322
                    ],
                    [
                        0.5130072832107544
                    ],
                    [
                        0.5120707154273987
                    ],
                    [
                        0.5111337900161743
                    ],
                    [
                        0.5101993083953857
                    ],
                    [
                        0.5092675089836121
                    ],
                    [
                        0.5083298683166504
                    ],
                    [
                        0.5073957443237305
                    ],
                    [
                        0.5064593553543091
                    ]
                ]
            ],
            "timesteps": [
                [
                    60,
                    61,
                    62,
                    63,
                    64,
                    65,
                    66,
                    67,
                    68,
                    69,
                    70,
                    71,
                    72,
                    73,
                    74,
                    75,
                    76,
                    77,
                    78,
                    79
                ]
            ],
            "labels": [
                [
                    2,
                    2,
                    2,
                    2,
                    2,
                    2,
                    2,
                    2,
                    2,
                    2,
                    2,
                    2,
                    2,
                    2,
                    2,
                    2,
                    2,
                    2,
                    2,
                    2
                ]
            ],
            "CPU Usage": 45.8,
            "RAM Usage": 55.1,
            "GPU Usage": 0.0,
            "VRAM Usage": 356.0,
            "Disk Read Speed (MB/s)": 206067.5400390625,
            "Disk Write Speed (MB/s)": 376496.6220703125
        },
        {
            "step": 1,
            "train_loss": 0.03188744932413101,
            "actions_pred1": [
                [
                    [
                        0.8671203255653381,
                        0.5755671262741089,
                        0.46896493434906006,
                        -1.0278478860855103
                    ],
                    [
                        0.9548865556716919,
                        0.4746844172477722,
                        0.47544458508491516,
                        -0.9912878274917603
                    ],
                    [
                        0.7372411489486694,
                        0.6506110429763794,
                        0.408578097820282,
                        -1.0369949340820312
                    ],
                    [
                        0.5484973788261414,
                        0.6863293647766113,
                        0.4413144290447235,
                        -1.0921082496643066
                    ],
                    [
                        0.5967953205108643,
                        0.6983819007873535,
                        0.4545268416404724,
                        -1.1514699459075928
                    ],
                    [
                        0.5632440447807312,
                        0.6868372559547424,
                        0.49187010526657104,
                        -1.3152235746383667
                    ],
                    [
                        0.5445401668548584,
                        0.7567129135131836,
                        0.5302116274833679,
                        -1.249971866607666
                    ],
                    [
                        0.4544767737388611,
                        0.657742977142334,
                        0.30903226137161255,
                        -1.1585261821746826
                    ],
                    [
                        0.4565560221672058,
                        0.6320407390594482,
                        0.31513339281082153,
                        -1.160717487335205
                    ],
                    [
                        0.5093921422958374,
                        0.7111749649047852,
                        0.3655585050582886,
                        -1.0777077674865723
                    ],
                    [
                        0.5788617134094238,
                        0.7391788959503174,
                        0.37658676505088806,
                        -0.9937455654144287
                    ],
                    [
                        0.5365548133850098,
                        0.7948970794677734,
                        0.43493330478668213,
                        -0.9867502450942993
                    ],
                    [
                        0.4584883153438568,
                        0.7534229159355164,
                        0.3336373567581177,
                        -0.9958207607269287
                    ],
                    [
                        0.33857718110084534,
                        0.851172924041748,
                        0.42345699667930603,
                        -0.9765455722808838
                    ],
                    [
                        0.39689451456069946,
                        0.7333025932312012,
                        0.5011439919471741,
                        -1.3258912563323975
                    ],
                    [
                        0.37179240584373474,
                        0.7353136539459229,
                        0.5518873929977417,
                        -1.2425174713134766
                    ],
                    [
                        0.4016096591949463,
                        0.7600892186164856,
                        0.6464607119560242,
                        -1.2768141031265259
                    ],
                    [
                        0.5195364952087402,
                        0.7896530628204346,
                        0.6620936393737793,
                        -1.2192538976669312
                    ],
                    [
                        0.56194007396698,
                        0.848090648651123,
                        0.3724527657032013,
                        -1.2301887273788452
                    ],
                    [
                        0.4595012068748474,
                        0.8512980937957764,
                        0.431906521320343,
                        -1.1966389417648315
                    ]
                ]
            ],
            "actions_pred": [
                [
                    [
                        0.8671203255653381,
                        0.9548865556716919,
                        0.7372411489486694,
                        0.5484973788261414,
                        0.5967953205108643,
                        0.5632440447807312,
                        0.5445401668548584,
                        0.4544767737388611,
                        0.4565560221672058,
                        0.5093921422958374,
                        0.5788617134094238,
                        0.5365548133850098,
                        0.4584883153438568,
                        0.33857718110084534,
                        0.39689451456069946,
                        0.37179240584373474,
                        0.4016096591949463,
                        0.5195364952087402,
                        0.56194007396698,
                        0.4595012068748474
                    ],
                    [
                        0.5755671262741089,
                        0.4746844172477722,
                        0.6506110429763794,
                        0.6863293647766113,
                        0.6983819007873535,
                        0.6868372559547424,
                        0.7567129135131836,
                        0.657742977142334,
                        0.6320407390594482,
                        0.7111749649047852,
                        0.7391788959503174,
                        0.7948970794677734,
                        0.7534229159355164,
                        0.851172924041748,
                        0.7333025932312012,
                        0.7353136539459229,
                        0.7600892186164856,
                        0.7896530628204346,
                        0.848090648651123,
                        0.8512980937957764
                    ],
                    [
                        0.46896493434906006,
                        0.47544458508491516,
                        0.408578097820282,
                        0.4413144290447235,
                        0.4545268416404724,
                        0.49187010526657104,
                        0.5302116274833679,
                        0.30903226137161255,
                        0.31513339281082153,
                        0.3655585050582886,
                        0.37658676505088806,
                        0.43493330478668213,
                        0.3336373567581177,
                        0.42345699667930603,
                        0.5011439919471741,
                        0.5518873929977417,
                        0.6464607119560242,
                        0.6620936393737793,
                        0.3724527657032013,
                        0.431906521320343
                    ],
                    [
                        -1.0278478860855103,
                        -0.9912878274917603,
                        -1.0369949340820312,
                        -1.0921082496643066,
                        -1.1514699459075928,
                        -1.3152235746383667,
                        -1.249971866607666,
                        -1.1585261821746826,
                        -1.160717487335205,
                        -1.0777077674865723,
                        -0.9937455654144287,
                        -0.9867502450942993,
                        -0.9958207607269287,
                        -0.9765455722808838,
                        -1.3258912563323975,
                        -1.2425174713134766,
                        -1.2768141031265259,
                        -1.2192538976669312,
                        -1.2301887273788452,
                        -1.1966389417648315
                    ]
                ]
            ],
            "states": [
                [
                    [
                        4019648.0,
                        3.81172176275868e-05,
                        0.00027542549651116133,
                        604074.25
                    ],
                    [
                        3591040.0,
                        3.7697544030379504e-05,
                        0.00025879128952510655,
                        645691.25
                    ],
                    [
                        4225264.0,
                        3.727625517058186e-05,
                        0.0002528103068470955,
                        514911.09375
                    ],
                    [
                        4439568.0,
                        3.6820012610405684e-05,
                        0.00020026147831231356,
                        552938.5
                    ],
                    [
                        5228728.0,
                        3.6324065149528906e-05,
                        0.00022364039614330977,
                        577892.375
                    ],
                    [
                        5965760.0,
                        3.5766250221058726e-05,
                        0.0002323320077266544,
                        503764.8125
                    ],
                    [
                        6114904.0,
                        3.518302401062101e-05,
                        0.00023472661268897355,
                        508360.15625
                    ],
                    [
                        5644304.0,
                        3.463315078988671e-05,
                        0.00024062122975010425,
                        571257.3125
                    ],
                    [
                        5870192.0,
                        3.411128273000941e-05,
                        0.0001874879380920902,
                        547187.9375
                    ],
                    [
                        5618240.0,
                        3.360593836987391e-05,
                        0.00025532711879350245,
                        590262.375
                    ],
                    [
                        6352376.0,
                        3.3095278922701254e-05,
                        0.0002452299522701651,
                        574275.5
                    ],
                    [
                        5702224.0,
                        3.259619916207157e-05,
                        0.00023082415282260627,
                        543057.75
                    ],
                    [
                        7646888.0,
                        3.206136170774698e-05,
                        0.00026125748991034925,
                        526472.875
                    ],
                    [
                        5964312.0,
                        3.153302532155067e-05,
                        0.00024003862927202135,
                        536332.125
                    ],
                    [
                        5580592.0,
                        3.109858516836539e-05,
                        0.00019315553072374314,
                        564225.875
                    ],
                    [
                        6007752.0,
                        3.0674520530737936e-05,
                        0.00022412248654291034,
                        547189.8125
                    ],
                    [
                        4469976.0,
                        3.0300650905701332e-05,
                        0.00023788119142409414,
                        655379.0
                    ],
                    [
                        3631584.0,
                        3.0017836252227426e-05,
                        0.0002484873402863741,
                        709152.875
                    ],
                    [
                        3940008.0,
                        2.9758366508758627e-05,
                        0.00025739934062585235,
                        659045.125
                    ],
                    [
                        3424520.0,
                        2.951018359453883e-05,
                        0.00019004895875696093,
                        668658.9375
                    ]
                ]
            ],
            "actions": [
                [
                    [
                        0.5
                    ],
                    [
                        0.5
                    ],
                    [
                        0.5
                    ],
                    [
                        0.5
                    ],
                    [
                        0.5
                    ],
                    [
                        0.5
                    ],
                    [
                        0.5
                    ],
                    [
                        0.5
                    ],
                    [
                        0.5
                    ],
                    [
                        0.5
                    ],
                    [
                        0.5
                    ],
                    [
                        0.5
                    ],
                    [
                        0.5
                    ],
                    [
                        0.5
                    ],
                    [
                        0.5
                    ],
                    [
                        0.5
                    ],
                    [
                        0.5
                    ],
                    [
                        0.5
                    ],
                    [
                        0.5
                    ],
                    [
                        0.5
                    ]
                ]
            ],
            "returns": [
                [
                    [
                        0.13405705988407135
                    ],
                    [
                        0.13314884901046753
                    ],
                    [
                        0.13225065171718597
                    ],
                    [
                        0.13133801519870758
                    ],
                    [
                        0.1304210126399994
                    ],
                    [
                        0.1294894963502884
                    ],
                    [
                        0.12854628264904022
                    ],
                    [
                        0.12760089337825775
                    ],
                    [
                        0.12666259706020355
                    ],
                    [
                        0.12572081387043
                    ],
                    [
                        0.12478292733430862
                    ],
                    [
                        0.12383415549993515
                    ],
                    [
                        0.12289495021104813
                    ],
                    [
                        0.12192973494529724
                    ],
                    [
                        0.12098655104637146
                    ],
                    [
                        0.12004926055669785
                    ],
                    [
                        0.11910542845726013
                    ],
                    [
                        0.118187814950943
                    ],
                    [
                        0.11728861182928085
                    ],
                    [
                        0.1163821816444397
                    ]
                ]
            ],
            "timesteps": [
                [
                    480,
                    481,
                    482,
                    483,
                    484,
                    485,
                    486,
                    487,
                    488,
                    489,
                    490,
                    491,
                    492,
                    493,
                    494,
                    495,
                    496,
                    497,
                    498,
                    499
                ]
            ],
            "labels": [
                [
                    1,
                    1,
                    1,
                    1,
                    1,
                    1,
                    1,
                    1,
                    1,
                    1,
                    1,
                    1,
                    1,
                    1,
                    1,
                    1,
                    1,
                    1,
                    1,
                    1
                ]
            ],
            "CPU Usage": 46.6,
            "RAM Usage": 55.2,
            "GPU Usage": 0.0,
            "VRAM Usage": 356.0,
            "Disk Read Speed (MB/s)": 206067.5400390625,
            "Disk Write Speed (MB/s)": 376496.6689453125
        },
        {
            "step": 2,
            "train_loss": 0.030397821217775345,
            "actions_pred1": [
                [
                    [
                        0.264790803194046,
                        0.5121625661849976,
                        0.9535796642303467,
                        -0.6277180910110474
                    ],
                    [
                        0.23107145726680756,
                        0.49220484495162964,
                        0.9204368591308594,
                        -0.6594762206077576
                    ],
                    [
                        0.29793041944503784,
                        0.5215626358985901,
                        0.8104674816131592,
                        -0.7266454696655273
                    ],
                    [
                        0.3244880139827728,
                        0.38383030891418457,
                        0.7090223431587219,
                        -0.929837703704834
                    ],
                    [
                        0.4708152413368225,
                        0.37153351306915283,
                        0.732073187828064,
                        -1.0031945705413818
                    ],
                    [
                        0.4450985789299011,
                        0.35323262214660645,
                        0.672778308391571,
                        -0.936508297920227
                    ],
                    [
                        0.4432685375213623,
                        0.6042870283126831,
                        0.5588730573654175,
                        -0.8654891848564148
                    ],
                    [
                        0.472305029630661,
                        0.5779193043708801,
                        0.6997148394584656,
                        -0.8101187348365784
                    ],
                    [
                        0.5512536764144897,
                        0.623617947101593,
                        0.7013256549835205,
                        -0.9292432069778442
                    ],
                    [
                        0.4652596116065979,
                        0.6031469106674194,
                        0.7163377404212952,
                        -1.0070149898529053
                    ],
                    [
                        0.45189762115478516,
                        0.5856531858444214,
                        0.7563004493713379,
                        -0.9818137884140015
                    ],
                    [
                        0.3872540295124054,
                        0.597689688205719,
                        0.7145872712135315,
                        -0.9809672236442566
                    ],
                    [
                        0.47939687967300415,
                        0.5449497103691101,
                        0.8893760442733765,
                        -1.0702906847000122
                    ],
                    [
                        0.4606911540031433,
                        0.5843644142150879,
                        0.878052830696106,
                        -1.0450968742370605
                    ],
                    [
                        0.4196641743183136,
                        0.6074240803718567,
                        0.7814679741859436,
                        -1.0637842416763306
                    ],
                    [
                        0.3288905620574951,
                        0.6269495487213135,
                        0.8777593374252319,
                        -1.1449490785598755
                    ],
                    [
                        0.19935700297355652,
                        0.6500557661056519,
                        0.8987213969230652,
                        -1.123404622077942
                    ],
                    [
                        0.4009450674057007,
                        0.702657163143158,
                        0.8054724931716919,
                        -1.0882123708724976
                    ],
                    [
                        0.332216739654541,
                        0.658383309841156,
                        0.8382613062858582,
                        -1.0609480142593384
                    ],
                    [
                        0.3015040159225464,
                        0.6117923259735107,
                        0.9269747138023376,
                        -1.0407021045684814
                    ]
                ]
            ],
            "actions_pred": [
                [
                    [
                        0.264790803194046,
                        0.23107145726680756,
                        0.29793041944503784,
                        0.3244880139827728,
                        0.4708152413368225,
                        0.4450985789299011,
                        0.4432685375213623,
                        0.472305029630661,
                        0.5512536764144897,
                        0.4652596116065979,
                        0.45189762115478516,
                        0.3872540295124054,
