{
    "steps": [
        {
            "step": 0,
            "train_loss": 0.0005770641728304327,
            "actions_pred1": [
                [
                    [
                        0.27872782945632935,
                        4.039961814880371,
                        0.9780895709991455,
                        -3.8111767768859863
                    ],
                    [
                        0.45070886611938477,
                        4.925756454467773,
                        0.4191169738769531,
                        -3.479799509048462
                    ],
                    [
                        0.3960653841495514,
                        5.353529930114746,
                        0.27750033140182495,
                        -3.962472677230835
                    ],
                    [
                        0.2880247235298157,
                        5.083438873291016,
                        0.28680574893951416,
                        -4.205975532531738
                    ],
                    [
                        0.09574663639068604,
                        5.024596214294434,
                        0.3350539803504944,
                        -4.196152210235596
                    ],
                    [
                        -0.21795415878295898,
                        5.068306922912598,
                        0.08534367382526398,
                        -4.033115386962891
                    ],
                    [
                        -0.3773577809333801,
                        5.061881065368652,
                        0.030579157173633575,
                        -4.000987529754639
                    ],
                    [
                        -0.23387864232063293,
                        4.814631938934326,
                        -0.09828148782253265,
                        -3.9482498168945312
                    ],
                    [
                        -0.1607898771762848,
                        4.778646945953369,
                        -0.11968514323234558,
                        -3.9651317596435547
                    ],
                    [
                        -0.25615930557250977,
                        4.764906883239746,
                        -0.21786564588546753,
                        -4.057555198669434
                    ],
                    [
                        -0.12674424052238464,
                        4.743135929107666,
                        -0.11568506062030792,
                        -4.190180778503418
                    ],
                    [
                        0.04600057005882263,
                        4.693090915679932,
                        -0.10322128981351852,
                        -4.090531349182129
                    ],
                    [
                        0.16948500275611877,
                        4.759259223937988,
                        -0.07504014670848846,
                        -4.236149787902832
                    ],
                    [
                        0.13560086488723755,
                        5.036050796508789,
                        0.04317428171634674,
                        -4.42304801940918
                    ],
                    [
                        0.27308961749076843,
                        5.035254001617432,
                        0.0703914538025856,
                        -4.308744430541992
                    ],
                    [
                        0.08519834280014038,
                        5.024499416351318,
                        0.09306545555591583,
                        -4.42620849609375
                    ],
                    [
                        0.10982641577720642,
                        5.011205673217773,
                        0.119818776845932,
                        -4.45550537109375
                    ],
                    [
                        0.22052103281021118,
                        4.996136665344238,
                        0.17753736674785614,
                        -4.443214416503906
                    ],
                    [
                        0.258046954870224,
                        4.911004066467285,
                        0.22425630688667297,
                        -4.2878217697143555
                    ],
                    [
                        0.26921865344047546,
                        4.731362342834473,
                        0.21854552626609802,
                        -4.369406223297119
                    ]
                ]
            ],
            "actions_pred": [
                [
                    [
                        0.27872782945632935,
                        0.45070886611938477,
                        0.3960653841495514,
                        0.2880247235298157,
                        0.09574663639068604,
                        -0.21795415878295898,
                        -0.3773577809333801,
                        -0.23387864232063293,
                        -0.1607898771762848,
                        -0.25615930557250977,
                        -0.12674424052238464,
                        0.04600057005882263,
                        0.16948500275611877,
                        0.13560086488723755,
                        0.27308961749076843,
                        0.08519834280014038,
                        0.10982641577720642,
                        0.22052103281021118,
                        0.258046954870224,
                        0.26921865344047546
                    ],
                    [
                        4.039961814880371,
                        4.925756454467773,
                        5.353529930114746,
                        5.083438873291016,
                        5.024596214294434,
                        5.068306922912598,
                        5.061881065368652,
                        4.814631938934326,
                        4.778646945953369,
                        4.764906883239746,
                        4.743135929107666,
                        4.693090915679932,
                        4.759259223937988,
                        5.036050796508789,
                        5.035254001617432,
                        5.024499416351318,
                        5.011205673217773,
                        4.996136665344238,
                        4.911004066467285,
                        4.731362342834473
                    ],
                    [
                        0.9780895709991455,
                        0.4191169738769531,
                        0.27750033140182495,
                        0.28680574893951416,
                        0.3350539803504944,
                        0.08534367382526398,
                        0.030579157173633575,
                        -0.09828148782253265,
                        -0.11968514323234558,
                        -0.21786564588546753,
                        -0.11568506062030792,
                        -0.10322128981351852,
                        -0.07504014670848846,
                        0.04317428171634674,
                        0.0703914538025856,
                        0.09306545555591583,
                        0.119818776845932,
                        0.17753736674785614,
                        0.22425630688667297,
                        0.21854552626609802
                    ],
                    [
                        -3.8111767768859863,
                        -3.479799509048462,
                        -3.962472677230835,
                        -4.205975532531738,
                        -4.196152210235596,
                        -4.033115386962891,
                        -4.000987529754639,
                        -3.9482498168945312,
                        -3.9651317596435547,
                        -4.057555198669434,
                        -4.190180778503418,
                        -4.090531349182129,
                        -4.236149787902832,
                        -4.42304801940918,
                        -4.308744430541992,
                        -4.42620849609375,
                        -4.45550537109375,
                        -4.443214416503906,
                        -4.2878217697143555,
                        -4.369406223297119
                    ]
                ]
            ],
            "states": [
                [
                    [
                        3453480.0,
                        1.1675143468892202e-05,
                        0.00029440681100822985,
                        672821.0625
                    ],
                    [
                        4107976.0,
                        1.1557735888345633e-05,
                        0.00028164629475213587,
                        683579.125
                    ],
                    [
                        4089152.0,
                        1.1433058716647793e-05,
                        0.00027785348356701434,
                        696568.625
                    ],
                    [
                        3556288.0,
                        1.131914814322954e-05,
                        0.00038381022750400007,
                        634586.1875
                    ],
                    [
                        2583232.0,
                        1.1229288247704972e-05,
                        0.0002961547579616308,
                        661987.4375
                    ],
                    [
                        1912808.0,
                        1.1164392162754666e-05,
                        0.00029962105327285826,
                        693806.25
                    ],
                    [
                        2088016.0,
                        1.1107291356893256e-05,
                        0.00029777659801766276,
                        580816.75
                    ],
                    [
                        2896000.0,
                        1.103698832594091e-05,
                        0.0002728095860220492,
                        525629.9375
                    ],
                    [
                        2564408.0,
                        1.0960944564430974e-05,
                        0.0002930021146312356,
                        619511.5625
                    ],
                    [
                        3921184.0,
                        1.087203600036446e-05,
                        0.0005929499748162925,
                        538834.625
                    ],
                    [
                        2794640.0,
                        1.0781384844449349e-05,
                        0.00017766767996363342,
                        677916.4375
                    ],
                    [
                        4726272.0,
                        1.0681769708753563e-05,
                        0.00018339134112466127,
                        599563.375
                    ],
                    [
                        4927544.0,
                        1.0556481356616132e-05,
                        0.00019205290300305933,
                        583179.3125
                    ],
                    [
                        5944040.0,
                        1.0418904821563046e-05,
                        0.0002024973655352369,
                        603427.0
                    ],
                    [
                        5063656.0,
                        1.0283110896125436e-05,
                        0.0002613598189782351,
                        607061.125
                    ],
                    [
                        5221488.0,
                        1.015944144455716e-05,
                        0.00023075626813806593,
                        620602.0625
                    ],
                    [
                        3421624.0,
                        1.0057716281153262e-05,
                        0.00032322804327122867,
                        608652.25
                    ],
                    [
                        3476648.0,
                        9.978034540836234e-06,
                        0.0002578554267529398,
                        617310.8125
                    ],
                    [
                        3407144.0,
                        9.899765245791059e-06,
                        0.00022438736050389707,
                        706043.875
                    ],
                    [
                        3938560.0,
                        9.817606041906402e-06,
                        0.00038321700412780046,
                        631372.625
                    ]
                ]
            ],
            "actions": [
                [
                    [
                        0.5
                    ],
                    [
                        0.5
                    ],
                    [
                        0.5
                    ],
                    [
                        0.5
                    ],
                    [
                        0.5
                    ],
                    [
                        0.5
                    ],
                    [
                        0.5
                    ],
                    [
                        0.5
                    ],
                    [
                        0.5
                    ],
                    [
                        0.5
                    ],
                    [
                        0.5
                    ],
                    [
                        0.5
                    ],
                    [
                        0.5
                    ],
                    [
                        0.5
                    ],
                    [
                        0.5
                    ],
                    [
                        0.5
                    ],
                    [
                        0.5
                    ],
                    [
                        0.5
                    ],
                    [
                        0.5
                    ],
                    [
                        0.5
                    ]
                ]
            ],
            "returns": [
                [
                    [
                        0.41369158029556274
                    ],
                    [
                        0.41279682517051697
                    ],
                    [
                        0.41188669204711914
                    ],
                    [
                        0.41097697615623474
                    ],
                    [
                        0.41007962822914124
                    ],
                    [
                        0.4092106521129608
                    ],
                    [
                        0.4083682894706726
                    ],
                    [
                        0.4075181484222412
                    ],
                    [
                        0.4066390097141266
                    ],
                    [
                        0.4057706594467163
                    ],
                    [
                        0.40486466884613037
                    ],
                    [
                        0.40398868918418884
                    ],
                    [
                        0.40306612849235535
                    ],
                    [
                        0.4021398723125458
                    ],
                    [
                        0.40119698643684387
                    ],
                    [
                        0.4002683162689209
                    ],
                    [
                        0.39933690428733826
                    ],
                    [
                        0.39844298362731934
                    ],
                    [
                        0.3975476622581482
                    ],
                    [
                        0.3966540992259979
                    ]
                ]
            ],
            "timesteps": [
                [
                    180,
                    181,
                    182,
                    183,
                    184,
                    185,
                    186,
                    187,
                    188,
                    189,
                    190,
                    191,
                    192,
                    193,
                    194,
                    195,
                    196,
                    197,
                    198,
                    199
                ]
            ],
            "labels": [
                [
                    1,
                    1,
                    1,
                    1,
                    1,
                    1,
                    1,
                    1,
                    1,
                    1,
                    1,
                    1,
                    1,
                    1,
                    1,
                    1,
                    1,
                    1,
                    1,
                    1
                ]
            ],
            "CPU Usage": 45.9,
            "RAM Usage": 55.2,
            "GPU Usage": 0.0,
            "VRAM Usage": 355.0,
            "Disk Read Speed (MB/s)": 206668.6748046875,
            "Disk Write Speed (MB/s)": 437502.1728515625
        },
        {
            "step": 1,
            "train_loss": 0.0002812208840623498,
            "actions_pred1": [
                [
                    [
                        0.811691403388977,
                        4.96492862701416,
                        0.022454917430877686,
                        -3.4677412509918213
                    ],
                    [
                        0.7554827332496643,
                        4.260873794555664,
                        -0.02763102948665619,
                        -3.787292242050171
                    ],
                    [
                        0.3003597557544708,
                        5.013808727264404,
                        -0.6247231960296631,
                        -3.6896867752075195
                    ],
                    [
                        -0.12996989488601685,
                        5.418668746948242,
                        -0.6522746086120605,
                        -3.741661310195923
                    ],
                    [
                        -0.3322538733482361,
                        4.760164260864258,
                        -0.42229944467544556,
                        -2.822122097015381
                    ],
                    [
                        -0.35557177662849426,
                        5.395491600036621,
                        -0.6073367595672607,
                        -4.235588550567627
                    ],
                    [
                        -0.6491141319274902,
                        5.575715065002441,
                        -0.6809717416763306,
                        -4.427024841308594
                    ],
                    [
                        -0.7578805685043335,
                        5.652490615844727,
                        -0.990405797958374,
                        -4.5487284660339355
                    ],
                    [
                        -0.44327276945114136,
                        5.336256980895996,
                        -1.1863510608673096,
                        -4.679562568664551
                    ],
                    [
                        -0.4279419779777527,
                        5.465872764587402,
                        -1.315861463546753,
                        -4.610849857330322
                    ],
                    [
                        -0.4560035467147827,
                        5.558935642242432,
                        -1.188840389251709,
                        -4.710267543792725
                    ],
                    [
                        -0.4901845455169678,
                        5.272322654724121,
                        -0.949479341506958,
                        -4.710472583770752
                    ],
                    [
                        -0.32101643085479736,
                        5.258861541748047,
                        -0.8601583242416382,
                        -4.702042579650879
                    ],
                    [
                        -0.1989082396030426,
                        5.3863019943237305,
                        -0.973101019859314,
                        -4.5493879318237305
                    ],
                    [
                        -0.14250002801418304,
                        5.236471176147461,
                        -0.923782229423523,
                        -4.606995105743408
                    ],
                    [
                        -0.13681577146053314,
                        5.598337173461914,
                        -1.0128533840179443,
                        -4.560997486114502
                    ],
                    [
                        -0.27237215638160706,
                        5.575531959533691,
                        -0.8917946219444275,
                        -4.682436943054199
                    ],
                    [
                        -0.08737032115459442,
                        5.541419982910156,
                        -1.0000323057174683,
                        -4.4080634117126465
                    ],
                    [
                        0.05011977255344391,
                        5.02131462097168,
                        -0.6624895930290222,
                        -4.749851703643799
                    ],
                    [
                        -0.01671026647090912,
                        4.996001243591309,
                        -0.6337345838546753,
                        -4.704604625701904
                    ]
                ]
            ],
            "actions_pred": [
                [
                    [
                        0.811691403388977,
                        0.7554827332496643,
                        0.3003597557544708,
                        -0.12996989488601685,
                        -0.3322538733482361,
                        -0.35557177662849426,
                        -0.6491141319274902,
                        -0.7578805685043335,
                        -0.44327276945114136,
                        -0.4279419779777527,
                        -0.4560035467147827,
                        -0.4901845455169678,
                        -0.32101643085479736,
                        -0.1989082396030426,
                        -0.14250002801418304,
                        -0.13681577146053314,
                        -0.27237215638160706,
                        -0.08737032115459442,
                        0.05011977255344391,
                        -0.01671026647090912
                    ],
                    [
                        4.96492862701416,
                        4.260873794555664,
                        5.013808727264404,
                        5.418668746948242,
                        4.760164260864258,
                        5.395491600036621,
                        5.575715065002441,
                        5.652490615844727,
                        5.336256980895996,
                        5.465872764587402,
                        5.558935642242432,
                        5.272322654724121,
                        5.258861541748047,
                        5.3863019943237305,
                        5.236471176147461,
                        5.598337173461914,
                        5.575531959533691,
                        5.541419982910156,
                        5.02131462097168,
                        4.996001243591309
                    ],
                    [
                        0.022454917430877686,
                        -0.02763102948665619,
                        -0.6247231960296631,
                        -0.6522746086120605,
                        -0.42229944467544556,
                        -0.6073367595672607,
                        -0.6809717416763306,
                        -0.990405797958374,
                        -1.1863510608673096,
                        -1.315861463546753,
                        -1.188840389251709,
                        -0.949479341506958,
                        -0.8601583242416382,
                        -0.973101019859314,
                        -0.923782229423523,
                        -1.0128533840179443,
                        -0.8917946219444275,
                        -1.0000323057174683,
                        -0.6624895930290222,
                        -0.6337345838546753
                    ],
                    [
                        -3.4677412509918213,
                        -3.787292242050171,
                        -3.6896867752075195,
                        -3.741661310195923,
                        -2.822122097015381,
                        -4.235588550567627,
                        -4.427024841308594,
                        -4.5487284660339355,
                        -4.679562568664551,
                        -4.610849857330322,
                        -4.710267543792725,
                        -4.710472583770752,
                        -4.702042579650879,
                        -4.5493879318237305,
                        -4.606995105743408,
                        -4.560997486114502,
                        -4.682436943054199,
                        -4.4080634117126465,
                        -4.749851703643799,
                        -4.704604625701904
                    ]
                ]
            ],
            "states": [
                [
                    [
                        4019648.0,
                        3.81172176275868e-05,
                        0.00027542549651116133,
                        604074.25
                    ],
                    [
                        3591040.0,
                        3.7697544030379504e-05,
                        0.00025879128952510655,
                        645691.25
                    ],
                    [
                        4225264.0,
                        3.727625517058186e-05,
                        0.0002528103068470955,
                        514911.09375
                    ],
                    [
                        4439568.0,
                        3.6820012610405684e-05,
                        0.00020026147831231356,
                        552938.5
                    ],
                    [
                        5228728.0,
                        3.6324065149528906e-05,
                        0.00022364039614330977,
                        577892.375
                    ],
                    [
                        5965760.0,
                        3.5766250221058726e-05,
                        0.0002323320077266544,
                        503764.8125
                    ],
                    [
                        6114904.0,
                        3.518302401062101e-05,
                        0.00023472661268897355,
                        508360.15625
                    ],
                    [
                        5644304.0,
                        3.463315078988671e-05,
                        0.00024062122975010425,
                        571257.3125
                    ],
                    [
                        5870192.0,
                        3.411128273000941e-05,
                        0.0001874879380920902,
                        547187.9375
                    ],
                    [
                        5618240.0,
                        3.360593836987391e-05,
                        0.00025532711879350245,
                        590262.375
                    ],
                    [
                        6352376.0,
                        3.3095278922701254e-05,
                        0.0002452299522701651,
                        574275.5
                    ],
                    [
                        5702224.0,
                        3.259619916207157e-05,
                        0.00023082415282260627,
                        543057.75
                    ],
                    [
                        7646888.0,
                        3.206136170774698e-05,
                        0.00026125748991034925,
                        526472.875
                    ],
                    [
                        5964312.0,
                        3.153302532155067e-05,
                        0.00024003862927202135,
                        536332.125
                    ],
                    [
                        5580592.0,
                        3.109858516836539e-05,
                        0.00019315553072374314,
                        564225.875
                    ],
                    [
                        6007752.0,
                        3.0674520530737936e-05,
                        0.00022412248654291034,
                        547189.8125
                    ],
                    [
                        4469976.0,
                        3.0300650905701332e-05,
                        0.00023788119142409414,
                        655379.0
                    ],
                    [
                        3631584.0,
                        3.0017836252227426e-05,
                        0.0002484873402863741,
                        709152.875
                    ],
                    [
                        3940008.0,
                        2.9758366508758627e-05,
                        0.00025739934062585235,
                        659045.125
                    ],
                    [
                        3424520.0,
                        2.951018359453883e-05,
                        0.00019004895875696093,
                        668658.9375
                    ]
                ]
            ],
            "actions": [
                [
                    [
                        0.5
                    ],
                    [
                        0.5
                    ],
                    [
                        0.5
                    ],
                    [
                        0.5
                    ],
                    [
                        0.5
                    ],
                    [
                        0.5
                    ],
                    [
                        0.5
                    ],
                    [
                        0.5
                    ],
                    [
                        0.5
                    ],
                    [
                        0.5
                    ],
                    [
                        0.5
                    ],
                    [
                        0.5
                    ],
                    [
                        0.5
                    ],
                    [
                        0.5
                    ],
                    [
                        0.5
                    ],
                    [
                        0.5
                    ],
                    [
                        0.5
                    ],
                    [
                        0.5
                    ],
                    [
                        0.5
                    ],
                    [
                        0.5
                    ]
                ]
            ],
            "returns": [
                [
                    [
                        0.13405705988407135
                    ],
                    [
                        0.13314884901046753
                    ],
                    [
                        0.13225065171718597
                    ],
                    [
                        0.13133801519870758
                    ],
                    [
                        0.1304210126399994
                    ],
                    [
                        0.1294894963502884
                    ],
                    [
                        0.12854628264904022
                    ],
                    [
                        0.12760089337825775
                    ],
                    [
                        0.12666259706020355
                    ],
                    [
                        0.12572081387043
                    ],
                    [
                        0.12478292733430862
                    ],
                    [
                        0.12383415549993515
                    ],
                    [
                        0.12289495021104813
                    ],
                    [
                        0.12192973494529724
                    ],
                    [
                        0.12098655104637146
                    ],
                    [
                        0.12004926055669785
                    ],
                    [
                        0.11910542845726013
                    ],
                    [
                        0.118187814950943
                    ],
                    [
                        0.11728861182928085
                    ],
                    [
                        0.1163821816444397
                    ]
                ]
            ],
            "timesteps": [
                [
                    480,
                    481,
                    482,
                    483,
                    484,
                    485,
                    486,
                    487,
                    488,
                    489,
                    490,
                    491,
                    492,
                    493,
                    494,
                    495,
                    496,
                    497,
                    498,
                    499
                ]
            ],
            "labels": [
                [
                    1,
                    1,
                    1,
                    1,
                    1,
                    1,
                    1,
                    1,
                    1,
                    1,
                    1,
                    1,
                    1,
                    1,
                    1,
                    1,
                    1,
                    1,
                    1,
                    1
                ]
            ],
            "CPU Usage": 47.0,
            "RAM Usage": 55.2,
            "GPU Usage": 0.0,
            "VRAM Usage": 355.0,
            "Disk Read Speed (MB/s)": 206668.6748046875,
            "Disk Write Speed (MB/s)": 437502.2744140625
        },
        {
            "step": 2,
            "train_loss": 0.007131648249924183,
            "actions_pred1": [
                [
                    [
                        1.4122377634048462,
                        2.348842144012451,
                        1.9995383024215698,
                        -4.246744632720947
                    ],
                    [
                        1.2974604368209839,
                        2.46597957611084,
                        2.168926954269409,
                        -4.642995834350586
                    ],
                    [
                        1.2952053546905518,
                        3.275374412536621,
                        1.8439401388168335,
                        -5.458799362182617
                    ],
                    [
                        1.1483345031738281,
                        3.8974857330322266,
                        1.379780888557434,
                        -6.074726581573486
                    ],
                    [
                        0.5846627354621887,
                        4.586795806884766,
                        1.0548124313354492,
                        -5.604562759399414
                    ],
                    [
                        0.8279323577880859,
                        4.717157363891602,
                        0.7871962189674377,
                        -5.823859214782715
                    ],
                    [
                        0.9209534525871277,
                        4.804549217224121,
                        0.3944398760795593,
                        -5.843425273895264
                    ],
                    [
                        0.9869962334632874,
                        5.256788730621338,
                        0.6856280565261841,
                        -5.860082149505615
                    ],
                    [
                        1.1030641794204712,
                        5.171472549438477,
                        0.8800715208053589,
                        -5.814168930053711
                    ],
                    [
                        1.3224878311157227,
                        5.149299621582031,
                        0.8147386312484741,
                        -5.991310119628906
                    ],
                    [
                        1.2316229343414307,
                        4.907174587249756,
                        0.47824549674987793,
                        -5.767987251281738
                    ],
                    [
                        1.1882364749908447,
                        4.967525482177734,
                        0.4012776017189026,
                        -5.695031642913818
                    ],
                    [
                        1.0600093603134155,
                        4.933297157287598,
                        0.454043447971344,
                        -5.652866363525391
                    ],
                    [
                        1.1289337873458862,
                        5.074270725250244,
                        0.6264516711235046,
                        -5.861370086669922
                    ],
                    [
                        1.1463570594787598,
                        5.409430980682373,
                        0.461836040019989,
                        -5.620477199554443
                    ],
                    [
                        1.1957050561904907,
                        5.340613842010498,
                        0.5938823223114014,
                        -5.685886383056641
                    ],
                    [
                        1.3106755018234253,
                        5.1916937828063965,
                        0.7121379971504211,
                        -5.629418849945068
                    ],
                    [
                        1.2849221229553223,
                        5.140630722045898,
                        0.814160943031311,
                        -5.77313756942749
                    ],
                    [
                        1.3523541688919067,
                        4.984332084655762,
                        0.9614519476890564,
                        -5.565645217895508
                    ],
                    [
                        1.719360113143921,
                        5.015166282653809,
                        0.789347231388092,
                        -5.643014907836914
                    ]
                ]
            ],
            "actions_pred": [
                [
                    [
                        1.4122377634048462,
                        1.2974604368209839,
                        1.2952053546905518,
                        1.1483345031738281,
                        0.5846627354621887,
                        0.8279323577880859,
                        0.9209534525871277,
                        0.9869962334632874,
                        1.1030641794204712,
                        1.3224878311157227,
                        1.2316229343414307,
                        1.1882364749908447,
