{
    "steps": [
        {
            "step": 0,
            "train_loss": 0.051033418625593185,
            "actions_pred1": [
                [
                    [
                        0.12053406983613968,
                        -0.03828519582748413,
                        0.7055108547210693,
                        0.479608952999115
                    ],
                    [
                        -0.005424998700618744,
                        -0.035211384296417236,
                        0.5873110890388489,
                        0.4456252455711365
                    ],
                    [
                        -0.08487442135810852,
                        -0.30866652727127075,
                        0.4061899185180664,
                        0.27188870310783386
                    ],
                    [
                        -0.016702432185411453,
                        -0.24414397776126862,
                        0.36030399799346924,
                        0.18713024258613586
                    ],
                    [
                        -0.06211070716381073,
                        -0.21757495403289795,
                        0.4638163447380066,
                        0.15707358717918396
                    ],
                    [
                        -0.16142511367797852,
                        -0.07336209714412689,
                        0.5531691312789917,
                        0.13237950205802917
                    ],
                    [
                        0.028781570494174957,
                        -0.18536241352558136,
                        0.49995318055152893,
                        0.10049524903297424
                    ],
                    [
                        -0.027104780077934265,
                        -0.14078176021575928,
                        0.4844989776611328,
                        0.09435516595840454
                    ],
                    [
                        -0.07151208817958832,
                        -0.0448278933763504,
                        0.7419943809509277,
                        0.030887305736541748
                    ],
                    [
                        0.016269341111183167,
                        0.010150611400604248,
                        0.7313156723976135,
                        0.09283646941184998
                    ],
                    [
                        -0.05347271263599396,
                        -0.08872589468955994,
                        0.7310603857040405,
                        0.13870421051979065
                    ],
                    [
                        -0.03690614178776741,
                        -0.06399157643318176,
                        0.6272792816162109,
                        0.15824037790298462
                    ],
                    [
                        -0.027283575385808945,
                        -0.03968963027000427,
                        0.6453763246536255,
                        0.20118270814418793
                    ],
                    [
                        -0.045179590582847595,
                        -0.01155117154121399,
                        0.7305501103401184,
                        0.3359358012676239
                    ],
                    [
                        -0.030982941389083862,
                        -0.06446315348148346,
                        0.7297585010528564,
                        0.32209450006484985
                    ],
                    [
                        -0.018185213208198547,
                        -0.21353080868721008,
                        0.48310884833335876,
                        0.2949985861778259
                    ],
                    [
                        -0.011421218514442444,
                        -0.09868858754634857,
                        0.5271987318992615,
                        0.19307316839694977
                    ],
                    [
                        -0.07410997897386551,
                        -0.09588178992271423,
                        0.5180414319038391,
                        0.24385955929756165
                    ],
                    [
                        -0.10961994528770447,
                        -0.08442652225494385,
                        0.610412061214447,
                        0.26679232716560364
                    ],
                    [
                        -0.1018245741724968,
                        -0.06306542456150055,
                        0.7031980156898499,
                        0.19199132919311523
                    ]
                ]
            ],
            "actions_pred": [
                [
                    [
                        0.12053406983613968,
                        -0.005424998700618744,
                        -0.08487442135810852,
                        -0.016702432185411453,
                        -0.06211070716381073,
                        -0.16142511367797852,
                        0.028781570494174957,
                        -0.027104780077934265,
                        -0.07151208817958832,
                        0.016269341111183167,
                        -0.05347271263599396,
                        -0.03690614178776741,
                        -0.027283575385808945,
                        -0.045179590582847595,
                        -0.030982941389083862,
                        -0.018185213208198547,
                        -0.011421218514442444,
                        -0.07410997897386551,
                        -0.10961994528770447,
                        -0.1018245741724968
                    ],
                    [
                        -0.03828519582748413,
                        -0.035211384296417236,
                        -0.30866652727127075,
                        -0.24414397776126862,
                        -0.21757495403289795,
                        -0.07336209714412689,
                        -0.18536241352558136,
                        -0.14078176021575928,
                        -0.0448278933763504,
                        0.010150611400604248,
                        -0.08872589468955994,
                        -0.06399157643318176,
                        -0.03968963027000427,
                        -0.01155117154121399,
                        -0.06446315348148346,
                        -0.21353080868721008,
                        -0.09868858754634857,
                        -0.09588178992271423,
                        -0.08442652225494385,
                        -0.06306542456150055
                    ],
                    [
                        0.7055108547210693,
                        0.5873110890388489,
                        0.4061899185180664,
                        0.36030399799346924,
                        0.4638163447380066,
                        0.5531691312789917,
                        0.49995318055152893,
                        0.4844989776611328,
                        0.7419943809509277,
                        0.7313156723976135,
                        0.7310603857040405,
                        0.6272792816162109,
                        0.6453763246536255,
                        0.7305501103401184,
                        0.7297585010528564,
                        0.48310884833335876,
                        0.5271987318992615,
                        0.5180414319038391,
                        0.610412061214447,
                        0.7031980156898499
                    ],
                    [
                        0.479608952999115,
                        0.4456252455711365,
                        0.27188870310783386,
                        0.18713024258613586,
                        0.15707358717918396,
                        0.13237950205802917,
                        0.10049524903297424,
                        0.09435516595840454,
                        0.030887305736541748,
                        0.09283646941184998,
                        0.13870421051979065,
                        0.15824037790298462,
                        0.20118270814418793,
                        0.3359358012676239,
                        0.32209450006484985,
                        0.2949985861778259,
                        0.19307316839694977,
                        0.24385955929756165,
                        0.26679232716560364,
                        0.19199132919311523
                    ]
                ]
            ],
            "states": [
                [
                    [
                        5130264.0,
                        9.53052585828118e-06,
                        0.00017112551722675562,
                        484343.53125
                    ],
                    [
                        5473440.0,
                        9.464440154260956e-06,
                        0.00025726869353093207,
                        530369.25
                    ],
                    [
                        5615344.0,
                        9.396303539688233e-06,
                        0.000244751397985965,
                        507658.4375
                    ],
                    [
                        5705120.0,
                        9.327747648057994e-06,
                        0.0002547030453570187,
                        475297.125
                    ],
                    [
                        5661680.0,
                        9.25990843825275e-06,
                        0.0002602769818622619,
                        509474.46875
                    ],
                    [
                        5626928.0,
                        9.193505320581608e-06,
                        0.00028401854797266424,
                        512406.875
                    ],
                    [
                        7240000.0,
                        9.118992238654755e-06,
                        0.00026182830333709717,
                        473767.34375
                    ],
                    [
                        6098976.0,
                        9.042967576533556e-06,
                        0.00025427230866625905,
                        486137.84375
                    ],
                    [
                        5957072.0,
                        8.975355740403756e-06,
                        0.00025071317213587463,
                        481721.90625
                    ],
                    [
                        6045400.0,
                        8.909044481697492e-06,
                        0.000257556646829471,
                        512695.15625
                    ],
                    [
                        5554528.0,
                        8.845872798701748e-06,
                        0.0002534309751354158,
                        490408.03125
                    ],
                    [
                        5395248.0,
                        8.787061233306304e-06,
                        0.00019772094674408436,
                        502051.125
                    ],
                    [
                        6014992.0,
                        8.726612577447668e-06,
                        0.00023689404770266265,
                        496127.90625
                    ],
                    [
                        5615344.0,
                        8.665836503496394e-06,
                        0.00024040597782004625,
                        497831.1875
                    ],
                    [
                        5961416.0,
                        8.60618456499651e-06,
                        0.00023798528127372265,
                        498399.9375
                    ],
                    [
                        5690640.0,
                        8.546960089006461e-06,
                        0.0002599294239189476,
                        501903.53125
                    ],
                    [
                        6043952.0,
                        8.48813488119049e-06,
                        0.0002636733988765627,
                        501576.46875
                    ],
                    [
                        7975584.0,
                        8.418936886300799e-06,
                        0.00023683813924435526,
                        444337.65625
                    ],
                    [
                        5891912.0,
                        8.351544238394126e-06,
                        0.0002558637352194637,
                        498428.25
                    ],
                    [
                        6125040.0,
                        8.294033250422217e-06,
                        0.00024174025747925043,
                        501703.09375
                    ]
                ]
            ],
            "actions": [
                [
                    [
                        0.25
                    ],
                    [
                        0.25
                    ],
                    [
                        0.25
                    ],
                    [
                        0.25
                    ],
                    [
                        0.25
                    ],
                    [
                        0.25
                    ],
                    [
                        0.25
                    ],
                    [
                        0.25
                    ],
                    [
                        0.25
                    ],
                    [
                        0.25
                    ],
                    [
                        0.25
                    ],
                    [
                        0.25
                    ],
                    [
                        0.25
                    ],
                    [
                        0.25
                    ],
                    [
                        0.25
                    ],
                    [
                        0.25
                    ],
                    [
                        0.25
                    ],
                    [
                        0.25
                    ],
                    [
                        0.25
                    ],
                    [
                        0.25
                    ]
                ]
            ],
            "returns": [
                [
                    [
                        0.20859551429748535
                    ],
                    [
                        0.20766568183898926
                    ],
                    [
                        0.20673011243343353
                    ],
                    [
                        0.20579227805137634
                    ],
                    [
                        0.20485302805900574
                    ],
                    [
                        0.20391446352005005
                    ],
                    [
                        0.20297643542289734
                    ],
                    [
                        0.20201605558395386
                    ],
                    [
                        0.2010708898305893
                    ],
                    [
                        0.20012782514095306
                    ],
                    [
                        0.19918343424797058
                    ],
                    [
                        0.1982465535402298
                    ],
                    [
                        0.19731226563453674
                    ],
                    [
                        0.19636832177639008
                    ],
                    [
                        0.19543048739433289
                    ],
                    [
                        0.19448734819889069
                    ],
                    [
                        0.193548321723938
                    ],
                    [
                        0.1926039606332779
                    ],
                    [
                        0.19163501262664795
                    ],
                    [
                        0.19069290161132812
                    ]
                ]
            ],
            "timesteps": [
                [
                    400,
                    401,
                    402,
                    403,
                    404,
                    405,
                    406,
                    407,
                    408,
                    409,
                    410,
                    411,
                    412,
                    413,
                    414,
                    415,
                    416,
                    417,
                    418,
                    419
                ]
            ],
            "labels": [
                [
                    0,
                    0,
                    0,
                    0,
                    0,
                    0,
                    0,
                    0,
                    0,
                    0,
                    0,
                    0,
                    0,
                    0,
                    0,
                    0,
                    0,
                    0,
                    0,
                    0
                ]
            ],
            "CPU Usage": 44.9,
            "RAM Usage": 55.4,
            "GPU Usage": 0.0,
            "VRAM Usage": 355.0,
            "Disk Read Speed (MB/s)": 206024.5009765625,
            "Disk Write Speed (MB/s)": 338872.8447265625
        },
        {
            "step": 1,
            "train_loss": 0.055481474846601486,
            "actions_pred1": [
                [
                    [
                        -0.046045828610658646,
                        -0.1846962571144104,
                        0.547967791557312,
                        0.10761533677577972
                    ],
                    [
                        0.033766765147447586,
                        -0.07621932029724121,
                        0.4298790693283081,
                        0.14937740564346313
                    ],
                    [
                        -0.014569185674190521,
                        -0.025128036737442017,
                        0.5933201909065247,
                        0.2625117301940918
                    ],
                    [
                        0.06675973534584045,
                        -0.17289015650749207,
                        0.5891112089157104,
                        0.2525191903114319
                    ],
                    [
                        0.04145774245262146,
                        -0.17992495000362396,
                        0.7005295157432556,
                        0.27632468938827515
                    ],
                    [
                        -0.2048214077949524,
                        -0.09655909985303879,
                        0.47371262311935425,
                        0.18679872155189514
                    ],
                    [
                        -0.19820576906204224,
                        -0.02523941546678543,
                        0.6108090877532959,
                        0.382449746131897
                    ],
                    [
                        -0.011543534696102142,
                        -0.01590573787689209,
                        0.6063616275787354,
                        0.44208094477653503
                    ],
                    [
                        0.009059302508831024,
                        0.0003360658884048462,
                        0.5236634612083435,
                        0.3749174177646637
                    ],
                    [
                        -0.1390293538570404,
                        -0.02004106342792511,
                        0.7197815775871277,
                        0.42694222927093506
                    ],
                    [
                        -0.20062243938446045,
                        -0.11070390045642853,
                        0.8324456214904785,
                        0.427677720785141
                    ],
                    [
                        -0.2034195363521576,
                        -0.12054751068353653,
                        0.8118013739585876,
                        0.49167701601982117
                    ],
                    [
                        -0.23973348736763,
                        -0.06767495721578598,
                        0.7367799878120422,
                        0.4976353049278259
                    ],
                    [
                        -0.17733976244926453,
                        -0.04682884365320206,
                        0.7824676036834717,
                        0.450905442237854
                    ],
                    [
                        -0.13181468844413757,
                        -0.12045373767614365,
                        0.7989530563354492,
                        0.4094274938106537
                    ],
                    [
                        -0.1566721498966217,
                        -0.0767340287566185,
                        0.8932660818099976,
                        0.45863449573516846
                    ],
                    [
                        -0.15827998518943787,
                        -0.1512722373008728,
                        0.6970422267913818,
                        0.4101477265357971
                    ],
                    [
                        -0.1164972186088562,
                        0.00585438497364521,
                        0.6905326843261719,
                        0.37308499217033386
                    ],
                    [
                        -0.20535984635353088,
                        -0.08772831410169601,
                        0.8038621544837952,
                        0.3541976809501648
                    ],
                    [
                        -0.3238879442214966,
                        -0.11262078583240509,
                        0.8807659149169922,
                        0.3759971261024475
                    ]
                ]
            ],
            "actions_pred": [
                [
                    [
                        -0.046045828610658646,
                        0.033766765147447586,
                        -0.014569185674190521,
                        0.06675973534584045,
                        0.04145774245262146,
                        -0.2048214077949524,
                        -0.19820576906204224,
                        -0.011543534696102142,
                        0.009059302508831024,
                        -0.1390293538570404,
                        -0.20062243938446045,
                        -0.2034195363521576,
                        -0.23973348736763,
                        -0.17733976244926453,
                        -0.13181468844413757,
                        -0.1566721498966217,
                        -0.15827998518943787,
                        -0.1164972186088562,
                        -0.20535984635353088,
                        -0.3238879442214966
                    ],
                    [
                        -0.1846962571144104,
                        -0.07621932029724121,
                        -0.025128036737442017,
                        -0.17289015650749207,
                        -0.17992495000362396,
                        -0.09655909985303879,
                        -0.02523941546678543,
                        -0.01590573787689209,
                        0.0003360658884048462,
                        -0.02004106342792511,
                        -0.11070390045642853,
                        -0.12054751068353653,
                        -0.06767495721578598,
                        -0.04682884365320206,
                        -0.12045373767614365,
                        -0.0767340287566185,
                        -0.1512722373008728,
                        0.00585438497364521,
                        -0.08772831410169601,
                        -0.11262078583240509
                    ],
                    [
                        0.547967791557312,
                        0.4298790693283081,
                        0.5933201909065247,
                        0.5891112089157104,
                        0.7005295157432556,
                        0.47371262311935425,
                        0.6108090877532959,
                        0.6063616275787354,
                        0.5236634612083435,
                        0.7197815775871277,
                        0.8324456214904785,
                        0.8118013739585876,
                        0.7367799878120422,
                        0.7824676036834717,
                        0.7989530563354492,
                        0.8932660818099976,
                        0.6970422267913818,
                        0.6905326843261719,
                        0.8038621544837952,
                        0.8807659149169922
                    ],
                    [
                        0.10761533677577972,
                        0.14937740564346313,
                        0.2625117301940918,
                        0.2525191903114319,
                        0.27632468938827515,
                        0.18679872155189514,
                        0.382449746131897,
                        0.44208094477653503,
                        0.3749174177646637,
                        0.42694222927093506,
                        0.427677720785141,
                        0.49167701601982117,
                        0.4976353049278259,
                        0.450905442237854,
                        0.4094274938106537,
                        0.45863449573516846,
                        0.4101477265357971,
                        0.37308499217033386,
                        0.3541976809501648,
                        0.3759971261024475
                    ]
                ]
            ],
            "states": [
                [
                    [
                        10534200.0,
                        2.6509645977057517e-05,
                        0.00013993013999424875,
                        443834.40625
                    ],
                    [
                        10761536.0,
                        2.5514371372992173e-05,
                        0.0001420098269591108,
                        437980.875
                    ],
                    [
                        9713184.0,
                        2.462484007992316e-05,
                        0.00013746164040639997,
                        438923.15625
                    ],
                    [
                        11058376.0,
                        2.37847361859167e-05,
                        0.00013166402641218156,
                        442931.21875
                    ],
                    [
                        10751400.0,
                        2.2961492504691705e-05,
                        0.00014091107004787773,
                        432700.84375
                    ],
                    [
                        10246048.0,
                        2.2220945538720116e-05,
                        0.0001376972795696929,
                        435969.53125
                    ],
                    [
                        9969480.0,
                        2.1551775716943666e-05,
                        0.00013403889897745103,
                        440537.53125
                    ],
                    [
                        10251840.0,
                        2.0921770556014962e-05,
                        0.00014748213288839906,
                        443483.875
                    ],
                    [
                        10121520.0,
                        2.0323142962297425e-05,
                        0.00013067024701740593,
                        443831.96875
                    ],
                    [
                        9543768.0,
                        1.977682586584706e-05,
                        0.00013482528447639197,
                        439055.96875
                    ],
                    [
                        8799496.0,
                        1.9293054720037617e-05,
                        0.00013897643657401204,
                        475444.21875
                    ],
                    [
                        9742144.0,
                        1.8827833628165536e-05,
                        0.00014449551235884428,
                        446623.25
                    ],
                    [
                        9966584.0,
                        1.835721377574373e-05,
                        0.00014116551028564572,
                        435027.78125
                    ],
                    [
                        9815992.0,
                        1.7907843357534148e-05,
                        0.0001414243597537279,
                        434458.03125
                    ],
                    [
                        10637008.0,
                        1.7465919881942682e-05,
                        0.00015197490574792027,
                        447300.9375
                    ],
                    [
                        9175976.0,
                        1.705779868643731e-05,
                        0.00016332330415025353,
                        457786.65625
                    ],
                    [
                        9695808.0,
                        1.6686690287315287e-05,
                        0.00014966299931984395,
                        442052.53125
                    ],
                    [
                        10571848.0,
                        1.6305739336530678e-05,
                        0.0001437981118215248,
                        454590.5
                    ],
                    [
                        9242584.0,
                        1.5949490261846222e-05,
                        0.0001480604405514896,
                        454658.375
                    ],
                    [
                        10438632.0,
                        1.5611025446560234e-05,
                        0.00013623677659779787,
                        451379.625
                    ]
                ]
            ],
            "actions": [
                [
                    [
                        0.25
                    ],
                    [
                        0.25
                    ],
                    [
                        0.25
                    ],
                    [
                        0.25
                    ],
                    [
                        0.25
                    ],
                    [
                        0.25
                    ],
                    [
                        0.25
                    ],
                    [
                        0.25
                    ],
                    [
                        0.25
                    ],
                    [
                        0.25
                    ],
                    [
                        0.25
                    ],
                    [
                        0.25
                    ],
                    [
                        0.25
                    ],
                    [
                        0.25
                    ],
                    [
                        0.25
                    ],
                    [
                        0.25
                    ],
                    [
                        0.25
                    ],
                    [
                        0.25
                    ],
                    [
                        0.25
                    ],
                    [
                        0.25
                    ]
                ]
            ],
            "returns": [
                [
                    [
                        0.2667037844657898
                    ],
                    [
                        0.26571014523506165
                    ],
                    [
                        0.26471462845802307
                    ],
                    [
                        0.26372823119163513
                    ],
                    [
                        0.26273030042648315
                    ],
                    [
                        0.26173487305641174
                    ],
                    [
                        0.2607437074184418
                    ],
                    [
                        0.2597549855709076
                    ],
                    [
                        0.25876376032829285
                    ],
                    [
                        0.2577736973762512
                    ],
                    [
                        0.25678882002830505
                    ],
                    [
                        0.2558111548423767
                    ],
                    [
                        0.2548244595527649
                    ],
                    [
                        0.2538357675075531
                    ],
                    [
                        0.25284841656684875
                    ],
                    [
                        0.25185394287109375
                    ],
                    [
                        0.25087255239486694
                    ],
                    [
                        0.24988628923892975
                    ],
                    [
                        0.24889235198497772
                    ],
                    [
                        0.24791033565998077
                    ]
                ]
            ],
            "timesteps": [
                [
                    340,
                    341,
                    342,
                    343,
                    344,
                    345,
                    346,
                    347,
                    348,
                    349,
                    350,
                    351,
                    352,
                    353,
                    354,
                    355,
                    356,
                    357,
                    358,
                    359
                ]
            ],
            "labels": [
                [
                    0,
                    0,
                    0,
                    0,
                    0,
                    0,
                    0,
                    0,
                    0,
                    0,
                    0,
                    0,
                    0,
                    0,
                    0,
                    0,
                    0,
                    0,
                    0,
                    0
                ]
            ],
            "CPU Usage": 46.7,
            "RAM Usage": 55.6,
            "GPU Usage": 0.0,
            "VRAM Usage": 355.0,
            "Disk Read Speed (MB/s)": 206024.5009765625,
            "Disk Write Speed (MB/s)": 338873.0634765625
        },
        {
            "step": 2,
            "train_loss": 0.03322206065058708,
            "actions_pred1": [
                [
                    [
                        0.13181538879871368,
                        -0.020764164626598358,
                        0.5985807776451111,
                        0.9690970778465271
                    ],
                    [
                        -0.19169925153255463,
                        0.09211678802967072,
                        0.6357986330986023,
                        0.7773236036300659
                    ],
                    [
                        -0.22590912878513336,
                        -0.0403435081243515,
                        0.47216692566871643,
                        0.7281143069267273
                    ],
                    [
                        -0.27597886323928833,
                        -0.011322245001792908,
                        0.5102538466453552,
                        0.6378451585769653
                    ],
                    [
                        -0.3488005995750427,
                        0.04243113845586777,
                        0.5058280229568481,
                        0.6449969410896301
                    ],
                    [
                        -0.1995142549276352,
                        -0.001277133822441101,
                        0.46236932277679443,
                        0.5305027961730957
                    ],
                    [
                        -0.2995762228965759,
                        -0.16343753039836884,
                        0.6350991129875183,
                        0.45253726840019226
                    ],
                    [
                        -0.2865549921989441,
                        -0.07398021221160889,
                        0.6990953087806702,
                        0.44728726148605347
                    ],
                    [
                        -0.3832434415817261,
                        -0.01527441293001175,
                        0.5854853391647339,
                        0.5804684162139893
                    ],
                    [
                        -0.33256345987319946,
                        -0.022853583097457886,
                        0.5822525024414062,
                        0.5281647443771362
                    ],
                    [
                        -0.34938159584999084,
                        0.024920254945755005,
                        0.7208119034767151,
                        0.5822460651397705
                    ],
                    [
                        -0.21271783113479614,
                        -0.1355307549238205,
                        0.6047077178955078,
                        0.7121284008026123
                    ],
                    [
                        -0.2941415309906006,
                        -0.10271050035953522,
                        0.6845853328704834,
                        0.6779813170433044
                    ],
                    [
                        -0.29544275999069214,
                        -0.00031051039695739746,
                        0.6115877628326416,
                        0.5594654083251953
                    ],
                    [
                        -0.2988867163658142,
                        0.06130402907729149,
                        0.7682204842567444,
                        0.5204319953918457
                    ],
                    [
                        -0.17955584824085236,
                        0.039257220923900604,
                        0.7039487957954407,
                        0.4970710575580597
                    ],
                    [
                        -0.212078258395195,
                        0.057686351239681244,
                        0.7928916811943054,
                        0.5865248441696167
                    ],
                    [
                        -0.3524565100669861,
                        0.1388320028781891,
                        0.8009380102157593,
                        0.4087360203266144
                    ],
                    [
                        -0.2872384190559387,
                        0.09557078778743744,
                        0.7635167241096497,
                        0.39041832089424133
                    ],
                    [
                        -0.2247290462255478,
                        0.04911051690578461,
                        0.6989859342575073,
                        0.5429396033287048
                    ]
                ]
            ],
            "actions_pred": [
                [
                    [
                        0.13181538879871368,
                        -0.19169925153255463,
