{
    "steps": [
        {
            "step": 0,
            "train_loss": 0.04817412421107292,
            "actions_pred1": [
                [
                    [
                        0.6693627238273621,
                        -0.04607748985290527,
                        0.4010193943977356,
                        0.011186391115188599
                    ],
                    [
                        0.8334684371948242,
                        -0.17960339784622192,
                        0.45259302854537964,
                        0.023216024041175842
                    ],
                    [
                        0.6024425625801086,
                        0.007231220602989197,
                        0.41331255435943604,
                        -0.06797750294208527
                    ],
                    [
                        0.3936574459075928,
                        0.06093496084213257,
                        0.4552812874317169,
                        -0.127291738986969
                    ],
                    [
                        0.426763117313385,
                        0.08021552860736847,
                        0.48245716094970703,
                        -0.16634544730186462
                    ],
                    [
                        0.3920375108718872,
                        0.05185216665267944,
                        0.5149139165878296,
                        -0.3078019320964813
                    ],
                    [
                        0.39106911420822144,
                        0.09352916479110718,
                        0.5336511731147766,
                        -0.24664628505706787
                    ],
                    [
                        0.32362043857574463,
                        -0.0009788423776626587,
                        0.296320378780365,
                        -0.1800338327884674
                    ],
                    [
                        0.3227086663246155,
                        -0.014590799808502197,
                        0.3093053996562958,
                        -0.17539602518081665
                    ],
                    [
                        0.3655080199241638,
                        0.07022050768136978,
                        0.3580617904663086,
                        -0.11354799568653107
                    ],
                    [
                        0.4412987530231476,
                        0.09799008071422577,
                        0.36690959334373474,
                        -0.04182577133178711
                    ],
                    [
                        0.3964763879776001,
                        0.12483175098896027,
                        0.407387375831604,
                        -0.008319377899169922
                    ],
                    [
                        0.3296937048435211,
                        0.09619389474391937,
                        0.2954448461532593,
                        -0.05132034420967102
                    ],
                    [
                        0.15397411584854126,
                        0.16373100876808167,
                        0.4364206790924072,
                        0.010283976793289185
                    ],
                    [
                        0.18210898339748383,
                        0.040567077696323395,
                        0.4957045614719391,
                        -0.2654132843017578
                    ],
                    [
                        0.14521834254264832,
                        0.05050493776798248,
                        0.5481656193733215,
                        -0.21217875182628632
                    ],
                    [
                        0.17852769792079926,
                        0.1001354232430458,
                        0.6392210721969604,
                        -0.25461485981941223
                    ],
                    [
                        0.26310864090919495,
                        0.15006005764007568,
                        0.672004759311676,
                        -0.192732036113739
                    ],
                    [
                        0.25382131338119507,
                        0.15102319419384003,
                        0.41819000244140625,
                        -0.1273050308227539
                    ],
                    [
                        0.14944881200790405,
                        0.1531599462032318,
                        0.4805740416049957,
                        -0.13683444261550903
                    ]
                ]
            ],
            "actions_pred": [
                [
                    [
                        0.6693627238273621,
                        0.8334684371948242,
                        0.6024425625801086,
                        0.3936574459075928,
                        0.426763117313385,
                        0.3920375108718872,
                        0.39106911420822144,
                        0.32362043857574463,
                        0.3227086663246155,
                        0.3655080199241638,
                        0.4412987530231476,
                        0.3964763879776001,
                        0.3296937048435211,
                        0.15397411584854126,
                        0.18210898339748383,
                        0.14521834254264832,
                        0.17852769792079926,
                        0.26310864090919495,
                        0.25382131338119507,
                        0.14944881200790405
                    ],
                    [
                        -0.04607748985290527,
                        -0.17960339784622192,
                        0.007231220602989197,
                        0.06093496084213257,
                        0.08021552860736847,
                        0.05185216665267944,
                        0.09352916479110718,
                        -0.0009788423776626587,
                        -0.014590799808502197,
                        0.07022050768136978,
                        0.09799008071422577,
                        0.12483175098896027,
                        0.09619389474391937,
                        0.16373100876808167,
                        0.040567077696323395,
                        0.05050493776798248,
                        0.1001354232430458,
                        0.15006005764007568,
                        0.15102319419384003,
                        0.1531599462032318
                    ],
                    [
                        0.4010193943977356,
                        0.45259302854537964,
                        0.41331255435943604,
                        0.4552812874317169,
                        0.48245716094970703,
                        0.5149139165878296,
                        0.5336511731147766,
                        0.296320378780365,
                        0.3093053996562958,
                        0.3580617904663086,
                        0.36690959334373474,
                        0.407387375831604,
                        0.2954448461532593,
                        0.4364206790924072,
                        0.4957045614719391,
                        0.5481656193733215,
                        0.6392210721969604,
                        0.672004759311676,
                        0.41819000244140625,
                        0.4805740416049957
                    ],
                    [
                        0.011186391115188599,
                        0.023216024041175842,
                        -0.06797750294208527,
                        -0.127291738986969,
                        -0.16634544730186462,
                        -0.3078019320964813,
                        -0.24664628505706787,
                        -0.1800338327884674,
                        -0.17539602518081665,
                        -0.11354799568653107,
                        -0.04182577133178711,
                        -0.008319377899169922,
                        -0.05132034420967102,
                        0.010283976793289185,
                        -0.2654132843017578,
                        -0.21217875182628632,
                        -0.25461485981941223,
                        -0.192732036113739,
                        -0.1273050308227539,
                        -0.13683444261550903
                    ]
                ]
            ],
            "states": [
                [
                    [
                        4019648.0,
                        3.81172176275868e-05,
                        0.00027542549651116133,
                        604074.25
                    ],
                    [
                        3591040.0,
                        3.7697544030379504e-05,
                        0.00025879128952510655,
                        645691.25
                    ],
                    [
                        4225264.0,
                        3.727625517058186e-05,
                        0.0002528103068470955,
                        514911.09375
                    ],
                    [
                        4439568.0,
                        3.6820012610405684e-05,
                        0.00020026147831231356,
                        552938.5
                    ],
                    [
                        5228728.0,
                        3.6324065149528906e-05,
                        0.00022364039614330977,
                        577892.375
                    ],
                    [
                        5965760.0,
                        3.5766250221058726e-05,
                        0.0002323320077266544,
                        503764.8125
                    ],
                    [
                        6114904.0,
                        3.518302401062101e-05,
                        0.00023472661268897355,
                        508360.15625
                    ],
                    [
                        5644304.0,
                        3.463315078988671e-05,
                        0.00024062122975010425,
                        571257.3125
                    ],
                    [
                        5870192.0,
                        3.411128273000941e-05,
                        0.0001874879380920902,
                        547187.9375
                    ],
                    [
                        5618240.0,
                        3.360593836987391e-05,
                        0.00025532711879350245,
                        590262.375
                    ],
                    [
                        6352376.0,
                        3.3095278922701254e-05,
                        0.0002452299522701651,
                        574275.5
                    ],
                    [
                        5702224.0,
                        3.259619916207157e-05,
                        0.00023082415282260627,
                        543057.75
                    ],
                    [
                        7646888.0,
                        3.206136170774698e-05,
                        0.00026125748991034925,
                        526472.875
                    ],
                    [
                        5964312.0,
                        3.153302532155067e-05,
                        0.00024003862927202135,
                        536332.125
                    ],
                    [
                        5580592.0,
                        3.109858516836539e-05,
                        0.00019315553072374314,
                        564225.875
                    ],
                    [
                        6007752.0,
                        3.0674520530737936e-05,
                        0.00022412248654291034,
                        547189.8125
                    ],
                    [
                        4469976.0,
                        3.0300650905701332e-05,
                        0.00023788119142409414,
                        655379.0
                    ],
                    [
                        3631584.0,
                        3.0017836252227426e-05,
                        0.0002484873402863741,
                        709152.875
                    ],
                    [
                        3940008.0,
                        2.9758366508758627e-05,
                        0.00025739934062585235,
                        659045.125
                    ],
                    [
                        3424520.0,
                        2.951018359453883e-05,
                        0.00019004895875696093,
                        668658.9375
                    ]
                ]
            ],
            "actions": [
                [
                    [
                        0.5
                    ],
                    [
                        0.5
                    ],
                    [
                        0.5
                    ],
                    [
                        0.5
                    ],
                    [
                        0.5
                    ],
                    [
                        0.5
                    ],
                    [
                        0.5
                    ],
                    [
                        0.5
                    ],
                    [
                        0.5
                    ],
                    [
                        0.5
                    ],
                    [
                        0.5
                    ],
                    [
                        0.5
                    ],
                    [
                        0.5
                    ],
                    [
                        0.5
                    ],
                    [
                        0.5
                    ],
                    [
                        0.5
                    ],
                    [
                        0.5
                    ],
                    [
                        0.5
                    ],
                    [
                        0.5
                    ],
                    [
                        0.5
                    ]
                ]
            ],
            "returns": [
                [
                    [
                        0.13405705988407135
                    ],
                    [
                        0.13314884901046753
                    ],
                    [
                        0.13225065171718597
                    ],
                    [
                        0.13133801519870758
                    ],
                    [
                        0.1304210126399994
                    ],
                    [
                        0.1294894963502884
                    ],
                    [
                        0.12854628264904022
                    ],
                    [
                        0.12760089337825775
                    ],
                    [
                        0.12666259706020355
                    ],
                    [
                        0.12572081387043
                    ],
                    [
                        0.12478292733430862
                    ],
                    [
                        0.12383415549993515
                    ],
                    [
                        0.12289495021104813
                    ],
                    [
                        0.12192973494529724
                    ],
                    [
                        0.12098655104637146
                    ],
                    [
                        0.12004926055669785
                    ],
                    [
                        0.11910542845726013
                    ],
                    [
                        0.118187814950943
                    ],
                    [
                        0.11728861182928085
                    ],
                    [
                        0.1163821816444397
                    ]
                ]
            ],
            "timesteps": [
                [
                    480,
                    481,
                    482,
                    483,
                    484,
                    485,
                    486,
                    487,
                    488,
                    489,
                    490,
                    491,
                    492,
                    493,
                    494,
                    495,
                    496,
                    497,
                    498,
                    499
                ]
            ],
            "labels": [
                [
                    1,
                    1,
                    1,
                    1,
                    1,
                    1,
                    1,
                    1,
                    1,
                    1,
                    1,
                    1,
                    1,
                    1,
                    1,
                    1,
                    1,
                    1,
                    1,
                    1
                ]
            ],
            "CPU Usage": 45.6,
            "RAM Usage": 55.2,
            "GPU Usage": 0.0,
            "VRAM Usage": 356.0,
            "Disk Read Speed (MB/s)": 206026.2509765625,
            "Disk Write Speed (MB/s)": 353491.1416015625
        },
        {
            "step": 1,
            "train_loss": 0.05068553611636162,
            "actions_pred1": [
                [
                    [
                        0.22034218907356262,
                        -0.035784438252449036,
                        0.6637366414070129,
                        0.10791625082492828
                    ],
                    [
                        0.18813589215278625,
                        0.09177836775779724,
                        0.72281414270401,
                        0.25303512811660767
                    ],
                    [
                        0.26044321060180664,
                        0.07528311014175415,
                        0.799763023853302,
                        0.1143384575843811
                    ],
                    [
                        0.2530163526535034,
                        0.006444886326789856,
                        0.8415393829345703,
                        0.03945428133010864
                    ],
                    [
                        0.21827957034111023,
                        0.05966898798942566,
                        0.9257138967514038,
                        0.021988898515701294
                    ],
                    [
                        0.07816412299871445,
                        0.0520884171128273,
                        0.7168935537338257,
                        -0.14158208668231964
                    ],
                    [
                        0.19413486123085022,
                        0.011767208576202393,
                        0.7498688101768494,
                        -0.11572831869125366
                    ],
                    [
                        0.18367865681648254,
                        -0.008241236209869385,
                        0.7178211212158203,
                        -0.05491413176059723
                    ],
                    [
                        0.2378961443901062,
                        0.01359325647354126,
                        0.6065986156463623,
                        -0.08817167580127716
                    ],
                    [
                        0.1514337658882141,
                        -0.02982991933822632,
                        0.6741847991943359,
                        -0.06614047288894653
                    ],
                    [
                        0.22109442949295044,
                        0.07217610627412796,
                        0.683526873588562,
                        -0.09737029671669006
                    ],
                    [
                        0.24429476261138916,
                        0.07055702060461044,
                        0.6667160987854004,
                        -0.13657312095165253
                    ],
                    [
                        0.19030477106571198,
                        0.047295451164245605,
                        0.6365970969200134,
                        -0.1226050853729248
                    ],
                    [
                        0.17572152614593506,
                        0.10089931637048721,
                        0.6968495845794678,
                        -0.1249864399433136
                    ],
                    [
                        0.2821579575538635,
                        0.015929050743579865,
                        0.8121641278266907,
                        -0.06156414747238159
                    ],
                    [
                        0.19418618083000183,
                        0.0749456062912941,
                        0.7412587404251099,
                        -0.08279642462730408
                    ],
                    [
                        0.09916254878044128,
                        0.13845597207546234,
                        0.7667986154556274,
                        -0.10773885250091553
                    ],
                    [
                        0.17669856548309326,
                        0.09561939537525177,
                        0.858811616897583,
                        -0.055844664573669434
                    ],
                    [
                        0.22668318450450897,
                        0.10149726271629333,
                        0.8366812467575073,
                        -0.09883326292037964
                    ],
                    [
                        0.10749606043100357,
                        0.11628500372171402,
                        0.8240054845809937,
                        -0.20912766456604004
                    ]
                ]
            ],
            "actions_pred": [
                [
                    [
                        0.22034218907356262,
                        0.18813589215278625,
                        0.26044321060180664,
                        0.2530163526535034,
                        0.21827957034111023,
                        0.07816412299871445,
                        0.19413486123085022,
                        0.18367865681648254,
                        0.2378961443901062,
                        0.1514337658882141,
                        0.22109442949295044,
                        0.24429476261138916,
                        0.19030477106571198,
                        0.17572152614593506,
                        0.2821579575538635,
                        0.19418618083000183,
                        0.09916254878044128,
                        0.17669856548309326,
                        0.22668318450450897,
                        0.10749606043100357
                    ],
                    [
                        -0.035784438252449036,
                        0.09177836775779724,
                        0.07528311014175415,
                        0.006444886326789856,
                        0.05966898798942566,
                        0.0520884171128273,
                        0.011767208576202393,
                        -0.008241236209869385,
                        0.01359325647354126,
                        -0.02982991933822632,
                        0.07217610627412796,
                        0.07055702060461044,
                        0.047295451164245605,
                        0.10089931637048721,
                        0.015929050743579865,
                        0.0749456062912941,
                        0.13845597207546234,
                        0.09561939537525177,
                        0.10149726271629333,
                        0.11628500372171402
                    ],
                    [
                        0.6637366414070129,
                        0.72281414270401,
                        0.799763023853302,
                        0.8415393829345703,
                        0.9257138967514038,
                        0.7168935537338257,
                        0.7498688101768494,
                        0.7178211212158203,
                        0.6065986156463623,
                        0.6741847991943359,
                        0.683526873588562,
                        0.6667160987854004,
                        0.6365970969200134,
                        0.6968495845794678,
                        0.8121641278266907,
                        0.7412587404251099,
                        0.7667986154556274,
                        0.858811616897583,
                        0.8366812467575073,
                        0.8240054845809937
                    ],
                    [
                        0.10791625082492828,
                        0.25303512811660767,
                        0.1143384575843811,
                        0.03945428133010864,
                        0.021988898515701294,
                        -0.14158208668231964,
                        -0.11572831869125366,
                        -0.05491413176059723,
                        -0.08817167580127716,
                        -0.06614047288894653,
                        -0.09737029671669006,
                        -0.13657312095165253,
                        -0.1226050853729248,
                        -0.1249864399433136,
                        -0.06156414747238159,
                        -0.08279642462730408,
                        -0.10773885250091553,
                        -0.055844664573669434,
                        -0.09883326292037964,
                        -0.20912766456604004
                    ]
                ]
            ],
            "states": [
                [
                    [
                        3453480.0,
                        1.1675143468892202e-05,
                        0.00029440681100822985,
                        672821.0625
                    ],
                    [
                        4107976.0,
                        1.1557735888345633e-05,
                        0.00028164629475213587,
                        683579.125
                    ],
                    [
                        4089152.0,
                        1.1433058716647793e-05,
                        0.00027785348356701434,
                        696568.625
                    ],
                    [
                        3556288.0,
                        1.131914814322954e-05,
                        0.00038381022750400007,
                        634586.1875
                    ],
                    [
                        2583232.0,
                        1.1229288247704972e-05,
                        0.0002961547579616308,
                        661987.4375
                    ],
                    [
                        1912808.0,
                        1.1164392162754666e-05,
                        0.00029962105327285826,
                        693806.25
                    ],
                    [
                        2088016.0,
                        1.1107291356893256e-05,
                        0.00029777659801766276,
                        580816.75
                    ],
                    [
                        2896000.0,
                        1.103698832594091e-05,
                        0.0002728095860220492,
                        525629.9375
                    ],
                    [
                        2564408.0,
                        1.0960944564430974e-05,
                        0.0002930021146312356,
                        619511.5625
                    ],
                    [
                        3921184.0,
                        1.087203600036446e-05,
                        0.0005929499748162925,
                        538834.625
                    ],
                    [
                        2794640.0,
                        1.0781384844449349e-05,
                        0.00017766767996363342,
                        677916.4375
                    ],
                    [
                        4726272.0,
                        1.0681769708753563e-05,
                        0.00018339134112466127,
                        599563.375
                    ],
                    [
                        4927544.0,
                        1.0556481356616132e-05,
                        0.00019205290300305933,
                        583179.3125
                    ],
                    [
                        5944040.0,
                        1.0418904821563046e-05,
                        0.0002024973655352369,
                        603427.0
                    ],
                    [
                        5063656.0,
                        1.0283110896125436e-05,
                        0.0002613598189782351,
                        607061.125
                    ],
                    [
                        5221488.0,
                        1.015944144455716e-05,
                        0.00023075626813806593,
                        620602.0625
                    ],
                    [
                        3421624.0,
                        1.0057716281153262e-05,
                        0.00032322804327122867,
                        608652.25
                    ],
                    [
                        3476648.0,
                        9.978034540836234e-06,
                        0.0002578554267529398,
                        617310.8125
                    ],
                    [
                        3407144.0,
                        9.899765245791059e-06,
                        0.00022438736050389707,
                        706043.875
                    ],
                    [
                        3938560.0,
                        9.817606041906402e-06,
                        0.00038321700412780046,
                        631372.625
                    ]
                ]
            ],
            "actions": [
                [
                    [
                        0.5
                    ],
                    [
                        0.5
                    ],
                    [
                        0.5
                    ],
                    [
                        0.5
                    ],
                    [
                        0.5
                    ],
                    [
                        0.5
                    ],
                    [
                        0.5
                    ],
                    [
                        0.5
                    ],
                    [
                        0.5
                    ],
                    [
                        0.5
                    ],
                    [
                        0.5
                    ],
                    [
                        0.5
                    ],
                    [
                        0.5
                    ],
                    [
                        0.5
                    ],
                    [
                        0.5
                    ],
                    [
                        0.5
                    ],
                    [
                        0.5
                    ],
                    [
                        0.5
                    ],
                    [
                        0.5
                    ],
                    [
                        0.5
                    ]
                ]
            ],
            "returns": [
                [
                    [
                        0.41369158029556274
                    ],
                    [
                        0.41279682517051697
                    ],
                    [
                        0.41188669204711914
                    ],
                    [
                        0.41097697615623474
                    ],
                    [
                        0.41007962822914124
                    ],
                    [
                        0.4092106521129608
                    ],
                    [
                        0.4083682894706726
                    ],
                    [
                        0.4075181484222412
                    ],
                    [
                        0.4066390097141266
                    ],
                    [
                        0.4057706594467163
                    ],
                    [
                        0.40486466884613037
                    ],
                    [
                        0.40398868918418884
                    ],
                    [
                        0.40306612849235535
                    ],
                    [
                        0.4021398723125458
                    ],
                    [
                        0.40119698643684387
                    ],
                    [
                        0.4002683162689209
                    ],
                    [
                        0.39933690428733826
                    ],
                    [
                        0.39844298362731934
                    ],
                    [
                        0.3975476622581482
                    ],
                    [
                        0.3966540992259979
                    ]
                ]
            ],
            "timesteps": [
                [
                    180,
                    181,
                    182,
                    183,
                    184,
                    185,
                    186,
                    187,
                    188,
                    189,
                    190,
                    191,
                    192,
                    193,
                    194,
                    195,
                    196,
                    197,
                    198,
                    199
                ]
            ],
            "labels": [
                [
                    1,
                    1,
                    1,
                    1,
                    1,
                    1,
                    1,
                    1,
                    1,
                    1,
                    1,
                    1,
                    1,
                    1,
                    1,
                    1,
                    1,
                    1,
                    1,
                    1
                ]
            ],
            "CPU Usage": 46.6,
            "RAM Usage": 55.4,
            "GPU Usage": 0.0,
            "VRAM Usage": 356.0,
            "Disk Read Speed (MB/s)": 206026.2509765625,
            "Disk Write Speed (MB/s)": 353491.2041015625
        },
        {
            "step": 2,
            "train_loss": 0.04868439584970474,
            "actions_pred1": [
                [
                    [
                        0.31436532735824585,
                        -0.016175977885723114,
                        0.5759851932525635,
                        0.05355934798717499
                    ],
                    [
                        0.20800116658210754,
                        -0.18241965770721436,
                        0.39575210213661194,
                        0.0645935982465744
                    ],
                    [
                        0.1311715543270111,
                        -0.13649672269821167,
                        0.5060945749282837,
                        -0.0033157765865325928
                    ],
                    [
                        -0.07606810331344604,
                        -0.07348791509866714,
                        0.45787739753723145,
                        -0.023804068565368652
                    ],
                    [
                        -0.11381357908248901,
                        -0.00556742399930954,
                        0.5009297728538513,
                        -0.08875209093093872
                    ],
                    [
                        -0.08434128761291504,
                        0.03569144755601883,
                        0.5467470288276672,
                        -0.0038638412952423096
                    ],
                    [
                        -0.12053204327821732,
                        0.07529342174530029,
                        0.4524165391921997,
                        0.022634387016296387
                    ],
                    [
                        -0.12662220001220703,
                        -0.01041816920042038,
                        0.5094258785247803,
                        -0.04222482442855835
                    ],
                    [
                        -0.14582625031471252,
                        -0.023899324238300323,
                        0.5347520709037781,
                        -0.07888397574424744
                    ],
                    [
                        -0.12761610746383667,
                        -0.006711557507514954,
                        0.676490068435669,
                        -0.004072904586791992
                    ],
                    [
                        0.047421909868717194,
                        -0.005716495215892792,
                        0.6102596521377563,
                        -0.1189517080783844
                    ],
                    [
                        0.15925072133541107,
                        -0.05955411493778229,
                        0.6029104590415955,
                        -0.179216206073761
                    ],
                    [
                        0.02684643119573593,
                        0.037021979689598083,
                        0.7175264358520508,
                        -0.18774783611297607
                    ],
                    [
                        -0.01269581913948059,
                        0.021869271993637085,
                        0.7268357276916504,
                        -0.0597805380821228
                    ],
                    [
                        -0.08776841312646866,
                        0.08581122756004333,
                        0.6935200095176697,
                        -0.030411094427108765
                    ],
                    [
                        -0.04577169567346573,
                        0.1496066153049469,
                        0.7164119482040405,
                        -0.010328888893127441
                    ],
                    [
                        -0.051541879773139954,
                        0.054896727204322815,
                        0.7499242424964905,
                        -0.06221282482147217
                    ],
                    [
                        -0.06805805116891861,
                        0.03188727796077728,
                        0.6847842931747437,
                        -0.016949951648712158
                    ],
                    [
                        0.03259788453578949,
                        0.07122474908828735,
                        0.6008946895599365,
                        0.06531524658203125
                    ],
                    [
                        0.08467112481594086,
                        0.12888315320014954,
                        0.5225721001625061,
                        -0.015326887369155884
                    ]
                ]
            ],
            "actions_pred": [
                [
                    [
                        0.31436532735824585,
                        0.20800116658210754,
                        0.1311715543270111,
                        -0.07606810331344604,
                        -0.11381357908248901,
