{
    "steps": [
        {
            "step": 0,
            "train_loss": 0.03177715465426445,
            "actions_pred1": [
                [
                    [
                        0.12541702389717102,
                        -0.0645609200000763,
                        0.5085394382476807,
                        0.2731395661830902
                    ],
                    [
                        -0.1534298062324524,
                        0.2464018166065216,
                        0.6809044480323792,
                        0.1448287069797516
                    ],
                    [
                        -0.09011140465736389,
                        0.11220590770244598,
                        0.7080182433128357,
                        0.4111332297325134
                    ],
                    [
                        -0.001695200800895691,
                        -0.21137773990631104,
                        0.443179726600647,
                        0.22696919739246368
                    ],
                    [
                        -0.1310516744852066,
                        -0.021237552165985107,
                        0.4010102152824402,
                        0.3934347629547119
                    ],
                    [
                        -0.17566797137260437,
                        0.1340848207473755,
                        0.5827209949493408,
                        0.3179950416088104
                    ],
                    [
                        -0.15271148085594177,
                        0.11602050065994263,
                        0.5780133605003357,
                        0.32736456394195557
                    ],
                    [
                        -0.3331814408302307,
                        0.11941330134868622,
                        0.5001136660575867,
                        0.4834703505039215
                    ],
                    [
                        -0.48743996024131775,
                        0.08544804155826569,
                        0.5948007702827454,
                        0.44624850153923035
                    ],
                    [
                        -0.5101543664932251,
                        0.016825392842292786,
                        0.6222823262214661,
                        0.40796375274658203
                    ],
                    [
                        -0.443124383687973,
                        0.10226757824420929,
                        0.5222719311714172,
                        0.4074815511703491
                    ],
                    [
                        -0.5292651057243347,
                        0.0871438980102539,
                        0.5370538234710693,
                        0.34089499711990356
                    ],
                    [
                        -0.6930174827575684,
                        -0.014921694993972778,
                        0.7394291162490845,
                        0.22301575541496277
                    ],
                    [
                        -0.4309983253479004,
                        -0.007095158100128174,
                        0.7753923535346985,
                        0.33702635765075684
                    ],
                    [
                        -0.3947071135044098,
                        -0.04711880534887314,
                        0.6319625973701477,
                        0.3003849387168884
                    ],
                    [
                        -0.5441425442695618,
                        -0.04123193025588989,
                        0.6157296299934387,
                        0.28295591473579407
                    ],
                    [
                        -0.4477050006389618,
                        0.11749720573425293,
                        0.6944082379341125,
                        0.39281874895095825
                    ],
                    [
                        -0.4418851137161255,
                        0.11619235575199127,
                        0.7093178629875183,
                        0.3728175163269043
                    ],
                    [
                        -0.4446881413459778,
                        0.1342298686504364,
                        0.590529203414917,
                        0.44954824447631836
                    ],
                    [
                        -0.3559516966342926,
                        0.16688105463981628,
                        0.6278762817382812,
                        0.461434006690979
                    ]
                ]
            ],
            "actions_pred": [
                [
                    [
                        0.12541702389717102,
                        -0.1534298062324524,
                        -0.09011140465736389,
                        -0.001695200800895691,
                        -0.1310516744852066,
                        -0.17566797137260437,
                        -0.15271148085594177,
                        -0.3331814408302307,
                        -0.48743996024131775,
                        -0.5101543664932251,
                        -0.443124383687973,
                        -0.5292651057243347,
                        -0.6930174827575684,
                        -0.4309983253479004,
                        -0.3947071135044098,
                        -0.5441425442695618,
                        -0.4477050006389618,
                        -0.4418851137161255,
                        -0.4446881413459778,
                        -0.3559516966342926
                    ],
                    [
                        -0.0645609200000763,
                        0.2464018166065216,
                        0.11220590770244598,
                        -0.21137773990631104,
                        -0.021237552165985107,
                        0.1340848207473755,
                        0.11602050065994263,
                        0.11941330134868622,
                        0.08544804155826569,
                        0.016825392842292786,
                        0.10226757824420929,
                        0.0871438980102539,
                        -0.014921694993972778,
                        -0.007095158100128174,
                        -0.04711880534887314,
                        -0.04123193025588989,
                        0.11749720573425293,
                        0.11619235575199127,
                        0.1342298686504364,
                        0.16688105463981628
                    ],
                    [
                        0.5085394382476807,
                        0.6809044480323792,
                        0.7080182433128357,
                        0.443179726600647,
                        0.4010102152824402,
                        0.5827209949493408,
                        0.5780133605003357,
                        0.5001136660575867,
                        0.5948007702827454,
                        0.6222823262214661,
                        0.5222719311714172,
                        0.5370538234710693,
                        0.7394291162490845,
                        0.7753923535346985,
                        0.6319625973701477,
                        0.6157296299934387,
                        0.6944082379341125,
                        0.7093178629875183,
                        0.590529203414917,
                        0.6278762817382812
                    ],
                    [
                        0.2731395661830902,
                        0.1448287069797516,
                        0.4111332297325134,
                        0.22696919739246368,
                        0.3934347629547119,
                        0.3179950416088104,
                        0.32736456394195557,
                        0.4834703505039215,
                        0.44624850153923035,
                        0.40796375274658203,
                        0.4074815511703491,
                        0.34089499711990356,
                        0.22301575541496277,
                        0.33702635765075684,
                        0.3003849387168884,
                        0.28295591473579407,
                        0.39281874895095825,
                        0.3728175163269043,
                        0.44954824447631836,
                        0.461434006690979
                    ]
                ]
            ],
            "states": [
                [
                    [
                        5057864.0,
                        2.556295476097148e-05,
                        0.00012937834253534675,
                        777561.25
                    ],
                    [
                        5348912.0,
                        2.480310831742827e-05,
                        0.00013201982073951513,
                        791966.9375
                    ],
                    [
                        5101304.0,
                        2.4083872631308623e-05,
                        0.00013791865785606205,
                        790369.0625
                    ],
                    [
                        5538600.0,
                        2.3393640731228516e-05,
                        0.00014453318726737052,
                        780343.4375
                    ],
                    [
                        5412624.0,
                        2.272302663186565e-05,
                        0.00014699026360176504,
                        758450.9375
                    ],
                    [
                        5321400.0,
                        2.2102101866039447e-05,
                        0.00016071676509454846,
                        845866.875
                    ],
                    [
                        5683400.0,
                        2.1499938156921417e-05,
                        0.00016249381587840617,
                        821531.0
                    ],
                    [
                        5282304.0,
                        2.0931340259267017e-05,
                        0.0001488575799157843,
                        840709.875
                    ],
                    [
                        5545840.0,
                        2.0398911146912724e-05,
                        0.00016087492986116558,
                        823198.9375
                    ],
                    [
                        5474888.0,
                        1.9883997083525173e-05,
                        0.00016716374375391752,
                        838579.125
                    ],
                    [
                        5364840.0,
                        1.9402330508455634e-05,
                        0.00019032474665436894,
                        800380.6875
                    ],
                    [
                        5569008.0,
                        1.8939608708024025e-05,
                        0.00018542619363870472,
                        823891.875
                    ],
                    [
                        5332984.0,
                        1.849955879151821e-05,
                        0.000198170033399947,
                        846311.4375
                    ],
                    [
                        5224384.0,
                        1.8092512618750334e-05,
                        0.0001916241308208555,
                        900435.5625
                    ],
                    [
                        5133160.0,
                        1.771021015883889e-05,
                        0.0002063407882815227,
                        866428.5625
                    ],
                    [
                        5361944.0,
                        1.733909812173806e-05,
                        0.00023895764024928212,
                        862112.4375
                    ],
                    [
                        5535704.0,
                        1.6969803255051374e-05,
                        0.00025051896227523685,
                        868913.125
                    ],
                    [
                        5189632.0,
                        1.662127579038497e-05,
                        0.0002676467993296683,
                        810234.1875
                    ],
                    [
                        5453168.0,
                        1.6289424820570275e-05,
                        0.0002700872428249568,
                        842694.5
                    ],
                    [
                        5334432.0,
                        1.5966239516274072e-05,
                        0.0002660537720657885,
                        825795.9375
                    ]
                ]
            ],
            "actions": [
                [
                    [
                        0.75
                    ],
                    [
                        0.75
                    ],
                    [
                        0.75
                    ],
                    [
                        0.75
                    ],
                    [
                        0.75
                    ],
                    [
                        0.75
                    ],
                    [
                        0.75
                    ],
                    [
                        0.75
                    ],
                    [
                        0.75
                    ],
                    [
                        0.75
                    ],
                    [
                        0.75
                    ],
                    [
                        0.75
                    ],
                    [
                        0.75
                    ],
                    [
                        0.75
                    ],
                    [
                        0.75
                    ],
                    [
                        0.75
                    ],
                    [
                        0.75
                    ],
                    [
                        0.75
                    ],
                    [
                        0.75
                    ],
                    [
                        0.75
                    ]
                ]
            ],
            "returns": [
                [
                    [
                        0.5615583062171936
                    ],
                    [
                        0.5606297850608826
                    ],
                    [
                        0.5596962571144104
                    ],
                    [
                        0.5587669014930725
                    ],
                    [
                        0.557830274105072
                    ],
                    [
                        0.5568956732749939
                    ],
                    [
                        0.5559626221656799
                    ],
                    [
                        0.555023729801178
                    ],
                    [
                        0.5540912747383118
                    ],
                    [
                        0.5531545877456665
                    ],
                    [
                        0.5522189736366272
                    ],
                    [
                        0.5512851476669312
                    ],
                    [
                        0.5503480434417725
                    ],
                    [
                        0.5494148135185242
                    ],
                    [
                        0.5484833717346191
                    ],
                    [
                        0.5475534796714783
                    ],
                    [
                        0.546619713306427
                    ],
                    [
                        0.5456831455230713
                    ],
                    [
                        0.544752299785614
                    ],
                    [
                        0.5438170433044434
                    ]
                ]
            ],
            "timesteps": [
                [
                    20,
                    21,
                    22,
                    23,
                    24,
                    25,
                    26,
                    27,
                    28,
                    29,
                    30,
                    31,
                    32,
                    33,
                    34,
                    35,
                    36,
                    37,
                    38,
                    39
                ]
            ],
            "labels": [
                [
                    2,
                    2,
                    2,
                    2,
                    2,
                    2,
                    2,
                    2,
                    2,
                    2,
                    2,
                    2,
                    2,
                    2,
                    2,
                    2,
                    2,
                    2,
                    2,
                    2
                ]
            ],
            "CPU Usage": 44.9,
            "RAM Usage": 55.4,
            "GPU Usage": 0.0,
            "VRAM Usage": 355.0,
            "Disk Read Speed (MB/s)": 206024.5244140625,
            "Disk Write Speed (MB/s)": 339730.6103515625
        },
        {
            "step": 1,
            "train_loss": 0.060120802372694016,
            "actions_pred1": [
                [
                    [
                        0.2926757335662842,
                        -0.4418700337409973,
                        0.854212760925293,
                        0.748866856098175
                    ],
                    [
                        0.2016782909631729,
                        -0.30676355957984924,
                        0.8846864104270935,
                        0.6122004389762878
                    ],
                    [
                        -0.1151801124215126,
                        -0.2138206660747528,
                        0.7849810719490051,
                        0.42113810777664185
                    ],
                    [
                        -0.2946164011955261,
                        -0.21817085146903992,
                        0.7709218859672546,
                        0.40088266134262085
                    ],
                    [
                        -0.3485475480556488,
                        -0.18396174907684326,
                        0.74836266040802,
                        0.3858414888381958
                    ],
                    [
                        -0.40398964285850525,
                        -0.2467576116323471,
                        0.7855181097984314,
                        0.36573487520217896
                    ],
                    [
                        -0.4518563449382782,
                        -0.2800157070159912,
                        0.8213768005371094,
                        0.3460066318511963
                    ],
                    [
                        -0.5358505845069885,
                        -0.18685908615589142,
                        0.8781147599220276,
                        0.32875704765319824
                    ],
                    [
                        -0.30878400802612305,
                        -0.17322534322738647,
                        0.866775631904602,
                        0.33157432079315186
                    ],
                    [
                        -0.22620967030525208,
                        -0.24473883211612701,
                        0.9108086824417114,
                        0.23105430603027344
                    ],
                    [
                        -0.2037431001663208,
                        -0.22978495061397552,
                        0.6523379683494568,
                        0.3775959610939026
                    ],
                    [
                        -0.18069085478782654,
                        -0.21008330583572388,
                        0.7381101846694946,
                        0.3598814308643341
                    ],
                    [
                        -0.20399963855743408,
                        -0.1622067391872406,
                        0.687463104724884,
                        0.45196789503097534
                    ],
                    [
                        -0.2801057696342468,
                        -0.09071437269449234,
                        0.8258460164070129,
                        0.41393303871154785
                    ],
                    [
                        -0.2918529510498047,
                        -0.06046004593372345,
                        0.910778820514679,
                        0.30335885286331177
                    ],
                    [
                        -0.31566160917282104,
                        -0.08777891844511032,
                        0.9097597002983093,
                        0.30809321999549866
                    ],
                    [
                        -0.31323808431625366,
                        -0.17819800972938538,
                        0.7939009666442871,
                        0.34242329001426697
                    ],
                    [
                        -0.3596070408821106,
                        -0.12479527294635773,
                        0.8341516256332397,
                        0.30560165643692017
                    ],
                    [
                        -0.308619886636734,
                        0.004609167575836182,
                        0.8442929983139038,
                        0.29199856519699097
                    ],
                    [
                        -0.21786664426326752,
                        0.022034902125597,
                        0.7622981667518616,
                        0.372284471988678
                    ]
                ]
            ],
            "actions_pred": [
                [
                    [
                        0.2926757335662842,
                        0.2016782909631729,
                        -0.1151801124215126,
                        -0.2946164011955261,
                        -0.3485475480556488,
                        -0.40398964285850525,
                        -0.4518563449382782,
                        -0.5358505845069885,
                        -0.30878400802612305,
                        -0.22620967030525208,
                        -0.2037431001663208,
                        -0.18069085478782654,
                        -0.20399963855743408,
                        -0.2801057696342468,
                        -0.2918529510498047,
                        -0.31566160917282104,
                        -0.31323808431625366,
                        -0.3596070408821106,
                        -0.308619886636734,
                        -0.21786664426326752
                    ],
                    [
                        -0.4418700337409973,
                        -0.30676355957984924,
                        -0.2138206660747528,
                        -0.21817085146903992,
                        -0.18396174907684326,
                        -0.2467576116323471,
                        -0.2800157070159912,
                        -0.18685908615589142,
                        -0.17322534322738647,
                        -0.24473883211612701,
                        -0.22978495061397552,
                        -0.21008330583572388,
                        -0.1622067391872406,
                        -0.09071437269449234,
                        -0.06046004593372345,
                        -0.08777891844511032,
                        -0.17819800972938538,
                        -0.12479527294635773,
                        0.004609167575836182,
                        0.022034902125597
                    ],
                    [
                        0.854212760925293,
                        0.8846864104270935,
                        0.7849810719490051,
                        0.7709218859672546,
                        0.74836266040802,
                        0.7855181097984314,
                        0.8213768005371094,
                        0.8781147599220276,
                        0.866775631904602,
                        0.9108086824417114,
                        0.6523379683494568,
                        0.7381101846694946,
                        0.687463104724884,
                        0.8258460164070129,
                        0.910778820514679,
                        0.9097597002983093,
                        0.7939009666442871,
                        0.8341516256332397,
                        0.8442929983139038,
                        0.7622981667518616
                    ],
                    [
                        0.748866856098175,
                        0.6122004389762878,
                        0.42113810777664185,
                        0.40088266134262085,
                        0.3858414888381958,
                        0.36573487520217896,
                        0.3460066318511963,
                        0.32875704765319824,
                        0.33157432079315186,
                        0.23105430603027344,
                        0.3775959610939026,
                        0.3598814308643341,
                        0.45196789503097534,
                        0.41393303871154785,
                        0.30335885286331177,
                        0.30809321999549866,
                        0.34242329001426697,
                        0.30560165643692017,
                        0.29199856519699097,
                        0.372284471988678
                    ]
                ]
            ],
            "states": [
                [
                    [
                        10490760.0,
                        0.00010820227180374786,
                        0.00015429843915626407,
                        444121.375
                    ],
                    [
                        10112832.0,
                        9.372556087328121e-05,
                        0.00014512072084471583,
                        443784.5
                    ],
                    [
                        10076632.0,
                        8.28753545647487e-05,
                        0.00015239186177495867,
                        427008.3125
                    ],
                    [
                        10218536.0,
                        7.424143404932693e-05,
                        0.00013630501052830368,
                        433225.1875
                    ],
                    [
                        10903440.0,
                        6.698495417367667e-05,
                        0.0001300903531955555,
                        434838.78125
                    ],
                    [
                        10177992.0,
                        6.102009865571745e-05,
                        0.0001368058001389727,
                        431759.375
                    ],
                    [
                        10500896.0,
                        5.612600944004953e-05,
                        0.00014432381431106478,
                        435333.53125
                    ],
                    [
                        10752848.0,
                        5.185119152883999e-05,
                        0.00014270890096668154,
                        438961.46875
                    ],
                    [
                        10833936.0,
                        4.812757106265053e-05,
                        0.00014136718527879566,
                        432069.78125
                    ],
                    [
                        10654384.0,
                        4.491618892643601e-05,
                        0.00013239651161711663,
                        433675.4375
                    ],
                    [
                        10524064.0,
                        4.214471118757501e-05,
                        0.00014063461276236922,
                        436827.0
                    ],
                    [
                        8511344.0,
                        3.9926697354530916e-05,
                        0.00013637621304951608,
                        473364.125
                    ],
                    [
                        10828144.0,
                        3.790804112213664e-05,
                        0.00013436605513561517,
                        430273.59375
                    ],
                    [
                        10288040.0,
                        3.5919863876188174e-05,
                        0.00013586058048531413,
                        455927.09375
                    ],
                    [
                        9009456.0,
                        3.427618867135607e-05,
                        0.00013340605073608458,
                        453153.21875
                    ],
                    [
                        10348856.0,
                        3.2774834835436195e-05,
                        0.0001376099098706618,
                        434225.03125
                    ],
                    [
                        10166408.0,
                        3.131924677290954e-05,
                        0.00017068465240299702,
                        438236.6875
                    ],
                    [
                        10539992.0,
                        2.9976108635310084e-05,
                        0.0001329061051364988,
                        436937.3125
                    ],
                    [
                        10836832.0,
                        2.8705166187137365e-05,
                        0.00013878877507522702,
                        435041.5
                    ],
                    [
                        10188128.0,
                        2.755545938271098e-05,
                        0.00015914233517833054,
                        427912.71875
                    ]
                ]
            ],
            "actions": [
                [
                    [
                        0.25
                    ],
                    [
                        0.25
                    ],
                    [
                        0.25
                    ],
                    [
                        0.25
                    ],
                    [
                        0.25
                    ],
                    [
                        0.25
                    ],
                    [
                        0.25
                    ],
                    [
                        0.25
                    ],
                    [
                        0.25
                    ],
                    [
                        0.25
                    ],
                    [
                        0.25
                    ],
                    [
                        0.25
                    ],
                    [
                        0.25
                    ],
                    [
                        0.25
                    ],
                    [
                        0.25
                    ],
                    [
                        0.25
                    ],
                    [
                        0.25
                    ],
                    [
                        0.25
                    ],
                    [
                        0.25
                    ],
                    [
                        0.25
                    ]
                ]
            ],
            "returns": [
                [
                    [
                        0.2865329086780548
                    ],
                    [
                        0.2855396568775177
                    ],
                    [
                        0.28454965353012085
                    ],
                    [
                        0.28355997800827026
                    ],
                    [
                        0.2825690507888794
                    ],
                    [
                        0.2815724015235901
                    ],
                    [
                        0.28058183193206787
                    ],
                    [
                        0.2795884907245636
                    ],
                    [
                        0.2785930335521698
                    ],
                    [
                        0.27759695053100586
                    ],
                    [
                        0.2766023278236389
                    ],
                    [
                        0.27560877799987793
                    ],
                    [
                        0.27463406324386597
                    ],
                    [
                        0.2736380100250244
                    ],
                    [
                        0.2726464867591858
                    ],
                    [
                        0.2716667354106903
                    ],
                    [
                        0.2706746757030487
                    ],
                    [
                        0.26968422532081604
                    ],
                    [
                        0.2686905562877655
                    ],
                    [
                        0.2676944136619568
                    ]
                ]
            ],
            "timesteps": [
                [
                    320,
                    321,
                    322,
                    323,
                    324,
                    325,
                    326,
                    327,
                    328,
                    329,
                    330,
                    331,
                    332,
                    333,
                    334,
                    335,
                    336,
                    337,
                    338,
                    339
                ]
            ],
            "labels": [
                [
                    0,
                    0,
                    0,
                    0,
                    0,
                    0,
                    0,
                    0,
                    0,
                    0,
                    0,
                    0,
                    0,
                    0,
                    0,
                    0,
                    0,
                    0,
                    0,
                    0
                ]
            ],
            "CPU Usage": 46.7,
            "RAM Usage": 55.6,
            "GPU Usage": 0.0,
            "VRAM Usage": 355.0,
            "Disk Read Speed (MB/s)": 206024.5244140625,
            "Disk Write Speed (MB/s)": 339730.7900390625
        },
        {
            "step": 2,
            "train_loss": 0.05836234614253044,
            "actions_pred1": [
                [
                    [
                        -0.4589376151561737,
                        0.11608706414699554,
                        0.9239421486854553,
                        0.32820582389831543
                    ],
                    [
                        -0.43247291445732117,
                        -0.023895040154457092,
                        0.8950123190879822,
                        0.29716065526008606
                    ],
                    [
                        -0.34297144412994385,
                        -0.07221786677837372,
                        0.9321742057800293,
                        0.1892157793045044
                    ],
                    [
                        -0.2775266170501709,
                        -0.047292470932006836,
                        0.995832622051239,
                        0.41323092579841614
                    ],
                    [
                        -0.12453256547451019,
                        -0.06264547258615494,
                        1.051025390625,
                        0.42218947410583496
                    ],
                    [
                        -0.11182017624378204,
                        0.005627628415822983,
                        0.9827337265014648,
                        0.42854538559913635
                    ],
                    [
                        -0.2867077589035034,
                        0.068333700299263,
                        0.9502586126327515,
                        0.34908103942871094
                    ],
                    [
                        -0.2554107904434204,
                        -0.03762774169445038,
                        0.7732076048851013,
                        0.2263299822807312
                    ],
                    [
                        -0.16889214515686035,
                        -0.16950300335884094,
                        0.8322399258613586,
                        0.3380942940711975
                    ],
                    [
                        -0.08887156844139099,
                        0.023401528596878052,
                        0.8510006666183472,
                        0.25925248861312866
                    ],
                    [
                        0.06564246863126755,
                        0.15835246443748474,
                        0.976243793964386,
                        0.38555365800857544
                    ],
                    [
                        0.05430798605084419,
                        0.10434757173061371,
                        0.833967924118042,
                        0.37580791115760803
                    ],
                    [
                        -0.012449182569980621,
                        0.15612047910690308,
                        0.8495646119117737,
                        0.36240506172180176
                    ],
                    [
                        -0.09184235334396362,
                        0.08625051379203796,
                        0.9278782606124878,
                        0.3341136574745178
                    ],
                    [
                        -0.08789204061031342,
                        -0.011404171586036682,
                        0.7839779257774353,
                        0.26638147234916687
                    ],
                    [
                        -0.029205385595560074,
                        -0.0322655588388443,
                        0.7259161472320557,
                        0.28352946043014526
                    ],
                    [
                        -0.12272848188877106,
                        0.045366108417510986,
                        0.8531338572502136,
                        0.29852789640426636
                    ],
                    [
                        0.057513006031513214,
                        -0.0348605215549469,
                        0.7019001245498657,
                        0.4021407961845398
                    ],
                    [
                        0.07023044675588608,
                        -0.12092945724725723,
                        0.5162365436553955,
                        0.5600901246070862
                    ],
                    [
                        0.04680655896663666,
                        -0.08553960919380188,
                        0.744430661201477,
                        0.527830958366394
                    ]
                ]
            ],
            "actions_pred": [
                [
                    [
                        -0.4589376151561737,
                        -0.43247291445732117,
                        -0.34297144412994385,
                        -0.2775266170501709,
                        -0.12453256547451019,
                        -0.11182017624378204,
