{
    "steps": [
        {
            "step": 0,
            "train_loss": 0.028984159231185913,
            "actions_pred1": [
                [
                    [
                        0.3592388331890106,
                        0.028893500566482544,
                        0.5996938943862915,
                        -0.2626032531261444
                    ],
                    [
                        0.2232798933982849,
                        0.025839611887931824,
                        0.709469735622406,
                        -0.3091861605644226
                    ],
                    [
                        0.3245023190975189,
                        0.11368976533412933,
                        0.668322741985321,
                        -0.21820294857025146
                    ],
                    [
                        0.4045967161655426,
                        0.12337318062782288,
                        0.7083442211151123,
                        -0.30799221992492676
                    ],
                    [
                        0.4566155970096588,
                        0.13950054347515106,
                        0.6360321044921875,
                        -0.4467262029647827
                    ],
                    [
                        0.2786446809768677,
                        0.07080550491809845,
                        0.574195921421051,
                        -0.36699730157852173
                    ],
                    [
                        0.2750118672847748,
                        0.015140920877456665,
                        0.6661618947982788,
                        -0.36065489053726196
                    ],
                    [
                        0.2735252380371094,
                        0.09788384288549423,
                        0.7140611410140991,
                        -0.4144376814365387
                    ],
                    [
                        0.42375877499580383,
                        0.12826624512672424,
                        0.7505848407745361,
                        -0.2857401371002197
                    ],
                    [
                        0.38677334785461426,
                        0.043806351721286774,
                        0.7196632027626038,
                        -0.2997687757015228
                    ],
                    [
                        0.3944944441318512,
                        0.15540751814842224,
                        0.7574800848960876,
                        -0.30408644676208496
                    ],
                    [
                        0.4505308270454407,
                        0.0924256220459938,
                        0.6912445425987244,
                        -0.3267335891723633
                    ],
                    [
                        0.45574307441711426,
                        0.07412797957658768,
                        0.681069552898407,
                        -0.2931065559387207
                    ],
                    [
                        0.47552943229675293,
                        0.1627560257911682,
                        0.8944994211196899,
                        -0.21408189833164215
                    ],
                    [
                        0.47154366970062256,
                        0.19355271756649017,
                        0.9346304535865784,
                        -0.13375023007392883
                    ],
                    [
                        0.47114288806915283,
                        0.17523139715194702,
                        0.9874405860900879,
                        -0.13216283917427063
                    ],
                    [
                        0.2560628056526184,
                        0.13133995234966278,
                        0.9187065958976746,
                        -0.21645371615886688
                    ],
                    [
                        0.17668160796165466,
                        0.15421678125858307,
                        0.9407997131347656,
                        -0.18401524424552917
                    ],
                    [
                        0.16443078219890594,
                        0.17200426757335663,
                        0.8811722993850708,
                        -0.20497849583625793
                    ],
                    [
                        0.15713562071323395,
                        0.3247665762901306,
                        1.0593246221542358,
                        -0.2469678521156311
                    ]
                ]
            ],
            "actions_pred": [
                [
                    [
                        0.3592388331890106,
                        0.2232798933982849,
                        0.3245023190975189,
                        0.4045967161655426,
                        0.4566155970096588,
                        0.2786446809768677,
                        0.2750118672847748,
                        0.2735252380371094,
                        0.42375877499580383,
                        0.38677334785461426,
                        0.3944944441318512,
                        0.4505308270454407,
                        0.45574307441711426,
                        0.47552943229675293,
                        0.47154366970062256,
                        0.47114288806915283,
                        0.2560628056526184,
                        0.17668160796165466,
                        0.16443078219890594,
                        0.15713562071323395
                    ],
                    [
                        0.028893500566482544,
                        0.025839611887931824,
                        0.11368976533412933,
                        0.12337318062782288,
                        0.13950054347515106,
                        0.07080550491809845,
                        0.015140920877456665,
                        0.09788384288549423,
                        0.12826624512672424,
                        0.043806351721286774,
                        0.15540751814842224,
                        0.0924256220459938,
                        0.07412797957658768,
                        0.1627560257911682,
                        0.19355271756649017,
                        0.17523139715194702,
                        0.13133995234966278,
                        0.15421678125858307,
                        0.17200426757335663,
                        0.3247665762901306
                    ],
                    [
                        0.5996938943862915,
                        0.709469735622406,
                        0.668322741985321,
                        0.7083442211151123,
                        0.6360321044921875,
                        0.574195921421051,
                        0.6661618947982788,
                        0.7140611410140991,
                        0.7505848407745361,
                        0.7196632027626038,
                        0.7574800848960876,
                        0.6912445425987244,
                        0.681069552898407,
                        0.8944994211196899,
                        0.9346304535865784,
                        0.9874405860900879,
                        0.9187065958976746,
                        0.9407997131347656,
                        0.8811722993850708,
                        1.0593246221542358
                    ],
                    [
                        -0.2626032531261444,
                        -0.3091861605644226,
                        -0.21820294857025146,
                        -0.30799221992492676,
                        -0.4467262029647827,
                        -0.36699730157852173,
                        -0.36065489053726196,
                        -0.4144376814365387,
                        -0.2857401371002197,
                        -0.2997687757015228,
                        -0.30408644676208496,
                        -0.3267335891723633,
                        -0.2931065559387207,
                        -0.21408189833164215,
                        -0.13375023007392883,
                        -0.13216283917427063,
                        -0.21645371615886688,
                        -0.18401524424552917,
                        -0.20497849583625793,
                        -0.2469678521156311
                    ]
                ]
            ],
            "states": [
                [
                    [
                        9069003.0,
                        0.0034533278085291386,
                        0.0002651966060511768,
                        441188.5625
                    ],
                    [
                        11320464.0,
                        0.000310528528643772,
                        0.0002789112040773034,
                        436995.21875
                    ],
                    [
                        10438632.0,
                        0.00017193457460962236,
                        0.00025781430304050446,
                        493798.40625
                    ],
                    [
                        10012920.0,
                        0.00012196777242934331,
                        0.0002818313369061798,
                        466062.65625
                    ],
                    [
                        10120072.0,
                        9.498456347500905e-05,
                        0.00027022496215067804,
                        484496.1875
                    ],
                    [
                        9115160.0,
                        7.838496094336733e-05,
                        0.00027221045456826687,
                        480218.375
                    ],
                    [
                        8819768.0,
                        6.74370166962035e-05,
                        0.0002733847650233656,
                        463188.125
                    ],
                    [
                        9522048.0,
                        5.902954944758676e-05,
                        0.00026607781182974577,
                        571538.5
                    ],
                    [
                        9099232.0,
                        5.2383467846084386e-05,
                        0.00028466759249567986,
                        601120.625
                    ],
                    [
                        8877688.0,
                        4.72521896881517e-05,
                        0.0002693114511203021,
                        590414.6875
                    ],
                    [
                        7406288.0,
                        4.339466249803081e-05,
                        0.0002695369767025113,
                        529230.5625
                    ],
                    [
                        7668840.0,
                        4.0354032535105944e-05,
                        0.00026757299201563,
                        612860.8125
                    ],
                    [
                        7531048.0,
                        3.768979149754159e-05,
                        0.0002770914288703352,
                        740788.0625
                    ],
                    [
                        7394936.0,
                        3.539538010954857e-05,
                        0.0002540841815061867,
                        705727.25
                    ],
                    [
                        6951848.0,
                        3.34380820277147e-05,
                        0.0002650599053595215,
                        732259.125
                    ],
                    [
                        6330656.0,
                        3.180928251822479e-05,
                        0.00027801760006695986,
                        722867.4375
                    ],
                    [
                        5884672.0,
                        3.0445722586591728e-05,
                        0.0002704633225221187,
                        677627.4375
                    ],
                    [
                        5363392.0,
                        2.9289631129358895e-05,
                        0.0002756867033895105,
                        805457.5625
                    ],
                    [
                        5311264.0,
                        2.82715027424274e-05,
                        0.00025344316964037716,
                        860605.0
                    ],
                    [
                        5401040.0,
                        2.6375411835033447e-05,
                        0.000413205154472962,
                        833632.5625
                    ]
                ]
            ],
            "actions": [
                [
                    [
                        0.75
                    ],
                    [
                        0.75
                    ],
                    [
                        0.75
                    ],
                    [
                        0.75
                    ],
                    [
                        0.75
                    ],
                    [
                        0.75
                    ],
                    [
                        0.75
                    ],
                    [
                        0.75
                    ],
                    [
                        0.75
                    ],
                    [
                        0.75
                    ],
                    [
                        0.75
                    ],
                    [
                        0.75
                    ],
                    [
                        0.75
                    ],
                    [
                        0.75
                    ],
                    [
                        0.75
                    ],
                    [
                        0.75
                    ],
                    [
                        0.75
                    ],
                    [
                        0.75
                    ],
                    [
                        0.75
                    ],
                    [
                        0.75
                    ]
                ]
            ],
            "returns": [
                [
                    [
                        0.5809153318405151
                    ],
                    [
                        0.5799350142478943
                    ],
                    [
                        0.5789350271224976
                    ],
                    [
                        0.5779421925544739
                    ],
                    [
                        0.5769530534744263
                    ],
                    [
                        0.575963020324707
                    ],
                    [
                        0.574982225894928
                    ],
                    [
                        0.5740043520927429
                    ],
                    [
                        0.5730196833610535
                    ],
                    [
                        0.5720390677452087
                    ],
                    [
                        0.5710605978965759
                    ],
                    [
                        0.5700982213020325
                    ],
                    [
                        0.5691327452659607
                    ],
                    [
                        0.5681688785552979
                    ],
                    [
                        0.567206621170044
                    ],
                    [
                        0.5662498474121094
                    ],
                    [
                        0.5653014183044434
                    ],
                    [
                        0.5643594264984131
                    ],
                    [
                        0.563425600528717
                    ],
                    [
                        0.5624927282333374
                    ]
                ]
            ],
            "timesteps": [
                [
                    0,
                    1,
                    2,
                    3,
                    4,
                    5,
                    6,
                    7,
                    8,
                    9,
                    10,
                    11,
                    12,
                    13,
                    14,
                    15,
                    16,
                    17,
                    18,
                    19
                ]
            ],
            "labels": [
                [
                    2,
                    2,
                    2,
                    2,
                    2,
                    2,
                    2,
                    2,
                    2,
                    2,
                    2,
                    2,
                    2,
                    2,
                    2,
                    2,
                    2,
                    2,
                    2,
                    2
                ]
            ],
            "CPU Usage": 45.9,
            "RAM Usage": 55.2,
            "GPU Usage": 0.0,
            "VRAM Usage": 355.0,
            "Disk Read Speed (MB/s)": 206065.5869140625,
            "Disk Write Speed (MB/s)": 363558.0009765625
        },
        {
            "step": 1,
            "train_loss": 0.04281211644411087,
            "actions_pred1": [
                [
                    [
                        0.27275991439819336,
                        0.05320475995540619,
                        0.7097334861755371,
                        -0.5802147388458252
                    ],
                    [
                        0.42180973291397095,
                        0.2196158468723297,
                        0.6920328736305237,
                        -0.45582878589630127
                    ],
                    [
                        0.4430972635746002,
                        0.27092769742012024,
                        0.6814610362052917,
                        -0.32663488388061523
                    ],
                    [
                        0.5028113126754761,
                        0.3299137353897095,
                        0.7045042514801025,
                        -0.3624096214771271
                    ],
                    [
                        0.3864763379096985,
                        0.432964026927948,
                        0.7155916094779968,
                        -0.5147411227226257
                    ],
                    [
                        0.45702868700027466,
                        0.4974862337112427,
                        0.751116156578064,
                        -0.6057626008987427
                    ],
                    [
                        0.405806303024292,
                        0.48030951619148254,
                        0.8284260034561157,
                        -0.6077486276626587
                    ],
                    [
                        0.4004189372062683,
                        0.43707114458084106,
                        0.821880578994751,
                        -0.5111059546470642
                    ],
                    [
                        0.30618157982826233,
                        0.5533890724182129,
                        0.7921082973480225,
                        -0.5053476691246033
                    ],
                    [
                        0.3892040252685547,
                        0.37650129199028015,
                        0.7883589863777161,
                        -0.3805656433105469
                    ],
                    [
                        0.48420649766921997,
                        0.33203673362731934,
                        0.7898648977279663,
                        -0.3925400376319885
                    ],
                    [
                        0.3507370352745056,
                        0.28777527809143066,
                        0.7681549787521362,
                        -0.4926455616950989
                    ],
                    [
                        0.21368032693862915,
                        0.40663206577301025,
                        0.6074510216712952,
                        -0.4754910469055176
                    ],
                    [
                        0.2638065218925476,
                        0.45554929971694946,
                        0.6975072026252747,
                        -0.45230790972709656
                    ],
                    [
                        0.3476789593696594,
                        0.35058706998825073,
                        0.6987780332565308,
                        -0.4000904858112335
                    ],
                    [
                        0.3935812711715698,
                        0.3319084942340851,
                        0.6808944344520569,
                        -0.4113406836986542
                    ],
                    [
                        0.4470096230506897,
                        0.34216633439064026,
                        0.7413315773010254,
                        -0.4228714406490326
                    ],
                    [
                        0.428824245929718,
                        0.30666840076446533,
                        0.6822840571403503,
                        -0.4710523188114166
                    ],
                    [
                        0.31001925468444824,
                        0.28435444831848145,
                        0.8013434410095215,
                        -0.6398328542709351
                    ],
                    [
                        0.3596515357494354,
                        0.34199273586273193,
                        0.8158752918243408,
                        -0.6135128736495972
                    ]
                ]
            ],
            "actions_pred": [
                [
                    [
                        0.27275991439819336,
                        0.42180973291397095,
                        0.4430972635746002,
                        0.5028113126754761,
                        0.3864763379096985,
                        0.45702868700027466,
                        0.405806303024292,
                        0.4004189372062683,
                        0.30618157982826233,
                        0.3892040252685547,
                        0.48420649766921997,
                        0.3507370352745056,
                        0.21368032693862915,
                        0.2638065218925476,
                        0.3476789593696594,
                        0.3935812711715698,
                        0.4470096230506897,
                        0.428824245929718,
                        0.31001925468444824,
                        0.3596515357494354
                    ],
                    [
                        0.05320475995540619,
                        0.2196158468723297,
                        0.27092769742012024,
                        0.3299137353897095,
                        0.432964026927948,
                        0.4974862337112427,
                        0.48030951619148254,
                        0.43707114458084106,
                        0.5533890724182129,
                        0.37650129199028015,
                        0.33203673362731934,
                        0.28777527809143066,
                        0.40663206577301025,
                        0.45554929971694946,
                        0.35058706998825073,
                        0.3319084942340851,
                        0.34216633439064026,
                        0.30666840076446533,
                        0.28435444831848145,
                        0.34199273586273193
                    ],
                    [
                        0.7097334861755371,
                        0.6920328736305237,
                        0.6814610362052917,
                        0.7045042514801025,
                        0.7155916094779968,
                        0.751116156578064,
                        0.8284260034561157,
                        0.821880578994751,
                        0.7921082973480225,
                        0.7883589863777161,
                        0.7898648977279663,
                        0.7681549787521362,
                        0.6074510216712952,
                        0.6975072026252747,
                        0.6987780332565308,
                        0.6808944344520569,
                        0.7413315773010254,
                        0.6822840571403503,
                        0.8013434410095215,
                        0.8158752918243408
                    ],
                    [
                        -0.5802147388458252,
                        -0.45582878589630127,
                        -0.32663488388061523,
                        -0.3624096214771271,
                        -0.5147411227226257,
                        -0.6057626008987427,
                        -0.6077486276626587,
                        -0.5111059546470642,
                        -0.5053476691246033,
                        -0.3805656433105469,
                        -0.3925400376319885,
                        -0.4926455616950989,
                        -0.4754910469055176,
                        -0.45230790972709656,
                        -0.4000904858112335,
                        -0.4113406836986542,
                        -0.4228714406490326,
                        -0.4710523188114166,
                        -0.6398328542709351,
                        -0.6135128736495972
                    ]
                ]
            ],
            "states": [
                [
                    [
                        4791432.0,
                        3.087877848884091e-05,
                        0.00023075626813806593,
                        506720.5
                    ],
                    [
                        3692400.0,
                        2.9973596610943787e-05,
                        0.00032322804327122867,
                        492666.6875
                    ],
                    [
                        4952160.0,
                        2.9106702641001903e-05,
                        0.0002578554267529398,
                        491613.3125
                    ],
                    [
                        4808808.0,
                        2.818479697452858e-05,
                        0.00022438736050389707,
                        480345.5
                    ],
                    [
                        4978224.0,
                        2.7317544663674198e-05,
                        0.00038321700412780046,
                        500271.75
                    ],
                    [
                        5354704.0,
                        2.645807217049878e-05,
                        0.0004527103737927973,
                        496069.53125
                    ],
                    [
                        3554840.0,
                        2.5757775802048855e-05,
                        0.00029970589093863964,
                        504121.5
                    ],
                    [
                        5330088.0,
                        2.5097764591919258e-05,
                        0.00026218051789328456,
                        473636.59375
                    ],
                    [
                        7706256.0,
                        2.4188775569200516e-05,
                        0.0002925366861745715,
                        550715.1875
                    ],
                    [
                        7687432.0,
                        2.319453051313758e-05,
                        0.00028024095809087157,
                        523717.84375
                    ],
                    [
                        6233640.0,
                        1.9415590941207483e-05,
                        0.0001758198341121897,
                        575309.5
                    ],
                    [
                        6330656.0,
                        1.8885328245232813e-05,
                        0.00013516498438548297,
                        576038.875
                    ],
                    [
                        2227024.0,
                        1.8539429220254533e-05,
                        0.0001646996388444677,
                        615099.8125
                    ],
                    [
                        3611312.0,
                        1.8311515304958448e-05,
                        0.0001985474955290556,
                        642490.9375
                    ],
                    [
                        5732632.0,
                        1.795835305529181e-05,
                        0.0002949792833533138,
                        564533.125
                    ],
                    [
                        5175152.0,
                        1.7562215361976996e-05,
                        0.0007080274517647922,
                        561933.4375
                    ],
                    [
                        4907272.0,
                        1.721135777188465e-05,
                        0.0013480978086590767,
                        618870.0
                    ],
                    [
                        4346896.0,
                        1.6901381968636997e-05,
                        0.0014468225417658687,
                        555341.1875
                    ],
                    [
                        5007184.0,
                        1.6599440641584806e-05,
                        0.0019480990013107657,
                        605693.8125
                    ],
                    [
                        5735528.0,
                        1.6265725207631476e-05,
                        0.002926501678302884,
                        601773.625
                    ]
                ]
            ],
            "actions": [
                [
                    [
                        0.5
                    ],
                    [
                        0.5
                    ],
                    [
                        0.5
                    ],
                    [
                        0.5
                    ],
                    [
                        0.5
                    ],
                    [
                        0.5
                    ],
                    [
                        0.5
                    ],
                    [
                        0.5
                    ],
                    [
                        0.5
                    ],
                    [
                        0.5
                    ],
                    [
                        0.5
                    ],
                    [
                        0.5
                    ],
                    [
                        0.5
                    ],
                    [
                        0.5
                    ],
                    [
                        0.5
                    ],
                    [
                        0.5
                    ],
                    [
                        0.5
                    ],
                    [
                        0.5
                    ],
                    [
                        0.5
                    ],
                    [
                        0.5
                    ]
                ]
            ],
            "returns": [
                [
                    [
                        0.45074203610420227
                    ],
                    [
                        0.44981828331947327
                    ],
                    [
                        0.44891759753227234
                    ],
                    [
                        0.44799089431762695
                    ],
                    [
                        0.4470668137073517
                    ],
                    [
                        0.4461396336555481
                    ],
                    [
                        0.44520601630210876
                    ],
                    [
                        0.44430869817733765
                    ],
                    [
                        0.44337549805641174
                    ],
                    [
                        0.44240957498550415
                    ],
                    [
                        0.44144389033317566
                    ],
                    [
                        0.4404968023300171
                    ],
                    [
                        0.4395483136177063
                    ],
                    [
                        0.43869248032569885
                    ],
                    [
                        0.4377937614917755
                    ],
                    [
                        0.4368540942668915
                    ],
                    [
                        0.4359234869480133
                    ],
                    [
                        0.4349976181983948
                    ],
                    [
                        0.4340824484825134
                    ],
                    [
                        0.43315479159355164
                    ]
                ]
            ],
            "timesteps": [
                [
                    140,
                    141,
                    142,
                    143,
                    144,
                    145,
                    146,
                    147,
                    148,
                    149,
                    150,
                    151,
                    152,
                    153,
                    154,
                    155,
                    156,
                    157,
                    158,
                    159
                ]
            ],
            "labels": [
                [
                    1,
                    1,
                    1,
                    1,
                    1,
                    1,
                    1,
                    1,
                    1,
                    1,
                    1,
                    1,
                    1,
                    1,
                    1,
                    1,
                    1,
                    1,
                    1,
                    1
                ]
            ],
            "CPU Usage": 46.7,
            "RAM Usage": 55.3,
            "GPU Usage": 0.0,
            "VRAM Usage": 355.0,
            "Disk Read Speed (MB/s)": 206065.5869140625,
            "Disk Write Speed (MB/s)": 363558.0869140625
        },
        {
            "step": 2,
            "train_loss": 0.04218783229589462,
            "actions_pred1": [
                [
                    [
                        -0.00623297318816185,
                        -0.5654081106185913,
                        -0.09950560331344604,
                        -1.1061620712280273
                    ],
                    [
                        -0.1333128809928894,
                        -0.0972670465707779,
                        -0.08982712030410767,
                        -0.5603959560394287
                    ],
                    [
                        -0.07888662815093994,
                        -0.0367920845746994,
                        0.008702397346496582,
                        -0.5310088396072388
                    ],
                    [
                        -0.049577414989471436,
                        0.0711681991815567,
                        0.15478771924972534,
                        -0.6024665832519531
                    ],
                    [
                        -0.05338284745812416,
                        -0.06277650594711304,
                        0.1767427623271942,
                        -0.6619144678115845
                    ],
                    [
                        -0.06434575468301773,
                        0.02111177146434784,
                        0.3552411198616028,
                        -0.7490161657333374
                    ],
                    [
                        -0.04755673557519913,
                        -0.08440454304218292,
                        0.3410763740539551,
                        -0.6304922103881836
                    ],
                    [
                        -0.025134243071079254,
                        -0.09929797053337097,
                        0.2658652663230896,
                        -0.4902787208557129
                    ],
                    [
                        -0.12645573914051056,
                        -0.15930558741092682,
                        0.26944953203201294,
                        -0.6086655855178833
                    ],
                    [
                        -0.20438963174819946,
                        -0.1413758099079132,
                        0.2213558405637741,
                        -0.6215055584907532
                    ],
                    [
                        -0.10962998867034912,
                        0.08755628019571304,
                        0.3874274492263794,
                        -0.5754013061523438
                    ],
                    [
                        -0.19553706049919128,
                        0.03818348050117493,
                        0.37837740778923035,
                        -0.4028444290161133
                    ],
                    [
                        -0.19841930270195007,
                        0.024924464523792267,
                        0.42713189125061035,
                        -0.4543514549732208
                    ],
                    [
                        -0.1821264624595642,
                        0.07206670939922333,
                        0.4895525574684143,
                        -0.4569914937019348
                    ],
                    [
                        -0.1914227455854416,
                        0.04405912384390831,
                        0.44141340255737305,
                        -0.5659017562866211
                    ],
                    [
                        -0.22293996810913086,
                        0.03564820438623428,
                        0.3584994971752167,
                        -0.4907597303390503
                    ],
                    [
                        -0.1639152318239212,
                        0.004933740943670273,
                        0.40061306953430176,
                        -0.6089001893997192
                    ],
                    [
                        -0.20434774458408356,
                        -0.005354896187782288,
                        0.36349305510520935,
                        -0.622934103012085
                    ],
                    [
                        -0.12068420648574829,
                        0.24011877179145813,
                        0.3035062849521637,
                        -0.4564892649650574
                    ],
                    [
                        -0.06726545840501785,
                        0.07761569321155548,
                        0.4019929766654968,
                        -0.4973544478416443
                    ]
                ]
            ],
            "actions_pred": [
                [
                    [
                        -0.00623297318816185,
                        -0.1333128809928894,
                        -0.07888662815093994,
                        -0.049577414989471436,
                        -0.05338284745812416,
                        -0.06434575468301773,
                        -0.04755673557519913,
                        -0.025134243071079254,
