{
    "steps": [
        {
            "step": 0,
            "train_loss": 0.03538571670651436,
            "actions_pred1": [
                [
                    [
                        1.8323087692260742,
                        2.247859477996826,
                        2.1988365650177,
                        -5.719790935516357
                    ],
                    [
                        1.6873791217803955,
                        2.6863675117492676,
                        2.8792967796325684,
                        -6.24962043762207
                    ],
                    [
                        2.158235549926758,
                        2.5512564182281494,
                        2.936037302017212,
                        -5.785732746124268
                    ],
                    [
                        2.2948479652404785,
                        2.3815362453460693,
                        2.4075803756713867,
                        -5.724528789520264
                    ],
                    [
                        1.969882607460022,
                        2.0816612243652344,
                        2.4419331550598145,
                        -5.979934215545654
                    ],
                    [
                        2.0360381603240967,
                        2.422861099243164,
                        2.5123558044433594,
                        -6.319638729095459
                    ],
                    [
                        2.0532619953155518,
                        2.38106107711792,
                        2.366374969482422,
                        -6.231264591217041
                    ],
                    [
                        0.9800102114677429,
                        2.3646554946899414,
                        1.1225051879882812,
                        -2.528137683868408
                    ],
                    [
                        1.870599389076233,
                        2.00856351852417,
                        2.153749465942383,
                        -6.051745414733887
                    ],
                    [
                        1.8528951406478882,
                        2.0103724002838135,
                        2.091181993484497,
                        -6.625794410705566
                    ],
                    [
                        1.9507635831832886,
                        2.2395668029785156,
                        1.970445156097412,
                        -6.705896377563477
                    ],
                    [
                        2.0960686206817627,
                        2.4417879581451416,
                        2.0394906997680664,
                        -7.092128753662109
                    ],
                    [
                        2.2575814723968506,
                        2.5100650787353516,
                        2.2296242713928223,
                        -7.087398529052734
                    ],
                    [
                        2.4297053813934326,
                        2.0343475341796875,
                        2.2271695137023926,
                        -7.360321998596191
                    ],
                    [
                        2.588536500930786,
                        1.9044572114944458,
                        2.0691046714782715,
                        -7.473655700683594
                    ],
                    [
                        2.535879135131836,
                        1.7602317333221436,
                        1.9500844478607178,
                        -7.432260513305664
                    ],
                    [
                        2.5019266605377197,
                        1.9257560968399048,
                        1.991045355796814,
                        -7.170856475830078
                    ],
                    [
                        2.4926466941833496,
                        2.115917205810547,
                        2.0857033729553223,
                        -7.309379577636719
                    ],
                    [
                        2.375842332839966,
                        2.0470147132873535,
                        1.9631450176239014,
                        -7.245650291442871
                    ],
                    [
                        2.7009170055389404,
                        2.277639389038086,
                        1.9693464040756226,
                        -7.276101112365723
                    ]
                ]
            ],
            "actions_pred": [
                [
                    [
                        1.8323087692260742,
                        1.6873791217803955,
                        2.158235549926758,
                        2.2948479652404785,
                        1.969882607460022,
                        2.0360381603240967,
                        2.0532619953155518,
                        0.9800102114677429,
                        1.870599389076233,
                        1.8528951406478882,
                        1.9507635831832886,
                        2.0960686206817627,
                        2.2575814723968506,
                        2.4297053813934326,
                        2.588536500930786,
                        2.535879135131836,
                        2.5019266605377197,
                        2.4926466941833496,
                        2.375842332839966,
                        2.7009170055389404
                    ],
                    [
                        2.247859477996826,
                        2.6863675117492676,
                        2.5512564182281494,
                        2.3815362453460693,
                        2.0816612243652344,
                        2.422861099243164,
                        2.38106107711792,
                        2.3646554946899414,
                        2.00856351852417,
                        2.0103724002838135,
                        2.2395668029785156,
                        2.4417879581451416,
                        2.5100650787353516,
                        2.0343475341796875,
                        1.9044572114944458,
                        1.7602317333221436,
                        1.9257560968399048,
                        2.115917205810547,
                        2.0470147132873535,
                        2.277639389038086
                    ],
                    [
                        2.1988365650177,
                        2.8792967796325684,
                        2.936037302017212,
                        2.4075803756713867,
                        2.4419331550598145,
                        2.5123558044433594,
                        2.366374969482422,
                        1.1225051879882812,
                        2.153749465942383,
                        2.091181993484497,
                        1.970445156097412,
                        2.0394906997680664,
                        2.2296242713928223,
                        2.2271695137023926,
                        2.0691046714782715,
                        1.9500844478607178,
                        1.991045355796814,
                        2.0857033729553223,
                        1.9631450176239014,
                        1.9693464040756226
                    ],
                    [
                        -5.719790935516357,
                        -6.24962043762207,
                        -5.785732746124268,
                        -5.724528789520264,
                        -5.979934215545654,
                        -6.319638729095459,
                        -6.231264591217041,
                        -2.528137683868408,
                        -6.051745414733887,
                        -6.625794410705566,
                        -6.705896377563477,
                        -7.092128753662109,
                        -7.087398529052734,
                        -7.360321998596191,
                        -7.473655700683594,
                        -7.432260513305664,
                        -7.170856475830078,
                        -7.309379577636719,
                        -7.245650291442871,
                        -7.276101112365723
                    ]
                ]
            ],
            "states": [
                [
                    [
                        5057864.0,
                        2.556295476097148e-05,
                        0.00012937834253534675,
                        777561.25
                    ],
                    [
                        5348912.0,
                        2.480310831742827e-05,
                        0.00013201982073951513,
                        791966.9375
                    ],
                    [
                        5101304.0,
                        2.4083872631308623e-05,
                        0.00013791865785606205,
                        790369.0625
                    ],
                    [
                        5538600.0,
                        2.3393640731228516e-05,
                        0.00014453318726737052,
                        780343.4375
                    ],
                    [
                        5412624.0,
                        2.272302663186565e-05,
                        0.00014699026360176504,
                        758450.9375
                    ],
                    [
                        5321400.0,
                        2.2102101866039447e-05,
                        0.00016071676509454846,
                        845866.875
                    ],
                    [
                        5683400.0,
                        2.1499938156921417e-05,
                        0.00016249381587840617,
                        821531.0
                    ],
                    [
                        5282304.0,
                        2.0931340259267017e-05,
                        0.0001488575799157843,
                        840709.875
                    ],
                    [
                        5545840.0,
                        2.0398911146912724e-05,
                        0.00016087492986116558,
                        823198.9375
                    ],
                    [
                        5474888.0,
                        1.9883997083525173e-05,
                        0.00016716374375391752,
                        838579.125
                    ],
                    [
                        5364840.0,
                        1.9402330508455634e-05,
                        0.00019032474665436894,
                        800380.6875
                    ],
                    [
                        5569008.0,
                        1.8939608708024025e-05,
                        0.00018542619363870472,
                        823891.875
                    ],
                    [
                        5332984.0,
                        1.849955879151821e-05,
                        0.000198170033399947,
                        846311.4375
                    ],
                    [
                        5224384.0,
                        1.8092512618750334e-05,
                        0.0001916241308208555,
                        900435.5625
                    ],
                    [
                        5133160.0,
                        1.771021015883889e-05,
                        0.0002063407882815227,
                        866428.5625
                    ],
                    [
                        5361944.0,
                        1.733909812173806e-05,
                        0.00023895764024928212,
                        862112.4375
                    ],
                    [
                        5535704.0,
                        1.6969803255051374e-05,
                        0.00025051896227523685,
                        868913.125
                    ],
                    [
                        5189632.0,
                        1.662127579038497e-05,
                        0.0002676467993296683,
                        810234.1875
                    ],
                    [
                        5453168.0,
                        1.6289424820570275e-05,
                        0.0002700872428249568,
                        842694.5
                    ],
                    [
                        5334432.0,
                        1.5966239516274072e-05,
                        0.0002660537720657885,
                        825795.9375
                    ]
                ]
            ],
            "actions": [
                [
                    [
                        0.75
                    ],
                    [
                        0.75
                    ],
                    [
                        0.75
                    ],
                    [
                        0.75
                    ],
                    [
                        0.75
                    ],
                    [
                        0.75
                    ],
                    [
                        0.75
                    ],
                    [
                        0.75
                    ],
                    [
                        0.75
                    ],
                    [
                        0.75
                    ],
                    [
                        0.75
                    ],
                    [
                        0.75
                    ],
                    [
                        0.75
                    ],
                    [
                        0.75
                    ],
                    [
                        0.75
                    ],
                    [
                        0.75
                    ],
                    [
                        0.75
                    ],
                    [
                        0.75
                    ],
                    [
                        0.75
                    ],
                    [
                        0.75
                    ]
                ]
            ],
            "returns": [
                [
                    [
                        0.5615583062171936
                    ],
                    [
                        0.5606297850608826
                    ],
                    [
                        0.5596962571144104
                    ],
                    [
                        0.5587669014930725
                    ],
                    [
                        0.557830274105072
                    ],
                    [
                        0.5568956732749939
                    ],
                    [
                        0.5559626221656799
                    ],
                    [
                        0.555023729801178
                    ],
                    [
                        0.5540912747383118
                    ],
                    [
                        0.5531545877456665
                    ],
                    [
                        0.5522189736366272
                    ],
                    [
                        0.5512851476669312
                    ],
                    [
                        0.5503480434417725
                    ],
                    [
                        0.5494148135185242
                    ],
                    [
                        0.5484833717346191
                    ],
                    [
                        0.5475534796714783
                    ],
                    [
                        0.546619713306427
                    ],
                    [
                        0.5456831455230713
                    ],
                    [
                        0.544752299785614
                    ],
                    [
                        0.5438170433044434
                    ]
                ]
            ],
            "timesteps": [
                [
                    20,
                    21,
                    22,
                    23,
                    24,
                    25,
                    26,
                    27,
                    28,
                    29,
                    30,
                    31,
                    32,
                    33,
                    34,
                    35,
                    36,
                    37,
                    38,
                    39
                ]
            ],
            "labels": [
                [
                    2,
                    2,
                    2,
                    2,
                    2,
                    2,
                    2,
                    2,
                    2,
                    2,
                    2,
                    2,
                    2,
                    2,
                    2,
                    2,
                    2,
                    2,
                    2,
                    2
                ]
            ],
            "CPU Usage": 45.6,
            "RAM Usage": 54.9,
            "GPU Usage": 0.0,
            "VRAM Usage": 355.0,
            "Disk Read Speed (MB/s)": 206646.7099609375,
            "Disk Write Speed (MB/s)": 418587.2783203125
        },
        {
            "step": 1,
            "train_loss": 0.018708793446421623,
            "actions_pred1": [
                [
                    [
                        1.2939802408218384,
                        1.8258097171783447,
                        1.362552285194397,
                        -4.334324836730957
                    ],
                    [
                        1.5296239852905273,
                        2.182412624359131,
                        1.1112565994262695,
                        -4.195509433746338
                    ],
                    [
                        1.5932872295379639,
                        2.3736605644226074,
                        1.226564645767212,
                        -4.001946926116943
                    ],
                    [
                        1.8113162517547607,
                        2.6067118644714355,
                        1.2786928415298462,
                        -4.419123649597168
                    ],
                    [
                        1.889552116394043,
                        2.8883285522460938,
                        1.2274376153945923,
                        -5.005451679229736
                    ],
                    [
                        2.2684481143951416,
                        3.3662004470825195,
                        1.0630412101745605,
                        -5.583217620849609
                    ],
                    [
                        2.494985818862915,
                        3.3596034049987793,
                        1.0532262325286865,
                        -6.117891311645508
                    ],
                    [
                        2.57327938079834,
                        3.477377414703369,
                        1.1803631782531738,
                        -6.065469264984131
                    ],
                    [
                        2.52407169342041,
                        3.7533817291259766,
                        1.27912175655365,
                        -6.302292823791504
                    ],
                    [
                        2.435286521911621,
                        3.3326687812805176,
                        0.991037130355835,
                        -6.187016010284424
                    ],
                    [
                        2.6727230548858643,
                        3.245601177215576,
                        1.105776309967041,
                        -6.2999372482299805
                    ],
                    [
                        2.799923896789551,
                        2.992828130722046,
                        1.3066132068634033,
                        -6.679920196533203
                    ],
                    [
                        2.7673704624176025,
                        3.0637054443359375,
                        1.3160433769226074,
                        -6.896862506866455
                    ],
                    [
                        2.7630653381347656,
                        3.03737735748291,
                        1.2838209867477417,
                        -6.749672889709473
                    ],
                    [
                        2.7469873428344727,
                        3.006324291229248,
                        1.145661473274231,
                        -6.5889081954956055
                    ],
                    [
                        2.8255531787872314,
                        2.978914737701416,
                        1.1584534645080566,
                        -6.591330528259277
                    ],
                    [
                        2.8453540802001953,
                        3.040414810180664,
                        1.1407910585403442,
                        -6.843090057373047
                    ],
                    [
                        3.0500967502593994,
                        2.9361565113067627,
                        1.0880144834518433,
                        -6.928222179412842
                    ],
                    [
                        2.947758674621582,
                        2.843695878982544,
                        1.3616914749145508,
                        -7.269461631774902
                    ],
                    [
                        2.951597213745117,
                        2.8696887493133545,
                        1.387120246887207,
                        -7.447670936584473
                    ]
                ]
            ],
            "actions_pred": [
                [
                    [
                        1.2939802408218384,
                        1.5296239852905273,
                        1.5932872295379639,
                        1.8113162517547607,
                        1.889552116394043,
                        2.2684481143951416,
                        2.494985818862915,
                        2.57327938079834,
                        2.52407169342041,
                        2.435286521911621,
                        2.6727230548858643,
                        2.799923896789551,
                        2.7673704624176025,
                        2.7630653381347656,
                        2.7469873428344727,
                        2.8255531787872314,
                        2.8453540802001953,
                        3.0500967502593994,
                        2.947758674621582,
                        2.951597213745117
                    ],
                    [
                        1.8258097171783447,
                        2.182412624359131,
                        2.3736605644226074,
                        2.6067118644714355,
                        2.8883285522460938,
                        3.3662004470825195,
                        3.3596034049987793,
                        3.477377414703369,
                        3.7533817291259766,
                        3.3326687812805176,
                        3.245601177215576,
                        2.992828130722046,
                        3.0637054443359375,
                        3.03737735748291,
                        3.006324291229248,
                        2.978914737701416,
                        3.040414810180664,
                        2.9361565113067627,
                        2.843695878982544,
                        2.8696887493133545
                    ],
                    [
                        1.362552285194397,
                        1.1112565994262695,
                        1.226564645767212,
                        1.2786928415298462,
                        1.2274376153945923,
                        1.0630412101745605,
                        1.0532262325286865,
                        1.1803631782531738,
                        1.27912175655365,
                        0.991037130355835,
                        1.105776309967041,
                        1.3066132068634033,
                        1.3160433769226074,
                        1.2838209867477417,
                        1.145661473274231,
                        1.1584534645080566,
                        1.1407910585403442,
                        1.0880144834518433,
                        1.3616914749145508,
                        1.387120246887207
                    ],
                    [
                        -4.334324836730957,
                        -4.195509433746338,
                        -4.001946926116943,
                        -4.419123649597168,
                        -5.005451679229736,
                        -5.583217620849609,
                        -6.117891311645508,
                        -6.065469264984131,
                        -6.302292823791504,
                        -6.187016010284424,
                        -6.2999372482299805,
                        -6.679920196533203,
                        -6.896862506866455,
                        -6.749672889709473,
                        -6.5889081954956055,
                        -6.591330528259277,
                        -6.843090057373047,
                        -6.928222179412842,
                        -7.269461631774902,
                        -7.447670936584473
                    ]
                ]
            ],
            "states": [
                [
                    [
                        4791432.0,
                        3.087877848884091e-05,
                        0.00023075626813806593,
                        506720.5
                    ],
                    [
                        3692400.0,
                        2.9973596610943787e-05,
                        0.00032322804327122867,
                        492666.6875
                    ],
                    [
                        4952160.0,
                        2.9106702641001903e-05,
                        0.0002578554267529398,
                        491613.3125
                    ],
                    [
                        4808808.0,
                        2.818479697452858e-05,
                        0.00022438736050389707,
                        480345.5
                    ],
                    [
                        4978224.0,
                        2.7317544663674198e-05,
                        0.00038321700412780046,
                        500271.75
                    ],
                    [
                        5354704.0,
                        2.645807217049878e-05,
                        0.0004527103737927973,
                        496069.53125
                    ],
                    [
                        3554840.0,
                        2.5757775802048855e-05,
                        0.00029970589093863964,
                        504121.5
                    ],
                    [
                        5330088.0,
                        2.5097764591919258e-05,
                        0.00026218051789328456,
                        473636.59375
                    ],
                    [
                        7706256.0,
                        2.4188775569200516e-05,
                        0.0002925366861745715,
                        550715.1875
                    ],
                    [
                        7687432.0,
                        2.319453051313758e-05,
                        0.00028024095809087157,
                        523717.84375
                    ],
                    [
                        6233640.0,
                        1.9415590941207483e-05,
                        0.0001758198341121897,
                        575309.5
                    ],
                    [
                        6330656.0,
                        1.8885328245232813e-05,
                        0.00013516498438548297,
                        576038.875
                    ],
                    [
                        2227024.0,
                        1.8539429220254533e-05,
                        0.0001646996388444677,
                        615099.8125
                    ],
                    [
                        3611312.0,
                        1.8311515304958448e-05,
                        0.0001985474955290556,
                        642490.9375
                    ],
                    [
                        5732632.0,
                        1.795835305529181e-05,
                        0.0002949792833533138,
                        564533.125
                    ],
                    [
                        5175152.0,
                        1.7562215361976996e-05,
                        0.0007080274517647922,
                        561933.4375
                    ],
                    [
                        4907272.0,
                        1.721135777188465e-05,
                        0.0013480978086590767,
                        618870.0
                    ],
                    [
                        4346896.0,
                        1.6901381968636997e-05,
                        0.0014468225417658687,
                        555341.1875
                    ],
                    [
                        5007184.0,
                        1.6599440641584806e-05,
                        0.0019480990013107657,
                        605693.8125
                    ],
                    [
                        5735528.0,
                        1.6265725207631476e-05,
                        0.002926501678302884,
                        601773.625
                    ]
                ]
            ],
            "actions": [
                [
                    [
                        0.5
                    ],
                    [
                        0.5
                    ],
                    [
                        0.5
                    ],
                    [
                        0.5
                    ],
                    [
                        0.5
                    ],
                    [
                        0.5
                    ],
                    [
                        0.5
                    ],
                    [
                        0.5
                    ],
                    [
                        0.5
                    ],
                    [
                        0.5
                    ],
                    [
                        0.5
                    ],
                    [
                        0.5
                    ],
                    [
                        0.5
                    ],
                    [
                        0.5
                    ],
                    [
                        0.5
                    ],
                    [
                        0.5
                    ],
                    [
                        0.5
                    ],
                    [
                        0.5
                    ],
                    [
                        0.5
                    ],
                    [
                        0.5
                    ]
                ]
            ],
            "returns": [
                [
                    [
                        0.45074203610420227
                    ],
                    [
                        0.44981828331947327
                    ],
                    [
                        0.44891759753227234
                    ],
                    [
                        0.44799089431762695
                    ],
                    [
                        0.4470668137073517
                    ],
                    [
                        0.4461396336555481
                    ],
                    [
                        0.44520601630210876
                    ],
                    [
                        0.44430869817733765
                    ],
                    [
                        0.44337549805641174
                    ],
                    [
                        0.44240957498550415
                    ],
                    [
                        0.44144389033317566
                    ],
                    [
                        0.4404968023300171
                    ],
                    [
                        0.4395483136177063
                    ],
                    [
                        0.43869248032569885
                    ],
                    [
                        0.4377937614917755
                    ],
                    [
                        0.4368540942668915
                    ],
                    [
                        0.4359234869480133
                    ],
                    [
                        0.4349976181983948
                    ],
                    [
                        0.4340824484825134
                    ],
                    [
                        0.43315479159355164
                    ]
                ]
            ],
            "timesteps": [
                [
                    140,
                    141,
                    142,
                    143,
                    144,
                    145,
                    146,
                    147,
                    148,
                    149,
                    150,
                    151,
                    152,
                    153,
                    154,
                    155,
                    156,
                    157,
                    158,
                    159
                ]
            ],
            "labels": [
                [
                    1,
                    1,
                    1,
                    1,
                    1,
                    1,
                    1,
                    1,
                    1,
                    1,
                    1,
                    1,
                    1,
                    1,
                    1,
                    1,
                    1,
                    1,
                    1,
                    1
                ]
            ],
            "CPU Usage": 47.0,
            "RAM Usage": 55.0,
            "GPU Usage": 0.0,
            "VRAM Usage": 355.0,
            "Disk Read Speed (MB/s)": 206646.7099609375,
            "Disk Write Speed (MB/s)": 418587.4033203125
        },
        {
            "step": 2,
            "train_loss": 0.01190352626144886,
            "actions_pred1": [
                [
                    [
                        1.0493189096450806,
                        0.19035673141479492,
                        1.1284935474395752,
                        -2.4205753803253174
                    ],
                    [
                        1.08754563331604,
                        0.37656569480895996,
                        1.1574852466583252,
                        -2.4558517932891846
                    ],
                    [
                        1.279784917831421,
                        0.7753639817237854,
                        1.065923810005188,
                        -2.6784355640411377
                    ],
                    [
                        1.826318621635437,
                        0.7545081377029419,
                        0.8760024309158325,
                        -2.7473864555358887
                    ],
                    [
                        2.1291215419769287,
                        0.4261426329612732,
                        0.9359050393104553,
                        -3.445798397064209
                    ],
                    [
                        2.8100507259368896,
                        0.7124211192131042,
                        1.198804259300232,
                        -4.447120666503906
                    ],
                    [
                        3.1879425048828125,
                        0.9725905656814575,
                        1.2897824048995972,
                        -4.940737724304199
                    ],
                    [
                        3.0470681190490723,
                        1.4782493114471436,
                        1.1964598894119263,
                        -5.043492317199707
                    ],
                    [
                        2.870657205581665,
                        1.262115716934204,
                        1.162284255027771,
                        -4.668330192565918
                    ],
                    [
                        3.1659555435180664,
                        1.1511974334716797,
                        1.021758794784546,
                        -4.656108379364014
                    ],
                    [
                        3.1956472396850586,
                        1.1771442890167236,
                        1.0959560871124268,
                        -4.967951774597168
                    ],
                    [
                        3.127000331878662,
                        1.0580204725265503,
                        1.165560245513916,
                        -4.61875057220459
                    ],
                    [
                        3.016585350036621,
                        1.2119863033294678,
                        1.399433970451355,
                        -4.910769462585449
                    ],
                    [
                        3.4787375926971436,
                        1.4228436946868896,
                        1.621462106704712,
                        -5.517007350921631
                    ],
                    [
                        3.440648317337036,
                        1.511580228805542,
                        1.5707793235778809,
                        -5.514378547668457
                    ],
                    [
                        3.3751959800720215,
                        1.233022928237915,
                        1.4542279243469238,
                        -5.388725757598877
                    ],
                    [
                        3.198719024658203,
                        1.1247161626815796,
                        1.4559736251831055,
                        -5.365139961242676
                    ],
                    [
                        2.8803048133850098,
                        0.9285628795623779,
                        1.0724095106124878,
                        -5.114595413208008
                    ],
                    [
                        3.2384555339813232,
                        0.8830882906913757,
                        1.2768319845199585,
                        -5.192982196807861
                    ],
                    [
                        3.1705000400543213,
                        1.3310140371322632,
                        1.2104918956756592,
                        -5.293153285980225
                    ]
                ]
            ],
            "actions_pred": [
                [
                    [
                        1.0493189096450806,
                        1.08754563331604,
                        1.279784917831421,
                        1.826318621635437,
                        2.1291215419769287,
                        2.8100507259368896,
                        3.1879425048828125,
                        3.0470681190490723,
                        2.870657205581665,
                        3.1659555435180664,
                        3.1956472396850586,
                        3.127000331878662,
                        3.016585350036621,
                        3.4787375926971436,
                        3.440648317337036,
                        3.3751959800720215,
                        3.198719024658203,
