{
    "steps": [
        {
            "step": 0,
            "train_loss": 0.02035711705684662,
            "actions_pred1": [
                [
                    [
                        0.3203289210796356,
                        0.5294403433799744,
                        1.073306679725647,
                        -1.3753396272659302
                    ],
                    [
                        0.20010408759117126,
                        0.6264594793319702,
                        1.1566661596298218,
                        -1.4483047723770142
                    ],
                    [
                        0.22152693569660187,
                        0.5515879392623901,
                        1.1865565776824951,
                        -1.3125836849212646
                    ],
                    [
                        0.2459929883480072,
                        0.5434651374816895,
                        1.351710557937622,
                        -1.4197626113891602
                    ],
                    [
                        0.2705707252025604,
                        0.7005394101142883,
                        1.416738748550415,
                        -1.450705885887146
                    ],
                    [
                        0.3868907392024994,
                        0.619612991809845,
                        1.3275351524353027,
                        -1.4039252996444702
                    ],
                    [
                        0.2761329710483551,
                        0.6148748993873596,
                        1.1345080137252808,
                        -1.4306780099868774
                    ],
                    [
                        0.38179051876068115,
                        0.7179242372512817,
                        1.1673963069915771,
                        -1.384917974472046
                    ],
                    [
                        0.38483089208602905,
                        0.7212504148483276,
                        1.1482882499694824,
                        -1.3516011238098145
                    ],
                    [
                        0.20935632288455963,
                        0.6726031303405762,
                        1.2812092304229736,
                        -1.4077589511871338
                    ],
                    [
                        0.2478203922510147,
                        0.7372560501098633,
                        1.522242784500122,
                        -1.5241665840148926
                    ],
                    [
                        0.22431601583957672,
                        0.6859347820281982,
                        1.4459148645401,
                        -1.4050384759902954
                    ],
                    [
                        0.18483172357082367,
                        0.5500767827033997,
                        1.423069715499878,
                        -1.4722118377685547
                    ],
                    [
                        0.24151790142059326,
                        0.6245986819267273,
                        1.4645164012908936,
                        -1.5436320304870605
                    ],
                    [
                        0.2731040120124817,
                        0.6496778726577759,
                        1.4774903059005737,
                        -1.573470115661621
                    ],
                    [
                        0.2756824791431427,
                        0.6759291887283325,
                        1.4498952627182007,
                        -1.5370546579360962
                    ],
                    [
                        0.19645041227340698,
                        0.6436641216278076,
                        1.38754141330719,
                        -1.4763460159301758
                    ],
                    [
                        0.14391320943832397,
                        0.7575348615646362,
                        1.374255895614624,
                        -1.393685221672058
                    ],
                    [
                        0.18121826648712158,
                        0.7980905175209045,
                        1.4287586212158203,
                        -1.4522570371627808
                    ],
                    [
                        0.19778740406036377,
                        0.7963160276412964,
                        1.4540176391601562,
                        -1.4953776597976685
                    ]
                ]
            ],
            "actions_pred": [
                [
                    [
                        0.3203289210796356,
                        0.20010408759117126,
                        0.22152693569660187,
                        0.2459929883480072,
                        0.2705707252025604,
                        0.3868907392024994,
                        0.2761329710483551,
                        0.38179051876068115,
                        0.38483089208602905,
                        0.20935632288455963,
                        0.2478203922510147,
                        0.22431601583957672,
                        0.18483172357082367,
                        0.24151790142059326,
                        0.2731040120124817,
                        0.2756824791431427,
                        0.19645041227340698,
                        0.14391320943832397,
                        0.18121826648712158,
                        0.19778740406036377
                    ],
                    [
                        0.5294403433799744,
                        0.6264594793319702,
                        0.5515879392623901,
                        0.5434651374816895,
                        0.7005394101142883,
                        0.619612991809845,
                        0.6148748993873596,
                        0.7179242372512817,
                        0.7212504148483276,
                        0.6726031303405762,
                        0.7372560501098633,
                        0.6859347820281982,
                        0.5500767827033997,
                        0.6245986819267273,
                        0.6496778726577759,
                        0.6759291887283325,
                        0.6436641216278076,
                        0.7575348615646362,
                        0.7980905175209045,
                        0.7963160276412964
                    ],
                    [
                        1.073306679725647,
                        1.1566661596298218,
                        1.1865565776824951,
                        1.351710557937622,
                        1.416738748550415,
                        1.3275351524353027,
                        1.1345080137252808,
                        1.1673963069915771,
                        1.1482882499694824,
                        1.2812092304229736,
                        1.522242784500122,
                        1.4459148645401,
                        1.423069715499878,
                        1.4645164012908936,
                        1.4774903059005737,
                        1.4498952627182007,
                        1.38754141330719,
                        1.374255895614624,
                        1.4287586212158203,
                        1.4540176391601562
                    ],
                    [
                        -1.3753396272659302,
                        -1.4483047723770142,
                        -1.3125836849212646,
                        -1.4197626113891602,
                        -1.450705885887146,
                        -1.4039252996444702,
                        -1.4306780099868774,
                        -1.384917974472046,
                        -1.3516011238098145,
                        -1.4077589511871338,
                        -1.5241665840148926,
                        -1.4050384759902954,
                        -1.4722118377685547,
                        -1.5436320304870605,
                        -1.573470115661621,
                        -1.5370546579360962,
                        -1.4763460159301758,
                        -1.393685221672058,
                        -1.4522570371627808,
                        -1.4953776597976685
                    ]
                ]
            ],
            "states": [
                [
                    [
                        3105960.0,
                        0.00044856633758172393,
                        0.0002628508664201945,
                        907599.4375
                    ],
                    [
                        3777832.0,
                        0.00036993034882470965,
                        0.00026417680783197284,
                        946940.1875
                    ],
                    [
                        4115216.0,
                        0.00030784233240410686,
                        0.0002805523981805891,
                        868017.4375
                    ],
                    [
                        4368616.0,
                        0.0002607771893963218,
                        0.00026978878304362297,
                        839353.625
                    ],
                    [
                        5060760.0,
                        0.0002229743986390531,
                        0.00027627943200059235,
                        780951.6875
                    ],
                    [
                        5356152.0,
                        0.00019212921324651688,
                        0.00025924446526914835,
                        788666.125
                    ],
                    [
                        5373528.0,
                        0.00012254947796463966,
                        0.006524195894598961,
                        846197.875
                    ],
                    [
                        5111440.0,
                        0.00011254391574766487,
                        0.002146858023479581,
                        777919.5
                    ],
                    [
                        5496608.0,
                        0.00010397062578704208,
                        0.0023773028515279293,
                        803926.1875
                    ],
                    [
                        5341672.0,
                        9.645324462326244e-05,
                        0.0020079242531210184,
                        853121.5
                    ],
                    [
                        5344568.0,
                        9.003730519907549e-05,
                        0.0019139255164191127,
                        790495.3125
                    ],
                    [
                        5479232.0,
                        8.435636846115813e-05,
                        0.0013429223326966166,
                        807753.3125
                    ],
                    [
                        5356152.0,
                        7.934254972497001e-05,
                        0.0011628043139353395,
                        855534.6875
                    ],
                    [
                        5398144.0,
                        7.492363511119038e-05,
                        0.0009117702720686793,
                        841216.6875
                    ],
                    [
                        5729736.0,
                        7.084311073413119e-05,
                        0.000803604198154062,
                        821157.125
                    ],
                    [
                        5244656.0,
                        6.722798570990562e-05,
                        0.000699773314408958,
                        790182.875
                    ],
                    [
                        5503848.0,
                        6.403109728125855e-05,
                        0.0006680691731162369,
                        817074.375
                    ],
                    [
                        5367736.0,
                        6.109109381213784e-05,
                        0.0005246230284683406,
                        814748.3125
                    ],
                    [
                        5217144.0,
                        5.847758802701719e-05,
                        0.00046889804070815444,
                        836873.125
                    ],
                    [
                        5033248.0,
                        5.6151271564885974e-05,
                        0.00035997320082969964,
                        833663.1875
                    ]
                ]
            ],
            "actions": [
                [
                    [
                        0.75
                    ],
                    [
                        0.75
                    ],
                    [
                        0.75
                    ],
                    [
                        0.75
                    ],
                    [
                        0.75
                    ],
                    [
                        0.75
                    ],
                    [
                        0.75
                    ],
                    [
                        0.75
                    ],
                    [
                        0.75
                    ],
                    [
                        0.75
                    ],
                    [
                        0.75
                    ],
                    [
                        0.75
                    ],
                    [
                        0.75
                    ],
                    [
                        0.75
                    ],
                    [
                        0.75
                    ],
                    [
                        0.75
                    ],
                    [
                        0.75
                    ],
                    [
                        0.75
                    ],
                    [
                        0.75
                    ],
                    [
                        0.75
                    ]
                ]
            ],
            "returns": [
                [
                    [
                        0.37910521030426025
                    ],
                    [
                        0.378219872713089
                    ],
                    [
                        0.3773171603679657
                    ],
                    [
                        0.37640687823295593
                    ],
                    [
                        0.37549129128456116
                    ],
                    [
                        0.37456268072128296
                    ],
                    [
                        0.37362903356552124
                    ],
                    [
                        0.37269508838653564
                    ],
                    [
                        0.3717655837535858
                    ],
                    [
                        0.37082964181900024
                    ],
                    [
                        0.3698962330818176
                    ],
                    [
                        0.36896276473999023
                    ],
                    [
                        0.36802709102630615
                    ],
                    [
                        0.36709344387054443
                    ],
                    [
                        0.3661591112613678
                    ],
                    [
                        0.36521947383880615
                    ],
                    [
                        0.36428767442703247
                    ],
                    [
                        0.36335161328315735
                    ],
                    [
                        0.3624177873134613
                    ],
                    [
                        0.3614864647388458
                    ]
                ]
            ],
            "timesteps": [
                [
                    220,
                    221,
                    222,
                    223,
                    224,
                    225,
                    226,
                    227,
                    228,
                    229,
                    230,
                    231,
                    232,
                    233,
                    234,
                    235,
                    236,
                    237,
                    238,
                    239
                ]
            ],
            "labels": [
                [
                    2,
                    2,
                    2,
                    2,
                    2,
                    2,
                    2,
                    2,
                    2,
                    2,
                    2,
                    2,
                    2,
                    2,
                    2,
                    2,
                    2,
                    2,
                    2,
                    2
                ]
            ],
            "CPU Usage": 44.9,
            "RAM Usage": 55.1,
            "GPU Usage": 0.0,
            "VRAM Usage": 355.0,
            "Disk Read Speed (MB/s)": 206398.6845703125,
            "Disk Write Speed (MB/s)": 388288.3486328125
        },
        {
            "step": 1,
            "train_loss": 0.01876567304134369,
            "actions_pred1": [
                [
                    [
                        0.11096816509962082,
                        0.5325582027435303,
                        1.1718652248382568,
                        -1.2560774087905884
                    ],
                    [
                        0.002163834869861603,
                        0.49342724680900574,
                        1.2869863510131836,
                        -1.2676243782043457
                    ],
                    [
                        0.120518758893013,
                        0.5850144624710083,
                        1.2576029300689697,
                        -1.180546522140503
                    ],
                    [
                        0.2244667112827301,
                        0.5930442214012146,
                        1.2763396501541138,
                        -1.271059274673462
                    ],
                    [
                        0.2765291631221771,
                        0.6416752338409424,
                        1.2193729877471924,
                        -1.438593864440918
                    ],
                    [
                        0.09774710983037949,
                        0.5581986308097839,
                        1.1797447204589844,
                        -1.3861758708953857
                    ],
                    [
                        0.10053015500307083,
                        0.4944382309913635,
                        1.2864558696746826,
                        -1.3772001266479492
                    ],
                    [
                        0.1037665456533432,
                        0.5667659640312195,
                        1.3259317874908447,
                        -1.4486351013183594
                    ],
                    [
                        0.2584694027900696,
                        0.6194037795066833,
                        1.400822639465332,
                        -1.357935905456543
                    ],
                    [
                        0.22287394106388092,
                        0.5559389591217041,
                        1.3705273866653442,
                        -1.3933093547821045
                    ],
                    [
                        0.23672248423099518,
                        0.6674680113792419,
                        1.4010642766952515,
                        -1.3865633010864258
                    ],
                    [
                        0.28184378147125244,
                        0.6040951609611511,
                        1.342707633972168,
                        -1.4072015285491943
                    ],
                    [
                        0.28054043650627136,
                        0.598651647567749,
                        1.3550690412521362,
                        -1.3770778179168701
                    ],
                    [
                        0.3030480742454529,
                        0.7122917175292969,
                        1.5556821823120117,
                        -1.334624171257019
                    ],
                    [
                        0.2977784276008606,
                        0.752321183681488,
                        1.5736714601516724,
                        -1.2582762241363525
                    ],
                    [
                        0.3037327826023102,
                        0.7552761435508728,
                        1.6600526571273804,
                        -1.2597016096115112
                    ],
                    [
                        0.09902429580688477,
                        0.7118854522705078,
                        1.589732050895691,
                        -1.4134554862976074
                    ],
                    [
                        -0.016191311180591583,
                        0.7275304794311523,
                        1.6226236820220947,
                        -1.3719054460525513
                    ],
                    [
                        -0.005144327878952026,
                        0.7347205877304077,
                        1.5372437238693237,
                        -1.3841089010238647
                    ],
                    [
                        -0.03815411031246185,
                        0.8468968868255615,
                        1.6758475303649902,
                        -1.3688292503356934
                    ]
                ]
            ],
            "actions_pred": [
                [
                    [
                        0.11096816509962082,
                        0.002163834869861603,
                        0.120518758893013,
                        0.2244667112827301,
                        0.2765291631221771,
                        0.09774710983037949,
                        0.10053015500307083,
                        0.1037665456533432,
                        0.2584694027900696,
                        0.22287394106388092,
                        0.23672248423099518,
                        0.28184378147125244,
                        0.28054043650627136,
                        0.3030480742454529,
                        0.2977784276008606,
                        0.3037327826023102,
                        0.09902429580688477,
                        -0.016191311180591583,
                        -0.005144327878952026,
                        -0.03815411031246185
                    ],
                    [
                        0.5325582027435303,
                        0.49342724680900574,
                        0.5850144624710083,
                        0.5930442214012146,
                        0.6416752338409424,
                        0.5581986308097839,
                        0.4944382309913635,
                        0.5667659640312195,
                        0.6194037795066833,
                        0.5559389591217041,
                        0.6674680113792419,
                        0.6040951609611511,
                        0.598651647567749,
                        0.7122917175292969,
                        0.752321183681488,
                        0.7552761435508728,
                        0.7118854522705078,
                        0.7275304794311523,
                        0.7347205877304077,
                        0.8468968868255615
                    ],
                    [
                        1.1718652248382568,
                        1.2869863510131836,
                        1.2576029300689697,
                        1.2763396501541138,
                        1.2193729877471924,
                        1.1797447204589844,
                        1.2864558696746826,
                        1.3259317874908447,
                        1.400822639465332,
                        1.3705273866653442,
                        1.4010642766952515,
                        1.342707633972168,
                        1.3550690412521362,
                        1.5556821823120117,
                        1.5736714601516724,
                        1.6600526571273804,
                        1.589732050895691,
                        1.6226236820220947,
                        1.5372437238693237,
                        1.6758475303649902
                    ],
                    [
                        -1.2560774087905884,
                        -1.2676243782043457,
                        -1.180546522140503,
                        -1.271059274673462,
                        -1.438593864440918,
                        -1.3861758708953857,
                        -1.3772001266479492,
                        -1.4486351013183594,
                        -1.357935905456543,
                        -1.3933093547821045,
                        -1.3865633010864258,
                        -1.4072015285491943,
                        -1.3770778179168701,
                        -1.334624171257019,
                        -1.2582762241363525,
                        -1.2597016096115112,
                        -1.4134554862976074,
                        -1.3719054460525513,
                        -1.3841089010238647,
                        -1.3688292503356934
                    ]
                ]
            ],
            "states": [
                [
                    [
                        9069003.0,
                        0.0034533278085291386,
                        0.0002651966060511768,
                        441188.5625
                    ],
                    [
                        11320464.0,
                        0.000310528528643772,
                        0.0002789112040773034,
                        436995.21875
                    ],
                    [
                        10438632.0,
                        0.00017193457460962236,
                        0.00025781430304050446,
                        493798.40625
                    ],
                    [
                        10012920.0,
                        0.00012196777242934331,
                        0.0002818313369061798,
                        466062.65625
                    ],
                    [
                        10120072.0,
                        9.498456347500905e-05,
                        0.00027022496215067804,
                        484496.1875
                    ],
                    [
                        9115160.0,
                        7.838496094336733e-05,
                        0.00027221045456826687,
                        480218.375
                    ],
                    [
                        8819768.0,
                        6.74370166962035e-05,
                        0.0002733847650233656,
                        463188.125
                    ],
                    [
                        9522048.0,
                        5.902954944758676e-05,
                        0.00026607781182974577,
                        571538.5
                    ],
                    [
                        9099232.0,
                        5.2383467846084386e-05,
                        0.00028466759249567986,
                        601120.625
                    ],
                    [
                        8877688.0,
                        4.72521896881517e-05,
                        0.0002693114511203021,
                        590414.6875
                    ],
                    [
                        7406288.0,
                        4.339466249803081e-05,
                        0.0002695369767025113,
                        529230.5625
                    ],
                    [
                        7668840.0,
                        4.0354032535105944e-05,
                        0.00026757299201563,
                        612860.8125
                    ],
                    [
                        7531048.0,
                        3.768979149754159e-05,
                        0.0002770914288703352,
                        740788.0625
                    ],
                    [
                        7394936.0,
                        3.539538010954857e-05,
                        0.0002540841815061867,
                        705727.25
                    ],
                    [
                        6951848.0,
                        3.34380820277147e-05,
                        0.0002650599053595215,
                        732259.125
                    ],
                    [
                        6330656.0,
                        3.180928251822479e-05,
                        0.00027801760006695986,
                        722867.4375
                    ],
                    [
                        5884672.0,
                        3.0445722586591728e-05,
                        0.0002704633225221187,
                        677627.4375
                    ],
                    [
                        5363392.0,
                        2.9289631129358895e-05,
                        0.0002756867033895105,
                        805457.5625
                    ],
                    [
                        5311264.0,
                        2.82715027424274e-05,
                        0.00025344316964037716,
                        860605.0
                    ],
                    [
                        5401040.0,
                        2.6375411835033447e-05,
                        0.000413205154472962,
                        833632.5625
                    ]
                ]
            ],
            "actions": [
                [
                    [
                        0.75
                    ],
                    [
                        0.75
                    ],
                    [
                        0.75
                    ],
                    [
                        0.75
                    ],
                    [
                        0.75
                    ],
                    [
                        0.75
                    ],
                    [
                        0.75
                    ],
                    [
                        0.75
                    ],
                    [
                        0.75
                    ],
                    [
                        0.75
                    ],
                    [
                        0.75
                    ],
                    [
                        0.75
                    ],
                    [
                        0.75
                    ],
                    [
                        0.75
                    ],
                    [
                        0.75
                    ],
                    [
                        0.75
                    ],
                    [
                        0.75
                    ],
                    [
                        0.75
                    ],
                    [
                        0.75
                    ],
                    [
                        0.75
                    ]
                ]
            ],
            "returns": [
                [
                    [
                        0.5809153318405151
                    ],
                    [
                        0.5799350142478943
                    ],
                    [
                        0.5789350271224976
                    ],
                    [
                        0.5779421925544739
                    ],
                    [
                        0.5769530534744263
                    ],
                    [
                        0.575963020324707
                    ],
                    [
                        0.574982225894928
                    ],
                    [
                        0.5740043520927429
                    ],
                    [
                        0.5730196833610535
                    ],
                    [
                        0.5720390677452087
                    ],
                    [
                        0.5710605978965759
                    ],
                    [
                        0.5700982213020325
                    ],
                    [
                        0.5691327452659607
                    ],
                    [
                        0.5681688785552979
                    ],
                    [
                        0.567206621170044
                    ],
                    [
                        0.5662498474121094
                    ],
                    [
                        0.5653014183044434
                    ],
                    [
                        0.5643594264984131
                    ],
                    [
                        0.563425600528717
                    ],
                    [
                        0.5624927282333374
                    ]
                ]
            ],
            "timesteps": [
                [
                    0,
                    1,
                    2,
                    3,
                    4,
                    5,
                    6,
                    7,
                    8,
                    9,
                    10,
                    11,
                    12,
                    13,
                    14,
                    15,
                    16,
                    17,
                    18,
                    19
                ]
            ],
            "labels": [
                [
                    2,
                    2,
                    2,
                    2,
                    2,
                    2,
                    2,
                    2,
                    2,
                    2,
                    2,
                    2,
                    2,
                    2,
                    2,
                    2,
                    2,
                    2,
                    2,
                    2
                ]
            ],
            "CPU Usage": 46.7,
            "RAM Usage": 55.4,
            "GPU Usage": 0.0,
            "VRAM Usage": 355.0,
            "Disk Read Speed (MB/s)": 206398.6845703125,
            "Disk Write Speed (MB/s)": 388288.4033203125
        },
        {
            "step": 2,
            "train_loss": 0.03081369400024414,
            "actions_pred1": [
                [
                    [
                        0.656147837638855,
                        0.8505496978759766,
                        0.8565877676010132,
                        -1.4766077995300293
                    ],
                    [
                        0.7778375744819641,
                        0.6551233530044556,
                        0.90358966588974,
                        -1.5855655670166016
                    ],
                    [
                        0.5567359924316406,
                        0.8149604797363281,
                        0.8337188363075256,
                        -1.6086690425872803
                    ],
                    [
                        0.36675572395324707,
                        0.8458020687103271,
                        0.8635519742965698,
                        -1.6582603454589844
                    ],
                    [
                        0.4219927489757538,
                        0.8528106808662415,
                        0.8743636608123779,
                        -1.731947660446167
                    ],
                    [
                        0.38049542903900146,
                        0.8448652029037476,
                        0.9294350147247314,
                        -1.9112467765808105
                    ],
                    [
                        0.35546430945396423,
                        0.9276610612869263,
                        0.981784462928772,
                        -1.8518998622894287
                    ],
                    [
                        0.2625803053379059,
                        0.8261137008666992,
                        0.7631308436393738,
                        -1.737241268157959
                    ],
                    [
                        0.2758312225341797,
                        0.7923526763916016,
                        0.7633857727050781,
                        -1.7502837181091309
                    ],
                    [
                        0.32625630497932434,
                        0.8701112270355225,
                        0.8135856986045837,
                        -1.6565723419189453
                    ],
                    [
                        0.3870996832847595,
                        0.8945202827453613,
                        0.8147786855697632,
                        -1.5575907230377197
                    ],
                    [
                        0.3349778950214386,
                        0.958962082862854,
                        0.8925206065177917,
                        -1.5648025274276733
                    ],
                    [
                        0.26841622591018677,
                        0.9159378409385681,
                        0.7844968438148499,
                        -1.5534417629241943
                    ],
                    [
                        0.17779667675495148,
                        1.0346205234527588,
                        0.8633918762207031,
                        -1.557898998260498
                    ],
                    [
                        0.22763726115226746,
                        0.9302593469619751,
                        0.981803297996521,
                        -1.9621973037719727
                    ],
                    [
                        0.21931307017803192,
                        0.9189385175704956,
                        1.020896315574646,
                        -1.85811448097229
                    ],
                    [
                        0.2552344799041748,
                        0.9258774518966675,
                        1.1144371032714844,
                        -1.893937349319458
                    ],
                    [
                        0.39654552936553955,
                        0.9451284408569336,
                        1.1341742277145386,
                        -1.837095856666565
                    ],
                    [
                        0.42824092507362366,
                        1.044549584388733,
                        0.8621013164520264,
                        -1.8889086246490479
                    ],
                    [
                        0.3391866981983185,
                        1.0471460819244385,
                        0.8976978063583374,
                        -1.8235549926757812
                    ]
                ]
            ],
            "actions_pred": [
                [
                    [
                        0.656147837638855,
                        0.7778375744819641,
                        0.5567359924316406,
                        0.36675572395324707,
                        0.4219927489757538,
                        0.38049542903900146,
                        0.35546430945396423,
                        0.2625803053379059,
                        0.2758312225341797,
                        0.32625630497932434,
                        0.3870996832847595,
                        0.3349778950214386,
