{
    "steps": [
        {
            "step": 0,
            "train_loss": 0.00852600485086441,
            "actions_pred1": [
                [
                    [
                        1.1224443912506104,
                        1.059099793434143,
                        2.5958003997802734,
                        -4.632909774780273
                    ],
                    [
                        1.0263394117355347,
                        1.0173892974853516,
                        2.466557502746582,
                        -4.743925094604492
                    ],
                    [
                        1.279125690460205,
                        0.974643886089325,
                        2.372157096862793,
                        -4.708751678466797
                    ],
                    [
                        1.554693579673767,
                        0.8059750199317932,
                        3.070695638656616,
                        -5.28404426574707
                    ],
                    [
                        1.4380860328674316,
                        0.9827463626861572,
                        3.6238021850585938,
                        -5.750583171844482
                    ],
                    [
                        1.558786153793335,
                        1.0918924808502197,
                        3.5506539344787598,
                        -6.105425834655762
                    ],
                    [
                        1.481299638748169,
                        1.1520241498947144,
                        3.412461519241333,
                        -6.64391565322876
                    ],
                    [
                        1.8796255588531494,
                        1.7827410697937012,
                        3.5949389934539795,
                        -6.793850898742676
                    ],
                    [
                        2.225064516067505,
                        2.0617663860321045,
                        3.4828438758850098,
                        -6.811801910400391
                    ],
                    [
                        2.2173192501068115,
                        1.833877444267273,
                        3.78818941116333,
                        -7.013304233551025
                    ],
                    [
                        2.275886297225952,
                        1.924792766571045,
                        4.16171932220459,
                        -7.137550354003906
                    ],
                    [
                        2.424294948577881,
                        1.7512927055358887,
                        3.9063057899475098,
                        -7.22479772567749
                    ],
                    [
                        2.5034735202789307,
                        1.5412951707839966,
                        4.056161403656006,
                        -7.470170974731445
                    ],
                    [
                        2.6148345470428467,
                        1.409530520439148,
                        4.138794898986816,
                        -7.376482963562012
                    ],
                    [
                        2.5752344131469727,
                        1.520234227180481,
                        4.136613368988037,
                        -7.598029613494873
                    ],
                    [
                        2.4732086658477783,
                        1.7707239389419556,
                        4.34938383102417,
                        -7.630510330200195
                    ],
                    [
                        2.4736239910125732,
                        1.6808829307556152,
                        4.229857444763184,
                        -7.563648223876953
                    ],
                    [
                        2.43654465675354,
                        1.7007254362106323,
                        4.105193138122559,
                        -7.515377998352051
                    ],
                    [
                        2.109849691390991,
                        1.8770499229431152,
                        4.190990924835205,
                        -7.621332168579102
                    ],
                    [
                        2.1205549240112305,
                        1.9750006198883057,
                        4.2806525230407715,
                        -7.48989200592041
                    ]
                ]
            ],
            "actions_pred": [
                [
                    [
                        1.1224443912506104,
                        1.0263394117355347,
                        1.279125690460205,
                        1.554693579673767,
                        1.4380860328674316,
                        1.558786153793335,
                        1.481299638748169,
                        1.8796255588531494,
                        2.225064516067505,
                        2.2173192501068115,
                        2.275886297225952,
                        2.424294948577881,
                        2.5034735202789307,
                        2.6148345470428467,
                        2.5752344131469727,
                        2.4732086658477783,
                        2.4736239910125732,
                        2.43654465675354,
                        2.109849691390991,
                        2.1205549240112305
                    ],
                    [
                        1.059099793434143,
                        1.0173892974853516,
                        0.974643886089325,
                        0.8059750199317932,
                        0.9827463626861572,
                        1.0918924808502197,
                        1.1520241498947144,
                        1.7827410697937012,
                        2.0617663860321045,
                        1.833877444267273,
                        1.924792766571045,
                        1.7512927055358887,
                        1.5412951707839966,
                        1.409530520439148,
                        1.520234227180481,
                        1.7707239389419556,
                        1.6808829307556152,
                        1.7007254362106323,
                        1.8770499229431152,
                        1.9750006198883057
                    ],
                    [
                        2.5958003997802734,
                        2.466557502746582,
                        2.372157096862793,
                        3.070695638656616,
                        3.6238021850585938,
                        3.5506539344787598,
                        3.412461519241333,
                        3.5949389934539795,
                        3.4828438758850098,
                        3.78818941116333,
                        4.16171932220459,
                        3.9063057899475098,
                        4.056161403656006,
                        4.138794898986816,
                        4.136613368988037,
                        4.34938383102417,
                        4.229857444763184,
                        4.105193138122559,
                        4.190990924835205,
                        4.2806525230407715
                    ],
                    [
                        -4.632909774780273,
                        -4.743925094604492,
                        -4.708751678466797,
                        -5.28404426574707,
                        -5.750583171844482,
                        -6.105425834655762,
                        -6.64391565322876,
                        -6.793850898742676,
                        -6.811801910400391,
                        -7.013304233551025,
                        -7.137550354003906,
                        -7.22479772567749,
                        -7.470170974731445,
                        -7.376482963562012,
                        -7.598029613494873,
                        -7.630510330200195,
                        -7.563648223876953,
                        -7.515377998352051,
                        -7.621332168579102,
                        -7.48989200592041
                    ]
                ]
            ],
            "states": [
                [
                    [
                        3105960.0,
                        0.00044856633758172393,
                        0.0002628508664201945,
                        907599.4375
                    ],
                    [
                        3777832.0,
                        0.00036993034882470965,
                        0.00026417680783197284,
                        946940.1875
                    ],
                    [
                        4115216.0,
                        0.00030784233240410686,
                        0.0002805523981805891,
                        868017.4375
                    ],
                    [
                        4368616.0,
                        0.0002607771893963218,
                        0.00026978878304362297,
                        839353.625
                    ],
                    [
                        5060760.0,
                        0.0002229743986390531,
                        0.00027627943200059235,
                        780951.6875
                    ],
                    [
                        5356152.0,
                        0.00019212921324651688,
                        0.00025924446526914835,
                        788666.125
                    ],
                    [
                        5373528.0,
                        0.00012254947796463966,
                        0.006524195894598961,
                        846197.875
                    ],
                    [
                        5111440.0,
                        0.00011254391574766487,
                        0.002146858023479581,
                        777919.5
                    ],
                    [
                        5496608.0,
                        0.00010397062578704208,
                        0.0023773028515279293,
                        803926.1875
                    ],
                    [
                        5341672.0,
                        9.645324462326244e-05,
                        0.0020079242531210184,
                        853121.5
                    ],
                    [
                        5344568.0,
                        9.003730519907549e-05,
                        0.0019139255164191127,
                        790495.3125
                    ],
                    [
                        5479232.0,
                        8.435636846115813e-05,
                        0.0013429223326966166,
                        807753.3125
                    ],
                    [
                        5356152.0,
                        7.934254972497001e-05,
                        0.0011628043139353395,
                        855534.6875
                    ],
                    [
                        5398144.0,
                        7.492363511119038e-05,
                        0.0009117702720686793,
                        841216.6875
                    ],
                    [
                        5729736.0,
                        7.084311073413119e-05,
                        0.000803604198154062,
                        821157.125
                    ],
                    [
                        5244656.0,
                        6.722798570990562e-05,
                        0.000699773314408958,
                        790182.875
                    ],
                    [
                        5503848.0,
                        6.403109728125855e-05,
                        0.0006680691731162369,
                        817074.375
                    ],
                    [
                        5367736.0,
                        6.109109381213784e-05,
                        0.0005246230284683406,
                        814748.3125
                    ],
                    [
                        5217144.0,
                        5.847758802701719e-05,
                        0.00046889804070815444,
                        836873.125
                    ],
                    [
                        5033248.0,
                        5.6151271564885974e-05,
                        0.00035997320082969964,
                        833663.1875
                    ]
                ]
            ],
            "actions": [
                [
                    [
                        0.75
                    ],
                    [
                        0.75
                    ],
                    [
                        0.75
                    ],
                    [
                        0.75
                    ],
                    [
                        0.75
                    ],
                    [
                        0.75
                    ],
                    [
                        0.75
                    ],
                    [
                        0.75
                    ],
                    [
                        0.75
                    ],
                    [
                        0.75
                    ],
                    [
                        0.75
                    ],
                    [
                        0.75
                    ],
                    [
                        0.75
                    ],
                    [
                        0.75
                    ],
                    [
                        0.75
                    ],
                    [
                        0.75
                    ],
                    [
                        0.75
                    ],
                    [
                        0.75
                    ],
                    [
                        0.75
                    ],
                    [
                        0.75
                    ]
                ]
            ],
            "returns": [
                [
                    [
                        0.37910521030426025
                    ],
                    [
                        0.378219872713089
                    ],
                    [
                        0.3773171603679657
                    ],
                    [
                        0.37640687823295593
                    ],
                    [
                        0.37549129128456116
                    ],
                    [
                        0.37456268072128296
                    ],
                    [
                        0.37362903356552124
                    ],
                    [
                        0.37269508838653564
                    ],
                    [
                        0.3717655837535858
                    ],
                    [
                        0.37082964181900024
                    ],
                    [
                        0.3698962330818176
                    ],
                    [
                        0.36896276473999023
                    ],
                    [
                        0.36802709102630615
                    ],
                    [
                        0.36709344387054443
                    ],
                    [
                        0.3661591112613678
                    ],
                    [
                        0.36521947383880615
                    ],
                    [
                        0.36428767442703247
                    ],
                    [
                        0.36335161328315735
                    ],
                    [
                        0.3624177873134613
                    ],
                    [
                        0.3614864647388458
                    ]
                ]
            ],
            "timesteps": [
                [
                    220,
                    221,
                    222,
                    223,
                    224,
                    225,
                    226,
                    227,
                    228,
                    229,
                    230,
                    231,
                    232,
                    233,
                    234,
                    235,
                    236,
                    237,
                    238,
                    239
                ]
            ],
            "labels": [
                [
                    2,
                    2,
                    2,
                    2,
                    2,
                    2,
                    2,
                    2,
                    2,
                    2,
                    2,
                    2,
                    2,
                    2,
                    2,
                    2,
                    2,
                    2,
                    2,
                    2
                ]
            ],
            "CPU Usage": 45.7,
            "RAM Usage": 55.0,
            "GPU Usage": 0.0,
            "VRAM Usage": 355.0,
            "Disk Read Speed (MB/s)": 206652.6435546875,
            "Disk Write Speed (MB/s)": 426895.0908203125
        },
        {
            "step": 1,
            "train_loss": 0.0012432022485882044,
            "actions_pred1": [
                [
                    [
                        0.20071522891521454,
                        0.9130513668060303,
                        4.6062822341918945,
                        -4.36399507522583
                    ],
                    [
                        0.2261095494031906,
                        1.068483591079712,
                        4.493928909301758,
                        -4.4320573806762695
                    ],
                    [
                        0.8583160638809204,
                        1.2582931518554688,
                        4.6598992347717285,
                        -4.748444557189941
                    ],
                    [
                        0.893250584602356,
                        1.3953365087509155,
                        4.659557819366455,
                        -5.103503227233887
                    ],
                    [
                        1.1021863222122192,
                        1.7862443923950195,
                        4.60955286026001,
                        -5.509395122528076
                    ],
                    [
                        0.7787824869155884,
                        1.5152935981750488,
                        4.500749588012695,
                        -5.73570442199707
                    ],
                    [
                        0.7775505185127258,
                        1.179246425628662,
                        4.815587043762207,
                        -5.709024429321289
                    ],
                    [
                        0.7042793035507202,
                        1.0313091278076172,
                        4.732693195343018,
                        -5.994882106781006
                    ],
                    [
                        0.8465957045555115,
                        1.087735652923584,
                        4.953245162963867,
                        -5.877018928527832
                    ],
                    [
                        0.5732541680335999,
                        1.0058314800262451,
                        5.071220397949219,
                        -5.915853500366211
                    ],
                    [
                        0.7975370287895203,
                        1.4258668422698975,
                        5.09548282623291,
                        -6.030210971832275
                    ],
                    [
                        1.028717279434204,
                        1.498372197151184,
                        5.3339080810546875,
                        -6.250443935394287
                    ],
                    [
                        0.9963735342025757,
                        1.714629888534546,
                        5.61385440826416,
                        -6.3956122398376465
                    ],
                    [
                        0.966625452041626,
                        1.7030118703842163,
                        5.723754405975342,
                        -6.401559352874756
                    ],
                    [
                        0.9426742792129517,
                        1.772509217262268,
                        5.808900356292725,
                        -6.3540544509887695
                    ],
                    [
                        1.0207536220550537,
                        1.71077299118042,
                        5.857420921325684,
                        -6.1457743644714355
                    ],
                    [
                        1.1092199087142944,
                        1.6535800695419312,
                        5.651340007781982,
                        -6.085297584533691
                    ],
                    [
                        0.845751166343689,
                        1.794463872909546,
                        5.748205184936523,
                        -5.885007858276367
                    ],
                    [
                        0.8305233716964722,
                        1.7525321245193481,
                        5.644517421722412,
                        -5.904087543487549
                    ],
                    [
                        0.783585786819458,
                        1.9742581844329834,
                        5.657608509063721,
                        -5.875889778137207
                    ]
                ]
            ],
            "actions_pred": [
                [
                    [
                        0.20071522891521454,
                        0.2261095494031906,
                        0.8583160638809204,
                        0.893250584602356,
                        1.1021863222122192,
                        0.7787824869155884,
                        0.7775505185127258,
                        0.7042793035507202,
                        0.8465957045555115,
                        0.5732541680335999,
                        0.7975370287895203,
                        1.028717279434204,
                        0.9963735342025757,
                        0.966625452041626,
                        0.9426742792129517,
                        1.0207536220550537,
                        1.1092199087142944,
                        0.845751166343689,
                        0.8305233716964722,
                        0.783585786819458
                    ],
                    [
                        0.9130513668060303,
                        1.068483591079712,
                        1.2582931518554688,
                        1.3953365087509155,
                        1.7862443923950195,
                        1.5152935981750488,
                        1.179246425628662,
                        1.0313091278076172,
                        1.087735652923584,
                        1.0058314800262451,
                        1.4258668422698975,
                        1.498372197151184,
                        1.714629888534546,
                        1.7030118703842163,
                        1.772509217262268,
                        1.71077299118042,
                        1.6535800695419312,
                        1.794463872909546,
                        1.7525321245193481,
                        1.9742581844329834
                    ],
                    [
                        4.6062822341918945,
                        4.493928909301758,
                        4.6598992347717285,
                        4.659557819366455,
                        4.60955286026001,
                        4.500749588012695,
                        4.815587043762207,
                        4.732693195343018,
                        4.953245162963867,
                        5.071220397949219,
                        5.09548282623291,
                        5.3339080810546875,
                        5.61385440826416,
                        5.723754405975342,
                        5.808900356292725,
                        5.857420921325684,
                        5.651340007781982,
                        5.748205184936523,
                        5.644517421722412,
                        5.657608509063721
                    ],
                    [
                        -4.36399507522583,
                        -4.4320573806762695,
                        -4.748444557189941,
                        -5.103503227233887,
                        -5.509395122528076,
                        -5.73570442199707,
                        -5.709024429321289,
                        -5.994882106781006,
                        -5.877018928527832,
                        -5.915853500366211,
                        -6.030210971832275,
                        -6.250443935394287,
                        -6.3956122398376465,
                        -6.401559352874756,
                        -6.3540544509887695,
                        -6.1457743644714355,
                        -6.085297584533691,
                        -5.885007858276367,
                        -5.904087543487549,
                        -5.875889778137207
                    ]
                ]
            ],
            "states": [
                [
                    [
                        9069003.0,
                        0.0034533278085291386,
                        0.0002651966060511768,
                        441188.5625
                    ],
                    [
                        11320464.0,
                        0.000310528528643772,
                        0.0002789112040773034,
                        436995.21875
                    ],
                    [
                        10438632.0,
                        0.00017193457460962236,
                        0.00025781430304050446,
                        493798.40625
                    ],
                    [
                        10012920.0,
                        0.00012196777242934331,
                        0.0002818313369061798,
                        466062.65625
                    ],
                    [
                        10120072.0,
                        9.498456347500905e-05,
                        0.00027022496215067804,
                        484496.1875
                    ],
                    [
                        9115160.0,
                        7.838496094336733e-05,
                        0.00027221045456826687,
                        480218.375
                    ],
                    [
                        8819768.0,
                        6.74370166962035e-05,
                        0.0002733847650233656,
                        463188.125
                    ],
                    [
                        9522048.0,
                        5.902954944758676e-05,
                        0.00026607781182974577,
                        571538.5
                    ],
                    [
                        9099232.0,
                        5.2383467846084386e-05,
                        0.00028466759249567986,
                        601120.625
                    ],
                    [
                        8877688.0,
                        4.72521896881517e-05,
                        0.0002693114511203021,
                        590414.6875
                    ],
                    [
                        7406288.0,
                        4.339466249803081e-05,
                        0.0002695369767025113,
                        529230.5625
                    ],
                    [
                        7668840.0,
                        4.0354032535105944e-05,
                        0.00026757299201563,
                        612860.8125
                    ],
                    [
                        7531048.0,
                        3.768979149754159e-05,
                        0.0002770914288703352,
                        740788.0625
                    ],
                    [
                        7394936.0,
                        3.539538010954857e-05,
                        0.0002540841815061867,
                        705727.25
                    ],
                    [
                        6951848.0,
                        3.34380820277147e-05,
                        0.0002650599053595215,
                        732259.125
                    ],
                    [
                        6330656.0,
                        3.180928251822479e-05,
                        0.00027801760006695986,
                        722867.4375
                    ],
                    [
                        5884672.0,
                        3.0445722586591728e-05,
                        0.0002704633225221187,
                        677627.4375
                    ],
                    [
                        5363392.0,
                        2.9289631129358895e-05,
                        0.0002756867033895105,
                        805457.5625
                    ],
                    [
                        5311264.0,
                        2.82715027424274e-05,
                        0.00025344316964037716,
                        860605.0
                    ],
                    [
                        5401040.0,
                        2.6375411835033447e-05,
                        0.000413205154472962,
                        833632.5625
                    ]
                ]
            ],
            "actions": [
                [
                    [
                        0.75
                    ],
                    [
                        0.75
                    ],
                    [
                        0.75
                    ],
                    [
                        0.75
                    ],
                    [
                        0.75
                    ],
                    [
                        0.75
                    ],
                    [
                        0.75
                    ],
                    [
                        0.75
                    ],
                    [
                        0.75
                    ],
                    [
                        0.75
                    ],
                    [
                        0.75
                    ],
                    [
                        0.75
                    ],
                    [
                        0.75
                    ],
                    [
                        0.75
                    ],
                    [
                        0.75
                    ],
                    [
                        0.75
                    ],
                    [
                        0.75
                    ],
                    [
                        0.75
                    ],
                    [
                        0.75
                    ],
                    [
                        0.75
                    ]
                ]
            ],
            "returns": [
                [
                    [
                        0.5809153318405151
                    ],
                    [
                        0.5799350142478943
                    ],
                    [
                        0.5789350271224976
                    ],
                    [
                        0.5779421925544739
                    ],
                    [
                        0.5769530534744263
                    ],
                    [
                        0.575963020324707
                    ],
                    [
                        0.574982225894928
                    ],
                    [
                        0.5740043520927429
                    ],
                    [
                        0.5730196833610535
                    ],
                    [
                        0.5720390677452087
                    ],
                    [
                        0.5710605978965759
                    ],
                    [
                        0.5700982213020325
                    ],
                    [
                        0.5691327452659607
                    ],
                    [
                        0.5681688785552979
                    ],
                    [
                        0.567206621170044
                    ],
                    [
                        0.5662498474121094
                    ],
                    [
                        0.5653014183044434
                    ],
                    [
                        0.5643594264984131
                    ],
                    [
                        0.563425600528717
                    ],
                    [
                        0.5624927282333374
                    ]
                ]
            ],
            "timesteps": [
                [
                    0,
                    1,
                    2,
                    3,
                    4,
                    5,
                    6,
                    7,
                    8,
                    9,
                    10,
                    11,
                    12,
                    13,
                    14,
                    15,
                    16,
                    17,
                    18,
                    19
                ]
            ],
            "labels": [
                [
                    2,
                    2,
                    2,
                    2,
                    2,
                    2,
                    2,
                    2,
                    2,
                    2,
                    2,
                    2,
                    2,
                    2,
                    2,
                    2,
                    2,
                    2,
                    2,
                    2
                ]
            ],
            "CPU Usage": 46.7,
            "RAM Usage": 55.3,
            "GPU Usage": 0.0,
            "VRAM Usage": 355.0,
            "Disk Read Speed (MB/s)": 206652.6435546875,
            "Disk Write Speed (MB/s)": 426895.3916015625
        },
        {
            "step": 2,
            "train_loss": 0.007626242004334927,
            "actions_pred1": [
                [
                    [
                        2.869594097137451,
                        2.3732895851135254,
                        1.8389397859573364,
                        -5.917202472686768
                    ],
                    [
                        3.3696436882019043,
                        2.5412755012512207,
                        1.4335815906524658,
                        -5.816304683685303
                    ],
                    [
                        3.6252548694610596,
                        2.0205025672912598,
                        1.5866435766220093,
                        -5.951868534088135
                    ],
                    [
                        4.206995964050293,
                        1.5792863368988037,
                        1.1805964708328247,
                        -6.121583461761475
                    ],
                    [
                        4.042901992797852,
                        1.8710095882415771,
                        1.0835610628128052,
                        -6.122320175170898
                    ],
                    [
                        3.7451109886169434,
                        1.9144117832183838,
                        0.8114473819732666,
                        -6.032046794891357
                    ],
                    [
                        3.664769172668457,
                        2.0689966678619385,
                        0.8027526140213013,
                        -5.849067211151123
                    ],
                    [
                        3.5829579830169678,
                        1.8444318771362305,
                        0.6887481212615967,
                        -5.903772354125977
                    ],
                    [
                        3.708934783935547,
                        1.8811123371124268,
                        0.873657763004303,
                        -5.903801441192627
                    ],
                    [
                        3.932417154312134,
                        1.7927067279815674,
                        1.1451716423034668,
                        -6.025416851043701
                    ],
                    [
                        3.622469425201416,
                        1.431881308555603,
                        0.9212106466293335,
                        -5.979506969451904
                    ],
                    [
                        3.5114293098449707,
                        1.4583426713943481,
                        0.9326543807983398,
                        -5.740260124206543
                    ],
                    [
                        3.5818839073181152,
                        1.5537149906158447,
                        0.773186445236206,
                        -5.662929058074951
                    ],
                    [
                        3.6142077445983887,
                        1.6228876113891602,
                        0.6716325283050537,
                        -5.650728702545166
                    ],
                    [
                        3.6853370666503906,
                        1.6112785339355469,
                        0.5730679035186768,
                        -5.639528751373291
                    ],
                    [
                        3.4733641147613525,
                        1.5947620868682861,
                        0.5600125789642334,
                        -5.719120979309082
                    ],
                    [
                        3.1724493503570557,
                        1.5653016567230225,
                        0.7048125863075256,
                        -5.719517230987549
                    ],
                    [
                        3.082357406616211,
                        1.6213445663452148,
                        0.8521554470062256,
                        -5.656466960906982
                    ],
                    [
                        3.0594165325164795,
                        1.7244391441345215,
                        0.8103306889533997,
                        -5.736850738525391
                    ],
                    [
                        3.0833427906036377,
                        1.5828499794006348,
                        0.9588364362716675,
                        -5.8063507080078125
                    ]
                ]
            ],
            "actions_pred": [
                [
                    [
                        2.869594097137451,
                        3.3696436882019043,
                        3.6252548694610596,
                        4.206995964050293,
                        4.042901992797852,
                        3.7451109886169434,
                        3.664769172668457,
                        3.5829579830169678,
                        3.708934783935547,
                        3.932417154312134,
                        3.622469425201416,
                        3.5114293098449707,
                        3.5818839073181152,
                        3.6142077445983887,
                        3.6853370666503906,
                        3.4733641147613525,
                        3.1724493503570557,
                        3.082357406616211,
