{
    "steps": [
        {
            "step": 0,
            "train_loss": 0.03550569713115692,
            "actions_pred1": [
                [
                    [
                        0.19404450058937073,
                        0.7357016205787659,
                        0.31854188442230225,
                        -0.4062676727771759
                    ],
                    [
                        0.5601130127906799,
                        0.5479692816734314,
                        0.3763487935066223,
                        -0.5201294422149658
                    ],
                    [
                        0.43942874670028687,
                        0.562053918838501,
                        0.3453921973705292,
                        -0.43518298864364624
                    ],
                    [
                        0.42763471603393555,
                        0.5570200681686401,
                        0.3588625192642212,
                        -0.46519461274147034
                    ],
                    [
                        0.407007098197937,
                        0.47839587926864624,
                        0.3394818902015686,
                        -0.4913397431373596
                    ],
                    [
                        0.31688278913497925,
                        0.44049620628356934,
                        0.5687853097915649,
                        -0.39834919571876526
                    ],
                    [
                        0.42294734716415405,
                        0.329839825630188,
                        0.6203727722167969,
                        -0.32560232281684875
                    ],
                    [
                        0.4438917934894562,
                        0.3413161039352417,
                        0.5895638465881348,
                        -0.33710750937461853
                    ],
                    [
                        0.3711000084877014,
                        0.3996489644050598,
                        0.577267050743103,
                        -0.41464799642562866
                    ],
                    [
                        0.35145553946495056,
                        0.4724850654602051,
                        0.5103221535682678,
                        -0.34930455684661865
                    ],
                    [
                        0.35472357273101807,
                        0.4839951992034912,
                        0.5505315065383911,
                        -0.3132566213607788
                    ],
                    [
                        0.336347758769989,
                        0.4709939956665039,
                        0.4763256311416626,
                        -0.4632143974304199
                    ],
                    [
                        0.2546236515045166,
                        0.4603419899940491,
                        0.4109857976436615,
                        -0.41772013902664185
                    ],
                    [
                        0.25569671392440796,
                        0.4632112979888916,
                        0.5195807218551636,
                        -0.39864230155944824
                    ],
                    [
                        0.12332183122634888,
                        0.17515334486961365,
                        0.7895723581314087,
                        -0.4659630060195923
                    ],
                    [
                        0.18429863452911377,
                        0.36440756916999817,
                        0.7866750359535217,
                        -0.5060923099517822
                    ],
                    [
                        0.15509521961212158,
                        0.3977259397506714,
                        0.7046453952789307,
                        -0.46436911821365356
                    ],
                    [
                        0.23123842477798462,
                        0.4709659814834595,
                        0.6035851836204529,
                        -0.6077629923820496
                    ],
                    [
                        0.08436211943626404,
                        0.6161631345748901,
                        0.702504575252533,
                        -0.6920214295387268
                    ],
                    [
                        0.2040305733680725,
                        0.5525193810462952,
                        0.6407338380813599,
                        -0.5773903727531433
                    ]
                ]
            ],
            "actions_pred": [
                [
                    [
                        0.19404450058937073,
                        0.5601130127906799,
                        0.43942874670028687,
                        0.42763471603393555,
                        0.407007098197937,
                        0.31688278913497925,
                        0.42294734716415405,
                        0.4438917934894562,
                        0.3711000084877014,
                        0.35145553946495056,
                        0.35472357273101807,
                        0.336347758769989,
                        0.2546236515045166,
                        0.25569671392440796,
                        0.12332183122634888,
                        0.18429863452911377,
                        0.15509521961212158,
                        0.23123842477798462,
                        0.08436211943626404,
                        0.2040305733680725
                    ],
                    [
                        0.7357016205787659,
                        0.5479692816734314,
                        0.562053918838501,
                        0.5570200681686401,
                        0.47839587926864624,
                        0.44049620628356934,
                        0.329839825630188,
                        0.3413161039352417,
                        0.3996489644050598,
                        0.4724850654602051,
                        0.4839951992034912,
                        0.4709939956665039,
                        0.4603419899940491,
                        0.4632112979888916,
                        0.17515334486961365,
                        0.36440756916999817,
                        0.3977259397506714,
                        0.4709659814834595,
                        0.6161631345748901,
                        0.5525193810462952
                    ],
                    [
                        0.31854188442230225,
                        0.3763487935066223,
                        0.3453921973705292,
                        0.3588625192642212,
                        0.3394818902015686,
                        0.5687853097915649,
                        0.6203727722167969,
                        0.5895638465881348,
                        0.577267050743103,
                        0.5103221535682678,
                        0.5505315065383911,
                        0.4763256311416626,
                        0.4109857976436615,
                        0.5195807218551636,
                        0.7895723581314087,
                        0.7866750359535217,
                        0.7046453952789307,
                        0.6035851836204529,
                        0.702504575252533,
                        0.6407338380813599
                    ],
                    [
                        -0.4062676727771759,
                        -0.5201294422149658,
                        -0.43518298864364624,
                        -0.46519461274147034,
                        -0.4913397431373596,
                        -0.39834919571876526,
                        -0.32560232281684875,
                        -0.33710750937461853,
                        -0.41464799642562866,
                        -0.34930455684661865,
                        -0.3132566213607788,
                        -0.4632143974304199,
                        -0.41772013902664185,
                        -0.39864230155944824,
                        -0.4659630060195923,
                        -0.5060923099517822,
                        -0.46436911821365356,
                        -0.6077629923820496,
                        -0.6920214295387268,
                        -0.5773903727531433
                    ]
                ]
            ],
            "states": [
                [
                    [
                        5334432.0,
                        2.079466503346339e-05,
                        0.00026978878304362297,
                        822567.125
                    ],
                    [
                        5450272.0,
                        2.0477313228184357e-05,
                        0.00027627943200059235,
                        856531.375
                    ],
                    [
                        5496608.0,
                        2.0164978195680305e-05,
                        0.00025924446526914835,
                        796247.875
                    ],
                    [
                        5340224.0,
                        1.901392352010589e-05,
                        0.006524195894598961,
                        835512.25
                    ],
                    [
                        5366288.0,
                        1.8750137314782478e-05,
                        0.002146858023479581,
                        813363.3125
                    ],
                    [
                        5389456.0,
                        1.8492408344172873e-05,
                        0.0023773028515279293,
                        845072.375
                    ],
                    [
                        5118680.0,
                        1.8247363186674193e-05,
                        0.0020079242531210184,
                        804446.8125
                    ],
                    [
                        5463304.0,
                        1.8007134713116102e-05,
                        0.0019139255164191127,
                        824885.1875
                    ],
                    [
                        5337328.0,
                        1.7768334146239795e-05,
                        0.0013429223326966166,
                        814676.0
                    ],
                    [
                        5398144.0,
                        1.753715696395375e-05,
                        0.0011628043139353395,
                        805373.25
                    ],
                    [
                        5337328.0,
                        1.7311906049144454e-05,
                        0.0009117702720686793,
                        826102.5
                    ],
                    [
                        5053520.0,
                        1.709933530946728e-05,
                        0.000803604198154062,
                        828294.75
                    ],
                    [
                        5891912.0,
                        1.6881092960829847e-05,
                        0.000699773314408958,
                        791778.0625
                    ],
                    [
                        5104200.0,
                        1.6667219824739732e-05,
                        0.0006680691731162369,
                        868015.875
                    ],
                    [
                        5372080.0,
                        1.646851160330698e-05,
                        0.0005246230284683406,
                        748358.1875
                    ],
                    [
                        5262032.0,
                        1.6271596905426122e-05,
                        0.00046889804070815444,
                        796238.875
                    ],
                    [
                        5473440.0,
                        1.6077548934845254e-05,
                        0.00035997320082969964,
                        812237.5625
                    ],
                    [
                        4978224.0,
                        1.589297789905686e-05,
                        0.00037329201586544514,
                        806297.3125
                    ],
                    [
                        5450272.0,
                        1.571305256220512e-05,
                        0.00029995679506100714,
                        802099.3125
                    ],
                    [
                        5424208.0,
                        1.5529669326497242e-05,
                        0.0002722619683481753,
                        836648.625
                    ]
                ]
            ],
            "actions": [
                [
                    [
                        0.75
                    ],
                    [
                        0.75
                    ],
                    [
                        0.75
                    ],
                    [
                        0.75
                    ],
                    [
                        0.75
                    ],
                    [
                        0.75
                    ],
                    [
                        0.75
                    ],
                    [
                        0.75
                    ],
                    [
                        0.75
                    ],
                    [
                        0.75
                    ],
                    [
                        0.75
                    ],
                    [
                        0.75
                    ],
                    [
                        0.75
                    ],
                    [
                        0.75
                    ],
                    [
                        0.75
                    ],
                    [
                        0.75
                    ],
                    [
                        0.75
                    ],
                    [
                        0.75
                    ],
                    [
                        0.75
                    ],
                    [
                        0.75
                    ]
                ]
            ],
            "returns": [
                [
                    [
                        0.3232199251651764
                    ],
                    [
                        0.3222866356372833
                    ],
                    [
                        0.32135143876075745
                    ],
                    [
                        0.3204154968261719
                    ],
                    [
                        0.31948211789131165
                    ],
                    [
                        0.3185482919216156
                    ],
                    [
                        0.3176141083240509
                    ],
                    [
                        0.31668445467948914
                    ],
                    [
                        0.31574904918670654
                    ],
                    [
                        0.3148157298564911
                    ],
                    [
                        0.31388136744499207
                    ],
                    [
                        0.3129480481147766
                    ],
                    [
                        0.3120195269584656
                    ],
                    [
                        0.31107744574546814
                    ],
                    [
                        0.31014806032180786
                    ],
                    [
                        0.30921414494514465
                    ],
                    [
                        0.3082820773124695
                    ],
                    [
                        0.30734649300575256
                    ],
                    [
                        0.306419312953949
                    ],
                    [
                        0.3054841458797455
                    ]
                ]
            ],
            "timesteps": [
                [
                    280,
                    281,
                    282,
                    283,
                    284,
                    285,
                    286,
                    287,
                    288,
                    289,
                    290,
                    291,
                    292,
                    293,
                    294,
                    295,
                    296,
                    297,
                    298,
                    299
                ]
            ],
            "labels": [
                [
                    2,
                    2,
                    2,
                    2,
                    2,
                    2,
                    2,
                    2,
                    2,
                    2,
                    2,
                    2,
                    2,
                    2,
                    2,
                    2,
                    2,
                    2,
                    2,
                    2
                ]
            ],
            "CPU Usage": 45.8,
            "RAM Usage": 55.2,
            "GPU Usage": 0.0,
            "VRAM Usage": 356.0,
            "Disk Read Speed (MB/s)": 206066.4970703125,
            "Disk Write Speed (MB/s)": 367878.1533203125
        },
        {
            "step": 1,
            "train_loss": 0.03850588947534561,
            "actions_pred1": [
                [
                    [
                        0.830325722694397,
                        0.2971263527870178,
                        0.39900606870651245,
                        -0.5531433820724487
                    ],
                    [
                        0.9600036144256592,
                        0.19227124750614166,
                        0.4263792932033539,
                        -0.537997841835022
                    ],
                    [
                        0.7350713014602661,
                        0.3684944212436676,
                        0.37393423914909363,
                        -0.6111673712730408
                    ],
                    [
                        0.5392990112304688,
                        0.4112323820590973,
                        0.41077253222465515,
                        -0.6672477722167969
                    ],
                    [
                        0.5791385173797607,
                        0.4259134531021118,
                        0.4305973947048187,
                        -0.7146417498588562
                    ],
                    [
                        0.5460591316223145,
                        0.4047907590866089,
                        0.46563977003097534,
                        -0.8686338067054749
                    ],
                    [
                        0.5358672142028809,
                        0.46214479207992554,
                        0.4919407367706299,
                        -0.8049858808517456
                    ],
                    [
                        0.45336925983428955,
                        0.36602360010147095,
                        0.26509320735931396,
                        -0.7257246375083923
                    ],
                    [
                        0.4517262279987335,
                        0.3452783226966858,
                        0.2754749357700348,
                        -0.7205343246459961
                    ],
                    [
                        0.5016776323318481,
                        0.42725443840026855,
                        0.32587939500808716,
                        -0.6480574607849121
                    ],
                    [
                        0.5729306936264038,
                        0.4569604694843292,
                        0.336791455745697,
                        -0.5734096169471741
                    ],
                    [
                        0.5312302112579346,
                        0.5016043782234192,
                        0.38655775785446167,
                        -0.5545457005500793
                    ],
                    [
                        0.45395970344543457,
                        0.46551764011383057,
                        0.28229182958602905,
                        -0.581256091594696
                    ],
                    [
                        0.3079622685909271,
                        0.5467119216918945,
                        0.3993802070617676,
                        -0.5408954620361328
                    ],
                    [
                        0.3591823875904083,
                        0.41995564103126526,
                        0.4612356424331665,
                        -0.8514657616615295
                    ],
                    [
                        0.32992371916770935,
                        0.42525535821914673,
                        0.5140688419342041,
                        -0.7832551002502441
                    ],
                    [
                        0.36160027980804443,
                        0.4624054431915283,
                        0.605866551399231,
                        -0.8234429955482483
                    ],
                    [
                        0.46386006474494934,
                        0.5028339624404907,
                        0.6274588108062744,
                        -0.7628372311592102
                    ],
                    [
                        0.4828386902809143,
                        0.5297403931617737,
                        0.35147732496261597,
                        -0.7341336011886597
                    ],
                    [
                        0.3812258839607239,
                        0.5339268445968628,
                        0.4153735637664795,
                        -0.7246984243392944
                    ]
                ]
            ],
            "actions_pred": [
                [
                    [
                        0.830325722694397,
                        0.9600036144256592,
                        0.7350713014602661,
                        0.5392990112304688,
                        0.5791385173797607,
                        0.5460591316223145,
                        0.5358672142028809,
                        0.45336925983428955,
                        0.4517262279987335,
                        0.5016776323318481,
                        0.5729306936264038,
                        0.5312302112579346,
                        0.45395970344543457,
                        0.3079622685909271,
                        0.3591823875904083,
                        0.32992371916770935,
                        0.36160027980804443,
                        0.46386006474494934,
                        0.4828386902809143,
                        0.3812258839607239
                    ],
                    [
                        0.2971263527870178,
                        0.19227124750614166,
                        0.3684944212436676,
                        0.4112323820590973,
                        0.4259134531021118,
                        0.4047907590866089,
                        0.46214479207992554,
                        0.36602360010147095,
                        0.3452783226966858,
                        0.42725443840026855,
                        0.4569604694843292,
                        0.5016043782234192,
                        0.46551764011383057,
                        0.5467119216918945,
                        0.41995564103126526,
                        0.42525535821914673,
                        0.4624054431915283,
                        0.5028339624404907,
                        0.5297403931617737,
                        0.5339268445968628
                    ],
                    [
                        0.39900606870651245,
                        0.4263792932033539,
                        0.37393423914909363,
                        0.41077253222465515,
                        0.4305973947048187,
                        0.46563977003097534,
                        0.4919407367706299,
                        0.26509320735931396,
                        0.2754749357700348,
                        0.32587939500808716,
                        0.336791455745697,
                        0.38655775785446167,
                        0.28229182958602905,
                        0.3993802070617676,
                        0.4612356424331665,
                        0.5140688419342041,
                        0.605866551399231,
                        0.6274588108062744,
                        0.35147732496261597,
                        0.4153735637664795
                    ],
                    [
                        -0.5531433820724487,
                        -0.537997841835022,
                        -0.6111673712730408,
                        -0.6672477722167969,
                        -0.7146417498588562,
                        -0.8686338067054749,
                        -0.8049858808517456,
                        -0.7257246375083923,
                        -0.7205343246459961,
                        -0.6480574607849121,
                        -0.5734096169471741,
                        -0.5545457005500793,
                        -0.581256091594696,
                        -0.5408954620361328,
                        -0.8514657616615295,
                        -0.7832551002502441,
                        -0.8234429955482483,
                        -0.7628372311592102,
                        -0.7341336011886597,
                        -0.7246984243392944
                    ]
                ]
            ],
            "states": [
                [
                    [
                        4019648.0,
                        3.81172176275868e-05,
                        0.00027542549651116133,
                        604074.25
                    ],
                    [
                        3591040.0,
                        3.7697544030379504e-05,
                        0.00025879128952510655,
                        645691.25
                    ],
                    [
                        4225264.0,
                        3.727625517058186e-05,
                        0.0002528103068470955,
                        514911.09375
                    ],
                    [
                        4439568.0,
                        3.6820012610405684e-05,
                        0.00020026147831231356,
                        552938.5
                    ],
                    [
                        5228728.0,
                        3.6324065149528906e-05,
                        0.00022364039614330977,
                        577892.375
                    ],
                    [
                        5965760.0,
                        3.5766250221058726e-05,
                        0.0002323320077266544,
                        503764.8125
                    ],
                    [
                        6114904.0,
                        3.518302401062101e-05,
                        0.00023472661268897355,
                        508360.15625
                    ],
                    [
                        5644304.0,
                        3.463315078988671e-05,
                        0.00024062122975010425,
                        571257.3125
                    ],
                    [
                        5870192.0,
                        3.411128273000941e-05,
                        0.0001874879380920902,
                        547187.9375
                    ],
                    [
                        5618240.0,
                        3.360593836987391e-05,
                        0.00025532711879350245,
                        590262.375
                    ],
                    [
                        6352376.0,
                        3.3095278922701254e-05,
                        0.0002452299522701651,
                        574275.5
                    ],
                    [
                        5702224.0,
                        3.259619916207157e-05,
                        0.00023082415282260627,
                        543057.75
                    ],
                    [
                        7646888.0,
                        3.206136170774698e-05,
                        0.00026125748991034925,
                        526472.875
                    ],
                    [
                        5964312.0,
                        3.153302532155067e-05,
                        0.00024003862927202135,
                        536332.125
                    ],
                    [
                        5580592.0,
                        3.109858516836539e-05,
                        0.00019315553072374314,
                        564225.875
                    ],
                    [
                        6007752.0,
                        3.0674520530737936e-05,
                        0.00022412248654291034,
                        547189.8125
                    ],
                    [
                        4469976.0,
                        3.0300650905701332e-05,
                        0.00023788119142409414,
                        655379.0
                    ],
                    [
                        3631584.0,
                        3.0017836252227426e-05,
                        0.0002484873402863741,
                        709152.875
                    ],
                    [
                        3940008.0,
                        2.9758366508758627e-05,
                        0.00025739934062585235,
                        659045.125
                    ],
                    [
                        3424520.0,
                        2.951018359453883e-05,
                        0.00019004895875696093,
                        668658.9375
                    ]
                ]
            ],
            "actions": [
                [
                    [
                        0.5
                    ],
                    [
                        0.5
                    ],
                    [
                        0.5
                    ],
                    [
                        0.5
                    ],
                    [
                        0.5
                    ],
                    [
                        0.5
                    ],
                    [
                        0.5
                    ],
                    [
                        0.5
                    ],
                    [
                        0.5
                    ],
                    [
                        0.5
                    ],
                    [
                        0.5
                    ],
                    [
                        0.5
                    ],
                    [
                        0.5
                    ],
                    [
                        0.5
                    ],
                    [
                        0.5
                    ],
                    [
                        0.5
                    ],
                    [
                        0.5
                    ],
                    [
                        0.5
                    ],
                    [
                        0.5
                    ],
                    [
                        0.5
                    ]
                ]
            ],
            "returns": [
                [
                    [
                        0.13405705988407135
                    ],
                    [
                        0.13314884901046753
                    ],
                    [
                        0.13225065171718597
                    ],
                    [
                        0.13133801519870758
                    ],
                    [
                        0.1304210126399994
                    ],
                    [
                        0.1294894963502884
                    ],
                    [
                        0.12854628264904022
                    ],
                    [
                        0.12760089337825775
                    ],
                    [
                        0.12666259706020355
                    ],
                    [
                        0.12572081387043
                    ],
                    [
                        0.12478292733430862
                    ],
                    [
                        0.12383415549993515
                    ],
                    [
                        0.12289495021104813
                    ],
                    [
                        0.12192973494529724
                    ],
                    [
                        0.12098655104637146
                    ],
                    [
                        0.12004926055669785
                    ],
                    [
                        0.11910542845726013
                    ],
                    [
                        0.118187814950943
                    ],
                    [
                        0.11728861182928085
                    ],
                    [
                        0.1163821816444397
                    ]
                ]
            ],
            "timesteps": [
                [
                    480,
                    481,
                    482,
                    483,
                    484,
                    485,
                    486,
                    487,
                    488,
                    489,
                    490,
                    491,
                    492,
                    493,
                    494,
                    495,
                    496,
                    497,
                    498,
                    499
                ]
            ],
            "labels": [
                [
                    1,
                    1,
                    1,
                    1,
                    1,
                    1,
                    1,
                    1,
                    1,
                    1,
                    1,
                    1,
                    1,
                    1,
                    1,
                    1,
                    1,
                    1,
                    1,
                    1
                ]
            ],
            "CPU Usage": 46.7,
            "RAM Usage": 55.2,
            "GPU Usage": 0.0,
            "VRAM Usage": 356.0,
            "Disk Read Speed (MB/s)": 206066.4970703125,
            "Disk Write Speed (MB/s)": 367878.2080078125
        },
        {
            "step": 2,
            "train_loss": 0.03961688280105591,
            "actions_pred1": [
                [
                    [
                        0.4439016580581665,
                        0.29092860221862793,
                        0.5619037747383118,
                        -0.4186398983001709
                    ],
                    [
                        0.35853391885757446,
                        0.11705043911933899,
                        0.3804141581058502,
                        -0.40521788597106934
                    ],
                    [
                        0.2780534625053406,
                        0.16020461916923523,
                        0.4820759892463684,
                        -0.47030165791511536
                    ],
                    [
                        0.08183895796537399,
                        0.23236873745918274,
                        0.42627328634262085,
                        -0.4959757626056671
                    ],
                    [
                        0.04499054700136185,
                        0.2971653938293457,
                        0.47437936067581177,
                        -0.5625014305114746
                    ],
                    [
                        0.07733472436666489,
                        0.33505773544311523,
                        0.5226122736930847,
                        -0.47844743728637695
                    ],
                    [
                        0.04927196353673935,
                        0.39941108226776123,
                        0.4283747673034668,
                        -0.477408230304718
                    ],
                    [
                        0.03992825001478195,
                        0.297412633895874,
                        0.4876517653465271,
                        -0.529232382774353
                    ],
                    [
                        0.028073258697986603,
                        0.28128984570503235,
                        0.5109970569610596,
                        -0.5755460262298584
                    ],
                    [
                        0.048688337206840515,
                        0.31203365325927734,
                        0.6564781665802002,
                        -0.5060389637947083
                    ],
                    [
                        0.22014963626861572,
                        0.31594187021255493,
                        0.5846766233444214,
                        -0.6117249131202698
                    ],
                    [
                        0.3503686189651489,
                        0.27485358715057373,
                        0.571951150894165,
                        -0.6855950355529785
                    ],
                    [
                        0.21532368659973145,
                        0.3754328191280365,
                        0.691813051700592,
                        -0.69664466381073
                    ],
                    [
                        0.1726708859205246,
                        0.3645818829536438,
                        0.7108124494552612,
                        -0.5788319110870361
                    ],
                    [
                        0.09550976753234863,
                        0.4242754280567169,
                        0.6856592297554016,
                        -0.5474607944488525
                    ],
                    [
                        0.12903337180614471,
                        0.48765847086906433,
                        0.7060854434967041,
                        -0.5236734747886658
                    ],
                    [
                        0.12577112019062042,
                        0.38970986008644104,
                        0.7407928705215454,
                        -0.5729344487190247
                    ],
                    [
                        0.1101321429014206,
                        0.35664159059524536,
                        0.6735196113586426,
                        -0.5292575359344482
                    ],
                    [
                        0.20559746026992798,
                        0.4126691222190857,
                        0.5657747387886047,
                        -0.45153599977493286
                    ],
                    [
                        0.2503313422203064,
                        0.4714012145996094,
                        0.4891050457954407,
                        -0.5307575464248657
                    ]
                ]
            ],
            "actions_pred": [
                [
                    [
                        0.4439016580581665,
                        0.35853391885757446,
                        0.2780534625053406,
                        0.08183895796537399,
                        0.04499054700136185,
                        0.07733472436666489,
                        0.04927196353673935,
                        0.03992825001478195,
                        0.028073258697986603,
