{
    "steps": [
        {
            "step": 0,
            "train_loss": 0.057019270956516266,
            "actions_pred1": [
                [
                    [
                        0.5871244668960571,
                        0.48908209800720215,
                        1.5956224203109741,
                        -1.2384010553359985
                    ],
                    [
                        0.5378784537315369,
                        0.5683302879333496,
                        1.522676944732666,
                        -1.2989851236343384
                    ],
                    [
                        0.24571466445922852,
                        0.6197810173034668,
                        1.3845927715301514,
                        -1.4863481521606445
                    ],
                    [
                        0.09797491878271103,
                        0.6242139935493469,
                        1.368609070777893,
                        -1.5418503284454346
                    ],
                    [
                        0.04293493181467056,
                        0.6666318774223328,
                        1.3367855548858643,
                        -1.58241605758667
                    ],
                    [
                        -0.029870249330997467,
                        0.604385495185852,
                        1.3694422245025635,
                        -1.636348009109497
                    ],
                    [
                        -0.09482638537883759,
                        0.5711755752563477,
                        1.4281550645828247,
                        -1.7094486951828003
                    ],
                    [
                        -0.10773864388465881,
                        0.6598838567733765,
                        1.504274845123291,
                        -1.8186311721801758
                    ],
                    [
                        0.16040575504302979,
                        0.7563789486885071,
                        1.4692450761795044,
                        -1.8536009788513184
                    ],
                    [
                        0.346566766500473,
                        0.7156838178634644,
                        1.434819221496582,
                        -1.988284945487976
                    ],
                    [
                        0.350635826587677,
                        0.7730674743652344,
                        1.3362860679626465,
                        -1.9649287462234497
                    ],
                    [
                        0.37364453077316284,
                        0.7810150980949402,
                        1.4110040664672852,
                        -2.009127140045166
                    ],
                    [
                        0.3418371081352234,
                        0.8370941281318665,
                        1.2830196619033813,
                        -1.9657971858978271
                    ],
                    [
                        0.3200393319129944,
                        0.8693078756332397,
                        1.3579078912734985,
                        -1.9020273685455322
                    ],
                    [
                        0.33754685521125793,
                        0.9078750610351562,
                        1.4568010568618774,
                        -1.9759743213653564
                    ],
                    [
                        0.2772538959980011,
                        0.8988057374954224,
                        1.4503257274627686,
                        -2.0093834400177
                    ],
                    [
                        0.3148491382598877,
                        0.7822606563568115,
                        1.3584569692611694,
                        -1.996421456336975
                    ],
                    [
                        0.06962272524833679,
                        0.9379062652587891,
                        1.4792876243591309,
                        -2.0987160205841064
                    ],
                    [
                        0.06515178084373474,
                        1.0120251178741455,
                        1.449931025505066,
                        -1.943389654159546
                    ],
                    [
                        0.12961190938949585,
                        1.036040186882019,
                        1.3450329303741455,
                        -1.888830542564392
                    ]
                ]
            ],
            "actions_pred": [
                [
                    [
                        0.5871244668960571,
                        0.5378784537315369,
                        0.24571466445922852,
                        0.09797491878271103,
                        0.04293493181467056,
                        -0.029870249330997467,
                        -0.09482638537883759,
                        -0.10773864388465881,
                        0.16040575504302979,
                        0.346566766500473,
                        0.350635826587677,
                        0.37364453077316284,
                        0.3418371081352234,
                        0.3200393319129944,
                        0.33754685521125793,
                        0.2772538959980011,
                        0.3148491382598877,
                        0.06962272524833679,
                        0.06515178084373474,
                        0.12961190938949585
                    ],
                    [
                        0.48908209800720215,
                        0.5683302879333496,
                        0.6197810173034668,
                        0.6242139935493469,
                        0.6666318774223328,
                        0.604385495185852,
                        0.5711755752563477,
                        0.6598838567733765,
                        0.7563789486885071,
                        0.7156838178634644,
                        0.7730674743652344,
                        0.7810150980949402,
                        0.8370941281318665,
                        0.8693078756332397,
                        0.9078750610351562,
                        0.8988057374954224,
                        0.7822606563568115,
                        0.9379062652587891,
                        1.0120251178741455,
                        1.036040186882019
                    ],
                    [
                        1.5956224203109741,
                        1.522676944732666,
                        1.3845927715301514,
                        1.368609070777893,
                        1.3367855548858643,
                        1.3694422245025635,
                        1.4281550645828247,
                        1.504274845123291,
                        1.4692450761795044,
                        1.434819221496582,
                        1.3362860679626465,
                        1.4110040664672852,
                        1.2830196619033813,
                        1.3579078912734985,
                        1.4568010568618774,
                        1.4503257274627686,
                        1.3584569692611694,
                        1.4792876243591309,
                        1.449931025505066,
                        1.3450329303741455
                    ],
                    [
                        -1.2384010553359985,
                        -1.2989851236343384,
                        -1.4863481521606445,
                        -1.5418503284454346,
                        -1.58241605758667,
                        -1.636348009109497,
                        -1.7094486951828003,
                        -1.8186311721801758,
                        -1.8536009788513184,
                        -1.988284945487976,
                        -1.9649287462234497,
                        -2.009127140045166,
                        -1.9657971858978271,
                        -1.9020273685455322,
                        -1.9759743213653564,
                        -2.0093834400177,
                        -1.996421456336975,
                        -2.0987160205841064,
                        -1.943389654159546,
                        -1.888830542564392
                    ]
                ]
            ],
            "states": [
                [
                    [
                        10490760.0,
                        0.00010820227180374786,
                        0.00015429843915626407,
                        444121.375
                    ],
                    [
                        10112832.0,
                        9.372556087328121e-05,
                        0.00014512072084471583,
                        443784.5
                    ],
                    [
                        10076632.0,
                        8.28753545647487e-05,
                        0.00015239186177495867,
                        427008.3125
                    ],
                    [
                        10218536.0,
                        7.424143404932693e-05,
                        0.00013630501052830368,
                        433225.1875
                    ],
                    [
                        10903440.0,
                        6.698495417367667e-05,
                        0.0001300903531955555,
                        434838.78125
                    ],
                    [
                        10177992.0,
                        6.102009865571745e-05,
                        0.0001368058001389727,
                        431759.375
                    ],
                    [
                        10500896.0,
                        5.612600944004953e-05,
                        0.00014432381431106478,
                        435333.53125
                    ],
                    [
                        10752848.0,
                        5.185119152883999e-05,
                        0.00014270890096668154,
                        438961.46875
                    ],
                    [
                        10833936.0,
                        4.812757106265053e-05,
                        0.00014136718527879566,
                        432069.78125
                    ],
                    [
                        10654384.0,
                        4.491618892643601e-05,
                        0.00013239651161711663,
                        433675.4375
                    ],
                    [
                        10524064.0,
                        4.214471118757501e-05,
                        0.00014063461276236922,
                        436827.0
                    ],
                    [
                        8511344.0,
                        3.9926697354530916e-05,
                        0.00013637621304951608,
                        473364.125
                    ],
                    [
                        10828144.0,
                        3.790804112213664e-05,
                        0.00013436605513561517,
                        430273.59375
                    ],
                    [
                        10288040.0,
                        3.5919863876188174e-05,
                        0.00013586058048531413,
                        455927.09375
                    ],
                    [
                        9009456.0,
                        3.427618867135607e-05,
                        0.00013340605073608458,
                        453153.21875
                    ],
                    [
                        10348856.0,
                        3.2774834835436195e-05,
                        0.0001376099098706618,
                        434225.03125
                    ],
                    [
                        10166408.0,
                        3.131924677290954e-05,
                        0.00017068465240299702,
                        438236.6875
                    ],
                    [
                        10539992.0,
                        2.9976108635310084e-05,
                        0.0001329061051364988,
                        436937.3125
                    ],
                    [
                        10836832.0,
                        2.8705166187137365e-05,
                        0.00013878877507522702,
                        435041.5
                    ],
                    [
                        10188128.0,
                        2.755545938271098e-05,
                        0.00015914233517833054,
                        427912.71875
                    ]
                ]
            ],
            "actions": [
                [
                    [
                        0.25
                    ],
                    [
                        0.25
                    ],
                    [
                        0.25
                    ],
                    [
                        0.25
                    ],
                    [
                        0.25
                    ],
                    [
                        0.25
                    ],
                    [
                        0.25
                    ],
                    [
                        0.25
                    ],
                    [
                        0.25
                    ],
                    [
                        0.25
                    ],
                    [
                        0.25
                    ],
                    [
                        0.25
                    ],
                    [
                        0.25
                    ],
                    [
                        0.25
                    ],
                    [
                        0.25
                    ],
                    [
                        0.25
                    ],
                    [
                        0.25
                    ],
                    [
                        0.25
                    ],
                    [
                        0.25
                    ],
                    [
                        0.25
                    ]
                ]
            ],
            "returns": [
                [
                    [
                        0.2865329086780548
                    ],
                    [
                        0.2855396568775177
                    ],
                    [
                        0.28454965353012085
                    ],
                    [
                        0.28355997800827026
                    ],
                    [
                        0.2825690507888794
                    ],
                    [
                        0.2815724015235901
                    ],
                    [
                        0.28058183193206787
                    ],
                    [
                        0.2795884907245636
                    ],
                    [
                        0.2785930335521698
                    ],
                    [
                        0.27759695053100586
                    ],
                    [
                        0.2766023278236389
                    ],
                    [
                        0.27560877799987793
                    ],
                    [
                        0.27463406324386597
                    ],
                    [
                        0.2736380100250244
                    ],
                    [
                        0.2726464867591858
                    ],
                    [
                        0.2716667354106903
                    ],
                    [
                        0.2706746757030487
                    ],
                    [
                        0.26968422532081604
                    ],
                    [
                        0.2686905562877655
                    ],
                    [
                        0.2676944136619568
                    ]
                ]
            ],
            "timesteps": [
                [
                    320,
                    321,
                    322,
                    323,
                    324,
                    325,
                    326,
                    327,
                    328,
                    329,
                    330,
                    331,
                    332,
                    333,
                    334,
                    335,
                    336,
                    337,
                    338,
                    339
                ]
            ],
            "labels": [
                [
                    0,
                    0,
                    0,
                    0,
                    0,
                    0,
                    0,
                    0,
                    0,
                    0,
                    0,
                    0,
                    0,
                    0,
                    0,
                    0,
                    0,
                    0,
                    0,
                    0
                ]
            ],
            "CPU Usage": 45.8,
            "RAM Usage": 55.1,
            "GPU Usage": 0.0,
            "VRAM Usage": 355.0,
            "Disk Read Speed (MB/s)": 206399.3369140625,
            "Disk Write Speed (MB/s)": 392298.5205078125
        },
        {
            "step": 1,
            "train_loss": 0.026746463030576706,
            "actions_pred1": [
                [
                    [
                        -0.04208630323410034,
                        1.2384133338928223,
                        1.5587399005889893,
                        -1.9626410007476807
                    ],
                    [
                        0.03690628707408905,
                        1.200171709060669,
                        1.5539662837982178,
                        -1.9324990510940552
                    ],
                    [
                        0.029871255159378052,
                        1.2558045387268066,
                        1.6233184337615967,
                        -2.130089044570923
                    ],
                    [
                        -0.12902188301086426,
                        1.3339154720306396,
                        1.591895580291748,
                        -2.2416203022003174
                    ],
                    [
                        -0.12573884427547455,
                        1.5377953052520752,
                        1.4325758218765259,
                        -2.2994818687438965
                    ],
                    [
                        -0.040774255990982056,
                        1.437774896621704,
                        1.4315983057022095,
                        -2.1339733600616455
                    ],
                    [
                        0.12846900522708893,
                        1.4263017177581787,
                        1.291215419769287,
                        -2.042438507080078
                    ],
                    [
                        -0.09601977467536926,
                        1.469207525253296,
                        1.6092177629470825,
                        -2.0139575004577637
                    ],
                    [
                        -0.11695988476276398,
                        1.5162692070007324,
                        1.660905361175537,
                        -1.948784351348877
                    ],
                    [
                        -0.24298828840255737,
                        1.470615267753601,
                        1.6797500848770142,
                        -2.0221734046936035
                    ],
                    [
                        -0.31855058670043945,
                        1.5519108772277832,
                        1.9096050262451172,
                        -2.276437282562256
                    ],
                    [
                        -0.15612441301345825,
                        1.4121109247207642,
                        1.7145044803619385,
                        -2.113154411315918
                    ],
                    [
                        -0.11049577593803406,
                        1.337847113609314,
                        1.7478173971176147,
                        -2.1975159645080566
                    ],
                    [
                        -0.14266730844974518,
                        1.138575792312622,
                        1.6937224864959717,
                        -2.043572425842285
                    ],
                    [
                        -0.044785067439079285,
                        1.4960391521453857,
                        1.7093465328216553,
                        -2.3371994495391846
                    ],
                    [
                        -0.025359198451042175,
                        1.3935960531234741,
                        1.4817112684249878,
                        -2.0394608974456787
                    ],
                    [
                        0.06618846207857132,
                        1.408414363861084,
                        1.409609317779541,
                        -1.931869387626648
                    ],
                    [
                        0.10121133178472519,
                        1.3164424896240234,
                        1.37342369556427,
                        -1.955737829208374
                    ],
                    [
                        0.2584823668003082,
                        1.3137264251708984,
                        1.5250022411346436,
                        -2.0659360885620117
                    ],
                    [
                        0.10263676196336746,
                        1.4342560768127441,
                        1.5644352436065674,
                        -2.1178176403045654
                    ]
                ]
            ],
            "actions_pred": [
                [
                    [
                        -0.04208630323410034,
                        0.03690628707408905,
                        0.029871255159378052,
                        -0.12902188301086426,
                        -0.12573884427547455,
                        -0.040774255990982056,
                        0.12846900522708893,
                        -0.09601977467536926,
                        -0.11695988476276398,
                        -0.24298828840255737,
                        -0.31855058670043945,
                        -0.15612441301345825,
                        -0.11049577593803406,
                        -0.14266730844974518,
                        -0.044785067439079285,
                        -0.025359198451042175,
                        0.06618846207857132,
                        0.10121133178472519,
                        0.2584823668003082,
                        0.10263676196336746
                    ],
                    [
                        1.2384133338928223,
                        1.200171709060669,
                        1.2558045387268066,
                        1.3339154720306396,
                        1.5377953052520752,
                        1.437774896621704,
                        1.4263017177581787,
                        1.469207525253296,
                        1.5162692070007324,
                        1.470615267753601,
                        1.5519108772277832,
                        1.4121109247207642,
                        1.337847113609314,
                        1.138575792312622,
                        1.4960391521453857,
                        1.3935960531234741,
                        1.408414363861084,
                        1.3164424896240234,
                        1.3137264251708984,
                        1.4342560768127441
                    ],
                    [
                        1.5587399005889893,
                        1.5539662837982178,
                        1.6233184337615967,
                        1.591895580291748,
                        1.4325758218765259,
                        1.4315983057022095,
                        1.291215419769287,
                        1.6092177629470825,
                        1.660905361175537,
                        1.6797500848770142,
                        1.9096050262451172,
                        1.7145044803619385,
                        1.7478173971176147,
                        1.6937224864959717,
                        1.7093465328216553,
                        1.4817112684249878,
                        1.409609317779541,
                        1.37342369556427,
                        1.5250022411346436,
                        1.5644352436065674
                    ],
                    [
                        -1.9626410007476807,
                        -1.9324990510940552,
                        -2.130089044570923,
                        -2.2416203022003174,
                        -2.2994818687438965,
                        -2.1339733600616455,
                        -2.042438507080078,
                        -2.0139575004577637,
                        -1.948784351348877,
                        -2.0221734046936035,
                        -2.276437282562256,
                        -2.113154411315918,
                        -2.1975159645080566,
                        -2.043572425842285,
                        -2.3371994495391846,
                        -2.0394608974456787,
                        -1.931869387626648,
                        -1.955737829208374,
                        -2.0659360885620117,
                        -2.1178176403045654
                    ]
                ]
            ],
            "states": [
                [
                    [
                        5847024.0,
                        7.17427474228316e-06,
                        0.0002797465131152421,
                        862261.25
                    ],
                    [
                        5130264.0,
                        7.109771104296669e-06,
                        0.00027696648612618446,
                        791462.9375
                    ],
                    [
                        5460408.0,
                        7.0486535150848795e-06,
                        0.0002747685939539224,
                        848104.9375
                    ],
                    [
                        5159224.0,
                        6.988396307860967e-06,
                        0.000255326071055606,
                        826896.4375
                    ],
                    [
                        5280856.0,
                        6.9301599978643935e-06,
                        0.0002729953557718545,
                        850071.375
                    ],
                    [
                        5415520.0,
                        6.871501227578847e-06,
                        0.00026464968686923385,
                        894284.875
                    ],
                    [
                        5138952.0,
                        6.81457140672137e-06,
                        0.000260901142610237,
                        824406.5
                    ],
                    [
                        5364840.0,
                        6.758851213817252e-06,
                        0.00026091569452546537,
                        837380.25
                    ],
                    [
                        8605643.0,
                        0.0036125751212239265,
                        0.0002766261750366539,
                        462352.0625
                    ],
                    [
                        10015816.0,
                        0.00033437556703574955,
                        0.00026207882910966873,
                        482968.0625
                    ],
                    [
                        7806168.0,
                        0.00019468956452328712,
                        0.00027697221958078444,
                        473153.5
                    ],
                    [
                        6004856.0,
                        0.00014804340025875717,
                        0.00037561735371127725,
                        563905.9375
                    ],
                    [
                        3835752.0,
                        0.00012653775047510862,
                        0.000348972505889833,
                        546822.625
                    ],
                    [
                        693592.0,
                        0.00011859468213515356,
                        0.000344088242854923,
                        536207.0
                    ],
                    [
                        1136680.0,
                        0.00011570940841920674,
                        0.00030916635296307504,
                        532932.75
                    ],
                    [
                        755856.0,
                        0.0001128598305513151,
                        0.00029186115716584027,
                        668301.125
                    ],
                    [
                        573408.0,
                        0.00011094257206423208,
                        0.00031188191496767104,
                        741689.6875
                    ],
                    [
                        432952.0,
                        0.0001095341140171513,
                        0.0003927450452465564,
                        678985.1875
                    ],
                    [
                        1216320.0,
                        0.00010730996291385964,
                        0.00034627493005245924,
                        618105.1875
                    ],
                    [
                        4131144.0,
                        0.00010072957229567692,
                        0.00028098482289351523,
                        571491.4375
                    ]
                ]
            ],
            "actions": [
                [
                    [
                        0.75
                    ],
                    [
                        0.75
                    ],
                    [
                        0.75
                    ],
                    [
                        0.75
                    ],
                    [
                        0.75
                    ],
                    [
                        0.75
                    ],
                    [
                        0.75
                    ],
                    [
                        0.75
                    ],
                    [
                        0.5
                    ],
                    [
                        0.5
                    ],
                    [
                        0.5
                    ],
                    [
                        0.5
                    ],
                    [
                        0.5
                    ],
                    [
                        0.5
                    ],
                    [
                        0.5
                    ],
                    [
                        0.5
                    ],
                    [
                        0.5
                    ],
                    [
                        0.5
                    ],
                    [
                        0.5
                    ],
                    [
                        0.5
                    ]
                ]
            ],
            "returns": [
                [
                    [
                        0.48685410618782043
                    ],
                    [
                        0.4859126806259155
                    ],
                    [
                        0.48498284816741943
                    ],
                    [
                        0.4840475022792816
                    ],
                    [
                        0.48311716318130493
                    ],
                    [
                        0.4821847677230835
                    ],
                    [
                        0.481250137090683
                    ],
                    [
                        0.48032015562057495
                    ],
                    [
                        0.4793863594532013
                    ],
                    [
                        0.47841066122055054
                    ],
                    [
                        0.47742152214050293
                    ],
                    [
                        0.4764544665813446
                    ],
                    [
                        0.47551068663597107
                    ],
                    [
                        0.47460663318634033
                    ],
                    [
                        0.4738542139530182
                    ],
                    [
                        0.47305798530578613
                    ],
                    [
                        0.4722979664802551
                    ],
                    [
                        0.47156238555908203
                    ],
                    [
                        0.47085174918174744
                    ],
                    [
                        0.47004953026771545
                    ]
                ]
            ],
            "timesteps": [
                [
                    100,
                    101,
                    102,
                    103,
                    104,
                    105,
                    106,
                    107,
                    108,
                    109,
                    110,
                    111,
                    112,
                    113,
                    114,
                    115,
                    116,
                    117,
                    118,
                    119
                ]
            ],
            "labels": [
                [
                    2,
                    2,
                    2,
                    2,
                    2,
                    2,
                    2,
                    2,
                    1,
                    1,
                    1,
                    1,
                    1,
                    1,
                    1,
                    1,
                    1,
                    1,
                    1,
                    1
                ]
            ],
            "CPU Usage": 46.7,
            "RAM Usage": 55.3,
            "GPU Usage": 0.0,
            "VRAM Usage": 356.0,
            "Disk Read Speed (MB/s)": 206399.3369140625,
            "Disk Write Speed (MB/s)": 392298.5673828125
        },
        {
            "step": 2,
            "train_loss": 0.021131236106157303,
            "actions_pred1": [
                [
                    [
                        -0.20307102799415588,
                        2.1205317974090576,
                        1.3948272466659546,
                        -1.3851209878921509
                    ],
                    [
                        -0.11964353919029236,
                        2.332826614379883,
                        1.1832196712493896,
                        -1.7485963106155396
                    ],
                    [
                        -0.2491801381111145,
                        2.142207622528076,
                        1.1636502742767334,
                        -1.8552613258361816
                    ],
                    [
                        -0.2233041226863861,
                        2.0300681591033936,
                        1.129233717918396,
                        -1.7957303524017334
                    ],
                    [
                        -0.16679751873016357,
                        2.022444248199463,
                        1.2101340293884277,
                        -1.7656245231628418
                    ],
                    [
                        -0.175420343875885,
                        1.9918252229690552,
                        1.313677430152893,
                        -1.8429319858551025
                    ],
                    [
                        -0.18987974524497986,
                        1.853490948677063,
                        1.2549456357955933,
                        -1.7303683757781982
                    ],
                    [
                        -0.12627559900283813,
                        1.4709138870239258,
                        1.318007230758667,
                        -1.7492239475250244
                    ],
                    [
                        0.04778987914323807,
                        1.4222352504730225,
                        1.357296347618103,
                        -1.6777331829071045
                    ],
                    [
                        -0.033679842948913574,
                        1.4262804985046387,
                        1.4186774492263794,
                        -1.6527190208435059
                    ],
                    [
                        -0.14343982934951782,
                        1.4468910694122314,
                        1.3256433010101318,
                        -1.7216520309448242
                    ],
                    [
                        -0.03232361376285553,
                        1.6183228492736816,
                        1.334205150604248,
                        -1.6618523597717285
                    ],
                    [
                        -0.048518240451812744,
                        1.4945704936981201,
                        1.3146626949310303,
                        -1.6189663410186768
                    ],
                    [
                        -0.038759976625442505,
                        1.4544185400009155,
                        1.3433562517166138,
                        -1.5605149269104004
                    ],
                    [
                        -0.1010662242770195,
                        1.3762364387512207,
                        1.357393741607666,
                        -1.6721426248550415
                    ],
                    [
                        -0.026056356728076935,
                        1.474851369857788,
                        1.3557945489883423,
                        -1.6650118827819824
                    ],
                    [
                        -0.10343803465366364,
                        1.3572325706481934,
                        1.4031355381011963,
                        -1.6460075378417969
                    ],
                    [
                        -0.14812098443508148,
                        1.299597978591919,
                        1.4111284017562866,
                        -1.6260416507720947
                    ],
                    [
                        -0.1728324592113495,
                        1.3286664485931396,
                        1.3939197063446045,
                        -1.8191437721252441
                    ],
                    [
                        -0.0971621572971344,
                        1.3515410423278809,
                        1.5386098623275757,
                        -1.6721998453140259
                    ]
                ]
            ],
            "actions_pred": [
                [
                    [
                        -0.20307102799415588,
                        -0.11964353919029236,
                        -0.2491801381111145,
                        -0.2233041226863861,
                        -0.16679751873016357,
                        -0.175420343875885,
                        -0.18987974524497986,
                        -0.12627559900283813,
                        0.04778987914323807,
