{
    "steps": [
        {
            "step": 0,
            "train_loss": 0.02863561548292637,
            "actions_pred1": [
                [
                    [
                        0.014186561107635498,
                        -0.2898359000682831,
                        0.7340637445449829,
                        0.4596230983734131
                    ],
                    [
                        -0.04825139045715332,
                        -0.1454629898071289,
                        0.6961740255355835,
                        0.4815569519996643
                    ],
                    [
                        -0.05771595239639282,
                        -0.04126378893852234,
                        0.6511961817741394,
                        0.5364698171615601
                    ],
                    [
                        0.10959727317094803,
                        0.0014398321509361267,
                        0.8464112877845764,
                        0.523593008518219
                    ],
                    [
                        0.03143761307001114,
                        0.02983957529067993,
                        0.8930824398994446,
                        0.449932336807251
                    ],
                    [
                        -0.28154635429382324,
                        -0.17370939254760742,
                        0.8790915608406067,
                        0.4771922826766968
                    ],
                    [
                        -0.33668628334999084,
                        -0.20907816290855408,
                        0.7984578609466553,
                        0.4064244031906128
                    ],
                    [
                        -0.20861494541168213,
                        -0.15832234919071198,
                        0.7521886229515076,
                        0.49087953567504883
                    ],
                    [
                        -0.21645478904247284,
                        -0.12573914229869843,
                        0.6692428588867188,
                        0.4060319662094116
                    ],
                    [
                        -0.22913119196891785,
                        -0.0844327062368393,
                        0.6944947242736816,
                        0.2533476948738098
                    ],
                    [
                        -0.14636363089084625,
                        -0.17007876932621002,
                        0.5867559909820557,
                        0.2963683605194092
                    ],
                    [
                        -0.18356433510780334,
                        -0.08404207229614258,
                        0.754867672920227,
                        0.2320779711008072
                    ],
                    [
                        -0.15116718411445618,
                        -0.09491458535194397,
                        0.8351348638534546,
                        0.2854064702987671
                    ],
                    [
                        -0.13790112733840942,
                        -0.19492584466934204,
                        0.8679986000061035,
                        0.20169898867607117
                    ],
                    [
                        -0.10210821777582169,
                        -0.21008345484733582,
                        0.7749857902526855,
                        0.27943840622901917
                    ],
                    [
                        -0.25727203488349915,
                        -0.1968042552471161,
                        0.6715502738952637,
                        0.2973966598510742
                    ],
                    [
                        -0.17673829197883606,
                        -0.15077151358127594,
                        0.7310923933982849,
                        0.40388694405555725
                    ],
                    [
                        -0.17282241582870483,
                        -0.09439833462238312,
                        0.7689054012298584,
                        0.34008216857910156
                    ],
                    [
                        -0.1828516125679016,
                        -0.09272664785385132,
                        0.7785577178001404,
                        0.24298064410686493
                    ],
                    [
                        -0.18330463767051697,
                        -0.04895481467247009,
                        0.7494358420372009,
                        0.19961810111999512
                    ]
                ]
            ],
            "actions_pred": [
                [
                    [
                        0.014186561107635498,
                        -0.04825139045715332,
                        -0.05771595239639282,
                        0.10959727317094803,
                        0.03143761307001114,
                        -0.28154635429382324,
                        -0.33668628334999084,
                        -0.20861494541168213,
                        -0.21645478904247284,
                        -0.22913119196891785,
                        -0.14636363089084625,
                        -0.18356433510780334,
                        -0.15116718411445618,
                        -0.13790112733840942,
                        -0.10210821777582169,
                        -0.25727203488349915,
                        -0.17673829197883606,
                        -0.17282241582870483,
                        -0.1828516125679016,
                        -0.18330463767051697
                    ],
                    [
                        -0.2898359000682831,
                        -0.1454629898071289,
                        -0.04126378893852234,
                        0.0014398321509361267,
                        0.02983957529067993,
                        -0.17370939254760742,
                        -0.20907816290855408,
                        -0.15832234919071198,
                        -0.12573914229869843,
                        -0.0844327062368393,
                        -0.17007876932621002,
                        -0.08404207229614258,
                        -0.09491458535194397,
                        -0.19492584466934204,
                        -0.21008345484733582,
                        -0.1968042552471161,
                        -0.15077151358127594,
                        -0.09439833462238312,
                        -0.09272664785385132,
                        -0.04895481467247009
                    ],
                    [
                        0.7340637445449829,
                        0.6961740255355835,
                        0.6511961817741394,
                        0.8464112877845764,
                        0.8930824398994446,
                        0.8790915608406067,
                        0.7984578609466553,
                        0.7521886229515076,
                        0.6692428588867188,
                        0.6944947242736816,
                        0.5867559909820557,
                        0.754867672920227,
                        0.8351348638534546,
                        0.8679986000061035,
                        0.7749857902526855,
                        0.6715502738952637,
                        0.7310923933982849,
                        0.7689054012298584,
                        0.7785577178001404,
                        0.7494358420372009
                    ],
                    [
                        0.4596230983734131,
                        0.4815569519996643,
                        0.5364698171615601,
                        0.523593008518219,
                        0.449932336807251,
                        0.4771922826766968,
                        0.4064244031906128,
                        0.49087953567504883,
                        0.4060319662094116,
                        0.2533476948738098,
                        0.2963683605194092,
                        0.2320779711008072,
                        0.2854064702987671,
                        0.20169898867607117,
                        0.27943840622901917,
                        0.2973966598510742,
                        0.40388694405555725,
                        0.34008216857910156,
                        0.24298064410686493,
                        0.19961810111999512
                    ]
                ]
            ],
            "states": [
                [
                    [
                        5583488.0,
                        1.565206184750423e-05,
                        0.00026454709586687386,
                        777972.9375
                    ],
                    [
                        4978224.0,
                        1.5359531971625984e-05,
                        0.0002797465131152421,
                        855686.3125
                    ],
                    [
                        5334432.0,
                        1.5084374354046304e-05,
                        0.00027696648612618446,
                        816815.875
                    ],
                    [
                        5159224.0,
                        1.4814246242167428e-05,
                        0.0002747685939539224,
                        799861.375
                    ],
                    [
                        5513984.0,
                        1.4549360457749572e-05,
                        0.000255326071055606,
                        807912.1875
                    ],
                    [
                        5082480.0,
                        1.4295442269940395e-05,
                        0.0002729953557718545,
                        779605.9375
                    ],
                    [
                        5376424.0,
                        1.4053456652618479e-05,
                        0.00026464968686923385,
                        853596.25
                    ],
                    [
                        5073792.0,
                        1.3819644664181396e-05,
                        0.000260901142610237,
                        865763.5
                    ],
                    [
                        5425656.0,
                        1.3592515642812941e-05,
                        0.00026091569452546537,
                        896600.0
                    ],
                    [
                        5301128.0,
                        1.3368029613047838e-05,
                        0.00027603365015238523,
                        844597.4375
                    ],
                    [
                        5346016.0,
                        1.3152442988939583e-05,
                        0.0002529293124098331,
                        839011.5
                    ],
                    [
                        5652992.0,
                        1.2936916391481645e-05,
                        0.0002769185812212527,
                        874385.5625
                    ],
                    [
                        5185288.0,
                        1.2731260540022049e-05,
                        0.0002480096882209182,
                        820181.0625
                    ],
                    [
                        5438688.0,
                        1.2536010217445437e-05,
                        0.00027678909827955067,
                        838090.6875
                    ],
                    [
                        5221488.0,
                        1.2345956747594755e-05,
                        0.0002834639744833112,
                        979366.25
                    ],
                    [
                        5306920.0,
                        1.2163849532953463e-05,
                        0.00027035834500566125,
                        858373.0
                    ],
                    [
                        5419864.0,
                        1.1983782314928249e-05,
                        0.0002671718248166144,
                        825702.5
                    ],
                    [
                        5708016.0,
                        1.1802524568338413e-05,
                        0.00027032653451897204,
                        851358.6875
                    ],
                    [
                        5637064.0,
                        1.1623262253124267e-05,
                        0.0002656110445968807,
                        872734.375
                    ],
                    [
                        5471992.0,
                        1.1452919352450408e-05,
                        0.0002651966060511768,
                        865487.25
                    ]
                ]
            ],
            "actions": [
                [
                    [
                        0.75
                    ],
                    [
                        0.75
                    ],
                    [
                        0.75
                    ],
                    [
                        0.75
                    ],
                    [
                        0.75
                    ],
                    [
                        0.75
                    ],
                    [
                        0.75
                    ],
                    [
                        0.75
                    ],
                    [
                        0.75
                    ],
                    [
                        0.75
                    ],
                    [
                        0.75
                    ],
                    [
                        0.75
                    ],
                    [
                        0.75
                    ],
                    [
                        0.75
                    ],
                    [
                        0.75
                    ],
                    [
                        0.75
                    ],
                    [
                        0.75
                    ],
                    [
                        0.75
                    ],
                    [
                        0.75
                    ],
                    [
                        0.75
                    ]
                ]
            ],
            "returns": [
                [
                    [
                        0.5428837537765503
                    ],
                    [
                        0.5419464111328125
                    ],
                    [
                        0.5410192608833313
                    ],
                    [
                        0.5400859713554382
                    ],
                    [
                        0.5391556620597839
                    ],
                    [
                        0.5382193922996521
                    ],
                    [
                        0.5372903943061829
                    ],
                    [
                        0.5363564491271973
                    ],
                    [
                        0.5354275703430176
                    ],
                    [
                        0.5344927906990051
                    ],
                    [
                        0.533560037612915
                    ],
                    [
                        0.5326265692710876
                    ],
                    [
                        0.5316881537437439
                    ],
                    [
                        0.5307573676109314
                    ],
                    [
                        0.5298223495483398
                    ],
                    [
                        0.5288909673690796
                    ],
                    [
                        0.5279580950737
                    ],
                    [
                        0.527023434638977
                    ],
                    [
                        0.5260841250419617
                    ],
                    [
                        0.525145947933197
                    ]
                ]
            ],
            "timesteps": [
                [
                    40,
                    41,
                    42,
                    43,
                    44,
                    45,
                    46,
                    47,
                    48,
                    49,
                    50,
                    51,
                    52,
                    53,
                    54,
                    55,
                    56,
                    57,
                    58,
                    59
                ]
            ],
            "labels": [
                [
                    2,
                    2,
                    2,
                    2,
                    2,
                    2,
                    2,
                    2,
                    2,
                    2,
                    2,
                    2,
                    2,
                    2,
                    2,
                    2,
                    2,
                    2,
                    2,
                    2
                ]
            ],
            "CPU Usage": 45.0,
            "RAM Usage": 55.4,
            "GPU Usage": 0.0,
            "VRAM Usage": 355.0,
            "Disk Read Speed (MB/s)": 206022.83984375,
            "Disk Write Speed (MB/s)": 334575.1103515625
        },
        {
            "step": 1,
            "train_loss": 0.06064888834953308,
            "actions_pred1": [
                [
                    [
                        -0.2917872667312622,
                        -0.35868239402770996,
                        0.7010822892189026,
                        0.5090830326080322
                    ],
                    [
                        -0.3951813578605652,
                        -0.21689139306545258,
                        0.7855811715126038,
                        0.41299504041671753
                    ],
                    [
                        -0.4869912266731262,
                        -0.15601718425750732,
                        0.692482054233551,
                        0.4026581048965454
                    ],
                    [
                        -0.2501295804977417,
                        -0.1687069833278656,
                        0.6211036443710327,
                        0.49007150530815125
                    ],
                    [
                        -0.24321183562278748,
                        -0.12823526561260223,
                        0.6559182405471802,
                        0.3507922887802124
                    ],
                    [
                        -0.12480378150939941,
                        -0.026349931955337524,
                        0.7002800703048706,
                        0.2560381591320038
                    ],
                    [
                        -0.16480964422225952,
                        0.07413341104984283,
                        0.7668333053588867,
                        0.2953348755836487
                    ],
                    [
                        -0.3032052516937256,
                        0.23980629444122314,
                        0.7769825458526611,
                        0.2950695753097534
                    ],
                    [
                        -0.321721613407135,
                        0.09273791313171387,
                        0.8117874264717102,
                        0.4238913357257843
                    ],
                    [
                        -0.36861470341682434,
                        0.17166680097579956,
                        0.6524912118911743,
                        0.4539402723312378
                    ],
                    [
                        -0.3619522452354431,
                        0.19098928570747375,
                        0.5791811347007751,
                        0.3650244474411011
                    ],
                    [
                        -0.23579740524291992,
                        0.08744604885578156,
                        0.5738136768341064,
                        0.31171905994415283
                    ],
                    [
                        -0.290996253490448,
                        0.08029656112194061,
                        0.6964731812477112,
                        0.3457416892051697
                    ],
                    [
                        -0.14545302093029022,
                        0.17180374264717102,
                        0.6996420621871948,
                        0.40717417001724243
                    ],
                    [
                        -0.17493416368961334,
                        0.15130287408828735,
                        0.6400307416915894,
                        0.442686527967453
                    ],
                    [
                        -0.17455121874809265,
                        0.12985268235206604,
                        0.6676846146583557,
                        0.39567095041275024
                    ],
                    [
                        -0.2417105734348297,
                        0.08751795440912247,
                        0.6413829326629639,
                        0.42663246393203735
                    ],
                    [
                        -0.46374770998954773,
                        0.04862698167562485,
                        0.5168851613998413,
                        0.424720823764801
                    ],
                    [
                        -0.3557819128036499,
                        0.013445861637592316,
                        0.5834813117980957,
                        0.5111595392227173
                    ],
                    [
                        -0.25575700402259827,
                        0.16718359291553497,
                        0.6098472476005554,
                        0.4590775966644287
                    ]
                ]
            ],
            "actions_pred": [
                [
                    [
                        -0.2917872667312622,
                        -0.3951813578605652,
                        -0.4869912266731262,
                        -0.2501295804977417,
                        -0.24321183562278748,
                        -0.12480378150939941,
                        -0.16480964422225952,
                        -0.3032052516937256,
                        -0.321721613407135,
                        -0.36861470341682434,
                        -0.3619522452354431,
                        -0.23579740524291992,
                        -0.290996253490448,
                        -0.14545302093029022,
                        -0.17493416368961334,
                        -0.17455121874809265,
                        -0.2417105734348297,
                        -0.46374770998954773,
                        -0.3557819128036499,
                        -0.25575700402259827
                    ],
                    [
                        -0.35868239402770996,
                        -0.21689139306545258,
                        -0.15601718425750732,
                        -0.1687069833278656,
                        -0.12823526561260223,
                        -0.026349931955337524,
                        0.07413341104984283,
                        0.23980629444122314,
                        0.09273791313171387,
                        0.17166680097579956,
                        0.19098928570747375,
                        0.08744604885578156,
                        0.08029656112194061,
                        0.17180374264717102,
                        0.15130287408828735,
                        0.12985268235206604,
                        0.08751795440912247,
                        0.04862698167562485,
                        0.013445861637592316,
                        0.16718359291553497
                    ],
                    [
                        0.7010822892189026,
                        0.7855811715126038,
                        0.692482054233551,
                        0.6211036443710327,
                        0.6559182405471802,
                        0.7002800703048706,
                        0.7668333053588867,
                        0.7769825458526611,
                        0.8117874264717102,
                        0.6524912118911743,
                        0.5791811347007751,
                        0.5738136768341064,
                        0.6964731812477112,
                        0.6996420621871948,
                        0.6400307416915894,
                        0.6676846146583557,
                        0.6413829326629639,
                        0.5168851613998413,
                        0.5834813117980957,
                        0.6098472476005554
                    ],
                    [
                        0.5090830326080322,
                        0.41299504041671753,
                        0.4026581048965454,
                        0.49007150530815125,
                        0.3507922887802124,
                        0.2560381591320038,
                        0.2953348755836487,
                        0.2950695753097534,
                        0.4238913357257843,
                        0.4539402723312378,
                        0.3650244474411011,
                        0.31171905994415283,
                        0.3457416892051697,
                        0.40717417001724243,
                        0.442686527967453,
                        0.39567095041275024,
                        0.42663246393203735,
                        0.424720823764801,
                        0.5111595392227173,
                        0.4590775966644287
                    ]
                ]
            ],
            "states": [
                [
                    [
                        9174528.0,
                        1.5287421774701215e-05,
                        0.00015401413838844746,
                        462799.78125
                    ],
                    [
                        9721872.0,
                        1.4988291695772205e-05,
                        0.00014908269804436713,
                        471413.40625
                    ],
                    [
                        8650352.0,
                        1.4708337403135374e-05,
                        0.00013771618250757456,
                        476596.0
                    ],
                    [
                        9385704.0,
                        1.4443650798057206e-05,
                        0.000157010683324188,
                        448618.75
                    ],
                    [
                        9197696.0,
                        1.4180617654346861e-05,
                        0.00013674897491000593,
                        456343.53125
                    ],
                    [
                        9271544.0,
                        1.392852846038295e-05,
                        0.000155533998622559,
                        449987.3125
                    ],
                    [
                        8570712.0,
                        1.3693322216568049e-05,
                        0.00014997956168372184,
                        453578.0625
                    ],
                    [
                        9304848.0,
                        1.346561111859046e-05,
                        0.0001673756050877273,
                        435181.0625
                    ],
                    [
                        8921128.0,
                        1.3241030501376372e-05,
                        0.00015327449364122003,
                        460544.8125
                    ],
                    [
                        8646008.0,
                        1.303156568610575e-05,
                        0.00015547996736131608,
                        463163.09375
                    ],
                    [
                        8767640.0,
                        1.2830393643525895e-05,
                        0.00015675314352847636,
                        458172.0625
                    ],
                    [
                        8076944.0,
                        1.2641571629501414e-05,
                        0.00016837925068102777,
                        477030.90625
                    ],
                    [
                        8123280.0,
                        1.2465176951081958e-05,
                        0.00015461879957001656,
                        493767.40625
                    ],
                    [
                        8650352.0,
                        1.228769360750448e-05,
                        0.00016164440603461117,
                        451473.28125
                    ],
                    [
                        7982824.0,
                        1.211656035593478e-05,
                        0.00016790036170277745,
                        481186.15625
                    ],
                    [
                        7248688.0,
                        1.1963955330429599e-05,
                        0.00016397373110521585,
                        490311.46875
                    ],
                    [
                        7208144.0,
                        1.1822661690530367e-05,
                        0.00017705760546959937,
                        472943.71875
                    ],
                    [
                        7193664.0,
                        1.1685199751809705e-05,
                        0.000179134716745466,
                        469996.125
                    ],
                    [
                        6442152.0,
                        1.1557923244254198e-05,
                        0.00016420705651398748,
                        470480.40625
                    ],
                    [
                        6989496.0,
                        1.1435274245741311e-05,
                        0.00018320638628210872,
                        451753.78125
                    ]
                ]
            ],
            "actions": [
                [
                    [
                        0.25
                    ],
                    [
                        0.25
                    ],
                    [
                        0.25
                    ],
                    [
                        0.25
                    ],
                    [
                        0.25
                    ],
                    [
                        0.25
                    ],
                    [
                        0.25
                    ],
                    [
                        0.25
                    ],
                    [
                        0.25
                    ],
                    [
                        0.25
                    ],
                    [
                        0.25
                    ],
                    [
                        0.25
                    ],
                    [
                        0.25
                    ],
                    [
                        0.25
                    ],
                    [
                        0.25
                    ],
                    [
                        0.25
                    ],
                    [
                        0.25
                    ],
                    [
                        0.25
                    ],
                    [
                        0.25
                    ],
                    [
                        0.25
                    ]
                ]
            ],
            "returns": [
                [
                    [
                        0.2469175159931183
                    ],
                    [
                        0.24593615531921387
                    ],
                    [
                        0.24494965374469757
                    ],
                    [
                        0.2439734935760498
                    ],
                    [
                        0.24299012124538422
                    ],
                    [
                        0.2420085221529007
                    ],
                    [
                        0.24102622270584106
                    ],
                    [
                        0.24005089700222015
                    ],
                    [
                        0.23906828463077545
                    ],
                    [
                        0.2380893975496292
                    ],
                    [
                        0.23711329698562622
                    ],
                    [
                        0.23613594472408295
                    ],
                    [
                        0.23516587913036346
                    ],
                    [
                        0.2341953068971634
                    ],
                    [
                        0.23321916162967682
                    ],
                    [
                        0.2322501242160797
                    ],
                    [
                        0.23128965497016907
                    ],
                    [
                        0.23032966256141663
                    ],
                    [
                        0.2293698638677597
                    ],
                    [
                        0.22841985523700714
                    ]
                ]
            ],
            "timesteps": [
                [
                    360,
                    361,
                    362,
                    363,
                    364,
                    365,
                    366,
                    367,
                    368,
                    369,
                    370,
                    371,
                    372,
                    373,
                    374,
                    375,
                    376,
                    377,
                    378,
                    379
                ]
            ],
            "labels": [
                [
                    0,
                    0,
                    0,
                    0,
                    0,
                    0,
                    0,
                    0,
                    0,
                    0,
                    0,
                    0,
                    0,
                    0,
                    0,
                    0,
                    0,
                    0,
                    0,
                    0
                ]
            ],
            "CPU Usage": 47.1,
            "RAM Usage": 55.6,
            "GPU Usage": 0.0,
            "VRAM Usage": 355.0,
            "Disk Read Speed (MB/s)": 206022.83984375,
            "Disk Write Speed (MB/s)": 334575.3681640625
        },
        {
            "step": 2,
            "train_loss": 0.06535091996192932,
            "actions_pred1": [
                [
                    [
                        -0.19497430324554443,
                        -0.07304102182388306,
                        0.7189750671386719,
                        0.3608107566833496
                    ],
                    [
                        -0.26232659816741943,
                        0.05468136817216873,
                        0.684971809387207,
                        0.6167944669723511
                    ],
                    [
                        -0.4073190689086914,
                        -0.025096222758293152,
                        0.41785991191864014,
                        0.7334277629852295
                    ],
                    [
                        -0.43912726640701294,
                        -0.03160644322633743,
                        0.4070982038974762,
                        0.6474075317382812
                    ],
                    [
                        -0.33398866653442383,
                        -0.07190042734146118,
                        0.5644894242286682,
                        0.5213541984558105
                    ],
                    [
                        -0.40070849657058716,
                        -0.014852531254291534,
                        0.748516857624054,
                        0.5143739581108093
                    ],
                    [
                        -0.457457959651947,
                        -0.05240564048290253,
                        0.8518323302268982,
                        0.4095717966556549
                    ],
                    [
                        -0.6367334127426147,
                        -0.028906136751174927,
                        0.8450855016708374,
                        0.37929028272628784
                    ],
                    [
                        -0.4996201992034912,
                        0.002932630479335785,
                        0.8969352841377258,
                        0.41900408267974854
                    ],
                    [
                        -0.5501984357833862,
                        -0.011432692408561707,
                        1.0021305084228516,
                        0.4269633889198303
                    ],
                    [
                        -0.5845493674278259,
                        -0.04229287803173065,
                        0.9184900522232056,
                        0.42084962129592896
                    ],
                    [
                        -0.30176401138305664,
                        -0.21336090564727783,
                        0.9127137660980225,
                        0.39861464500427246
                    ],
                    [
                        -0.42888861894607544,
                        -0.1968173384666443,
                        0.9017130136489868,
                        0.4546240568161011
                    ],
                    [
                        -0.40212246775627136,
                        -0.22359545528888702,
                        0.8287771940231323,
                        0.3260852098464966
                    ],
                    [
                        -0.32160747051239014,
                        -0.10176519304513931,
                        0.8180665969848633,
                        0.4061773717403412
                    ],
                    [
                        -0.35662606358528137,
                        -0.08625330030918121,
                        0.8665184378623962,
                        0.3175817131996155
                    ],
                    [
                        -0.4030572474002838,
                        -0.010669738054275513,
                        0.8794649839401245,
                        0.3558492362499237
                    ],
                    [
                        -0.3718823492527008,
                        -0.03587362915277481,
                        0.8091903924942017,
                        0.4562429189682007
                    ],
                    [
                        -0.3671245872974396,
                        -0.08864004164934158,
                        0.8753424882888794,
                        0.37168586254119873
                    ],
                    [
                        -0.3706100583076477,
                        -0.22374969720840454,
                        0.8400370478630066,
                        0.43179163336753845
                    ]
                ]
            ],
            "actions_pred": [
                [
                    [
                        -0.19497430324554443,
                        -0.26232659816741943,
                        -0.4073190689086914,
                        -0.43912726640701294,
                        -0.33398866653442383,
