{
    "steps": [
        {
            "step": 0,
            "train_loss": 0.024701692163944244,
            "actions_pred1": [
                [
                    [
                        0.05194580554962158,
                        0.16610920429229736,
                        1.7854948043823242,
                        -2.1954450607299805
                    ],
                    [
                        0.1409333199262619,
                        0.22690337896347046,
                        1.6477712392807007,
                        -2.2938427925109863
                    ],
                    [
                        0.2608765661716461,
                        0.445864737033844,
                        1.6137573719024658,
                        -2.3545045852661133
                    ],
                    [
                        0.28278693556785583,
                        0.42750412225723267,
                        1.5811232328414917,
                        -2.3153164386749268
                    ],
                    [
                        0.16122478246688843,
                        0.6261802315711975,
                        1.6883535385131836,
                        -2.2552661895751953
                    ],
                    [
                        0.12109309434890747,
                        0.7318841218948364,
                        1.6690220832824707,
                        -2.3750391006469727
                    ],
                    [
                        0.4474948048591614,
                        0.724433422088623,
                        1.6905994415283203,
                        -2.412175178527832
                    ],
                    [
                        0.6476230025291443,
                        0.7579430341720581,
                        1.6749420166015625,
                        -2.2983198165893555
                    ],
                    [
                        0.6636548042297363,
                        0.7086672782897949,
                        1.6689341068267822,
                        -2.300971746444702
                    ],
                    [
                        0.6513314247131348,
                        0.7396337985992432,
                        1.661932349205017,
                        -2.3617684841156006
                    ],
                    [
                        0.6598420143127441,
                        0.717197835445404,
                        1.5727369785308838,
                        -2.2394909858703613
                    ],
                    [
                        0.6907958984375,
                        0.674341082572937,
                        1.5268338918685913,
                        -2.3530445098876953
                    ],
                    [
                        0.9953095316886902,
                        0.7304603457450867,
                        1.5545276403427124,
                        -2.5923237800598145
                    ],
                    [
                        1.0227391719818115,
                        0.723544180393219,
                        1.4480684995651245,
                        -2.3497018814086914
                    ],
                    [
                        1.121825933456421,
                        0.6797959804534912,
                        1.4044435024261475,
                        -2.2651469707489014
                    ],
                    [
                        1.0618246793746948,
                        0.6453285217285156,
                        1.4463979005813599,
                        -2.3475663661956787
                    ],
                    [
                        0.9002493619918823,
                        0.6248788833618164,
                        1.3678622245788574,
                        -2.2703933715820312
                    ],
                    [
                        0.9058608412742615,
                        0.6294859647750854,
                        1.430877923965454,
                        -2.394054412841797
                    ],
                    [
                        0.9101921319961548,
                        0.658206045627594,
                        1.4912980794906616,
                        -2.331420421600342
                    ],
                    [
                        0.9066446423530579,
                        0.6770868301391602,
                        1.4101948738098145,
                        -2.4027490615844727
                    ]
                ]
            ],
            "actions_pred": [
                [
                    [
                        0.05194580554962158,
                        0.1409333199262619,
                        0.2608765661716461,
                        0.28278693556785583,
                        0.16122478246688843,
                        0.12109309434890747,
                        0.4474948048591614,
                        0.6476230025291443,
                        0.6636548042297363,
                        0.6513314247131348,
                        0.6598420143127441,
                        0.6907958984375,
                        0.9953095316886902,
                        1.0227391719818115,
                        1.121825933456421,
                        1.0618246793746948,
                        0.9002493619918823,
                        0.9058608412742615,
                        0.9101921319961548,
                        0.9066446423530579
                    ],
                    [
                        0.16610920429229736,
                        0.22690337896347046,
                        0.445864737033844,
                        0.42750412225723267,
                        0.6261802315711975,
                        0.7318841218948364,
                        0.724433422088623,
                        0.7579430341720581,
                        0.7086672782897949,
                        0.7396337985992432,
                        0.717197835445404,
                        0.674341082572937,
                        0.7304603457450867,
                        0.723544180393219,
                        0.6797959804534912,
                        0.6453285217285156,
                        0.6248788833618164,
                        0.6294859647750854,
                        0.658206045627594,
                        0.6770868301391602
                    ],
                    [
                        1.7854948043823242,
                        1.6477712392807007,
                        1.6137573719024658,
                        1.5811232328414917,
                        1.6883535385131836,
                        1.6690220832824707,
                        1.6905994415283203,
                        1.6749420166015625,
                        1.6689341068267822,
                        1.661932349205017,
                        1.5727369785308838,
                        1.5268338918685913,
                        1.5545276403427124,
                        1.4480684995651245,
                        1.4044435024261475,
                        1.4463979005813599,
                        1.3678622245788574,
                        1.430877923965454,
                        1.4912980794906616,
                        1.4101948738098145
                    ],
                    [
                        -2.1954450607299805,
                        -2.2938427925109863,
                        -2.3545045852661133,
                        -2.3153164386749268,
                        -2.2552661895751953,
                        -2.3750391006469727,
                        -2.412175178527832,
                        -2.2983198165893555,
                        -2.300971746444702,
                        -2.3617684841156006,
                        -2.2394909858703613,
                        -2.3530445098876953,
                        -2.5923237800598145,
                        -2.3497018814086914,
                        -2.2651469707489014,
                        -2.3475663661956787,
                        -2.2703933715820312,
                        -2.394054412841797,
                        -2.331420421600342,
                        -2.4027490615844727
                    ]
                ]
            ],
            "states": [
                [
                    [
                        5527016.0,
                        1.5349276509368792e-05,
                        0.0002737951872404665,
                        805844.5
                    ],
                    [
                        5095512.0,
                        1.517824421171099e-05,
                        0.0002537628752179444,
                        822709.0625
                    ],
                    [
                        5057864.0,
                        1.501830956840422e-05,
                        0.0002845273702405393,
                        817377.8125
                    ],
                    [
                        5703672.0,
                        1.4852455933578312e-05,
                        0.00027429292094893754,
                        848477.75
                    ],
                    [
                        5414072.0,
                        1.4684866982861422e-05,
                        0.0002784566895570606,
                        829260.1875
                    ],
                    [
                        5337328.0,
                        1.452638753107749e-05,
                        0.00027366288122721016,
                        838067.9375
                    ],
                    [
                        5141848.0,
                        1.4375169484992512e-05,
                        0.0002617421268951148,
                        823064.0
                    ],
                    [
                        5211352.0,
                        1.422882269253023e-05,
                        0.000270931632257998,
                        844933.9375
                    ],
                    [
                        5386560.0,
                        1.4082077541388571e-05,
                        0.00027350522577762604,
                        861893.1875
                    ],
                    [
                        5118680.0,
                        1.3939571545051876e-05,
                        0.0002609447401482612,
                        831639.4375
                    ],
                    [
                        5401040.0,
                        1.3799754015053622e-05,
                        0.0002695223083719611,
                        814358.625
                    ],
                    [
                        5211352.0,
                        1.3661498996953014e-05,
                        0.00026009109569713473,
                        868776.75
                    ],
                    [
                        142.0,
                        0.21944443881511688,
                        0.00015429843915626407,
                        853.0870361328125
                    ],
                    [
                        4879797.0,
                        0.008871808648109436,
                        0.0001451207062928006,
                        568995.3125
                    ],
                    [
                        6620256.0,
                        0.0009351735934615135,
                        0.00015239168715197593,
                        450753.09375
                    ],
                    [
                        9419240.0,
                        0.00045934959780424833,
                        0.0001363051705993712,
                        480722.0
                    ],
                    [
                        9852192.0,
                        0.0002833923790603876,
                        0.0001300903531955555,
                        459858.53125
                    ],
                    [
                        9448200.0,
                        0.0002050806797342375,
                        0.026162419468164444,
                        444324.5625
                    ],
                    [
                        10519720.0,
                        0.00015983681078068912,
                        0.00028762174770236015,
                        442793.625
                    ],
                    [
                        11032312.0,
                        0.00012905527546536177,
                        0.00021737493807449937,
                        442420.15625
                    ]
                ]
            ],
            "actions": [
                [
                    [
                        0.75
                    ],
                    [
                        0.75
                    ],
                    [
                        0.75
                    ],
                    [
                        0.75
                    ],
                    [
                        0.75
                    ],
                    [
                        0.75
                    ],
                    [
                        0.75
                    ],
                    [
                        0.75
                    ],
                    [
                        0.75
                    ],
                    [
                        0.75
                    ],
                    [
                        0.75
                    ],
                    [
                        0.75
                    ],
                    [
                        0.25
                    ],
                    [
                        0.25
                    ],
                    [
                        0.25
                    ],
                    [
                        0.25
                    ],
                    [
                        0.25
                    ],
                    [
                        0.25
                    ],
                    [
                        0.25
                    ],
                    [
                        0.25
                    ]
                ]
            ],
            "returns": [
                [
                    [
                        0.30454936623573303
                    ],
                    [
                        0.30361291766166687
                    ],
                    [
                        0.3026837110519409
                    ],
                    [
                        0.3017551302909851
                    ],
                    [
                        0.3008159101009369
                    ],
                    [
                        0.29988130927085876
                    ],
                    [
                        0.2989479601383209
                    ],
                    [
                        0.2980179190635681
                    ],
                    [
                        0.2970867156982422
                    ],
                    [
                        0.2961525619029999
                    ],
                    [
                        0.2952229082584381
                    ],
                    [
                        0.2942885160446167
                    ],
                    [
                        0.29335731267929077
                    ],
                    [
                        0.29335731267929077
                    ],
                    [
                        0.29243192076683044
                    ],
                    [
                        0.2914794683456421
                    ],
                    [
                        0.29049578309059143
                    ],
                    [
                        0.2895081043243408
                    ],
                    [
                        0.2885241210460663
                    ],
                    [
                        0.2875306308269501
                    ]
                ]
            ],
            "timesteps": [
                [
                    300,
                    301,
                    302,
                    303,
                    304,
                    305,
                    306,
                    307,
                    308,
                    309,
                    310,
                    311,
                    312,
                    313,
                    314,
                    315,
                    316,
                    317,
                    318,
                    319
                ]
            ],
            "labels": [
                [
                    2,
                    2,
                    2,
                    2,
                    2,
                    2,
                    2,
                    2,
                    2,
                    2,
                    2,
                    2,
                    0,
                    0,
                    0,
                    0,
                    0,
                    0,
                    0,
                    0
                ]
            ],
            "CPU Usage": 45.8,
            "RAM Usage": 54.9,
            "GPU Usage": 0.0,
            "VRAM Usage": 355.0,
            "Disk Read Speed (MB/s)": 206640.3115234375,
            "Disk Write Speed (MB/s)": 405404.5244140625
        },
        {
            "step": 1,
            "train_loss": 0.04518141224980354,
            "actions_pred1": [
                [
                    [
                        1.0871343612670898,
                        1.1116302013397217,
                        1.8685506582260132,
                        -2.4526898860931396
                    ],
                    [
                        1.0136038064956665,
                        1.0770052671432495,
                        1.8493926525115967,
                        -2.5427918434143066
                    ],
                    [
                        1.0501114130020142,
                        1.3674266338348389,
                        1.7820932865142822,
                        -2.5710182189941406
                    ],
                    [
                        1.0049571990966797,
                        1.1782677173614502,
                        1.6324529647827148,
                        -2.4962358474731445
                    ],
                    [
                        1.000321626663208,
                        0.9598997831344604,
                        1.5622786283493042,
                        -2.8209924697875977
                    ],
                    [
                        0.951799750328064,
                        0.8508760929107666,
                        1.5612014532089233,
                        -2.7239582538604736
                    ],
                    [
                        0.8960041403770447,
                        0.7758470773696899,
                        1.590587854385376,
                        -2.8221616744995117
                    ],
                    [
                        0.8638705015182495,
                        0.8273521661758423,
                        1.5626137256622314,
                        -2.8516714572906494
                    ],
                    [
                        0.9736189246177673,
                        0.868069052696228,
                        1.6471707820892334,
                        -3.0997915267944336
                    ],
                    [
                        0.8412200212478638,
                        1.1000101566314697,
                        1.443800687789917,
                        -2.6472887992858887
                    ],
                    [
                        0.6892780661582947,
                        0.8623273968696594,
                        1.3950773477554321,
                        -2.6597065925598145
                    ],
                    [
                        0.7500910758972168,
                        0.6891933679580688,
                        1.4980604648590088,
                        -2.730088233947754
                    ],
                    [
                        0.7915036678314209,
                        0.86644047498703,
                        1.782536506652832,
                        -2.6881721019744873
                    ],
                    [
                        0.8364276885986328,
                        0.8215381503105164,
                        1.6715857982635498,
                        -2.596867084503174
                    ],
                    [
                        0.7984468340873718,
                        0.8247498273849487,
                        1.6339470148086548,
                        -2.697469472885132
                    ],
                    [
                        0.8205834627151489,
                        0.5732200145721436,
                        1.829209327697754,
                        -2.603590726852417
                    ],
                    [
                        0.675843358039856,
                        0.5756449699401855,
                        1.8659420013427734,
                        -2.606999158859253
                    ],
                    [
                        0.7957268953323364,
                        0.7265385985374451,
                        1.676835298538208,
                        -2.575930118560791
                    ],
                    [
                        0.8343572616577148,
                        0.6960099935531616,
                        1.6334648132324219,
                        -2.6488192081451416
                    ],
                    [
                        0.7948818206787109,
                        0.914047122001648,
                        1.6035189628601074,
                        -2.7419443130493164
                    ]
                ]
            ],
            "actions_pred": [
                [
                    [
                        1.0871343612670898,
                        1.0136038064956665,
                        1.0501114130020142,
                        1.0049571990966797,
                        1.000321626663208,
                        0.951799750328064,
                        0.8960041403770447,
                        0.8638705015182495,
                        0.9736189246177673,
                        0.8412200212478638,
                        0.6892780661582947,
                        0.7500910758972168,
                        0.7915036678314209,
                        0.8364276885986328,
                        0.7984468340873718,
                        0.8205834627151489,
                        0.675843358039856,
                        0.7957268953323364,
                        0.8343572616577148,
                        0.7948818206787109
                    ],
                    [
                        1.1116302013397217,
                        1.0770052671432495,
                        1.3674266338348389,
                        1.1782677173614502,
                        0.9598997831344604,
                        0.8508760929107666,
                        0.7758470773696899,
                        0.8273521661758423,
                        0.868069052696228,
                        1.1000101566314697,
                        0.8623273968696594,
                        0.6891933679580688,
                        0.86644047498703,
                        0.8215381503105164,
                        0.8247498273849487,
                        0.5732200145721436,
                        0.5756449699401855,
                        0.7265385985374451,
                        0.6960099935531616,
                        0.914047122001648
                    ],
                    [
                        1.8685506582260132,
                        1.8493926525115967,
                        1.7820932865142822,
                        1.6324529647827148,
                        1.5622786283493042,
                        1.5612014532089233,
                        1.590587854385376,
                        1.5626137256622314,
                        1.6471707820892334,
                        1.443800687789917,
                        1.3950773477554321,
                        1.4980604648590088,
                        1.782536506652832,
                        1.6715857982635498,
                        1.6339470148086548,
                        1.829209327697754,
                        1.8659420013427734,
                        1.676835298538208,
                        1.6334648132324219,
                        1.6035189628601074
                    ],
                    [
                        -2.4526898860931396,
                        -2.5427918434143066,
                        -2.5710182189941406,
                        -2.4962358474731445,
                        -2.8209924697875977,
                        -2.7239582538604736,
                        -2.8221616744995117,
                        -2.8516714572906494,
                        -3.0997915267944336,
                        -2.6472887992858887,
                        -2.6597065925598145,
                        -2.730088233947754,
                        -2.6881721019744873,
                        -2.596867084503174,
                        -2.697469472885132,
                        -2.603590726852417,
                        -2.606999158859253,
                        -2.575930118560791,
                        -2.6488192081451416,
                        -2.7419443130493164
                    ]
                ]
            ],
            "states": [
                [
                    [
                        195480.0,
                        0.00017859364743344486,
                        0.0014523763675242662,
                        455306.15625
                    ],
                    [
                        224440.0,
                        0.00017706550715956837,
                        0.0012122188927605748,
                        199210.375
                    ],
                    [
                        260640.0,
                        0.00017533254867885262,
                        0.0010567386634647846,
                        291813.4375
                    ],
                    [
                        231680.0,
                        0.00017360733181703836,
                        0.0010331012308597565,
                        619352.5625
                    ],
                    [
                        201272.0,
                        0.00017211795784533024,
                        0.0008577806875109673,
                        757621.5
                    ],
                    [
                        233128.0,
                        0.0001706496550468728,
                        0.002856994280591607,
                        402371.75
                    ],
                    [
                        238920.0,
                        0.00016908197721932083,
                        0.005327177233994007,
                        418626.09375
                    ],
                    [
                        185344.0,
                        0.00016769685316830873,
                        0.006734849885106087,
                        490648.125
                    ],
                    [
                        205616.0,
                        0.000166440979228355,
                        0.008968048729002476,
                        304516.78125
                    ],
                    [
                        195480.0,
                        0.00016517171752639115,
                        0.00019177634385414422,
                        553446.625
                    ],
                    [
                        202720.0,
                        0.00016393074474763125,
                        0.0001491233124397695,
                        853423.1875
                    ],
                    [
                        209960.0,
                        0.00016266417514998466,
                        0.0002625611668918282,
                        298799.9375
                    ],
                    [
                        209960.0,
                        0.0001613952626939863,
                        0.0004885925445705652,
                        376011.875
                    ],
                    [
                        144800.0,
                        0.00016033815336413682,
                        0.0010367168579250574,
                        94745.609375
                    ],
                    [
                        246160.0,
                        0.00015919026918709278,
                        0.0028569940477609634,
                        223245.734375
                    ],
                    [
                        253400.0,
                        0.000157746413606219,
                        0.005327177233994007,
                        267948.78125
                    ],
                    [
                        296840.0,
                        0.00015618640463799238,
                        0.006734849885106087,
                        291045.46875
                    ],
                    [
                        340280.0,
                        0.0001544181868666783,
                        0.008968048729002476,
                        376205.125
                    ],
                    [
                        405440.0,
                        0.0001523990067653358,
                        0.010990988463163376,
                        467932.84375
                    ],
                    [
                        463360.0,
                        0.0001501120423199609,
                        0.011323424987494946,
                        301846.5
                    ]
                ]
            ],
            "actions": [
                [
                    [
                        0.25
                    ],
                    [
                        0.25
                    ],
                    [
                        0.25
                    ],
                    [
                        0.25
                    ],
                    [
                        0.25
                    ],
                    [
                        0.25
                    ],
                    [
                        0.25
                    ],
                    [
                        0.25
                    ],
                    [
                        0.25
                    ],
                    [
                        0.25
                    ],
                    [
                        0.25
                    ],
                    [
                        0.25
                    ],
                    [
                        0.25
                    ],
                    [
                        0.25
                    ],
                    [
                        0.25
                    ],
                    [
                        0.25
                    ],
                    [
                        0.25
                    ],
                    [
                        0.25
                    ],
                    [
                        0.25
                    ],
                    [
                        0.25
                    ]
                ]
            ],
            "returns": [
                [
                    [
                        0.0820998102426529
                    ],
                    [
                        0.0814596638083458
                    ],
                    [
                        0.08080726861953735
                    ],
                    [
                        0.08014161884784698
                    ],
                    [
                        0.0794864147901535
                    ],
                    [
                        0.07884368300437927
                    ],
                    [
                        0.07818792015314102
                    ],
                    [
                        0.07752998173236847
                    ],
                    [
                        0.07689455896615982
                    ],
                    [
                        0.07624993473291397
                    ],
                    [
                        0.07560978829860687
                    ],
                    [
                        0.0749664157629013
                    ],
                    [
                        0.07431993633508682
                    ],
                    [
                        0.07367345690727234
                    ],
                    [
                        0.07305991649627686
                    ],
                    [
                        0.0723993331193924
                    ],
                    [
                        0.07173618674278259
                    ],
                    [
                        0.07105900347232819
                    ],
                    [
                        0.07036971300840378
                    ],
                    [
                        0.06966488808393478
                    ]
                ]
            ],
            "timesteps": [
                [
                    540,
                    541,
                    542,
                    543,
                    544,
                    545,
                    546,
                    547,
                    548,
                    549,
                    550,
                    551,
                    552,
                    553,
                    554,
                    555,
                    556,
                    557,
                    558,
                    559
                ]
            ],
            "labels": [
                [
                    0,
                    0,
                    0,
                    0,
                    0,
                    0,
                    0,
                    0,
                    0,
                    0,
                    0,
                    0,
                    0,
                    0,
                    0,
                    0,
                    0,
                    0,
                    0,
                    0
                ]
            ],
            "CPU Usage": 46.8,
            "RAM Usage": 55.1,
            "GPU Usage": 0.0,
            "VRAM Usage": 355.0,
            "Disk Read Speed (MB/s)": 206640.3115234375,
            "Disk Write Speed (MB/s)": 405404.6767578125
        },
        {
            "step": 2,
            "train_loss": 0.04080455005168915,
            "actions_pred1": [
                [
                    [
                        0.7440804839134216,
                        0.9772529602050781,
                        1.4277992248535156,
                        -2.6196110248565674
                    ],
                    [
                        0.6386602520942688,
                        1.047003149986267,
                        1.3564358949661255,
                        -2.1217703819274902
                    ],
                    [
                        0.7097815275192261,
                        0.9676613807678223,
                        1.4477002620697021,
                        -2.273641586303711
                    ],
                    [
                        0.7596644163131714,
                        0.8240079879760742,
                        1.5231719017028809,
                        -2.367493152618408
                    ],
                    [
                        0.7156035900115967,
                        0.9172078371047974,
                        1.7223081588745117,
                        -2.571592330932617
                    ],
                    [
                        0.6328893899917603,
                        1.0632164478302002,
                        1.5819298028945923,
                        -2.8496994972229004
                    ],
                    [
                        0.7388968467712402,
                        0.9973957538604736,
                        1.5096811056137085,
                        -2.83087420463562
                    ],
                    [
                        0.7558351755142212,
                        0.9411622285842896,
                        1.4298073053359985,
                        -2.6927900314331055
                    ],
                    [
                        0.789937436580658,
                        0.8920904397964478,
                        1.4616647958755493,
                        -2.6479101181030273
                    ],
                    [
                        0.6359229683876038,
                        0.760086178779602,
                        1.4024723768234253,
                        -2.4043617248535156
                    ],
                    [
                        0.7839486598968506,
                        0.9065097570419312,
                        1.4431047439575195,
                        -2.5374631881713867
                    ],
                    [
                        0.8231849074363708,
                        0.9070217609405518,
                        1.4229439496994019,
                        -2.6520509719848633
                    ],
                    [
                        0.7168781757354736,
                        0.9287195801734924,
                        1.4769651889801025,
                        -2.7057576179504395
                    ],
                    [
                        0.6773264408111572,
                        1.081590175628662,
                        1.5677690505981445,
                        -2.8620169162750244
                    ],
                    [
                        0.7633637189865112,
                        0.8748424649238586,
                        1.7058030366897583,
                        -2.7134432792663574
                    ],
                    [
                        0.7272372245788574,
                        0.9007382988929749,
                        1.653154969215393,
                        -2.7530899047851562
                    ],
                    [
                        0.691720187664032,
                        0.9980425834655762,
                        1.6865582466125488,
                        -2.780890941619873
                    ],
                    [
                        0.7443461418151855,
                        0.9679919481277466,
                        1.7780694961547852,
                        -2.882633686065674
                    ],
                    [
                        0.8184167146682739,
                        0.9738861322402954,
                        1.7964088916778564,
                        -2.7756361961364746
                    ],
                    [
                        0.7151818871498108,
                        0.9363017082214355,
                        1.7064725160598755,
                        -2.906367301940918
                    ]
                ]
            ],
            "actions_pred": [
                [
                    [
                        0.7440804839134216,
                        0.6386602520942688,
                        0.7097815275192261,
                        0.7596644163131714,
                        0.7156035900115967,
                        0.6328893899917603,
                        0.7388968467712402,
                        0.7558351755142212,
                        0.789937436580658,
                        0.6359229683876038,
                        0.7839486598968506,
                        0.8231849074363708,
                        0.7168781757354736,
