{
    "steps": [
        {
            "step": 0,
            "train_loss": 0.001167084090411663,
            "actions_pred1": [
                [
                    [
                        3.6789608001708984,
                        1.1670427322387695,
                        2.409630537033081,
                        -4.606086730957031
                    ],
                    [
                        4.321788311004639,
                        0.41773074865341187,
                        1.5634782314300537,
                        -4.5909199714660645
                    ],
                    [
                        4.428488731384277,
                        0.07492896914482117,
                        1.2432106733322144,
                        -5.008998394012451
                    ],
                    [
                        4.689040660858154,
                        0.027466148138046265,
                        1.1221070289611816,
                        -5.421936988830566
                    ],
                    [
                        5.056212902069092,
                        0.24080206453800201,
                        0.9880101680755615,
                        -5.731917381286621
                    ],
                    [
                        5.170266151428223,
                        0.15610648691654205,
                        1.1080104112625122,
                        -6.006904125213623
                    ],
                    [
                        5.2630615234375,
                        0.3152851462364197,
                        0.9301223754882812,
                        -6.005936622619629
                    ],
                    [
                        5.415992259979248,
                        0.24034947156906128,
                        0.9293359518051147,
                        -6.399875164031982
                    ],
                    [
                        5.50858211517334,
                        0.9210706353187561,
                        1.3064699172973633,
                        -6.760839462280273
                    ],
                    [
                        5.898251056671143,
                        0.8982142210006714,
                        1.2564988136291504,
                        -6.8802995681762695
                    ],
                    [
                        6.009510040283203,
                        0.670201301574707,
                        1.1493885517120361,
                        -6.8991923332214355
                    ],
                    [
                        5.951987266540527,
                        0.6681244373321533,
                        1.238394021987915,
                        -6.836640357971191
                    ],
                    [
                        6.051492214202881,
                        0.7994605898857117,
                        1.257193922996521,
                        -6.924365997314453
                    ],
                    [
                        6.036349296569824,
                        0.7354250550270081,
                        1.5269289016723633,
                        -6.777271270751953
                    ],
                    [
                        6.1301984786987305,
                        0.6835302710533142,
                        1.5442956686019897,
                        -6.54399299621582
                    ],
                    [
                        5.8586015701293945,
                        0.4993619918823242,
                        1.335587501525879,
                        -6.233382225036621
                    ],
                    [
                        5.898406028747559,
                        0.6248093843460083,
                        1.145856499671936,
                        -6.677242755889893
                    ],
                    [
                        5.873678684234619,
                        0.648572564125061,
                        1.0309741497039795,
                        -6.593185901641846
                    ],
                    [
                        5.974510669708252,
                        0.7833310961723328,
                        1.1142014265060425,
                        -6.538006782531738
                    ],
                    [
                        6.02842903137207,
                        0.8668491840362549,
                        1.3961061239242554,
                        -6.8650641441345215
                    ]
                ]
            ],
            "actions_pred": [
                [
                    [
                        3.6789608001708984,
                        4.321788311004639,
                        4.428488731384277,
                        4.689040660858154,
                        5.056212902069092,
                        5.170266151428223,
                        5.2630615234375,
                        5.415992259979248,
                        5.50858211517334,
                        5.898251056671143,
                        6.009510040283203,
                        5.951987266540527,
                        6.051492214202881,
                        6.036349296569824,
                        6.1301984786987305,
                        5.8586015701293945,
                        5.898406028747559,
                        5.873678684234619,
                        5.974510669708252,
                        6.02842903137207
                    ],
                    [
                        1.1670427322387695,
                        0.41773074865341187,
                        0.07492896914482117,
                        0.027466148138046265,
                        0.24080206453800201,
                        0.15610648691654205,
                        0.3152851462364197,
                        0.24034947156906128,
                        0.9210706353187561,
                        0.8982142210006714,
                        0.670201301574707,
                        0.6681244373321533,
                        0.7994605898857117,
                        0.7354250550270081,
                        0.6835302710533142,
                        0.4993619918823242,
                        0.6248093843460083,
                        0.648572564125061,
                        0.7833310961723328,
                        0.8668491840362549
                    ],
                    [
                        2.409630537033081,
                        1.5634782314300537,
                        1.2432106733322144,
                        1.1221070289611816,
                        0.9880101680755615,
                        1.1080104112625122,
                        0.9301223754882812,
                        0.9293359518051147,
                        1.3064699172973633,
                        1.2564988136291504,
                        1.1493885517120361,
                        1.238394021987915,
                        1.257193922996521,
                        1.5269289016723633,
                        1.5442956686019897,
                        1.335587501525879,
                        1.145856499671936,
                        1.0309741497039795,
                        1.1142014265060425,
                        1.3961061239242554
                    ],
                    [
                        -4.606086730957031,
                        -4.5909199714660645,
                        -5.008998394012451,
                        -5.421936988830566,
                        -5.731917381286621,
                        -6.006904125213623,
                        -6.005936622619629,
                        -6.399875164031982,
                        -6.760839462280273,
                        -6.8802995681762695,
                        -6.8991923332214355,
                        -6.836640357971191,
                        -6.924365997314453,
                        -6.777271270751953,
                        -6.54399299621582,
                        -6.233382225036621,
                        -6.677242755889893,
                        -6.593185901641846,
                        -6.538006782531738,
                        -6.8650641441345215
                    ]
                ]
            ],
            "states": [
                [
                    [
                        5130264.0,
                        9.53052585828118e-06,
                        0.00017112551722675562,
                        484343.53125
                    ],
                    [
                        5473440.0,
                        9.464440154260956e-06,
                        0.00025726869353093207,
                        530369.25
                    ],
                    [
                        5615344.0,
                        9.396303539688233e-06,
                        0.000244751397985965,
                        507658.4375
                    ],
                    [
                        5705120.0,
                        9.327747648057994e-06,
                        0.0002547030453570187,
                        475297.125
                    ],
                    [
                        5661680.0,
                        9.25990843825275e-06,
                        0.0002602769818622619,
                        509474.46875
                    ],
                    [
                        5626928.0,
                        9.193505320581608e-06,
                        0.00028401854797266424,
                        512406.875
                    ],
                    [
                        7240000.0,
                        9.118992238654755e-06,
                        0.00026182830333709717,
                        473767.34375
                    ],
                    [
                        6098976.0,
                        9.042967576533556e-06,
                        0.00025427230866625905,
                        486137.84375
                    ],
                    [
                        5957072.0,
                        8.975355740403756e-06,
                        0.00025071317213587463,
                        481721.90625
                    ],
                    [
                        6045400.0,
                        8.909044481697492e-06,
                        0.000257556646829471,
                        512695.15625
                    ],
                    [
                        5554528.0,
                        8.845872798701748e-06,
                        0.0002534309751354158,
                        490408.03125
                    ],
                    [
                        5395248.0,
                        8.787061233306304e-06,
                        0.00019772094674408436,
                        502051.125
                    ],
                    [
                        6014992.0,
                        8.726612577447668e-06,
                        0.00023689404770266265,
                        496127.90625
                    ],
                    [
                        5615344.0,
                        8.665836503496394e-06,
                        0.00024040597782004625,
                        497831.1875
                    ],
                    [
                        5961416.0,
                        8.60618456499651e-06,
                        0.00023798528127372265,
                        498399.9375
                    ],
                    [
                        5690640.0,
                        8.546960089006461e-06,
                        0.0002599294239189476,
                        501903.53125
                    ],
                    [
                        6043952.0,
                        8.48813488119049e-06,
                        0.0002636733988765627,
                        501576.46875
                    ],
                    [
                        7975584.0,
                        8.418936886300799e-06,
                        0.00023683813924435526,
                        444337.65625
                    ],
                    [
                        5891912.0,
                        8.351544238394126e-06,
                        0.0002558637352194637,
                        498428.25
                    ],
                    [
                        6125040.0,
                        8.294033250422217e-06,
                        0.00024174025747925043,
                        501703.09375
                    ]
                ]
            ],
            "actions": [
                [
                    [
                        0.25
                    ],
                    [
                        0.25
                    ],
                    [
                        0.25
                    ],
                    [
                        0.25
                    ],
                    [
                        0.25
                    ],
                    [
                        0.25
                    ],
                    [
                        0.25
                    ],
                    [
                        0.25
                    ],
                    [
                        0.25
                    ],
                    [
                        0.25
                    ],
                    [
                        0.25
                    ],
                    [
                        0.25
                    ],
                    [
                        0.25
                    ],
                    [
                        0.25
                    ],
                    [
                        0.25
                    ],
                    [
                        0.25
                    ],
                    [
                        0.25
                    ],
                    [
                        0.25
                    ],
                    [
                        0.25
                    ],
                    [
                        0.25
                    ]
                ]
            ],
            "returns": [
                [
                    [
                        0.20859551429748535
                    ],
                    [
                        0.20766568183898926
                    ],
                    [
                        0.20673011243343353
                    ],
                    [
                        0.20579227805137634
                    ],
                    [
                        0.20485302805900574
                    ],
                    [
                        0.20391446352005005
                    ],
                    [
                        0.20297643542289734
                    ],
                    [
                        0.20201605558395386
                    ],
                    [
                        0.2010708898305893
                    ],
                    [
                        0.20012782514095306
                    ],
                    [
                        0.19918343424797058
                    ],
                    [
                        0.1982465535402298
                    ],
                    [
                        0.19731226563453674
                    ],
                    [
                        0.19636832177639008
                    ],
                    [
                        0.19543048739433289
                    ],
                    [
                        0.19448734819889069
                    ],
                    [
                        0.193548321723938
                    ],
                    [
                        0.1926039606332779
                    ],
                    [
                        0.19163501262664795
                    ],
                    [
                        0.19069290161132812
                    ]
                ]
            ],
            "timesteps": [
                [
                    400,
                    401,
                    402,
                    403,
                    404,
                    405,
                    406,
                    407,
                    408,
                    409,
                    410,
                    411,
                    412,
                    413,
                    414,
                    415,
                    416,
                    417,
                    418,
                    419
                ]
            ],
            "labels": [
                [
                    0,
                    0,
                    0,
                    0,
                    0,
                    0,
                    0,
                    0,
                    0,
                    0,
                    0,
                    0,
                    0,
                    0,
                    0,
                    0,
                    0,
                    0,
                    0,
                    0
                ]
            ],
            "CPU Usage": 45.0,
            "RAM Usage": 55.0,
            "GPU Usage": 0.0,
            "VRAM Usage": 356.0,
            "Disk Read Speed (MB/s)": 206654.0029296875,
            "Disk Write Speed (MB/s)": 433206.3994140625
        },
        {
            "step": 1,
            "train_loss": 0.002014592755585909,
            "actions_pred1": [
                [
                    [
                        2.1910645961761475,
                        -0.35658010840415955,
                        1.220723032951355,
                        -3.5724260807037354
                    ],
                    [
                        2.5923268795013428,
                        -0.056675732135772705,
                        1.375313401222229,
                        -3.760244369506836
                    ],
                    [
                        3.2534406185150146,
                        0.7864189147949219,
                        1.4073137044906616,
                        -4.418941497802734
                    ],
                    [
                        4.49139928817749,
                        0.744572639465332,
                        1.1757439374923706,
                        -4.763679504394531
                    ],
                    [
                        4.9549970626831055,
                        -0.23127442598342896,
                        1.1835246086120605,
                        -5.638978004455566
                    ],
                    [
                        5.4105916023254395,
                        -0.21482139825820923,
                        1.5040552616119385,
                        -6.306412696838379
                    ],
                    [
                        5.512503623962402,
                        0.16051912307739258,
                        1.4873502254486084,
                        -6.475434303283691
                    ],
                    [
                        5.392973899841309,
                        0.7844470739364624,
                        1.291983723640442,
                        -6.608409881591797
                    ],
                    [
                        5.4092302322387695,
                        0.6090714931488037,
                        1.0897053480148315,
                        -6.368243217468262
                    ],
                    [
                        5.987894058227539,
                        0.29299694299697876,
                        1.0610953569412231,
                        -6.329746723175049
                    ],
                    [
                        6.06939172744751,
                        0.29486724734306335,
                        1.221810221672058,
                        -6.771510601043701
                    ],
                    [
                        6.297032833099365,
                        0.2232198417186737,
                        1.4847958087921143,
                        -6.730737686157227
                    ],
                    [
                        6.013334274291992,
                        0.2867419719696045,
                        1.6938109397888184,
                        -6.682773113250732
                    ],
                    [
                        5.767423629760742,
                        0.43169689178466797,
                        1.6930334568023682,
                        -6.6102094650268555
                    ],
                    [
                        5.685169696807861,
                        0.6222991943359375,
                        1.6723077297210693,
                        -6.581148624420166
                    ],
                    [
                        5.7030134201049805,
                        0.42006802558898926,
                        1.6537058353424072,
                        -6.800594329833984
                    ],
                    [
                        5.646596908569336,
                        0.28396373987197876,
                        1.7376294136047363,
                        -6.772157669067383
                    ],
                    [
                        5.469113826751709,
                        0.1463557779788971,
                        1.4646508693695068,
                        -6.462750434875488
                    ],
                    [
                        5.718723297119141,
                        -0.1439969837665558,
                        1.6017963886260986,
                        -6.396962642669678
                    ],
                    [
                        5.9007768630981445,
                        0.22561034560203552,
                        1.6055651903152466,
                        -6.582940101623535
                    ]
                ]
            ],
            "actions_pred": [
                [
                    [
                        2.1910645961761475,
                        2.5923268795013428,
                        3.2534406185150146,
                        4.49139928817749,
                        4.9549970626831055,
                        5.4105916023254395,
                        5.512503623962402,
                        5.392973899841309,
                        5.4092302322387695,
                        5.987894058227539,
                        6.06939172744751,
                        6.297032833099365,
                        6.013334274291992,
                        5.767423629760742,
                        5.685169696807861,
                        5.7030134201049805,
                        5.646596908569336,
                        5.469113826751709,
                        5.718723297119141,
                        5.9007768630981445
                    ],
                    [
                        -0.35658010840415955,
                        -0.056675732135772705,
                        0.7864189147949219,
                        0.744572639465332,
                        -0.23127442598342896,
                        -0.21482139825820923,
                        0.16051912307739258,
                        0.7844470739364624,
                        0.6090714931488037,
                        0.29299694299697876,
                        0.29486724734306335,
                        0.2232198417186737,
                        0.2867419719696045,
                        0.43169689178466797,
                        0.6222991943359375,
                        0.42006802558898926,
                        0.28396373987197876,
                        0.1463557779788971,
                        -0.1439969837665558,
                        0.22561034560203552
                    ],
                    [
                        1.220723032951355,
                        1.375313401222229,
                        1.4073137044906616,
                        1.1757439374923706,
                        1.1835246086120605,
                        1.5040552616119385,
                        1.4873502254486084,
                        1.291983723640442,
                        1.0897053480148315,
                        1.0610953569412231,
                        1.221810221672058,
                        1.4847958087921143,
                        1.6938109397888184,
                        1.6930334568023682,
                        1.6723077297210693,
                        1.6537058353424072,
                        1.7376294136047363,
                        1.4646508693695068,
                        1.6017963886260986,
                        1.6055651903152466
                    ],
                    [
                        -3.5724260807037354,
                        -3.760244369506836,
                        -4.418941497802734,
                        -4.763679504394531,
                        -5.638978004455566,
                        -6.306412696838379,
                        -6.475434303283691,
                        -6.608409881591797,
                        -6.368243217468262,
                        -6.329746723175049,
                        -6.771510601043701,
                        -6.730737686157227,
                        -6.682773113250732,
                        -6.6102094650268555,
                        -6.581148624420166,
                        -6.800594329833984,
                        -6.772157669067383,
                        -6.462750434875488,
                        -6.396962642669678,
                        -6.582940101623535
                    ]
                ]
            ],
            "states": [
                [
                    [
                        9174528.0,
                        1.5287421774701215e-05,
                        0.00015401413838844746,
                        462799.78125
                    ],
                    [
                        9721872.0,
                        1.4988291695772205e-05,
                        0.00014908269804436713,
                        471413.40625
                    ],
                    [
                        8650352.0,
                        1.4708337403135374e-05,
                        0.00013771618250757456,
                        476596.0
                    ],
                    [
                        9385704.0,
                        1.4443650798057206e-05,
                        0.000157010683324188,
                        448618.75
                    ],
                    [
                        9197696.0,
                        1.4180617654346861e-05,
                        0.00013674897491000593,
                        456343.53125
                    ],
                    [
                        9271544.0,
                        1.392852846038295e-05,
                        0.000155533998622559,
                        449987.3125
                    ],
                    [
                        8570712.0,
                        1.3693322216568049e-05,
                        0.00014997956168372184,
                        453578.0625
                    ],
                    [
                        9304848.0,
                        1.346561111859046e-05,
                        0.0001673756050877273,
                        435181.0625
                    ],
                    [
                        8921128.0,
                        1.3241030501376372e-05,
                        0.00015327449364122003,
                        460544.8125
                    ],
                    [
                        8646008.0,
                        1.303156568610575e-05,
                        0.00015547996736131608,
                        463163.09375
                    ],
                    [
                        8767640.0,
                        1.2830393643525895e-05,
                        0.00015675314352847636,
                        458172.0625
                    ],
                    [
                        8076944.0,
                        1.2641571629501414e-05,
                        0.00016837925068102777,
                        477030.90625
                    ],
                    [
                        8123280.0,
                        1.2465176951081958e-05,
                        0.00015461879957001656,
                        493767.40625
                    ],
                    [
                        8650352.0,
                        1.228769360750448e-05,
                        0.00016164440603461117,
                        451473.28125
                    ],
                    [
                        7982824.0,
                        1.211656035593478e-05,
                        0.00016790036170277745,
                        481186.15625
                    ],
                    [
                        7248688.0,
                        1.1963955330429599e-05,
                        0.00016397373110521585,
                        490311.46875
                    ],
                    [
                        7208144.0,
                        1.1822661690530367e-05,
                        0.00017705760546959937,
                        472943.71875
                    ],
                    [
                        7193664.0,
                        1.1685199751809705e-05,
                        0.000179134716745466,
                        469996.125
                    ],
                    [
                        6442152.0,
                        1.1557923244254198e-05,
                        0.00016420705651398748,
                        470480.40625
                    ],
                    [
                        6989496.0,
                        1.1435274245741311e-05,
                        0.00018320638628210872,
                        451753.78125
                    ]
                ]
            ],
            "actions": [
                [
                    [
                        0.25
                    ],
                    [
                        0.25
                    ],
                    [
                        0.25
                    ],
                    [
                        0.25
                    ],
                    [
                        0.25
                    ],
                    [
                        0.25
                    ],
                    [
                        0.25
                    ],
                    [
                        0.25
                    ],
                    [
                        0.25
                    ],
                    [
                        0.25
                    ],
                    [
                        0.25
                    ],
                    [
                        0.25
                    ],
                    [
                        0.25
                    ],
                    [
                        0.25
                    ],
                    [
                        0.25
                    ],
                    [
                        0.25
                    ],
                    [
                        0.25
                    ],
                    [
                        0.25
                    ],
                    [
                        0.25
                    ],
                    [
                        0.25
                    ]
                ]
            ],
            "returns": [
                [
                    [
                        0.2469175159931183
                    ],
                    [
                        0.24593615531921387
                    ],
                    [
                        0.24494965374469757
                    ],
                    [
                        0.2439734935760498
                    ],
                    [
                        0.24299012124538422
                    ],
                    [
                        0.2420085221529007
                    ],
                    [
                        0.24102622270584106
                    ],
                    [
                        0.24005089700222015
                    ],
                    [
                        0.23906828463077545
                    ],
                    [
                        0.2380893975496292
                    ],
                    [
                        0.23711329698562622
                    ],
                    [
                        0.23613594472408295
                    ],
                    [
                        0.23516587913036346
                    ],
                    [
                        0.2341953068971634
                    ],
                    [
                        0.23321916162967682
                    ],
                    [
                        0.2322501242160797
                    ],
                    [
                        0.23128965497016907
                    ],
                    [
                        0.23032966256141663
                    ],
                    [
                        0.2293698638677597
                    ],
                    [
                        0.22841985523700714
                    ]
                ]
            ],
            "timesteps": [
                [
                    360,
                    361,
                    362,
                    363,
                    364,
                    365,
                    366,
                    367,
                    368,
                    369,
                    370,
                    371,
                    372,
                    373,
                    374,
                    375,
                    376,
                    377,
                    378,
                    379
                ]
            ],
            "labels": [
                [
                    0,
                    0,
                    0,
                    0,
                    0,
                    0,
                    0,
                    0,
                    0,
                    0,
                    0,
                    0,
                    0,
                    0,
                    0,
                    0,
                    0,
                    0,
                    0,
                    0
                ]
            ],
            "CPU Usage": 47.1,
            "RAM Usage": 55.1,
            "GPU Usage": 0.0,
            "VRAM Usage": 356.0,
            "Disk Read Speed (MB/s)": 206654.4248046875,
            "Disk Write Speed (MB/s)": 433206.7236328125
        },
        {
            "step": 2,
            "train_loss": 0.01044109370559454,
            "actions_pred1": [
                [
                    [
                        1.4477341175079346,
                        1.8631556034088135,
                        2.184812068939209,
                        -4.08056116104126
                    ],
                    [
                        1.3791860342025757,
                        1.8206586837768555,
                        2.3499608039855957,
                        -4.398591041564941
                    ],
                    [
                        1.410941243171692,
                        2.4797794818878174,
                        2.1440799236297607,
                        -5.255655288696289
                    ],
                    [
                        1.276330590248108,
                        2.9604129791259766,
                        1.7972440719604492,
                        -5.8802409172058105
                    ],
                    [
                        0.926773726940155,
                        3.764251947402954,
                        1.5866115093231201,
                        -5.7947587966918945
                    ],
                    [
                        1.276256799697876,
                        3.839643955230713,
                        1.264269471168518,
                        -6.149775505065918
                    ],
                    [
                        1.4144577980041504,
                        3.8936195373535156,
                        0.9120946526527405,
                        -6.245583534240723
                    ],
                    [
                        1.5115554332733154,
                        4.3525238037109375,
                        1.2472233772277832,
                        -6.32807731628418
                    ],
                    [
                        1.627791404724121,
                        4.248203277587891,
                        1.4871152639389038,
                        -6.272254943847656
                    ],
                    [
                        1.9116172790527344,
                        4.228209495544434,
                        1.4084196090698242,
                        -6.5429182052612305
                    ],
                    [
                        1.8747403621673584,
                        3.9621288776397705,
                        1.0289430618286133,
                        -6.387547492980957
                    ],
                    [
                        1.8322808742523193,
                        4.0488481521606445,
                        0.9702649712562561,
                        -6.391452312469482
                    ],
                    [
                        1.7296831607818604,
                        4.043270587921143,
                        1.0608254671096802,
                        -6.3337626457214355
                    ],
                    [
                        1.8392280340194702,
                        4.234967231750488,
                        1.287445068359375,
                        -6.56916618347168
                    ],
                    [
                        1.8548561334609985,
                        4.545690536499023,
                        1.0862452983856201,
                        -6.32273006439209
                    ],
                    [
                        1.8841073513031006,
                        4.493689060211182,
                        1.2829560041427612,
                        -6.474184989929199
                    ],
                    [
                        2.0460848808288574,
                        4.281188011169434,
                        1.426436185836792,
                        -6.427404403686523
                    ],
                    [
                        2.0467817783355713,
                        4.198990821838379,
                        1.5265841484069824,
                        -6.601744651794434
                    ],
                    [
                        2.1122238636016846,
                        4.012173175811768,
                        1.672398328781128,
                        -6.295517921447754
                    ],
                    [
                        2.546631336212158,
                        4.084539890289307,
                        1.4813976287841797,
                        -6.424368858337402
                    ]
                ]
            ],
            "actions_pred": [
                [
                    [
                        1.4477341175079346,
                        1.3791860342025757,
                        1.410941243171692,
                        1.276330590248108,
                        0.926773726940155,
                        1.276256799697876,
                        1.4144577980041504,
                        1.5115554332733154,
                        1.627791404724121,
                        1.9116172790527344,
                        1.8747403621673584,
                        1.8322808742523193,
                        1.7296831607818604,
                        1.8392280340194702,
