{
    "steps": [
        {
            "step": 0,
            "train_loss": 0.03411296755075455,
            "actions_pred1": [
                [
                    [
                        0.4551337957382202,
                        0.597603440284729,
                        0.5844050645828247,
                        -0.8991954326629639
                    ],
                    [
                        0.39338865876197815,
                        0.7056519985198975,
                        0.662546694278717,
                        -0.671166181564331
                    ],
                    [
                        0.4667646884918213,
                        0.6916217803955078,
                        0.7515095472335815,
                        -0.8168728947639465
                    ],
                    [
                        0.4740862548351288,
                        0.61403489112854,
                        0.796858549118042,
                        -0.9060845375061035
                    ],
                    [
                        0.43329885601997375,
                        0.6905677914619446,
                        0.8846482038497925,
                        -0.9510339498519897
                    ],
                    [
                        0.3127696216106415,
                        0.7313731908798218,
                        0.6812460422515869,
                        -1.1366400718688965
                    ],
                    [
                        0.4202611446380615,
                        0.6754079461097717,
                        0.7009248733520508,
                        -1.1042414903640747
                    ],
                    [
                        0.42186474800109863,
                        0.6560944318771362,
                        0.6709989905357361,
                        -1.0223674774169922
                    ],
                    [
                        0.46824777126312256,
                        0.6423133611679077,
                        0.6033135652542114,
                        -1.031415343284607
                    ],
                    [
                        0.35759472846984863,
                        0.5757315158843994,
                        0.6611930131912231,
                        -0.9512152671813965
                    ],
                    [
                        0.43918466567993164,
                        0.6944380402565002,
                        0.6799657940864563,
                        -1.007638931274414
                    ],
                    [
                        0.46094393730163574,
                        0.6951535940170288,
                        0.6591830849647522,
                        -1.0771349668502808
                    ],
                    [
                        0.40249019861221313,
                        0.6804260611534119,
                        0.6485512256622314,
                        -1.0779242515563965
                    ],
                    [
                        0.3828655183315277,
                        0.7717318534851074,
                        0.7030007839202881,
                        -1.1123054027557373
                    ],
                    [
                        0.48190736770629883,
                        0.6538780927658081,
                        0.8221949934959412,
                        -1.0410716533660889
                    ],
                    [
                        0.39989954233169556,
                        0.7101001739501953,
                        0.763200044631958,
                        -1.0564321279525757
                    ],
                    [
                        0.32727500796318054,
                        0.7965322732925415,
                        0.7780279517173767,
                        -1.0753222703933716
                    ],
                    [
                        0.3933665454387665,
                        0.7599203586578369,
                        0.8671828508377075,
                        -1.060982346534729
                    ],
                    [
                        0.45098286867141724,
                        0.7631494998931885,
                        0.858755350112915,
                        -1.0699124336242676
                    ],
                    [
                        0.33848828077316284,
                        0.7671291828155518,
                        0.8032084107398987,
                        -1.1680561304092407
                    ]
                ]
            ],
            "actions_pred": [
                [
                    [
                        0.4551337957382202,
                        0.39338865876197815,
                        0.4667646884918213,
                        0.4740862548351288,
                        0.43329885601997375,
                        0.3127696216106415,
                        0.4202611446380615,
                        0.42186474800109863,
                        0.46824777126312256,
                        0.35759472846984863,
                        0.43918466567993164,
                        0.46094393730163574,
                        0.40249019861221313,
                        0.3828655183315277,
                        0.48190736770629883,
                        0.39989954233169556,
                        0.32727500796318054,
                        0.3933665454387665,
                        0.45098286867141724,
                        0.33848828077316284
                    ],
                    [
                        0.597603440284729,
                        0.7056519985198975,
                        0.6916217803955078,
                        0.61403489112854,
                        0.6905677914619446,
                        0.7313731908798218,
                        0.6754079461097717,
                        0.6560944318771362,
                        0.6423133611679077,
                        0.5757315158843994,
                        0.6944380402565002,
                        0.6951535940170288,
                        0.6804260611534119,
                        0.7717318534851074,
                        0.6538780927658081,
                        0.7101001739501953,
                        0.7965322732925415,
                        0.7599203586578369,
                        0.7631494998931885,
                        0.7671291828155518
                    ],
                    [
                        0.5844050645828247,
                        0.662546694278717,
                        0.7515095472335815,
                        0.796858549118042,
                        0.8846482038497925,
                        0.6812460422515869,
                        0.7009248733520508,
                        0.6709989905357361,
                        0.6033135652542114,
                        0.6611930131912231,
                        0.6799657940864563,
                        0.6591830849647522,
                        0.6485512256622314,
                        0.7030007839202881,
                        0.8221949934959412,
                        0.763200044631958,
                        0.7780279517173767,
                        0.8671828508377075,
                        0.858755350112915,
                        0.8032084107398987
                    ],
                    [
                        -0.8991954326629639,
                        -0.671166181564331,
                        -0.8168728947639465,
                        -0.9060845375061035,
                        -0.9510339498519897,
                        -1.1366400718688965,
                        -1.1042414903640747,
                        -1.0223674774169922,
                        -1.031415343284607,
                        -0.9512152671813965,
                        -1.007638931274414,
                        -1.0771349668502808,
                        -1.0779242515563965,
                        -1.1123054027557373,
                        -1.0410716533660889,
                        -1.0564321279525757,
                        -1.0753222703933716,
                        -1.060982346534729,
                        -1.0699124336242676,
                        -1.1680561304092407
                    ]
                ]
            ],
            "states": [
                [
                    [
                        3453480.0,
                        1.1675143468892202e-05,
                        0.00029440681100822985,
                        672821.0625
                    ],
                    [
                        4107976.0,
                        1.1557735888345633e-05,
                        0.00028164629475213587,
                        683579.125
                    ],
                    [
                        4089152.0,
                        1.1433058716647793e-05,
                        0.00027785348356701434,
                        696568.625
                    ],
                    [
                        3556288.0,
                        1.131914814322954e-05,
                        0.00038381022750400007,
                        634586.1875
                    ],
                    [
                        2583232.0,
                        1.1229288247704972e-05,
                        0.0002961547579616308,
                        661987.4375
                    ],
                    [
                        1912808.0,
                        1.1164392162754666e-05,
                        0.00029962105327285826,
                        693806.25
                    ],
                    [
                        2088016.0,
                        1.1107291356893256e-05,
                        0.00029777659801766276,
                        580816.75
                    ],
                    [
                        2896000.0,
                        1.103698832594091e-05,
                        0.0002728095860220492,
                        525629.9375
                    ],
                    [
                        2564408.0,
                        1.0960944564430974e-05,
                        0.0002930021146312356,
                        619511.5625
                    ],
                    [
                        3921184.0,
                        1.087203600036446e-05,
                        0.0005929499748162925,
                        538834.625
                    ],
                    [
                        2794640.0,
                        1.0781384844449349e-05,
                        0.00017766767996363342,
                        677916.4375
                    ],
                    [
                        4726272.0,
                        1.0681769708753563e-05,
                        0.00018339134112466127,
                        599563.375
                    ],
                    [
                        4927544.0,
                        1.0556481356616132e-05,
                        0.00019205290300305933,
                        583179.3125
                    ],
                    [
                        5944040.0,
                        1.0418904821563046e-05,
                        0.0002024973655352369,
                        603427.0
                    ],
                    [
                        5063656.0,
                        1.0283110896125436e-05,
                        0.0002613598189782351,
                        607061.125
                    ],
                    [
                        5221488.0,
                        1.015944144455716e-05,
                        0.00023075626813806593,
                        620602.0625
                    ],
                    [
                        3421624.0,
                        1.0057716281153262e-05,
                        0.00032322804327122867,
                        608652.25
                    ],
                    [
                        3476648.0,
                        9.978034540836234e-06,
                        0.0002578554267529398,
                        617310.8125
                    ],
                    [
                        3407144.0,
                        9.899765245791059e-06,
                        0.00022438736050389707,
                        706043.875
                    ],
                    [
                        3938560.0,
                        9.817606041906402e-06,
                        0.00038321700412780046,
                        631372.625
                    ]
                ]
            ],
            "actions": [
                [
                    [
                        0.5
                    ],
                    [
                        0.5
                    ],
                    [
                        0.5
                    ],
                    [
                        0.5
                    ],
                    [
                        0.5
                    ],
                    [
                        0.5
                    ],
                    [
                        0.5
                    ],
                    [
                        0.5
                    ],
                    [
                        0.5
                    ],
                    [
                        0.5
                    ],
                    [
                        0.5
                    ],
                    [
                        0.5
                    ],
                    [
                        0.5
                    ],
                    [
                        0.5
                    ],
                    [
                        0.5
                    ],
                    [
                        0.5
                    ],
                    [
                        0.5
                    ],
                    [
                        0.5
                    ],
                    [
                        0.5
                    ],
                    [
                        0.5
                    ]
                ]
            ],
            "returns": [
                [
                    [
                        0.41369158029556274
                    ],
                    [
                        0.41279682517051697
                    ],
                    [
                        0.41188669204711914
                    ],
                    [
                        0.41097697615623474
                    ],
                    [
                        0.41007962822914124
                    ],
                    [
                        0.4092106521129608
                    ],
                    [
                        0.4083682894706726
                    ],
                    [
                        0.4075181484222412
                    ],
                    [
                        0.4066390097141266
                    ],
                    [
                        0.4057706594467163
                    ],
                    [
                        0.40486466884613037
                    ],
                    [
                        0.40398868918418884
                    ],
                    [
                        0.40306612849235535
                    ],
                    [
                        0.4021398723125458
                    ],
                    [
                        0.40119698643684387
                    ],
                    [
                        0.4002683162689209
                    ],
                    [
                        0.39933690428733826
                    ],
                    [
                        0.39844298362731934
                    ],
                    [
                        0.3975476622581482
                    ],
                    [
                        0.3966540992259979
                    ]
                ]
            ],
            "timesteps": [
                [
                    180,
                    181,
                    182,
                    183,
                    184,
                    185,
                    186,
                    187,
                    188,
                    189,
                    190,
                    191,
                    192,
                    193,
                    194,
                    195,
                    196,
                    197,
                    198,
                    199
                ]
            ],
            "labels": [
                [
                    1,
                    1,
                    1,
                    1,
                    1,
                    1,
                    1,
                    1,
                    1,
                    1,
                    1,
                    1,
                    1,
                    1,
                    1,
                    1,
                    1,
                    1,
                    1,
                    1
                ]
            ],
            "CPU Usage": 46.3,
            "RAM Usage": 55.1,
            "GPU Usage": 0.0,
            "VRAM Usage": 355.0,
            "Disk Read Speed (MB/s)": 206067.4228515625,
            "Disk Write Speed (MB/s)": 375634.2900390625
        },
        {
            "step": 1,
            "train_loss": 0.04373598098754883,
            "actions_pred1": [
                [
                    [
                        0.648015558719635,
                        0.2675933837890625,
                        0.8114485740661621,
                        -0.6665019989013672
                    ],
                    [
                        0.7145424485206604,
                        0.4419991075992584,
                        0.7887704968452454,
                        -0.8428670167922974
                    ],
                    [
                        0.6337963938713074,
                        0.600654125213623,
                        0.7478739619255066,
                        -1.0302398204803467
                    ],
                    [
                        0.6365289688110352,
                        0.6129430532455444,
                        0.8399040102958679,
                        -1.0089271068572998
                    ],
                    [
                        0.5667046308517456,
                        0.5918248891830444,
                        0.7416690587997437,
                        -0.7868741750717163
                    ],
                    [
                        0.6011936068534851,
                        0.6498476266860962,
                        0.824095606803894,
                        -0.7376983165740967
                    ],
                    [
                        0.5885672569274902,
                        0.5351483821868896,
                        0.8018803596496582,
                        -0.7250877618789673
                    ],
                    [
                        0.45898082852363586,
                        0.5450406670570374,
                        0.9298849105834961,
                        -0.8253778219223022
                    ],
                    [
                        0.4085392653942108,
                        0.61617112159729,
                        0.9802486300468445,
                        -0.8511658906936646
                    ],
                    [
                        0.4192067086696625,
                        0.5314821600914001,
                        0.8621029257774353,
                        -0.7505337595939636
                    ],
                    [
                        0.3434234857559204,
                        0.6245287656784058,
                        0.9258351922035217,
                        -0.8548488616943359
                    ],
                    [
                        0.4752057194709778,
                        0.6598305106163025,
                        1.0387686491012573,
                        -0.5701601505279541
                    ],
                    [
                        0.5201100707054138,
                        0.6475128531455994,
                        0.9864866137504578,
                        -0.9104717969894409
                    ],
                    [
                        0.4093140959739685,
                        0.6549484133720398,
                        0.9910118579864502,
                        -0.786281943321228
                    ],
                    [
                        0.3945024013519287,
                        0.6844370365142822,
                        1.0403577089309692,
                        -0.7803928852081299
                    ],
                    [
                        0.4726378619670868,
                        0.6918513774871826,
                        1.0458836555480957,
                        -0.7017025947570801
                    ],
                    [
                        0.4253597557544708,
                        0.6390143632888794,
                        1.0342940092086792,
                        -0.7039045095443726
                    ],
                    [
                        0.3008958697319031,
                        0.5969974398612976,
                        0.8794296383857727,
                        -0.715302586555481
                    ],
                    [
                        0.4354861378669739,
                        0.5122783780097961,
                        0.8612156510353088,
                        -0.6700997948646545
                    ],
                    [
                        0.31601929664611816,
                        0.5825198888778687,
                        0.9358855485916138,
                        -0.7213847041130066
                    ]
                ]
            ],
            "actions_pred": [
                [
                    [
                        0.648015558719635,
                        0.7145424485206604,
                        0.6337963938713074,
                        0.6365289688110352,
                        0.5667046308517456,
                        0.6011936068534851,
                        0.5885672569274902,
                        0.45898082852363586,
                        0.4085392653942108,
                        0.4192067086696625,
                        0.3434234857559204,
                        0.4752057194709778,
                        0.5201100707054138,
                        0.4093140959739685,
                        0.3945024013519287,
                        0.4726378619670868,
                        0.4253597557544708,
                        0.3008958697319031,
                        0.4354861378669739,
                        0.31601929664611816
                    ],
                    [
                        0.2675933837890625,
                        0.4419991075992584,
                        0.600654125213623,
                        0.6129430532455444,
                        0.5918248891830444,
                        0.6498476266860962,
                        0.5351483821868896,
                        0.5450406670570374,
                        0.61617112159729,
                        0.5314821600914001,
                        0.6245287656784058,
                        0.6598305106163025,
                        0.6475128531455994,
                        0.6549484133720398,
                        0.6844370365142822,
                        0.6918513774871826,
                        0.6390143632888794,
                        0.5969974398612976,
                        0.5122783780097961,
                        0.5825198888778687
                    ],
                    [
                        0.8114485740661621,
                        0.7887704968452454,
                        0.7478739619255066,
                        0.8399040102958679,
                        0.7416690587997437,
                        0.824095606803894,
                        0.8018803596496582,
                        0.9298849105834961,
                        0.9802486300468445,
                        0.8621029257774353,
                        0.9258351922035217,
                        1.0387686491012573,
                        0.9864866137504578,
                        0.9910118579864502,
                        1.0403577089309692,
                        1.0458836555480957,
                        1.0342940092086792,
                        0.8794296383857727,
                        0.8612156510353088,
                        0.9358855485916138
                    ],
                    [
                        -0.6665019989013672,
                        -0.8428670167922974,
                        -1.0302398204803467,
                        -1.0089271068572998,
                        -0.7868741750717163,
                        -0.7376983165740967,
                        -0.7250877618789673,
                        -0.8253778219223022,
                        -0.8511658906936646,
                        -0.7505337595939636,
                        -0.8548488616943359,
                        -0.5701601505279541,
                        -0.9104717969894409,
                        -0.786281943321228,
                        -0.7803928852081299,
                        -0.7017025947570801,
                        -0.7039045095443726,
                        -0.715302586555481,
                        -0.6700997948646545,
                        -0.7213847041130066
                    ]
                ]
            ],
            "states": [
                [
                    [
                        4843560.0,
                        2.424415470159147e-05,
                        0.00033060877467505634,
                        578357.375
                    ],
                    [
                        5799240.0,
                        2.295832928211894e-05,
                        0.0031183171086013317,
                        515791.3125
                    ],
                    [
                        4623464.0,
                        2.2749398340238258e-05,
                        0.0025027666706591845,
                        635101.375
                    ],
                    [
                        4743648.0,
                        2.2564916434930637e-05,
                        0.0014389286516234279,
                        594770.9375
                    ],
                    [
                        2644227.0,
                        0.009791561402380466,
                        0.003044134471565485,
                        425038.1875
                    ],
                    [
                        9469920.0,
                        0.0006961323670111597,
                        0.00288664479739964,
                        440941.21875
                    ],
                    [
                        5718152.0,
                        0.00029342120978981256,
                        0.0027106136549264193,
                        528296.5625
                    ],
                    [
                        2943784.0,
                        0.00022529042325913906,
                        0.0027518118731677532,
                        461782.90625
                    ],
                    [
                        1387184.0,
                        0.0002022606786340475,
                        0.0026009255088865757,
                        650753.875
                    ],
                    [
                        490872.0,
                        0.00019373110262677073,
                        0.002423960482701659,
                        624566.0
                    ],
                    [
                        260640.0,
                        0.00019053270807489753,
                        0.002274049213156104,
                        567144.625
                    ],
                    [
                        201272.0,
                        0.00018862112483475357,
                        0.0023237415589392185,
                        604014.4375
                    ],
                    [
                        152040.0,
                        0.00018718479259405285,
                        0.0021793735213577747,
                        487596.375
                    ],
                    [
                        117288.0,
                        0.00018610460392665118,
                        0.002523052040487528,
                        579471.3125
                    ],
                    [
                        123080.0,
                        0.0001851513225119561,
                        0.002231767401099205,
                        401703.1875
                    ],
                    [
                        70952.0,
                        0.00018438858387526125,
                        0.0032643231097608805,
                        840606.75
                    ],
                    [
                        131768.0,
                        0.0001835990115068853,
                        0.0020812072325497866,
                        190522.296875
                    ],
                    [
                        144800.0,
                        0.00018253228336106986,
                        0.0015903349267318845,
                        318817.125
                    ],
                    [
                        173760.0,
                        0.0001813189737731591,
                        0.0016534600872546434,
                        316928.125
                    ],
                    [
                        181000.0,
                        0.0001799864403437823,
                        0.0014106292510405183,
                        219901.125
                    ]
                ]
            ],
            "actions": [
                [
                    [
                        0.5
                    ],
                    [
                        0.5
                    ],
                    [
                        0.5
                    ],
                    [
                        0.5
                    ],
                    [
                        0.25
                    ],
                    [
                        0.25
                    ],
                    [
                        0.25
                    ],
                    [
                        0.25
                    ],
                    [
                        0.25
                    ],
                    [
                        0.25
                    ],
                    [
                        0.25
                    ],
                    [
                        0.25
                    ],
                    [
                        0.25
                    ],
                    [
                        0.25
                    ],
                    [
                        0.25
                    ],
                    [
                        0.25
                    ],
                    [
                        0.25
                    ],
                    [
                        0.25
                    ],
                    [
                        0.25
                    ],
                    [
                        0.25
                    ]
                ]
            ],
            "returns": [
                [
                    [
                        0.09717193245887756
                    ],
                    [
                        0.09624720364809036
                    ],
                    [
                        0.09530650824308395
                    ],
                    [
                        0.09438589215278625
                    ],
                    [
                        0.09346301108598709
                    ],
                    [
                        0.09259194135665894
                    ],
                    [
                        0.09160776436328888
                    ],
                    [
                        0.09066831320524216
                    ],
                    [
                        0.08978772908449173
                    ],
                    [
                        0.08897385746240616
                    ],
                    [
                        0.08825208246707916
                    ],
                    [
                        0.0875864326953888
                    ],
                    [
                        0.08694369345903397
                    ],
                    [
                        0.08632583171129227
                    ],
                    [
                        0.08573097735643387
                    ],
                    [
                        0.08513184636831284
                    ],
                    [
                        0.08458154648542404
                    ],
                    [
                        0.0839763730764389
                    ],
                    [
                        0.08336283266544342
                    ],
                    [
                        0.08273313194513321
                    ]
                ]
            ],
            "timesteps": [
                [
                    520,
                    521,
                    522,
                    523,
                    524,
                    525,
                    526,
                    527,
                    528,
                    529,
                    530,
                    531,
                    532,
                    533,
                    534,
                    535,
                    536,
                    537,
                    538,
                    539
                ]
            ],
            "labels": [
                [
                    1,
                    1,
                    1,
                    1,
                    0,
                    0,
                    0,
                    0,
                    0,
                    0,
                    0,
                    0,
                    0,
                    0,
                    0,
                    0,
                    0,
                    0,
                    0,
                    0
                ]
            ],
            "CPU Usage": 46.7,
            "RAM Usage": 55.2,
            "GPU Usage": 0.0,
            "VRAM Usage": 355.0,
            "Disk Read Speed (MB/s)": 206067.4228515625,
            "Disk Write Speed (MB/s)": 375634.3642578125
        },
        {
            "step": 2,
            "train_loss": 0.030520368367433548,
            "actions_pred1": [
                [
                    [
                        0.4298819303512573,
                        0.3761770725250244,
                        0.7906672954559326,
                        -0.7911024689674377
                    ],
                    [
                        0.4095723032951355,
                        0.5487685203552246,
                        0.7308514714241028,
                        -0.8138467073440552
                    ],
                    [
                        0.40587401390075684,
                        0.6766805648803711,
                        0.6961374878883362,
                        -0.7920874357223511
                    ],
                    [
                        0.5718280673027039,
                        0.7347358465194702,
                        0.9232390522956848,
                        -0.8510774374008179
                    ],
                    [
                        0.5136328935623169,
                        0.7609285116195679,
                        0.963081955909729,
                        -0.9327691793441772
                    ],
                    [
                        0.21012446284294128,
                        0.5444542169570923,
                        0.9283665418624878,
                        -0.8903646469116211
                    ],
                    [
                        0.14941737055778503,
                        0.5183396935462952,
                        0.8548101186752319,
                        -0.9574316740036011
                    ],
                    [
                        0.3004055321216583,
                        0.5991392135620117,
                        0.7942128777503967,
                        -0.9029999375343323
                    ],
                    [
                        0.30882400274276733,
                        0.6100940108299255,
                        0.7430806756019592,
                        -1.0333480834960938
                    ],
                    [
                        0.29455557465553284,
                        0.6297783255577087,
                        0.7345846891403198,
                        -1.1970335245132446
                    ],
                    [
                        0.3722730875015259,
                        0.5292613506317139,
                        0.6207566857337952,
                        -1.1536141633987427
                    ],
                    [
                        0.32183611392974854,
                        0.6253701448440552,
                        0.7854377031326294,
                        -1.2057853937149048
                    ],
                    [
                        0.35730794072151184,
                        0.6066302061080933,
                        0.8470872640609741,
                        -1.1308338642120361
                    ],
                    [
                        0.4204067289829254,
                        0.49586689472198486,
                        0.8360008597373962,
                        -1.278723955154419
                    ],
                    [
                        0.47434306144714355,
                        0.5078948736190796,
                        0.7832288146018982,
                        -1.2403647899627686
                    ],
                    [
                        0.36983680725097656,
                        0.5943483114242554,
                        0.6828192472457886,
                        -1.297914743423462
                    ],
                    [
                        0.44081610441207886,
                        0.6336074471473694,
                        0.7517669796943665,
                        -1.151072382926941
                    ],
                    [
                        0.43275967240333557,
                        0.6636062264442444,
                        0.7828174829483032,
                        -1.1877467632293701
                    ],
                    [
                        0.40408986806869507,
                        0.6885313987731934,
                        0.7805895805358887,
                        -1.2644603252410889
                    ],
                    [
                        0.37707895040512085,
                        0.705650806427002,
                        0.7673686146736145,
                        -1.2611554861068726
                    ]
                ]
            ],
            "actions_pred": [
                [
                    [
                        0.4298819303512573,
                        0.4095723032951355,
                        0.40587401390075684,
                        0.5718280673027039,
                        0.5136328935623169,
                        0.21012446284294128,
                        0.14941737055778503,
                        0.3004055321216583,
                        0.30882400274276733,
                        0.29455557465553284,
                        0.3722730875015259,
