{
    "steps": [
        {
            "step": 0,
            "train_loss": 0.03764327988028526,
            "actions_pred1": [
                [
                    [
                        0.831882655620575,
                        0.32998600602149963,
                        0.41652512550354004,
                        -0.6163972020149231
                    ],
                    [
                        0.9547693729400635,
                        0.2276013344526291,
                        0.4410967230796814,
                        -0.5988388061523438
                    ],
                    [
                        0.7306785583496094,
                        0.4030549228191376,
                        0.38692575693130493,
                        -0.6688968539237976
                    ],
                    [
                        0.535852313041687,
                        0.44481101632118225,
                        0.42319780588150024,
                        -0.724986732006073
                    ],
                    [
                        0.5765342712402344,
                        0.4594971537590027,
                        0.44206520915031433,
                        -0.7742323875427246
                    ],
                    [
                        0.5434563159942627,
                        0.43904832005500793,
                        0.47753480076789856,
                        -0.9292837381362915
                    ],
                    [
                        0.5320119261741638,
                        0.4984837770462036,
                        0.5056025981903076,
                        -0.8654316663742065
                    ],
                    [
                        0.44819366931915283,
                        0.40216100215911865,
                        0.27984708547592163,
                        -0.7842442989349365
                    ],
                    [
                        0.4471839666366577,
                        0.3807082772254944,
                        0.2891070544719696,
                        -0.7798108458518982
                    ],
                    [
                        0.49769312143325806,
                        0.4622066915035248,
                        0.3394056558609009,
                        -0.7060983180999756
                    ],
                    [
                        0.5684973001480103,
                        0.49201512336730957,
                        0.3504301905632019,
                        -0.6306216716766357
                    ],
                    [
                        0.5267643928527832,
                        0.538526177406311,
                        0.4015440046787262,
                        -0.6138780117034912
                    ],
                    [
                        0.44910869002342224,
                        0.5019968748092651,
                        0.297712117433548,
                        -0.6377862691879272
                    ],
                    [
                        0.30778631567955017,
                        0.5855201482772827,
                        0.41064926981925964,
                        -0.6011160612106323
                    ],
                    [
                        0.3594909608364105,
                        0.45857346057891846,
                        0.4750078022480011,
                        -0.9160001277923584
                    ],
                    [
                        0.3308010697364807,
                        0.46332091093063354,
                        0.5273085236549377,
                        -0.8455193042755127
                    ],
                    [
                        0.36236637830734253,
                        0.4987547993659973,
                        0.6189745664596558,
                        -0.8851101398468018
                    ],
                    [
                        0.46662718057632446,
                        0.5371028780937195,
                        0.6397247314453125,
                        -0.8246455788612366
                    ],
                    [
                        0.4889495372772217,
                        0.5688030123710632,
                        0.36234912276268005,
                        -0.8013546466827393
                    ],
                    [
                        0.38715243339538574,
                        0.5731572508811951,
                        0.4252623915672302,
                        -0.7883129119873047
                    ]
                ]
            ],
            "actions_pred": [
                [
                    [
                        0.831882655620575,
                        0.9547693729400635,
                        0.7306785583496094,
                        0.535852313041687,
                        0.5765342712402344,
                        0.5434563159942627,
                        0.5320119261741638,
                        0.44819366931915283,
                        0.4471839666366577,
                        0.49769312143325806,
                        0.5684973001480103,
                        0.5267643928527832,
                        0.44910869002342224,
                        0.30778631567955017,
                        0.3594909608364105,
                        0.3308010697364807,
                        0.36236637830734253,
                        0.46662718057632446,
                        0.4889495372772217,
                        0.38715243339538574
                    ],
                    [
                        0.32998600602149963,
                        0.2276013344526291,
                        0.4030549228191376,
                        0.44481101632118225,
                        0.4594971537590027,
                        0.43904832005500793,
                        0.4984837770462036,
                        0.40216100215911865,
                        0.3807082772254944,
                        0.4622066915035248,
                        0.49201512336730957,
                        0.538526177406311,
                        0.5019968748092651,
                        0.5855201482772827,
                        0.45857346057891846,
                        0.46332091093063354,
                        0.4987547993659973,
                        0.5371028780937195,
                        0.5688030123710632,
                        0.5731572508811951
                    ],
                    [
                        0.41652512550354004,
                        0.4410967230796814,
                        0.38692575693130493,
                        0.42319780588150024,
                        0.44206520915031433,
                        0.47753480076789856,
                        0.5056025981903076,
                        0.27984708547592163,
                        0.2891070544719696,
                        0.3394056558609009,
                        0.3504301905632019,
                        0.4015440046787262,
                        0.297712117433548,
                        0.41064926981925964,
                        0.4750078022480011,
                        0.5273085236549377,
                        0.6189745664596558,
                        0.6397247314453125,
                        0.36234912276268005,
                        0.4252623915672302
                    ],
                    [
                        -0.6163972020149231,
                        -0.5988388061523438,
                        -0.6688968539237976,
                        -0.724986732006073,
                        -0.7742323875427246,
                        -0.9292837381362915,
                        -0.8654316663742065,
                        -0.7842442989349365,
                        -0.7798108458518982,
                        -0.7060983180999756,
                        -0.6306216716766357,
                        -0.6138780117034912,
                        -0.6377862691879272,
                        -0.6011160612106323,
                        -0.9160001277923584,
                        -0.8455193042755127,
                        -0.8851101398468018,
                        -0.8246455788612366,
                        -0.8013546466827393,
                        -0.7883129119873047
                    ]
                ]
            ],
            "states": [
                [
                    [
                        4019648.0,
                        3.81172176275868e-05,
                        0.00027542549651116133,
                        604074.25
                    ],
                    [
                        3591040.0,
                        3.7697544030379504e-05,
                        0.00025879128952510655,
                        645691.25
                    ],
                    [
                        4225264.0,
                        3.727625517058186e-05,
                        0.0002528103068470955,
                        514911.09375
                    ],
                    [
                        4439568.0,
                        3.6820012610405684e-05,
                        0.00020026147831231356,
                        552938.5
                    ],
                    [
                        5228728.0,
                        3.6324065149528906e-05,
                        0.00022364039614330977,
                        577892.375
                    ],
                    [
                        5965760.0,
                        3.5766250221058726e-05,
                        0.0002323320077266544,
                        503764.8125
                    ],
                    [
                        6114904.0,
                        3.518302401062101e-05,
                        0.00023472661268897355,
                        508360.15625
                    ],
                    [
                        5644304.0,
                        3.463315078988671e-05,
                        0.00024062122975010425,
                        571257.3125
                    ],
                    [
                        5870192.0,
                        3.411128273000941e-05,
                        0.0001874879380920902,
                        547187.9375
                    ],
                    [
                        5618240.0,
                        3.360593836987391e-05,
                        0.00025532711879350245,
                        590262.375
                    ],
                    [
                        6352376.0,
                        3.3095278922701254e-05,
                        0.0002452299522701651,
                        574275.5
                    ],
                    [
                        5702224.0,
                        3.259619916207157e-05,
                        0.00023082415282260627,
                        543057.75
                    ],
                    [
                        7646888.0,
                        3.206136170774698e-05,
                        0.00026125748991034925,
                        526472.875
                    ],
                    [
                        5964312.0,
                        3.153302532155067e-05,
                        0.00024003862927202135,
                        536332.125
                    ],
                    [
                        5580592.0,
                        3.109858516836539e-05,
                        0.00019315553072374314,
                        564225.875
                    ],
                    [
                        6007752.0,
                        3.0674520530737936e-05,
                        0.00022412248654291034,
                        547189.8125
                    ],
                    [
                        4469976.0,
                        3.0300650905701332e-05,
                        0.00023788119142409414,
                        655379.0
                    ],
                    [
                        3631584.0,
                        3.0017836252227426e-05,
                        0.0002484873402863741,
                        709152.875
                    ],
                    [
                        3940008.0,
                        2.9758366508758627e-05,
                        0.00025739934062585235,
                        659045.125
                    ],
                    [
                        3424520.0,
                        2.951018359453883e-05,
                        0.00019004895875696093,
                        668658.9375
                    ]
                ]
            ],
            "actions": [
                [
                    [
                        0.5
                    ],
                    [
                        0.5
                    ],
                    [
                        0.5
                    ],
                    [
                        0.5
                    ],
                    [
                        0.5
                    ],
                    [
                        0.5
                    ],
                    [
                        0.5
                    ],
                    [
                        0.5
                    ],
                    [
                        0.5
                    ],
                    [
                        0.5
                    ],
                    [
                        0.5
                    ],
                    [
                        0.5
                    ],
                    [
                        0.5
                    ],
                    [
                        0.5
                    ],
                    [
                        0.5
                    ],
                    [
                        0.5
                    ],
                    [
                        0.5
                    ],
                    [
                        0.5
                    ],
                    [
                        0.5
                    ],
                    [
                        0.5
                    ]
                ]
            ],
            "returns": [
                [
                    [
                        0.13405705988407135
                    ],
                    [
                        0.13314884901046753
                    ],
                    [
                        0.13225065171718597
                    ],
                    [
                        0.13133801519870758
                    ],
                    [
                        0.1304210126399994
                    ],
                    [
                        0.1294894963502884
                    ],
                    [
                        0.12854628264904022
                    ],
                    [
                        0.12760089337825775
                    ],
                    [
                        0.12666259706020355
                    ],
                    [
                        0.12572081387043
                    ],
                    [
                        0.12478292733430862
                    ],
                    [
                        0.12383415549993515
                    ],
                    [
                        0.12289495021104813
                    ],
                    [
                        0.12192973494529724
                    ],
                    [
                        0.12098655104637146
                    ],
                    [
                        0.12004926055669785
                    ],
                    [
                        0.11910542845726013
                    ],
                    [
                        0.118187814950943
                    ],
                    [
                        0.11728861182928085
                    ],
                    [
                        0.1163821816444397
                    ]
                ]
            ],
            "timesteps": [
                [
                    480,
                    481,
                    482,
                    483,
                    484,
                    485,
                    486,
                    487,
                    488,
                    489,
                    490,
                    491,
                    492,
                    493,
                    494,
                    495,
                    496,
                    497,
                    498,
                    499
                ]
            ],
            "labels": [
                [
                    1,
                    1,
                    1,
                    1,
                    1,
                    1,
                    1,
                    1,
                    1,
                    1,
                    1,
                    1,
                    1,
                    1,
                    1,
                    1,
                    1,
                    1,
                    1,
                    1
                ]
            ],
            "CPU Usage": 45.6,
            "RAM Usage": 55.2,
            "GPU Usage": 0.0,
            "VRAM Usage": 355.0,
            "Disk Read Speed (MB/s)": 206066.5009765625,
            "Disk Write Speed (MB/s)": 369024.2626953125
        },
        {
            "step": 1,
            "train_loss": 0.03731995448470116,
            "actions_pred1": [
                [
                    [
                        0.23795105516910553,
                        0.24810054898262024,
                        0.7317925691604614,
                        -0.7997279167175293
                    ],
                    [
                        0.39503806829452515,
                        0.42540088295936584,
                        0.716177225112915,
                        -0.6768008470535278
                    ],
                    [
                        0.417050302028656,
                        0.47873249650001526,
                        0.7037639617919922,
                        -0.5451995134353638
                    ],
                    [
                        0.47699132561683655,
                        0.5376836061477661,
                        0.7260708212852478,
                        -0.5871796607971191
                    ],
                    [
                        0.35976725816726685,
                        0.6480748653411865,
                        0.7295889258384705,
                        -0.7476537823677063
                    ],
                    [
                        0.42876309156417847,
                        0.7174440026283264,
                        0.7603995203971863,
                        -0.851259708404541
                    ],
                    [
                        0.38390854001045227,
                        0.7008144855499268,
                        0.8406696319580078,
                        -0.8487071990966797
                    ],
                    [
                        0.38280975818634033,
                        0.6567880511283875,
                        0.8339598774909973,
                        -0.7505302429199219
                    ],
                    [
                        0.28196173906326294,
                        0.7728433012962341,
                        0.8092678785324097,
                        -0.749576210975647
                    ],
                    [
                        0.3527621328830719,
                        0.598058819770813,
                        0.8022180795669556,
                        -0.6208252310752869
                    ],
                    [
                        0.4484410881996155,
                        0.5530707240104675,
                        0.804951012134552,
                        -0.6305527091026306
                    ],
                    [
                        0.3270779252052307,
                        0.496817409992218,
                        0.7906628847122192,
                        -0.7382859587669373
                    ],
                    [
                        0.1907835304737091,
                        0.6194382309913635,
                        0.6330772042274475,
                        -0.7165262699127197
                    ],
                    [
                        0.24356956779956818,
                        0.6635427474975586,
                        0.7181278467178345,
                        -0.6817822456359863
                    ],
                    [
                        0.3274860680103302,
                        0.5581333041191101,
                        0.7178149223327637,
                        -0.6356608271598816
                    ],
                    [
                        0.37022924423217773,
                        0.5418828725814819,
                        0.6991134285926819,
                        -0.6452196836471558
                    ],
                    [
                        0.42408543825149536,
                        0.5554317235946655,
                        0.7551568746566772,
                        -0.6593387126922607
                    ],
                    [
                        0.40966126322746277,
                        0.5170344114303589,
                        0.6912235021591187,
                        -0.7081682085990906
                    ],
                    [
                        0.28218165040016174,
                        0.4995711147785187,
                        0.8290799856185913,
                        -0.8864120244979858
                    ],
                    [
                        0.32737642526626587,
                        0.5542359948158264,
                        0.8423315286636353,
                        -0.8600079417228699
                    ]
                ]
            ],
            "actions_pred": [
                [
                    [
                        0.23795105516910553,
                        0.39503806829452515,
                        0.417050302028656,
                        0.47699132561683655,
                        0.35976725816726685,
                        0.42876309156417847,
                        0.38390854001045227,
                        0.38280975818634033,
                        0.28196173906326294,
                        0.3527621328830719,
                        0.4484410881996155,
                        0.3270779252052307,
                        0.1907835304737091,
                        0.24356956779956818,
                        0.3274860680103302,
                        0.37022924423217773,
                        0.42408543825149536,
                        0.40966126322746277,
                        0.28218165040016174,
                        0.32737642526626587
                    ],
                    [
                        0.24810054898262024,
                        0.42540088295936584,
                        0.47873249650001526,
                        0.5376836061477661,
                        0.6480748653411865,
                        0.7174440026283264,
                        0.7008144855499268,
                        0.6567880511283875,
                        0.7728433012962341,
                        0.598058819770813,
                        0.5530707240104675,
                        0.496817409992218,
                        0.6194382309913635,
                        0.6635427474975586,
                        0.5581333041191101,
                        0.5418828725814819,
                        0.5554317235946655,
                        0.5170344114303589,
                        0.4995711147785187,
                        0.5542359948158264
                    ],
                    [
                        0.7317925691604614,
                        0.716177225112915,
                        0.7037639617919922,
                        0.7260708212852478,
                        0.7295889258384705,
                        0.7603995203971863,
                        0.8406696319580078,
                        0.8339598774909973,
                        0.8092678785324097,
                        0.8022180795669556,
                        0.804951012134552,
                        0.7906628847122192,
                        0.6330772042274475,
                        0.7181278467178345,
                        0.7178149223327637,
                        0.6991134285926819,
                        0.7551568746566772,
                        0.6912235021591187,
                        0.8290799856185913,
                        0.8423315286636353
                    ],
                    [
                        -0.7997279167175293,
                        -0.6768008470535278,
                        -0.5451995134353638,
                        -0.5871796607971191,
                        -0.7476537823677063,
                        -0.851259708404541,
                        -0.8487071990966797,
                        -0.7505302429199219,
                        -0.749576210975647,
                        -0.6208252310752869,
                        -0.6305527091026306,
                        -0.7382859587669373,
                        -0.7165262699127197,
                        -0.6817822456359863,
                        -0.6356608271598816,
                        -0.6452196836471558,
                        -0.6593387126922607,
                        -0.7081682085990906,
                        -0.8864120244979858,
                        -0.8600079417228699
                    ]
                ]
            ],
            "states": [
                [
                    [
                        4791432.0,
                        3.087877848884091e-05,
                        0.00023075626813806593,
                        506720.5
                    ],
                    [
                        3692400.0,
                        2.9973596610943787e-05,
                        0.00032322804327122867,
                        492666.6875
                    ],
                    [
                        4952160.0,
                        2.9106702641001903e-05,
                        0.0002578554267529398,
                        491613.3125
                    ],
                    [
                        4808808.0,
                        2.818479697452858e-05,
                        0.00022438736050389707,
                        480345.5
                    ],
                    [
                        4978224.0,
                        2.7317544663674198e-05,
                        0.00038321700412780046,
                        500271.75
                    ],
                    [
                        5354704.0,
                        2.645807217049878e-05,
                        0.0004527103737927973,
                        496069.53125
                    ],
                    [
                        3554840.0,
                        2.5757775802048855e-05,
                        0.00029970589093863964,
                        504121.5
                    ],
                    [
                        5330088.0,
                        2.5097764591919258e-05,
                        0.00026218051789328456,
                        473636.59375
                    ],
                    [
                        7706256.0,
                        2.4188775569200516e-05,
                        0.0002925366861745715,
                        550715.1875
                    ],
                    [
                        7687432.0,
                        2.319453051313758e-05,
                        0.00028024095809087157,
                        523717.84375
                    ],
                    [
                        6233640.0,
                        1.9415590941207483e-05,
                        0.0001758198341121897,
                        575309.5
                    ],
                    [
                        6330656.0,
                        1.8885328245232813e-05,
                        0.00013516498438548297,
                        576038.875
                    ],
                    [
                        2227024.0,
                        1.8539429220254533e-05,
                        0.0001646996388444677,
                        615099.8125
                    ],
                    [
                        3611312.0,
                        1.8311515304958448e-05,
                        0.0001985474955290556,
                        642490.9375
                    ],
                    [
                        5732632.0,
                        1.795835305529181e-05,
                        0.0002949792833533138,
                        564533.125
                    ],
                    [
                        5175152.0,
                        1.7562215361976996e-05,
                        0.0007080274517647922,
                        561933.4375
                    ],
                    [
                        4907272.0,
                        1.721135777188465e-05,
                        0.0013480978086590767,
                        618870.0
                    ],
                    [
                        4346896.0,
                        1.6901381968636997e-05,
                        0.0014468225417658687,
                        555341.1875
                    ],
                    [
                        5007184.0,
                        1.6599440641584806e-05,
                        0.0019480990013107657,
                        605693.8125
                    ],
                    [
                        5735528.0,
                        1.6265725207631476e-05,
                        0.002926501678302884,
                        601773.625
                    ]
                ]
            ],
            "actions": [
                [
                    [
                        0.5
                    ],
                    [
                        0.5
                    ],
                    [
                        0.5
                    ],
                    [
                        0.5
                    ],
                    [
                        0.5
                    ],
                    [
                        0.5
                    ],
                    [
                        0.5
                    ],
                    [
                        0.5
                    ],
                    [
                        0.5
                    ],
                    [
                        0.5
                    ],
                    [
                        0.5
                    ],
                    [
                        0.5
                    ],
                    [
                        0.5
                    ],
                    [
                        0.5
                    ],
                    [
                        0.5
                    ],
                    [
                        0.5
                    ],
                    [
                        0.5
                    ],
                    [
                        0.5
                    ],
                    [
                        0.5
                    ],
                    [
                        0.5
                    ]
                ]
            ],
            "returns": [
                [
                    [
                        0.45074203610420227
                    ],
                    [
                        0.44981828331947327
                    ],
                    [
                        0.44891759753227234
                    ],
                    [
                        0.44799089431762695
                    ],
                    [
                        0.4470668137073517
                    ],
                    [
                        0.4461396336555481
                    ],
                    [
                        0.44520601630210876
                    ],
                    [
                        0.44430869817733765
                    ],
                    [
                        0.44337549805641174
                    ],
                    [
                        0.44240957498550415
                    ],
                    [
                        0.44144389033317566
                    ],
                    [
                        0.4404968023300171
                    ],
                    [
                        0.4395483136177063
                    ],
                    [
                        0.43869248032569885
                    ],
                    [
                        0.4377937614917755
                    ],
                    [
                        0.4368540942668915
                    ],
                    [
                        0.4359234869480133
                    ],
                    [
                        0.4349976181983948
                    ],
                    [
                        0.4340824484825134
                    ],
                    [
                        0.43315479159355164
                    ]
                ]
            ],
            "timesteps": [
                [
                    140,
                    141,
                    142,
                    143,
                    144,
                    145,
                    146,
                    147,
                    148,
                    149,
                    150,
                    151,
                    152,
                    153,
                    154,
                    155,
                    156,
                    157,
                    158,
                    159
                ]
            ],
            "labels": [
                [
                    1,
                    1,
                    1,
                    1,
                    1,
                    1,
                    1,
                    1,
                    1,
                    1,
                    1,
                    1,
                    1,
                    1,
                    1,
                    1,
                    1,
                    1,
                    1,
                    1
                ]
            ],
            "CPU Usage": 46.7,
            "RAM Usage": 55.2,
            "GPU Usage": 0.0,
            "VRAM Usage": 356.0,
            "Disk Read Speed (MB/s)": 206066.5009765625,
            "Disk Write Speed (MB/s)": 369024.3095703125
        },
        {
            "step": 2,
            "train_loss": 0.039382535964250565,
            "actions_pred1": [
                [
                    [
                        0.3898143172264099,
                        0.24285367131233215,
                        0.49934616684913635,
                        -0.7764003276824951
                    ],
                    [
                        0.48256295919418335,
                        0.3551759421825409,
                        0.40920424461364746,
                        -0.7677993178367615
                    ],
                    [
                        0.44840073585510254,
                        0.4130798280239105,
                        0.5614076256752014,
                        -0.642279863357544
                    ],
                    [
                        0.5540664792060852,
                        0.28522348403930664,
                        0.5587440729141235,
                        -0.6815681457519531
                    ],
                    [
                        0.5419562458992004,
                        0.2740125060081482,
                        0.664325475692749,
                        -0.6863199472427368
                    ],
                    [
                        0.38985762000083923,
                        0.39308953285217285,
                        0.3614434599876404,
                        -0.8519803285598755
                    ],
                    [
                        0.3933922052383423,
                        0.4402969479560852,
                        0.47933632135391235,
                        -0.6146597266197205
                    ],
                    [
                        0.5649275183677673,
                        0.43401071429252625,
                        0.4796300232410431,
                        -0.5224056243896484
                    ],
                    [
                        0.5873663425445557,
                        0.4727531969547272,
                        0.4323357939720154,
                        -0.5982857942581177
                    ],
                    [
                        0.43125611543655396,
                        0.4495506286621094,
                        0.6394262313842773,
                        -0.5251802206039429
                    ],
                    [
                        0.3487567901611328,
                        0.36022648215293884,
                        0.7552516460418701,
                        -0.5107563734054565
                    ],
                    [
                        0.35831013321876526,
                        0.33861875534057617,
                        0.7360962629318237,
                        -0.45185598731040955
                    ],
                    [
                        0.3437161445617676,
                        0.39708268642425537,
                        0.6629812717437744,
                        -0.46619713306427
                    ],
                    [
                        0.36942487955093384,
                        0.4040323495864868,
                        0.6936320066452026,
                        -0.4882040321826935
                    ],
                    [
                        0.4528123736381531,
                        0.35832536220550537,
                        0.712790846824646,
                        -0.5932939052581787
                    ],
                    [
                        0.43272626399993896,
                        0.3994748890399933,
                        0.8228036761283875,
                        -0.5365563631057739
                    ],
                    [
                        0.42592382431030273,
                        0.31067052483558655,
                        0.6345687508583069,
                        -0.5667795538902283
                    ],
                    [
                        0.45567360520362854,
                        0.4888724684715271,
                        0.6213136911392212,
                        -0.6144303679466248
                    ],
                    [
                        0.36198267340660095,
                        0.3916056752204895,
                        0.7365849614143372,
                        -0.5986411571502686
                    ],
                    [
                        0.23625235259532928,
                        0.3651362359523773,
                        0.8304858207702637,
                        -0.575433611869812
                    ]
                ]
            ],
            "actions_pred": [
                [
                    [
                        0.3898143172264099,
                        0.48256295919418335,
                        0.44840073585510254,
                        0.5540664792060852,
                        0.5419562458992004,
                        0.38985762000083923,
                        0.3933922052383423,
                        0.5649275183677673,
                        0.5873663425445557,
                        0.43125611543655396,
