{
    "steps": [
        {
            "step": 0,
            "train_loss": 0.03352372720837593,
            "actions_pred1": [
                [
                    [
                        0.2079271823167801,
                        -0.14352767169475555,
                        0.3375270366668701,
                        0.6410360336303711
                    ],
                    [
                        0.13010179996490479,
                        0.040842264890670776,
                        0.39659082889556885,
                        0.6897435188293457
                    ],
                    [
                        0.1627432107925415,
                        0.11144085228443146,
                        0.3828204274177551,
                        0.5344364047050476
                    ],
                    [
                        0.12647539377212524,
                        0.05153205990791321,
                        0.27293938398361206,
                        0.49883073568344116
                    ],
                    [
                        -0.11091123521327972,
                        0.2724629044532776,
                        0.4914693534374237,
                        0.3644782304763794
                    ],
                    [
                        -0.23227587342262268,
                        0.07600654661655426,
                        0.5355119705200195,
                        0.38983309268951416
                    ],
                    [
                        -0.08660344779491425,
                        0.11438631266355515,
                        0.5827475786209106,
                        0.5082577466964722
                    ],
                    [
                        0.10134004056453705,
                        -0.19094783067703247,
                        0.6505566835403442,
                        0.4248657822608948
                    ],
                    [
                        -0.0969078540802002,
                        -0.06575584411621094,
                        0.8066299557685852,
                        0.4075589179992676
                    ],
                    [
                        -0.17343199253082275,
                        0.001725703477859497,
                        0.7468580007553101,
                        0.429132878780365
                    ],
                    [
                        -0.058091744780540466,
                        -0.07548127323389053,
                        0.643534779548645,
                        0.39728206396102905
                    ],
                    [
                        0.018320679664611816,
                        0.011746007949113846,
                        0.7033783793449402,
                        0.4696235954761505
                    ],
                    [
                        -0.03823400288820267,
                        -0.018746323883533478,
                        0.6781353950500488,
                        0.4048786163330078
                    ],
                    [
                        -0.1291894018650055,
                        -0.13636600971221924,
                        0.7350456118583679,
                        0.3637101352214813
                    ],
                    [
                        -0.18436171114444733,
                        -0.07901909947395325,
                        0.6978276968002319,
                        0.4484398066997528
                    ],
                    [
                        -0.23267215490341187,
                        -0.059235744178295135,
                        0.6366212368011475,
                        0.5799180269241333
                    ],
                    [
                        -0.14374738931655884,
                        -0.04644504189491272,
                        0.709235668182373,
                        0.6028730869293213
                    ],
                    [
                        -0.09251759201288223,
                        -0.025395050644874573,
                        0.7786052227020264,
                        0.6243082284927368
                    ],
                    [
                        -0.029822103679180145,
                        0.03966452181339264,
                        0.9875044226646423,
                        0.487667977809906
                    ],
                    [
                        -0.05266473814845085,
                        -0.019432440400123596,
                        0.8573349714279175,
                        0.4500013291835785
                    ]
                ]
            ],
            "actions_pred": [
                [
                    [
                        0.2079271823167801,
                        0.13010179996490479,
                        0.1627432107925415,
                        0.12647539377212524,
                        -0.11091123521327972,
                        -0.23227587342262268,
                        -0.08660344779491425,
                        0.10134004056453705,
                        -0.0969078540802002,
                        -0.17343199253082275,
                        -0.058091744780540466,
                        0.018320679664611816,
                        -0.03823400288820267,
                        -0.1291894018650055,
                        -0.18436171114444733,
                        -0.23267215490341187,
                        -0.14374738931655884,
                        -0.09251759201288223,
                        -0.029822103679180145,
                        -0.05266473814845085
                    ],
                    [
                        -0.14352767169475555,
                        0.040842264890670776,
                        0.11144085228443146,
                        0.05153205990791321,
                        0.2724629044532776,
                        0.07600654661655426,
                        0.11438631266355515,
                        -0.19094783067703247,
                        -0.06575584411621094,
                        0.001725703477859497,
                        -0.07548127323389053,
                        0.011746007949113846,
                        -0.018746323883533478,
                        -0.13636600971221924,
                        -0.07901909947395325,
                        -0.059235744178295135,
                        -0.04644504189491272,
                        -0.025395050644874573,
                        0.03966452181339264,
                        -0.019432440400123596
                    ],
                    [
                        0.3375270366668701,
                        0.39659082889556885,
                        0.3828204274177551,
                        0.27293938398361206,
                        0.4914693534374237,
                        0.5355119705200195,
                        0.5827475786209106,
                        0.6505566835403442,
                        0.8066299557685852,
                        0.7468580007553101,
                        0.643534779548645,
                        0.7033783793449402,
                        0.6781353950500488,
                        0.7350456118583679,
                        0.6978276968002319,
                        0.6366212368011475,
                        0.709235668182373,
                        0.7786052227020264,
                        0.9875044226646423,
                        0.8573349714279175
                    ],
                    [
                        0.6410360336303711,
                        0.6897435188293457,
                        0.5344364047050476,
                        0.49883073568344116,
                        0.3644782304763794,
                        0.38983309268951416,
                        0.5082577466964722,
                        0.4248657822608948,
                        0.4075589179992676,
                        0.429132878780365,
                        0.39728206396102905,
                        0.4696235954761505,
                        0.4048786163330078,
                        0.3637101352214813,
                        0.4484398066997528,
                        0.5799180269241333,
                        0.6028730869293213,
                        0.6243082284927368,
                        0.487667977809906,
                        0.4500013291835785
                    ]
                ]
            ],
            "states": [
                [
                    [
                        5325744.0,
                        3.011092121596448e-05,
                        0.00027277067420072854,
                        851925.625
                    ],
                    [
                        5357600.0,
                        2.9456161428242922e-05,
                        0.00027305487310513854,
                        832487.0625
                    ],
                    [
                        5618240.0,
                        2.881258842535317e-05,
                        0.0002689558023121208,
                        866650.0
                    ],
                    [
                        5764488.0,
                        2.8174086764920503e-05,
                        0.0002797737834043801,
                        885137.0
                    ],
                    [
                        5370632.0,
                        2.7576063075684942e-05,
                        0.00025503398501314223,
                        827897.4375
                    ],
                    [
                        5432896.0,
                        2.7019848857889883e-05,
                        0.00027816780493594706,
                        880666.4375
                    ],
                    [
                        5364840.0,
                        2.6485795387998223e-05,
                        0.00026209698989987373,
                        834819.0
                    ],
                    [
                        5233072.0,
                        2.598174069134984e-05,
                        0.0002851165772881359,
                        880287.1875
                    ],
                    [
                        5114336.0,
                        2.5507837563054636e-05,
                        0.000267517170868814,
                        884475.5
                    ],
                    [
                        5458960.0,
                        2.504124859115109e-05,
                        0.00027258697082288563,
                        833080.1875
                    ],
                    [
                        5170808.0,
                        2.4588902306277305e-05,
                        0.00027191461413167417,
                        830618.8125
                    ],
                    [
                        5131712.0,
                        2.416586175968405e-05,
                        0.00027577357832342386,
                        795031.0
                    ],
                    [
                        5137504.0,
                        2.3758442694088444e-05,
                        0.00027702987426891923,
                        830415.5625
                    ],
                    [
                        5460408.0,
                        2.3352160496870056e-05,
                        0.0002779100905172527,
                        812805.0
                    ],
                    [
                        5332984.0,
                        2.2952330255066045e-05,
                        0.00026160795823670924,
                        784998.0
                    ],
                    [
                        5464752.0,
                        2.256591324112378e-05,
                        0.0002753763983491808,
                        843504.25
                    ],
                    [
                        5461856.0,
                        2.2187881768331863e-05,
                        0.0002731475979089737,
                        901654.0625
                    ],
                    [
                        5571904.0,
                        2.181875788664911e-05,
                        0.0002628508664201945,
                        880942.125
                    ],
                    [
                        5370632.0,
                        2.146460974472575e-05,
                        0.00026417680783197284,
                        856475.0625
                    ],
                    [
                        5508192.0,
                        2.1123838450876065e-05,
                        0.0002805523981805891,
                        865747.5
                    ]
                ]
            ],
            "actions": [
                [
                    [
                        0.75
                    ],
                    [
                        0.75
                    ],
                    [
                        0.75
                    ],
                    [
                        0.75
                    ],
                    [
                        0.75
                    ],
                    [
                        0.75
                    ],
                    [
                        0.75
                    ],
                    [
                        0.75
                    ],
                    [
                        0.75
                    ],
                    [
                        0.75
                    ],
                    [
                        0.75
                    ],
                    [
                        0.75
                    ],
                    [
                        0.75
                    ],
                    [
                        0.75
                    ],
                    [
                        0.75
                    ],
                    [
                        0.75
                    ],
                    [
                        0.75
                    ],
                    [
                        0.75
                    ],
                    [
                        0.75
                    ],
                    [
                        0.75
                    ]
                ]
            ],
            "returns": [
                [
                    [
                        0.34190085530281067
                    ],
                    [
                        0.34096771478652954
                    ],
                    [
                        0.34003403782844543
                    ],
                    [
                        0.3390961289405823
                    ],
                    [
                        0.33815598487854004
                    ],
                    [
                        0.33722206950187683
                    ],
                    [
                        0.33628717064857483
                    ],
                    [
                        0.33535337448120117
                    ],
                    [
                        0.3344217836856842
                    ],
                    [
                        0.3334922194480896
                    ],
                    [
                        0.33255690336227417
                    ],
                    [
                        0.33162635564804077
                    ],
                    [
                        0.3306964933872223
                    ],
                    [
                        0.32976654171943665
                    ],
                    [
                        0.32883119583129883
                    ],
                    [
                        0.32789793610572815
                    ],
                    [
                        0.32696250081062317
                    ],
                    [
                        0.3260270953178406
                    ],
                    [
                        0.3250899612903595
                    ],
                    [
                        0.3241560757160187
                    ]
                ]
            ],
            "timesteps": [
                [
                    260,
                    261,
                    262,
                    263,
                    264,
                    265,
                    266,
                    267,
                    268,
                    269,
                    270,
                    271,
                    272,
                    273,
                    274,
                    275,
                    276,
                    277,
                    278,
                    279
                ]
            ],
            "labels": [
                [
                    2,
                    2,
                    2,
                    2,
                    2,
                    2,
                    2,
                    2,
                    2,
                    2,
                    2,
                    2,
                    2,
                    2,
                    2,
                    2,
                    2,
                    2,
                    2,
                    2
                ]
            ],
            "CPU Usage": 46.3,
            "RAM Usage": 55.4,
            "GPU Usage": 0.0,
            "VRAM Usage": 355.0,
            "Disk Read Speed (MB/s)": 206024.3720703125,
            "Disk Write Speed (MB/s)": 338583.1220703125
        },
        {
            "step": 1,
            "train_loss": 0.06066299229860306,
            "actions_pred1": [
                [
                    [
                        0.2793755531311035,
                        -0.45234304666519165,
                        0.8517555594444275,
                        0.773801326751709
                    ],
                    [
                        0.18789196014404297,
                        -0.31703534722328186,
                        0.8826823234558105,
                        0.6368990540504456
                    ],
                    [
                        -0.12847226858139038,
                        -0.22386236488819122,
                        0.7830685973167419,
                        0.44549185037612915
                    ],
                    [
                        -0.3082857131958008,
                        -0.22837699949741364,
                        0.7688524723052979,
                        0.4260490834712982
                    ],
                    [
                        -0.36225607991218567,
                        -0.1941557079553604,
                        0.7464662194252014,
                        0.41113200783729553
                    ],
                    [
                        -0.4178462028503418,
                        -0.2569185495376587,
                        0.7836599349975586,
                        0.3914479911327362
                    ],
                    [
                        -0.4656680226325989,
                        -0.29005569219589233,
                        0.8194129467010498,
                        0.37220853567123413
                    ],
                    [
                        -0.5499962568283081,
                        -0.19720327854156494,
                        0.8762881755828857,
                        0.3557669520378113
                    ],
                    [
                        -0.32278120517730713,
                        -0.1839558482170105,
                        0.8649269938468933,
                        0.35850635170936584
                    ],
                    [
                        -0.24124445021152496,
                        -0.2553035020828247,
                        0.9095709919929504,
                        0.25840383768081665
                    ],
                    [
                        -0.2189725637435913,
                        -0.24094915390014648,
                        0.6504383683204651,
                        0.4058862328529358
                    ],
                    [
                        -0.19565215706825256,
                        -0.2213115692138672,
                        0.7362538576126099,
                        0.38817423582077026
                    ],
                    [
                        -0.21900510787963867,
                        -0.17359133064746857,
                        0.686147153377533,
                        0.47998499870300293
                    ],
                    [
                        -0.2951153814792633,
                        -0.10181767493486404,
                        0.8246498107910156,
                        0.4415458142757416
                    ],
                    [
                        -0.30702701210975647,
                        -0.07165036350488663,
                        0.9093989729881287,
                        0.3312423527240753
                    ],
                    [
                        -0.33099275827407837,
                        -0.09894319623708725,
                        0.9085487723350525,
                        0.33617091178894043
                    ],
                    [
                        -0.32851478457450867,
                        -0.18913543224334717,
                        0.7924232482910156,
                        0.37074780464172363
                    ],
                    [
                        -0.37437063455581665,
                        -0.13661350309848785,
                        0.8324075937271118,
                        0.33441364765167236
                    ],
                    [
                        -0.3229384124279022,
                        -0.006819568574428558,
                        0.8429710865020752,
                        0.3193708062171936
                    ],
                    [
                        -0.2320219874382019,
                        0.010845527052879333,
                        0.761239230632782,
                        0.3989620804786682
                    ]
                ]
            ],
            "actions_pred": [
                [
                    [
                        0.2793755531311035,
                        0.18789196014404297,
                        -0.12847226858139038,
                        -0.3082857131958008,
                        -0.36225607991218567,
                        -0.4178462028503418,
                        -0.4656680226325989,
                        -0.5499962568283081,
                        -0.32278120517730713,
                        -0.24124445021152496,
                        -0.2189725637435913,
                        -0.19565215706825256,
                        -0.21900510787963867,
                        -0.2951153814792633,
                        -0.30702701210975647,
                        -0.33099275827407837,
                        -0.32851478457450867,
                        -0.37437063455581665,
                        -0.3229384124279022,
                        -0.2320219874382019
                    ],
                    [
                        -0.45234304666519165,
                        -0.31703534722328186,
                        -0.22386236488819122,
                        -0.22837699949741364,
                        -0.1941557079553604,
                        -0.2569185495376587,
                        -0.29005569219589233,
                        -0.19720327854156494,
                        -0.1839558482170105,
                        -0.2553035020828247,
                        -0.24094915390014648,
                        -0.2213115692138672,
                        -0.17359133064746857,
                        -0.10181767493486404,
                        -0.07165036350488663,
                        -0.09894319623708725,
                        -0.18913543224334717,
                        -0.13661350309848785,
                        -0.006819568574428558,
                        0.010845527052879333
                    ],
                    [
                        0.8517555594444275,
                        0.8826823234558105,
                        0.7830685973167419,
                        0.7688524723052979,
                        0.7464662194252014,
                        0.7836599349975586,
                        0.8194129467010498,
                        0.8762881755828857,
                        0.8649269938468933,
                        0.9095709919929504,
                        0.6504383683204651,
                        0.7362538576126099,
                        0.686147153377533,
                        0.8246498107910156,
                        0.9093989729881287,
                        0.9085487723350525,
                        0.7924232482910156,
                        0.8324075937271118,
                        0.8429710865020752,
                        0.761239230632782
                    ],
                    [
                        0.773801326751709,
                        0.6368990540504456,
                        0.44549185037612915,
                        0.4260490834712982,
                        0.41113200783729553,
                        0.3914479911327362,
                        0.37220853567123413,
                        0.3557669520378113,
                        0.35850635170936584,
                        0.25840383768081665,
                        0.4058862328529358,
                        0.38817423582077026,
                        0.47998499870300293,
                        0.4415458142757416,
                        0.3312423527240753,
                        0.33617091178894043,
                        0.37074780464172363,
                        0.33441364765167236,
                        0.3193708062171936,
                        0.3989620804786682
                    ]
                ]
            ],
            "states": [
                [
                    [
                        10490760.0,
                        0.00010820227180374786,
                        0.00015429843915626407,
                        444121.375
                    ],
                    [
                        10112832.0,
                        9.372556087328121e-05,
                        0.00014512072084471583,
                        443784.5
                    ],
                    [
                        10076632.0,
                        8.28753545647487e-05,
                        0.00015239186177495867,
                        427008.3125
                    ],
                    [
                        10218536.0,
                        7.424143404932693e-05,
                        0.00013630501052830368,
                        433225.1875
                    ],
                    [
                        10903440.0,
                        6.698495417367667e-05,
                        0.0001300903531955555,
                        434838.78125
                    ],
                    [
                        10177992.0,
                        6.102009865571745e-05,
                        0.0001368058001389727,
                        431759.375
                    ],
                    [
                        10500896.0,
                        5.612600944004953e-05,
                        0.00014432381431106478,
                        435333.53125
                    ],
                    [
                        10752848.0,
                        5.185119152883999e-05,
                        0.00014270890096668154,
                        438961.46875
                    ],
                    [
                        10833936.0,
                        4.812757106265053e-05,
                        0.00014136718527879566,
                        432069.78125
                    ],
                    [
                        10654384.0,
                        4.491618892643601e-05,
                        0.00013239651161711663,
                        433675.4375
                    ],
                    [
                        10524064.0,
                        4.214471118757501e-05,
                        0.00014063461276236922,
                        436827.0
                    ],
                    [
                        8511344.0,
                        3.9926697354530916e-05,
                        0.00013637621304951608,
                        473364.125
                    ],
                    [
                        10828144.0,
                        3.790804112213664e-05,
                        0.00013436605513561517,
                        430273.59375
                    ],
                    [
                        10288040.0,
                        3.5919863876188174e-05,
                        0.00013586058048531413,
                        455927.09375
                    ],
                    [
                        9009456.0,
                        3.427618867135607e-05,
                        0.00013340605073608458,
                        453153.21875
                    ],
                    [
                        10348856.0,
                        3.2774834835436195e-05,
                        0.0001376099098706618,
                        434225.03125
                    ],
                    [
                        10166408.0,
                        3.131924677290954e-05,
                        0.00017068465240299702,
                        438236.6875
                    ],
                    [
                        10539992.0,
                        2.9976108635310084e-05,
                        0.0001329061051364988,
                        436937.3125
                    ],
                    [
                        10836832.0,
                        2.8705166187137365e-05,
                        0.00013878877507522702,
                        435041.5
                    ],
                    [
                        10188128.0,
                        2.755545938271098e-05,
                        0.00015914233517833054,
                        427912.71875
                    ]
                ]
            ],
            "actions": [
                [
                    [
                        0.25
                    ],
                    [
                        0.25
                    ],
                    [
                        0.25
                    ],
                    [
                        0.25
                    ],
                    [
                        0.25
                    ],
                    [
                        0.25
                    ],
                    [
                        0.25
                    ],
                    [
                        0.25
                    ],
                    [
                        0.25
                    ],
                    [
                        0.25
                    ],
                    [
                        0.25
                    ],
                    [
                        0.25
                    ],
                    [
                        0.25
                    ],
                    [
                        0.25
                    ],
                    [
                        0.25
                    ],
                    [
                        0.25
                    ],
                    [
                        0.25
                    ],
                    [
                        0.25
                    ],
                    [
                        0.25
                    ],
                    [
                        0.25
                    ]
                ]
            ],
            "returns": [
                [
                    [
                        0.2865329086780548
                    ],
                    [
                        0.2855396568775177
                    ],
                    [
                        0.28454965353012085
                    ],
                    [
                        0.28355997800827026
                    ],
                    [
                        0.2825690507888794
                    ],
                    [
                        0.2815724015235901
                    ],
                    [
                        0.28058183193206787
                    ],
                    [
                        0.2795884907245636
                    ],
                    [
                        0.2785930335521698
                    ],
                    [
                        0.27759695053100586
                    ],
                    [
                        0.2766023278236389
                    ],
                    [
                        0.27560877799987793
                    ],
                    [
                        0.27463406324386597
                    ],
                    [
                        0.2736380100250244
                    ],
                    [
                        0.2726464867591858
                    ],
                    [
                        0.2716667354106903
                    ],
                    [
                        0.2706746757030487
                    ],
                    [
                        0.26968422532081604
                    ],
                    [
                        0.2686905562877655
                    ],
                    [
                        0.2676944136619568
                    ]
                ]
            ],
            "timesteps": [
                [
                    320,
                    321,
                    322,
                    323,
                    324,
                    325,
                    326,
                    327,
                    328,
                    329,
                    330,
                    331,
                    332,
                    333,
                    334,
                    335,
                    336,
                    337,
                    338,
                    339
                ]
            ],
            "labels": [
                [
                    0,
                    0,
                    0,
                    0,
                    0,
                    0,
                    0,
                    0,
                    0,
                    0,
                    0,
                    0,
                    0,
                    0,
                    0,
                    0,
                    0,
                    0,
                    0,
                    0
                ]
            ],
            "CPU Usage": 46.7,
            "RAM Usage": 55.5,
            "GPU Usage": 0.0,
            "VRAM Usage": 355.0,
            "Disk Read Speed (MB/s)": 206024.3720703125,
            "Disk Write Speed (MB/s)": 338583.1923828125
        },
        {
            "step": 2,
            "train_loss": 0.054697759449481964,
            "actions_pred1": [
                [
                    [
                        -0.019139684736728668,
                        -0.22798815369606018,
                        0.9223203659057617,
                        0.1755770742893219
                    ],
                    [
                        -0.1524306982755661,
                        -0.01606171578168869,
                        0.8462452292442322,
                        0.23271909356117249
                    ],
                    [
                        -0.1974790096282959,
                        -0.038421690464019775,
                        0.9506493806838989,
                        0.18967512249946594
                    ],
                    [
                        -0.06185115873813629,
                        -0.09536173939704895,
                        0.882805585861206,
                        0.2602056860923767
                    ],
                    [
                        -0.14855524897575378,
                        -0.03192346543073654,
                        0.8679449558258057,
                        0.1653154343366623
                    ],
                    [
                        0.07705660164356232,
                        -0.08920839428901672,
                        0.8027591705322266,
                        0.34411904215812683
                    ],
                    [
                        0.141315758228302,
                        -0.06590571254491806,
                        0.8432715535163879,
                        0.3778775930404663
                    ],
                    [
                        0.1298556923866272,
                        -0.12997566163539886,
                        0.8701420426368713,
                        0.1652003824710846
                    ],
                    [
                        0.0975533202290535,
                        -0.08543209731578827,
                        0.958527147769928,
                        0.07581546902656555
                    ],
                    [
                        -0.08374983072280884,
                        0.03496138006448746,
                        1.0341427326202393,
                        0.13923269510269165
                    ],
                    [
                        -0.11488177627325058,
                        -0.018566861748695374,
                        0.7122522592544556,
                        0.19289252161979675
                    ],
                    [
                        -0.09176922589540482,
                        -0.11360767483711243,
                        0.7132048606872559,
                        0.29908761382102966
                    ],
                    [
                        -0.08432212471961975,
                        -0.013317935168743134,
                        0.7339664697647095,
                        0.34850239753723145
                    ],
                    [
                        -0.07816429436206818,
                        -0.041254639625549316,
                        0.5951749086380005,
                        0.4580228626728058
                    ],
                    [
                        -0.10330481082201004,
                        -0.11673177033662796,
                        0.6135358214378357,
                        0.40425920486450195
                    ],
                    [
                        -0.1239829733967781,
                        0.048739850521087646,
                        0.620363712310791,
                        0.1955365687608719
                    ],
                    [
                        -0.1274370700120926,
                        0.030677780508995056,
                        0.7297841310501099,
                        0.2261737883090973
                    ],
                    [
                        -0.1452789306640625,
                        -0.01598765328526497,
                        0.7416245341300964,
                        0.36602839827537537
                    ],
                    [
                        -0.15919703245162964,
                        0.03901040554046631,
                        0.6993128657341003,
                        0.4035583436489105
                    ],
                    [
                        0.036098554730415344,
                        -0.04733346402645111,
                        0.5816189050674438,
                        0.29901283979415894
                    ]
                ]
            ],
            "actions_pred": [
                [
                    [
                        -0.019139684736728668,
                        -0.1524306982755661,
                        -0.1974790096282959,
                        -0.06185115873813629,
