{
    "steps": [
        {
            "step": 0,
            "train_loss": 0.031884849071502686,
            "actions_pred1": [
                [
                    [
                        0.18385246396064758,
                        0.02610790729522705,
                        0.6234440207481384,
                        0.8409436941146851
                    ],
                    [
                        -0.13969123363494873,
                        0.13870778679847717,
                        0.665629506111145,
                        0.6462371945381165
                    ],
                    [
                        -0.1758202165365219,
                        0.00779375433921814,
                        0.5034639835357666,
                        0.5985025763511658
                    ],
                    [
                        -0.22724714875221252,
                        0.03896959871053696,
                        0.5405820608139038,
                        0.5092452764511108
                    ],
                    [
                        -0.2980526089668274,
                        0.09404674172401428,
                        0.5376841425895691,
                        0.5143799185752869
                    ],
                    [
                        -0.14508843421936035,
                        0.050461456179618835,
                        0.49969935417175293,
                        0.3928416073322296
                    ],
                    [
                        -0.24592509865760803,
                        -0.11194302141666412,
                        0.6702907085418701,
                        0.3224279284477234
                    ],
                    [
                        -0.23109236359596252,
                        -0.023185044527053833,
                        0.7332735657691956,
                        0.3164695203304291
                    ],
                    [
                        -0.33057186007499695,
                        0.03766311705112457,
                        0.6213193535804749,
                        0.45112910866737366
                    ],
                    [
                        -0.2799464464187622,
                        0.029553905129432678,
                        0.6155940294265747,
                        0.3962523639202118
                    ],
                    [
                        -0.29814502596855164,
                        0.0759505033493042,
                        0.7495042085647583,
                        0.4503476023674011
                    ],
                    [
                        -0.15966501832008362,
                        -0.08377659320831299,
                        0.636279821395874,
                        0.5801045894622803
                    ],
                    [
                        -0.24211758375167847,
                        -0.05043308436870575,
                        0.7155694365501404,
                        0.5442683100700378
                    ],
                    [
                        -0.2412467896938324,
                        0.053300246596336365,
                        0.6420564651489258,
                        0.4279298186302185
                    ],
                    [
                        -0.2413867712020874,
                        0.11250533908605576,
                        0.7947308421134949,
                        0.3883773386478424
                    ],
                    [
                        -0.1179967075586319,
                        0.09353730082511902,
                        0.7305023074150085,
                        0.36461448669433594
                    ],
                    [
                        -0.15372171998023987,
                        0.11259862780570984,
                        0.8215163946151733,
                        0.4538765549659729
                    ],
                    [
                        -0.291001558303833,
                        0.18906539678573608,
                        0.8254300951957703,
                        0.2778647243976593
                    ],
                    [
                        -0.2276451587677002,
                        0.1475190818309784,
                        0.7906155586242676,
                        0.2589474618434906
                    ],
                    [
                        -0.16609342396259308,
                        0.10200551897287369,
                        0.7266650795936584,
                        0.4102535843849182
                    ]
                ]
            ],
            "actions_pred": [
                [
                    [
                        0.18385246396064758,
                        -0.13969123363494873,
                        -0.1758202165365219,
                        -0.22724714875221252,
                        -0.2980526089668274,
                        -0.14508843421936035,
                        -0.24592509865760803,
                        -0.23109236359596252,
                        -0.33057186007499695,
                        -0.2799464464187622,
                        -0.29814502596855164,
                        -0.15966501832008362,
                        -0.24211758375167847,
                        -0.2412467896938324,
                        -0.2413867712020874,
                        -0.1179967075586319,
                        -0.15372171998023987,
                        -0.291001558303833,
                        -0.2276451587677002,
                        -0.16609342396259308
                    ],
                    [
                        0.02610790729522705,
                        0.13870778679847717,
                        0.00779375433921814,
                        0.03896959871053696,
                        0.09404674172401428,
                        0.050461456179618835,
                        -0.11194302141666412,
                        -0.023185044527053833,
                        0.03766311705112457,
                        0.029553905129432678,
                        0.0759505033493042,
                        -0.08377659320831299,
                        -0.05043308436870575,
                        0.053300246596336365,
                        0.11250533908605576,
                        0.09353730082511902,
                        0.11259862780570984,
                        0.18906539678573608,
                        0.1475190818309784,
                        0.10200551897287369
                    ],
                    [
                        0.6234440207481384,
                        0.665629506111145,
                        0.5034639835357666,
                        0.5405820608139038,
                        0.5376841425895691,
                        0.49969935417175293,
                        0.6702907085418701,
                        0.7332735657691956,
                        0.6213193535804749,
                        0.6155940294265747,
                        0.7495042085647583,
                        0.636279821395874,
                        0.7155694365501404,
                        0.6420564651489258,
                        0.7947308421134949,
                        0.7305023074150085,
                        0.8215163946151733,
                        0.8254300951957703,
                        0.7906155586242676,
                        0.7266650795936584
                    ],
                    [
                        0.8409436941146851,
                        0.6462371945381165,
                        0.5985025763511658,
                        0.5092452764511108,
                        0.5143799185752869,
                        0.3928416073322296,
                        0.3224279284477234,
                        0.3164695203304291,
                        0.45112910866737366,
                        0.3962523639202118,
                        0.4503476023674011,
                        0.5801045894622803,
                        0.5442683100700378,
                        0.4279298186302185,
                        0.3883773386478424,
                        0.36461448669433594,
                        0.4538765549659729,
                        0.2778647243976593,
                        0.2589474618434906,
                        0.4102535843849182
                    ]
                ]
            ],
            "states": [
                [
                    [
                        5466200.0,
                        1.129001520894235e-05,
                        0.0002789112040773034,
                        818770.4375
                    ],
                    [
                        5612448.0,
                        1.1129687663924415e-05,
                        0.00025781430304050446,
                        898413.75
                    ],
                    [
                        5046280.0,
                        1.0979628314089496e-05,
                        0.0002818313369061798,
                        909004.75
                    ],
                    [
                        5249000.0,
                        1.0838540219992865e-05,
                        0.00027022496215067804,
                        810422.3125
                    ],
                    [
                        5515432.0,
                        1.0694837328628637e-05,
                        0.00027221045456826687,
                        891063.1875
                    ],
                    [
                        5182392.0,
                        1.0555714652582537e-05,
                        0.0002733847650233656,
                        862686.6875
                    ],
                    [
                        5021664.0,
                        1.0426368135085795e-05,
                        0.00026607781182974577,
                        893778.125
                    ],
                    [
                        5292440.0,
                        1.0298814231646247e-05,
                        0.00028466759249567986,
                        852371.5625
                    ],
                    [
                        5366288.0,
                        1.0170228961214889e-05,
                        0.0002693114511203021,
                        775255.625
                    ],
                    [
                        5483576.0,
                        1.0042614121630322e-05,
                        0.0002695369767025113,
                        802315.875
                    ],
                    [
                        5369184.0,
                        9.918102477968205e-06,
                        0.00026757299201563,
                        854250.0
                    ],
                    [
                        5670368.0,
                        9.794596735446248e-06,
                        0.0002770914288703352,
                        851009.75
                    ],
                    [
                        5537152.0,
                        9.67230062087765e-06,
                        0.0002540841815061867,
                        843244.5625
                    ],
                    [
                        5557424.0,
                        9.554213647788856e-06,
                        0.0002650599053595215,
                        914621.5625
                    ],
                    [
                        5403936.0,
                        9.440349458600394e-06,
                        0.00027801760006695986,
                        829670.8125
                    ],
                    [
                        5246104.0,
                        9.332287845609244e-06,
                        0.0002704633225221187,
                        839801.4375
                    ],
                    [
                        5603760.0,
                        9.224719178746454e-06,
                        0.0002756867033895105,
                        804814.3125
                    ],
                    [
                        5383664.0,
                        9.118263733398635e-06,
                        0.00025344316964037716,
                        920753.0625
                    ],
                    [
                        5525568.0,
                        8.914936188375577e-06,
                        0.000413205154472962,
                        941023.9375
                    ],
                    [
                        5521224.0,
                        8.814949069346767e-06,
                        0.00012937834253534675,
                        850908.25
                    ]
                ]
            ],
            "actions": [
                [
                    [
                        0.75
                    ],
                    [
                        0.75
                    ],
                    [
                        0.75
                    ],
                    [
                        0.75
                    ],
                    [
                        0.75
                    ],
                    [
                        0.75
                    ],
                    [
                        0.75
                    ],
                    [
                        0.75
                    ],
                    [
                        0.75
                    ],
                    [
                        0.75
                    ],
                    [
                        0.75
                    ],
                    [
                        0.75
                    ],
                    [
                        0.75
                    ],
                    [
                        0.75
                    ],
                    [
                        0.75
                    ],
                    [
                        0.75
                    ],
                    [
                        0.75
                    ],
                    [
                        0.75
                    ],
                    [
                        0.75
                    ],
                    [
                        0.75
                    ]
                ]
            ],
            "returns": [
                [
                    [
                        0.5242103934288025
                    ],
                    [
                        0.5232749581336975
                    ],
                    [
                        0.5223371386528015
                    ],
                    [
                        0.5214087963104248
                    ],
                    [
                        0.5204769372940063
                    ],
                    [
                        0.5195406675338745
                    ],
                    [
                        0.5186099410057068
                    ],
                    [
                        0.5176820158958435
                    ],
                    [
                        0.5167494416236877
                    ],
                    [
                        0.5158156156539917
                    ],
                    [
                        0.5148798823356628
                    ],
                    [
                        0.513945996761322
                    ],
                    [
                        0.5130072832107544
                    ],
                    [
                        0.5120707154273987
                    ],
                    [
                        0.5111337900161743
                    ],
                    [
                        0.5101993083953857
                    ],
                    [
                        0.5092675089836121
                    ],
                    [
                        0.5083298683166504
                    ],
                    [
                        0.5073957443237305
                    ],
                    [
                        0.5064593553543091
                    ]
                ]
            ],
            "timesteps": [
                [
                    60,
                    61,
                    62,
                    63,
                    64,
                    65,
                    66,
                    67,
                    68,
                    69,
                    70,
                    71,
                    72,
                    73,
                    74,
                    75,
                    76,
                    77,
                    78,
                    79
                ]
            ],
            "labels": [
                [
                    2,
                    2,
                    2,
                    2,
                    2,
                    2,
                    2,
                    2,
                    2,
                    2,
                    2,
                    2,
                    2,
                    2,
                    2,
                    2,
                    2,
                    2,
                    2,
                    2
                ]
            ],
            "CPU Usage": 45.6,
            "RAM Usage": 55.4,
            "GPU Usage": 0.0,
            "VRAM Usage": 355.0,
            "Disk Read Speed (MB/s)": 206025.1376953125,
            "Disk Write Speed (MB/s)": 344025.9033203125
        },
        {
            "step": 1,
            "train_loss": 0.05296102166175842,
            "actions_pred1": [
                [
                    [
                        0.37232163548469543,
                        0.12833112478256226,
                        0.9332399964332581,
                        0.2456151843070984
                    ],
                    [
                        0.27622783184051514,
                        0.07667295634746552,
                        0.6775718927383423,
                        0.5512025952339172
                    ],
                    [
                        0.24249951541423798,
                        0.1681060642004013,
                        0.5553655028343201,
                        0.5367515683174133
                    ],
                    [
                        0.17384079098701477,
                        0.14390596747398376,
                        0.594954788684845,
                        0.4117603302001953
                    ],
                    [
                        0.1458921581506729,
                        0.108722023665905,
                        0.6361575126647949,
                        0.06431291997432709
                    ],
                    [
                        0.05953758955001831,
                        0.10786250978708267,
                        0.6809832453727722,
                        0.12575899064540863
                    ],
                    [
                        -0.026939503848552704,
                        0.040171317756175995,
                        0.7215778827667236,
                        0.08386516571044922
                    ],
                    [
                        -0.00777444988489151,
                        0.0917244628071785,
                        0.6545066237449646,
                        0.06031918525695801
                    ],
                    [
                        -0.006531357765197754,
                        0.14645570516586304,
                        0.7006938457489014,
                        -0.06042902171611786
                    ],
                    [
                        -0.03909890353679657,
                        0.28691306710243225,
                        0.6634384393692017,
                        0.09612017869949341
                    ],
                    [
                        -0.1489492952823639,
                        0.04417618364095688,
                        0.6942238807678223,
                        0.11345118284225464
                    ],
                    [
                        -0.1387183964252472,
                        -0.014416337013244629,
                        0.6913236379623413,
                        0.010876566171646118
                    ],
                    [
                        -0.06059005856513977,
                        0.1620844006538391,
                        0.9532646536827087,
                        0.0837327241897583
                    ],
                    [
                        -0.06303735822439194,
                        0.11531621217727661,
                        0.8356172442436218,
                        0.13982094824314117
                    ],
                    [
                        -0.1329992115497589,
                        0.11858636885881424,
                        0.8120301961898804,
                        0.07071855664253235
                    ],
                    [
                        -0.13724064826965332,
                        -0.11244514584541321,
                        1.0103212594985962,
                        0.1408156454563141
                    ],
                    [
                        -0.19337576627731323,
                        -0.1010637953877449,
                        1.0717124938964844,
                        0.03388267755508423
                    ],
                    [
                        -0.14011509716510773,
                        0.06094527989625931,
                        0.9057537317276001,
                        0.0964001715183258
                    ],
                    [
                        -0.07765775918960571,
                        0.03697492927312851,
                        0.8456494808197021,
                        0.03951531648635864
                    ],
                    [
                        -0.07094981521368027,
                        0.1562749743461609,
                        0.7402430176734924,
                        0.09787635505199432
                    ]
                ]
            ],
            "actions_pred": [
                [
                    [
                        0.37232163548469543,
                        0.27622783184051514,
                        0.24249951541423798,
                        0.17384079098701477,
                        0.1458921581506729,
                        0.05953758955001831,
                        -0.026939503848552704,
                        -0.00777444988489151,
                        -0.006531357765197754,
                        -0.03909890353679657,
                        -0.1489492952823639,
                        -0.1387183964252472,
                        -0.06059005856513977,
                        -0.06303735822439194,
                        -0.1329992115497589,
                        -0.13724064826965332,
                        -0.19337576627731323,
                        -0.14011509716510773,
                        -0.07765775918960571,
                        -0.07094981521368027
                    ],
                    [
                        0.12833112478256226,
                        0.07667295634746552,
                        0.1681060642004013,
                        0.14390596747398376,
                        0.108722023665905,
                        0.10786250978708267,
                        0.040171317756175995,
                        0.0917244628071785,
                        0.14645570516586304,
                        0.28691306710243225,
                        0.04417618364095688,
                        -0.014416337013244629,
                        0.1620844006538391,
                        0.11531621217727661,
                        0.11858636885881424,
                        -0.11244514584541321,
                        -0.1010637953877449,
                        0.06094527989625931,
                        0.03697492927312851,
                        0.1562749743461609
                    ],
                    [
                        0.9332399964332581,
                        0.6775718927383423,
                        0.5553655028343201,
                        0.594954788684845,
                        0.6361575126647949,
                        0.6809832453727722,
                        0.7215778827667236,
                        0.6545066237449646,
                        0.7006938457489014,
                        0.6634384393692017,
                        0.6942238807678223,
                        0.6913236379623413,
                        0.9532646536827087,
                        0.8356172442436218,
                        0.8120301961898804,
                        1.0103212594985962,
                        1.0717124938964844,
                        0.9057537317276001,
                        0.8456494808197021,
                        0.7402430176734924
                    ],
                    [
                        0.2456151843070984,
                        0.5512025952339172,
                        0.5367515683174133,
                        0.4117603302001953,
                        0.06431291997432709,
                        0.12575899064540863,
                        0.08386516571044922,
                        0.06031918525695801,
                        -0.06042902171611786,
                        0.09612017869949341,
                        0.11345118284225464,
                        0.010876566171646118,
                        0.0837327241897583,
                        0.13982094824314117,
                        0.07071855664253235,
                        0.1408156454563141,
                        0.03388267755508423,
                        0.0964001715183258,
                        0.03951531648635864,
                        0.09787635505199432
                    ]
                ]
            ],
            "states": [
                [
                    [
                        195480.0,
                        0.00017859364743344486,
                        0.0014523763675242662,
                        455306.15625
                    ],
                    [
                        224440.0,
                        0.00017706550715956837,
                        0.0012122188927605748,
                        199210.375
                    ],
                    [
                        260640.0,
                        0.00017533254867885262,
                        0.0010567386634647846,
                        291813.4375
                    ],
                    [
                        231680.0,
                        0.00017360733181703836,
                        0.0010331012308597565,
                        619352.5625
                    ],
                    [
                        201272.0,
                        0.00017211795784533024,
                        0.0008577806875109673,
                        757621.5
                    ],
                    [
                        233128.0,
                        0.0001706496550468728,
                        0.002856994280591607,
                        402371.75
                    ],
                    [
                        238920.0,
                        0.00016908197721932083,
                        0.005327177233994007,
                        418626.09375
                    ],
                    [
                        185344.0,
                        0.00016769685316830873,
                        0.006734849885106087,
                        490648.125
                    ],
                    [
                        205616.0,
                        0.000166440979228355,
                        0.008968048729002476,
                        304516.78125
                    ],
                    [
                        195480.0,
                        0.00016517171752639115,
                        0.00019177634385414422,
                        553446.625
                    ],
                    [
                        202720.0,
                        0.00016393074474763125,
                        0.0001491233124397695,
                        853423.1875
                    ],
                    [
                        209960.0,
                        0.00016266417514998466,
                        0.0002625611668918282,
                        298799.9375
                    ],
                    [
                        209960.0,
                        0.0001613952626939863,
                        0.0004885925445705652,
                        376011.875
                    ],
                    [
                        144800.0,
                        0.00016033815336413682,
                        0.0010367168579250574,
                        94745.609375
                    ],
                    [
                        246160.0,
                        0.00015919026918709278,
                        0.0028569940477609634,
                        223245.734375
                    ],
                    [
                        253400.0,
                        0.000157746413606219,
                        0.005327177233994007,
                        267948.78125
                    ],
                    [
                        296840.0,
                        0.00015618640463799238,
                        0.006734849885106087,
                        291045.46875
                    ],
                    [
                        340280.0,
                        0.0001544181868666783,
                        0.008968048729002476,
                        376205.125
                    ],
                    [
                        405440.0,
                        0.0001523990067653358,
                        0.010990988463163376,
                        467932.84375
                    ],
                    [
                        463360.0,
                        0.0001501120423199609,
                        0.011323424987494946,
                        301846.5
                    ]
                ]
            ],
            "actions": [
                [
                    [
                        0.25
                    ],
                    [
                        0.25
                    ],
                    [
                        0.25
                    ],
                    [
                        0.25
                    ],
                    [
                        0.25
                    ],
                    [
                        0.25
                    ],
                    [
                        0.25
                    ],
                    [
                        0.25
                    ],
                    [
                        0.25
                    ],
                    [
                        0.25
                    ],
                    [
                        0.25
                    ],
                    [
                        0.25
                    ],
                    [
                        0.25
                    ],
                    [
                        0.25
                    ],
                    [
                        0.25
                    ],
                    [
                        0.25
                    ],
                    [
                        0.25
                    ],
                    [
                        0.25
                    ],
                    [
                        0.25
                    ],
                    [
                        0.25
                    ]
                ]
            ],
            "returns": [
                [
                    [
                        0.0820998102426529
                    ],
                    [
                        0.0814596638083458
                    ],
                    [
                        0.08080726861953735
                    ],
                    [
                        0.08014161884784698
                    ],
                    [
                        0.0794864147901535
                    ],
                    [
                        0.07884368300437927
                    ],
                    [
                        0.07818792015314102
                    ],
                    [
                        0.07752998173236847
                    ],
                    [
                        0.07689455896615982
                    ],
                    [
                        0.07624993473291397
                    ],
                    [
                        0.07560978829860687
                    ],
                    [
                        0.0749664157629013
                    ],
                    [
                        0.07431993633508682
                    ],
                    [
                        0.07367345690727234
                    ],
                    [
                        0.07305991649627686
                    ],
                    [
                        0.0723993331193924
                    ],
                    [
                        0.07173618674278259
                    ],
                    [
                        0.07105900347232819
                    ],
                    [
                        0.07036971300840378
                    ],
                    [
                        0.06966488808393478
                    ]
                ]
            ],
            "timesteps": [
                [
                    540,
                    541,
                    542,
                    543,
                    544,
                    545,
                    546,
                    547,
                    548,
                    549,
                    550,
                    551,
                    552,
                    553,
                    554,
                    555,
                    556,
                    557,
                    558,
                    559
                ]
            ],
            "labels": [
                [
                    0,
                    0,
                    0,
                    0,
                    0,
                    0,
                    0,
                    0,
                    0,
                    0,
                    0,
                    0,
                    0,
                    0,
                    0,
                    0,
                    0,
                    0,
                    0,
                    0
                ]
            ],
            "CPU Usage": 46.7,
            "RAM Usage": 55.6,
            "GPU Usage": 0.0,
            "VRAM Usage": 355.0,
            "Disk Read Speed (MB/s)": 206025.1376953125,
            "Disk Write Speed (MB/s)": 344025.9619140625
        },
        {
            "step": 2,
            "train_loss": 0.0489121712744236,
            "actions_pred1": [
                [
                    [
                        -0.3129882216453552,
                        -0.2627500295639038,
                        0.24269717931747437,
                        0.10443155467510223
                    ],
                    [
                        -0.2582094073295593,
                        -0.22625026106834412,
                        0.5182330012321472,
                        0.14121907949447632
                    ],
                    [
                        -0.1795365810394287,
                        -0.20834626257419586,
                        0.4395691156387329,
                        0.038015127182006836
                    ],
                    [
                        -0.1355409324169159,
                        -0.18854360282421112,
                        0.47871050238609314,
                        -0.04260113835334778
                    ],
                    [
                        -0.019597068428993225,
                        -0.17535601556301117,
                        0.23250098526477814,
                        -0.2266560196876526
                    ],
                    [
                        0.08771960437297821,
                        -0.05242379754781723,
                        0.4123319685459137,
                        -0.2611791491508484
                    ],
                    [
                        0.08700685203075409,
                        0.056365594267845154,
                        0.5073914527893066,
                        -0.2644890248775482
                    ],
                    [
                        0.10854880511760712,
                        0.06900691986083984,
                        0.6031854152679443,
                        -0.05839115381240845
                    ],
                    [
                        -0.06218428909778595,
                        0.08444137871265411,
                        0.4795183539390564,
                        -0.10722002387046814
                    ],
                    [
                        -0.032603681087493896,
                        -0.030264414846897125,
                        0.6974074840545654,
                        -0.02987605333328247
                    ],
                    [
                        -0.09196315705776215,
                        -0.11999139189720154,
                        0.6432182788848877,
                        -0.06705909967422485
                    ],
                    [
                        -0.28468072414398193,
                        -0.11270420998334885,
                        0.6352612376213074,
                        -0.064963698387146
                    ],
                    [
                        -0.29681113362312317,
                        0.00173887237906456,
                        0.6763268709182739,
                        -0.018715590238571167
                    ],
                    [
                        -0.27533474564552307,
                        0.05611606314778328,
                        0.6778203248977661,
                        0.03520071506500244
                    ],
                    [
                        -0.2456410527229309,
                        -0.018504928797483444,
                        0.5901714563369751,
                        -0.002698540687561035
                    ],
                    [
                        -0.21041178703308105,
                        0.04541853815317154,
                        0.5696719884872437,
                        -0.07947593927383423
                    ],
                    [
                        -0.034452080726623535,
                        0.00435347855091095,
                        0.4939464330673218,
                        -0.07795202732086182
                    ],
                    [
                        -0.09363207221031189,
                        0.023805029690265656,
                        0.5583550333976746,
                        0.04375171661376953
                    ],
                    [
                        -0.18714801967144012,
                        0.06936187297105789,
                        0.7361748218536377,
                        -0.009074896574020386
                    ],
                    [
                        -0.15847626328468323,
                        -0.03470195084810257,
                        0.8732582330703735,
                        -0.020044803619384766
                    ]
                ]
            ],
            "actions_pred": [
                [
                    [
                        -0.3129882216453552,
                        -0.2582094073295593,
                        -0.1795365810394287,
                        -0.1355409324169159,
                        -0.019597068428993225,
                        0.08771960437297821,
