{
    "steps": [
        {
            "step": 0,
            "train_loss": 0.04963749647140503,
            "actions_pred1": [
                [
                    [
                        0.2650531828403473,
                        -0.005119919776916504,
                        0.6434128284454346,
                        0.04763862490653992
                    ],
                    [
                        0.23210546374320984,
                        0.12194575369358063,
                        0.7016628980636597,
                        0.19850671291351318
                    ],
                    [
                        0.3060760498046875,
                        0.10563604533672333,
                        0.7780271768569946,
                        0.058747947216033936
                    ],
                    [
                        0.2994205951690674,
                        0.03664148598909378,
                        0.8192700147628784,
                        -0.017805665731430054
                    ],
                    [
                        0.2644326388835907,
                        0.09146648645401001,
                        0.9041582345962524,
                        -0.036362797021865845
                    ],
                    [
                        0.12630987167358398,
                        0.08685841411352158,
                        0.6941971778869629,
                        -0.20256555080413818
                    ],
                    [
                        0.241958886384964,
                        0.04524277150630951,
                        0.7267225980758667,
                        -0.17506049573421478
                    ],
                    [
                        0.23159167170524597,
                        0.02566377818584442,
                        0.6954777240753174,
                        -0.112820565700531
                    ],
                    [
                        0.2876587212085724,
                        0.04521845281124115,
                        0.5834787487983704,
                        -0.145725280046463
                    ],
                    [
                        0.19902294874191284,
                        0.0013859868049621582,
                        0.6521179676055908,
                        -0.12093338370323181
                    ],
                    [
                        0.26861122250556946,
                        0.10466724634170532,
                        0.6623525023460388,
                        -0.1532006859779358
                    ],
                    [
                        0.29094022512435913,
                        0.10314008593559265,
                        0.6458594799041748,
                        -0.1945410817861557
                    ],
                    [
                        0.2367834895849228,
                        0.08050317317247391,
                        0.6163865327835083,
                        -0.18124639987945557
                    ],
                    [
                        0.22328069806098938,
                        0.13639339804649353,
                        0.6759651303291321,
                        -0.18370848894119263
                    ],
                    [
                        0.32940250635147095,
                        0.048905760049819946,
                        0.7920626997947693,
                        -0.11939892172813416
                    ],
                    [
                        0.24209190905094147,
                        0.10756175220012665,
                        0.7204975485801697,
                        -0.14166346192359924
                    ],
                    [
                        0.1479186713695526,
                        0.17228227853775024,
                        0.7449030876159668,
                        -0.16687163710594177
                    ],
                    [
                        0.22553648054599762,
                        0.12901408970355988,
                        0.8369148969650269,
                        -0.11581772565841675
                    ],
                    [
                        0.27550578117370605,
                        0.13572536408901215,
                        0.8154228329658508,
                        -0.15751171112060547
                    ],
                    [
                        0.15498673915863037,
                        0.15013030171394348,
                        0.8020825386047363,
                        -0.26755964756011963
                    ]
                ]
            ],
            "actions_pred": [
                [
                    [
                        0.2650531828403473,
                        0.23210546374320984,
                        0.3060760498046875,
                        0.2994205951690674,
                        0.2644326388835907,
                        0.12630987167358398,
                        0.241958886384964,
                        0.23159167170524597,
                        0.2876587212085724,
                        0.19902294874191284,
                        0.26861122250556946,
                        0.29094022512435913,
                        0.2367834895849228,
                        0.22328069806098938,
                        0.32940250635147095,
                        0.24209190905094147,
                        0.1479186713695526,
                        0.22553648054599762,
                        0.27550578117370605,
                        0.15498673915863037
                    ],
                    [
                        -0.005119919776916504,
                        0.12194575369358063,
                        0.10563604533672333,
                        0.03664148598909378,
                        0.09146648645401001,
                        0.08685841411352158,
                        0.04524277150630951,
                        0.02566377818584442,
                        0.04521845281124115,
                        0.0013859868049621582,
                        0.10466724634170532,
                        0.10314008593559265,
                        0.08050317317247391,
                        0.13639339804649353,
                        0.048905760049819946,
                        0.10756175220012665,
                        0.17228227853775024,
                        0.12901408970355988,
                        0.13572536408901215,
                        0.15013030171394348
                    ],
                    [
                        0.6434128284454346,
                        0.7016628980636597,
                        0.7780271768569946,
                        0.8192700147628784,
                        0.9041582345962524,
                        0.6941971778869629,
                        0.7267225980758667,
                        0.6954777240753174,
                        0.5834787487983704,
                        0.6521179676055908,
                        0.6623525023460388,
                        0.6458594799041748,
                        0.6163865327835083,
                        0.6759651303291321,
                        0.7920626997947693,
                        0.7204975485801697,
                        0.7449030876159668,
                        0.8369148969650269,
                        0.8154228329658508,
                        0.8020825386047363
                    ],
                    [
                        0.04763862490653992,
                        0.19850671291351318,
                        0.058747947216033936,
                        -0.017805665731430054,
                        -0.036362797021865845,
                        -0.20256555080413818,
                        -0.17506049573421478,
                        -0.112820565700531,
                        -0.145725280046463,
                        -0.12093338370323181,
                        -0.1532006859779358,
                        -0.1945410817861557,
                        -0.18124639987945557,
                        -0.18370848894119263,
                        -0.11939892172813416,
                        -0.14166346192359924,
                        -0.16687163710594177,
                        -0.11581772565841675,
                        -0.15751171112060547,
                        -0.26755964756011963
                    ]
                ]
            ],
            "states": [
                [
                    [
                        3453480.0,
                        1.1675143468892202e-05,
                        0.00029440681100822985,
                        672821.0625
                    ],
                    [
                        4107976.0,
                        1.1557735888345633e-05,
                        0.00028164629475213587,
                        683579.125
                    ],
                    [
                        4089152.0,
                        1.1433058716647793e-05,
                        0.00027785348356701434,
                        696568.625
                    ],
                    [
                        3556288.0,
                        1.131914814322954e-05,
                        0.00038381022750400007,
                        634586.1875
                    ],
                    [
                        2583232.0,
                        1.1229288247704972e-05,
                        0.0002961547579616308,
                        661987.4375
                    ],
                    [
                        1912808.0,
                        1.1164392162754666e-05,
                        0.00029962105327285826,
                        693806.25
                    ],
                    [
                        2088016.0,
                        1.1107291356893256e-05,
                        0.00029777659801766276,
                        580816.75
                    ],
                    [
                        2896000.0,
                        1.103698832594091e-05,
                        0.0002728095860220492,
                        525629.9375
                    ],
                    [
                        2564408.0,
                        1.0960944564430974e-05,
                        0.0002930021146312356,
                        619511.5625
                    ],
                    [
                        3921184.0,
                        1.087203600036446e-05,
                        0.0005929499748162925,
                        538834.625
                    ],
                    [
                        2794640.0,
                        1.0781384844449349e-05,
                        0.00017766767996363342,
                        677916.4375
                    ],
                    [
                        4726272.0,
                        1.0681769708753563e-05,
                        0.00018339134112466127,
                        599563.375
                    ],
                    [
                        4927544.0,
                        1.0556481356616132e-05,
                        0.00019205290300305933,
                        583179.3125
                    ],
                    [
                        5944040.0,
                        1.0418904821563046e-05,
                        0.0002024973655352369,
                        603427.0
                    ],
                    [
                        5063656.0,
                        1.0283110896125436e-05,
                        0.0002613598189782351,
                        607061.125
                    ],
                    [
                        5221488.0,
                        1.015944144455716e-05,
                        0.00023075626813806593,
                        620602.0625
                    ],
                    [
                        3421624.0,
                        1.0057716281153262e-05,
                        0.00032322804327122867,
                        608652.25
                    ],
                    [
                        3476648.0,
                        9.978034540836234e-06,
                        0.0002578554267529398,
                        617310.8125
                    ],
                    [
                        3407144.0,
                        9.899765245791059e-06,
                        0.00022438736050389707,
                        706043.875
                    ],
                    [
                        3938560.0,
                        9.817606041906402e-06,
                        0.00038321700412780046,
                        631372.625
                    ]
                ]
            ],
            "actions": [
                [
                    [
                        0.5
                    ],
                    [
                        0.5
                    ],
                    [
                        0.5
                    ],
                    [
                        0.5
                    ],
                    [
                        0.5
                    ],
                    [
                        0.5
                    ],
                    [
                        0.5
                    ],
                    [
                        0.5
                    ],
                    [
                        0.5
                    ],
                    [
                        0.5
                    ],
                    [
                        0.5
                    ],
                    [
                        0.5
                    ],
                    [
                        0.5
                    ],
                    [
                        0.5
                    ],
                    [
                        0.5
                    ],
                    [
                        0.5
                    ],
                    [
                        0.5
                    ],
                    [
                        0.5
                    ],
                    [
                        0.5
                    ],
                    [
                        0.5
                    ]
                ]
            ],
            "returns": [
                [
                    [
                        0.41369158029556274
                    ],
                    [
                        0.41279682517051697
                    ],
                    [
                        0.41188669204711914
                    ],
                    [
                        0.41097697615623474
                    ],
                    [
                        0.41007962822914124
                    ],
                    [
                        0.4092106521129608
                    ],
                    [
                        0.4083682894706726
                    ],
                    [
                        0.4075181484222412
                    ],
                    [
                        0.4066390097141266
                    ],
                    [
                        0.4057706594467163
                    ],
                    [
                        0.40486466884613037
                    ],
                    [
                        0.40398868918418884
                    ],
                    [
                        0.40306612849235535
                    ],
                    [
                        0.4021398723125458
                    ],
                    [
                        0.40119698643684387
                    ],
                    [
                        0.4002683162689209
                    ],
                    [
                        0.39933690428733826
                    ],
                    [
                        0.39844298362731934
                    ],
                    [
                        0.3975476622581482
                    ],
                    [
                        0.3966540992259979
                    ]
                ]
            ],
            "timesteps": [
                [
                    180,
                    181,
                    182,
                    183,
                    184,
                    185,
                    186,
                    187,
                    188,
                    189,
                    190,
                    191,
                    192,
                    193,
                    194,
                    195,
                    196,
                    197,
                    198,
                    199
                ]
            ],
            "labels": [
                [
                    1,
                    1,
                    1,
                    1,
                    1,
                    1,
                    1,
                    1,
                    1,
                    1,
                    1,
                    1,
                    1,
                    1,
                    1,
                    1,
                    1,
                    1,
                    1,
                    1
                ]
            ],
            "CPU Usage": 45.1,
            "RAM Usage": 55.2,
            "GPU Usage": 0.0,
            "VRAM Usage": 355.0,
            "Disk Read Speed (MB/s)": 206042.6337890625,
            "Disk Write Speed (MB/s)": 355227.4072265625
        },
        {
            "step": 1,
            "train_loss": 0.03416489064693451,
            "actions_pred1": [
                [
                    [
                        0.5708920955657959,
                        0.010281980037689209,
                        0.3167818784713745,
                        0.1534951627254486
                    ],
                    [
                        0.5068490505218506,
                        0.188649982213974,
                        0.3705698549747467,
                        0.19624051451683044
                    ],
                    [
                        0.5355700850486755,
                        0.25557518005371094,
                        0.3635593056678772,
                        0.044743090867996216
                    ],
                    [
                        0.50298011302948,
                        0.19696663320064545,
                        0.25033697485923767,
                        0.010846003890037537
                    ],
                    [
                        0.2651711106300354,
                        0.41933977603912354,
                        0.4658236503601074,
                        -0.12006053328514099
                    ],
                    [
                        0.1436922252178192,
                        0.21442803740501404,
                        0.5104806423187256,
                        -0.07768386602401733
                    ],
                    [
                        0.31407883763313293,
                        0.25013434886932373,
                        0.5507507920265198,
                        0.0462770015001297
                    ],
                    [
                        0.5218353867530823,
                        -0.03453144431114197,
                        0.6227652430534363,
                        -0.07526037096977234
                    ],
                    [
                        0.32439541816711426,
                        0.0974198579788208,
                        0.7795781493186951,
                        -0.09533190727233887
                    ],
                    [
                        0.23217901587486267,
                        0.15656256675720215,
                        0.7219797372817993,
                        -0.06019717454910278
                    ],
                    [
                        0.35119202733039856,
                        0.0757882371544838,
                        0.6132190227508545,
                        -0.07951924204826355
                    ],
                    [
                        0.42610305547714233,
                        0.16110149025917053,
                        0.6788846254348755,
                        -0.004020810127258301
                    ],
                    [
                        0.366452693939209,
                        0.1306314766407013,
                        0.6540108323097229,
                        -0.0657082200050354
                    ],
                    [
                        0.27169322967529297,
                        0.00489458441734314,
                        0.6952692866325378,
                        -0.09653586149215698
                    ],
                    [
                        0.22487792372703552,
                        0.05602389574050903,
                        0.6538857817649841,
                        -0.015254586935043335
                    ],
                    [
                        0.17870084941387177,
                        0.07803262770175934,
                        0.6033400893211365,
                        0.11052265763282776
                    ],
                    [
                        0.27161264419555664,
                        0.09958481788635254,
                        0.6685989499092102,
                        0.13122746348381042
                    ],
                    [
                        0.317733496427536,
                        0.11783073842525482,
                        0.7483258247375488,
                        0.15788781642913818
                    ],
                    [
                        0.38092225790023804,
                        0.18313851952552795,
                        0.9554064869880676,
                        0.028200924396514893
                    ],
                    [
                        0.35797813534736633,
                        0.12493467330932617,
                        0.824763298034668,
                        -0.012798488140106201
                    ]
                ]
            ],
            "actions_pred": [
                [
                    [
                        0.5708920955657959,
                        0.5068490505218506,
                        0.5355700850486755,
                        0.50298011302948,
                        0.2651711106300354,
                        0.1436922252178192,
                        0.31407883763313293,
                        0.5218353867530823,
                        0.32439541816711426,
                        0.23217901587486267,
                        0.35119202733039856,
                        0.42610305547714233,
                        0.366452693939209,
                        0.27169322967529297,
                        0.22487792372703552,
                        0.17870084941387177,
                        0.27161264419555664,
                        0.317733496427536,
                        0.38092225790023804,
                        0.35797813534736633
                    ],
                    [
                        0.010281980037689209,
                        0.188649982213974,
                        0.25557518005371094,
                        0.19696663320064545,
                        0.41933977603912354,
                        0.21442803740501404,
                        0.25013434886932373,
                        -0.03453144431114197,
                        0.0974198579788208,
                        0.15656256675720215,
                        0.0757882371544838,
                        0.16110149025917053,
                        0.1306314766407013,
                        0.00489458441734314,
                        0.05602389574050903,
                        0.07803262770175934,
                        0.09958481788635254,
                        0.11783073842525482,
                        0.18313851952552795,
                        0.12493467330932617
                    ],
                    [
                        0.3167818784713745,
                        0.3705698549747467,
                        0.3635593056678772,
                        0.25033697485923767,
                        0.4658236503601074,
                        0.5104806423187256,
                        0.5507507920265198,
                        0.6227652430534363,
                        0.7795781493186951,
                        0.7219797372817993,
                        0.6132190227508545,
                        0.6788846254348755,
                        0.6540108323097229,
                        0.6952692866325378,
                        0.6538857817649841,
                        0.6033400893211365,
                        0.6685989499092102,
                        0.7483258247375488,
                        0.9554064869880676,
                        0.824763298034668
                    ],
                    [
                        0.1534951627254486,
                        0.19624051451683044,
                        0.044743090867996216,
                        0.010846003890037537,
                        -0.12006053328514099,
                        -0.07768386602401733,
                        0.0462770015001297,
                        -0.07526037096977234,
                        -0.09533190727233887,
                        -0.06019717454910278,
                        -0.07951924204826355,
                        -0.004020810127258301,
                        -0.0657082200050354,
                        -0.09653586149215698,
                        -0.015254586935043335,
                        0.11052265763282776,
                        0.13122746348381042,
                        0.15788781642913818,
                        0.028200924396514893,
                        -0.012798488140106201
                    ]
                ]
            ],
            "states": [
                [
                    [
                        5325744.0,
                        3.011092121596448e-05,
                        0.00027277067420072854,
                        851925.625
                    ],
                    [
                        5357600.0,
                        2.9456161428242922e-05,
                        0.00027305487310513854,
                        832487.0625
                    ],
                    [
                        5618240.0,
                        2.881258842535317e-05,
                        0.0002689558023121208,
                        866650.0
                    ],
                    [
                        5764488.0,
                        2.8174086764920503e-05,
                        0.0002797737834043801,
                        885137.0
                    ],
                    [
                        5370632.0,
                        2.7576063075684942e-05,
                        0.00025503398501314223,
                        827897.4375
                    ],
                    [
                        5432896.0,
                        2.7019848857889883e-05,
                        0.00027816780493594706,
                        880666.4375
                    ],
                    [
                        5364840.0,
                        2.6485795387998223e-05,
                        0.00026209698989987373,
                        834819.0
                    ],
                    [
                        5233072.0,
                        2.598174069134984e-05,
                        0.0002851165772881359,
                        880287.1875
                    ],
                    [
                        5114336.0,
                        2.5507837563054636e-05,
                        0.000267517170868814,
                        884475.5
                    ],
                    [
                        5458960.0,
                        2.504124859115109e-05,
                        0.00027258697082288563,
                        833080.1875
                    ],
                    [
                        5170808.0,
                        2.4588902306277305e-05,
                        0.00027191461413167417,
                        830618.8125
                    ],
                    [
                        5131712.0,
                        2.416586175968405e-05,
                        0.00027577357832342386,
                        795031.0
                    ],
                    [
                        5137504.0,
                        2.3758442694088444e-05,
                        0.00027702987426891923,
                        830415.5625
                    ],
                    [
                        5460408.0,
                        2.3352160496870056e-05,
                        0.0002779100905172527,
                        812805.0
                    ],
                    [
                        5332984.0,
                        2.2952330255066045e-05,
                        0.00026160795823670924,
                        784998.0
                    ],
                    [
                        5464752.0,
                        2.256591324112378e-05,
                        0.0002753763983491808,
                        843504.25
                    ],
                    [
                        5461856.0,
                        2.2187881768331863e-05,
                        0.0002731475979089737,
                        901654.0625
                    ],
                    [
                        5571904.0,
                        2.181875788664911e-05,
                        0.0002628508664201945,
                        880942.125
                    ],
                    [
                        5370632.0,
                        2.146460974472575e-05,
                        0.00026417680783197284,
                        856475.0625
                    ],
                    [
                        5508192.0,
                        2.1123838450876065e-05,
                        0.0002805523981805891,
                        865747.5
                    ]
                ]
            ],
            "actions": [
                [
                    [
                        0.75
                    ],
                    [
                        0.75
                    ],
                    [
                        0.75
                    ],
                    [
                        0.75
                    ],
                    [
                        0.75
                    ],
                    [
                        0.75
                    ],
                    [
                        0.75
                    ],
                    [
                        0.75
                    ],
                    [
                        0.75
                    ],
                    [
                        0.75
                    ],
                    [
                        0.75
                    ],
                    [
                        0.75
                    ],
                    [
                        0.75
                    ],
                    [
                        0.75
                    ],
                    [
                        0.75
                    ],
                    [
                        0.75
                    ],
                    [
                        0.75
                    ],
                    [
                        0.75
                    ],
                    [
                        0.75
                    ],
                    [
                        0.75
                    ]
                ]
            ],
            "returns": [
                [
                    [
                        0.34190085530281067
                    ],
                    [
                        0.34096771478652954
                    ],
                    [
                        0.34003403782844543
                    ],
                    [
                        0.3390961289405823
                    ],
                    [
                        0.33815598487854004
                    ],
                    [
                        0.33722206950187683
                    ],
                    [
                        0.33628717064857483
                    ],
                    [
                        0.33535337448120117
                    ],
                    [
                        0.3344217836856842
                    ],
                    [
                        0.3334922194480896
                    ],
                    [
                        0.33255690336227417
                    ],
                    [
                        0.33162635564804077
                    ],
                    [
                        0.3306964933872223
                    ],
                    [
                        0.32976654171943665
                    ],
                    [
                        0.32883119583129883
                    ],
                    [
                        0.32789793610572815
                    ],
                    [
                        0.32696250081062317
                    ],
                    [
                        0.3260270953178406
                    ],
                    [
                        0.3250899612903595
                    ],
                    [
                        0.3241560757160187
                    ]
                ]
            ],
            "timesteps": [
                [
                    260,
                    261,
                    262,
                    263,
                    264,
                    265,
                    266,
                    267,
                    268,
                    269,
                    270,
                    271,
                    272,
                    273,
                    274,
                    275,
                    276,
                    277,
                    278,
                    279
                ]
            ],
            "labels": [
                [
                    2,
                    2,
                    2,
                    2,
                    2,
                    2,
                    2,
                    2,
                    2,
                    2,
                    2,
                    2,
                    2,
                    2,
                    2,
                    2,
                    2,
                    2,
                    2,
                    2
                ]
            ],
            "CPU Usage": 46.6,
            "RAM Usage": 55.4,
            "GPU Usage": 0.0,
            "VRAM Usage": 355.0,
            "Disk Read Speed (MB/s)": 206042.6337890625,
            "Disk Write Speed (MB/s)": 355227.6103515625
        },
        {
            "step": 2,
            "train_loss": 0.0397220216691494,
            "actions_pred1": [
                [
                    [
                        0.48890140652656555,
                        0.10773760080337524,
                        0.676779568195343,
                        0.0484926700592041
                    ],
                    [
                        0.3535909652709961,
                        0.08704851567745209,
                        0.5458213090896606,
                        0.034325405955314636
                    ],
                    [
                        0.27441778779029846,
                        -0.1868608146905899,
                        0.36890581250190735,
                        -0.14562168717384338
                    ],
                    [
                        0.33606192469596863,
                        -0.12545740604400635,
                        0.31795045733451843,
                        -0.21919900178909302
                    ],
                    [
                        0.2985464632511139,
                        -0.09823215007781982,
                        0.4231239855289459,
                        -0.2564806342124939
                    ],
                    [
                        0.19554784893989563,
                        0.046517886221408844,
                        0.5119767785072327,
                        -0.27515146136283875
                    ],
                    [
                        0.3922466039657593,
                        -0.05892305076122284,
                        0.46189701557159424,
                        -0.3238520324230194
                    ],
                    [
                        0.33604058623313904,
                        -0.015833280980587006,
                        0.4469871520996094,
                        -0.32954785227775574
                    ],
                    [
                        0.2939494848251343,
                        0.0867777019739151,
                        0.6869962215423584,
                        -0.3944622874259949
                    ],
                    [
                        0.3831217885017395,
                        0.14176413416862488,
                        0.669581413269043,
                        -0.3315618932247162
                    ],
                    [
                        0.310928612947464,
                        0.03980335593223572,
                        0.6703729629516602,
                        -0.2870904803276062
                    ],
                    [
                        0.3245401382446289,
                        0.06714212149381638,
                        0.5794112682342529,
                        -0.26578933000564575
                    ],
                    [
                        0.34633898735046387,
                        0.09255151450634003,
                        0.5938466191291809,
                        -0.2280615270137787
                    ],
                    [
                        0.3291873633861542,
                        0.1217382475733757,
                        0.6808526515960693,
                        -0.08768412470817566
                    ],
                    [
                        0.3490365147590637,
                        0.0684867575764656,
                        0.6793290972709656,
                        -0.09949618577957153
                    ],
                    [
                        0.3653690814971924,
                        -0.09057961404323578,
                        0.43576687574386597,
                        -0.13364112377166748
                    ],
                    [
                        0.37689322233200073,
                        0.024879954755306244,
                        0.47626906633377075,
                        -0.23659062385559082
                    ],
                    [
                        0.31278619170188904,
                        0.032494932413101196,
                        0.4664820432662964,
                        -0.17947334051132202
                    ],
                    [
                        0.2783818244934082,
                        0.045213647186756134,
                        0.5540304183959961,
                        -0.15930959582328796
                    ],
                    [
                        0.2806711196899414,
                        0.06399791687726974,
                        0.6398184299468994,
                        -0.22911208868026733
                    ]
                ]
            ],
            "actions_pred": [
                [
                    [
                        0.48890140652656555,
                        0.3535909652709961,
                        0.27441778779029846,
                        0.33606192469596863,
                        0.2985464632511139,
                        0.19554784893989563,
