{
    "steps": [
        {
            "step": 0,
            "train_loss": 0.03435848280787468,
            "actions_pred1": [
                [
                    [
                        0.6766308546066284,
                        0.08761187642812729,
                        0.33150148391723633,
                        -0.05358782410621643
                    ],
                    [
                        0.6145055294036865,
                        0.26411357522010803,
                        0.38488900661468506,
                        -0.010371223092079163
                    ],
                    [
                        0.6431642770767212,
                        0.32228028774261475,
                        0.379175066947937,
                        -0.16155119240283966
                    ],
                    [
                        0.6112267374992371,
                        0.26281532645225525,
                        0.26505038142204285,
                        -0.1950729787349701
                    ],
                    [
                        0.3764688968658447,
                        0.4818740785121918,
                        0.48083198070526123,
                        -0.32308128476142883
                    ],
                    [
                        0.25602293014526367,
                        0.27574145793914795,
                        0.5287356972694397,
                        -0.2750615179538727
                    ],
                    [
                        0.4436968266963959,
                        0.30934035778045654,
                        0.5672262907028198,
                        -0.14811697602272034
                    ],
                    [
                        0.6617094874382019,
                        0.037394359707832336,
                        0.6387462019920349,
                        -0.28296977281570435
                    ],
                    [
                        0.46322235465049744,
                        0.17147329449653625,
                        0.7970926761627197,
                        -0.3061147928237915
                    ],
                    [
                        0.3654833137989044,
                        0.22670792043209076,
                        0.7410403490066528,
                        -0.2653770446777344
                    ],
                    [
                        0.48494112491607666,
                        0.14130471646785736,
                        0.6267896890640259,
                        -0.28079986572265625
                    ],
                    [
                        0.5567913055419922,
                        0.22653290629386902,
                        0.6955975890159607,
                        -0.2019667625427246
                    ],
                    [
                        0.4975050687789917,
                        0.19498509168624878,
                        0.6704105734825134,
                        -0.2623509168624878
                    ],
                    [
                        0.40556687116622925,
                        0.06315327435731888,
                        0.70513916015625,
                        -0.29183879494667053
                    ],
                    [
                        0.36269932985305786,
                        0.113043412566185,
                        0.6616564393043518,
                        -0.2115224003791809
                    ],
                    [
                        0.31378424167633057,
                        0.13529756665229797,
                        0.6172183752059937,
                        -0.08471289277076721
                    ],
                    [
                        0.4058004319667816,
                        0.1630285531282425,
                        0.6779215931892395,
                        -0.0641486644744873
                    ],
                    [
                        0.4496912658214569,
                        0.1781364530324936,
                        0.7603192329406738,
                        -0.03421059250831604
                    ],
                    [
                        0.5142050981521606,
                        0.2422158271074295,
                        0.9661489725112915,
                        -0.16211482882499695
                    ],
                    [
                        0.4908245801925659,
                        0.187672421336174,
                        0.8349974751472473,
                        -0.20548906922340393
                    ]
                ]
            ],
            "actions_pred": [
                [
                    [
                        0.6766308546066284,
                        0.6145055294036865,
                        0.6431642770767212,
                        0.6112267374992371,
                        0.3764688968658447,
                        0.25602293014526367,
                        0.4436968266963959,
                        0.6617094874382019,
                        0.46322235465049744,
                        0.3654833137989044,
                        0.48494112491607666,
                        0.5567913055419922,
                        0.4975050687789917,
                        0.40556687116622925,
                        0.36269932985305786,
                        0.31378424167633057,
                        0.4058004319667816,
                        0.4496912658214569,
                        0.5142050981521606,
                        0.4908245801925659
                    ],
                    [
                        0.08761187642812729,
                        0.26411357522010803,
                        0.32228028774261475,
                        0.26281532645225525,
                        0.4818740785121918,
                        0.27574145793914795,
                        0.30934035778045654,
                        0.037394359707832336,
                        0.17147329449653625,
                        0.22670792043209076,
                        0.14130471646785736,
                        0.22653290629386902,
                        0.19498509168624878,
                        0.06315327435731888,
                        0.113043412566185,
                        0.13529756665229797,
                        0.1630285531282425,
                        0.1781364530324936,
                        0.2422158271074295,
                        0.187672421336174
                    ],
                    [
                        0.33150148391723633,
                        0.38488900661468506,
                        0.379175066947937,
                        0.26505038142204285,
                        0.48083198070526123,
                        0.5287356972694397,
                        0.5672262907028198,
                        0.6387462019920349,
                        0.7970926761627197,
                        0.7410403490066528,
                        0.6267896890640259,
                        0.6955975890159607,
                        0.6704105734825134,
                        0.70513916015625,
                        0.6616564393043518,
                        0.6172183752059937,
                        0.6779215931892395,
                        0.7603192329406738,
                        0.9661489725112915,
                        0.8349974751472473
                    ],
                    [
                        -0.05358782410621643,
                        -0.010371223092079163,
                        -0.16155119240283966,
                        -0.1950729787349701,
                        -0.32308128476142883,
                        -0.2750615179538727,
                        -0.14811697602272034,
                        -0.28296977281570435,
                        -0.3061147928237915,
                        -0.2653770446777344,
                        -0.28079986572265625,
                        -0.2019667625427246,
                        -0.2623509168624878,
                        -0.29183879494667053,
                        -0.2115224003791809,
                        -0.08471289277076721,
                        -0.0641486644744873,
                        -0.03421059250831604,
                        -0.16211482882499695,
                        -0.20548906922340393
                    ]
                ]
            ],
            "states": [
                [
                    [
                        5325744.0,
                        3.011092121596448e-05,
                        0.00027277067420072854,
                        851925.625
                    ],
                    [
                        5357600.0,
                        2.9456161428242922e-05,
                        0.00027305487310513854,
                        832487.0625
                    ],
                    [
                        5618240.0,
                        2.881258842535317e-05,
                        0.0002689558023121208,
                        866650.0
                    ],
                    [
                        5764488.0,
                        2.8174086764920503e-05,
                        0.0002797737834043801,
                        885137.0
                    ],
                    [
                        5370632.0,
                        2.7576063075684942e-05,
                        0.00025503398501314223,
                        827897.4375
                    ],
                    [
                        5432896.0,
                        2.7019848857889883e-05,
                        0.00027816780493594706,
                        880666.4375
                    ],
                    [
                        5364840.0,
                        2.6485795387998223e-05,
                        0.00026209698989987373,
                        834819.0
                    ],
                    [
                        5233072.0,
                        2.598174069134984e-05,
                        0.0002851165772881359,
                        880287.1875
                    ],
                    [
                        5114336.0,
                        2.5507837563054636e-05,
                        0.000267517170868814,
                        884475.5
                    ],
                    [
                        5458960.0,
                        2.504124859115109e-05,
                        0.00027258697082288563,
                        833080.1875
                    ],
                    [
                        5170808.0,
                        2.4588902306277305e-05,
                        0.00027191461413167417,
                        830618.8125
                    ],
                    [
                        5131712.0,
                        2.416586175968405e-05,
                        0.00027577357832342386,
                        795031.0
                    ],
                    [
                        5137504.0,
                        2.3758442694088444e-05,
                        0.00027702987426891923,
                        830415.5625
                    ],
                    [
                        5460408.0,
                        2.3352160496870056e-05,
                        0.0002779100905172527,
                        812805.0
                    ],
                    [
                        5332984.0,
                        2.2952330255066045e-05,
                        0.00026160795823670924,
                        784998.0
                    ],
                    [
                        5464752.0,
                        2.256591324112378e-05,
                        0.0002753763983491808,
                        843504.25
                    ],
                    [
                        5461856.0,
                        2.2187881768331863e-05,
                        0.0002731475979089737,
                        901654.0625
                    ],
                    [
                        5571904.0,
                        2.181875788664911e-05,
                        0.0002628508664201945,
                        880942.125
                    ],
                    [
                        5370632.0,
                        2.146460974472575e-05,
                        0.00026417680783197284,
                        856475.0625
                    ],
                    [
                        5508192.0,
                        2.1123838450876065e-05,
                        0.0002805523981805891,
                        865747.5
                    ]
                ]
            ],
            "actions": [
                [
                    [
                        0.75
                    ],
                    [
                        0.75
                    ],
                    [
                        0.75
                    ],
                    [
                        0.75
                    ],
                    [
                        0.75
                    ],
                    [
                        0.75
                    ],
                    [
                        0.75
                    ],
                    [
                        0.75
                    ],
                    [
                        0.75
                    ],
                    [
                        0.75
                    ],
                    [
                        0.75
                    ],
                    [
                        0.75
                    ],
                    [
                        0.75
                    ],
                    [
                        0.75
                    ],
                    [
                        0.75
                    ],
                    [
                        0.75
                    ],
                    [
                        0.75
                    ],
                    [
                        0.75
                    ],
                    [
                        0.75
                    ],
                    [
                        0.75
                    ]
                ]
            ],
            "returns": [
                [
                    [
                        0.34190085530281067
                    ],
                    [
                        0.34096771478652954
                    ],
                    [
                        0.34003403782844543
                    ],
                    [
                        0.3390961289405823
                    ],
                    [
                        0.33815598487854004
                    ],
                    [
                        0.33722206950187683
                    ],
                    [
                        0.33628717064857483
                    ],
                    [
                        0.33535337448120117
                    ],
                    [
                        0.3344217836856842
                    ],
                    [
                        0.3334922194480896
                    ],
                    [
                        0.33255690336227417
                    ],
                    [
                        0.33162635564804077
                    ],
                    [
                        0.3306964933872223
                    ],
                    [
                        0.32976654171943665
                    ],
                    [
                        0.32883119583129883
                    ],
                    [
                        0.32789793610572815
                    ],
                    [
                        0.32696250081062317
                    ],
                    [
                        0.3260270953178406
                    ],
                    [
                        0.3250899612903595
                    ],
                    [
                        0.3241560757160187
                    ]
                ]
            ],
            "timesteps": [
                [
                    260,
                    261,
                    262,
                    263,
                    264,
                    265,
                    266,
                    267,
                    268,
                    269,
                    270,
                    271,
                    272,
                    273,
                    274,
                    275,
                    276,
                    277,
                    278,
                    279
                ]
            ],
            "labels": [
                [
                    2,
                    2,
                    2,
                    2,
                    2,
                    2,
                    2,
                    2,
                    2,
                    2,
                    2,
                    2,
                    2,
                    2,
                    2,
                    2,
                    2,
                    2,
                    2,
                    2
                ]
            ],
            "CPU Usage": 45.1,
            "RAM Usage": 55.2,
            "GPU Usage": 0.0,
            "VRAM Usage": 356.0,
            "Disk Read Speed (MB/s)": 206044.5361328125,
            "Disk Write Speed (MB/s)": 360395.5751953125
        },
        {
            "step": 1,
            "train_loss": 0.02957221306860447,
            "actions_pred1": [
                [
                    [
                        0.4594391882419586,
                        -0.08501742780208588,
                        0.7230982780456543,
                        -0.18901672959327698
                    ],
                    [
                        0.4247366189956665,
                        0.06569202244281769,
                        0.6740404367446899,
                        -0.18886014819145203
                    ],
                    [
                        0.42897018790245056,
                        0.1785338670015335,
                        0.6276423931121826,
                        -0.14162617921829224
                    ],
                    [
                        0.6008652448654175,
                        0.23203107714653015,
                        0.8404747247695923,
                        -0.17433783411979675
                    ],
                    [
                        0.5266671180725098,
                        0.259421706199646,
                        0.8812968730926514,
                        -0.25592872500419617
                    ],
                    [
                        0.2178460657596588,
                        0.044901978224515915,
                        0.860523521900177,
                        -0.20894435048103333
                    ],
                    [
                        0.15448760986328125,
                        0.011957693845033646,
                        0.7773920893669128,
                        -0.27581077814102173
                    ],
                    [
                        0.303780198097229,
                        0.07641220092773438,
                        0.7285418510437012,
                        -0.20319420099258423
                    ],
                    [
                        0.3083862066268921,
                        0.09970982372760773,
                        0.6593012809753418,
                        -0.31201350688934326
                    ],
                    [
                        0.284058153629303,
                        0.13276153802871704,
                        0.6767202019691467,
                        -0.4670445919036865
                    ],
                    [
                        0.3792063891887665,
                        0.031085997819900513,
                        0.5658299326896667,
                        -0.4199431240558624
                    ],
                    [
                        0.3339105248451233,
                        0.12360433489084244,
                        0.7306621670722961,
                        -0.47856318950653076
                    ],
                    [
                        0.36228662729263306,
                        0.10461576282978058,
                        0.8020673990249634,
                        -0.41145509481430054
                    ],
                    [
                        0.419140100479126,
                        -0.0024788305163383484,
                        0.8127996325492859,
                        -0.5334868431091309
                    ],
                    [
                        0.47070470452308655,
                        -0.013342954218387604,
                        0.7418924570083618,
                        -0.45800691843032837
                    ],
                    [
                        0.3566130995750427,
                        0.021234050393104553,
                        0.6385572552680969,
                        -0.48077791929244995
                    ],
                    [
                        0.4290372133255005,
                        0.0662861317396164,
                        0.6981521844863892,
                        -0.34925734996795654
                    ],
                    [
                        0.42094385623931885,
                        0.11370626091957092,
                        0.7374909520149231,
                        -0.4014080762863159
                    ],
                    [
                        0.3998919725418091,
                        0.12592336535453796,
                        0.751374363899231,
                        -0.4908686578273773
                    ],
                    [
                        0.37413567304611206,
                        0.1667560636997223,
                        0.7208454608917236,
                        -0.5052651166915894
                    ]
                ]
            ],
            "actions_pred": [
                [
                    [
                        0.4594391882419586,
                        0.4247366189956665,
                        0.42897018790245056,
                        0.6008652448654175,
                        0.5266671180725098,
                        0.2178460657596588,
                        0.15448760986328125,
                        0.303780198097229,
                        0.3083862066268921,
                        0.284058153629303,
                        0.3792063891887665,
                        0.3339105248451233,
                        0.36228662729263306,
                        0.419140100479126,
                        0.47070470452308655,
                        0.3566130995750427,
                        0.4290372133255005,
                        0.42094385623931885,
                        0.3998919725418091,
                        0.37413567304611206
                    ],
                    [
                        -0.08501742780208588,
                        0.06569202244281769,
                        0.1785338670015335,
                        0.23203107714653015,
                        0.259421706199646,
                        0.044901978224515915,
                        0.011957693845033646,
                        0.07641220092773438,
                        0.09970982372760773,
                        0.13276153802871704,
                        0.031085997819900513,
                        0.12360433489084244,
                        0.10461576282978058,
                        -0.0024788305163383484,
                        -0.013342954218387604,
                        0.021234050393104553,
                        0.0662861317396164,
                        0.11370626091957092,
                        0.12592336535453796,
                        0.1667560636997223
                    ],
                    [
                        0.7230982780456543,
                        0.6740404367446899,
                        0.6276423931121826,
                        0.8404747247695923,
                        0.8812968730926514,
                        0.860523521900177,
                        0.7773920893669128,
                        0.7285418510437012,
                        0.6593012809753418,
                        0.6767202019691467,
                        0.5658299326896667,
                        0.7306621670722961,
                        0.8020673990249634,
                        0.8127996325492859,
                        0.7418924570083618,
                        0.6385572552680969,
                        0.6981521844863892,
                        0.7374909520149231,
                        0.751374363899231,
                        0.7208454608917236
                    ],
                    [
                        -0.18901672959327698,
                        -0.18886014819145203,
                        -0.14162617921829224,
                        -0.17433783411979675,
                        -0.25592872500419617,
                        -0.20894435048103333,
                        -0.27581077814102173,
                        -0.20319420099258423,
                        -0.31201350688934326,
                        -0.4670445919036865,
                        -0.4199431240558624,
                        -0.47856318950653076,
                        -0.41145509481430054,
                        -0.5334868431091309,
                        -0.45800691843032837,
                        -0.48077791929244995,
                        -0.34925734996795654,
                        -0.4014080762863159,
                        -0.4908686578273773,
                        -0.5052651166915894
                    ]
                ]
            ],
            "states": [
                [
                    [
                        5583488.0,
                        1.565206184750423e-05,
                        0.00026454709586687386,
                        777972.9375
                    ],
                    [
                        4978224.0,
                        1.5359531971625984e-05,
                        0.0002797465131152421,
                        855686.3125
                    ],
                    [
                        5334432.0,
                        1.5084374354046304e-05,
                        0.00027696648612618446,
                        816815.875
                    ],
                    [
                        5159224.0,
                        1.4814246242167428e-05,
                        0.0002747685939539224,
                        799861.375
                    ],
                    [
                        5513984.0,
                        1.4549360457749572e-05,
                        0.000255326071055606,
                        807912.1875
                    ],
                    [
                        5082480.0,
                        1.4295442269940395e-05,
                        0.0002729953557718545,
                        779605.9375
                    ],
                    [
                        5376424.0,
                        1.4053456652618479e-05,
                        0.00026464968686923385,
                        853596.25
                    ],
                    [
                        5073792.0,
                        1.3819644664181396e-05,
                        0.000260901142610237,
                        865763.5
                    ],
                    [
                        5425656.0,
                        1.3592515642812941e-05,
                        0.00026091569452546537,
                        896600.0
                    ],
                    [
                        5301128.0,
                        1.3368029613047838e-05,
                        0.00027603365015238523,
                        844597.4375
                    ],
                    [
                        5346016.0,
                        1.3152442988939583e-05,
                        0.0002529293124098331,
                        839011.5
                    ],
                    [
                        5652992.0,
                        1.2936916391481645e-05,
                        0.0002769185812212527,
                        874385.5625
                    ],
                    [
                        5185288.0,
                        1.2731260540022049e-05,
                        0.0002480096882209182,
                        820181.0625
                    ],
                    [
                        5438688.0,
                        1.2536010217445437e-05,
                        0.00027678909827955067,
                        838090.6875
                    ],
                    [
                        5221488.0,
                        1.2345956747594755e-05,
                        0.0002834639744833112,
                        979366.25
                    ],
                    [
                        5306920.0,
                        1.2163849532953463e-05,
                        0.00027035834500566125,
                        858373.0
                    ],
                    [
                        5419864.0,
                        1.1983782314928249e-05,
                        0.0002671718248166144,
                        825702.5
                    ],
                    [
                        5708016.0,
                        1.1802524568338413e-05,
                        0.00027032653451897204,
                        851358.6875
                    ],
                    [
                        5637064.0,
                        1.1623262253124267e-05,
                        0.0002656110445968807,
                        872734.375
                    ],
                    [
                        5471992.0,
                        1.1452919352450408e-05,
                        0.0002651966060511768,
                        865487.25
                    ]
                ]
            ],
            "actions": [
                [
                    [
                        0.75
                    ],
                    [
                        0.75
                    ],
                    [
                        0.75
                    ],
                    [
                        0.75
                    ],
                    [
                        0.75
                    ],
                    [
                        0.75
                    ],
                    [
                        0.75
                    ],
                    [
                        0.75
                    ],
                    [
                        0.75
                    ],
                    [
                        0.75
                    ],
                    [
                        0.75
                    ],
                    [
                        0.75
                    ],
                    [
                        0.75
                    ],
                    [
                        0.75
                    ],
                    [
                        0.75
                    ],
                    [
                        0.75
                    ],
                    [
                        0.75
                    ],
                    [
                        0.75
                    ],
                    [
                        0.75
                    ],
                    [
                        0.75
                    ]
                ]
            ],
            "returns": [
                [
                    [
                        0.5428837537765503
                    ],
                    [
                        0.5419464111328125
                    ],
                    [
                        0.5410192608833313
                    ],
                    [
                        0.5400859713554382
                    ],
                    [
                        0.5391556620597839
                    ],
                    [
                        0.5382193922996521
                    ],
                    [
                        0.5372903943061829
                    ],
                    [
                        0.5363564491271973
                    ],
                    [
                        0.5354275703430176
                    ],
                    [
                        0.5344927906990051
                    ],
                    [
                        0.533560037612915
                    ],
                    [
                        0.5326265692710876
                    ],
                    [
                        0.5316881537437439
                    ],
                    [
                        0.5307573676109314
                    ],
                    [
                        0.5298223495483398
                    ],
                    [
                        0.5288909673690796
                    ],
                    [
                        0.5279580950737
                    ],
                    [
                        0.527023434638977
                    ],
                    [
                        0.5260841250419617
                    ],
                    [
                        0.525145947933197
                    ]
                ]
            ],
            "timesteps": [
                [
                    40,
                    41,
                    42,
                    43,
                    44,
                    45,
                    46,
                    47,
                    48,
                    49,
                    50,
                    51,
                    52,
                    53,
                    54,
                    55,
                    56,
                    57,
                    58,
                    59
                ]
            ],
            "labels": [
                [
                    2,
                    2,
                    2,
                    2,
                    2,
                    2,
                    2,
                    2,
                    2,
                    2,
                    2,
                    2,
                    2,
                    2,
                    2,
                    2,
                    2,
                    2,
                    2,
                    2
                ]
            ],
            "CPU Usage": 46.7,
            "RAM Usage": 55.3,
            "GPU Usage": 0.0,
            "VRAM Usage": 356.0,
            "Disk Read Speed (MB/s)": 206044.5361328125,
            "Disk Write Speed (MB/s)": 360397.1337890625
        },
        {
            "step": 2,
            "train_loss": 0.032508086413145065,
            "actions_pred1": [
                [
                    [
                        0.5474618673324585,
                        0.1413765549659729,
                        0.496429443359375,
                        -0.3291515111923218
                    ],
                    [
                        0.3016902804374695,
                        0.4321480095386505,
                        0.6595466732978821,
                        -0.5233285427093506
                    ],
                    [
                        0.4463545083999634,
                        0.19867508113384247,
                        0.742863655090332,
                        -0.30481377243995667
                    ],
                    [
                        0.6717478632926941,
                        -0.10868430137634277,
                        0.46855902671813965,
                        -0.7281999588012695
                    ],
                    [
                        0.37493813037872314,
                        0.1548278033733368,
                        0.37378281354904175,
                        -0.29423728585243225
                    ],
                    [
                        0.3590804934501648,
                        0.24691350758075714,
                        0.5623613595962524,
                        -0.4225527048110962
                    ],
                    [
                        0.36581647396087646,
                        0.30285894870758057,
                        0.5173078775405884,
                        -0.3535864055156708
                    ],
                    [
                        0.2578732669353485,
                        0.18167802691459656,
                        0.493408739566803,
                        -0.3382059931755066
                    ],
                    [
                        0.029815152287483215,
                        0.26850035786628723,
                        0.5369092226028442,
                        -0.19299350678920746
                    ],
                    [
                        -0.0005533769726753235,
                        0.1951104700565338,
                        0.5738312005996704,
                        -0.23223543167114258
                    ],
                    [
                        0.06242634356021881,
                        0.28489553928375244,
                        0.4770658016204834,
                        -0.2485436052083969
                    ],
                    [
                        -0.01593397557735443,
                        0.2694908082485199,
                        0.4829644560813904,
                        -0.3302129805088043
                    ],
                    [
                        -0.18181753158569336,
                        0.18157503008842468,
                        0.6681609749794006,
                        -0.43607085943222046
                    ],
                    [
                        0.08696902543306351,
                        0.16488780081272125,
                        0.7058250308036804,
                        -0.3074156939983368
                    ],
                    [
                        0.11438781768083572,
                        0.12240615487098694,
                        0.5680257081985474,
                        -0.33599284291267395
                    ],
                    [
                        -0.03834462910890579,
                        0.1220473051071167,
                        0.5428234338760376,
                        -0.3463971018791199
                    ],
                    [
                        0.05472172796726227,
                        0.281019002199173,
                        0.6180485486984253,
                        -0.2451753318309784
                    ],
                    [
                        0.07512860000133514,
                        0.2834896743297577,
                        0.6397904753684998,
                        -0.27792415022850037
                    ],
                    [
                        0.09384384751319885,
                        0.3340315520763397,
                        0.5492092370986938,
                        -0.20908242464065552
                    ],
                    [
                        0.18372127413749695,
                        0.3601875603199005,
                        0.5816445350646973,
                        -0.20673856139183044
                    ]
                ]
            ],
            "actions_pred": [
                [
                    [
                        0.5474618673324585,
                        0.3016902804374695,
                        0.4463545083999634,
                        0.6717478632926941,
                        0.37493813037872314,
                        0.3590804934501648,
                        0.36581647396087646,
                        0.2578732669353485,
