{
    "steps": [
        {
            "step": 0,
            "train_loss": 0.018902994692325592,
            "actions_pred1": [
                [
                    [
                        0.2709965109825134,
                        2.6068124771118164,
                        3.4878439903259277,
                        -5.446107387542725
                    ],
                    [
                        1.004649043083191,
                        2.6076250076293945,
                        4.21970796585083,
                        -5.862634181976318
                    ],
                    [
                        1.18403959274292,
                        2.7661900520324707,
                        3.9981930255889893,
                        -6.164548873901367
                    ],
                    [
                        1.0770550966262817,
                        2.8125743865966797,
                        3.616955280303955,
                        -6.2421956062316895
                    ],
                    [
                        0.9853026866912842,
                        3.3752853870391846,
                        3.0542759895324707,
                        -6.475720405578613
                    ],
                    [
                        1.112380027770996,
                        3.5740678310394287,
                        3.103501081466675,
                        -6.608788013458252
                    ],
                    [
                        1.346248984336853,
                        3.6725847721099854,
                        2.8951947689056396,
                        -6.529262542724609
                    ],
                    [
                        1.3825379610061646,
                        3.4381980895996094,
                        2.8337860107421875,
                        -6.530649662017822
                    ],
                    [
                        1.314881682395935,
                        3.723220109939575,
                        2.869771957397461,
                        -6.610021114349365
                    ],
                    [
                        1.0595982074737549,
                        3.820833683013916,
                        2.7817137241363525,
                        -6.739333152770996
                    ],
                    [
                        0.8865840435028076,
                        3.7143263816833496,
                        3.3796117305755615,
                        -6.619205474853516
                    ],
                    [
                        0.8825212717056274,
                        3.706357955932617,
                        3.521848201751709,
                        -6.58084774017334
                    ],
                    [
                        1.0447711944580078,
                        3.813081741333008,
                        3.686753988265991,
                        -6.6190972328186035
                    ],
                    [
                        0.946075975894928,
                        3.7551627159118652,
                        3.641141176223755,
                        -6.854693412780762
                    ],
                    [
                        1.0502433776855469,
                        3.825843334197998,
                        3.60884952545166,
                        -6.803126811981201
                    ],
                    [
                        0.9580870270729065,
                        3.8602499961853027,
                        3.4362175464630127,
                        -6.626344680786133
                    ],
                    [
                        1.0131347179412842,
                        3.923677921295166,
                        3.241590738296509,
                        -6.548110008239746
                    ],
                    [
                        1.102992057800293,
                        3.7782790660858154,
                        3.2371842861175537,
                        -6.6755781173706055
                    ],
                    [
                        1.3125665187835693,
                        3.715348720550537,
                        3.326794147491455,
                        -6.858815670013428
                    ],
                    [
                        1.2588653564453125,
                        3.786149024963379,
                        3.313570737838745,
                        -6.742438316345215
                    ]
                ]
            ],
            "actions_pred": [
                [
                    [
                        0.2709965109825134,
                        1.004649043083191,
                        1.18403959274292,
                        1.0770550966262817,
                        0.9853026866912842,
                        1.112380027770996,
                        1.346248984336853,
                        1.3825379610061646,
                        1.314881682395935,
                        1.0595982074737549,
                        0.8865840435028076,
                        0.8825212717056274,
                        1.0447711944580078,
                        0.946075975894928,
                        1.0502433776855469,
                        0.9580870270729065,
                        1.0131347179412842,
                        1.102992057800293,
                        1.3125665187835693,
                        1.2588653564453125
                    ],
                    [
                        2.6068124771118164,
                        2.6076250076293945,
                        2.7661900520324707,
                        2.8125743865966797,
                        3.3752853870391846,
                        3.5740678310394287,
                        3.6725847721099854,
                        3.4381980895996094,
                        3.723220109939575,
                        3.820833683013916,
                        3.7143263816833496,
                        3.706357955932617,
                        3.813081741333008,
                        3.7551627159118652,
                        3.825843334197998,
                        3.8602499961853027,
                        3.923677921295166,
                        3.7782790660858154,
                        3.715348720550537,
                        3.786149024963379
                    ],
                    [
                        3.4878439903259277,
                        4.21970796585083,
                        3.9981930255889893,
                        3.616955280303955,
                        3.0542759895324707,
                        3.103501081466675,
                        2.8951947689056396,
                        2.8337860107421875,
                        2.869771957397461,
                        2.7817137241363525,
                        3.3796117305755615,
                        3.521848201751709,
                        3.686753988265991,
                        3.641141176223755,
                        3.60884952545166,
                        3.4362175464630127,
                        3.241590738296509,
                        3.2371842861175537,
                        3.326794147491455,
                        3.313570737838745
                    ],
                    [
                        -5.446107387542725,
                        -5.862634181976318,
                        -6.164548873901367,
                        -6.2421956062316895,
                        -6.475720405578613,
                        -6.608788013458252,
                        -6.529262542724609,
                        -6.530649662017822,
                        -6.610021114349365,
                        -6.739333152770996,
                        -6.619205474853516,
                        -6.58084774017334,
                        -6.6190972328186035,
                        -6.854693412780762,
                        -6.803126811981201,
                        -6.626344680786133,
                        -6.548110008239746,
                        -6.6755781173706055,
                        -6.858815670013428,
                        -6.742438316345215
                    ]
                ]
            ],
            "states": [
                [
                    [
                        5847024.0,
                        7.17427474228316e-06,
                        0.0002797465131152421,
                        862261.25
                    ],
                    [
                        5130264.0,
                        7.109771104296669e-06,
                        0.00027696648612618446,
                        791462.9375
                    ],
                    [
                        5460408.0,
                        7.0486535150848795e-06,
                        0.0002747685939539224,
                        848104.9375
                    ],
                    [
                        5159224.0,
                        6.988396307860967e-06,
                        0.000255326071055606,
                        826896.4375
                    ],
                    [
                        5280856.0,
                        6.9301599978643935e-06,
                        0.0002729953557718545,
                        850071.375
                    ],
                    [
                        5415520.0,
                        6.871501227578847e-06,
                        0.00026464968686923385,
                        894284.875
                    ],
                    [
                        5138952.0,
                        6.81457140672137e-06,
                        0.000260901142610237,
                        824406.5
                    ],
                    [
                        5364840.0,
                        6.758851213817252e-06,
                        0.00026091569452546537,
                        837380.25
                    ],
                    [
                        8605643.0,
                        0.0036125751212239265,
                        0.0002766261750366539,
                        462352.0625
                    ],
                    [
                        10015816.0,
                        0.00033437556703574955,
                        0.00026207882910966873,
                        482968.0625
                    ],
                    [
                        7806168.0,
                        0.00019468956452328712,
                        0.00027697221958078444,
                        473153.5
                    ],
                    [
                        6004856.0,
                        0.00014804340025875717,
                        0.00037561735371127725,
                        563905.9375
                    ],
                    [
                        3835752.0,
                        0.00012653775047510862,
                        0.000348972505889833,
                        546822.625
                    ],
                    [
                        693592.0,
                        0.00011859468213515356,
                        0.000344088242854923,
                        536207.0
                    ],
                    [
                        1136680.0,
                        0.00011570940841920674,
                        0.00030916635296307504,
                        532932.75
                    ],
                    [
                        755856.0,
                        0.0001128598305513151,
                        0.00029186115716584027,
                        668301.125
                    ],
                    [
                        573408.0,
                        0.00011094257206423208,
                        0.00031188191496767104,
                        741689.6875
                    ],
                    [
                        432952.0,
                        0.0001095341140171513,
                        0.0003927450452465564,
                        678985.1875
                    ],
                    [
                        1216320.0,
                        0.00010730996291385964,
                        0.00034627493005245924,
                        618105.1875
                    ],
                    [
                        4131144.0,
                        0.00010072957229567692,
                        0.00028098482289351523,
                        571491.4375
                    ]
                ]
            ],
            "actions": [
                [
                    [
                        0.75
                    ],
                    [
                        0.75
                    ],
                    [
                        0.75
                    ],
                    [
                        0.75
                    ],
                    [
                        0.75
                    ],
                    [
                        0.75
                    ],
                    [
                        0.75
                    ],
                    [
                        0.75
                    ],
                    [
                        0.5
                    ],
                    [
                        0.5
                    ],
                    [
                        0.5
                    ],
                    [
                        0.5
                    ],
                    [
                        0.5
                    ],
                    [
                        0.5
                    ],
                    [
                        0.5
                    ],
                    [
                        0.5
                    ],
                    [
                        0.5
                    ],
                    [
                        0.5
                    ],
                    [
                        0.5
                    ],
                    [
                        0.5
                    ]
                ]
            ],
            "returns": [
                [
                    [
                        0.48685410618782043
                    ],
                    [
                        0.4859126806259155
                    ],
                    [
                        0.48498284816741943
                    ],
                    [
                        0.4840475022792816
                    ],
                    [
                        0.48311716318130493
                    ],
                    [
                        0.4821847677230835
                    ],
                    [
                        0.481250137090683
                    ],
                    [
                        0.48032015562057495
                    ],
                    [
                        0.4793863594532013
                    ],
                    [
                        0.47841066122055054
                    ],
                    [
                        0.47742152214050293
                    ],
                    [
                        0.4764544665813446
                    ],
                    [
                        0.47551068663597107
                    ],
                    [
                        0.47460663318634033
                    ],
                    [
                        0.4738542139530182
                    ],
                    [
                        0.47305798530578613
                    ],
                    [
                        0.4722979664802551
                    ],
                    [
                        0.47156238555908203
                    ],
                    [
                        0.47085174918174744
                    ],
                    [
                        0.47004953026771545
                    ]
                ]
            ],
            "timesteps": [
                [
                    100,
                    101,
                    102,
                    103,
                    104,
                    105,
                    106,
                    107,
                    108,
                    109,
                    110,
                    111,
                    112,
                    113,
                    114,
                    115,
                    116,
                    117,
                    118,
                    119
                ]
            ],
            "labels": [
                [
                    2,
                    2,
                    2,
                    2,
                    2,
                    2,
                    2,
                    2,
                    1,
                    1,
                    1,
                    1,
                    1,
                    1,
                    1,
                    1,
                    1,
                    1,
                    1,
                    1
                ]
            ],
            "CPU Usage": 45.1,
            "RAM Usage": 55.0,
            "GPU Usage": 0.0,
            "VRAM Usage": 355.0,
            "Disk Read Speed (MB/s)": 206647.0810546875,
            "Disk Write Speed (MB/s)": 422887.2744140625
        },
        {
            "step": 1,
            "train_loss": 0.007147973868995905,
            "actions_pred1": [
                [
                    [
                        1.6068823337554932,
                        0.49226635694503784,
                        0.9848917722702026,
                        -3.50763201713562
                    ],
                    [
                        1.6959538459777832,
                        0.5537561774253845,
                        0.9409602880477905,
                        -3.728102207183838
                    ],
                    [
                        1.7876152992248535,
                        0.4885975122451782,
                        1.149006962776184,
                        -3.406766414642334
                    ],
                    [
                        2.1403210163116455,
                        0.30243220925331116,
                        1.2362562417984009,
                        -3.5825562477111816
                    ],
                    [
                        2.7010841369628906,
                        0.2150326818227768,
                        1.4121042490005493,
                        -4.591502666473389
                    ],
                    [
                        3.4332072734832764,
                        0.5051995515823364,
                        0.9415605068206787,
                        -6.017951011657715
                    ],
                    [
                        3.524869441986084,
                        0.740865170955658,
                        1.0104308128356934,
                        -5.756726264953613
                    ],
                    [
                        3.7757043838500977,
                        0.868749737739563,
                        1.3830270767211914,
                        -5.50466251373291
                    ],
                    [
                        4.180837154388428,
                        0.9969232082366943,
                        1.388282060623169,
                        -5.410307884216309
                    ],
                    [
                        4.153073310852051,
                        0.6844332218170166,
                        1.796053171157837,
                        -5.0181684494018555
                    ],
                    [
                        4.141242027282715,
                        0.520541250705719,
                        1.9408519268035889,
                        -5.206705093383789
                    ],
                    [
                        4.329070568084717,
                        0.602529764175415,
                        1.8784099817276,
                        -5.423464298248291
                    ],
                    [
                        4.375714302062988,
                        0.44154784083366394,
                        1.872331142425537,
                        -5.3791399002075195
                    ],
                    [
                        4.251115322113037,
                        0.3996787667274475,
                        1.88942551612854,
                        -5.448140621185303
                    ],
                    [
                        4.260727405548096,
                        0.5026742219924927,
                        1.994585633277893,
                        -5.903284549713135
                    ],
                    [
                        4.406216621398926,
                        0.3806183934211731,
                        2.4168970584869385,
                        -6.058170795440674
                    ],
                    [
                        4.4857707023620605,
                        0.27359136939048767,
                        2.238595485687256,
                        -6.057526111602783
                    ],
                    [
                        4.259173393249512,
                        0.6440974473953247,
                        2.4727091789245605,
                        -6.026121139526367
                    ],
                    [
                        4.323439121246338,
                        0.5439989566802979,
                        2.4751012325286865,
                        -6.0258989334106445
                    ],
                    [
                        4.084214687347412,
                        0.45849090814590454,
                        2.6849873065948486,
                        -5.885885715484619
                    ]
                ]
            ],
            "actions_pred": [
                [
                    [
                        1.6068823337554932,
                        1.6959538459777832,
                        1.7876152992248535,
                        2.1403210163116455,
                        2.7010841369628906,
                        3.4332072734832764,
                        3.524869441986084,
                        3.7757043838500977,
                        4.180837154388428,
                        4.153073310852051,
                        4.141242027282715,
                        4.329070568084717,
                        4.375714302062988,
                        4.251115322113037,
                        4.260727405548096,
                        4.406216621398926,
                        4.4857707023620605,
                        4.259173393249512,
                        4.323439121246338,
                        4.084214687347412
                    ],
                    [
                        0.49226635694503784,
                        0.5537561774253845,
                        0.4885975122451782,
                        0.30243220925331116,
                        0.2150326818227768,
                        0.5051995515823364,
                        0.740865170955658,
                        0.868749737739563,
                        0.9969232082366943,
                        0.6844332218170166,
                        0.520541250705719,
                        0.602529764175415,
                        0.44154784083366394,
                        0.3996787667274475,
                        0.5026742219924927,
                        0.3806183934211731,
                        0.27359136939048767,
                        0.6440974473953247,
                        0.5439989566802979,
                        0.45849090814590454
                    ],
                    [
                        0.9848917722702026,
                        0.9409602880477905,
                        1.149006962776184,
                        1.2362562417984009,
                        1.4121042490005493,
                        0.9415605068206787,
                        1.0104308128356934,
                        1.3830270767211914,
                        1.388282060623169,
                        1.796053171157837,
                        1.9408519268035889,
                        1.8784099817276,
                        1.872331142425537,
                        1.88942551612854,
                        1.994585633277893,
                        2.4168970584869385,
                        2.238595485687256,
                        2.4727091789245605,
                        2.4751012325286865,
                        2.6849873065948486
                    ],
                    [
                        -3.50763201713562,
                        -3.728102207183838,
                        -3.406766414642334,
                        -3.5825562477111816,
                        -4.591502666473389,
                        -6.017951011657715,
                        -5.756726264953613,
                        -5.50466251373291,
                        -5.410307884216309,
                        -5.0181684494018555,
                        -5.206705093383789,
                        -5.423464298248291,
                        -5.3791399002075195,
                        -5.448140621185303,
                        -5.903284549713135,
                        -6.058170795440674,
                        -6.057526111602783,
                        -6.026121139526367,
                        -6.0258989334106445,
                        -5.885885715484619
                    ]
                ]
            ],
            "states": [
                [
                    [
                        10534200.0,
                        2.6509645977057517e-05,
                        0.00013993013999424875,
                        443834.40625
                    ],
                    [
                        10761536.0,
                        2.5514371372992173e-05,
                        0.0001420098269591108,
                        437980.875
                    ],
                    [
                        9713184.0,
                        2.462484007992316e-05,
                        0.00013746164040639997,
                        438923.15625
                    ],
                    [
                        11058376.0,
                        2.37847361859167e-05,
                        0.00013166402641218156,
                        442931.21875
                    ],
                    [
                        10751400.0,
                        2.2961492504691705e-05,
                        0.00014091107004787773,
                        432700.84375
                    ],
                    [
                        10246048.0,
                        2.2220945538720116e-05,
                        0.0001376972795696929,
                        435969.53125
                    ],
                    [
                        9969480.0,
                        2.1551775716943666e-05,
                        0.00013403889897745103,
                        440537.53125
                    ],
                    [
                        10251840.0,
                        2.0921770556014962e-05,
                        0.00014748213288839906,
                        443483.875
                    ],
                    [
                        10121520.0,
                        2.0323142962297425e-05,
                        0.00013067024701740593,
                        443831.96875
                    ],
                    [
                        9543768.0,
                        1.977682586584706e-05,
                        0.00013482528447639197,
                        439055.96875
                    ],
                    [
                        8799496.0,
                        1.9293054720037617e-05,
                        0.00013897643657401204,
                        475444.21875
                    ],
                    [
                        9742144.0,
                        1.8827833628165536e-05,
                        0.00014449551235884428,
                        446623.25
                    ],
                    [
                        9966584.0,
                        1.835721377574373e-05,
                        0.00014116551028564572,
                        435027.78125
                    ],
                    [
                        9815992.0,
                        1.7907843357534148e-05,
                        0.0001414243597537279,
                        434458.03125
                    ],
                    [
                        10637008.0,
                        1.7465919881942682e-05,
                        0.00015197490574792027,
                        447300.9375
                    ],
                    [
                        9175976.0,
                        1.705779868643731e-05,
                        0.00016332330415025353,
                        457786.65625
                    ],
                    [
                        9695808.0,
                        1.6686690287315287e-05,
                        0.00014966299931984395,
                        442052.53125
                    ],
                    [
                        10571848.0,
                        1.6305739336530678e-05,
                        0.0001437981118215248,
                        454590.5
                    ],
                    [
                        9242584.0,
                        1.5949490261846222e-05,
                        0.0001480604405514896,
                        454658.375
                    ],
                    [
                        10438632.0,
                        1.5611025446560234e-05,
                        0.00013623677659779787,
                        451379.625
                    ]
                ]
            ],
            "actions": [
                [
                    [
                        0.25
                    ],
                    [
                        0.25
                    ],
                    [
                        0.25
                    ],
                    [
                        0.25
                    ],
                    [
                        0.25
                    ],
                    [
                        0.25
                    ],
                    [
                        0.25
                    ],
                    [
                        0.25
                    ],
                    [
                        0.25
                    ],
                    [
                        0.25
                    ],
                    [
                        0.25
                    ],
                    [
                        0.25
                    ],
                    [
                        0.25
                    ],
                    [
                        0.25
                    ],
                    [
                        0.25
                    ],
                    [
                        0.25
                    ],
                    [
                        0.25
                    ],
                    [
                        0.25
                    ],
                    [
                        0.25
                    ],
                    [
                        0.25
                    ]
                ]
            ],
            "returns": [
                [
                    [
                        0.2667037844657898
                    ],
                    [
                        0.26571014523506165
                    ],
                    [
                        0.26471462845802307
                    ],
                    [
                        0.26372823119163513
                    ],
                    [
                        0.26273030042648315
                    ],
                    [
                        0.26173487305641174
                    ],
                    [
                        0.2607437074184418
                    ],
                    [
                        0.2597549855709076
                    ],
                    [
                        0.25876376032829285
                    ],
                    [
                        0.2577736973762512
                    ],
                    [
                        0.25678882002830505
                    ],
                    [
                        0.2558111548423767
                    ],
                    [
                        0.2548244595527649
                    ],
                    [
                        0.2538357675075531
                    ],
                    [
                        0.25284841656684875
                    ],
                    [
                        0.25185394287109375
                    ],
                    [
                        0.25087255239486694
                    ],
                    [
                        0.24988628923892975
                    ],
                    [
                        0.24889235198497772
                    ],
                    [
                        0.24791033565998077
                    ]
                ]
            ],
            "timesteps": [
                [
                    340,
                    341,
                    342,
                    343,
                    344,
                    345,
                    346,
                    347,
                    348,
                    349,
                    350,
                    351,
                    352,
                    353,
                    354,
                    355,
                    356,
                    357,
                    358,
                    359
                ]
            ],
            "labels": [
                [
                    0,
                    0,
                    0,
                    0,
                    0,
                    0,
                    0,
                    0,
                    0,
                    0,
                    0,
                    0,
                    0,
                    0,
                    0,
                    0,
                    0,
                    0,
                    0,
                    0
                ]
            ],
            "CPU Usage": 46.7,
            "RAM Usage": 55.1,
            "GPU Usage": 0.0,
            "VRAM Usage": 355.0,
            "Disk Read Speed (MB/s)": 206647.0810546875,
            "Disk Write Speed (MB/s)": 422887.4541015625
        },
        {
            "step": 2,
            "train_loss": 0.013730062171816826,
            "actions_pred1": [
                [
                    [
                        0.8515379428863525,
                        -0.08524368703365326,
                        3.4751994609832764,
                        -4.849184989929199
                    ],
                    [
                        1.0045732259750366,
                        -0.038251832127571106,
                        3.0040359497070312,
                        -5.363586902618408
                    ],
                    [
                        1.4093773365020752,
                        0.368677020072937,
                        2.9943411350250244,
                        -5.804651260375977
                    ],
                    [
                        1.5284894704818726,
                        0.32515212893486023,
                        3.0487027168273926,
                        -5.6816229820251465
                    ],
                    [
                        1.4589053392410278,
                        0.6771928071975708,
                        3.2046756744384766,
                        -5.5201191902160645
                    ],
                    [
                        1.7138056755065918,
                        0.980878472328186,
                        3.1596381664276123,
                        -5.924554347991943
                    ],
                    [
                        2.0395517349243164,
                        1.1849970817565918,
                        3.136077642440796,
                        -5.890786170959473
                    ],
                    [
                        2.493539333343506,
                        1.3569265604019165,
                        3.2941513061523438,
                        -6.021289825439453
                    ],
                    [
                        2.411240339279175,
                        1.2189384698867798,
                        3.354806423187256,
                        -6.209439277648926
                    ],
                    [
                        2.5531015396118164,
                        1.2954771518707275,
                        3.345763921737671,
                        -6.3725738525390625
                    ],
                    [
                        2.6893279552459717,
                        1.2629618644714355,
                        3.2053210735321045,
                        -6.320756912231445
                    ],
                    [
                        2.743420124053955,
                        0.9739992618560791,
                        3.2011592388153076,
                        -6.463364601135254
                    ],
                    [
                        3.1632416248321533,
                        0.7419193983078003,
                        3.09006929397583,
                        -6.451241493225098
                    ],
                    [
                        3.198108673095703,
                        0.9349685907363892,
                        3.0720889568328857,
                        -6.512656211853027
                    ],
                    [
                        3.4541866779327393,
                        0.8435571193695068,
                        3.0968945026397705,
                        -6.574481010437012
                    ],
                    [
                        3.525838851928711,
                        0.9171155691146851,
                        3.209317684173584,
                        -6.617912292480469
                    ],
                    [
                        3.4500837326049805,
                        0.8812218904495239,
                        3.0142910480499268,
                        -6.449984550476074
                    ],
                    [
                        3.5737106800079346,
                        0.829558253288269,
                        3.08626127243042,
                        -6.677602767944336
                    ],
                    [
                        3.5655486583709717,
                        0.7764202952384949,
                        3.137336492538452,
                        -6.736027240753174
                    ],
                    [
                        3.64975643157959,
                        0.8280652165412903,
                        3.170982837677002,
                        -6.725965976715088
                    ]
                ]
            ],
            "actions_pred": [
                [
                    [
                        0.8515379428863525,
                        1.0045732259750366,
                        1.4093773365020752,
                        1.5284894704818726,
                        1.4589053392410278,
                        1.7138056755065918,
                        2.0395517349243164,
                        2.493539333343506,
                        2.411240339279175,
                        2.5531015396118164,
                        2.6893279552459717,
                        2.743420124053955,
                        3.1632416248321533,
                        3.198108673095703,
                        3.4541866779327393,
