{
    "steps": [
        {
            "step": 0,
            "train_loss": 0.045964136719703674,
            "actions_pred1": [
                [
                    [
                        0.33714962005615234,
                        0.23273128271102905,
                        0.675108790397644,
                        -0.4492861032485962
                    ],
                    [
                        0.30525723099708557,
                        0.3904173970222473,
                        0.616578221321106,
                        -0.21716976165771484
                    ],
                    [
                        0.2026226967573166,
                        0.31157034635543823,
                        0.34062668681144714,
                        -0.08609893918037415
                    ],
                    [
                        0.1722038835287094,
                        0.29814958572387695,
                        0.331447035074234,
                        -0.16898268461227417
                    ],
                    [
                        0.28451478481292725,
                        0.2483976185321808,
                        0.5138964653015137,
                        -0.32947930693626404
                    ],
                    [
                        0.21389292180538177,
                        0.30381113290786743,
                        0.6788126230239868,
                        -0.31024670600891113
                    ],
                    [
                        0.14618398249149323,
                        0.25787538290023804,
                        0.7815974950790405,
                        -0.4030427932739258
                    ],
                    [
                        -0.04928084462881088,
                        0.2831581234931946,
                        0.7675630450248718,
                        -0.434569776058197
                    ],
                    [
                        0.10607993602752686,
                        0.3169395327568054,
                        0.8317700028419495,
                        -0.4104858338832855
                    ],
                    [
                        0.053001850843429565,
                        0.30303314328193665,
                        0.939315676689148,
                        -0.4082421064376831
                    ],
                    [
                        0.01940266042947769,
                        0.28345757722854614,
                        0.8585615158081055,
                        -0.42893263697624207
                    ],
                    [
                        0.31446272134780884,
                        0.09079714119434357,
                        0.8533263802528381,
                        -0.4404812455177307
                    ],
                    [
                        0.17398738861083984,
                        0.11153944581747055,
                        0.8470996022224426,
                        -0.35886716842651367
                    ],
                    [
                        0.18361759185791016,
                        0.08724740147590637,
                        0.7717295289039612,
                        -0.4839787781238556
                    ],
                    [
                        0.2723093330860138,
                        0.20722299814224243,
                        0.7534211874008179,
                        -0.412861704826355
                    ],
                    [
                        0.24066521227359772,
                        0.22798718512058258,
                        0.8061520457267761,
                        -0.5105559229850769
                    ],
                    [
                        0.20577046275138855,
                        0.32301065325737,
                        0.8274365067481995,
                        -0.4915231168270111
                    ],
                    [
                        0.22943201661109924,
                        0.3000026345252991,
                        0.7521643042564392,
                        -0.37603938579559326
                    ],
                    [
                        0.22635047137737274,
                        0.24750523269176483,
                        0.8174161911010742,
                        -0.4542607069015503
                    ],
                    [
                        0.22855578362941742,
                        0.10441525280475616,
                        0.7799826860427856,
                        -0.3942592740058899
                    ]
                ]
            ],
            "actions_pred": [
                [
                    [
                        0.33714962005615234,
                        0.30525723099708557,
                        0.2026226967573166,
                        0.1722038835287094,
                        0.28451478481292725,
                        0.21389292180538177,
                        0.14618398249149323,
                        -0.04928084462881088,
                        0.10607993602752686,
                        0.053001850843429565,
                        0.01940266042947769,
                        0.31446272134780884,
                        0.17398738861083984,
                        0.18361759185791016,
                        0.2723093330860138,
                        0.24066521227359772,
                        0.20577046275138855,
                        0.22943201661109924,
                        0.22635047137737274,
                        0.22855578362941742
                    ],
                    [
                        0.23273128271102905,
                        0.3904173970222473,
                        0.31157034635543823,
                        0.29814958572387695,
                        0.2483976185321808,
                        0.30381113290786743,
                        0.25787538290023804,
                        0.2831581234931946,
                        0.3169395327568054,
                        0.30303314328193665,
                        0.28345757722854614,
                        0.09079714119434357,
                        0.11153944581747055,
                        0.08724740147590637,
                        0.20722299814224243,
                        0.22798718512058258,
                        0.32301065325737,
                        0.3000026345252991,
                        0.24750523269176483,
                        0.10441525280475616
                    ],
                    [
                        0.675108790397644,
                        0.616578221321106,
                        0.34062668681144714,
                        0.331447035074234,
                        0.5138964653015137,
                        0.6788126230239868,
                        0.7815974950790405,
                        0.7675630450248718,
                        0.8317700028419495,
                        0.939315676689148,
                        0.8585615158081055,
                        0.8533263802528381,
                        0.8470996022224426,
                        0.7717295289039612,
                        0.7534211874008179,
                        0.8061520457267761,
                        0.8274365067481995,
                        0.7521643042564392,
                        0.8174161911010742,
                        0.7799826860427856
                    ],
                    [
                        -0.4492861032485962,
                        -0.21716976165771484,
                        -0.08609893918037415,
                        -0.16898268461227417,
                        -0.32947930693626404,
                        -0.31024670600891113,
                        -0.4030427932739258,
                        -0.434569776058197,
                        -0.4104858338832855,
                        -0.4082421064376831,
                        -0.42893263697624207,
                        -0.4404812455177307,
                        -0.35886716842651367,
                        -0.4839787781238556,
                        -0.412861704826355,
                        -0.5105559229850769,
                        -0.4915231168270111,
                        -0.37603938579559326,
                        -0.4542607069015503,
                        -0.3942592740058899
                    ]
                ]
            ],
            "states": [
                [
                    [
                        6621704.0,
                        1.1313585673633497e-05,
                        0.0001999229716602713,
                        484312.6875
                    ],
                    [
                        5593624.0,
                        1.1206535418750718e-05,
                        0.0002002958208322525,
                        482520.40625
                    ],
                    [
                        5813720.0,
                        1.1108420039818157e-05,
                        0.0002003357367357239,
                        504661.125
                    ],
                    [
                        6207576.0,
                        1.1006884960806929e-05,
                        0.00022690219338983297,
                        474948.0
                    ],
                    [
                        8008888.0,
                        1.0889214536291547e-05,
                        0.00020534798386506736,
                        464277.84375
                    ],
                    [
                        6072912.0,
                        1.0774994734674692e-05,
                        0.00021573639241978526,
                        487907.71875
                    ],
                    [
                        5771728.0,
                        1.0680801096896175e-05,
                        0.00024723794194869697,
                        495985.625
                    ],
                    [
                        6184408.0,
                        1.058739326253999e-05,
                        0.00024693002342246473,
                        490380.28125
                    ],
                    [
                        5453168.0,
                        1.0498003575776238e-05,
                        0.00023204070748761296,
                        479010.4375
                    ],
                    [
                        5473440.0,
                        1.0415451470180415e-05,
                        0.00018021401774603873,
                        503120.46875
                    ],
                    [
                        5495160.0,
                        1.0333877071388997e-05,
                        0.0002400711819063872,
                        501130.78125
                    ],
                    [
                        5522672.0,
                        1.0253213076794054e-05,
                        0.000246424344368279,
                        482833.53125
                    ],
                    [
                        5845344.0,
                        1.0171300345973577e-05,
                        0.0002318411279702559,
                        521404.9375
                    ],
                    [
                        5531592.0,
                        1.0090602700074669e-05,
                        0.00026174713275395334,
                        512859.59375
                    ],
                    [
                        5728288.0,
                        1.0011996891989838e-05,
                        0.0002589555806480348,
                        492848.15625
                    ],
                    [
                        8446184.0,
                        9.914833754010033e-06,
                        0.0002588448696769774,
                        439526.84375
                    ],
                    [
                        5611000.0,
                        9.82020083029056e-06,
                        0.0002629015070851892,
                        482211.375
                    ],
                    [
                        5854264.0,
                        9.744398084876593e-06,
                        0.00024613598361611366,
                        493941.5
                    ],
                    [
                        5595072.0,
                        9.669850442151073e-06,
                        0.00026028408319689333,
                        487503.5625
                    ],
                    [
                        5576248.0,
                        9.598206816008314e-06,
                        0.000249440228799358,
                        493113.71875
                    ]
                ]
            ],
            "actions": [
                [
                    [
                        0.25
                    ],
                    [
                        0.25
                    ],
                    [
                        0.25
                    ],
                    [
                        0.25
                    ],
                    [
                        0.25
                    ],
                    [
                        0.25
                    ],
                    [
                        0.25
                    ],
                    [
                        0.25
                    ],
                    [
                        0.25
                    ],
                    [
                        0.25
                    ],
                    [
                        0.25
                    ],
                    [
                        0.25
                    ],
                    [
                        0.25
                    ],
                    [
                        0.25
                    ],
                    [
                        0.25
                    ],
                    [
                        0.25
                    ],
                    [
                        0.25
                    ],
                    [
                        0.25
                    ],
                    [
                        0.25
                    ],
                    [
                        0.25
                    ]
                ]
            ],
            "returns": [
                [
                    [
                        0.22746260464191437
                    ],
                    [
                        0.22651013731956482
                    ],
                    [
                        0.2255726456642151
                    ],
                    [
                        0.22463172674179077
                    ],
                    [
                        0.22368499636650085
                    ],
                    [
                        0.22271567583084106
                    ],
                    [
                        0.22177089750766754
                    ],
                    [
                        0.22083061933517456
                    ],
                    [
                        0.2198842167854309
                    ],
                    [
                        0.21894897520542145
                    ],
                    [
                        0.21801340579986572
                    ],
                    [
                        0.21707747876644135
                    ],
                    [
                        0.21614111959934235
                    ],
                    [
                        0.21519970893859863
                    ],
                    [
                        0.2142632007598877
                    ],
                    [
                        0.21332359313964844
                    ],
                    [
                        0.2123495638370514
                    ],
                    [
                        0.21141178905963898
                    ],
                    [
                        0.2104702591896057
                    ],
                    [
                        0.2095327377319336
                    ]
                ]
            ],
            "timesteps": [
                [
                    380,
                    381,
                    382,
                    383,
                    384,
                    385,
                    386,
                    387,
                    388,
                    389,
                    390,
                    391,
                    392,
                    393,
                    394,
                    395,
                    396,
                    397,
                    398,
                    399
                ]
            ],
            "labels": [
                [
                    0,
                    0,
                    0,
                    0,
                    0,
                    0,
                    0,
                    0,
                    0,
                    0,
                    0,
                    0,
                    0,
                    0,
                    0,
                    0,
                    0,
                    0,
                    0,
                    0
                ]
            ],
            "CPU Usage": 45.7,
            "RAM Usage": 55.2,
            "GPU Usage": 0.0,
            "VRAM Usage": 355.0,
            "Disk Read Speed (MB/s)": 206065.5908203125,
            "Disk Write Speed (MB/s)": 364422.0205078125
        },
        {
            "step": 1,
            "train_loss": 0.029023274779319763,
            "actions_pred1": [
                [
                    [
                        0.35374653339385986,
                        0.05788925290107727,
                        0.5992031097412109,
                        -0.2918105125427246
                    ],
                    [
                        0.218982994556427,
                        0.05439041554927826,
                        0.7100760340690613,
                        -0.33786922693252563
                    ],
                    [
                        0.3207077383995056,
                        0.1433238685131073,
                        0.6689724922180176,
                        -0.24709253013134003
                    ],
                    [
                        0.40146246552467346,
                        0.1529039740562439,
                        0.7082480788230896,
                        -0.33657482266426086
                    ],
                    [
                        0.4533305764198303,
                        0.1709246188402176,
                        0.6367453336715698,
                        -0.4767056405544281
                    ],
                    [
                        0.2752167880535126,
                        0.10115041583776474,
                        0.5746769309043884,
                        -0.3971070647239685
                    ],
                    [
                        0.2719974219799042,
                        0.04557139426469803,
                        0.6665849685668945,
                        -0.39139455556869507
                    ],
                    [
                        0.2700192332267761,
                        0.12831449508666992,
                        0.7145228981971741,
                        -0.44483304023742676
                    ],
                    [
                        0.41948002576828003,
                        0.1596449464559555,
                        0.7516884207725525,
                        -0.3172285556793213
                    ],
                    [
                        0.3832619786262512,
                        0.07590049505233765,
                        0.7206826210021973,
                        -0.33268773555755615
                    ],
                    [
                        0.3903961777687073,
                        0.18747976422309875,
                        0.7585743069648743,
                        -0.33614450693130493
                    ],
                    [
                        0.44634172320365906,
                        0.12392508238554001,
                        0.6923258304595947,
                        -0.3592011630535126
                    ],
                    [
                        0.4520856440067291,
                        0.10636091977357864,
                        0.6824027895927429,
                        -0.3260859251022339
                    ],
                    [
                        0.4718642830848694,
                        0.19735804200172424,
                        0.894463062286377,
                        -0.24801702797412872
                    ],
                    [
                        0.4678066670894623,
                        0.22838810086250305,
                        0.9338446855545044,
                        -0.1674472987651825
                    ],
                    [
                        0.46676018834114075,
                        0.21044710278511047,
                        0.9867926836013794,
                        -0.16519810259342194
                    ],
                    [
                        0.25236383080482483,
                        0.16661860048770905,
                        0.9176428914070129,
                        -0.2516047954559326
                    ],
                    [
                        0.17235003411769867,
                        0.1894984096288681,
                        0.9402773976325989,
                        -0.2187473475933075
                    ],
                    [
                        0.16061696410179138,
                        0.2066265344619751,
                        0.8800260424613953,
                        -0.2392558455467224
                    ],
                    [
                        0.15215997397899628,
                        0.35817110538482666,
                        1.0586786270141602,
                        -0.2788695991039276
                    ]
                ]
            ],
            "actions_pred": [
                [
                    [
                        0.35374653339385986,
                        0.218982994556427,
                        0.3207077383995056,
                        0.40146246552467346,
                        0.4533305764198303,
                        0.2752167880535126,
                        0.2719974219799042,
                        0.2700192332267761,
                        0.41948002576828003,
                        0.3832619786262512,
                        0.3903961777687073,
                        0.44634172320365906,
                        0.4520856440067291,
                        0.4718642830848694,
                        0.4678066670894623,
                        0.46676018834114075,
                        0.25236383080482483,
                        0.17235003411769867,
                        0.16061696410179138,
                        0.15215997397899628
                    ],
                    [
                        0.05788925290107727,
                        0.05439041554927826,
                        0.1433238685131073,
                        0.1529039740562439,
                        0.1709246188402176,
                        0.10115041583776474,
                        0.04557139426469803,
                        0.12831449508666992,
                        0.1596449464559555,
                        0.07590049505233765,
                        0.18747976422309875,
                        0.12392508238554001,
                        0.10636091977357864,
                        0.19735804200172424,
                        0.22838810086250305,
                        0.21044710278511047,
                        0.16661860048770905,
                        0.1894984096288681,
                        0.2066265344619751,
                        0.35817110538482666
                    ],
                    [
                        0.5992031097412109,
                        0.7100760340690613,
                        0.6689724922180176,
                        0.7082480788230896,
                        0.6367453336715698,
                        0.5746769309043884,
                        0.6665849685668945,
                        0.7145228981971741,
                        0.7516884207725525,
                        0.7206826210021973,
                        0.7585743069648743,
                        0.6923258304595947,
                        0.6824027895927429,
                        0.894463062286377,
                        0.9338446855545044,
                        0.9867926836013794,
                        0.9176428914070129,
                        0.9402773976325989,
                        0.8800260424613953,
                        1.0586786270141602
                    ],
                    [
                        -0.2918105125427246,
                        -0.33786922693252563,
                        -0.24709253013134003,
                        -0.33657482266426086,
                        -0.4767056405544281,
                        -0.3971070647239685,
                        -0.39139455556869507,
                        -0.44483304023742676,
                        -0.3172285556793213,
                        -0.33268773555755615,
                        -0.33614450693130493,
                        -0.3592011630535126,
                        -0.3260859251022339,
                        -0.24801702797412872,
                        -0.1674472987651825,
                        -0.16519810259342194,
                        -0.2516047954559326,
                        -0.2187473475933075,
                        -0.2392558455467224,
                        -0.2788695991039276
                    ]
                ]
            ],
            "states": [
                [
                    [
                        9069003.0,
                        0.0034533278085291386,
                        0.0002651966060511768,
                        441188.5625
                    ],
                    [
                        11320464.0,
                        0.000310528528643772,
                        0.0002789112040773034,
                        436995.21875
                    ],
                    [
                        10438632.0,
                        0.00017193457460962236,
                        0.00025781430304050446,
                        493798.40625
                    ],
                    [
                        10012920.0,
                        0.00012196777242934331,
                        0.0002818313369061798,
                        466062.65625
                    ],
                    [
                        10120072.0,
                        9.498456347500905e-05,
                        0.00027022496215067804,
                        484496.1875
                    ],
                    [
                        9115160.0,
                        7.838496094336733e-05,
                        0.00027221045456826687,
                        480218.375
                    ],
                    [
                        8819768.0,
                        6.74370166962035e-05,
                        0.0002733847650233656,
                        463188.125
                    ],
                    [
                        9522048.0,
                        5.902954944758676e-05,
                        0.00026607781182974577,
                        571538.5
                    ],
                    [
                        9099232.0,
                        5.2383467846084386e-05,
                        0.00028466759249567986,
                        601120.625
                    ],
                    [
                        8877688.0,
                        4.72521896881517e-05,
                        0.0002693114511203021,
                        590414.6875
                    ],
                    [
                        7406288.0,
                        4.339466249803081e-05,
                        0.0002695369767025113,
                        529230.5625
                    ],
                    [
                        7668840.0,
                        4.0354032535105944e-05,
                        0.00026757299201563,
                        612860.8125
                    ],
                    [
                        7531048.0,
                        3.768979149754159e-05,
                        0.0002770914288703352,
                        740788.0625
                    ],
                    [
                        7394936.0,
                        3.539538010954857e-05,
                        0.0002540841815061867,
                        705727.25
                    ],
                    [
                        6951848.0,
                        3.34380820277147e-05,
                        0.0002650599053595215,
                        732259.125
                    ],
                    [
                        6330656.0,
                        3.180928251822479e-05,
                        0.00027801760006695986,
                        722867.4375
                    ],
                    [
                        5884672.0,
                        3.0445722586591728e-05,
                        0.0002704633225221187,
                        677627.4375
                    ],
                    [
                        5363392.0,
                        2.9289631129358895e-05,
                        0.0002756867033895105,
                        805457.5625
                    ],
                    [
                        5311264.0,
                        2.82715027424274e-05,
                        0.00025344316964037716,
                        860605.0
                    ],
                    [
                        5401040.0,
                        2.6375411835033447e-05,
                        0.000413205154472962,
                        833632.5625
                    ]
                ]
            ],
            "actions": [
                [
                    [
                        0.75
                    ],
                    [
                        0.75
                    ],
                    [
                        0.75
                    ],
                    [
                        0.75
                    ],
                    [
                        0.75
                    ],
                    [
                        0.75
                    ],
                    [
                        0.75
                    ],
                    [
                        0.75
                    ],
                    [
                        0.75
                    ],
                    [
                        0.75
                    ],
                    [
                        0.75
                    ],
                    [
                        0.75
                    ],
                    [
                        0.75
                    ],
                    [
                        0.75
                    ],
                    [
                        0.75
                    ],
                    [
                        0.75
                    ],
                    [
                        0.75
                    ],
                    [
                        0.75
                    ],
                    [
                        0.75
                    ],
                    [
                        0.75
                    ]
                ]
            ],
            "returns": [
                [
                    [
                        0.5809153318405151
                    ],
                    [
                        0.5799350142478943
                    ],
                    [
                        0.5789350271224976
                    ],
                    [
                        0.5779421925544739
                    ],
                    [
                        0.5769530534744263
                    ],
                    [
                        0.575963020324707
                    ],
                    [
                        0.574982225894928
                    ],
                    [
                        0.5740043520927429
                    ],
                    [
                        0.5730196833610535
                    ],
                    [
                        0.5720390677452087
                    ],
                    [
                        0.5710605978965759
                    ],
                    [
                        0.5700982213020325
                    ],
                    [
                        0.5691327452659607
                    ],
                    [
                        0.5681688785552979
                    ],
                    [
                        0.567206621170044
                    ],
                    [
                        0.5662498474121094
                    ],
                    [
                        0.5653014183044434
                    ],
                    [
                        0.5643594264984131
                    ],
                    [
                        0.563425600528717
                    ],
                    [
                        0.5624927282333374
                    ]
                ]
            ],
            "timesteps": [
                [
                    0,
                    1,
                    2,
                    3,
                    4,
                    5,
                    6,
                    7,
                    8,
                    9,
                    10,
                    11,
                    12,
                    13,
                    14,
                    15,
                    16,
                    17,
                    18,
                    19
                ]
            ],
            "labels": [
                [
                    2,
                    2,
                    2,
                    2,
                    2,
                    2,
                    2,
                    2,
                    2,
                    2,
                    2,
                    2,
                    2,
                    2,
                    2,
                    2,
                    2,
                    2,
                    2,
                    2
                ]
            ],
            "CPU Usage": 46.7,
            "RAM Usage": 55.3,
            "GPU Usage": 0.0,
            "VRAM Usage": 355.0,
            "Disk Read Speed (MB/s)": 206065.7275390625,
            "Disk Write Speed (MB/s)": 364422.1572265625
        },
        {
            "step": 2,
            "train_loss": 0.04028571397066116,
            "actions_pred1": [
                [
                    [
                        0.11787401139736176,
                        0.042575009167194366,
                        0.1880139410495758,
                        -0.5761725902557373
                    ],
                    [
                        0.20773527026176453,
                        0.06637617200613022,
                        0.4446225166320801,
                        -0.5798935890197754
                    ],
                    [
                        0.29880017042160034,
                        0.0862341821193695,
                        0.30317142605781555,
                        -0.7450098395347595
                    ],
                    [
                        0.36342546343803406,
                        0.1153898611664772,
                        0.34162870049476624,
                        -0.8402974605560303
                    ],
                    [
                        0.5114354491233826,
                        0.16282030940055847,
                        0.08117173612117767,
                        -1.1336174011230469
                    ],
                    [
                        0.6456271409988403,
                        0.27818554639816284,
                        0.2563640773296356,
                        -1.1740925312042236
                    ],
                    [
                        0.6531911492347717,
                        0.41324350237846375,
                        0.3241237699985504,
                        -1.1561975479125977
                    ],
                    [
                        0.6841062307357788,
                        0.41919025778770447,
                        0.43400800228118896,
                        -0.9315159320831299
                    ],
                    [
                        0.49447691440582275,
                        0.42742919921875,
                        0.2928028702735901,
                        -0.9618744850158691
                    ],
                    [
                        0.527254581451416,
                        0.30665597319602966,
                        0.5090811252593994,
                        -0.8837134838104248
                    ],
                    [
                        0.4644245505332947,
                        0.20524942874908447,
                        0.45830222964286804,
                        -0.8980542421340942
                    ],
                    [
                        0.24065478146076202,
                        0.1916230320930481,
                        0.4436289072036743,
                        -0.8438564538955688
                    ],
                    [
                        0.2236025333404541,
                        0.2973545789718628,
                        0.4931190609931946,
                        -0.7913908362388611
                    ],
                    [
                        0.2467004954814911,
                        0.35694989562034607,
                        0.49861904978752136,
                        -0.7434298992156982
                    ],
                    [
                        0.2921373248100281,
                        0.2791937589645386,
                        0.40887507796287537,
                        -0.7528138160705566
                    ],
                    [
                        0.3261571228504181,
                        0.3467879891395569,
                        0.389660120010376,
                        -0.8414392471313477
                    ],
                    [
                        0.5023719668388367,
                        0.3297950327396393,
                        0.3455268144607544,
                        -0.8666203022003174
                    ],
                    [
                        0.46140405535697937,
                        0.35408252477645874,
                        0.4011731743812561,
                        -0.7358702421188354
                    ],
                    [
                        0.33913707733154297,
                        0.3629295229911804,
                        0.5783997178077698,
                        -0.8141849040985107
                    ],
                    [
                        0.3587239980697632,
                        0.2763426899909973,
                        0.7018128633499146,
                        -0.7832123637199402
                    ]
                ]
            ],
            "actions_pred": [
                [
                    [
                        0.11787401139736176,
                        0.20773527026176453,
                        0.29880017042160034,
                        0.36342546343803406,
                        0.5114354491233826,
                        0.6456271409988403,
                        0.6531911492347717,
                        0.6841062307357788,
