{
    "steps": [
        {
            "step": 0,
            "train_loss": 0.018424343317747116,
            "actions_pred1": [
                [
                    [
                        0.41731494665145874,
                        1.515501856803894,
                        1.7552523612976074,
                        -3.470099925994873
                    ],
                    [
                        0.5532048940658569,
                        1.8137823343276978,
                        1.6616581678390503,
                        -3.357449531555176
                    ],
                    [
                        0.5572353601455688,
                        1.9576823711395264,
                        1.7170125246047974,
                        -3.1369574069976807
                    ],
                    [
                        0.6449029445648193,
                        2.1215708255767822,
                        1.7904505729675293,
                        -3.405252695083618
                    ],
                    [
                        0.5704232454299927,
                        2.406085729598999,
                        1.8041378259658813,
                        -3.8778762817382812
                    ],
                    [
                        0.7513150572776794,
                        2.7262449264526367,
                        1.7657127380371094,
                        -4.319758892059326
                    ],
                    [
                        0.85674649477005,
                        2.669173002243042,
                        1.8289265632629395,
                        -4.565717697143555
                    ],
                    [
                        0.9048928022384644,
                        2.719083547592163,
                        1.8684099912643433,
                        -4.45361852645874
                    ],
                    [
                        0.756015956401825,
                        2.933232069015503,
                        1.9521751403808594,
                        -4.646568775177002
                    ],
                    [
                        0.649741530418396,
                        2.62150239944458,
                        1.7920550107955933,
                        -4.39365816116333
                    ],
                    [
                        0.7899318933486938,
                        2.5500271320343018,
                        1.8923542499542236,
                        -4.3765082359313965
                    ],
                    [
                        0.8699520826339722,
                        2.361283302307129,
                        2.0830185413360596,
                        -4.702349662780762
                    ],
                    [
                        0.7499768733978271,
                        2.521303653717041,
                        2.0346052646636963,
                        -4.891054153442383
                    ],
                    [
                        0.7492432594299316,
                        2.563624858856201,
                        1.985944390296936,
                        -4.682229518890381
                    ],
                    [
                        0.7930870652198792,
                        2.4855141639709473,
                        1.9242510795593262,
                        -4.591050148010254
                    ],
                    [
                        0.8537997603416443,
                        2.480100631713867,
                        1.946364164352417,
                        -4.604424476623535
                    ],
                    [
                        0.8976207971572876,
                        2.548038959503174,
                        1.9360135793685913,
                        -4.750697612762451
                    ],
                    [
                        1.027775764465332,
                        2.484567403793335,
                        1.895825743675232,
                        -4.867848873138428
                    ],
                    [
                        0.8855618834495544,
                        2.455939769744873,
                        2.1779932975769043,
                        -5.254908561706543
                    ],
                    [
                        0.838416576385498,
                        2.4987640380859375,
                        2.207193613052368,
                        -5.375885486602783
                    ]
                ]
            ],
            "actions_pred": [
                [
                    [
                        0.41731494665145874,
                        0.5532048940658569,
                        0.5572353601455688,
                        0.6449029445648193,
                        0.5704232454299927,
                        0.7513150572776794,
                        0.85674649477005,
                        0.9048928022384644,
                        0.756015956401825,
                        0.649741530418396,
                        0.7899318933486938,
                        0.8699520826339722,
                        0.7499768733978271,
                        0.7492432594299316,
                        0.7930870652198792,
                        0.8537997603416443,
                        0.8976207971572876,
                        1.027775764465332,
                        0.8855618834495544,
                        0.838416576385498
                    ],
                    [
                        1.515501856803894,
                        1.8137823343276978,
                        1.9576823711395264,
                        2.1215708255767822,
                        2.406085729598999,
                        2.7262449264526367,
                        2.669173002243042,
                        2.719083547592163,
                        2.933232069015503,
                        2.62150239944458,
                        2.5500271320343018,
                        2.361283302307129,
                        2.521303653717041,
                        2.563624858856201,
                        2.4855141639709473,
                        2.480100631713867,
                        2.548038959503174,
                        2.484567403793335,
                        2.455939769744873,
                        2.4987640380859375
                    ],
                    [
                        1.7552523612976074,
                        1.6616581678390503,
                        1.7170125246047974,
                        1.7904505729675293,
                        1.8041378259658813,
                        1.7657127380371094,
                        1.8289265632629395,
                        1.8684099912643433,
                        1.9521751403808594,
                        1.7920550107955933,
                        1.8923542499542236,
                        2.0830185413360596,
                        2.0346052646636963,
                        1.985944390296936,
                        1.9242510795593262,
                        1.946364164352417,
                        1.9360135793685913,
                        1.895825743675232,
                        2.1779932975769043,
                        2.207193613052368
                    ],
                    [
                        -3.470099925994873,
                        -3.357449531555176,
                        -3.1369574069976807,
                        -3.405252695083618,
                        -3.8778762817382812,
                        -4.319758892059326,
                        -4.565717697143555,
                        -4.45361852645874,
                        -4.646568775177002,
                        -4.39365816116333,
                        -4.3765082359313965,
                        -4.702349662780762,
                        -4.891054153442383,
                        -4.682229518890381,
                        -4.591050148010254,
                        -4.604424476623535,
                        -4.750697612762451,
                        -4.867848873138428,
                        -5.254908561706543,
                        -5.375885486602783
                    ]
                ]
            ],
            "states": [
                [
                    [
                        4791432.0,
                        3.087877848884091e-05,
                        0.00023075626813806593,
                        506720.5
                    ],
                    [
                        3692400.0,
                        2.9973596610943787e-05,
                        0.00032322804327122867,
                        492666.6875
                    ],
                    [
                        4952160.0,
                        2.9106702641001903e-05,
                        0.0002578554267529398,
                        491613.3125
                    ],
                    [
                        4808808.0,
                        2.818479697452858e-05,
                        0.00022438736050389707,
                        480345.5
                    ],
                    [
                        4978224.0,
                        2.7317544663674198e-05,
                        0.00038321700412780046,
                        500271.75
                    ],
                    [
                        5354704.0,
                        2.645807217049878e-05,
                        0.0004527103737927973,
                        496069.53125
                    ],
                    [
                        3554840.0,
                        2.5757775802048855e-05,
                        0.00029970589093863964,
                        504121.5
                    ],
                    [
                        5330088.0,
                        2.5097764591919258e-05,
                        0.00026218051789328456,
                        473636.59375
                    ],
                    [
                        7706256.0,
                        2.4188775569200516e-05,
                        0.0002925366861745715,
                        550715.1875
                    ],
                    [
                        7687432.0,
                        2.319453051313758e-05,
                        0.00028024095809087157,
                        523717.84375
                    ],
                    [
                        6233640.0,
                        1.9415590941207483e-05,
                        0.0001758198341121897,
                        575309.5
                    ],
                    [
                        6330656.0,
                        1.8885328245232813e-05,
                        0.00013516498438548297,
                        576038.875
                    ],
                    [
                        2227024.0,
                        1.8539429220254533e-05,
                        0.0001646996388444677,
                        615099.8125
                    ],
                    [
                        3611312.0,
                        1.8311515304958448e-05,
                        0.0001985474955290556,
                        642490.9375
                    ],
                    [
                        5732632.0,
                        1.795835305529181e-05,
                        0.0002949792833533138,
                        564533.125
                    ],
                    [
                        5175152.0,
                        1.7562215361976996e-05,
                        0.0007080274517647922,
                        561933.4375
                    ],
                    [
                        4907272.0,
                        1.721135777188465e-05,
                        0.0013480978086590767,
                        618870.0
                    ],
                    [
                        4346896.0,
                        1.6901381968636997e-05,
                        0.0014468225417658687,
                        555341.1875
                    ],
                    [
                        5007184.0,
                        1.6599440641584806e-05,
                        0.0019480990013107657,
                        605693.8125
                    ],
                    [
                        5735528.0,
                        1.6265725207631476e-05,
                        0.002926501678302884,
                        601773.625
                    ]
                ]
            ],
            "actions": [
                [
                    [
                        0.5
                    ],
                    [
                        0.5
                    ],
                    [
                        0.5
                    ],
                    [
                        0.5
                    ],
                    [
                        0.5
                    ],
                    [
                        0.5
                    ],
                    [
                        0.5
                    ],
                    [
                        0.5
                    ],
                    [
                        0.5
                    ],
                    [
                        0.5
                    ],
                    [
                        0.5
                    ],
                    [
                        0.5
                    ],
                    [
                        0.5
                    ],
                    [
                        0.5
                    ],
                    [
                        0.5
                    ],
                    [
                        0.5
                    ],
                    [
                        0.5
                    ],
                    [
                        0.5
                    ],
                    [
                        0.5
                    ],
                    [
                        0.5
                    ]
                ]
            ],
            "returns": [
                [
                    [
                        0.45074203610420227
                    ],
                    [
                        0.44981828331947327
                    ],
                    [
                        0.44891759753227234
                    ],
                    [
                        0.44799089431762695
                    ],
                    [
                        0.4470668137073517
                    ],
                    [
                        0.4461396336555481
                    ],
                    [
                        0.44520601630210876
                    ],
                    [
                        0.44430869817733765
                    ],
                    [
                        0.44337549805641174
                    ],
                    [
                        0.44240957498550415
                    ],
                    [
                        0.44144389033317566
                    ],
                    [
                        0.4404968023300171
                    ],
                    [
                        0.4395483136177063
                    ],
                    [
                        0.43869248032569885
                    ],
                    [
                        0.4377937614917755
                    ],
                    [
                        0.4368540942668915
                    ],
                    [
                        0.4359234869480133
                    ],
                    [
                        0.4349976181983948
                    ],
                    [
                        0.4340824484825134
                    ],
                    [
                        0.43315479159355164
                    ]
                ]
            ],
            "timesteps": [
                [
                    140,
                    141,
                    142,
                    143,
                    144,
                    145,
                    146,
                    147,
                    148,
                    149,
                    150,
                    151,
                    152,
                    153,
                    154,
                    155,
                    156,
                    157,
                    158,
                    159
                ]
            ],
            "labels": [
                [
                    1,
                    1,
                    1,
                    1,
                    1,
                    1,
                    1,
                    1,
                    1,
                    1,
                    1,
                    1,
                    1,
                    1,
                    1,
                    1,
                    1,
                    1,
                    1,
                    1
                ]
            ],
            "CPU Usage": 45.3,
            "RAM Usage": 54.9,
            "GPU Usage": 0.0,
            "VRAM Usage": 355.0,
            "Disk Read Speed (MB/s)": 206644.1396484375,
            "Disk Write Speed (MB/s)": 410856.2861328125
        },
        {
            "step": 1,
            "train_loss": 0.05783538892865181,
            "actions_pred1": [
                [
                    [
                        0.2781980633735657,
                        0.9560737609863281,
                        1.5583902597427368,
                        -2.5073513984680176
                    ],
                    [
                        0.46763181686401367,
                        1.271496295928955,
                        1.5460208654403687,
                        -2.3605282306671143
                    ],
                    [
                        0.5527310967445374,
                        1.2700467109680176,
                        1.1771960258483887,
                        -2.1825644969940186
                    ],
                    [
                        0.5585548877716064,
                        1.290182113647461,
                        1.165657639503479,
                        -2.2299256324768066
                    ],
                    [
                        0.6778469085693359,
                        1.2222286462783813,
                        1.466732382774353,
                        -2.683791160583496
                    ],
                    [
                        0.5885606408119202,
                        1.196510672569275,
                        1.633610725402832,
                        -2.6553921699523926
                    ],
                    [
                        0.5176690816879272,
                        1.1141788959503174,
                        1.7615363597869873,
                        -2.672884464263916
                    ],
                    [
                        0.35042697191238403,
                        1.1291091442108154,
                        1.727608323097229,
                        -2.8445677757263184
                    ],
                    [
                        0.45102572441101074,
                        1.2409539222717285,
                        1.9254131317138672,
                        -2.8854522705078125
                    ],
                    [
                        0.4927561283111572,
                        1.215616226196289,
                        2.108729839324951,
                        -2.9028780460357666
                    ],
                    [
                        0.465522825717926,
                        1.2402607202529907,
                        2.0332841873168945,
                        -2.9730467796325684
                    ],
                    [
                        0.817425012588501,
                        1.1304082870483398,
                        2.1081576347351074,
                        -3.3468713760375977
                    ],
                    [
                        0.5609263181686401,
                        1.0997190475463867,
                        1.9752211570739746,
                        -3.0817651748657227
                    ],
                    [
                        0.5937309265136719,
                        0.9338359832763672,
                        1.851990818977356,
                        -3.1950645446777344
                    ],
                    [
                        0.6464261412620544,
                        1.0495598316192627,
                        1.7758489847183228,
                        -3.233485460281372
                    ],
                    [
                        0.67159104347229,
                        1.0840381383895874,
                        1.8283919095993042,
                        -3.3045473098754883
                    ],
                    [
                        0.531177282333374,
                        1.327510118484497,
                        1.9598090648651123,
                        -3.5097827911376953
                    ],
                    [
                        0.5557518005371094,
                        1.3197534084320068,
                        1.889013409614563,
                        -3.2169265747070312
                    ],
                    [
                        0.5505416393280029,
                        1.2137665748596191,
                        1.8841726779937744,
                        -3.202359437942505
                    ],
                    [
                        0.5484620928764343,
                        1.0730957984924316,
                        1.9186838865280151,
                        -3.0980701446533203
                    ]
                ]
            ],
            "actions_pred": [
                [
                    [
                        0.2781980633735657,
                        0.46763181686401367,
                        0.5527310967445374,
                        0.5585548877716064,
                        0.6778469085693359,
                        0.5885606408119202,
                        0.5176690816879272,
                        0.35042697191238403,
                        0.45102572441101074,
                        0.4927561283111572,
                        0.465522825717926,
                        0.817425012588501,
                        0.5609263181686401,
                        0.5937309265136719,
                        0.6464261412620544,
                        0.67159104347229,
                        0.531177282333374,
                        0.5557518005371094,
                        0.5505416393280029,
                        0.5484620928764343
                    ],
                    [
                        0.9560737609863281,
                        1.271496295928955,
                        1.2700467109680176,
                        1.290182113647461,
                        1.2222286462783813,
                        1.196510672569275,
                        1.1141788959503174,
                        1.1291091442108154,
                        1.2409539222717285,
                        1.215616226196289,
                        1.2402607202529907,
                        1.1304082870483398,
                        1.0997190475463867,
                        0.9338359832763672,
                        1.0495598316192627,
                        1.0840381383895874,
                        1.327510118484497,
                        1.3197534084320068,
                        1.2137665748596191,
                        1.0730957984924316
                    ],
                    [
                        1.5583902597427368,
                        1.5460208654403687,
                        1.1771960258483887,
                        1.165657639503479,
                        1.466732382774353,
                        1.633610725402832,
                        1.7615363597869873,
                        1.727608323097229,
                        1.9254131317138672,
                        2.108729839324951,
                        2.0332841873168945,
                        2.1081576347351074,
                        1.9752211570739746,
                        1.851990818977356,
                        1.7758489847183228,
                        1.8283919095993042,
                        1.9598090648651123,
                        1.889013409614563,
                        1.8841726779937744,
                        1.9186838865280151
                    ],
                    [
                        -2.5073513984680176,
                        -2.3605282306671143,
                        -2.1825644969940186,
                        -2.2299256324768066,
                        -2.683791160583496,
                        -2.6553921699523926,
                        -2.672884464263916,
                        -2.8445677757263184,
                        -2.8854522705078125,
                        -2.9028780460357666,
                        -2.9730467796325684,
                        -3.3468713760375977,
                        -3.0817651748657227,
                        -3.1950645446777344,
                        -3.233485460281372,
                        -3.3045473098754883,
                        -3.5097827911376953,
                        -3.2169265747070312,
                        -3.202359437942505,
                        -3.0980701446533203
                    ]
                ]
            ],
            "states": [
                [
                    [
                        6621704.0,
                        1.1313585673633497e-05,
                        0.0001999229716602713,
                        484312.6875
                    ],
                    [
                        5593624.0,
                        1.1206535418750718e-05,
                        0.0002002958208322525,
                        482520.40625
                    ],
                    [
                        5813720.0,
                        1.1108420039818157e-05,
                        0.0002003357367357239,
                        504661.125
                    ],
                    [
                        6207576.0,
                        1.1006884960806929e-05,
                        0.00022690219338983297,
                        474948.0
                    ],
                    [
                        8008888.0,
                        1.0889214536291547e-05,
                        0.00020534798386506736,
                        464277.84375
                    ],
                    [
                        6072912.0,
                        1.0774994734674692e-05,
                        0.00021573639241978526,
                        487907.71875
                    ],
                    [
                        5771728.0,
                        1.0680801096896175e-05,
                        0.00024723794194869697,
                        495985.625
                    ],
                    [
                        6184408.0,
                        1.058739326253999e-05,
                        0.00024693002342246473,
                        490380.28125
                    ],
                    [
                        5453168.0,
                        1.0498003575776238e-05,
                        0.00023204070748761296,
                        479010.4375
                    ],
                    [
                        5473440.0,
                        1.0415451470180415e-05,
                        0.00018021401774603873,
                        503120.46875
                    ],
                    [
                        5495160.0,
                        1.0333877071388997e-05,
                        0.0002400711819063872,
                        501130.78125
                    ],
                    [
                        5522672.0,
                        1.0253213076794054e-05,
                        0.000246424344368279,
                        482833.53125
                    ],
                    [
                        5845344.0,
                        1.0171300345973577e-05,
                        0.0002318411279702559,
                        521404.9375
                    ],
                    [
                        5531592.0,
                        1.0090602700074669e-05,
                        0.00026174713275395334,
                        512859.59375
                    ],
                    [
                        5728288.0,
                        1.0011996891989838e-05,
                        0.0002589555806480348,
                        492848.15625
                    ],
                    [
                        8446184.0,
                        9.914833754010033e-06,
                        0.0002588448696769774,
                        439526.84375
                    ],
                    [
                        5611000.0,
                        9.82020083029056e-06,
                        0.0002629015070851892,
                        482211.375
                    ],
                    [
                        5854264.0,
                        9.744398084876593e-06,
                        0.00024613598361611366,
                        493941.5
                    ],
                    [
                        5595072.0,
                        9.669850442151073e-06,
                        0.00026028408319689333,
                        487503.5625
                    ],
                    [
                        5576248.0,
                        9.598206816008314e-06,
                        0.000249440228799358,
                        493113.71875
                    ]
                ]
            ],
            "actions": [
                [
                    [
                        0.25
                    ],
                    [
                        0.25
                    ],
                    [
                        0.25
                    ],
                    [
                        0.25
                    ],
                    [
                        0.25
                    ],
                    [
                        0.25
                    ],
                    [
                        0.25
                    ],
                    [
                        0.25
                    ],
                    [
                        0.25
                    ],
                    [
                        0.25
                    ],
                    [
                        0.25
                    ],
                    [
                        0.25
                    ],
                    [
                        0.25
                    ],
                    [
                        0.25
                    ],
                    [
                        0.25
                    ],
                    [
                        0.25
                    ],
                    [
                        0.25
                    ],
                    [
                        0.25
                    ],
                    [
                        0.25
                    ],
                    [
                        0.25
                    ]
                ]
            ],
            "returns": [
                [
                    [
                        0.22746260464191437
                    ],
                    [
                        0.22651013731956482
                    ],
                    [
                        0.2255726456642151
                    ],
                    [
                        0.22463172674179077
                    ],
                    [
                        0.22368499636650085
                    ],
                    [
                        0.22271567583084106
                    ],
                    [
                        0.22177089750766754
                    ],
                    [
                        0.22083061933517456
                    ],
                    [
                        0.2198842167854309
                    ],
                    [
                        0.21894897520542145
                    ],
                    [
                        0.21801340579986572
                    ],
                    [
                        0.21707747876644135
                    ],
                    [
                        0.21614111959934235
                    ],
                    [
                        0.21519970893859863
                    ],
                    [
                        0.2142632007598877
                    ],
                    [
                        0.21332359313964844
                    ],
                    [
                        0.2123495638370514
                    ],
                    [
                        0.21141178905963898
                    ],
                    [
                        0.2104702591896057
                    ],
                    [
                        0.2095327377319336
                    ]
                ]
            ],
            "timesteps": [
                [
                    380,
                    381,
                    382,
                    383,
                    384,
                    385,
                    386,
                    387,
                    388,
                    389,
                    390,
                    391,
                    392,
                    393,
                    394,
                    395,
                    396,
                    397,
                    398,
                    399
                ]
            ],
            "labels": [
                [
                    0,
                    0,
                    0,
                    0,
                    0,
                    0,
                    0,
                    0,
                    0,
                    0,
                    0,
                    0,
                    0,
                    0,
                    0,
                    0,
                    0,
                    0,
                    0,
                    0
                ]
            ],
            "CPU Usage": 46.7,
            "RAM Usage": 55.2,
            "GPU Usage": 0.0,
            "VRAM Usage": 355.0,
            "Disk Read Speed (MB/s)": 206644.2802734375,
            "Disk Write Speed (MB/s)": 410856.4150390625
        },
        {
            "step": 2,
            "train_loss": 0.013166691176593304,
            "actions_pred1": [
                [
                    [
                        0.44875770807266235,
                        0.6155556440353394,
                        1.6907038688659668,
                        -2.4328951835632324
                    ],
                    [
                        0.3161337077617645,
                        0.7114449739456177,
                        1.741416335105896,
                        -2.5178170204162598
                    ],
                    [
                        0.37695395946502686,
                        0.6922721862792969,
                        1.7643742561340332,
                        -2.381695508956909
                    ],
                    [
                        0.4250152111053467,
                        0.6270222067832947,
                        2.0620648860931396,
                        -2.6052896976470947
                    ],
                    [
                        0.4098144769668579,
                        0.8391807079315186,
                        2.2252066135406494,
                        -2.8124828338623047
                    ],
                    [
                        0.5728773474693298,
                        0.7683864235877991,
                        2.0839312076568604,
                        -2.7895984649658203
                    ],
                    [
                        0.4455951750278473,
                        0.7511784434318542,
                        1.8966010808944702,
                        -2.8889098167419434
                    ],
                    [
                        0.6443113088607788,
                        0.9597236514091492,
                        1.9177498817443848,
                        -2.8410165309906006
                    ],
                    [
                        0.7298214435577393,
                        0.9953646063804626,
                        1.8431551456451416,
                        -2.743413209915161
                    ],
                    [
                        0.5562822222709656,
                        0.9455119967460632,
                        1.9655370712280273,
                        -2.784044027328491
                    ],
                    [
                        0.6952105164527893,
                        0.9829599857330322,
                        2.4224090576171875,
                        -3.148236036300659
                    ],
                    [
                        0.6687132120132446,
                        0.8823269009590149,
                        2.242088794708252,
                        -2.893205165863037
                    ],
                    [
                        0.6474282741546631,
                        0.7144719958305359,
                        2.2414956092834473,
                        -3.0392470359802246
                    ],
                    [
                        0.7210901975631714,
                        0.7707065939903259,
                        2.264657497406006,
                        -3.1570262908935547
                    ],
                    [
                        0.7539281249046326,
                        0.8400442004203796,
                        2.3140199184417725,
                        -3.280618667602539
                    ],
                    [
                        0.7505401372909546,
                        0.9282944202423096,
                        2.3424479961395264,
                        -3.2499969005584717
                    ],
                    [
                        0.7435916662216187,
                        0.9018398523330688,
                        2.262511730194092,
                        -3.1354780197143555
                    ],
                    [
                        0.6399531960487366,
                        0.9970895648002625,
                        2.121532440185547,
                        -2.9696898460388184
                    ],
                    [
                        0.5408799648284912,
                        1.1357840299606323,
                        2.245164632797241,
                        -3.158759593963623
                    ],
                    [
                        0.5935958027839661,
                        1.2237656116485596,
                        2.3574066162109375,
                        -3.171168327331543
                    ]
                ]
            ],
            "actions_pred": [
                [
                    [
                        0.44875770807266235,
                        0.3161337077617645,
                        0.37695395946502686,
                        0.4250152111053467,
                        0.4098144769668579,
                        0.5728773474693298,
                        0.4455951750278473,
                        0.6443113088607788,
                        0.7298214435577393,
                        0.5562822222709656,
                        0.6952105164527893,
                        0.6687132120132446,
                        0.6474282741546631,
                        0.7210901975631714,
