{
    "steps": [
        {
            "step": 0,
            "train_loss": 8.511242776876315e-05,
            "actions_pred1": [
                [
                    [
                        -1.1904174089431763,
                        3.7862415313720703,
                        -2.3571903705596924,
                        -4.7315568923950195
                    ],
                    [
                        -1.670238733291626,
                        4.262101650238037,
                        -2.7170867919921875,
                        -5.327352046966553
                    ],
                    [
                        -1.1247167587280273,
                        5.062449932098389,
                        -2.8548667430877686,
                        -5.105930805206299
                    ],
                    [
                        -0.8656318187713623,
                        5.620002746582031,
                        -2.952939033508301,
                        -4.979105472564697
                    ],
                    [
                        -0.8239853978157043,
                        5.739543437957764,
                        -2.9019007682800293,
                        -5.473990440368652
                    ],
                    [
                        -0.8849325180053711,
                        5.779540061950684,
                        -2.9457428455352783,
                        -5.604499816894531
                    ],
                    [
                        -0.8340768814086914,
                        5.533588409423828,
                        -2.8552708625793457,
                        -5.50667667388916
                    ],
                    [
                        -0.5892016291618347,
                        5.773681163787842,
                        -2.610657215118408,
                        -5.584230899810791
                    ],
                    [
                        -0.5528719425201416,
                        5.54628849029541,
                        -2.571087121963501,
                        -5.560825347900391
                    ],
                    [
                        -0.6443147659301758,
                        5.4785356521606445,
                        -2.5969855785369873,
                        -5.757662773132324
                    ],
                    [
                        -0.6579629778862,
                        5.713587760925293,
                        -2.6021502017974854,
                        -5.799462795257568
                    ],
                    [
                        -0.4028885066509247,
                        5.7665815353393555,
                        -2.6137750148773193,
                        -5.673983573913574
                    ],
                    [
                        -0.2579941749572754,
                        5.943389415740967,
                        -2.5568437576293945,
                        -5.793795108795166
                    ],
                    [
                        -0.3516169488430023,
                        6.0115556716918945,
                        -2.5229790210723877,
                        -5.934507369995117
                    ],
                    [
                        -0.26448479294776917,
                        5.998825550079346,
                        -2.5106325149536133,
                        -6.018759727478027
                    ],
                    [
                        -0.18863597512245178,
                        5.770357608795166,
                        -2.7650070190429688,
                        -5.996731758117676
                    ],
                    [
                        -0.1671997755765915,
                        5.767508506774902,
                        -2.643617868423462,
                        -6.137292861938477
                    ],
                    [
                        -0.17363791167736053,
                        5.710392951965332,
                        -2.5139663219451904,
                        -6.218479156494141
                    ],
                    [
                        -0.10344278812408447,
                        6.000328063964844,
                        -2.4802019596099854,
                        -6.274846076965332
                    ],
                    [
                        0.10743072628974915,
                        5.790294170379639,
                        -2.3984696865081787,
                        -6.0680155754089355
                    ]
                ]
            ],
            "actions_pred": [
                [
                    [
                        -1.1904174089431763,
                        -1.670238733291626,
                        -1.1247167587280273,
                        -0.8656318187713623,
                        -0.8239853978157043,
                        -0.8849325180053711,
                        -0.8340768814086914,
                        -0.5892016291618347,
                        -0.5528719425201416,
                        -0.6443147659301758,
                        -0.6579629778862,
                        -0.4028885066509247,
                        -0.2579941749572754,
                        -0.3516169488430023,
                        -0.26448479294776917,
                        -0.18863597512245178,
                        -0.1671997755765915,
                        -0.17363791167736053,
                        -0.10344278812408447,
                        0.10743072628974915
                    ],
                    [
                        3.7862415313720703,
                        4.262101650238037,
                        5.062449932098389,
                        5.620002746582031,
                        5.739543437957764,
                        5.779540061950684,
                        5.533588409423828,
                        5.773681163787842,
                        5.54628849029541,
                        5.4785356521606445,
                        5.713587760925293,
                        5.7665815353393555,
                        5.943389415740967,
                        6.0115556716918945,
                        5.998825550079346,
                        5.770357608795166,
                        5.767508506774902,
                        5.710392951965332,
                        6.000328063964844,
                        5.790294170379639
                    ],
                    [
                        -2.3571903705596924,
                        -2.7170867919921875,
                        -2.8548667430877686,
                        -2.952939033508301,
                        -2.9019007682800293,
                        -2.9457428455352783,
                        -2.8552708625793457,
                        -2.610657215118408,
                        -2.571087121963501,
                        -2.5969855785369873,
                        -2.6021502017974854,
                        -2.6137750148773193,
                        -2.5568437576293945,
                        -2.5229790210723877,
                        -2.5106325149536133,
                        -2.7650070190429688,
                        -2.643617868423462,
                        -2.5139663219451904,
                        -2.4802019596099854,
                        -2.3984696865081787
                    ],
                    [
                        -4.7315568923950195,
                        -5.327352046966553,
                        -5.105930805206299,
                        -4.979105472564697,
                        -5.473990440368652,
                        -5.604499816894531,
                        -5.50667667388916,
                        -5.584230899810791,
                        -5.560825347900391,
                        -5.757662773132324,
                        -5.799462795257568,
                        -5.673983573913574,
                        -5.793795108795166,
                        -5.934507369995117,
                        -6.018759727478027,
                        -5.996731758117676,
                        -6.137292861938477,
                        -6.218479156494141,
                        -6.274846076965332,
                        -6.0680155754089355
                    ]
                ]
            ],
            "states": [
                [
                    [
                        3840096.0,
                        2.92694730887888e-05,
                        0.00022606240236200392,
                        669392.5
                    ],
                    [
                        5186736.0,
                        2.8975890018045902e-05,
                        0.0002532026555854827,
                        623919.4375
                    ],
                    [
                        4765368.0,
                        2.86587583104847e-05,
                        0.0002667571825440973,
                        632646.8125
                    ],
                    [
                        6161240.0,
                        2.8318694603512995e-05,
                        0.00026687141507864,
                        545136.5625
                    ],
                    [
                        6174272.0,
                        2.7944166504312307e-05,
                        0.0002529114135541022,
                        614846.3125
                    ],
                    [
                        5751456.0,
                        2.7591326215770096e-05,
                        0.0002583715249784291,
                        530205.9375
                    ],
                    [
                        7742456.0,
                        2.720300471992232e-05,
                        0.001365873496979475,
                        538990.625
                    ],
                    [
                        6206128.0,
                        2.6812451324076392e-05,
                        0.0008239395683631301,
                        520321.9375
                    ],
                    [
                        5211352.0,
                        2.6501078536966816e-05,
                        0.0005388445570133626,
                        565831.875
                    ],
                    [
                        4737856.0,
                        2.623563341330737e-05,
                        0.0005018769879825413,
                        557744.25
                    ],
                    [
                        3256552.0,
                        2.6026094928965904e-05,
                        0.0005396626074798405,
                        583406.625
                    ],
                    [
                        2370376.0,
                        2.588063398434315e-05,
                        0.00039070475031621754,
                        599303.875
                    ],
                    [
                        3150848.0,
                        2.573955680418294e-05,
                        0.00037147922557778656,
                        638024.3125
                    ],
                    [
                        4121008.0,
                        2.5556088075973094e-05,
                        0.00035373689024709165,
                        613075.625
                    ],
                    [
                        3627240.0,
                        2.5363364329678006e-05,
                        0.0003472233365755528,
                        713559.4375
                    ],
                    [
                        4171688.0,
                        2.5172355890390463e-05,
                        0.00021890846255701035,
                        610763.0
                    ],
                    [
                        2390648.0,
                        2.501373273844365e-05,
                        0.00019109471759293228,
                        629310.5
                    ],
                    [
                        3237728.0,
                        2.487938036210835e-05,
                        0.00025023153284564614,
                        525239.375
                    ],
                    [
                        5175152.0,
                        2.4681297873030417e-05,
                        0.000305382302030921,
                        610625.375
                    ],
                    [
                        4510520.0,
                        2.445693280606065e-05,
                        0.00029567780438810587,
                        582702.6875
                    ]
                ]
            ],
            "actions": [
                [
                    [
                        0.5
                    ],
                    [
                        0.5
                    ],
                    [
                        0.5
                    ],
                    [
                        0.5
                    ],
                    [
                        0.5
                    ],
                    [
                        0.5
                    ],
                    [
                        0.5
                    ],
                    [
                        0.5
                    ],
                    [
                        0.5
                    ],
                    [
                        0.5
                    ],
                    [
                        0.5
                    ],
                    [
                        0.5
                    ],
                    [
                        0.5
                    ],
                    [
                        0.5
                    ],
                    [
                        0.5
                    ],
                    [
                        0.5
                    ],
                    [
                        0.5
                    ],
                    [
                        0.5
                    ],
                    [
                        0.5
                    ],
                    [
                        0.5
                    ]
                ]
            ],
            "returns": [
                [
                    [
                        0.11548818647861481
                    ],
                    [
                        0.11458403617143631
                    ],
                    [
                        0.11365323513746262
                    ],
                    [
                        0.11272994428873062
                    ],
                    [
                        0.11178387701511383
                    ],
                    [
                        0.11083762347698212
                    ],
                    [
                        0.1098976582288742
                    ],
                    [
                        0.10893134027719498
                    ],
                    [
                        0.10798463225364685
                    ],
                    [
                        0.10705341398715973
                    ],
                    [
                        0.10613063722848892
                    ],
                    [
                        0.10524109750986099
                    ],
                    [
                        0.10437972098588943
                    ],
                    [
                        0.1034931093454361
                    ],
                    [
                        0.10258270055055618
                    ],
                    [
                        0.1016836017370224
                    ],
                    [
                        0.10077211260795593
                    ],
                    [
                        0.09990997612476349
                    ],
                    [
                        0.09902095794677734
                    ],
                    [
                        0.09809035062789917
                    ]
                ]
            ],
            "timesteps": [
                [
                    500,
                    501,
                    502,
                    503,
                    504,
                    505,
                    506,
                    507,
                    508,
                    509,
                    510,
                    511,
                    512,
                    513,
                    514,
                    515,
                    516,
                    517,
                    518,
                    519
                ]
            ],
            "labels": [
                [
                    1,
                    1,
                    1,
                    1,
                    1,
                    1,
                    1,
                    1,
                    1,
                    1,
                    1,
                    1,
                    1,
                    1,
                    1,
                    1,
                    1,
                    1,
                    1,
                    1
                ]
            ],
            "CPU Usage": 46.4,
            "RAM Usage": 55.0,
            "GPU Usage": 0.0,
            "VRAM Usage": 355.0,
            "Disk Read Speed (MB/s)": 206670.2490234375,
            "Disk Write Speed (MB/s)": 444083.8486328125
        },
        {
            "step": 1,
            "train_loss": 3.890361404046416e-05,
            "actions_pred1": [
                [
                    [
                        5.728400230407715,
                        0.678763747215271,
                        0.9727095365524292,
                        -4.860762596130371
                    ],
                    [
                        6.569849014282227,
                        -0.3099270164966583,
                        0.06460273265838623,
                        -4.7936601638793945
                    ],
                    [
                        6.844836235046387,
                        -0.7136194705963135,
                        -0.34247177839279175,
                        -5.120022773742676
                    ],
                    [
                        7.178083896636963,
                        -0.7767342329025269,
                        -0.5839149951934814,
                        -5.480343818664551
                    ],
                    [
                        7.666603088378906,
                        -0.6101342439651489,
                        -0.8062354922294617,
                        -5.7451324462890625
                    ],
                    [
                        7.742099285125732,
                        -0.66972815990448,
                        -0.6746648550033569,
                        -6.0725507736206055
                    ],
                    [
                        7.787296295166016,
                        -0.4687233567237854,
                        -0.9375536441802979,
                        -5.966404914855957
                    ],
                    [
                        7.911393165588379,
                        -0.5220232009887695,
                        -0.9205310940742493,
                        -6.373757362365723
                    ],
                    [
                        7.990283489227295,
                        0.09445470571517944,
                        -0.5358452200889587,
                        -6.70693302154541
                    ],
                    [
                        8.395026206970215,
                        0.1604093313217163,
                        -0.6147352457046509,
                        -6.8191986083984375
                    ],
                    [
                        8.63615608215332,
                        -0.008924782276153564,
                        -0.7561651468276978,
                        -6.897246360778809
                    ],
                    [
                        8.66938304901123,
                        0.0016897916793823242,
                        -0.7394633293151855,
                        -6.743523597717285
                    ],
                    [
                        8.689459800720215,
                        0.040456414222717285,
                        -0.7112382650375366,
                        -6.773538589477539
                    ],
                    [
                        8.637452125549316,
                        -0.024752914905548096,
                        -0.47406378388404846,
                        -6.48319149017334
                    ],
                    [
                        8.656023025512695,
                        -0.08600270748138428,
                        -0.4189087450504303,
                        -6.223193168640137
                    ],
                    [
                        8.372040748596191,
                        -0.330810010433197,
                        -0.5507057309150696,
                        -5.973607063293457
                    ],
                    [
                        8.465984344482422,
                        -0.13235688209533691,
                        -0.707444965839386,
                        -6.360796928405762
                    ],
                    [
                        8.543914794921875,
                        -0.12545126676559448,
                        -0.8958579301834106,
                        -6.301435470581055
                    ],
                    [
                        8.5946683883667,
                        -0.049616098403930664,
                        -0.8419405817985535,
                        -6.217002868652344
                    ],
                    [
                        8.616813659667969,
                        0.06062281131744385,
                        -0.5702848434448242,
                        -6.525006294250488
                    ]
                ]
            ],
            "actions_pred": [
                [
                    [
                        5.728400230407715,
                        6.569849014282227,
                        6.844836235046387,
                        7.178083896636963,
                        7.666603088378906,
                        7.742099285125732,
                        7.787296295166016,
                        7.911393165588379,
                        7.990283489227295,
                        8.395026206970215,
                        8.63615608215332,
                        8.66938304901123,
                        8.689459800720215,
                        8.637452125549316,
                        8.656023025512695,
                        8.372040748596191,
                        8.465984344482422,
                        8.543914794921875,
                        8.5946683883667,
                        8.616813659667969
                    ],
                    [
                        0.678763747215271,
                        -0.3099270164966583,
                        -0.7136194705963135,
                        -0.7767342329025269,
                        -0.6101342439651489,
                        -0.66972815990448,
                        -0.4687233567237854,
                        -0.5220232009887695,
                        0.09445470571517944,
                        0.1604093313217163,
                        -0.008924782276153564,
                        0.0016897916793823242,
                        0.040456414222717285,
                        -0.024752914905548096,
                        -0.08600270748138428,
                        -0.330810010433197,
                        -0.13235688209533691,
                        -0.12545126676559448,
                        -0.049616098403930664,
                        0.06062281131744385
                    ],
                    [
                        0.9727095365524292,
                        0.06460273265838623,
                        -0.34247177839279175,
                        -0.5839149951934814,
                        -0.8062354922294617,
                        -0.6746648550033569,
                        -0.9375536441802979,
                        -0.9205310940742493,
                        -0.5358452200889587,
                        -0.6147352457046509,
                        -0.7561651468276978,
                        -0.7394633293151855,
                        -0.7112382650375366,
                        -0.47406378388404846,
                        -0.4189087450504303,
                        -0.5507057309150696,
                        -0.707444965839386,
                        -0.8958579301834106,
                        -0.8419405817985535,
                        -0.5702848434448242
                    ],
                    [
                        -4.860762596130371,
                        -4.7936601638793945,
                        -5.120022773742676,
                        -5.480343818664551,
                        -5.7451324462890625,
                        -6.0725507736206055,
                        -5.966404914855957,
                        -6.373757362365723,
                        -6.70693302154541,
                        -6.8191986083984375,
                        -6.897246360778809,
                        -6.743523597717285,
                        -6.773538589477539,
                        -6.48319149017334,
                        -6.223193168640137,
                        -5.973607063293457,
                        -6.360796928405762,
                        -6.301435470581055,
                        -6.217002868652344,
                        -6.525006294250488
                    ]
                ]
            ],
            "states": [
                [
                    [
                        5130264.0,
                        9.53052585828118e-06,
                        0.00017112551722675562,
                        484343.53125
                    ],
                    [
                        5473440.0,
                        9.464440154260956e-06,
                        0.00025726869353093207,
                        530369.25
                    ],
                    [
                        5615344.0,
                        9.396303539688233e-06,
                        0.000244751397985965,
                        507658.4375
                    ],
                    [
                        5705120.0,
                        9.327747648057994e-06,
                        0.0002547030453570187,
                        475297.125
                    ],
                    [
                        5661680.0,
                        9.25990843825275e-06,
                        0.0002602769818622619,
                        509474.46875
                    ],
                    [
                        5626928.0,
                        9.193505320581608e-06,
                        0.00028401854797266424,
                        512406.875
                    ],
                    [
                        7240000.0,
                        9.118992238654755e-06,
                        0.00026182830333709717,
                        473767.34375
                    ],
                    [
                        6098976.0,
                        9.042967576533556e-06,
                        0.00025427230866625905,
                        486137.84375
                    ],
                    [
                        5957072.0,
                        8.975355740403756e-06,
                        0.00025071317213587463,
                        481721.90625
                    ],
                    [
                        6045400.0,
                        8.909044481697492e-06,
                        0.000257556646829471,
                        512695.15625
                    ],
                    [
                        5554528.0,
                        8.845872798701748e-06,
                        0.0002534309751354158,
                        490408.03125
                    ],
                    [
                        5395248.0,
                        8.787061233306304e-06,
                        0.00019772094674408436,
                        502051.125
                    ],
                    [
                        6014992.0,
                        8.726612577447668e-06,
                        0.00023689404770266265,
                        496127.90625
                    ],
                    [
                        5615344.0,
                        8.665836503496394e-06,
                        0.00024040597782004625,
                        497831.1875
                    ],
                    [
                        5961416.0,
                        8.60618456499651e-06,
                        0.00023798528127372265,
                        498399.9375
                    ],
                    [
                        5690640.0,
                        8.546960089006461e-06,
                        0.0002599294239189476,
                        501903.53125
                    ],
                    [
                        6043952.0,
                        8.48813488119049e-06,
                        0.0002636733988765627,
                        501576.46875
                    ],
                    [
                        7975584.0,
                        8.418936886300799e-06,
                        0.00023683813924435526,
                        444337.65625
                    ],
                    [
                        5891912.0,
                        8.351544238394126e-06,
                        0.0002558637352194637,
                        498428.25
                    ],
                    [
                        6125040.0,
                        8.294033250422217e-06,
                        0.00024174025747925043,
                        501703.09375
                    ]
                ]
            ],
            "actions": [
                [
                    [
                        0.25
                    ],
                    [
                        0.25
                    ],
                    [
                        0.25
                    ],
                    [
                        0.25
                    ],
                    [
                        0.25
                    ],
                    [
                        0.25
                    ],
                    [
                        0.25
                    ],
                    [
                        0.25
                    ],
                    [
                        0.25
                    ],
                    [
                        0.25
                    ],
                    [
                        0.25
                    ],
                    [
                        0.25
                    ],
                    [
                        0.25
                    ],
                    [
                        0.25
                    ],
                    [
                        0.25
                    ],
                    [
                        0.25
                    ],
                    [
                        0.25
                    ],
                    [
                        0.25
                    ],
                    [
                        0.25
                    ],
                    [
                        0.25
                    ]
                ]
            ],
            "returns": [
                [
                    [
                        0.20859551429748535
                    ],
                    [
                        0.20766568183898926
                    ],
                    [
                        0.20673011243343353
                    ],
                    [
                        0.20579227805137634
                    ],
                    [
                        0.20485302805900574
                    ],
                    [
                        0.20391446352005005
                    ],
                    [
                        0.20297643542289734
                    ],
                    [
                        0.20201605558395386
                    ],
                    [
                        0.2010708898305893
                    ],
                    [
                        0.20012782514095306
                    ],
                    [
                        0.19918343424797058
                    ],
                    [
                        0.1982465535402298
                    ],
                    [
                        0.19731226563453674
                    ],
                    [
                        0.19636832177639008
                    ],
                    [
                        0.19543048739433289
                    ],
                    [
                        0.19448734819889069
                    ],
                    [
                        0.193548321723938
                    ],
                    [
                        0.1926039606332779
                    ],
                    [
                        0.19163501262664795
                    ],
                    [
                        0.19069290161132812
                    ]
                ]
            ],
            "timesteps": [
                [
                    400,
                    401,
                    402,
                    403,
                    404,
                    405,
                    406,
                    407,
                    408,
                    409,
                    410,
                    411,
                    412,
                    413,
                    414,
                    415,
                    416,
                    417,
                    418,
                    419
                ]
            ],
            "labels": [
                [
                    0,
                    0,
                    0,
                    0,
                    0,
                    0,
                    0,
                    0,
                    0,
                    0,
                    0,
                    0,
                    0,
                    0,
                    0,
                    0,
                    0,
                    0,
                    0,
                    0
                ]
            ],
            "CPU Usage": 46.7,
            "RAM Usage": 55.3,
            "GPU Usage": 0.0,
            "VRAM Usage": 355.0,
            "Disk Read Speed (MB/s)": 206670.2490234375,
            "Disk Write Speed (MB/s)": 444084.0400390625
        },
        {
            "step": 2,
            "train_loss": 4.697814438259229e-05,
            "actions_pred1": [
                [
                    [
                        0.5301204323768616,
                        5.439299583435059,
                        -0.771936297416687,
                        -4.822380065917969
                    ],
                    [
                        0.10218296200037003,
                        6.413652420043945,
                        -1.6843985319137573,
                        -3.9306769371032715
                    ],
                    [
                        -0.05285331606864929,
                        6.644346714019775,
                        -1.5464494228363037,
                        -3.3362579345703125
                    ],
                    [
                        -0.12259352207183838,
                        6.838314056396484,
                        -1.6764589548110962,
                        -3.2715063095092773
                    ],
                    [
                        -0.1906430572271347,
                        7.148421287536621,
                        -1.8740382194519043,
                        -3.3680312633514404
                    ],
                    [
                        0.10584032535552979,
                        7.427001476287842,
                        -2.070242166519165,
                        -3.3527684211730957
                    ],
                    [
                        0.13158069550991058,
                        7.508980751037598,
                        -2.2024641036987305,
                        -3.856546640396118
                    ],
                    [
                        0.21097633242607117,
                        7.71495246887207,
                        -1.949839472770691,
                        -3.952301025390625
                    ],
                    [
                        0.16922424733638763,
                        7.849148750305176,
                        -1.7869231700897217,
                        -3.9013266563415527
                    ],
                    [
                        0.20269443094730377,
                        7.627197265625,
                        -2.006024122238159,
                        -4.0492167472839355
                    ],
                    [
                        0.3131316304206848,
                        7.552454948425293,
                        -1.9126369953155518,
                        -4.006881237030029
                    ],
                    [
                        0.2882772386074066,
                        7.435535430908203,
                        -1.8583539724349976,
                        -4.241343975067139
                    ],
                    [
                        0.46203118562698364,
                        7.473523139953613,
                        -1.8350441455841064,
                        -4.317409038543701
                    ],
                    [
                        0.46107712388038635,
                        7.303380012512207,
                        -1.9294750690460205,
                        -4.3142218589782715
                    ],
                    [
                        0.3732478618621826,
                        7.2818474769592285,
                        -2.0137224197387695,
                        -4.099204063415527
                    ],
                    [
                        0.39910852909088135,
                        7.162471771240234,
                        -2.1064162254333496,
                        -4.00370979309082
                    ],
                    [
                        0.3146391212940216,
                        7.150147438049316,
                        -2.165848970413208,
                        -4.107125282287598
                    ],
                    [
                        0.36632204055786133,
                        7.098469257354736,
                        -2.0617573261260986,
                        -4.190415859222412
                    ],
                    [
                        0.30856066942214966,
                        7.024321556091309,
                        -1.7773147821426392,
                        -4.337790489196777
                    ],
                    [
                        0.38969987630844116,
                        6.927209377288818,
                        -1.7565102577209473,
                        -4.420189380645752
                    ]
                ]
            ],
            "actions_pred": [
                [
                    [
                        0.5301204323768616,
                        0.10218296200037003,
                        -0.05285331606864929,
                        -0.12259352207183838,
                        -0.1906430572271347,
                        0.10584032535552979,
                        0.13158069550991058,
                        0.21097633242607117,
                        0.16922424733638763,
                        0.20269443094730377,
                        0.3131316304206848,
