{
    "steps": [
        {
            "step": 0,
            "train_loss": 0.037737105041742325,
            "actions_pred1": [
                [
                    [
                        0.24904805421829224,
                        0.6063215732574463,
                        1.4429734945297241,
                        -1.435699701309204
                    ],
                    [
                        0.2044452279806137,
                        0.616714358329773,
                        1.5391409397125244,
                        -1.4778797626495361
                    ],
                    [
                        0.15239551663398743,
                        0.756406307220459,
                        1.4174801111221313,
                        -1.5442306995391846
                    ],
                    [
                        -0.0313115268945694,
                        0.8590120077133179,
                        1.5244303941726685,
                        -1.639052391052246
                    ],
                    [
                        0.05689974129199982,
                        0.9847949743270874,
                        1.4297672510147095,
                        -1.544379711151123
                    ],
                    [
                        0.15094143152236938,
                        0.8040218353271484,
                        1.223646879196167,
                        -1.565333366394043
                    ],
                    [
                        0.168253555893898,
                        0.8231956958770752,
                        1.2150700092315674,
                        -1.590446949005127
                    ],
                    [
                        0.14247706532478333,
                        1.0284751653671265,
                        1.3160916566848755,
                        -1.523158311843872
                    ],
                    [
                        0.17553427815437317,
                        0.9461005926132202,
                        1.3951776027679443,
                        -1.5417906045913696
                    ],
                    [
                        0.21656006574630737,
                        0.9272520542144775,
                        1.349252462387085,
                        -1.642795443534851
                    ],
                    [
                        0.18960562348365784,
                        0.9432536959648132,
                        1.3312404155731201,
                        -1.6119143962860107
                    ],
                    [
                        0.18894585967063904,
                        1.002237319946289,
                        1.3027790784835815,
                        -1.672441005706787
                    ],
                    [
                        0.13898180425167084,
                        1.0677387714385986,
                        1.4022310972213745,
                        -1.7799687385559082
                    ],
                    [
                        0.39632880687713623,
                        1.101863145828247,
                        1.4075665473937988,
                        -1.7737658023834229
                    ],
                    [
                        0.3543403148651123,
                        1.1441670656204224,
                        1.3722960948944092,
                        -1.7154932022094727
                    ],
                    [
                        0.3154608905315399,
                        1.0330532789230347,
                        1.3878272771835327,
                        -1.762313961982727
                    ],
                    [
                        0.2718319296836853,
                        0.895749568939209,
                        1.4867045879364014,
                        -1.7169175148010254
                    ],
                    [
                        0.2954104542732239,
                        0.8752515316009521,
                        1.3978747129440308,
                        -1.6570115089416504
                    ],
                    [
                        0.31347090005874634,
                        0.9741318225860596,
                        1.555100440979004,
                        -1.7341104745864868
                    ],
                    [
                        0.37437447905540466,
                        0.9403281211853027,
                        1.6162254810333252,
                        -1.6861834526062012
                    ]
                ]
            ],
            "actions_pred": [
                [
                    [
                        0.24904805421829224,
                        0.2044452279806137,
                        0.15239551663398743,
                        -0.0313115268945694,
                        0.05689974129199982,
                        0.15094143152236938,
                        0.168253555893898,
                        0.14247706532478333,
                        0.17553427815437317,
                        0.21656006574630737,
                        0.18960562348365784,
                        0.18894585967063904,
                        0.13898180425167084,
                        0.39632880687713623,
                        0.3543403148651123,
                        0.3154608905315399,
                        0.2718319296836853,
                        0.2954104542732239,
                        0.31347090005874634,
                        0.37437447905540466
                    ],
                    [
                        0.6063215732574463,
                        0.616714358329773,
                        0.756406307220459,
                        0.8590120077133179,
                        0.9847949743270874,
                        0.8040218353271484,
                        0.8231956958770752,
                        1.0284751653671265,
                        0.9461005926132202,
                        0.9272520542144775,
                        0.9432536959648132,
                        1.002237319946289,
                        1.0677387714385986,
                        1.101863145828247,
                        1.1441670656204224,
                        1.0330532789230347,
                        0.895749568939209,
                        0.8752515316009521,
                        0.9741318225860596,
                        0.9403281211853027
                    ],
                    [
                        1.4429734945297241,
                        1.5391409397125244,
                        1.4174801111221313,
                        1.5244303941726685,
                        1.4297672510147095,
                        1.223646879196167,
                        1.2150700092315674,
                        1.3160916566848755,
                        1.3951776027679443,
                        1.349252462387085,
                        1.3312404155731201,
                        1.3027790784835815,
                        1.4022310972213745,
                        1.4075665473937988,
                        1.3722960948944092,
                        1.3878272771835327,
                        1.4867045879364014,
                        1.3978747129440308,
                        1.555100440979004,
                        1.6162254810333252
                    ],
                    [
                        -1.435699701309204,
                        -1.4778797626495361,
                        -1.5442306995391846,
                        -1.639052391052246,
                        -1.544379711151123,
                        -1.565333366394043,
                        -1.590446949005127,
                        -1.523158311843872,
                        -1.5417906045913696,
                        -1.642795443534851,
                        -1.6119143962860107,
                        -1.672441005706787,
                        -1.7799687385559082,
                        -1.7737658023834229,
                        -1.7154932022094727,
                        -1.762313961982727,
                        -1.7169175148010254,
                        -1.6570115089416504,
                        -1.7341104745864868,
                        -1.6861834526062012
                    ]
                ]
            ],
            "states": [
                [
                    [
                        5354704.0,
                        8.239823728217743e-06,
                        0.00025337765691801906,
                        501396.375
                    ],
                    [
                        6112008.0,
                        8.186386367015075e-06,
                        0.00023226119810715318,
                        493386.84375
                    ],
                    [
                        437474.0,
                        0.04059061408042908,
                        0.000310274597723037,
                        179519.703125
                    ],
                    [
                        742824.0,
                        0.00568061089143157,
                        0.00025462565827183425,
                        494869.5625
                    ],
                    [
                        1293064.0,
                        0.002463217591866851,
                        0.00027542549651116133,
                        568802.125
                    ],
                    [
                        2754096.0,
                        0.001175331766717136,
                        0.00025879128952510655,
                        506395.59375
                    ],
                    [
                        4959400.0,
                        0.0005831622984260321,
                        0.0002528103068470955,
                        510830.5
                    ],
                    [
                        7180632.0,
                        0.0003223789972253144,
                        0.00020026147831231356,
                        497092.78125
                    ],
                    [
                        10328584.0,
                        0.00019613979384303093,
                        0.00022364039614330977,
                        447740.25
                    ],
                    [
                        9514808.0,
                        0.00013474683510139585,
                        0.0002323320077266544,
                        458092.9375
                    ],
                    [
                        9614720.0,
                        0.00010378147271694615,
                        0.00023472661268897355,
                        451882.15625
                    ],
                    [
                        11055480.0,
                        8.32404475659132e-05,
                        0.00024062122975010425,
                        451078.96875
                    ],
                    [
                        10631216.0,
                        6.886368646519259e-05,
                        0.0001874879380920902,
                        454141.4375
                    ],
                    [
                        9736352.0,
                        5.92533870076295e-05,
                        0.00025532711879350245,
                        501440.96875
                    ],
                    [
                        5832544.0,
                        5.351470463210717e-05,
                        0.0002452299522701651,
                        514617.375
                    ],
                    [
                        4878312.0,
                        5.0193953939015046e-05,
                        0.00023082415282260627,
                        598373.25
                    ],
                    [
                        5687744.0,
                        4.730764703708701e-05,
                        0.00026125748991034925,
                        594833.125
                    ],
                    [
                        5154880.0,
                        4.466561586013995e-05,
                        0.00024003862927202135,
                        666985.1875
                    ],
                    [
                        5471992.0,
                        4.2350944568170235e-05,
                        0.00019315553072374314,
                        641558.875
                    ],
                    [
                        7102440.0,
                        3.9908583858050406e-05,
                        0.00022412248654291034,
                        477795.28125
                    ]
                ]
            ],
            "actions": [
                [
                    [
                        0.25
                    ],
                    [
                        0.25
                    ],
                    [
                        0.5
                    ],
                    [
                        0.5
                    ],
                    [
                        0.5
                    ],
                    [
                        0.5
                    ],
                    [
                        0.5
                    ],
                    [
                        0.5
                    ],
                    [
                        0.5
                    ],
                    [
                        0.5
                    ],
                    [
                        0.5
                    ],
                    [
                        0.5
                    ],
                    [
                        0.5
                    ],
                    [
                        0.5
                    ],
                    [
                        0.5
                    ],
                    [
                        0.5
                    ],
                    [
                        0.5
                    ],
                    [
                        0.5
                    ],
                    [
                        0.5
                    ],
                    [
                        0.5
                    ]
                ]
            ],
            "returns": [
                [
                    [
                        0.18974736332893372
                    ],
                    [
                        0.1888137310743332
                    ],
                    [
                        0.1878683865070343
                    ],
                    [
                        0.1871568113565445
                    ],
                    [
                        0.18639831244945526
                    ],
                    [
                        0.18559066951274872
                    ],
                    [
                        0.18471598625183105
                    ],
                    [
                        0.18378916382789612
                    ],
                    [
                        0.18282951414585114
                    ],
                    [
                        0.18183764815330505
                    ],
                    [
                        0.18085305392742157
                    ],
                    [
                        0.17986753582954407
                    ],
                    [
                        0.17886963486671448
                    ],
                    [
                        0.17787520587444305
                    ],
                    [
                        0.176888570189476
                    ],
                    [
                        0.17594735324382782
                    ],
                    [
                        0.17502199113368988
                    ],
                    [
                        0.17408300936222076
                    ],
                    [
                        0.17315275967121124
                    ],
                    [
                        0.1722172051668167
                    ]
                ]
            ],
            "timesteps": [
                [
                    420,
                    421,
                    422,
                    423,
                    424,
                    425,
                    426,
                    427,
                    428,
                    429,
                    430,
                    431,
                    432,
                    433,
                    434,
                    435,
                    436,
                    437,
                    438,
                    439
                ]
            ],
            "labels": [
                [
                    0,
                    0,
                    1,
                    1,
                    1,
                    1,
                    1,
                    1,
                    1,
                    1,
                    1,
                    1,
                    1,
                    1,
                    1,
                    1,
                    1,
                    1,
                    1,
                    1
                ]
            ],
            "CPU Usage": 45.1,
            "RAM Usage": 55.2,
            "GPU Usage": 0.0,
            "VRAM Usage": 355.0,
            "Disk Read Speed (MB/s)": 206398.7080078125,
            "Disk Write Speed (MB/s)": 389148.1025390625
        },
        {
            "step": 1,
            "train_loss": 0.05251840502023697,
            "actions_pred1": [
                [
                    [
                        -0.05292600393295288,
                        0.9958889484405518,
                        1.3695812225341797,
                        -1.5228058099746704
                    ],
                    [
                        0.014662213623523712,
                        0.7835276126861572,
                        1.341874122619629,
                        -1.448254108428955
                    ],
                    [
                        0.11587678641080856,
                        0.7212545871734619,
                        1.3752325773239136,
                        -1.5791819095611572
                    ],
                    [
                        0.19712217152118683,
                        0.7520372867584229,
                        1.437590479850769,
                        -1.3793113231658936
                    ],
                    [
                        0.364327996969223,
                        0.7567487359046936,
                        1.5050010681152344,
                        -1.460902214050293
                    ],
                    [
                        0.3785276710987091,
                        0.8278963565826416,
                        1.436423420906067,
                        -1.4572186470031738
                    ],
                    [
                        0.18860578536987305,
                        0.8746595978736877,
                        1.377227783203125,
                        -1.4938024282455444
                    ],
                    [
                        0.2392362356185913,
                        0.7936640977859497,
                        1.2237849235534668,
                        -1.6679747104644775
                    ],
                    [
                        0.2688814103603363,
                        0.6955893039703369,
                        1.2998427152633667,
                        -1.5902113914489746
                    ],
                    [
                        0.44002842903137207,
                        0.9158051013946533,
                        1.4043704271316528,
                        -1.7563846111297607
                    ],
                    [
                        0.6520738005638123,
                        1.0381312370300293,
                        1.4843884706497192,
                        -1.6170668601989746
                    ],
                    [
                        0.6785665154457092,
                        0.9915712475776672,
                        1.3378630876541138,
                        -1.5799280405044556
                    ],
                    [
                        0.6043205857276917,
                        1.077636480331421,
                        1.3639377355575562,
                        -1.6291601657867432
                    ],
                    [
                        0.5021209120750427,
                        0.9905925989151001,
                        1.418588638305664,
                        -1.6283327341079712
                    ],
                    [
                        0.47583985328674316,
                        0.8829719424247742,
                        1.280881643295288,
                        -1.6849589347839355
                    ],
                    [
                        0.5329602956771851,
                        0.8749354481697083,
                        1.263413667678833,
                        -1.7259663343429565
                    ],
                    [
                        0.4287160634994507,
                        0.9409982562065125,
                        1.3469624519348145,
                        -1.6638908386230469
                    ],
                    [
                        0.626336932182312,
                        0.9400668740272522,
                        1.2421104907989502,
                        -1.6188116073608398
                    ],
                    [
                        0.6258476972579956,
                        0.840540885925293,
                        1.043302297592163,
                        -1.4660683870315552
                    ],
                    [
                        0.5901598930358887,
                        0.8274974226951599,
                        1.2523045539855957,
                        -1.4156303405761719
                    ]
                ]
            ],
            "actions_pred": [
                [
                    [
                        -0.05292600393295288,
                        0.014662213623523712,
                        0.11587678641080856,
                        0.19712217152118683,
                        0.364327996969223,
                        0.3785276710987091,
                        0.18860578536987305,
                        0.2392362356185913,
                        0.2688814103603363,
                        0.44002842903137207,
                        0.6520738005638123,
                        0.6785665154457092,
                        0.6043205857276917,
                        0.5021209120750427,
                        0.47583985328674316,
                        0.5329602956771851,
                        0.4287160634994507,
                        0.626336932182312,
                        0.6258476972579956,
                        0.5901598930358887
                    ],
                    [
                        0.9958889484405518,
                        0.7835276126861572,
                        0.7212545871734619,
                        0.7520372867584229,
                        0.7567487359046936,
                        0.8278963565826416,
                        0.8746595978736877,
                        0.7936640977859497,
                        0.6955893039703369,
                        0.9158051013946533,
                        1.0381312370300293,
                        0.9915712475776672,
                        1.077636480331421,
                        0.9905925989151001,
                        0.8829719424247742,
                        0.8749354481697083,
                        0.9409982562065125,
                        0.9400668740272522,
                        0.840540885925293,
                        0.8274974226951599
                    ],
                    [
                        1.3695812225341797,
                        1.341874122619629,
                        1.3752325773239136,
                        1.437590479850769,
                        1.5050010681152344,
                        1.436423420906067,
                        1.377227783203125,
                        1.2237849235534668,
                        1.2998427152633667,
                        1.4043704271316528,
                        1.4843884706497192,
                        1.3378630876541138,
                        1.3639377355575562,
                        1.418588638305664,
                        1.280881643295288,
                        1.263413667678833,
                        1.3469624519348145,
                        1.2421104907989502,
                        1.043302297592163,
                        1.2523045539855957
                    ],
                    [
                        -1.5228058099746704,
                        -1.448254108428955,
                        -1.5791819095611572,
                        -1.3793113231658936,
                        -1.460902214050293,
                        -1.4572186470031738,
                        -1.4938024282455444,
                        -1.6679747104644775,
                        -1.5902113914489746,
                        -1.7563846111297607,
                        -1.6170668601989746,
                        -1.5799280405044556,
                        -1.6291601657867432,
                        -1.6283327341079712,
                        -1.6849589347839355,
                        -1.7259663343429565,
                        -1.6638908386230469,
                        -1.6188116073608398,
                        -1.4660683870315552,
                        -1.4156303405761719
                    ]
                ]
            ],
            "states": [
                [
                    [
                        1715880.0,
                        9.430604404769838e-05,
                        0.0053657107055187225,
                        470709.75
                    ],
                    [
                        1967832.0,
                        9.068279905477539e-05,
                        0.004402399994432926,
                        434480.75
                    ],
                    [
                        2130008.0,
                        8.69646537466906e-05,
                        0.004303366411477327,
                        508551.15625
                    ],
                    [
                        2267568.0,
                        8.329902630066499e-05,
                        0.003460775362327695,
                        467240.71875
                    ],
                    [
                        2448568.0,
                        7.969679427333176e-05,
                        0.003044134471565485,
                        537034.5
                    ],
                    [
                        2646944.0,
                        7.613936031702906e-05,
                        0.00288664479739964,
                        500456.03125
                    ],
                    [
                        1710088.0,
                        7.333141547860578e-05,
                        0.0027106136549264193,
                        490357.90625
                    ],
                    [
                        2580336.0,
                        7.077431655488908e-05,
                        0.0027518118731677532,
                        546850.6875
                    ],
                    [
                        2927856.0,
                        6.773720087949187e-05,
                        0.0026009255088865757,
                        496203.71875
                    ],
                    [
                        3168224.0,
                        6.466506602009758e-05,
                        0.002423960482701659,
                        507070.15625
                    ],
                    [
                        3505608.0,
                        6.160674092825502e-05,
                        0.002274049213156104,
                        516057.96875
                    ],
                    [
                        3553392.0,
                        5.866973879165016e-05,
                        0.0023237415589392185,
                        471484.09375
                    ],
                    [
                        4039920.0,
                        5.581038931268267e-05,
                        0.0021793735213577747,
                        501229.875
                    ],
                    [
                        4028336.0,
                        5.305969170876779e-05,
                        0.002523052040487528,
                        561908.75
                    ],
                    [
                        4312144.0,
                        5.04888485011179e-05,
                        0.002231767401099205,
                        502897.96875
                    ],
                    [
                        4776952.0,
                        4.795741187990643e-05,
                        0.0032643231097608805,
                        459673.25
                    ],
                    [
                        4743648.0,
                        4.5562293962575495e-05,
                        0.0020812072325497866,
                        515212.4375
                    ],
                    [
                        2971296.0,
                        4.3785152229247615e-05,
                        0.0015903349267318845,
                        502955.46875
                    ],
                    [
                        4981120.0,
                        4.21030999859795e-05,
                        0.0016534600872546434,
                        511202.4375
                    ],
                    [
                        4962296.0,
                        4.016688762931153e-05,
                        0.0014106292510405183,
                        493895.1875
                    ]
                ]
            ],
            "actions": [
                [
                    [
                        0.25
                    ],
                    [
                        0.25
                    ],
                    [
                        0.25
                    ],
                    [
                        0.25
                    ],
                    [
                        0.25
                    ],
                    [
                        0.25
                    ],
                    [
                        0.25
                    ],
                    [
                        0.25
                    ],
                    [
                        0.25
                    ],
                    [
                        0.25
                    ],
                    [
                        0.25
                    ],
                    [
                        0.25
                    ],
                    [
                        0.25
                    ],
                    [
                        0.25
                    ],
                    [
                        0.25
                    ],
                    [
                        0.25
                    ],
                    [
                        0.25
                    ],
                    [
                        0.25
                    ],
                    [
                        0.25
                    ],
                    [
                        0.25
                    ]
                ]
            ],
            "returns": [
                [
                    [
                        0.053779877722263336
                    ],
                    [
                        0.05294714868068695
                    ],
                    [
                        0.05210227146744728
                    ],
                    [
                        0.05125037208199501
                    ],
                    [
                        0.05039292573928833
                    ],
                    [
                        0.04952867329120636
                    ],
                    [
                        0.04865751042962074
                    ],
                    [
                        0.047825079411268234
                    ],
                    [
                        0.046956177800893784
                    ],
                    [
                        0.04607607424259186
                    ],
                    [
                        0.04518897458910942
                    ],
                    [
                        0.04429290443658829
                    ],
                    [
                        0.04339563474059105
                    ],
                    [
                        0.04248698428273201
                    ],
                    [
                        0.04157859459519386
                    ],
                    [
                        0.04066416248679161
                    ],
                    [
                        0.039740659296512604
                    ],
                    [
                        0.03881777450442314
                    ],
                    [
                        0.037936363369226456
                    ],
                    [
                        0.03700914978981018
                    ]
                ]
            ],
            "timesteps": [
                [
                    580,
                    581,
                    582,
                    583,
                    584,
                    585,
                    586,
                    587,
                    588,
                    589,
                    590,
                    591,
                    592,
                    593,
                    594,
                    595,
                    596,
                    597,
                    598,
                    599
                ]
            ],
            "labels": [
                [
                    0,
                    0,
                    0,
                    0,
                    0,
                    0,
                    0,
                    0,
                    0,
                    0,
                    0,
                    0,
                    0,
                    0,
                    0,
                    0,
                    0,
                    0,
                    0,
                    0
                ]
            ],
            "CPU Usage": 46.7,
            "RAM Usage": 55.4,
            "GPU Usage": 0.0,
            "VRAM Usage": 355.0,
            "Disk Read Speed (MB/s)": 206398.7080078125,
            "Disk Write Speed (MB/s)": 389148.5869140625
        },
        {
            "step": 2,
            "train_loss": 0.059356145560741425,
            "actions_pred1": [
                [
                    [
                        0.10074804723262787,
                        0.7404756546020508,
                        1.186737298965454,
                        -1.4750232696533203
                    ],
                    [
                        0.14385366439819336,
                        0.9331724643707275,
                        1.1514317989349365,
                        -1.293797254562378
                    ],
                    [
                        0.06853795796632767,
                        0.8732479810714722,
                        0.8899774551391602,
                        -1.1415510177612305
                    ],
                    [
                        0.04946698248386383,
                        0.8590196371078491,
                        0.8822162747383118,
                        -1.2150977849960327
                    ],
                    [
                        0.15286479890346527,
                        0.8003960847854614,
                        1.0885778665542603,
                        -1.4337633848190308
                    ],
                    [
                        0.09716568887233734,
                        0.8253816366195679,
                        1.247656226158142,
                        -1.413315773010254
                    ],
                    [
                        0.03668779134750366,
                        0.7724724411964417,
                        1.3352323770523071,
                        -1.4752936363220215
                    ],
                    [
                        -0.15111446380615234,
                        0.7982432842254639,
                        1.3108714818954468,
                        -1.5274147987365723
                    ],
                    [
                        -0.02693953365087509,
                        0.849279522895813,
                        1.4143911600112915,
                        -1.5089693069458008
                    ],
                    [
                        -0.04527120292186737,
                        0.8290660977363586,
                        1.5100840330123901,
                        -1.506406545639038
                    ],
                    [
                        -0.07497040927410126,
                        0.8203259706497192,
                        1.4338562488555908,
                        -1.542593240737915
                    ],
                    [
                        0.23227927088737488,
                        0.6200252175331116,
                        1.4450664520263672,
                        -1.6092567443847656
                    ],
                    [
                        0.09462547302246094,
                        0.6243140697479248,
                        1.4083037376403809,
                        -1.4721741676330566
                    ],
                    [
                        0.0987919270992279,
                        0.5671601295471191,
                        1.322761058807373,
                        -1.5752794742584229
                    ],
                    [
                        0.15585270524024963,
                        0.698058009147644,
                        1.3059582710266113,
                        -1.5275542736053467
                    ],
                    [
                        0.11412127315998077,
                        0.7256551384925842,
                        1.3701341152191162,
                        -1.6150707006454468
                    ],
                    [
                        0.054216280579566956,
                        0.8460226058959961,
                        1.4161381721496582,
                        -1.6351027488708496
                    ],
                    [
                        0.07754534482955933,
                        0.831041693687439,
                        1.360613465309143,
                        -1.5027705430984497
                    ],
                    [
                        0.08128666132688522,
                        0.77434241771698,
                        1.3946884870529175,
                        -1.5496459007263184
                    ],
                    [
                        0.08826810121536255,
                        0.6395586133003235,
                        1.3591727018356323,
                        -1.4845820665359497
                    ]
                ]
            ],
            "actions_pred": [
                [
                    [
                        0.10074804723262787,
                        0.14385366439819336,
                        0.06853795796632767,
                        0.04946698248386383,
                        0.15286479890346527,
                        0.09716568887233734,
                        0.03668779134750366,
                        -0.15111446380615234,
                        -0.02693953365087509,
                        -0.04527120292186737,
                        -0.07497040927410126,
