{
    "steps": [
        {
            "step": 0,
            "train_loss": 0.01875736564397812,
            "actions_pred1": [
                [
                    [
                        -0.24305902421474457,
                        1.089989185333252,
                        1.2846754789352417,
                        -3.2052526473999023
                    ],
                    [
                        -0.13485628366470337,
                        1.3108017444610596,
                        1.4342578649520874,
                        -3.6034512519836426
                    ],
                    [
                        -0.11581531167030334,
                        1.491822600364685,
                        1.1674621105194092,
                        -4.3051605224609375
                    ],
                    [
                        -0.0034293383359909058,
                        1.5524083375930786,
                        1.3387635946273804,
                        -4.56892728805542
                    ],
                    [
                        0.165329247713089,
                        1.9144604206085205,
                        1.062896490097046,
                        -5.631556034088135
                    ],
                    [
                        0.5411593914031982,
                        2.155508041381836,
                        1.308746337890625,
                        -5.754382610321045
                    ],
                    [
                        0.7493523955345154,
                        2.3614420890808105,
                        1.4035186767578125,
                        -5.996702671051025
                    ],
                    [
                        0.988801121711731,
                        2.4909262657165527,
                        1.615549921989441,
                        -5.803622245788574
                    ],
                    [
                        0.9075457453727722,
                        2.5166826248168945,
                        1.443040132522583,
                        -6.045048236846924
                    ],
                    [
                        0.9250543117523193,
                        2.201097011566162,
                        1.6351631879806519,
                        -5.835629463195801
                    ],
                    [
                        0.885536253452301,
                        1.996604084968567,
                        1.506060242652893,
                        -5.731137752532959
                    ],
                    [
                        0.6539392471313477,
                        1.827964186668396,
                        1.2172205448150635,
                        -5.384333610534668
                    ],
                    [
                        0.5468733310699463,
                        1.8756991624832153,
                        1.2514232397079468,
                        -5.223811149597168
                    ],
                    [
                        0.5121340751647949,
                        1.9924073219299316,
                        1.3030234575271606,
                        -5.082348823547363
                    ],
                    [
                        0.5334709882736206,
                        1.8934352397918701,
                        1.1611409187316895,
                        -5.088893890380859
                    ],
                    [
                        0.5979351997375488,
                        1.9674463272094727,
                        1.17472505569458,
                        -5.391421794891357
                    ],
                    [
                        0.6792637705802917,
                        2.055403709411621,
                        1.337471604347229,
                        -5.56153678894043
                    ],
                    [
                        0.7584316730499268,
                        1.9734642505645752,
                        1.3517019748687744,
                        -5.2528791427612305
                    ],
                    [
                        0.6717326641082764,
                        2.114525556564331,
                        1.5150412321090698,
                        -5.480706691741943
                    ],
                    [
                        0.7396625280380249,
                        1.97011399269104,
                        1.5343196392059326,
                        -5.389254093170166
                    ]
                ]
            ],
            "actions_pred": [
                [
                    [
                        -0.24305902421474457,
                        -0.13485628366470337,
                        -0.11581531167030334,
                        -0.0034293383359909058,
                        0.165329247713089,
                        0.5411593914031982,
                        0.7493523955345154,
                        0.988801121711731,
                        0.9075457453727722,
                        0.9250543117523193,
                        0.885536253452301,
                        0.6539392471313477,
                        0.5468733310699463,
                        0.5121340751647949,
                        0.5334709882736206,
                        0.5979351997375488,
                        0.6792637705802917,
                        0.7584316730499268,
                        0.6717326641082764,
                        0.7396625280380249
                    ],
                    [
                        1.089989185333252,
                        1.3108017444610596,
                        1.491822600364685,
                        1.5524083375930786,
                        1.9144604206085205,
                        2.155508041381836,
                        2.3614420890808105,
                        2.4909262657165527,
                        2.5166826248168945,
                        2.201097011566162,
                        1.996604084968567,
                        1.827964186668396,
                        1.8756991624832153,
                        1.9924073219299316,
                        1.8934352397918701,
                        1.9674463272094727,
                        2.055403709411621,
                        1.9734642505645752,
                        2.114525556564331,
                        1.97011399269104
                    ],
                    [
                        1.2846754789352417,
                        1.4342578649520874,
                        1.1674621105194092,
                        1.3387635946273804,
                        1.062896490097046,
                        1.308746337890625,
                        1.4035186767578125,
                        1.615549921989441,
                        1.443040132522583,
                        1.6351631879806519,
                        1.506060242652893,
                        1.2172205448150635,
                        1.2514232397079468,
                        1.3030234575271606,
                        1.1611409187316895,
                        1.17472505569458,
                        1.337471604347229,
                        1.3517019748687744,
                        1.5150412321090698,
                        1.5343196392059326
                    ],
                    [
                        -3.2052526473999023,
                        -3.6034512519836426,
                        -4.3051605224609375,
                        -4.56892728805542,
                        -5.631556034088135,
                        -5.754382610321045,
                        -5.996702671051025,
                        -5.803622245788574,
                        -6.045048236846924,
                        -5.835629463195801,
                        -5.731137752532959,
                        -5.384333610534668,
                        -5.223811149597168,
                        -5.082348823547363,
                        -5.088893890380859,
                        -5.391421794891357,
                        -5.56153678894043,
                        -5.2528791427612305,
                        -5.480706691741943,
                        -5.389254093170166
                    ]
                ]
            ],
            "states": [
                [
                    [
                        6630392.0,
                        1.589785097166896e-05,
                        0.0030998915899544954,
                        575874.875
                    ],
                    [
                        6756368.0,
                        1.5517740393988788e-05,
                        0.00046779168769717216,
                        548346.8125
                    ],
                    [
                        6252464.0,
                        1.5165252079896163e-05,
                        0.0003139808541163802,
                        592422.1875
                    ],
                    [
                        6275632.0,
                        1.4840703443042003e-05,
                        0.0002766261750366539,
                        580548.75
                    ],
                    [
                        5845576.0,
                        1.4539574294758495e-05,
                        0.00026207882910966873,
                        570513.0
                    ],
                    [
                        6198888.0,
                        1.4252340406528674e-05,
                        0.00027697221958078444,
                        604356.0
                    ],
                    [
                        4525000.0,
                        1.4005720004206523e-05,
                        0.00037561735371127725,
                        519198.90625
                    ],
                    [
                        4878312.0,
                        1.3796614439343102e-05,
                        0.000348972505889833,
                        533459.0
                    ],
                    [
                        4776952.0,
                        1.3588255569629837e-05,
                        0.000344088242854923,
                        588163.3125
                    ],
                    [
                        4878312.0,
                        1.3386117643676698e-05,
                        0.00030916635296307504,
                        571568.5625
                    ],
                    [
                        4407712.0,
                        1.3197249245422427e-05,
                        0.00029186115716584027,
                        549308.25
                    ],
                    [
                        4623464.0,
                        1.3018668141739909e-05,
                        0.00031188191496767104,
                        567697.8125
                    ],
                    [
                        5241760.0,
                        1.2829074876208324e-05,
                        0.0003927450452465564,
                        616835.375
                    ],
                    [
                        4287528.0,
                        1.2650972166738939e-05,
                        0.00034627493005245924,
                        586416.5625
                    ],
                    [
                        4679936.0,
                        1.248793432750972e-05,
                        0.00028098482289351523,
                        591184.1875
                    ],
                    [
                        4293320.0,
                        1.2328885532042477e-05,
                        0.0002829945588018745,
                        595186.25
                    ],
                    [
                        2884416.0,
                        1.2204491213196889e-05,
                        0.00027779326774179935,
                        581960.9375
                    ],
                    [
                        4042816.0,
                        1.2086934475519229e-05,
                        0.00029917724896222353,
                        651221.5
                    ],
                    [
                        4267256.0,
                        1.1948805877182167e-05,
                        0.00037997434264980257,
                        587955.875
                    ],
                    [
                        4659664.0,
                        1.1803908819274511e-05,
                        0.00029415389872156084,
                        593533.5625
                    ]
                ]
            ],
            "actions": [
                [
                    [
                        0.5
                    ],
                    [
                        0.5
                    ],
                    [
                        0.5
                    ],
                    [
                        0.5
                    ],
                    [
                        0.5
                    ],
                    [
                        0.5
                    ],
                    [
                        0.5
                    ],
                    [
                        0.5
                    ],
                    [
                        0.5
                    ],
                    [
                        0.5
                    ],
                    [
                        0.5
                    ],
                    [
                        0.5
                    ],
                    [
                        0.5
                    ],
                    [
                        0.5
                    ],
                    [
                        0.5
                    ],
                    [
                        0.5
                    ],
                    [
                        0.5
                    ],
                    [
                        0.5
                    ],
                    [
                        0.5
                    ],
                    [
                        0.5
                    ]
                ]
            ],
            "returns": [
                [
                    [
                        0.4322150647640228
                    ],
                    [
                        0.4312624931335449
                    ],
                    [
                        0.4303082525730133
                    ],
                    [
                        0.42936089634895325
                    ],
                    [
                        0.42841318249702454
                    ],
                    [
                        0.427471786737442
                    ],
                    [
                        0.42652517557144165
                    ],
                    [
                        0.42560648918151855
                    ],
                    [
                        0.4246810972690582
                    ],
                    [
                        0.4237576127052307
                    ],
                    [
                        0.4228322505950928
                    ],
                    [
                        0.42191585898399353
                    ],
                    [
                        0.4209952652454376
                    ],
                    [
                        0.4200635254383087
                    ],
                    [
                        0.41914960741996765
                    ],
                    [
                        0.4182279109954834
                    ],
                    [
                        0.4173138737678528
                    ],
                    [
                        0.4164350926876068
                    ],
                    [
                        0.4155263900756836
                    ],
                    [
                        0.41461288928985596
                    ]
                ]
            ],
            "timesteps": [
                [
                    160,
                    161,
                    162,
                    163,
                    164,
                    165,
                    166,
                    167,
                    168,
                    169,
                    170,
                    171,
                    172,
                    173,
                    174,
                    175,
                    176,
                    177,
                    178,
                    179
                ]
            ],
            "labels": [
                [
                    1,
                    1,
                    1,
                    1,
                    1,
                    1,
                    1,
                    1,
                    1,
                    1,
                    1,
                    1,
                    1,
                    1,
                    1,
                    1,
                    1,
                    1,
                    1,
                    1
                ]
            ],
            "CPU Usage": 45.8,
            "RAM Usage": 54.9,
            "GPU Usage": 0.0,
            "VRAM Usage": 355.0,
            "Disk Read Speed (MB/s)": 206640.3779296875,
            "Disk Write Speed (MB/s)": 406264.0751953125
        },
        {
            "step": 1,
            "train_loss": 0.013006811030209064,
            "actions_pred1": [
                [
                    [
                        0.05263369530439377,
                        1.5660645961761475,
                        1.937798023223877,
                        -2.584073066711426
                    ],
                    [
                        0.6005619764328003,
                        1.064455509185791,
                        2.1008880138397217,
                        -2.8445322513580322
                    ],
                    [
                        0.46330103278160095,
                        0.9529100060462952,
                        1.9015504121780396,
                        -2.5798792839050293
                    ],
                    [
                        0.5393713116645813,
                        0.9291828870773315,
                        1.776562213897705,
                        -2.53206205368042
                    ],
                    [
                        0.5183494091033936,
                        0.7820577621459961,
                        1.6986533403396606,
                        -2.563521385192871
                    ],
                    [
                        0.41723716259002686,
                        0.7522907257080078,
                        2.421952724456787,
                        -3.2971816062927246
                    ],
                    [
                        0.5774514079093933,
                        0.5818686485290527,
                        2.383009433746338,
                        -3.092857837677002
                    ],
                    [
                        0.6462423801422119,
                        0.5940607786178589,
                        2.2360963821411133,
                        -3.03609037399292
                    ],
                    [
                        0.6670352816581726,
                        0.6567361354827881,
                        2.1283888816833496,
                        -3.0992894172668457
                    ],
                    [
                        0.6444880962371826,
                        0.715865969657898,
                        1.9356920719146729,
                        -2.8796236515045166
                    ],
                    [
                        0.6369748115539551,
                        0.7153528928756714,
                        2.0371930599212646,
                        -2.7658753395080566
                    ],
                    [
                        0.6420825123786926,
                        0.7210104465484619,
                        1.9604390859603882,
                        -2.821507215499878
                    ],
                    [
                        0.5011267066001892,
                        0.7653952836990356,
                        1.9336886405944824,
                        -2.7433488368988037
                    ],
                    [
                        0.542378842830658,
                        0.7712687253952026,
                        1.9879487752914429,
                        -2.8541300296783447
                    ],
                    [
                        0.5754459500312805,
                        0.48491865396499634,
                        2.235819101333618,
                        -3.1252899169921875
                    ],
                    [
                        0.6330511569976807,
                        0.6599444150924683,
                        2.2567245960235596,
                        -3.192223072052002
                    ],
                    [
                        0.6762135028839111,
                        0.6913442611694336,
                        2.2349190711975098,
                        -3.1560564041137695
                    ],
                    [
                        0.7537393569946289,
                        0.7486448287963867,
                        2.174219846725464,
                        -3.404772996902466
                    ],
                    [
                        0.6923449039459229,
                        0.8446899652481079,
                        2.1992576122283936,
                        -3.4556884765625
                    ],
                    [
                        0.6555370092391968,
                        0.8123384714126587,
                        2.237563133239746,
                        -3.29386568069458
                    ]
                ]
            ],
            "actions_pred": [
                [
                    [
                        0.05263369530439377,
                        0.6005619764328003,
                        0.46330103278160095,
                        0.5393713116645813,
                        0.5183494091033936,
                        0.41723716259002686,
                        0.5774514079093933,
                        0.6462423801422119,
                        0.6670352816581726,
                        0.6444880962371826,
                        0.6369748115539551,
                        0.6420825123786926,
                        0.5011267066001892,
                        0.542378842830658,
                        0.5754459500312805,
                        0.6330511569976807,
                        0.6762135028839111,
                        0.7537393569946289,
                        0.6923449039459229,
                        0.6555370092391968
                    ],
                    [
                        1.5660645961761475,
                        1.064455509185791,
                        0.9529100060462952,
                        0.9291828870773315,
                        0.7820577621459961,
                        0.7522907257080078,
                        0.5818686485290527,
                        0.5940607786178589,
                        0.6567361354827881,
                        0.715865969657898,
                        0.7153528928756714,
                        0.7210104465484619,
                        0.7653952836990356,
                        0.7712687253952026,
                        0.48491865396499634,
                        0.6599444150924683,
                        0.6913442611694336,
                        0.7486448287963867,
                        0.8446899652481079,
                        0.8123384714126587
                    ],
                    [
                        1.937798023223877,
                        2.1008880138397217,
                        1.9015504121780396,
                        1.776562213897705,
                        1.6986533403396606,
                        2.421952724456787,
                        2.383009433746338,
                        2.2360963821411133,
                        2.1283888816833496,
                        1.9356920719146729,
                        2.0371930599212646,
                        1.9604390859603882,
                        1.9336886405944824,
                        1.9879487752914429,
                        2.235819101333618,
                        2.2567245960235596,
                        2.2349190711975098,
                        2.174219846725464,
                        2.1992576122283936,
                        2.237563133239746
                    ],
                    [
                        -2.584073066711426,
                        -2.8445322513580322,
                        -2.5798792839050293,
                        -2.53206205368042,
                        -2.563521385192871,
                        -3.2971816062927246,
                        -3.092857837677002,
                        -3.03609037399292,
                        -3.0992894172668457,
                        -2.8796236515045166,
                        -2.7658753395080566,
                        -2.821507215499878,
                        -2.7433488368988037,
                        -2.8541300296783447,
                        -3.1252899169921875,
                        -3.192223072052002,
                        -3.1560564041137695,
                        -3.404772996902466,
                        -3.4556884765625,
                        -3.29386568069458
                    ]
                ]
            ],
            "states": [
                [
                    [
                        5334432.0,
                        2.079466503346339e-05,
                        0.00026978878304362297,
                        822567.125
                    ],
                    [
                        5450272.0,
                        2.0477313228184357e-05,
                        0.00027627943200059235,
                        856531.375
                    ],
                    [
                        5496608.0,
                        2.0164978195680305e-05,
                        0.00025924446526914835,
                        796247.875
                    ],
                    [
                        5340224.0,
                        1.901392352010589e-05,
                        0.006524195894598961,
                        835512.25
                    ],
                    [
                        5366288.0,
                        1.8750137314782478e-05,
                        0.002146858023479581,
                        813363.3125
                    ],
                    [
                        5389456.0,
                        1.8492408344172873e-05,
                        0.0023773028515279293,
                        845072.375
                    ],
                    [
                        5118680.0,
                        1.8247363186674193e-05,
                        0.0020079242531210184,
                        804446.8125
                    ],
                    [
                        5463304.0,
                        1.8007134713116102e-05,
                        0.0019139255164191127,
                        824885.1875
                    ],
                    [
                        5337328.0,
                        1.7768334146239795e-05,
                        0.0013429223326966166,
                        814676.0
                    ],
                    [
                        5398144.0,
                        1.753715696395375e-05,
                        0.0011628043139353395,
                        805373.25
                    ],
                    [
                        5337328.0,
                        1.7311906049144454e-05,
                        0.0009117702720686793,
                        826102.5
                    ],
                    [
                        5053520.0,
                        1.709933530946728e-05,
                        0.000803604198154062,
                        828294.75
                    ],
                    [
                        5891912.0,
                        1.6881092960829847e-05,
                        0.000699773314408958,
                        791778.0625
                    ],
                    [
                        5104200.0,
                        1.6667219824739732e-05,
                        0.0006680691731162369,
                        868015.875
                    ],
                    [
                        5372080.0,
                        1.646851160330698e-05,
                        0.0005246230284683406,
                        748358.1875
                    ],
                    [
                        5262032.0,
                        1.6271596905426122e-05,
                        0.00046889804070815444,
                        796238.875
                    ],
                    [
                        5473440.0,
                        1.6077548934845254e-05,
                        0.00035997320082969964,
                        812237.5625
                    ],
                    [
                        4978224.0,
                        1.589297789905686e-05,
                        0.00037329201586544514,
                        806297.3125
                    ],
                    [
                        5450272.0,
                        1.571305256220512e-05,
                        0.00029995679506100714,
                        802099.3125
                    ],
                    [
                        5424208.0,
                        1.5529669326497242e-05,
                        0.0002722619683481753,
                        836648.625
                    ]
                ]
            ],
            "actions": [
                [
                    [
                        0.75
                    ],
                    [
                        0.75
                    ],
                    [
                        0.75
                    ],
                    [
                        0.75
                    ],
                    [
                        0.75
                    ],
                    [
                        0.75
                    ],
                    [
                        0.75
                    ],
                    [
                        0.75
                    ],
                    [
                        0.75
                    ],
                    [
                        0.75
                    ],
                    [
                        0.75
                    ],
                    [
                        0.75
                    ],
                    [
                        0.75
                    ],
                    [
                        0.75
                    ],
                    [
                        0.75
                    ],
                    [
                        0.75
                    ],
                    [
                        0.75
                    ],
                    [
                        0.75
                    ],
                    [
                        0.75
                    ],
                    [
                        0.75
                    ]
                ]
            ],
            "returns": [
                [
                    [
                        0.3232199251651764
                    ],
                    [
                        0.3222866356372833
                    ],
                    [
                        0.32135143876075745
                    ],
                    [
                        0.3204154968261719
                    ],
                    [
                        0.31948211789131165
                    ],
                    [
                        0.3185482919216156
                    ],
                    [
                        0.3176141083240509
                    ],
                    [
                        0.31668445467948914
                    ],
                    [
                        0.31574904918670654
                    ],
                    [
                        0.3148157298564911
                    ],
                    [
                        0.31388136744499207
                    ],
                    [
                        0.3129480481147766
                    ],
                    [
                        0.3120195269584656
                    ],
                    [
                        0.31107744574546814
                    ],
                    [
                        0.31014806032180786
                    ],
                    [
                        0.30921414494514465
                    ],
                    [
                        0.3082820773124695
                    ],
                    [
                        0.30734649300575256
                    ],
                    [
                        0.306419312953949
                    ],
                    [
                        0.3054841458797455
                    ]
                ]
            ],
            "timesteps": [
                [
                    280,
                    281,
                    282,
                    283,
                    284,
                    285,
                    286,
                    287,
                    288,
                    289,
                    290,
                    291,
                    292,
                    293,
                    294,
                    295,
                    296,
                    297,
                    298,
                    299
                ]
            ],
            "labels": [
                [
                    2,
                    2,
                    2,
                    2,
                    2,
                    2,
                    2,
                    2,
                    2,
                    2,
                    2,
                    2,
                    2,
                    2,
                    2,
                    2,
                    2,
                    2,
                    2,
                    2
                ]
            ],
            "CPU Usage": 46.7,
            "RAM Usage": 55.1,
            "GPU Usage": 0.0,
            "VRAM Usage": 355.0,
            "Disk Read Speed (MB/s)": 206640.3779296875,
            "Disk Write Speed (MB/s)": 406264.1298828125
        },
        {
            "step": 2,
            "train_loss": 0.015826473012566566,
            "actions_pred1": [
                [
                    [
                        0.5168371200561523,
                        0.9365074038505554,
                        1.6129859685897827,
                        -2.4425132274627686
                    ],
                    [
                        0.4015890657901764,
                        1.041771411895752,
                        1.6368639469146729,
                        -2.1707866191864014
                    ],
                    [
                        0.5664531588554382,
                        0.96645587682724,
                        1.5877491235733032,
                        -2.2499654293060303
                    ],
                    [
                        0.5908276438713074,
                        0.8859712481498718,
                        1.4649405479431152,
                        -2.3638272285461426
                    ],
                    [
                        0.32608088850975037,
                        1.1465486288070679,
                        1.679089903831482,
                        -2.5510997772216797
                    ],
                    [
                        0.25420594215393066,
                        0.8880045413970947,
                        1.804502010345459,
                        -2.4445152282714844
                    ],
                    [
                        0.537653923034668,
                        1.0164881944656372,
                        1.8775768280029297,
                        -2.2943835258483887
                    ],
                    [
                        0.9557015299797058,
                        0.865580677986145,
                        2.0850327014923096,
                        -2.6676101684570312
                    ],
                    [
                        0.7453670501708984,
                        1.028360366821289,
                        2.323922634124756,
                        -2.862975597381592
                    ],
                    [
                        0.5816510915756226,
                        1.0447542667388916,
                        2.268643379211426,
                        -2.719374656677246
                    ],
                    [
                        0.6369880437850952,
                        0.8985387086868286,
                        2.026204824447632,
                        -2.7475686073303223
                    ],
                    [
                        0.7057027220726013,
                        0.9362853169441223,
                        2.0048468112945557,
                        -2.562511920928955
                    ],
                    [
                        0.6722521781921387,
                        0.8735280632972717,
                        1.9686133861541748,
                        -2.630577802658081
                    ],
                    [
                        0.738256573677063,
                        0.6450583934783936,
                        1.9365978240966797,
                        -2.7131102085113525
                    ],
                    [
                        0.6844823360443115,
                        0.6790813207626343,
                        1.8519580364227295,
                        -2.6509928703308105
                    ],
                    [
                        0.5747055411338806,
                        0.7128865122795105,
                        1.8273082971572876,
                        -2.421682357788086
                    ],
                    [
                        0.6026678085327148,
                        0.812987208366394,
                        1.9026881456375122,
                        -2.35909366607666
                    ],
                    [
                        0.5885758996009827,
                        0.8258220553398132,
                        1.9723197221755981,
                        -2.28596830368042
                    ],
                    [
                        0.5913830995559692,
                        0.8654303550720215,
                        2.220644950866699,
                        -2.442406177520752
                    ],
                    [
                        0.6501843929290771,
                        0.8752285242080688,
                        2.0839691162109375,
                        -2.5910558700561523
                    ]
                ]
            ],
            "actions_pred": [
                [
                    [
                        0.5168371200561523,
                        0.4015890657901764,
                        0.5664531588554382,
                        0.5908276438713074,
                        0.32608088850975037,
                        0.25420594215393066,
                        0.537653923034668,
                        0.9557015299797058,
                        0.7453670501708984,
                        0.5816510915756226,
                        0.6369880437850952,
                        0.7057027220726013,
                        0.6722521781921387,
                        0.738256573677063,
