{
    "steps": [
        {
            "step": 0,
            "train_loss": 0.02152559533715248,
            "actions_pred1": [
                [
                    [
                        0.722268283367157,
                        0.5263434648513794,
                        1.8578393459320068,
                        -2.1201164722442627
                    ],
                    [
                        0.719642698764801,
                        0.4417831599712372,
                        1.8718115091323853,
                        -2.1484718322753906
                    ],
                    [
                        0.9644676446914673,
                        0.4880087971687317,
                        1.8194189071655273,
                        -2.3199164867401123
                    ],
                    [
                        1.1447690725326538,
                        0.2734513580799103,
                        1.6855204105377197,
                        -2.743396282196045
                    ],
                    [
                        1.2290807962417603,
                        0.13751131296157837,
                        1.673583745956421,
                        -2.772177219390869
                    ],
                    [
                        1.407263159751892,
                        0.05906280130147934,
                        1.6469812393188477,
                        -2.914997100830078
                    ],
                    [
                        1.675400972366333,
                        0.5060139894485474,
                        1.8367328643798828,
                        -3.425658941268921
                    ],
                    [
                        1.7633413076400757,
                        0.3851577639579773,
                        2.0649328231811523,
                        -3.2786269187927246
                    ],
                    [
                        1.904380440711975,
                        0.4250391721725464,
                        1.9535701274871826,
                        -3.4747846126556396
                    ],
                    [
                        1.859675407409668,
                        0.3588193953037262,
                        1.8452017307281494,
                        -3.5382492542266846
                    ],
                    [
                        1.8606462478637695,
                        0.32659780979156494,
                        1.8074009418487549,
                        -3.5098533630371094
                    ],
                    [
                        1.8136814832687378,
                        0.3407832980155945,
                        1.715525507926941,
                        -3.4567368030548096
                    ],
                    [
                        1.854841947555542,
                        0.266078382730484,
                        1.9075855016708374,
                        -3.669867753982544
                    ],
                    [
                        1.862601399421692,
                        0.31168630719184875,
                        1.9585540294647217,
                        -3.4900803565979004
                    ],
                    [
                        1.8541051149368286,
                        0.37827736139297485,
                        1.974401831626892,
                        -3.6384594440460205
                    ],
                    [
                        1.7496477365493774,
                        0.42223432660102844,
                        2.053319215774536,
                        -3.7764766216278076
                    ],
                    [
                        1.5718392133712769,
                        0.3731178045272827,
                        1.9557034969329834,
                        -3.7304885387420654
                    ],
                    [
                        1.8922264575958252,
                        0.44375020265579224,
                        2.019293785095215,
                        -3.800462245941162
                    ],
                    [
                        1.9022904634475708,
                        0.5358293652534485,
                        2.0284957885742188,
                        -3.8820278644561768
                    ],
                    [
                        1.860295057296753,
                        0.47405776381492615,
                        2.112579584121704,
                        -3.7360892295837402
                    ]
                ]
            ],
            "actions_pred": [
                [
                    [
                        0.722268283367157,
                        0.719642698764801,
                        0.9644676446914673,
                        1.1447690725326538,
                        1.2290807962417603,
                        1.407263159751892,
                        1.675400972366333,
                        1.7633413076400757,
                        1.904380440711975,
                        1.859675407409668,
                        1.8606462478637695,
                        1.8136814832687378,
                        1.854841947555542,
                        1.862601399421692,
                        1.8541051149368286,
                        1.7496477365493774,
                        1.5718392133712769,
                        1.8922264575958252,
                        1.9022904634475708,
                        1.860295057296753
                    ],
                    [
                        0.5263434648513794,
                        0.4417831599712372,
                        0.4880087971687317,
                        0.2734513580799103,
                        0.13751131296157837,
                        0.05906280130147934,
                        0.5060139894485474,
                        0.3851577639579773,
                        0.4250391721725464,
                        0.3588193953037262,
                        0.32659780979156494,
                        0.3407832980155945,
                        0.266078382730484,
                        0.31168630719184875,
                        0.37827736139297485,
                        0.42223432660102844,
                        0.3731178045272827,
                        0.44375020265579224,
                        0.5358293652534485,
                        0.47405776381492615
                    ],
                    [
                        1.8578393459320068,
                        1.8718115091323853,
                        1.8194189071655273,
                        1.6855204105377197,
                        1.673583745956421,
                        1.6469812393188477,
                        1.8367328643798828,
                        2.0649328231811523,
                        1.9535701274871826,
                        1.8452017307281494,
                        1.8074009418487549,
                        1.715525507926941,
                        1.9075855016708374,
                        1.9585540294647217,
                        1.974401831626892,
                        2.053319215774536,
                        1.9557034969329834,
                        2.019293785095215,
                        2.0284957885742188,
                        2.112579584121704
                    ],
                    [
                        -2.1201164722442627,
                        -2.1484718322753906,
                        -2.3199164867401123,
                        -2.743396282196045,
                        -2.772177219390869,
                        -2.914997100830078,
                        -3.425658941268921,
                        -3.2786269187927246,
                        -3.4747846126556396,
                        -3.5382492542266846,
                        -3.5098533630371094,
                        -3.4567368030548096,
                        -3.669867753982544,
                        -3.4900803565979004,
                        -3.6384594440460205,
                        -3.7764766216278076,
                        -3.7304885387420654,
                        -3.800462245941162,
                        -3.8820278644561768,
                        -3.7360892295837402
                    ]
                ]
            ],
            "states": [
                [
                    [
                        5451720.0,
                        5.395679545472376e-05,
                        0.00037329201586544514,
                        787492.0625
                    ],
                    [
                        5280856.0,
                        5.18798733537551e-05,
                        0.00029995679506100714,
                        814349.6875
                    ],
                    [
                        5398144.0,
                        4.996706411475316e-05,
                        0.0002722619683481753,
                        830635.1875
                    ],
                    [
                        5419864.0,
                        4.8167821660172194e-05,
                        0.0002737951872404665,
                        823458.5625
                    ],
                    [
                        5285200.0,
                        4.651026029023342e-05,
                        0.0002537628752179444,
                        847604.5625
                    ],
                    [
                        5632720.0,
                        4.493406231631525e-05,
                        0.0002845273702405393,
                        778198.5625
                    ],
                    [
                        4926096.0,
                        4.350659582996741e-05,
                        0.00027429292094893754,
                        769937.4375
                    ],
                    [
                        5379320.0,
                        4.219951370032504e-05,
                        0.0002784566895570606,
                        775819.3125
                    ],
                    [
                        5141848.0,
                        4.0942868508864194e-05,
                        0.00027366288122721016,
                        804782.8125
                    ],
                    [
                        5422760.0,
                        3.9754886529408395e-05,
                        0.0002617421268951148,
                        784755.125
                    ],
                    [
                        5163568.0,
                        3.8631129427812994e-05,
                        0.000270931632257998,
                        777998.8125
                    ],
                    [
                        5172256.0,
                        3.7593843444483355e-05,
                        0.00027350522577762604,
                        827638.0
                    ],
                    [
                        5228728.0,
                        3.6604818888008595e-05,
                        0.0002609447401482612,
                        836480.3125
                    ],
                    [
                        5215696.0,
                        3.566250597941689e-05,
                        0.0002695223083719611,
                        842399.5625
                    ],
                    [
                        5496608.0,
                        3.474534969427623e-05,
                        0.00026009109569713473,
                        814649.5
                    ],
                    [
                        5165016.0,
                        3.3877906389534473e-05,
                        0.0002577552804723382,
                        820590.75
                    ],
                    [
                        5712360.0,
                        3.3036900276783854e-05,
                        0.0002756010799203068,
                        835693.0625
                    ],
                    [
                        5086824.0,
                        3.224165993742645e-05,
                        0.0002540297864470631,
                        845564.6875
                    ],
                    [
                        5490816.0,
                        3.14996468659956e-05,
                        0.00027847016463056207,
                        824773.25
                    ],
                    [
                        5183840.0,
                        3.078411828028038e-05,
                        0.0002814441977534443,
                        810358.5625
                    ]
                ]
            ],
            "actions": [
                [
                    [
                        0.75
                    ],
                    [
                        0.75
                    ],
                    [
                        0.75
                    ],
                    [
                        0.75
                    ],
                    [
                        0.75
                    ],
                    [
                        0.75
                    ],
                    [
                        0.75
                    ],
                    [
                        0.75
                    ],
                    [
                        0.75
                    ],
                    [
                        0.75
                    ],
                    [
                        0.75
                    ],
                    [
                        0.75
                    ],
                    [
                        0.75
                    ],
                    [
                        0.75
                    ],
                    [
                        0.75
                    ],
                    [
                        0.75
                    ],
                    [
                        0.75
                    ],
                    [
                        0.75
                    ],
                    [
                        0.75
                    ],
                    [
                        0.75
                    ]
                ]
            ],
            "returns": [
                [
                    [
                        0.36055833101272583
                    ],
                    [
                        0.35962310433387756
                    ],
                    [
                        0.35869070887565613
                    ],
                    [
                        0.3577563464641571
                    ],
                    [
                        0.3568216562271118
                    ],
                    [
                        0.3558892011642456
                    ],
                    [
                        0.35495108366012573
                    ],
                    [
                        0.35402485728263855
                    ],
                    [
                        0.3530908226966858
                    ],
                    [
                        0.352160781621933
                    ],
                    [
                        0.3512260317802429
                    ],
                    [
                        0.35029563307762146
                    ],
                    [
                        0.34936508536338806
                    ],
                    [
                        0.34843355417251587
                    ],
                    [
                        0.3475022614002228
                    ],
                    [
                        0.3465663194656372
                    ],
                    [
                        0.34563589096069336
                    ],
                    [
                        0.3446965217590332
                    ],
                    [
                        0.3437674641609192
                    ],
                    [
                        0.3428316116333008
                    ]
                ]
            ],
            "timesteps": [
                [
                    240,
                    241,
                    242,
                    243,
                    244,
                    245,
                    246,
                    247,
                    248,
                    249,
                    250,
                    251,
                    252,
                    253,
                    254,
                    255,
                    256,
                    257,
                    258,
                    259
                ]
            ],
            "labels": [
                [
                    2,
                    2,
                    2,
                    2,
                    2,
                    2,
                    2,
                    2,
                    2,
                    2,
                    2,
                    2,
                    2,
                    2,
                    2,
                    2,
                    2,
                    2,
                    2,
                    2
                ]
            ],
            "CPU Usage": 46.5,
            "RAM Usage": 55.0,
            "GPU Usage": 0.0,
            "VRAM Usage": 355.0,
            "Disk Read Speed (MB/s)": 206646.7958984375,
            "Disk Write Speed (MB/s)": 420018.2275390625
        },
        {
            "step": 1,
            "train_loss": 0.020175132900476456,
            "actions_pred1": [
                [
                    [
                        2.3427467346191406,
                        1.9883886575698853,
                        2.4582414627075195,
                        -4.638869285583496
                    ],
                    [
                        2.203042984008789,
                        1.864633560180664,
                        2.433974504470825,
                        -4.857788562774658
                    ],
                    [
                        2.4731221199035645,
                        2.480571746826172,
                        2.269836902618408,
                        -4.670877933502197
                    ],
                    [
                        2.5576982498168945,
                        2.4295053482055664,
                        2.185533285140991,
                        -4.89948034286499
                    ],
                    [
                        2.813303232192993,
                        2.0379021167755127,
                        2.2353944778442383,
                        -5.744516849517822
                    ],
                    [
                        2.837559223175049,
                        1.6791590452194214,
                        2.116750478744507,
                        -5.816046714782715
                    ],
                    [
                        2.937567710876465,
                        1.4889986515045166,
                        2.1186623573303223,
                        -6.1503987312316895
                    ],
                    [
                        2.854963541030884,
                        1.6265901327133179,
                        2.2266311645507812,
                        -6.27392053604126
                    ],
                    [
                        3.2898828983306885,
                        1.6137340068817139,
                        2.4375152587890625,
                        -6.748641014099121
                    ],
                    [
                        3.146900177001953,
                        1.9455379247665405,
                        2.169283866882324,
                        -6.247978210449219
                    ],
                    [
                        3.045839309692383,
                        1.791709542274475,
                        1.8837792873382568,
                        -6.574924945831299
                    ],
                    [
                        3.018918991088867,
                        1.2015788555145264,
                        2.007430076599121,
                        -6.239869117736816
                    ],
                    [
                        2.8474526405334473,
                        1.4144210815429688,
                        2.277719497680664,
                        -6.114053249359131
                    ],
                    [
                        2.857776641845703,
                        1.3781100511550903,
                        2.218170166015625,
                        -5.985434055328369
                    ],
                    [
                        2.915898561477661,
                        1.5439385175704956,
                        2.199359178543091,
                        -6.036081314086914
                    ],
                    [
                        2.887357711791992,
                        1.201903223991394,
                        2.1499078273773193,
                        -6.10943078994751
                    ],
                    [
                        2.635640859603882,
                        1.1237374544143677,
                        2.278867483139038,
                        -6.079196929931641
                    ],
                    [
                        2.787468433380127,
                        1.274753451347351,
                        2.0439047813415527,
                        -5.922049522399902
                    ],
                    [
                        2.8997552394866943,
                        1.3759679794311523,
                        2.183847427368164,
                        -6.097847938537598
                    ],
                    [
                        2.8642399311065674,
                        1.693660020828247,
                        2.0885393619537354,
                        -6.543295860290527
                    ]
                ]
            ],
            "actions_pred": [
                [
                    [
                        2.3427467346191406,
                        2.203042984008789,
                        2.4731221199035645,
                        2.5576982498168945,
                        2.813303232192993,
                        2.837559223175049,
                        2.937567710876465,
                        2.854963541030884,
                        3.2898828983306885,
                        3.146900177001953,
                        3.045839309692383,
                        3.018918991088867,
                        2.8474526405334473,
                        2.857776641845703,
                        2.915898561477661,
                        2.887357711791992,
                        2.635640859603882,
                        2.787468433380127,
                        2.8997552394866943,
                        2.8642399311065674
                    ],
                    [
                        1.9883886575698853,
                        1.864633560180664,
                        2.480571746826172,
                        2.4295053482055664,
                        2.0379021167755127,
                        1.6791590452194214,
                        1.4889986515045166,
                        1.6265901327133179,
                        1.6137340068817139,
                        1.9455379247665405,
                        1.791709542274475,
                        1.2015788555145264,
                        1.4144210815429688,
                        1.3781100511550903,
                        1.5439385175704956,
                        1.201903223991394,
                        1.1237374544143677,
                        1.274753451347351,
                        1.3759679794311523,
                        1.693660020828247
                    ],
                    [
                        2.4582414627075195,
                        2.433974504470825,
                        2.269836902618408,
                        2.185533285140991,
                        2.2353944778442383,
                        2.116750478744507,
                        2.1186623573303223,
                        2.2266311645507812,
                        2.4375152587890625,
                        2.169283866882324,
                        1.8837792873382568,
                        2.007430076599121,
                        2.277719497680664,
                        2.218170166015625,
                        2.199359178543091,
                        2.1499078273773193,
                        2.278867483139038,
                        2.0439047813415527,
                        2.183847427368164,
                        2.0885393619537354
                    ],
                    [
                        -4.638869285583496,
                        -4.857788562774658,
                        -4.670877933502197,
                        -4.89948034286499,
                        -5.744516849517822,
                        -5.816046714782715,
                        -6.1503987312316895,
                        -6.27392053604126,
                        -6.748641014099121,
                        -6.247978210449219,
                        -6.574924945831299,
                        -6.239869117736816,
                        -6.114053249359131,
                        -5.985434055328369,
                        -6.036081314086914,
                        -6.10943078994751,
                        -6.079196929931641,
                        -5.922049522399902,
                        -6.097847938537598,
                        -6.543295860290527
                    ]
                ]
            ],
            "states": [
                [
                    [
                        195480.0,
                        0.00017859364743344486,
                        0.0014523763675242662,
                        455306.15625
                    ],
                    [
                        224440.0,
                        0.00017706550715956837,
                        0.0012122188927605748,
                        199210.375
                    ],
                    [
                        260640.0,
                        0.00017533254867885262,
                        0.0010567386634647846,
                        291813.4375
                    ],
                    [
                        231680.0,
                        0.00017360733181703836,
                        0.0010331012308597565,
                        619352.5625
                    ],
                    [
                        201272.0,
                        0.00017211795784533024,
                        0.0008577806875109673,
                        757621.5
                    ],
                    [
                        233128.0,
                        0.0001706496550468728,
                        0.002856994280591607,
                        402371.75
                    ],
                    [
                        238920.0,
                        0.00016908197721932083,
                        0.005327177233994007,
                        418626.09375
                    ],
                    [
                        185344.0,
                        0.00016769685316830873,
                        0.006734849885106087,
                        490648.125
                    ],
                    [
                        205616.0,
                        0.000166440979228355,
                        0.008968048729002476,
                        304516.78125
                    ],
                    [
                        195480.0,
                        0.00016517171752639115,
                        0.00019177634385414422,
                        553446.625
                    ],
                    [
                        202720.0,
                        0.00016393074474763125,
                        0.0001491233124397695,
                        853423.1875
                    ],
                    [
                        209960.0,
                        0.00016266417514998466,
                        0.0002625611668918282,
                        298799.9375
                    ],
                    [
                        209960.0,
                        0.0001613952626939863,
                        0.0004885925445705652,
                        376011.875
                    ],
                    [
                        144800.0,
                        0.00016033815336413682,
                        0.0010367168579250574,
                        94745.609375
                    ],
                    [
                        246160.0,
                        0.00015919026918709278,
                        0.0028569940477609634,
                        223245.734375
                    ],
                    [
                        253400.0,
                        0.000157746413606219,
                        0.005327177233994007,
                        267948.78125
                    ],
                    [
                        296840.0,
                        0.00015618640463799238,
                        0.006734849885106087,
                        291045.46875
                    ],
                    [
                        340280.0,
                        0.0001544181868666783,
                        0.008968048729002476,
                        376205.125
                    ],
                    [
                        405440.0,
                        0.0001523990067653358,
                        0.010990988463163376,
                        467932.84375
                    ],
                    [
                        463360.0,
                        0.0001501120423199609,
                        0.011323424987494946,
                        301846.5
                    ]
                ]
            ],
            "actions": [
                [
                    [
                        0.25
                    ],
                    [
                        0.25
                    ],
                    [
                        0.25
                    ],
                    [
                        0.25
                    ],
                    [
                        0.25
                    ],
                    [
                        0.25
                    ],
                    [
                        0.25
                    ],
                    [
                        0.25
                    ],
                    [
                        0.25
                    ],
                    [
                        0.25
                    ],
                    [
                        0.25
                    ],
                    [
                        0.25
                    ],
                    [
                        0.25
                    ],
                    [
                        0.25
                    ],
                    [
                        0.25
                    ],
                    [
                        0.25
                    ],
                    [
                        0.25
                    ],
                    [
                        0.25
                    ],
                    [
                        0.25
                    ],
                    [
                        0.25
                    ]
                ]
            ],
            "returns": [
                [
                    [
                        0.0820998102426529
                    ],
                    [
                        0.0814596638083458
                    ],
                    [
                        0.08080726861953735
                    ],
                    [
                        0.08014161884784698
                    ],
                    [
                        0.0794864147901535
                    ],
                    [
                        0.07884368300437927
                    ],
                    [
                        0.07818792015314102
                    ],
                    [
                        0.07752998173236847
                    ],
                    [
                        0.07689455896615982
                    ],
                    [
                        0.07624993473291397
                    ],
                    [
                        0.07560978829860687
                    ],
                    [
                        0.0749664157629013
                    ],
                    [
                        0.07431993633508682
                    ],
                    [
                        0.07367345690727234
                    ],
                    [
                        0.07305991649627686
                    ],
                    [
                        0.0723993331193924
                    ],
                    [
                        0.07173618674278259
                    ],
                    [
                        0.07105900347232819
                    ],
                    [
                        0.07036971300840378
                    ],
                    [
                        0.06966488808393478
                    ]
                ]
            ],
            "timesteps": [
                [
                    540,
                    541,
                    542,
                    543,
                    544,
                    545,
                    546,
                    547,
                    548,
                    549,
                    550,
                    551,
                    552,
                    553,
                    554,
                    555,
                    556,
                    557,
                    558,
                    559
                ]
            ],
            "labels": [
                [
                    0,
                    0,
                    0,
                    0,
                    0,
                    0,
                    0,
                    0,
                    0,
                    0,
                    0,
                    0,
                    0,
                    0,
                    0,
                    0,
                    0,
                    0,
                    0,
                    0
                ]
            ],
            "CPU Usage": 47.0,
            "RAM Usage": 55.1,
            "GPU Usage": 0.0,
            "VRAM Usage": 355.0,
            "Disk Read Speed (MB/s)": 206646.7958984375,
            "Disk Write Speed (MB/s)": 420018.2900390625
        },
        {
            "step": 2,
            "train_loss": 0.02957293950021267,
            "actions_pred1": [
                [
                    [
                        1.8205479383468628,
                        2.0326802730560303,
                        1.4760009050369263,
                        -4.657484531402588
                    ],
                    [
                        1.8703358173370361,
                        2.4277069568634033,
                        1.2625212669372559,
                        -4.3134446144104
                    ],
                    [
                        2.0027990341186523,
                        2.387484073638916,
                        1.3743937015533447,
                        -4.927509307861328
                    ],
                    [
                        2.0297327041625977,
                        1.943253993988037,
                        1.492963194847107,
                        -5.051214218139648
                    ],
                    [
                        2.0583138465881348,
                        2.050482749938965,
                        1.8627171516418457,
                        -5.586185455322266
                    ],
                    [
                        1.840732455253601,
                        2.331416368484497,
                        1.6257574558258057,
                        -5.953710079193115
                    ],
                    [
                        1.9605274200439453,
                        2.491692543029785,
                        1.4851105213165283,
                        -6.156542778015137
                    ],
                    [
                        2.21783185005188,
                        2.329261302947998,
                        1.2706793546676636,
                        -6.184396743774414
                    ],
                    [
                        2.4431962966918945,
                        2.185107946395874,
                        1.2969671487808228,
                        -6.301235675811768
                    ],
                    [
                        2.2130279541015625,
                        2.033611536026001,
                        1.1167293787002563,
                        -6.1532063484191895
                    ],
                    [
                        2.457263708114624,
                        2.1994903087615967,
                        1.1386351585388184,
                        -6.218606948852539
                    ],
                    [
                        2.619354248046875,
                        2.126164674758911,
                        1.168803334236145,
                        -6.226423740386963
                    ],
                    [
                        2.6427485942840576,
                        2.282207489013672,
                        1.4090298414230347,
                        -6.689153671264648
                    ],
                    [
                        2.536160707473755,
                        2.683253526687622,
                        1.4840127229690552,
                        -6.996978282928467
                    ],
                    [
                        2.5670251846313477,
                        2.427732467651367,
                        1.7426844835281372,
                        -6.6995744705200195
                    ],
                    [
                        2.550471544265747,
                        2.392942428588867,
                        1.6901808977127075,
                        -6.875144004821777
                    ],
                    [
                        2.5590391159057617,
                        2.3638720512390137,
                        1.7534003257751465,
                        -6.8895673751831055
                    ],
                    [
                        2.6077322959899902,
                        2.294464588165283,
                        1.8664473295211792,
                        -6.883129119873047
                    ],
                    [
                        2.8479464054107666,
                        2.3349616527557373,
                        1.9439784288406372,
                        -6.705309867858887
                    ],
                    [
                        2.7613251209259033,
                        2.1132569313049316,
                        1.8793293237686157,
                        -6.820479393005371
                    ]
                ]
            ],
            "actions_pred": [
                [
                    [
                        1.8205479383468628,
                        1.8703358173370361,
                        2.0027990341186523,
                        2.0297327041625977,
                        2.0583138465881348,
                        1.840732455253601,
                        1.9605274200439453,
                        2.21783185005188,
                        2.4431962966918945,
                        2.2130279541015625,
                        2.457263708114624,
                        2.619354248046875,
                        2.6427485942840576,
                        2.536160707473755,
                        2.5670251846313477,
                        2.550471544265747,
