{
    "steps": [
        {
            "step": 0,
            "train_loss": 0.024182576686143875,
            "actions_pred1": [
                [
                    [
                        1.2340346574783325,
                        1.6902260780334473,
                        1.894088625907898,
                        -4.56904411315918
                    ],
                    [
                        1.4481046199798584,
                        2.100283145904541,
                        1.642960548400879,
                        -4.421119213104248
                    ],
                    [
                        1.5191857814788818,
                        2.3048641681671143,
                        1.841691493988037,
                        -4.226119518280029
                    ],
                    [
                        1.7224692106246948,
                        2.551445484161377,
                        1.9449858665466309,
                        -4.671243667602539
                    ],
                    [
                        1.7578288316726685,
                        2.8145833015441895,
                        1.9389039278030396,
                        -5.249181270599365
                    ],
                    [
                        2.1217334270477295,
                        3.265836238861084,
                        1.8309375047683716,
                        -5.804729461669922
                    ],
                    [
                        2.3359315395355225,
                        3.2664637565612793,
                        1.8702597618103027,
                        -6.416133403778076
                    ],
                    [
                        2.433723211288452,
                        3.388059616088867,
                        2.0543346405029297,
                        -6.396669864654541
                    ],
                    [
                        2.3693153858184814,
                        3.6545352935791016,
                        2.213754892349243,
                        -6.58637809753418
                    ],
                    [
                        2.318565607070923,
                        3.2380383014678955,
                        1.9136161804199219,
                        -6.561469078063965
                    ],
                    [
                        2.532742738723755,
                        3.110565662384033,
                        2.0595710277557373,
                        -6.658733367919922
                    ],
                    [
                        2.596639633178711,
                        2.8131513595581055,
                        2.2717976570129395,
                        -6.983089447021484
                    ],
                    [
                        2.572572708129883,
                        2.8224170207977295,
                        2.3228635787963867,
                        -7.133331775665283
                    ],
                    [
                        2.5649325847625732,
                        2.7568600177764893,
                        2.316620111465454,
                        -7.044029235839844
                    ],
                    [
                        2.5426321029663086,
                        2.7321338653564453,
                        2.175097703933716,
                        -6.8893141746521
                    ],
                    [
                        2.6027281284332275,
                        2.6793198585510254,
                        2.1825754642486572,
                        -6.862089157104492
                    ],
                    [
                        2.5992441177368164,
                        2.7302751541137695,
                        2.1806869506835938,
                        -7.136844635009766
                    ],
                    [
                        2.7796452045440674,
                        2.6263043880462646,
                        2.147271156311035,
                        -7.198096752166748
                    ],
                    [
                        2.6631274223327637,
                        2.510010242462158,
                        2.4535746574401855,
                        -7.480879306793213
                    ],
                    [
                        2.684190273284912,
                        2.509402275085449,
                        2.487043857574463,
                        -7.647329330444336
                    ]
                ]
            ],
            "actions_pred": [
                [
                    [
                        1.2340346574783325,
                        1.4481046199798584,
                        1.5191857814788818,
                        1.7224692106246948,
                        1.7578288316726685,
                        2.1217334270477295,
                        2.3359315395355225,
                        2.433723211288452,
                        2.3693153858184814,
                        2.318565607070923,
                        2.532742738723755,
                        2.596639633178711,
                        2.572572708129883,
                        2.5649325847625732,
                        2.5426321029663086,
                        2.6027281284332275,
                        2.5992441177368164,
                        2.7796452045440674,
                        2.6631274223327637,
                        2.684190273284912
                    ],
                    [
                        1.6902260780334473,
                        2.100283145904541,
                        2.3048641681671143,
                        2.551445484161377,
                        2.8145833015441895,
                        3.265836238861084,
                        3.2664637565612793,
                        3.388059616088867,
                        3.6545352935791016,
                        3.2380383014678955,
                        3.110565662384033,
                        2.8131513595581055,
                        2.8224170207977295,
                        2.7568600177764893,
                        2.7321338653564453,
                        2.6793198585510254,
                        2.7302751541137695,
                        2.6263043880462646,
                        2.510010242462158,
                        2.509402275085449
                    ],
                    [
                        1.894088625907898,
                        1.642960548400879,
                        1.841691493988037,
                        1.9449858665466309,
                        1.9389039278030396,
                        1.8309375047683716,
                        1.8702597618103027,
                        2.0543346405029297,
                        2.213754892349243,
                        1.9136161804199219,
                        2.0595710277557373,
                        2.2717976570129395,
                        2.3228635787963867,
                        2.316620111465454,
                        2.175097703933716,
                        2.1825754642486572,
                        2.1806869506835938,
                        2.147271156311035,
                        2.4535746574401855,
                        2.487043857574463
                    ],
                    [
                        -4.56904411315918,
                        -4.421119213104248,
                        -4.226119518280029,
                        -4.671243667602539,
                        -5.249181270599365,
                        -5.804729461669922,
                        -6.416133403778076,
                        -6.396669864654541,
                        -6.58637809753418,
                        -6.561469078063965,
                        -6.658733367919922,
                        -6.983089447021484,
                        -7.133331775665283,
                        -7.044029235839844,
                        -6.8893141746521,
                        -6.862089157104492,
                        -7.136844635009766,
                        -7.198096752166748,
                        -7.480879306793213,
                        -7.647329330444336
                    ]
                ]
            ],
            "states": [
                [
                    [
                        4791432.0,
                        3.087877848884091e-05,
                        0.00023075626813806593,
                        506720.5
                    ],
                    [
                        3692400.0,
                        2.9973596610943787e-05,
                        0.00032322804327122867,
                        492666.6875
                    ],
                    [
                        4952160.0,
                        2.9106702641001903e-05,
                        0.0002578554267529398,
                        491613.3125
                    ],
                    [
                        4808808.0,
                        2.818479697452858e-05,
                        0.00022438736050389707,
                        480345.5
                    ],
                    [
                        4978224.0,
                        2.7317544663674198e-05,
                        0.00038321700412780046,
                        500271.75
                    ],
                    [
                        5354704.0,
                        2.645807217049878e-05,
                        0.0004527103737927973,
                        496069.53125
                    ],
                    [
                        3554840.0,
                        2.5757775802048855e-05,
                        0.00029970589093863964,
                        504121.5
                    ],
                    [
                        5330088.0,
                        2.5097764591919258e-05,
                        0.00026218051789328456,
                        473636.59375
                    ],
                    [
                        7706256.0,
                        2.4188775569200516e-05,
                        0.0002925366861745715,
                        550715.1875
                    ],
                    [
                        7687432.0,
                        2.319453051313758e-05,
                        0.00028024095809087157,
                        523717.84375
                    ],
                    [
                        6233640.0,
                        1.9415590941207483e-05,
                        0.0001758198341121897,
                        575309.5
                    ],
                    [
                        6330656.0,
                        1.8885328245232813e-05,
                        0.00013516498438548297,
                        576038.875
                    ],
                    [
                        2227024.0,
                        1.8539429220254533e-05,
                        0.0001646996388444677,
                        615099.8125
                    ],
                    [
                        3611312.0,
                        1.8311515304958448e-05,
                        0.0001985474955290556,
                        642490.9375
                    ],
                    [
                        5732632.0,
                        1.795835305529181e-05,
                        0.0002949792833533138,
                        564533.125
                    ],
                    [
                        5175152.0,
                        1.7562215361976996e-05,
                        0.0007080274517647922,
                        561933.4375
                    ],
                    [
                        4907272.0,
                        1.721135777188465e-05,
                        0.0013480978086590767,
                        618870.0
                    ],
                    [
                        4346896.0,
                        1.6901381968636997e-05,
                        0.0014468225417658687,
                        555341.1875
                    ],
                    [
                        5007184.0,
                        1.6599440641584806e-05,
                        0.0019480990013107657,
                        605693.8125
                    ],
                    [
                        5735528.0,
                        1.6265725207631476e-05,
                        0.002926501678302884,
                        601773.625
                    ]
                ]
            ],
            "actions": [
                [
                    [
                        0.5
                    ],
                    [
                        0.5
                    ],
                    [
                        0.5
                    ],
                    [
                        0.5
                    ],
                    [
                        0.5
                    ],
                    [
                        0.5
                    ],
                    [
                        0.5
                    ],
                    [
                        0.5
                    ],
                    [
                        0.5
                    ],
                    [
                        0.5
                    ],
                    [
                        0.5
                    ],
                    [
                        0.5
                    ],
                    [
                        0.5
                    ],
                    [
                        0.5
                    ],
                    [
                        0.5
                    ],
                    [
                        0.5
                    ],
                    [
                        0.5
                    ],
                    [
                        0.5
                    ],
                    [
                        0.5
                    ],
                    [
                        0.5
                    ]
                ]
            ],
            "returns": [
                [
                    [
                        0.45074203610420227
                    ],
                    [
                        0.44981828331947327
                    ],
                    [
                        0.44891759753227234
                    ],
                    [
                        0.44799089431762695
                    ],
                    [
                        0.4470668137073517
                    ],
                    [
                        0.4461396336555481
                    ],
                    [
                        0.44520601630210876
                    ],
                    [
                        0.44430869817733765
                    ],
                    [
                        0.44337549805641174
                    ],
                    [
                        0.44240957498550415
                    ],
                    [
                        0.44144389033317566
                    ],
                    [
                        0.4404968023300171
                    ],
                    [
                        0.4395483136177063
                    ],
                    [
                        0.43869248032569885
                    ],
                    [
                        0.4377937614917755
                    ],
                    [
                        0.4368540942668915
                    ],
                    [
                        0.4359234869480133
                    ],
                    [
                        0.4349976181983948
                    ],
                    [
                        0.4340824484825134
                    ],
                    [
                        0.43315479159355164
                    ]
                ]
            ],
            "timesteps": [
                [
                    140,
                    141,
                    142,
                    143,
                    144,
                    145,
                    146,
                    147,
                    148,
                    149,
                    150,
                    151,
                    152,
                    153,
                    154,
                    155,
                    156,
                    157,
                    158,
                    159
                ]
            ],
            "labels": [
                [
                    1,
                    1,
                    1,
                    1,
                    1,
                    1,
                    1,
                    1,
                    1,
                    1,
                    1,
                    1,
                    1,
                    1,
                    1,
                    1,
                    1,
                    1,
                    1,
                    1
                ]
            ],
            "CPU Usage": 44.9,
            "RAM Usage": 55.1,
            "GPU Usage": 0.0,
            "VRAM Usage": 355.0,
            "Disk Read Speed (MB/s)": 206646.8857421875,
            "Disk Write Speed (MB/s)": 422026.4345703125
        },
        {
            "step": 1,
            "train_loss": 0.019935522228479385,
            "actions_pred1": [
                [
                    [
                        1.3199098110198975,
                        1.3917334079742432,
                        2.408418655395508,
                        -3.9743967056274414
                    ],
                    [
                        1.5584362745285034,
                        0.9664199352264404,
                        2.2214505672454834,
                        -3.570361614227295
                    ],
                    [
                        1.74648118019104,
                        0.7935698628425598,
                        2.328972339630127,
                        -3.819088935852051
                    ],
                    [
                        2.044933557510376,
                        0.6975229382514954,
                        2.4649083614349365,
                        -3.880711555480957
                    ],
                    [
                        2.4359896183013916,
                        0.563780665397644,
                        2.643490791320801,
                        -4.134014129638672
                    ],
                    [
                        2.6337358951568604,
                        0.6819076538085938,
                        2.599890947341919,
                        -4.249884605407715
                    ],
                    [
                        2.509340524673462,
                        0.7897775173187256,
                        2.555328369140625,
                        -4.320312976837158
                    ],
                    [
                        2.546604633331299,
                        0.7295747399330139,
                        2.40271258354187,
                        -4.58095645904541
                    ],
                    [
                        2.575531482696533,
                        0.6937425136566162,
                        2.4803996086120605,
                        -4.958172798156738
                    ],
                    [
                        3.2626802921295166,
                        1.0412616729736328,
                        2.878265380859375,
                        -5.813018798828125
                    ],
                    [
                        3.9672107696533203,
                        1.4659711122512817,
                        3.0896031856536865,
                        -6.1733293533325195
                    ],
                    [
                        4.118189334869385,
                        1.4181444644927979,
                        2.911346435546875,
                        -6.177140235900879
                    ],
                    [
                        4.083315372467041,
                        1.640165090560913,
                        2.9403181076049805,
                        -6.3404717445373535
                    ],
                    [
                        3.9205403327941895,
                        1.506821870803833,
                        3.090989112854004,
                        -6.047855854034424
                    ],
                    [
                        4.00800895690918,
                        1.3538095951080322,
                        2.911025047302246,
                        -6.433899879455566
                    ],
                    [
                        4.294835090637207,
                        1.4141111373901367,
                        2.888716697692871,
                        -6.655956745147705
                    ],
                    [
                        4.278741359710693,
                        1.555417776107788,
                        3.0897552967071533,
                        -6.868064880371094
                    ],
                    [
                        4.631097793579102,
                        1.6129223108291626,
                        3.336777687072754,
                        -7.028623580932617
                    ],
                    [
                        4.659997940063477,
                        1.6326966285705566,
                        3.26406192779541,
                        -7.082077503204346
                    ],
                    [
                        4.588957786560059,
                        1.6300997734069824,
                        3.545586585998535,
                        -6.923957824707031
                    ]
                ]
            ],
            "actions_pred": [
                [
                    [
                        1.3199098110198975,
                        1.5584362745285034,
                        1.74648118019104,
                        2.044933557510376,
                        2.4359896183013916,
                        2.6337358951568604,
                        2.509340524673462,
                        2.546604633331299,
                        2.575531482696533,
                        3.2626802921295166,
                        3.9672107696533203,
                        4.118189334869385,
                        4.083315372467041,
                        3.9205403327941895,
                        4.00800895690918,
                        4.294835090637207,
                        4.278741359710693,
                        4.631097793579102,
                        4.659997940063477,
                        4.588957786560059
                    ],
                    [
                        1.3917334079742432,
                        0.9664199352264404,
                        0.7935698628425598,
                        0.6975229382514954,
                        0.563780665397644,
                        0.6819076538085938,
                        0.7897775173187256,
                        0.7295747399330139,
                        0.6937425136566162,
                        1.0412616729736328,
                        1.4659711122512817,
                        1.4181444644927979,
                        1.640165090560913,
                        1.506821870803833,
                        1.3538095951080322,
                        1.4141111373901367,
                        1.555417776107788,
                        1.6129223108291626,
                        1.6326966285705566,
                        1.6300997734069824
                    ],
                    [
                        2.408418655395508,
                        2.2214505672454834,
                        2.328972339630127,
                        2.4649083614349365,
                        2.643490791320801,
                        2.599890947341919,
                        2.555328369140625,
                        2.40271258354187,
                        2.4803996086120605,
                        2.878265380859375,
                        3.0896031856536865,
                        2.911346435546875,
                        2.9403181076049805,
                        3.090989112854004,
                        2.911025047302246,
                        2.888716697692871,
                        3.0897552967071533,
                        3.336777687072754,
                        3.26406192779541,
                        3.545586585998535
                    ],
                    [
                        -3.9743967056274414,
                        -3.570361614227295,
                        -3.819088935852051,
                        -3.880711555480957,
                        -4.134014129638672,
                        -4.249884605407715,
                        -4.320312976837158,
                        -4.58095645904541,
                        -4.958172798156738,
                        -5.813018798828125,
                        -6.1733293533325195,
                        -6.177140235900879,
                        -6.3404717445373535,
                        -6.047855854034424,
                        -6.433899879455566,
                        -6.655956745147705,
                        -6.868064880371094,
                        -7.028623580932617,
                        -7.082077503204346,
                        -6.923957824707031
                    ]
                ]
            ],
            "states": [
                [
                    [
                        1715880.0,
                        9.430604404769838e-05,
                        0.0053657107055187225,
                        470709.75
                    ],
                    [
                        1967832.0,
                        9.068279905477539e-05,
                        0.004402399994432926,
                        434480.75
                    ],
                    [
                        2130008.0,
                        8.69646537466906e-05,
                        0.004303366411477327,
                        508551.15625
                    ],
                    [
                        2267568.0,
                        8.329902630066499e-05,
                        0.003460775362327695,
                        467240.71875
                    ],
                    [
                        2448568.0,
                        7.969679427333176e-05,
                        0.003044134471565485,
                        537034.5
                    ],
                    [
                        2646944.0,
                        7.613936031702906e-05,
                        0.00288664479739964,
                        500456.03125
                    ],
                    [
                        1710088.0,
                        7.333141547860578e-05,
                        0.0027106136549264193,
                        490357.90625
                    ],
                    [
                        2580336.0,
                        7.077431655488908e-05,
                        0.0027518118731677532,
                        546850.6875
                    ],
                    [
                        2927856.0,
                        6.773720087949187e-05,
                        0.0026009255088865757,
                        496203.71875
                    ],
                    [
                        3168224.0,
                        6.466506602009758e-05,
                        0.002423960482701659,
                        507070.15625
                    ],
                    [
                        3505608.0,
                        6.160674092825502e-05,
                        0.002274049213156104,
                        516057.96875
                    ],
                    [
                        3553392.0,
                        5.866973879165016e-05,
                        0.0023237415589392185,
                        471484.09375
                    ],
                    [
                        4039920.0,
                        5.581038931268267e-05,
                        0.0021793735213577747,
                        501229.875
                    ],
                    [
                        4028336.0,
                        5.305969170876779e-05,
                        0.002523052040487528,
                        561908.75
                    ],
                    [
                        4312144.0,
                        5.04888485011179e-05,
                        0.002231767401099205,
                        502897.96875
                    ],
                    [
                        4776952.0,
                        4.795741187990643e-05,
                        0.0032643231097608805,
                        459673.25
                    ],
                    [
                        4743648.0,
                        4.5562293962575495e-05,
                        0.0020812072325497866,
                        515212.4375
                    ],
                    [
                        2971296.0,
                        4.3785152229247615e-05,
                        0.0015903349267318845,
                        502955.46875
                    ],
                    [
                        4981120.0,
                        4.21030999859795e-05,
                        0.0016534600872546434,
                        511202.4375
                    ],
                    [
                        4962296.0,
                        4.016688762931153e-05,
                        0.0014106292510405183,
                        493895.1875
                    ]
                ]
            ],
            "actions": [
                [
                    [
                        0.25
                    ],
                    [
                        0.25
                    ],
                    [
                        0.25
                    ],
                    [
                        0.25
                    ],
                    [
                        0.25
                    ],
                    [
                        0.25
                    ],
                    [
                        0.25
                    ],
                    [
                        0.25
                    ],
                    [
                        0.25
                    ],
                    [
                        0.25
                    ],
                    [
                        0.25
                    ],
                    [
                        0.25
                    ],
                    [
                        0.25
                    ],
                    [
                        0.25
                    ],
                    [
                        0.25
                    ],
                    [
                        0.25
                    ],
                    [
                        0.25
                    ],
                    [
                        0.25
                    ],
                    [
                        0.25
                    ],
                    [
                        0.25
                    ]
                ]
            ],
            "returns": [
                [
                    [
                        0.053779877722263336
                    ],
                    [
                        0.05294714868068695
                    ],
                    [
                        0.05210227146744728
                    ],
                    [
                        0.05125037208199501
                    ],
                    [
                        0.05039292573928833
                    ],
                    [
                        0.04952867329120636
                    ],
                    [
                        0.04865751042962074
                    ],
                    [
                        0.047825079411268234
                    ],
                    [
                        0.046956177800893784
                    ],
                    [
                        0.04607607424259186
                    ],
                    [
                        0.04518897458910942
                    ],
                    [
                        0.04429290443658829
                    ],
                    [
                        0.04339563474059105
                    ],
                    [
                        0.04248698428273201
                    ],
                    [
                        0.04157859459519386
                    ],
                    [
                        0.04066416248679161
                    ],
                    [
                        0.039740659296512604
                    ],
                    [
                        0.03881777450442314
                    ],
                    [
                        0.037936363369226456
                    ],
                    [
                        0.03700914978981018
                    ]
                ]
            ],
            "timesteps": [
                [
                    580,
                    581,
                    582,
                    583,
                    584,
                    585,
                    586,
                    587,
                    588,
                    589,
                    590,
                    591,
                    592,
                    593,
                    594,
                    595,
                    596,
                    597,
                    598,
                    599
                ]
            ],
            "labels": [
                [
                    0,
                    0,
                    0,
                    0,
                    0,
                    0,
                    0,
                    0,
                    0,
                    0,
                    0,
                    0,
                    0,
                    0,
                    0,
                    0,
                    0,
                    0,
                    0,
                    0
                ]
            ],
            "CPU Usage": 46.7,
            "RAM Usage": 55.2,
            "GPU Usage": 0.0,
            "VRAM Usage": 355.0,
            "Disk Read Speed (MB/s)": 206646.8857421875,
            "Disk Write Speed (MB/s)": 422026.6767578125
        },
        {
            "step": 2,
            "train_loss": 0.011223113164305687,
            "actions_pred1": [
                [
                    [
                        1.8080998659133911,
                        1.9479179382324219,
                        3.1252615451812744,
                        -6.16332483291626
                    ],
                    [
                        1.445222020149231,
                        2.237877130508423,
                        3.870307207107544,
                        -6.339742183685303
                    ],
                    [
                        1.8105136156082153,
                        2.3135533332824707,
                        3.8204152584075928,
                        -5.789844512939453
                    ],
                    [
                        1.957126498222351,
                        2.0708742141723633,
                        3.3235130310058594,
                        -5.734926223754883
                    ],
                    [
                        1.6279467344284058,
                        1.901149034500122,
                        3.40490460395813,
                        -5.966019630432129
                    ],
                    [
                        1.6626414060592651,
                        2.3021302223205566,
                        3.5619516372680664,
                        -6.274590015411377
                    ],
                    [
                        1.6724258661270142,
                        2.302143096923828,
                        3.3685171604156494,
                        -6.042234897613525
                    ],
                    [
                        1.6032377481460571,
                        2.0950241088867188,
                        3.205808162689209,
                        -5.5223259925842285
                    ],
                    [
                        1.6036604642868042,
                        1.571861982345581,
                        3.3603923320770264,
                        -6.200466156005859
                    ],
                    [
                        1.5704984664916992,
                        1.468306303024292,
                        3.3142685890197754,
                        -6.646853923797607
                    ],
                    [
                        1.6338778734207153,
                        1.7298907041549683,
                        3.230245590209961,
                        -6.693558692932129
                    ],
                    [
                        1.7803581953048706,
                        1.857715368270874,
                        3.3406083583831787,
                        -6.990625381469727
                    ],
                    [
                        1.9731645584106445,
                        1.837067723274231,
                        3.5963327884674072,
                        -7.059481620788574
                    ],
                    [
                        2.1057627201080322,
                        1.4547399282455444,
                        3.5778417587280273,
                        -7.224370956420898
                    ],
                    [
                        2.2743325233459473,
                        1.298551321029663,
                        3.445002317428589,
                        -7.3670196533203125
                    ],
                    [
                        2.276440143585205,
                        1.1794381141662598,
                        3.3514492511749268,
                        -7.378268241882324
                    ],
                    [
                        2.2995166778564453,
                        1.2970763444900513,
                        3.359304428100586,
                        -7.1794233322143555
                    ],
                    [
                        2.3122856616973877,
                        1.4777562618255615,
                        3.436946392059326,
                        -7.3743181228637695
                    ],
                    [
                        2.1444075107574463,
                        1.3907749652862549,
                        3.3381590843200684,
                        -7.300747394561768
                    ],
                    [
                        2.348085880279541,
                        1.5058879852294922,
                        3.355020046234131,
                        -7.216522693634033
                    ]
                ]
            ],
            "actions_pred": [
                [
                    [
                        1.8080998659133911,
                        1.445222020149231,
                        1.8105136156082153,
                        1.957126498222351,
                        1.6279467344284058,
                        1.6626414060592651,
                        1.6724258661270142,
                        1.6032377481460571,
                        1.6036604642868042,
                        1.5704984664916992,
                        1.6338778734207153,
                        1.7803581953048706,
                        1.9731645584106445,
                        2.1057627201080322,
                        2.2743325233459473,
                        2.276440143585205,
                        2.2995166778564453,
