{
    "steps": [
        {
            "step": 0,
            "train_loss": 0.03424215689301491,
            "actions_pred1": [
                [
                    [
                        0.6138151288032532,
                        0.04356762766838074,
                        0.32213497161865234,
                        0.06874845921993256
                    ],
                    [
                        0.5512881875038147,
                        0.2209358513355255,
                        0.3753589987754822,
                        0.11172474920749664
                    ],
                    [
                        0.5800760388374329,
                        0.2848673462867737,
                        0.3689724802970886,
                        -0.039569735527038574
                    ],
                    [
                        0.5478315353393555,
                        0.226540669798851,
                        0.2553439140319824,
                        -0.07332426309585571
                    ],
                    [
                        0.31117668747901917,
                        0.4482514262199402,
                        0.4699934720993042,
                        -0.2032480239868164
                    ],
                    [
                        0.1900753378868103,
                        0.24289309978485107,
                        0.5157167911529541,
                        -0.1589491069316864
                    ],
                    [
                        0.36607447266578674,
                        0.27761805057525635,
                        0.5548678040504456,
                        -0.03418850898742676
                    ],
                    [
                        0.5767613053321838,
                        -0.0027563050389289856,
                        0.6268832683563232,
                        -0.1597263216972351
                    ],
                    [
                        0.3791474401950836,
                        0.1301271915435791,
                        0.7844059467315674,
                        -0.1817912757396698
                    ],
                    [
                        0.28499889373779297,
                        0.18768346309661865,
                        0.7274302840232849,
                        -0.14445903897285461
                    ],
                    [
                        0.40427690744400024,
                        0.10526412725448608,
                        0.6167752742767334,
                        -0.16225239634513855
                    ],
                    [
                        0.47823476791381836,
                        0.19017812609672546,
                        0.6835134029388428,
                        -0.08584707975387573
                    ],
                    [
                        0.41860875487327576,
                        0.1594361662864685,
                        0.6590690612792969,
                        -0.1471945345401764
                    ],
                    [
                        0.3249373137950897,
                        0.03155634552240372,
                        0.6978762149810791,
                        -0.17756980657577515
                    ],
                    [
                        0.2800609767436981,
                        0.0822240561246872,
                        0.6554170846939087,
                        -0.096763014793396
                    ],
                    [
                        0.23318082094192505,
                        0.10407733172178268,
                        0.6070516705513,
                        0.029523611068725586
                    ],
                    [
                        0.3253033757209778,
                        0.1282126009464264,
                        0.6706452369689941,
                        0.05020776391029358
                    ],
                    [
                        0.3702045977115631,
                        0.1451818197965622,
                        0.7517105340957642,
                        0.07843905687332153
                    ],
                    [
                        0.4339504837989807,
                        0.2102210372686386,
                        0.9585441946983337,
                        -0.050719380378723145
                    ],
                    [
                        0.4109625220298767,
                        0.15302202105522156,
                        0.8275907039642334,
                        -0.0923776924610138
                    ]
                ]
            ],
            "actions_pred": [
                [
                    [
                        0.6138151288032532,
                        0.5512881875038147,
                        0.5800760388374329,
                        0.5478315353393555,
                        0.31117668747901917,
                        0.1900753378868103,
                        0.36607447266578674,
                        0.5767613053321838,
                        0.3791474401950836,
                        0.28499889373779297,
                        0.40427690744400024,
                        0.47823476791381836,
                        0.41860875487327576,
                        0.3249373137950897,
                        0.2800609767436981,
                        0.23318082094192505,
                        0.3253033757209778,
                        0.3702045977115631,
                        0.4339504837989807,
                        0.4109625220298767
                    ],
                    [
                        0.04356762766838074,
                        0.2209358513355255,
                        0.2848673462867737,
                        0.226540669798851,
                        0.4482514262199402,
                        0.24289309978485107,
                        0.27761805057525635,
                        -0.0027563050389289856,
                        0.1301271915435791,
                        0.18768346309661865,
                        0.10526412725448608,
                        0.19017812609672546,
                        0.1594361662864685,
                        0.03155634552240372,
                        0.0822240561246872,
                        0.10407733172178268,
                        0.1282126009464264,
                        0.1451818197965622,
                        0.2102210372686386,
                        0.15302202105522156
                    ],
                    [
                        0.32213497161865234,
                        0.3753589987754822,
                        0.3689724802970886,
                        0.2553439140319824,
                        0.4699934720993042,
                        0.5157167911529541,
                        0.5548678040504456,
                        0.6268832683563232,
                        0.7844059467315674,
                        0.7274302840232849,
                        0.6167752742767334,
                        0.6835134029388428,
                        0.6590690612792969,
                        0.6978762149810791,
                        0.6554170846939087,
                        0.6070516705513,
                        0.6706452369689941,
                        0.7517105340957642,
                        0.9585441946983337,
                        0.8275907039642334
                    ],
                    [
                        0.06874845921993256,
                        0.11172474920749664,
                        -0.039569735527038574,
                        -0.07332426309585571,
                        -0.2032480239868164,
                        -0.1589491069316864,
                        -0.03418850898742676,
                        -0.1597263216972351,
                        -0.1817912757396698,
                        -0.14445903897285461,
                        -0.16225239634513855,
                        -0.08584707975387573,
                        -0.1471945345401764,
                        -0.17756980657577515,
                        -0.096763014793396,
                        0.029523611068725586,
                        0.05020776391029358,
                        0.07843905687332153,
                        -0.050719380378723145,
                        -0.0923776924610138
                    ]
                ]
            ],
            "states": [
                [
                    [
                        5325744.0,
                        3.011092121596448e-05,
                        0.00027277067420072854,
                        851925.625
                    ],
                    [
                        5357600.0,
                        2.9456161428242922e-05,
                        0.00027305487310513854,
                        832487.0625
                    ],
                    [
                        5618240.0,
                        2.881258842535317e-05,
                        0.0002689558023121208,
                        866650.0
                    ],
                    [
                        5764488.0,
                        2.8174086764920503e-05,
                        0.0002797737834043801,
                        885137.0
                    ],
                    [
                        5370632.0,
                        2.7576063075684942e-05,
                        0.00025503398501314223,
                        827897.4375
                    ],
                    [
                        5432896.0,
                        2.7019848857889883e-05,
                        0.00027816780493594706,
                        880666.4375
                    ],
                    [
                        5364840.0,
                        2.6485795387998223e-05,
                        0.00026209698989987373,
                        834819.0
                    ],
                    [
                        5233072.0,
                        2.598174069134984e-05,
                        0.0002851165772881359,
                        880287.1875
                    ],
                    [
                        5114336.0,
                        2.5507837563054636e-05,
                        0.000267517170868814,
                        884475.5
                    ],
                    [
                        5458960.0,
                        2.504124859115109e-05,
                        0.00027258697082288563,
                        833080.1875
                    ],
                    [
                        5170808.0,
                        2.4588902306277305e-05,
                        0.00027191461413167417,
                        830618.8125
                    ],
                    [
                        5131712.0,
                        2.416586175968405e-05,
                        0.00027577357832342386,
                        795031.0
                    ],
                    [
                        5137504.0,
                        2.3758442694088444e-05,
                        0.00027702987426891923,
                        830415.5625
                    ],
                    [
                        5460408.0,
                        2.3352160496870056e-05,
                        0.0002779100905172527,
                        812805.0
                    ],
                    [
                        5332984.0,
                        2.2952330255066045e-05,
                        0.00026160795823670924,
                        784998.0
                    ],
                    [
                        5464752.0,
                        2.256591324112378e-05,
                        0.0002753763983491808,
                        843504.25
                    ],
                    [
                        5461856.0,
                        2.2187881768331863e-05,
                        0.0002731475979089737,
                        901654.0625
                    ],
                    [
                        5571904.0,
                        2.181875788664911e-05,
                        0.0002628508664201945,
                        880942.125
                    ],
                    [
                        5370632.0,
                        2.146460974472575e-05,
                        0.00026417680783197284,
                        856475.0625
                    ],
                    [
                        5508192.0,
                        2.1123838450876065e-05,
                        0.0002805523981805891,
                        865747.5
                    ]
                ]
            ],
            "actions": [
                [
                    [
                        0.75
                    ],
                    [
                        0.75
                    ],
                    [
                        0.75
                    ],
                    [
                        0.75
                    ],
                    [
                        0.75
                    ],
                    [
                        0.75
                    ],
                    [
                        0.75
                    ],
                    [
                        0.75
                    ],
                    [
                        0.75
                    ],
                    [
                        0.75
                    ],
                    [
                        0.75
                    ],
                    [
                        0.75
                    ],
                    [
                        0.75
                    ],
                    [
                        0.75
                    ],
                    [
                        0.75
                    ],
                    [
                        0.75
                    ],
                    [
                        0.75
                    ],
                    [
                        0.75
                    ],
                    [
                        0.75
                    ],
                    [
                        0.75
                    ]
                ]
            ],
            "returns": [
                [
                    [
                        0.34190085530281067
                    ],
                    [
                        0.34096771478652954
                    ],
                    [
                        0.34003403782844543
                    ],
                    [
                        0.3390961289405823
                    ],
                    [
                        0.33815598487854004
                    ],
                    [
                        0.33722206950187683
                    ],
                    [
                        0.33628717064857483
                    ],
                    [
                        0.33535337448120117
                    ],
                    [
                        0.3344217836856842
                    ],
                    [
                        0.3334922194480896
                    ],
                    [
                        0.33255690336227417
                    ],
                    [
                        0.33162635564804077
                    ],
                    [
                        0.3306964933872223
                    ],
                    [
                        0.32976654171943665
                    ],
                    [
                        0.32883119583129883
                    ],
                    [
                        0.32789793610572815
                    ],
                    [
                        0.32696250081062317
                    ],
                    [
                        0.3260270953178406
                    ],
                    [
                        0.3250899612903595
                    ],
                    [
                        0.3241560757160187
                    ]
                ]
            ],
            "timesteps": [
                [
                    260,
                    261,
                    262,
                    263,
                    264,
                    265,
                    266,
                    267,
                    268,
                    269,
                    270,
                    271,
                    272,
                    273,
                    274,
                    275,
                    276,
                    277,
                    278,
                    279
                ]
            ],
            "labels": [
                [
                    2,
                    2,
                    2,
                    2,
                    2,
                    2,
                    2,
                    2,
                    2,
                    2,
                    2,
                    2,
                    2,
                    2,
                    2,
                    2,
                    2,
                    2,
                    2,
                    2
                ]
            ],
            "CPU Usage": 46.6,
            "RAM Usage": 55.3,
            "GPU Usage": 0.0,
            "VRAM Usage": 355.0,
            "Disk Read Speed (MB/s)": 206043.5751953125,
            "Disk Write Speed (MB/s)": 357522.3095703125
        },
        {
            "step": 1,
            "train_loss": 0.03274249657988548,
            "actions_pred1": [
                [
                    [
                        0.526654839515686,
                        0.1373128592967987,
                        0.5760140419006348,
                        0.4323020577430725
                    ],
                    [
                        0.20139631628990173,
                        0.24906489253044128,
                        0.624002993106842,
                        0.2227439135313034
                    ],
                    [
                        0.16812202334403992,
                        0.11781992018222809,
                        0.4552867114543915,
                        0.18607068061828613
                    ],
                    [
                        0.11508387327194214,
                        0.15656553208827972,
                        0.48930394649505615,
                        0.0990031361579895
                    ],
                    [
                        0.05874532461166382,
                        0.21493308246135712,
                        0.48213276267051697,
                        0.09940564632415771
                    ],
                    [
                        0.24226585030555725,
                        0.17504258453845978,
                        0.46029722690582275,
                        -0.054040759801864624
                    ],
                    [
                        0.12109401822090149,
                        0.008961006999015808,
                        0.6305988430976868,
                        -0.10201874375343323
                    ],
                    [
                        0.14063428342342377,
                        0.09262824058532715,
                        0.6913339495658875,
                        -0.11038687825202942
                    ],
                    [
                        0.03514627367258072,
                        0.1575413942337036,
                        0.5802331566810608,
                        0.038160115480422974
                    ],
                    [
                        0.0884556993842125,
                        0.1536169797182083,
                        0.566519021987915,
                        -0.02591085433959961
                    ],
                    [
                        0.05708153545856476,
                        0.20154424011707306,
                        0.6958049535751343,
                        0.025908946990966797
                    ],
                    [
                        0.210091695189476,
                        0.03850477933883667,
                        0.584757924079895,
                        0.14924800395965576
                    ],
                    [
                        0.11422490328550339,
                        0.07794683426618576,
                        0.6707460880279541,
                        0.12107351422309875
                    ],
                    [
                        0.12229439616203308,
                        0.18461038172245026,
                        0.5943349003791809,
                        0.010387331247329712
                    ],
                    [
                        0.14025810360908508,
                        0.2366383671760559,
                        0.732199490070343,
                        -0.023850858211517334
                    ],
                    [
                        0.29115530848503113,
                        0.223483607172966,
                        0.6584972739219666,
                        -0.044761210680007935
                    ],
                    [
                        0.248795747756958,
                        0.24838082492351532,
                        0.7498834133148193,
                        0.038266509771347046
                    ],
                    [
                        0.10916377604007721,
                        0.31218767166137695,
                        0.7469354271888733,
                        -0.14186042547225952
                    ],
                    [
                        0.17183658480644226,
                        0.2696952223777771,
                        0.7157118320465088,
                        -0.1608847975730896
                    ],
                    [
                        0.2337334156036377,
                        0.2293870747089386,
                        0.6543782353401184,
                        -0.008613765239715576
                    ]
                ]
            ],
            "actions_pred": [
                [
                    [
                        0.526654839515686,
                        0.20139631628990173,
                        0.16812202334403992,
                        0.11508387327194214,
                        0.05874532461166382,
                        0.24226585030555725,
                        0.12109401822090149,
                        0.14063428342342377,
                        0.03514627367258072,
                        0.0884556993842125,
                        0.05708153545856476,
                        0.210091695189476,
                        0.11422490328550339,
                        0.12229439616203308,
                        0.14025810360908508,
                        0.29115530848503113,
                        0.248795747756958,
                        0.10916377604007721,
                        0.17183658480644226,
                        0.2337334156036377
                    ],
                    [
                        0.1373128592967987,
                        0.24906489253044128,
                        0.11781992018222809,
                        0.15656553208827972,
                        0.21493308246135712,
                        0.17504258453845978,
                        0.008961006999015808,
                        0.09262824058532715,
                        0.1575413942337036,
                        0.1536169797182083,
                        0.20154424011707306,
                        0.03850477933883667,
                        0.07794683426618576,
                        0.18461038172245026,
                        0.2366383671760559,
                        0.223483607172966,
                        0.24838082492351532,
                        0.31218767166137695,
                        0.2696952223777771,
                        0.2293870747089386
                    ],
                    [
                        0.5760140419006348,
                        0.624002993106842,
                        0.4552867114543915,
                        0.48930394649505615,
                        0.48213276267051697,
                        0.46029722690582275,
                        0.6305988430976868,
                        0.6913339495658875,
                        0.5802331566810608,
                        0.566519021987915,
                        0.6958049535751343,
                        0.584757924079895,
                        0.6707460880279541,
                        0.5943349003791809,
                        0.732199490070343,
                        0.6584972739219666,
                        0.7498834133148193,
                        0.7469354271888733,
                        0.7157118320465088,
                        0.6543782353401184
                    ],
                    [
                        0.4323020577430725,
                        0.2227439135313034,
                        0.18607068061828613,
                        0.0990031361579895,
                        0.09940564632415771,
                        -0.054040759801864624,
                        -0.10201874375343323,
                        -0.11038687825202942,
                        0.038160115480422974,
                        -0.02591085433959961,
                        0.025908946990966797,
                        0.14924800395965576,
                        0.12107351422309875,
                        0.010387331247329712,
                        -0.023850858211517334,
                        -0.044761210680007935,
                        0.038266509771347046,
                        -0.14186042547225952,
                        -0.1608847975730896,
                        -0.008613765239715576
                    ]
                ]
            ],
            "states": [
                [
                    [
                        5466200.0,
                        1.129001520894235e-05,
                        0.0002789112040773034,
                        818770.4375
                    ],
                    [
                        5612448.0,
                        1.1129687663924415e-05,
                        0.00025781430304050446,
                        898413.75
                    ],
                    [
                        5046280.0,
                        1.0979628314089496e-05,
                        0.0002818313369061798,
                        909004.75
                    ],
                    [
                        5249000.0,
                        1.0838540219992865e-05,
                        0.00027022496215067804,
                        810422.3125
                    ],
                    [
                        5515432.0,
                        1.0694837328628637e-05,
                        0.00027221045456826687,
                        891063.1875
                    ],
                    [
                        5182392.0,
                        1.0555714652582537e-05,
                        0.0002733847650233656,
                        862686.6875
                    ],
                    [
                        5021664.0,
                        1.0426368135085795e-05,
                        0.00026607781182974577,
                        893778.125
                    ],
                    [
                        5292440.0,
                        1.0298814231646247e-05,
                        0.00028466759249567986,
                        852371.5625
                    ],
                    [
                        5366288.0,
                        1.0170228961214889e-05,
                        0.0002693114511203021,
                        775255.625
                    ],
                    [
                        5483576.0,
                        1.0042614121630322e-05,
                        0.0002695369767025113,
                        802315.875
                    ],
                    [
                        5369184.0,
                        9.918102477968205e-06,
                        0.00026757299201563,
                        854250.0
                    ],
                    [
                        5670368.0,
                        9.794596735446248e-06,
                        0.0002770914288703352,
                        851009.75
                    ],
                    [
                        5537152.0,
                        9.67230062087765e-06,
                        0.0002540841815061867,
                        843244.5625
                    ],
                    [
                        5557424.0,
                        9.554213647788856e-06,
                        0.0002650599053595215,
                        914621.5625
                    ],
                    [
                        5403936.0,
                        9.440349458600394e-06,
                        0.00027801760006695986,
                        829670.8125
                    ],
                    [
                        5246104.0,
                        9.332287845609244e-06,
                        0.0002704633225221187,
                        839801.4375
                    ],
                    [
                        5603760.0,
                        9.224719178746454e-06,
                        0.0002756867033895105,
                        804814.3125
                    ],
                    [
                        5383664.0,
                        9.118263733398635e-06,
                        0.00025344316964037716,
                        920753.0625
                    ],
                    [
                        5525568.0,
                        8.914936188375577e-06,
                        0.000413205154472962,
                        941023.9375
                    ],
                    [
                        5521224.0,
                        8.814949069346767e-06,
                        0.00012937834253534675,
                        850908.25
                    ]
                ]
            ],
            "actions": [
                [
                    [
                        0.75
                    ],
                    [
                        0.75
                    ],
                    [
                        0.75
                    ],
                    [
                        0.75
                    ],
                    [
                        0.75
                    ],
                    [
                        0.75
                    ],
                    [
                        0.75
                    ],
                    [
                        0.75
                    ],
                    [
                        0.75
                    ],
                    [
                        0.75
                    ],
                    [
                        0.75
                    ],
                    [
                        0.75
                    ],
                    [
                        0.75
                    ],
                    [
                        0.75
                    ],
                    [
                        0.75
                    ],
                    [
                        0.75
                    ],
                    [
                        0.75
                    ],
                    [
                        0.75
                    ],
                    [
                        0.75
                    ],
                    [
                        0.75
                    ]
                ]
            ],
            "returns": [
                [
                    [
                        0.5242103934288025
                    ],
                    [
                        0.5232749581336975
                    ],
                    [
                        0.5223371386528015
                    ],
                    [
                        0.5214087963104248
                    ],
                    [
                        0.5204769372940063
                    ],
                    [
                        0.5195406675338745
                    ],
                    [
                        0.5186099410057068
                    ],
                    [
                        0.5176820158958435
                    ],
                    [
                        0.5167494416236877
                    ],
                    [
                        0.5158156156539917
                    ],
                    [
                        0.5148798823356628
                    ],
                    [
                        0.513945996761322
                    ],
                    [
                        0.5130072832107544
                    ],
                    [
                        0.5120707154273987
                    ],
                    [
                        0.5111337900161743
                    ],
                    [
                        0.5101993083953857
                    ],
                    [
                        0.5092675089836121
                    ],
                    [
                        0.5083298683166504
                    ],
                    [
                        0.5073957443237305
                    ],
                    [
                        0.5064593553543091
                    ]
                ]
            ],
            "timesteps": [
                [
                    60,
                    61,
                    62,
                    63,
                    64,
                    65,
                    66,
                    67,
                    68,
                    69,
                    70,
                    71,
                    72,
                    73,
                    74,
                    75,
                    76,
                    77,
                    78,
                    79
                ]
            ],
            "labels": [
                [
                    2,
                    2,
                    2,
                    2,
                    2,
                    2,
                    2,
                    2,
                    2,
                    2,
                    2,
                    2,
                    2,
                    2,
                    2,
                    2,
                    2,
                    2,
                    2,
                    2
                ]
            ],
            "CPU Usage": 46.7,
            "RAM Usage": 55.4,
            "GPU Usage": 0.0,
            "VRAM Usage": 355.0,
            "Disk Read Speed (MB/s)": 206043.5751953125,
            "Disk Write Speed (MB/s)": 357522.5673828125
        },
        {
            "step": 2,
            "train_loss": 0.02716158889234066,
            "actions_pred1": [
                [
                    [
                        0.40759027004241943,
                        -0.06243078410625458,
                        0.575648844242096,
                        -0.18848687410354614
                    ],
                    [
                        0.2837933897972107,
                        0.02075466513633728,
                        0.6559996604919434,
                        -0.2647898495197296
                    ],
                    [
                        0.2845863699913025,
                        -0.03196711838245392,
                        0.7219562530517578,
                        -0.18874377012252808
                    ],
                    [
                        0.29171091318130493,
                        -0.03482399880886078,
                        0.8632544279098511,
                        -0.269959419965744
                    ],
                    [
                        0.32552796602249146,
                        0.1003139391541481,
                        0.9044937491416931,
                        -0.24500472843647003
                    ],
                    [
                        0.41488057374954224,
                        0.016053825616836548,
                        0.811715304851532,
                        -0.1668473482131958
                    ],
                    [
                        0.31621262431144714,
                        -0.004163466393947601,
                        0.6091374158859253,
                        -0.19292938709259033
                    ],
                    [
                        0.39707303047180176,
                        0.10061637312173843,
                        0.6658710241317749,
                        -0.16314831376075745
                    ],
                    [
                        0.3783971071243286,
                        0.109833262860775,
                        0.6674269437789917,
                        -0.1583263874053955
                    ],
                    [
                        0.21810366213321686,
                        0.04213496297597885,
                        0.7955886721611023,
                        -0.23726843297481537
                    ],
                    [
                        0.2478315383195877,
                        0.12903344631195068,
                        1.0030205249786377,
                        -0.2738478183746338
                    ],
                    [
                        0.2286319136619568,
                        0.0957411378622055,
                        0.9563772678375244,
                        -0.20361733436584473
                    ],
                    [
                        0.16432145237922668,
                        -0.03159738704562187,
                        0.9355800151824951,
                        -0.2522702217102051
                    ],
                    [
                        0.21928930282592773,
                        0.04028516262769699,
                        0.9873863458633423,
                        -0.2880669832229614
                    ],
                    [
                        0.24786624312400818,
                        0.0392940491437912,
                        0.9744986891746521,
                        -0.2920569181442261
                    ],
                    [
                        0.26647332310676575,
                        0.056606799364089966,
                        0.9352541565895081,
                        -0.24741174280643463
                    ],
                    [
                        0.17305107414722443,
                        0.019517775624990463,
                        0.8664990663528442,
                        -0.2150195688009262
                    ],
                    [
                        0.12329591065645218,
                        0.13954070210456848,
                        0.8790385723114014,
                        -0.1697312891483307
                    ],
                    [
                        0.2058708369731903,
                        0.12822262942790985,
                        0.9002917408943176,
                        -0.1913379728794098
                    ],
                    [
                        0.19268199801445007,
                        0.1387171894311905,
                        0.9364482760429382,
                        -0.214610755443573
                    ]
                ]
            ],
            "actions_pred": [
                [
                    [
                        0.40759027004241943,
                        0.2837933897972107,
                        0.2845863699913025,
                        0.29171091318130493,
                        0.32552796602249146,
                        0.41488057374954224,
                        0.31621262431144714,
                        0.39707303047180176,
