{
    "steps": [
        {
            "step": 0,
            "train_loss": 0.05257732421159744,
            "actions_pred1": [
                [
                    [
                        1.9118578433990479,
                        3.2481422424316406,
                        1.9964131116867065,
                        -5.031415939331055
                    ],
                    [
                        1.6638262271881104,
                        3.223466157913208,
                        1.7313090562820435,
                        -5.099846839904785
                    ],
                    [
                        1.8959428071975708,
                        3.9787917137145996,
                        1.3542203903198242,
                        -4.867558479309082
                    ],
                    [
                        1.923218011856079,
                        4.085083484649658,
                        1.1409740447998047,
                        -5.133110046386719
                    ],
                    [
                        2.183418035507202,
                        3.882328748703003,
                        1.1778924465179443,
                        -5.997286319732666
                    ],
                    [
                        2.195723533630371,
                        3.5732262134552,
                        1.0697855949401855,
                        -6.131673812866211
                    ],
                    [
                        2.327725648880005,
                        3.3899152278900146,
                        1.04232656955719,
                        -6.483398914337158
                    ],
                    [
                        2.290656566619873,
                        3.6073615550994873,
                        1.1741138696670532,
                        -6.785140514373779
                    ],
                    [
                        2.6484174728393555,
                        3.6752302646636963,
                        1.406967043876648,
                        -7.2110795974731445
                    ],
                    [
                        2.640488624572754,
                        3.9869277477264404,
                        1.3096318244934082,
                        -7.044121742248535
                    ],
                    [
                        2.5211868286132812,
                        3.9692463874816895,
                        1.010279655456543,
                        -7.327500820159912
                    ],
                    [
                        2.5612635612487793,
                        3.373147487640381,
                        1.1243647336959839,
                        -7.188848495483398
                    ],
                    [
                        2.4058146476745605,
                        3.5345253944396973,
                        1.3198152780532837,
                        -7.1072821617126465
                    ],
                    [
                        2.3837265968322754,
                        3.5205297470092773,
                        1.3116295337677002,
                        -7.071649551391602
                    ],
                    [
                        2.426058292388916,
                        3.6749930381774902,
                        1.2390720844268799,
                        -7.059943199157715
                    ],
                    [
                        2.336310386657715,
                        3.467690944671631,
                        1.1749422550201416,
                        -7.1304121017456055
                    ],
                    [
                        2.206273317337036,
                        3.49471116065979,
                        1.3718993663787842,
                        -7.295743465423584
                    ],
                    [
                        2.290126323699951,
                        3.597079277038574,
                        1.1589889526367188,
                        -7.121664524078369
                    ],
                    [
                        2.425966262817383,
                        3.737126588821411,
                        1.2506749629974365,
                        -7.195172309875488
                    ],
                    [
                        2.351411819458008,
                        3.998702049255371,
                        1.0909185409545898,
                        -7.586904525756836
                    ]
                ]
            ],
            "actions_pred": [
                [
                    [
                        1.9118578433990479,
                        1.6638262271881104,
                        1.8959428071975708,
                        1.923218011856079,
                        2.183418035507202,
                        2.195723533630371,
                        2.327725648880005,
                        2.290656566619873,
                        2.6484174728393555,
                        2.640488624572754,
                        2.5211868286132812,
                        2.5612635612487793,
                        2.4058146476745605,
                        2.3837265968322754,
                        2.426058292388916,
                        2.336310386657715,
                        2.206273317337036,
                        2.290126323699951,
                        2.425966262817383,
                        2.351411819458008
                    ],
                    [
                        3.2481422424316406,
                        3.223466157913208,
                        3.9787917137145996,
                        4.085083484649658,
                        3.882328748703003,
                        3.5732262134552,
                        3.3899152278900146,
                        3.6073615550994873,
                        3.6752302646636963,
                        3.9869277477264404,
                        3.9692463874816895,
                        3.373147487640381,
                        3.5345253944396973,
                        3.5205297470092773,
                        3.6749930381774902,
                        3.467690944671631,
                        3.49471116065979,
                        3.597079277038574,
                        3.737126588821411,
                        3.998702049255371
                    ],
                    [
                        1.9964131116867065,
                        1.7313090562820435,
                        1.3542203903198242,
                        1.1409740447998047,
                        1.1778924465179443,
                        1.0697855949401855,
                        1.04232656955719,
                        1.1741138696670532,
                        1.406967043876648,
                        1.3096318244934082,
                        1.010279655456543,
                        1.1243647336959839,
                        1.3198152780532837,
                        1.3116295337677002,
                        1.2390720844268799,
                        1.1749422550201416,
                        1.3718993663787842,
                        1.1589889526367188,
                        1.2506749629974365,
                        1.0909185409545898
                    ],
                    [
                        -5.031415939331055,
                        -5.099846839904785,
                        -4.867558479309082,
                        -5.133110046386719,
                        -5.997286319732666,
                        -6.131673812866211,
                        -6.483398914337158,
                        -6.785140514373779,
                        -7.2110795974731445,
                        -7.044121742248535,
                        -7.327500820159912,
                        -7.188848495483398,
                        -7.1072821617126465,
                        -7.071649551391602,
                        -7.059943199157715,
                        -7.1304121017456055,
                        -7.295743465423584,
                        -7.121664524078369,
                        -7.195172309875488,
                        -7.586904525756836
                    ]
                ]
            ],
            "states": [
                [
                    [
                        195480.0,
                        0.00017859364743344486,
                        0.0014523763675242662,
                        455306.15625
                    ],
                    [
                        224440.0,
                        0.00017706550715956837,
                        0.0012122188927605748,
                        199210.375
                    ],
                    [
                        260640.0,
                        0.00017533254867885262,
                        0.0010567386634647846,
                        291813.4375
                    ],
                    [
                        231680.0,
                        0.00017360733181703836,
                        0.0010331012308597565,
                        619352.5625
                    ],
                    [
                        201272.0,
                        0.00017211795784533024,
                        0.0008577806875109673,
                        757621.5
                    ],
                    [
                        233128.0,
                        0.0001706496550468728,
                        0.002856994280591607,
                        402371.75
                    ],
                    [
                        238920.0,
                        0.00016908197721932083,
                        0.005327177233994007,
                        418626.09375
                    ],
                    [
                        185344.0,
                        0.00016769685316830873,
                        0.006734849885106087,
                        490648.125
                    ],
                    [
                        205616.0,
                        0.000166440979228355,
                        0.008968048729002476,
                        304516.78125
                    ],
                    [
                        195480.0,
                        0.00016517171752639115,
                        0.00019177634385414422,
                        553446.625
                    ],
                    [
                        202720.0,
                        0.00016393074474763125,
                        0.0001491233124397695,
                        853423.1875
                    ],
                    [
                        209960.0,
                        0.00016266417514998466,
                        0.0002625611668918282,
                        298799.9375
                    ],
                    [
                        209960.0,
                        0.0001613952626939863,
                        0.0004885925445705652,
                        376011.875
                    ],
                    [
                        144800.0,
                        0.00016033815336413682,
                        0.0010367168579250574,
                        94745.609375
                    ],
                    [
                        246160.0,
                        0.00015919026918709278,
                        0.0028569940477609634,
                        223245.734375
                    ],
                    [
                        253400.0,
                        0.000157746413606219,
                        0.005327177233994007,
                        267948.78125
                    ],
                    [
                        296840.0,
                        0.00015618640463799238,
                        0.006734849885106087,
                        291045.46875
                    ],
                    [
                        340280.0,
                        0.0001544181868666783,
                        0.008968048729002476,
                        376205.125
                    ],
                    [
                        405440.0,
                        0.0001523990067653358,
                        0.010990988463163376,
                        467932.84375
                    ],
                    [
                        463360.0,
                        0.0001501120423199609,
                        0.011323424987494946,
                        301846.5
                    ]
                ]
            ],
            "actions": [
                [
                    [
                        0.25
                    ],
                    [
                        0.25
                    ],
                    [
                        0.25
                    ],
                    [
                        0.25
                    ],
                    [
                        0.25
                    ],
                    [
                        0.25
                    ],
                    [
                        0.25
                    ],
                    [
                        0.25
                    ],
                    [
                        0.25
                    ],
                    [
                        0.25
                    ],
                    [
                        0.25
                    ],
                    [
                        0.25
                    ],
                    [
                        0.25
                    ],
                    [
                        0.25
                    ],
                    [
                        0.25
                    ],
                    [
                        0.25
                    ],
                    [
                        0.25
                    ],
                    [
                        0.25
                    ],
                    [
                        0.25
                    ],
                    [
                        0.25
                    ]
                ]
            ],
            "returns": [
                [
                    [
                        0.0820998102426529
                    ],
                    [
                        0.0814596638083458
                    ],
                    [
                        0.08080726861953735
                    ],
                    [
                        0.08014161884784698
                    ],
                    [
                        0.0794864147901535
                    ],
                    [
                        0.07884368300437927
                    ],
                    [
                        0.07818792015314102
                    ],
                    [
                        0.07752998173236847
                    ],
                    [
                        0.07689455896615982
                    ],
                    [
                        0.07624993473291397
                    ],
                    [
                        0.07560978829860687
                    ],
                    [
                        0.0749664157629013
                    ],
                    [
                        0.07431993633508682
                    ],
                    [
                        0.07367345690727234
                    ],
                    [
                        0.07305991649627686
                    ],
                    [
                        0.0723993331193924
                    ],
                    [
                        0.07173618674278259
                    ],
                    [
                        0.07105900347232819
                    ],
                    [
                        0.07036971300840378
                    ],
                    [
                        0.06966488808393478
                    ]
                ]
            ],
            "timesteps": [
                [
                    540,
                    541,
                    542,
                    543,
                    544,
                    545,
                    546,
                    547,
                    548,
                    549,
                    550,
                    551,
                    552,
                    553,
                    554,
                    555,
                    556,
                    557,
                    558,
                    559
                ]
            ],
            "labels": [
                [
                    0,
                    0,
                    0,
                    0,
                    0,
                    0,
                    0,
                    0,
                    0,
                    0,
                    0,
                    0,
                    0,
                    0,
                    0,
                    0,
                    0,
                    0,
                    0,
                    0
                ]
            ],
            "CPU Usage": 46.5,
            "RAM Usage": 55.0,
            "GPU Usage": 0.0,
            "VRAM Usage": 356.0,
            "Disk Read Speed (MB/s)": 206645.8310546875,
            "Disk Write Speed (MB/s)": 415720.3564453125
        },
        {
            "step": 1,
            "train_loss": 0.02659226395189762,
            "actions_pred1": [
                [
                    [
                        0.7459414601325989,
                        0.715160608291626,
                        1.081221103668213,
                        -2.7047903537750244
                    ],
                    [
                        0.776681125164032,
                        0.9648650884628296,
                        1.0773206949234009,
                        -2.742945432662964
                    ],
                    [
                        0.8834638595581055,
                        1.6206650733947754,
                        0.9708636403083801,
                        -3.017434597015381
                    ],
                    [
                        1.486388087272644,
                        1.6448876857757568,
                        0.7910448908805847,
                        -3.1424853801727295
                    ],
                    [
                        1.8256558179855347,
                        1.3485691547393799,
                        0.8788007497787476,
                        -3.9538960456848145
                    ],
                    [
                        2.4488797187805176,
                        1.8639938831329346,
                        1.1208667755126953,
                        -5.225288391113281
                    ],
                    [
                        2.7883646488189697,
                        2.391386032104492,
                        1.1934516429901123,
                        -5.925001621246338
                    ],
                    [
                        2.687664270401001,
                        3.0338196754455566,
                        1.0584590435028076,
                        -6.129117012023926
                    ],
                    [
                        2.587080955505371,
                        2.797882556915283,
                        1.015262246131897,
                        -5.798671722412109
                    ],
                    [
                        2.9001779556274414,
                        2.6315066814422607,
                        0.8236697316169739,
                        -5.685390472412109
                    ],
                    [
                        2.935295820236206,
                        2.7027080059051514,
                        0.897914469242096,
                        -6.105013370513916
                    ],
                    [
                        2.9548087120056152,
                        2.5256171226501465,
                        1.0455211400985718,
                        -5.788868427276611
                    ],
                    [
                        2.8303470611572266,
                        2.8351755142211914,
                        1.3001710176467896,
                        -6.179534435272217
                    ],
                    [
                        3.1399765014648438,
                        3.157634973526001,
                        1.5009942054748535,
                        -6.796406269073486
                    ],
                    [
                        3.1265571117401123,
                        3.385451316833496,
                        1.4487636089324951,
                        -6.861774921417236
                    ],
                    [
                        3.085667133331299,
                        3.076079845428467,
                        1.3663455247879028,
                        -6.873231410980225
                    ],
                    [
                        2.909348487854004,
                        2.9638566970825195,
                        1.336650013923645,
                        -6.838997840881348
                    ],
                    [
                        2.6168746948242188,
                        2.708534002304077,
                        0.9619429111480713,
                        -6.525887966156006
                    ],
                    [
                        2.9535813331604004,
                        2.6864447593688965,
                        1.1102502346038818,
                        -6.654643535614014
                    ],
                    [
                        2.956389904022217,
                        3.1618869304656982,
                        1.0165112018585205,
                        -6.876445293426514
                    ]
                ]
            ],
            "actions_pred": [
                [
                    [
                        0.7459414601325989,
                        0.776681125164032,
                        0.8834638595581055,
                        1.486388087272644,
                        1.8256558179855347,
                        2.4488797187805176,
                        2.7883646488189697,
                        2.687664270401001,
                        2.587080955505371,
                        2.9001779556274414,
                        2.935295820236206,
                        2.9548087120056152,
                        2.8303470611572266,
                        3.1399765014648438,
                        3.1265571117401123,
                        3.085667133331299,
                        2.909348487854004,
                        2.6168746948242188,
                        2.9535813331604004,
                        2.956389904022217
                    ],
                    [
                        0.715160608291626,
                        0.9648650884628296,
                        1.6206650733947754,
                        1.6448876857757568,
                        1.3485691547393799,
                        1.8639938831329346,
                        2.391386032104492,
                        3.0338196754455566,
                        2.797882556915283,
                        2.6315066814422607,
                        2.7027080059051514,
                        2.5256171226501465,
                        2.8351755142211914,
                        3.157634973526001,
                        3.385451316833496,
                        3.076079845428467,
                        2.9638566970825195,
                        2.708534002304077,
                        2.6864447593688965,
                        3.1618869304656982
                    ],
                    [
                        1.081221103668213,
                        1.0773206949234009,
                        0.9708636403083801,
                        0.7910448908805847,
                        0.8788007497787476,
                        1.1208667755126953,
                        1.1934516429901123,
                        1.0584590435028076,
                        1.015262246131897,
                        0.8236697316169739,
                        0.897914469242096,
                        1.0455211400985718,
                        1.3001710176467896,
                        1.5009942054748535,
                        1.4487636089324951,
                        1.3663455247879028,
                        1.336650013923645,
                        0.9619429111480713,
                        1.1102502346038818,
                        1.0165112018585205
                    ],
                    [
                        -2.7047903537750244,
                        -2.742945432662964,
                        -3.017434597015381,
                        -3.1424853801727295,
                        -3.9538960456848145,
                        -5.225288391113281,
                        -5.925001621246338,
                        -6.129117012023926,
                        -5.798671722412109,
                        -5.685390472412109,
                        -6.105013370513916,
                        -5.788868427276611,
                        -6.179534435272217,
                        -6.796406269073486,
                        -6.861774921417236,
                        -6.873231410980225,
                        -6.838997840881348,
                        -6.525887966156006,
                        -6.654643535614014,
                        -6.876445293426514
                    ]
                ]
            ],
            "states": [
                [
                    [
                        9174528.0,
                        1.5287421774701215e-05,
                        0.00015401413838844746,
                        462799.78125
                    ],
                    [
                        9721872.0,
                        1.4988291695772205e-05,
                        0.00014908269804436713,
                        471413.40625
                    ],
                    [
                        8650352.0,
                        1.4708337403135374e-05,
                        0.00013771618250757456,
                        476596.0
                    ],
                    [
                        9385704.0,
                        1.4443650798057206e-05,
                        0.000157010683324188,
                        448618.75
                    ],
                    [
                        9197696.0,
                        1.4180617654346861e-05,
                        0.00013674897491000593,
                        456343.53125
                    ],
                    [
                        9271544.0,
                        1.392852846038295e-05,
                        0.000155533998622559,
                        449987.3125
                    ],
                    [
                        8570712.0,
                        1.3693322216568049e-05,
                        0.00014997956168372184,
                        453578.0625
                    ],
                    [
                        9304848.0,
                        1.346561111859046e-05,
                        0.0001673756050877273,
                        435181.0625
                    ],
                    [
                        8921128.0,
                        1.3241030501376372e-05,
                        0.00015327449364122003,
                        460544.8125
                    ],
                    [
                        8646008.0,
                        1.303156568610575e-05,
                        0.00015547996736131608,
                        463163.09375
                    ],
                    [
                        8767640.0,
                        1.2830393643525895e-05,
                        0.00015675314352847636,
                        458172.0625
                    ],
                    [
                        8076944.0,
                        1.2641571629501414e-05,
                        0.00016837925068102777,
                        477030.90625
                    ],
                    [
                        8123280.0,
                        1.2465176951081958e-05,
                        0.00015461879957001656,
                        493767.40625
                    ],
                    [
                        8650352.0,
                        1.228769360750448e-05,
                        0.00016164440603461117,
                        451473.28125
                    ],
                    [
                        7982824.0,
                        1.211656035593478e-05,
                        0.00016790036170277745,
                        481186.15625
                    ],
                    [
                        7248688.0,
                        1.1963955330429599e-05,
                        0.00016397373110521585,
                        490311.46875
                    ],
                    [
                        7208144.0,
                        1.1822661690530367e-05,
                        0.00017705760546959937,
                        472943.71875
                    ],
                    [
                        7193664.0,
                        1.1685199751809705e-05,
                        0.000179134716745466,
                        469996.125
                    ],
                    [
                        6442152.0,
                        1.1557923244254198e-05,
                        0.00016420705651398748,
                        470480.40625
                    ],
                    [
                        6989496.0,
                        1.1435274245741311e-05,
                        0.00018320638628210872,
                        451753.78125
                    ]
                ]
            ],
            "actions": [
                [
                    [
                        0.25
                    ],
                    [
                        0.25
                    ],
                    [
                        0.25
                    ],
                    [
                        0.25
                    ],
                    [
                        0.25
                    ],
                    [
                        0.25
                    ],
                    [
                        0.25
                    ],
                    [
                        0.25
                    ],
                    [
                        0.25
                    ],
                    [
                        0.25
                    ],
                    [
                        0.25
                    ],
                    [
                        0.25
                    ],
                    [
                        0.25
                    ],
                    [
                        0.25
                    ],
                    [
                        0.25
                    ],
                    [
                        0.25
                    ],
                    [
                        0.25
                    ],
                    [
                        0.25
                    ],
                    [
                        0.25
                    ],
                    [
                        0.25
                    ]
                ]
            ],
            "returns": [
                [
                    [
                        0.2469175159931183
                    ],
                    [
                        0.24593615531921387
                    ],
                    [
                        0.24494965374469757
                    ],
                    [
                        0.2439734935760498
                    ],
                    [
                        0.24299012124538422
                    ],
                    [
                        0.2420085221529007
                    ],
                    [
                        0.24102622270584106
                    ],
                    [
                        0.24005089700222015
                    ],
                    [
                        0.23906828463077545
                    ],
                    [
                        0.2380893975496292
                    ],
                    [
                        0.23711329698562622
                    ],
                    [
                        0.23613594472408295
                    ],
                    [
                        0.23516587913036346
                    ],
                    [
                        0.2341953068971634
                    ],
                    [
                        0.23321916162967682
                    ],
                    [
                        0.2322501242160797
                    ],
                    [
                        0.23128965497016907
                    ],
                    [
                        0.23032966256141663
                    ],
                    [
                        0.2293698638677597
                    ],
                    [
                        0.22841985523700714
                    ]
                ]
            ],
            "timesteps": [
                [
                    360,
                    361,
                    362,
                    363,
                    364,
                    365,
                    366,
                    367,
                    368,
                    369,
                    370,
                    371,
                    372,
                    373,
                    374,
                    375,
                    376,
                    377,
                    378,
                    379
                ]
            ],
            "labels": [
                [
                    0,
                    0,
                    0,
                    0,
                    0,
                    0,
                    0,
                    0,
                    0,
                    0,
                    0,
                    0,
                    0,
                    0,
                    0,
                    0,
                    0,
                    0,
                    0,
                    0
                ]
            ],
            "CPU Usage": 46.7,
            "RAM Usage": 55.1,
            "GPU Usage": 0.0,
            "VRAM Usage": 356.0,
            "Disk Read Speed (MB/s)": 206645.8310546875,
            "Disk Write Speed (MB/s)": 415720.4892578125
        },
        {
            "step": 2,
            "train_loss": 0.06783540546894073,
            "actions_pred1": [
                [
                    [
                        0.9798942804336548,
                        1.9202945232391357,
                        1.25162935256958,
                        -5.835443019866943
                    ],
                    [
                        0.961944580078125,
                        2.419678211212158,
                        2.1610264778137207,
                        -6.364604473114014
                    ],
                    [
                        0.9894617795944214,
                        2.419102668762207,
                        1.061999797821045,
                        -6.620039939880371
                    ],
                    [
                        1.0933499336242676,
                        3.0716171264648438,
                        0.35888129472732544,
                        -6.734870433807373
                    ],
                    [
                        1.0081851482391357,
                        3.078573226928711,
                        0.425397127866745,
                        -7.148658752441406
                    ],
                    [
                        0.9152294397354126,
                        3.195728063583374,
                        0.34515178203582764,
                        -7.482237815856934
                    ],
                    [
                        0.760723352432251,
                        3.2588951587677,
                        0.24788206815719604,
                        -7.333407402038574
                    ],
                    [
                        0.8616609573364258,
                        3.226583957672119,
                        0.3474684953689575,
                        -7.9576263427734375
                    ],
                    [
                        0.9355422258377075,
                        3.2911839485168457,
                        0.4179641008377075,
                        -8.141042709350586
                    ],
                    [
                        1.2765614986419678,
                        3.298175096511841,
                        0.24452410638332367,
                        -8.278319358825684
                    ],
                    [
                        1.4328912496566772,
                        3.2707877159118652,
                        0.27120375633239746,
                        -8.315092086791992
                    ],
                    [
                        1.2491228580474854,
                        3.370394706726074,
                        0.40958672761917114,
                        -8.624677658081055
                    ],
                    [
                        1.2247341871261597,
                        3.4163341522216797,
                        0.43613776564598083,
                        -8.539916038513184
                    ],
                    [
                        1.335244059562683,
                        3.3624002933502197,
                        0.416254460811615,
                        -8.620645523071289
                    ],
                    [
                        1.5789998769760132,
                        3.5023601055145264,
                        0.6208544969558716,
                        -8.562623023986816
                    ],
                    [
                        1.6601481437683105,
                        3.6002707481384277,
                        0.442580908536911,
                        -8.434155464172363
                    ],
                    [
                        1.5759241580963135,
                        3.313314914703369,
                        0.41443729400634766,
                        -8.496439933776855
                    ],
                    [
                        1.583099365234375,
                        3.4315133094787598,
                        0.4399626851081848,
                        -8.652861595153809
                    ],
                    [
                        1.6544780731201172,
                        3.5609657764434814,
                        0.4957340955734253,
                        -8.607222557067871
                    ],
                    [
                        1.736067295074463,
                        3.6131601333618164,
                        0.5563731789588928,
                        -8.765859603881836
                    ]
                ]
            ],
            "actions_pred": [
                [
                    [
                        0.9798942804336548,
                        0.961944580078125,
                        0.9894617795944214,
                        1.0933499336242676,
                        1.0081851482391357,
                        0.9152294397354126,
                        0.760723352432251,
                        0.8616609573364258,
                        0.9355422258377075,
                        1.2765614986419678,
                        1.4328912496566772,
                        1.2491228580474854,
                        1.2247341871261597,
                        1.335244059562683,
                        1.5789998769760132,
