{
    "steps": [
        {
            "step": 0,
            "train_loss": 0.0016498981276527047,
            "actions_pred1": [
                [
                    [
                        0.7592675685882568,
                        0.7742688655853271,
                        3.5743966102600098,
                        -4.817503929138184
                    ],
                    [
                        1.1569994688034058,
                        1.0200541019439697,
                        3.7102513313293457,
                        -5.531217575073242
                    ],
                    [
                        1.3197448253631592,
                        1.1869781017303467,
                        4.231334209442139,
                        -6.199342727661133
                    ],
                    [
                        1.534867286682129,
                        0.9694193601608276,
                        4.749464988708496,
                        -6.407142162322998
                    ],
                    [
                        1.6313201189041138,
                        1.2399349212646484,
                        4.837223052978516,
                        -6.707469463348389
                    ],
                    [
                        1.126499891281128,
                        0.8456778526306152,
                        4.799415111541748,
                        -6.411777496337891
                    ],
                    [
                        0.8996995091438293,
                        0.780714750289917,
                        5.00364875793457,
                        -6.481191635131836
                    ],
                    [
                        0.9079667329788208,
                        1.0419796705245972,
                        4.9919819831848145,
                        -6.456293106079102
                    ],
                    [
                        1.08713960647583,
                        0.7189228534698486,
                        5.026162147521973,
                        -6.897934913635254
                    ],
                    [
                        1.019709825515747,
                        0.6924570798873901,
                        4.825821876525879,
                        -7.393032550811768
                    ],
                    [
                        0.9310829639434814,
                        0.546262264251709,
                        4.724109172821045,
                        -7.579576015472412
                    ],
                    [
                        1.036078929901123,
                        0.5926423072814941,
                        4.723179340362549,
                        -7.671854019165039
                    ],
                    [
                        1.146606683731079,
                        0.5802497863769531,
                        4.944329738616943,
                        -7.672536849975586
                    ],
                    [
                        1.116101622581482,
                        0.2518300414085388,
                        4.928126335144043,
                        -7.896686553955078
                    ],
                    [
                        1.233630895614624,
                        0.2752456068992615,
                        4.714057445526123,
                        -7.659329414367676
                    ],
                    [
                        1.1864228248596191,
                        0.4230051636695862,
                        4.685915946960449,
                        -7.595640182495117
                    ],
                    [
                        1.1760187149047852,
                        0.37040653824806213,
                        4.675716876983643,
                        -7.652419567108154
                    ],
                    [
                        1.1854175329208374,
                        0.4977751672267914,
                        4.684072494506836,
                        -7.817858695983887
                    ],
                    [
                        1.2913105487823486,
                        0.6929483413696289,
                        4.81472635269165,
                        -8.04952335357666
                    ],
                    [
                        1.1607106924057007,
                        0.8231949806213379,
                        4.848802089691162,
                        -7.858043670654297
                    ]
                ]
            ],
            "actions_pred": [
                [
                    [
                        0.7592675685882568,
                        1.1569994688034058,
                        1.3197448253631592,
                        1.534867286682129,
                        1.6313201189041138,
                        1.126499891281128,
                        0.8996995091438293,
                        0.9079667329788208,
                        1.08713960647583,
                        1.019709825515747,
                        0.9310829639434814,
                        1.036078929901123,
                        1.146606683731079,
                        1.116101622581482,
                        1.233630895614624,
                        1.1864228248596191,
                        1.1760187149047852,
                        1.1854175329208374,
                        1.2913105487823486,
                        1.1607106924057007
                    ],
                    [
                        0.7742688655853271,
                        1.0200541019439697,
                        1.1869781017303467,
                        0.9694193601608276,
                        1.2399349212646484,
                        0.8456778526306152,
                        0.780714750289917,
                        1.0419796705245972,
                        0.7189228534698486,
                        0.6924570798873901,
                        0.546262264251709,
                        0.5926423072814941,
                        0.5802497863769531,
                        0.2518300414085388,
                        0.2752456068992615,
                        0.4230051636695862,
                        0.37040653824806213,
                        0.4977751672267914,
                        0.6929483413696289,
                        0.8231949806213379
                    ],
                    [
                        3.5743966102600098,
                        3.7102513313293457,
                        4.231334209442139,
                        4.749464988708496,
                        4.837223052978516,
                        4.799415111541748,
                        5.00364875793457,
                        4.9919819831848145,
                        5.026162147521973,
                        4.825821876525879,
                        4.724109172821045,
                        4.723179340362549,
                        4.944329738616943,
                        4.928126335144043,
                        4.714057445526123,
                        4.685915946960449,
                        4.675716876983643,
                        4.684072494506836,
                        4.81472635269165,
                        4.848802089691162
                    ],
                    [
                        -4.817503929138184,
                        -5.531217575073242,
                        -6.199342727661133,
                        -6.407142162322998,
                        -6.707469463348389,
                        -6.411777496337891,
                        -6.481191635131836,
                        -6.456293106079102,
                        -6.897934913635254,
                        -7.393032550811768,
                        -7.579576015472412,
                        -7.671854019165039,
                        -7.672536849975586,
                        -7.896686553955078,
                        -7.659329414367676,
                        -7.595640182495117,
                        -7.652419567108154,
                        -7.817858695983887,
                        -8.04952335357666,
                        -7.858043670654297
                    ]
                ]
            ],
            "states": [
                [
                    [
                        5583488.0,
                        1.565206184750423e-05,
                        0.00026454709586687386,
                        777972.9375
                    ],
                    [
                        4978224.0,
                        1.5359531971625984e-05,
                        0.0002797465131152421,
                        855686.3125
                    ],
                    [
                        5334432.0,
                        1.5084374354046304e-05,
                        0.00027696648612618446,
                        816815.875
                    ],
                    [
                        5159224.0,
                        1.4814246242167428e-05,
                        0.0002747685939539224,
                        799861.375
                    ],
                    [
                        5513984.0,
                        1.4549360457749572e-05,
                        0.000255326071055606,
                        807912.1875
                    ],
                    [
                        5082480.0,
                        1.4295442269940395e-05,
                        0.0002729953557718545,
                        779605.9375
                    ],
                    [
                        5376424.0,
                        1.4053456652618479e-05,
                        0.00026464968686923385,
                        853596.25
                    ],
                    [
                        5073792.0,
                        1.3819644664181396e-05,
                        0.000260901142610237,
                        865763.5
                    ],
                    [
                        5425656.0,
                        1.3592515642812941e-05,
                        0.00026091569452546537,
                        896600.0
                    ],
                    [
                        5301128.0,
                        1.3368029613047838e-05,
                        0.00027603365015238523,
                        844597.4375
                    ],
                    [
                        5346016.0,
                        1.3152442988939583e-05,
                        0.0002529293124098331,
                        839011.5
                    ],
                    [
                        5652992.0,
                        1.2936916391481645e-05,
                        0.0002769185812212527,
                        874385.5625
                    ],
                    [
                        5185288.0,
                        1.2731260540022049e-05,
                        0.0002480096882209182,
                        820181.0625
                    ],
                    [
                        5438688.0,
                        1.2536010217445437e-05,
                        0.00027678909827955067,
                        838090.6875
                    ],
                    [
                        5221488.0,
                        1.2345956747594755e-05,
                        0.0002834639744833112,
                        979366.25
                    ],
                    [
                        5306920.0,
                        1.2163849532953463e-05,
                        0.00027035834500566125,
                        858373.0
                    ],
                    [
                        5419864.0,
                        1.1983782314928249e-05,
                        0.0002671718248166144,
                        825702.5
                    ],
                    [
                        5708016.0,
                        1.1802524568338413e-05,
                        0.00027032653451897204,
                        851358.6875
                    ],
                    [
                        5637064.0,
                        1.1623262253124267e-05,
                        0.0002656110445968807,
                        872734.375
                    ],
                    [
                        5471992.0,
                        1.1452919352450408e-05,
                        0.0002651966060511768,
                        865487.25
                    ]
                ]
            ],
            "actions": [
                [
                    [
                        0.75
                    ],
                    [
                        0.75
                    ],
                    [
                        0.75
                    ],
                    [
                        0.75
                    ],
                    [
                        0.75
                    ],
                    [
                        0.75
                    ],
                    [
                        0.75
                    ],
                    [
                        0.75
                    ],
                    [
                        0.75
                    ],
                    [
                        0.75
                    ],
                    [
                        0.75
                    ],
                    [
                        0.75
                    ],
                    [
                        0.75
                    ],
                    [
                        0.75
                    ],
                    [
                        0.75
                    ],
                    [
                        0.75
                    ],
                    [
                        0.75
                    ],
                    [
                        0.75
                    ],
                    [
                        0.75
                    ],
                    [
                        0.75
                    ]
                ]
            ],
            "returns": [
                [
                    [
                        0.5428837537765503
                    ],
                    [
                        0.5419464111328125
                    ],
                    [
                        0.5410192608833313
                    ],
                    [
                        0.5400859713554382
                    ],
                    [
                        0.5391556620597839
                    ],
                    [
                        0.5382193922996521
                    ],
                    [
                        0.5372903943061829
                    ],
                    [
                        0.5363564491271973
                    ],
                    [
                        0.5354275703430176
                    ],
                    [
                        0.5344927906990051
                    ],
                    [
                        0.533560037612915
                    ],
                    [
                        0.5326265692710876
                    ],
                    [
                        0.5316881537437439
                    ],
                    [
                        0.5307573676109314
                    ],
                    [
                        0.5298223495483398
                    ],
                    [
                        0.5288909673690796
                    ],
                    [
                        0.5279580950737
                    ],
                    [
                        0.527023434638977
                    ],
                    [
                        0.5260841250419617
                    ],
                    [
                        0.525145947933197
                    ]
                ]
            ],
            "timesteps": [
                [
                    40,
                    41,
                    42,
                    43,
                    44,
                    45,
                    46,
                    47,
                    48,
                    49,
                    50,
                    51,
                    52,
                    53,
                    54,
                    55,
                    56,
                    57,
                    58,
                    59
                ]
            ],
            "labels": [
                [
                    2,
                    2,
                    2,
                    2,
                    2,
                    2,
                    2,
                    2,
                    2,
                    2,
                    2,
                    2,
                    2,
                    2,
                    2,
                    2,
                    2,
                    2,
                    2,
                    2
                ]
            ],
            "CPU Usage": 46.0,
            "RAM Usage": 55.0,
            "GPU Usage": 0.0,
            "VRAM Usage": 355.0,
            "Disk Read Speed (MB/s)": 206647.1435546875,
            "Disk Write Speed (MB/s)": 424316.0830078125
        },
        {
            "step": 1,
            "train_loss": 0.015288096852600574,
            "actions_pred1": [
                [
                    [
                        1.734262466430664,
                        2.1803364753723145,
                        1.0081380605697632,
                        -5.095345497131348
                    ],
                    [
                        1.883591651916504,
                        2.577977418899536,
                        1.597594976425171,
                        -4.660062313079834
                    ],
                    [
                        2.123331069946289,
                        3.086308002471924,
                        1.7312488555908203,
                        -4.980378150939941
                    ],
                    [
                        2.087775707244873,
                        3.4866771697998047,
                        1.9805707931518555,
                        -5.229612350463867
                    ],
                    [
                        2.3523263931274414,
                        3.6876394748687744,
                        1.9283578395843506,
                        -5.4837141036987305
                    ],
                    [
                        2.2779414653778076,
                        3.440272808074951,
                        1.7295706272125244,
                        -5.663000106811523
                    ],
                    [
                        2.4259839057922363,
                        3.512134313583374,
                        1.8965578079223633,
                        -5.789069175720215
                    ],
                    [
                        2.571910858154297,
                        3.5744214057922363,
                        1.7860071659088135,
                        -5.930227279663086
                    ],
                    [
                        2.6186134815216064,
                        3.405153512954712,
                        1.710862159729004,
                        -5.980698108673096
                    ],
                    [
                        2.7285752296447754,
                        3.6343071460723877,
                        1.7875901460647583,
                        -5.934337615966797
                    ],
                    [
                        2.6690378189086914,
                        3.548762798309326,
                        1.7536855936050415,
                        -6.191176414489746
                    ],
                    [
                        2.666879415512085,
                        3.6732263565063477,
                        1.816790223121643,
                        -6.539292812347412
                    ],
                    [
                        2.629716396331787,
                        3.6858713626861572,
                        1.8348052501678467,
                        -6.572150230407715
                    ],
                    [
                        2.7799811363220215,
                        3.781853675842285,
                        1.9870837926864624,
                        -6.643763065338135
                    ],
                    [
                        2.8174374103546143,
                        3.739903211593628,
                        2.098862886428833,
                        -6.840795516967773
                    ],
                    [
                        3.048259735107422,
                        3.5105714797973633,
                        2.161801338195801,
                        -7.0046586990356445
                    ],
                    [
                        2.9771056175231934,
                        3.491232395172119,
                        2.249993324279785,
                        -7.171323776245117
                    ],
                    [
                        3.0232954025268555,
                        3.6327080726623535,
                        1.8734593391418457,
                        -7.082049369812012
                    ],
                    [
                        2.9338674545288086,
                        3.580911636352539,
                        1.9743010997772217,
                        -7.047182083129883
                    ],
                    [
                        2.8150570392608643,
                        3.575437068939209,
                        1.9825009107589722,
                        -6.996344566345215
                    ]
                ]
            ],
            "actions_pred": [
                [
                    [
                        1.734262466430664,
                        1.883591651916504,
                        2.123331069946289,
                        2.087775707244873,
                        2.3523263931274414,
                        2.2779414653778076,
                        2.4259839057922363,
                        2.571910858154297,
                        2.6186134815216064,
                        2.7285752296447754,
                        2.6690378189086914,
                        2.666879415512085,
                        2.629716396331787,
                        2.7799811363220215,
                        2.8174374103546143,
                        3.048259735107422,
                        2.9771056175231934,
                        3.0232954025268555,
                        2.9338674545288086,
                        2.8150570392608643
                    ],
                    [
                        2.1803364753723145,
                        2.577977418899536,
                        3.086308002471924,
                        3.4866771697998047,
                        3.6876394748687744,
                        3.440272808074951,
                        3.512134313583374,
                        3.5744214057922363,
                        3.405153512954712,
                        3.6343071460723877,
                        3.548762798309326,
                        3.6732263565063477,
                        3.6858713626861572,
                        3.781853675842285,
                        3.739903211593628,
                        3.5105714797973633,
                        3.491232395172119,
                        3.6327080726623535,
                        3.580911636352539,
                        3.575437068939209
                    ],
                    [
                        1.0081380605697632,
                        1.597594976425171,
                        1.7312488555908203,
                        1.9805707931518555,
                        1.9283578395843506,
                        1.7295706272125244,
                        1.8965578079223633,
                        1.7860071659088135,
                        1.710862159729004,
                        1.7875901460647583,
                        1.7536855936050415,
                        1.816790223121643,
                        1.8348052501678467,
                        1.9870837926864624,
                        2.098862886428833,
                        2.161801338195801,
                        2.249993324279785,
                        1.8734593391418457,
                        1.9743010997772217,
                        1.9825009107589722
                    ],
                    [
                        -5.095345497131348,
                        -4.660062313079834,
                        -4.980378150939941,
                        -5.229612350463867,
                        -5.4837141036987305,
                        -5.663000106811523,
                        -5.789069175720215,
                        -5.930227279663086,
                        -5.980698108673096,
                        -5.934337615966797,
                        -6.191176414489746,
                        -6.539292812347412,
                        -6.572150230407715,
                        -6.643763065338135,
                        -6.840795516967773,
                        -7.0046586990356445,
                        -7.171323776245117,
                        -7.082049369812012,
                        -7.047182083129883,
                        -6.996344566345215
                    ]
                ]
            ],
            "states": [
                [
                    [
                        6436360.0,
                        3.756791920750402e-05,
                        0.00023788119142409414,
                        525420.0
                    ],
                    [
                        5822408.0,
                        3.5673747333930805e-05,
                        0.0002484873402863741,
                        540076.8125
                    ],
                    [
                        6120696.0,
                        3.400527930352837e-05,
                        0.00025739934062585235,
                        546681.375
                    ],
                    [
                        6143632.0,
                        3.2446547265863046e-05,
                        0.00019004895875696093,
                        549135.1875
                    ],
                    [
                        6290344.0,
                        3.100591857219115e-05,
                        0.00022606240236200392,
                        515628.96875
                    ],
                    [
                        7225288.0,
                        2.9579521651612595e-05,
                        0.0002532026555854827,
                        501138.75
                    ],
                    [
                        5695216.0,
                        2.8330134227871895e-05,
                        0.0002667571825440973,
                        501280.09375
                    ],
                    [
                        6048296.0,
                        2.72848174063256e-05,
                        0.00026687141507864,
                        520591.84375
                    ],
                    [
                        5956840.0,
                        2.6292696929886006e-05,
                        0.0002529114135541022,
                        510954.5
                    ],
                    [
                        5511320.0,
                        2.5409783120267093e-05,
                        0.0002583715249784291,
                        498321.25
                    ],
                    [
                        7421000.0,
                        2.448467603244353e-05,
                        0.001365873496979475,
                        470548.53125
                    ],
                    [
                        6653560.0,
                        2.3549235265818425e-05,
                        0.0008239395683631301,
                        489404.40625
                    ],
                    [
                        5919424.0,
                        2.2772055672248825e-05,
                        0.0005388445570133626,
                        494672.6875
                    ],
                    [
                        6049744.0,
                        2.2078909751144238e-05,
                        0.0005018769879825413,
                        522203.84375
                    ],
                    [
                        5699328.0,
                        2.1438178009702824e-05,
                        0.0005396626074798405,
                        525676.375
                    ],
                    [
                        5907840.0,
                        2.084095285681542e-05,
                        0.00039070475031621754,
                        484434.71875
                    ],
                    [
                        7654128.0,
                        2.0184714230708778e-05,
                        0.00037147922557778656,
                        485244.75
                    ],
                    [
                        6171376.0,
                        1.9555423932615668e-05,
                        0.00035373689024709165,
                        520211.9375
                    ],
                    [
                        5359048.0,
                        1.9060054910369217e-05,
                        0.0003472233365755528,
                        514446.75
                    ],
                    [
                        5344568.0,
                        1.8622442439664155e-05,
                        0.00021890846255701035,
                        526664.75
                    ]
                ]
            ],
            "actions": [
                [
                    [
                        0.5
                    ],
                    [
                        0.5
                    ],
                    [
                        0.5
                    ],
                    [
                        0.5
                    ],
                    [
                        0.5
                    ],
                    [
                        0.5
                    ],
                    [
                        0.5
                    ],
                    [
                        0.5
                    ],
                    [
                        0.5
                    ],
                    [
                        0.5
                    ],
                    [
                        0.5
                    ],
                    [
                        0.5
                    ],
                    [
                        0.5
                    ],
                    [
                        0.5
                    ],
                    [
                        0.5
                    ],
                    [
                        0.5
                    ],
                    [
                        0.5
                    ],
                    [
                        0.5
                    ],
                    [
                        0.5
                    ],
                    [
                        0.5
                    ]
                ]
            ],
            "returns": [
                [
                    [
                        0.17125853896141052
                    ],
                    [
                        0.17030860483646393
                    ],
                    [
                        0.16936755180358887
                    ],
                    [
                        0.16842207312583923
                    ],
                    [
                        0.16747625172138214
                    ],
                    [
                        0.1665283590555191
                    ],
                    [
                        0.16556815803050995
                    ],
                    [
                        0.16462907195091248
                    ],
                    [
                        0.1636846512556076
                    ],
                    [
                        0.16274157166481018
                    ],
                    [
                        0.1618053913116455
                    ],
                    [
                        0.16084282100200653
                    ],
                    [
                        0.15988995134830475
                    ],
                    [
                        0.1589474231004715
                    ],
                    [
                        0.15800298750400543
                    ],
                    [
                        0.157063826918602
                    ],
                    [
                        0.15612147748470306
                    ],
                    [
                        0.1551561802625656
                    ],
                    [
                        0.15420997142791748
                    ],
                    [
                        0.153276264667511
                    ]
                ]
            ],
            "timesteps": [
                [
                    440,
                    441,
                    442,
                    443,
                    444,
                    445,
                    446,
                    447,
                    448,
                    449,
                    450,
                    451,
                    452,
                    453,
                    454,
                    455,
                    456,
                    457,
                    458,
                    459
                ]
            ],
            "labels": [
                [
                    1,
                    1,
                    1,
                    1,
                    1,
                    1,
                    1,
                    1,
                    1,
                    1,
                    1,
                    1,
                    1,
                    1,
                    1,
                    1,
                    1,
                    1,
                    1,
                    1
                ]
            ],
            "CPU Usage": 46.7,
            "RAM Usage": 55.1,
            "GPU Usage": 0.0,
            "VRAM Usage": 355.0,
            "Disk Read Speed (MB/s)": 206647.1435546875,
            "Disk Write Speed (MB/s)": 424316.2548828125
        },
        {
            "step": 2,
            "train_loss": 0.012811201624572277,
            "actions_pred1": [
                [
                    [
                        0.8740427494049072,
                        -0.032147251069545746,
                        4.025287628173828,
                        -5.456345081329346
                    ],
                    [
                        1.1152268648147583,
                        0.053196877241134644,
                        3.6192338466644287,
                        -6.319886684417725
                    ],
                    [
                        1.6147186756134033,
                        0.4951210916042328,
                        3.6176676750183105,
                        -6.867950916290283
                    ],
                    [
                        1.7381172180175781,
                        0.48110491037368774,
                        3.6919703483581543,
                        -6.735472679138184
                    ],
                    [
                        1.6713206768035889,
                        0.9144044518470764,
                        3.8815343379974365,
                        -6.580841064453125
                    ],
                    [
                        1.9706300497055054,
                        1.2336010932922363,
                        3.7076404094696045,
                        -6.805822849273682
                    ],
                    [
                        2.1962246894836426,
                        1.4464834928512573,
                        3.5224533081054688,
                        -6.510073184967041
                    ],
                    [
                        2.5944082736968994,
                        1.649179220199585,
                        3.5915682315826416,
                        -6.4684858322143555
                    ],
                    [
                        2.4791698455810547,
                        1.4823076725006104,
                        3.6047563552856445,
                        -6.625094413757324
                    ],
                    [
                        2.7283294200897217,
                        1.595638394355774,
                        3.6471333503723145,
                        -6.9734320640563965
                    ],
                    [
                        2.927358627319336,
                        1.5692323446273804,
                        3.500591516494751,
                        -6.967607498168945
                    ],
                    [
                        2.998483657836914,
                        1.2780085802078247,
                        3.538118839263916,
                        -7.190659523010254
                    ],
                    [
                        3.387451648712158,
                        0.997666597366333,
                        3.39725923538208,
                        -7.029446125030518
                    ],
                    [
                        3.425196647644043,
                        1.1668344736099243,
                        3.3366646766662598,
                        -7.076757907867432
                    ],
                    [
                        3.638195753097534,
                        1.0615087747573853,
                        3.3308024406433105,
                        -7.108191967010498
                    ],
                    [
                        3.6786346435546875,
                        1.1497858762741089,
                        3.437382221221924,
                        -7.0700483322143555
                    ],
                    [
                        3.7228968143463135,
                        1.1495063304901123,
                        3.309159994125366,
                        -7.066379547119141
                    ],
                    [
                        3.8847603797912598,
                        1.0906600952148438,
                        3.350982666015625,
                        -7.278183937072754
                    ],
                    [
                        3.878511905670166,
                        1.019851803779602,
                        3.387903928756714,
                        -7.34367561340332
                    ],
                    [
                        3.933905601501465,
                        1.0348316431045532,
                        3.4186127185821533,
                        -7.233937740325928
                    ]
                ]
            ],
            "actions_pred": [
                [
                    [
                        0.8740427494049072,
                        1.1152268648147583,
                        1.6147186756134033,
                        1.7381172180175781,
                        1.6713206768035889,
                        1.9706300497055054,
                        2.1962246894836426,
                        2.5944082736968994,
                        2.4791698455810547,
                        2.7283294200897217,
                        2.927358627319336,
                        2.998483657836914,
                        3.387451648712158,
                        3.425196647644043,
                        3.638195753097534,
                        3.6786346435546875,
                        3.7228968143463135,
