{
    "steps": [
        {
            "step": 0,
            "train_loss": 0.060627322643995285,
            "actions_pred1": [
                [
                    [
                        0.07969801127910614,
                        0.7414709329605103,
                        1.2334342002868652,
                        -1.510964274406433
                    ],
                    [
                        0.12471563369035721,
                        0.9342111349105835,
                        1.2004172801971436,
                        -1.3307582139968872
                    ],
                    [
                        0.04968661814928055,
                        0.8759891986846924,
                        0.9394903182983398,
                        -1.1764464378356934
                    ],
                    [
                        0.03213748335838318,
                        0.8632960319519043,
                        0.9318812489509583,
                        -1.2512362003326416
                    ],
                    [
                        0.13461819291114807,
                        0.8044697046279907,
                        1.139049768447876,
                        -1.472548484802246
                    ],
                    [
                        0.07924818992614746,
                        0.8281785249710083,
                        1.2984470129013062,
                        -1.4523924589157104
                    ],
                    [
                        0.020323380827903748,
                        0.7754523158073425,
                        1.38467538356781,
                        -1.5133188962936401
                    ],
                    [
                        -0.1664508730173111,
                        0.8014849424362183,
                        1.3601667881011963,
                        -1.5666154623031616
                    ],
                    [
                        -0.04398529231548309,
                        0.8535547256469727,
                        1.4662858247756958,
                        -1.549328088760376
                    ],
                    [
                        -0.060668572783470154,
                        0.8322216868400574,
                        1.561598777770996,
                        -1.5457515716552734
                    ],
                    [
                        -0.09017077833414078,
                        0.8241150379180908,
                        1.48575758934021,
                        -1.5824949741363525
                    ],
                    [
                        0.21621496975421906,
                        0.6244218349456787,
                        1.498843789100647,
                        -1.6528199911117554
                    ],
                    [
                        0.07914824038743973,
                        0.6276146173477173,
                        1.4590768814086914,
                        -1.5132759809494019
                    ],
                    [
                        0.08337554335594177,
                        0.5685853362083435,
                        1.3722816705703735,
                        -1.6150283813476562
                    ],
                    [
                        0.13878580927848816,
                        0.6999363899230957,
                        1.3562629222869873,
                        -1.5683057308197021
                    ],
                    [
                        0.09719586372375488,
                        0.7276591062545776,
                        1.4210810661315918,
                        -1.656030535697937
                    ],
                    [
                        0.035550639033317566,
                        0.8488354682922363,
                        1.4690299034118652,
                        -1.6791876554489136
                    ],
                    [
                        0.05950058251619339,
                        0.834084153175354,
                        1.4136773347854614,
                        -1.5446194410324097
                    ],
                    [
                        0.06435331702232361,
                        0.7776212096214294,
                        1.4465888738632202,
                        -1.5910618305206299
                    ],
                    [
                        0.07100836932659149,
                        0.6430667638778687,
                        1.411244511604309,
                        -1.524935245513916
                    ]
                ]
            ],
            "actions_pred": [
                [
                    [
                        0.07969801127910614,
                        0.12471563369035721,
                        0.04968661814928055,
                        0.03213748335838318,
                        0.13461819291114807,
                        0.07924818992614746,
                        0.020323380827903748,
                        -0.1664508730173111,
                        -0.04398529231548309,
                        -0.060668572783470154,
                        -0.09017077833414078,
                        0.21621496975421906,
                        0.07914824038743973,
                        0.08337554335594177,
                        0.13878580927848816,
                        0.09719586372375488,
                        0.035550639033317566,
                        0.05950058251619339,
                        0.06435331702232361,
                        0.07100836932659149
                    ],
                    [
                        0.7414709329605103,
                        0.9342111349105835,
                        0.8759891986846924,
                        0.8632960319519043,
                        0.8044697046279907,
                        0.8281785249710083,
                        0.7754523158073425,
                        0.8014849424362183,
                        0.8535547256469727,
                        0.8322216868400574,
                        0.8241150379180908,
                        0.6244218349456787,
                        0.6276146173477173,
                        0.5685853362083435,
                        0.6999363899230957,
                        0.7276591062545776,
                        0.8488354682922363,
                        0.834084153175354,
                        0.7776212096214294,
                        0.6430667638778687
                    ],
                    [
                        1.2334342002868652,
                        1.2004172801971436,
                        0.9394903182983398,
                        0.9318812489509583,
                        1.139049768447876,
                        1.2984470129013062,
                        1.38467538356781,
                        1.3601667881011963,
                        1.4662858247756958,
                        1.561598777770996,
                        1.48575758934021,
                        1.498843789100647,
                        1.4590768814086914,
                        1.3722816705703735,
                        1.3562629222869873,
                        1.4210810661315918,
                        1.4690299034118652,
                        1.4136773347854614,
                        1.4465888738632202,
                        1.411244511604309
                    ],
                    [
                        -1.510964274406433,
                        -1.3307582139968872,
                        -1.1764464378356934,
                        -1.2512362003326416,
                        -1.472548484802246,
                        -1.4523924589157104,
                        -1.5133188962936401,
                        -1.5666154623031616,
                        -1.549328088760376,
                        -1.5457515716552734,
                        -1.5824949741363525,
                        -1.6528199911117554,
                        -1.5132759809494019,
                        -1.6150283813476562,
                        -1.5683057308197021,
                        -1.656030535697937,
                        -1.6791876554489136,
                        -1.5446194410324097,
                        -1.5910618305206299,
                        -1.524935245513916
                    ]
                ]
            ],
            "states": [
                [
                    [
                        6621704.0,
                        1.1313585673633497e-05,
                        0.0001999229716602713,
                        484312.6875
                    ],
                    [
                        5593624.0,
                        1.1206535418750718e-05,
                        0.0002002958208322525,
                        482520.40625
                    ],
                    [
                        5813720.0,
                        1.1108420039818157e-05,
                        0.0002003357367357239,
                        504661.125
                    ],
                    [
                        6207576.0,
                        1.1006884960806929e-05,
                        0.00022690219338983297,
                        474948.0
                    ],
                    [
                        8008888.0,
                        1.0889214536291547e-05,
                        0.00020534798386506736,
                        464277.84375
                    ],
                    [
                        6072912.0,
                        1.0774994734674692e-05,
                        0.00021573639241978526,
                        487907.71875
                    ],
                    [
                        5771728.0,
                        1.0680801096896175e-05,
                        0.00024723794194869697,
                        495985.625
                    ],
                    [
                        6184408.0,
                        1.058739326253999e-05,
                        0.00024693002342246473,
                        490380.28125
                    ],
                    [
                        5453168.0,
                        1.0498003575776238e-05,
                        0.00023204070748761296,
                        479010.4375
                    ],
                    [
                        5473440.0,
                        1.0415451470180415e-05,
                        0.00018021401774603873,
                        503120.46875
                    ],
                    [
                        5495160.0,
                        1.0333877071388997e-05,
                        0.0002400711819063872,
                        501130.78125
                    ],
                    [
                        5522672.0,
                        1.0253213076794054e-05,
                        0.000246424344368279,
                        482833.53125
                    ],
                    [
                        5845344.0,
                        1.0171300345973577e-05,
                        0.0002318411279702559,
                        521404.9375
                    ],
                    [
                        5531592.0,
                        1.0090602700074669e-05,
                        0.00026174713275395334,
                        512859.59375
                    ],
                    [
                        5728288.0,
                        1.0011996891989838e-05,
                        0.0002589555806480348,
                        492848.15625
                    ],
                    [
                        8446184.0,
                        9.914833754010033e-06,
                        0.0002588448696769774,
                        439526.84375
                    ],
                    [
                        5611000.0,
                        9.82020083029056e-06,
                        0.0002629015070851892,
                        482211.375
                    ],
                    [
                        5854264.0,
                        9.744398084876593e-06,
                        0.00024613598361611366,
                        493941.5
                    ],
                    [
                        5595072.0,
                        9.669850442151073e-06,
                        0.00026028408319689333,
                        487503.5625
                    ],
                    [
                        5576248.0,
                        9.598206816008314e-06,
                        0.000249440228799358,
                        493113.71875
                    ]
                ]
            ],
            "actions": [
                [
                    [
                        0.25
                    ],
                    [
                        0.25
                    ],
                    [
                        0.25
                    ],
                    [
                        0.25
                    ],
                    [
                        0.25
                    ],
                    [
                        0.25
                    ],
                    [
                        0.25
                    ],
                    [
                        0.25
                    ],
                    [
                        0.25
                    ],
                    [
                        0.25
                    ],
                    [
                        0.25
                    ],
                    [
                        0.25
                    ],
                    [
                        0.25
                    ],
                    [
                        0.25
                    ],
                    [
                        0.25
                    ],
                    [
                        0.25
                    ],
                    [
                        0.25
                    ],
                    [
                        0.25
                    ],
                    [
                        0.25
                    ],
                    [
                        0.25
                    ]
                ]
            ],
            "returns": [
                [
                    [
                        0.22746260464191437
                    ],
                    [
                        0.22651013731956482
                    ],
                    [
                        0.2255726456642151
                    ],
                    [
                        0.22463172674179077
                    ],
                    [
                        0.22368499636650085
                    ],
                    [
                        0.22271567583084106
                    ],
                    [
                        0.22177089750766754
                    ],
                    [
                        0.22083061933517456
                    ],
                    [
                        0.2198842167854309
                    ],
                    [
                        0.21894897520542145
                    ],
                    [
                        0.21801340579986572
                    ],
                    [
                        0.21707747876644135
                    ],
                    [
                        0.21614111959934235
                    ],
                    [
                        0.21519970893859863
                    ],
                    [
                        0.2142632007598877
                    ],
                    [
                        0.21332359313964844
                    ],
                    [
                        0.2123495638370514
                    ],
                    [
                        0.21141178905963898
                    ],
                    [
                        0.2104702591896057
                    ],
                    [
                        0.2095327377319336
                    ]
                ]
            ],
            "timesteps": [
                [
                    380,
                    381,
                    382,
                    383,
                    384,
                    385,
                    386,
                    387,
                    388,
                    389,
                    390,
                    391,
                    392,
                    393,
                    394,
                    395,
                    396,
                    397,
                    398,
                    399
                ]
            ],
            "labels": [
                [
                    0,
                    0,
                    0,
                    0,
                    0,
                    0,
                    0,
                    0,
                    0,
                    0,
                    0,
                    0,
                    0,
                    0,
                    0,
                    0,
                    0,
                    0,
                    0,
                    0
                ]
            ],
            "CPU Usage": 45.0,
            "RAM Usage": 55.1,
            "GPU Usage": 0.0,
            "VRAM Usage": 355.0,
            "Disk Read Speed (MB/s)": 206398.7080078125,
            "Disk Write Speed (MB/s)": 390007.6611328125
        },
        {
            "step": 1,
            "train_loss": 0.03193309158086777,
            "actions_pred1": [
                [
                    [
                        0.0966077670454979,
                        0.7340802550315857,
                        1.2595785856246948,
                        -1.8039731979370117
                    ],
                    [
                        0.2520604133605957,
                        0.9175552725791931,
                        1.25423002243042,
                        -1.6862030029296875
                    ],
                    [
                        0.2706393897533417,
                        0.9687622785568237,
                        1.2382497787475586,
                        -1.5317974090576172
                    ],
                    [
                        0.3296726942062378,
                        1.0320675373077393,
                        1.2642621994018555,
                        -1.5960577726364136
                    ],
                    [
                        0.1986255794763565,
                        1.175450325012207,
                        1.272288203239441,
                        -1.807945728302002
                    ],
                    [
                        0.27850136160850525,
                        1.2598371505737305,
                        1.3031507730484009,
                        -1.9715280532836914
                    ],
                    [
                        0.26988834142684937,
                        1.236146330833435,
                        1.3986551761627197,
                        -1.963840365409851
                    ],
                    [
                        0.2795543074607849,
                        1.1924500465393066,
                        1.3947960138320923,
                        -1.853206753730774
                    ],
                    [
                        0.14478933811187744,
                        1.2947304248809814,
                        1.3863701820373535,
                        -1.8748459815979004
                    ],
                    [
                        0.1785019040107727,
                        1.1186609268188477,
                        1.3551673889160156,
                        -1.6936042308807373
                    ],
                    [
                        0.2727643847465515,
                        1.0693694353103638,
                        1.3832849264144897,
                        -1.6945388317108154
                    ],
                    [
                        0.20168127119541168,
                        0.9784430265426636,
                        1.4076898097991943,
                        -1.8577107191085815
                    ],
                    [
                        0.07333429157733917,
                        1.1114647388458252,
                        1.2490731477737427,
                        -1.8144489526748657
                    ],
                    [
                        0.13815069198608398,
                        1.1570669412612915,
                        1.2925145626068115,
                        -1.7321040630340576
                    ],
                    [
                        0.22609756886959076,
                        1.045593500137329,
                        1.2780518531799316,
                        -1.698808193206787
                    ],
                    [
                        0.25663265585899353,
                        1.0365430116653442,
                        1.2695622444152832,
                        -1.6974495649337769
                    ],
                    [
                        0.3063211441040039,
                        1.0657964944839478,
                        1.3260759115219116,
                        -1.7365999221801758
                    ],
                    [
                        0.2995549738407135,
                        1.022177815437317,
                        1.264227271080017,
                        -1.7878814935684204
                    ],
                    [
                        0.13952189683914185,
                        1.0197954177856445,
                        1.4806358814239502,
                        -2.030287742614746
                    ],
                    [
                        0.17206594347953796,
                        1.0502793788909912,
                        1.4813616275787354,
                        -2.005186080932617
                    ]
                ]
            ],
            "actions_pred": [
                [
                    [
                        0.0966077670454979,
                        0.2520604133605957,
                        0.2706393897533417,
                        0.3296726942062378,
                        0.1986255794763565,
                        0.27850136160850525,
                        0.26988834142684937,
                        0.2795543074607849,
                        0.14478933811187744,
                        0.1785019040107727,
                        0.2727643847465515,
                        0.20168127119541168,
                        0.07333429157733917,
                        0.13815069198608398,
                        0.22609756886959076,
                        0.25663265585899353,
                        0.3063211441040039,
                        0.2995549738407135,
                        0.13952189683914185,
                        0.17206594347953796
                    ],
                    [
                        0.7340802550315857,
                        0.9175552725791931,
                        0.9687622785568237,
                        1.0320675373077393,
                        1.175450325012207,
                        1.2598371505737305,
                        1.236146330833435,
                        1.1924500465393066,
                        1.2947304248809814,
                        1.1186609268188477,
                        1.0693694353103638,
                        0.9784430265426636,
                        1.1114647388458252,
                        1.1570669412612915,
                        1.045593500137329,
                        1.0365430116653442,
                        1.0657964944839478,
                        1.022177815437317,
                        1.0197954177856445,
                        1.0502793788909912
                    ],
                    [
                        1.2595785856246948,
                        1.25423002243042,
                        1.2382497787475586,
                        1.2642621994018555,
                        1.272288203239441,
                        1.3031507730484009,
                        1.3986551761627197,
                        1.3947960138320923,
                        1.3863701820373535,
                        1.3551673889160156,
                        1.3832849264144897,
                        1.4076898097991943,
                        1.2490731477737427,
                        1.2925145626068115,
                        1.2780518531799316,
                        1.2695622444152832,
                        1.3260759115219116,
                        1.264227271080017,
                        1.4806358814239502,
                        1.4813616275787354
                    ],
                    [
                        -1.8039731979370117,
                        -1.6862030029296875,
                        -1.5317974090576172,
                        -1.5960577726364136,
                        -1.807945728302002,
                        -1.9715280532836914,
                        -1.963840365409851,
                        -1.853206753730774,
                        -1.8748459815979004,
                        -1.6936042308807373,
                        -1.6945388317108154,
                        -1.8577107191085815,
                        -1.8144489526748657,
                        -1.7321040630340576,
                        -1.698808193206787,
                        -1.6974495649337769,
                        -1.7365999221801758,
                        -1.7878814935684204,
                        -2.030287742614746,
                        -2.005186080932617
                    ]
                ]
            ],
            "states": [
                [
                    [
                        4791432.0,
                        3.087877848884091e-05,
                        0.00023075626813806593,
                        506720.5
                    ],
                    [
                        3692400.0,
                        2.9973596610943787e-05,
                        0.00032322804327122867,
                        492666.6875
                    ],
                    [
                        4952160.0,
                        2.9106702641001903e-05,
                        0.0002578554267529398,
                        491613.3125
                    ],
                    [
                        4808808.0,
                        2.818479697452858e-05,
                        0.00022438736050389707,
                        480345.5
                    ],
                    [
                        4978224.0,
                        2.7317544663674198e-05,
                        0.00038321700412780046,
                        500271.75
                    ],
                    [
                        5354704.0,
                        2.645807217049878e-05,
                        0.0004527103737927973,
                        496069.53125
                    ],
                    [
                        3554840.0,
                        2.5757775802048855e-05,
                        0.00029970589093863964,
                        504121.5
                    ],
                    [
                        5330088.0,
                        2.5097764591919258e-05,
                        0.00026218051789328456,
                        473636.59375
                    ],
                    [
                        7706256.0,
                        2.4188775569200516e-05,
                        0.0002925366861745715,
                        550715.1875
                    ],
                    [
                        7687432.0,
                        2.319453051313758e-05,
                        0.00028024095809087157,
                        523717.84375
                    ],
                    [
                        6233640.0,
                        1.9415590941207483e-05,
                        0.0001758198341121897,
                        575309.5
                    ],
                    [
                        6330656.0,
                        1.8885328245232813e-05,
                        0.00013516498438548297,
                        576038.875
                    ],
                    [
                        2227024.0,
                        1.8539429220254533e-05,
                        0.0001646996388444677,
                        615099.8125
                    ],
                    [
                        3611312.0,
                        1.8311515304958448e-05,
                        0.0001985474955290556,
                        642490.9375
                    ],
                    [
                        5732632.0,
                        1.795835305529181e-05,
                        0.0002949792833533138,
                        564533.125
                    ],
                    [
                        5175152.0,
                        1.7562215361976996e-05,
                        0.0007080274517647922,
                        561933.4375
                    ],
                    [
                        4907272.0,
                        1.721135777188465e-05,
                        0.0013480978086590767,
                        618870.0
                    ],
                    [
                        4346896.0,
                        1.6901381968636997e-05,
                        0.0014468225417658687,
                        555341.1875
                    ],
                    [
                        5007184.0,
                        1.6599440641584806e-05,
                        0.0019480990013107657,
                        605693.8125
                    ],
                    [
                        5735528.0,
                        1.6265725207631476e-05,
                        0.002926501678302884,
                        601773.625
                    ]
                ]
            ],
            "actions": [
                [
                    [
                        0.5
                    ],
                    [
                        0.5
                    ],
                    [
                        0.5
                    ],
                    [
                        0.5
                    ],
                    [
                        0.5
                    ],
                    [
                        0.5
                    ],
                    [
                        0.5
                    ],
                    [
                        0.5
                    ],
                    [
                        0.5
                    ],
                    [
                        0.5
                    ],
                    [
                        0.5
                    ],
                    [
                        0.5
                    ],
                    [
                        0.5
                    ],
                    [
                        0.5
                    ],
                    [
                        0.5
                    ],
                    [
                        0.5
                    ],
                    [
                        0.5
                    ],
                    [
                        0.5
                    ],
                    [
                        0.5
                    ],
                    [
                        0.5
                    ]
                ]
            ],
            "returns": [
                [
                    [
                        0.45074203610420227
                    ],
                    [
                        0.44981828331947327
                    ],
                    [
                        0.44891759753227234
                    ],
                    [
                        0.44799089431762695
                    ],
                    [
                        0.4470668137073517
                    ],
                    [
                        0.4461396336555481
                    ],
                    [
                        0.44520601630210876
                    ],
                    [
                        0.44430869817733765
                    ],
                    [
                        0.44337549805641174
                    ],
                    [
                        0.44240957498550415
                    ],
                    [
                        0.44144389033317566
                    ],
                    [
                        0.4404968023300171
                    ],
                    [
                        0.4395483136177063
                    ],
                    [
                        0.43869248032569885
                    ],
                    [
                        0.4377937614917755
                    ],
                    [
                        0.4368540942668915
                    ],
                    [
                        0.4359234869480133
                    ],
                    [
                        0.4349976181983948
                    ],
                    [
                        0.4340824484825134
                    ],
                    [
                        0.43315479159355164
                    ]
                ]
            ],
            "timesteps": [
                [
                    140,
                    141,
                    142,
                    143,
                    144,
                    145,
                    146,
                    147,
                    148,
                    149,
                    150,
                    151,
                    152,
                    153,
                    154,
                    155,
                    156,
                    157,
                    158,
                    159
                ]
            ],
            "labels": [
                [
                    1,
                    1,
                    1,
                    1,
                    1,
                    1,
                    1,
                    1,
                    1,
                    1,
                    1,
                    1,
                    1,
                    1,
                    1,
                    1,
                    1,
                    1,
                    1,
                    1
                ]
            ],
            "CPU Usage": 46.8,
            "RAM Usage": 55.2,
            "GPU Usage": 0.0,
            "VRAM Usage": 355.0,
            "Disk Read Speed (MB/s)": 206398.7080078125,
            "Disk Write Speed (MB/s)": 390007.7119140625
        },
        {
            "step": 2,
            "train_loss": 0.05408365651965141,
            "actions_pred1": [
                [
                    [
                        0.6278609037399292,
                        0.4257349967956543,
                        1.4943851232528687,
                        -1.1295242309570312
                    ],
                    [
                        0.574584424495697,
                        0.5118963718414307,
                        1.4352130889892578,
                        -1.1959433555603027
                    ],
                    [
                        0.2810683846473694,
                        0.5658693909645081,
                        1.3029111623764038,
                        -1.376758337020874
                    ],
                    [
                        0.13310100138187408,
                        0.5697705149650574,
                        1.287073016166687,
                        -1.432132363319397
                    ],
                    [
                        0.07897540926933289,
                        0.6094297766685486,
                        1.2534924745559692,
                        -1.4671835899353027
                    ],
                    [
                        0.009497277438640594,
                        0.5460022687911987,
                        1.2879209518432617,
                        -1.5162181854248047
                    ],
                    [
                        -0.05012546479701996,
                        0.5136899948120117,
                        1.3432087898254395,
                        -1.5823414325714111
                    ],
                    [
                        -0.0714266300201416,
                        0.6060022115707397,
                        1.4184930324554443,
                        -1.682591438293457
                    ],
                    [
                        0.192752867937088,
                        0.6867225170135498,
                        1.3798308372497559,
                        -1.7076256275177002
                    ],
                    [
                        0.3741527795791626,
                        0.6425213813781738,
                        1.351974368095398,
                        -1.8358821868896484
                    ],
                    [
                        0.3856506645679474,
                        0.6972897052764893,
                        1.230098843574524,
                        -1.794741153717041
                    ],
                    [
                        0.4071449041366577,
                        0.7058920860290527,
                        1.3011716604232788,
                        -1.8340790271759033
                    ],
                    [
                        0.38050341606140137,
                        0.760104238986969,
                        1.1792209148406982,
                        -1.7839725017547607
                    ],
                    [
                        0.34947431087493896,
                        0.7957522869110107,
                        1.2684929370880127,
                        -1.7350366115570068
                    ],
                    [
                        0.3608861565589905,
                        0.8313527703285217,
                        1.3652079105377197,
                        -1.814332127571106
                    ],
                    [
                        0.3058983385562897,
                        0.8188037872314453,
                        1.3575177192687988,
                        -1.8388776779174805
                    ],
                    [
                        0.3372756838798523,
                        0.7069382667541504,
                        1.265012502670288,
                        -1.8232645988464355
                    ],
                    [
                        0.10926688462495804,
                        0.8500521183013916,
                        1.3807868957519531,
                        -1.920938491821289
                    ],
                    [
                        0.11292647570371628,
                        0.9263057708740234,
                        1.354717493057251,
                        -1.784665822982788
                    ],
                    [
                        0.17968569695949554,
                        0.9482153654098511,
                        1.252516508102417,
                        -1.7211713790893555
                    ]
                ]
            ],
            "actions_pred": [
                [
                    [
                        0.6278609037399292,
                        0.574584424495697,
                        0.2810683846473694,
                        0.13310100138187408,
                        0.07897540926933289,
                        0.009497277438640594,
                        -0.05012546479701996,
                        -0.0714266300201416,
                        0.192752867937088,
                        0.3741527795791626,
