{
    "steps": [
        {
            "step": 0,
            "train_loss": 0.04970409721136093,
            "actions_pred1": [
                [
                    [
                        -0.011849850416183472,
                        0.9639484882354736,
                        1.257066249847412,
                        -1.4137539863586426
                    ],
                    [
                        0.05018440634012222,
                        0.7586325407028198,
                        1.2346649169921875,
                        -1.3483436107635498
                    ],
                    [
                        0.1529516726732254,
                        0.700291633605957,
                        1.266493320465088,
                        -1.47750985622406
                    ],
                    [
                        0.23746764659881592,
                        0.7331025004386902,
                        1.3263278007507324,
                        -1.2763898372650146
                    ],
                    [
                        0.4056112766265869,
                        0.7365601062774658,
                        1.3903436660766602,
                        -1.3532251119613647
                    ],
                    [
                        0.41984298825263977,
                        0.8075858354568481,
                        1.3221392631530762,
                        -1.3494685888290405
                    ],
                    [
                        0.22717216610908508,
                        0.8539055585861206,
                        1.2665512561798096,
                        -1.3872392177581787
                    ],
                    [
                        0.2797519266605377,
                        0.7710967659950256,
                        1.1090097427368164,
                        -1.5591645240783691
                    ],
                    [
                        0.3123411536216736,
                        0.6693745255470276,
                        1.1823546886444092,
                        -1.4784560203552246
                    ],
                    [
                        0.4809969365596771,
                        0.8871638774871826,
                        1.276328444480896,
                        -1.6344215869903564
                    ],
                    [
                        0.687659740447998,
                        1.010561227798462,
                        1.3621608018875122,
                        -1.4976074695587158
                    ],
                    [
                        0.7095625400543213,
                        0.9625178575515747,
                        1.2163892984390259,
                        -1.464658498764038
                    ],
                    [
                        0.635240912437439,
                        1.047318935394287,
                        1.241379737854004,
                        -1.5116655826568604
                    ],
                    [
                        0.5340621471405029,
                        0.9614346623420715,
                        1.2978075742721558,
                        -1.511217713356018
                    ],
                    [
                        0.5083725452423096,
                        0.8532102108001709,
                        1.161508560180664,
                        -1.5679752826690674
                    ],
                    [
                        0.568477213382721,
                        0.8452998995780945,
                        1.1404576301574707,
                        -1.6044955253601074
                    ],
                    [
                        0.4629908800125122,
                        0.9123459458351135,
                        1.2279999256134033,
                        -1.5429801940917969
                    ],
                    [
                        0.6639269590377808,
                        0.9009145498275757,
                        1.112573266029358,
                        -1.4904136657714844
                    ],
                    [
                        0.6651936769485474,
                        0.803871750831604,
                        0.9174041748046875,
                        -1.3391122817993164
                    ],
                    [
                        0.6258593797683716,
                        0.7942368388175964,
                        1.1321369409561157,
                        -1.2957890033721924
                    ]
                ]
            ],
            "actions_pred": [
                [
                    [
                        -0.011849850416183472,
                        0.05018440634012222,
                        0.1529516726732254,
                        0.23746764659881592,
                        0.4056112766265869,
                        0.41984298825263977,
                        0.22717216610908508,
                        0.2797519266605377,
                        0.3123411536216736,
                        0.4809969365596771,
                        0.687659740447998,
                        0.7095625400543213,
                        0.635240912437439,
                        0.5340621471405029,
                        0.5083725452423096,
                        0.568477213382721,
                        0.4629908800125122,
                        0.6639269590377808,
                        0.6651936769485474,
                        0.6258593797683716
                    ],
                    [
                        0.9639484882354736,
                        0.7586325407028198,
                        0.700291633605957,
                        0.7331025004386902,
                        0.7365601062774658,
                        0.8075858354568481,
                        0.8539055585861206,
                        0.7710967659950256,
                        0.6693745255470276,
                        0.8871638774871826,
                        1.010561227798462,
                        0.9625178575515747,
                        1.047318935394287,
                        0.9614346623420715,
                        0.8532102108001709,
                        0.8452998995780945,
                        0.9123459458351135,
                        0.9009145498275757,
                        0.803871750831604,
                        0.7942368388175964
                    ],
                    [
                        1.257066249847412,
                        1.2346649169921875,
                        1.266493320465088,
                        1.3263278007507324,
                        1.3903436660766602,
                        1.3221392631530762,
                        1.2665512561798096,
                        1.1090097427368164,
                        1.1823546886444092,
                        1.276328444480896,
                        1.3621608018875122,
                        1.2163892984390259,
                        1.241379737854004,
                        1.2978075742721558,
                        1.161508560180664,
                        1.1404576301574707,
                        1.2279999256134033,
                        1.112573266029358,
                        0.9174041748046875,
                        1.1321369409561157
                    ],
                    [
                        -1.4137539863586426,
                        -1.3483436107635498,
                        -1.47750985622406,
                        -1.2763898372650146,
                        -1.3532251119613647,
                        -1.3494685888290405,
                        -1.3872392177581787,
                        -1.5591645240783691,
                        -1.4784560203552246,
                        -1.6344215869903564,
                        -1.4976074695587158,
                        -1.464658498764038,
                        -1.5116655826568604,
                        -1.511217713356018,
                        -1.5679752826690674,
                        -1.6044955253601074,
                        -1.5429801940917969,
                        -1.4904136657714844,
                        -1.3391122817993164,
                        -1.2957890033721924
                    ]
                ]
            ],
            "states": [
                [
                    [
                        1715880.0,
                        9.430604404769838e-05,
                        0.0053657107055187225,
                        470709.75
                    ],
                    [
                        1967832.0,
                        9.068279905477539e-05,
                        0.004402399994432926,
                        434480.75
                    ],
                    [
                        2130008.0,
                        8.69646537466906e-05,
                        0.004303366411477327,
                        508551.15625
                    ],
                    [
                        2267568.0,
                        8.329902630066499e-05,
                        0.003460775362327695,
                        467240.71875
                    ],
                    [
                        2448568.0,
                        7.969679427333176e-05,
                        0.003044134471565485,
                        537034.5
                    ],
                    [
                        2646944.0,
                        7.613936031702906e-05,
                        0.00288664479739964,
                        500456.03125
                    ],
                    [
                        1710088.0,
                        7.333141547860578e-05,
                        0.0027106136549264193,
                        490357.90625
                    ],
                    [
                        2580336.0,
                        7.077431655488908e-05,
                        0.0027518118731677532,
                        546850.6875
                    ],
                    [
                        2927856.0,
                        6.773720087949187e-05,
                        0.0026009255088865757,
                        496203.71875
                    ],
                    [
                        3168224.0,
                        6.466506602009758e-05,
                        0.002423960482701659,
                        507070.15625
                    ],
                    [
                        3505608.0,
                        6.160674092825502e-05,
                        0.002274049213156104,
                        516057.96875
                    ],
                    [
                        3553392.0,
                        5.866973879165016e-05,
                        0.0023237415589392185,
                        471484.09375
                    ],
                    [
                        4039920.0,
                        5.581038931268267e-05,
                        0.0021793735213577747,
                        501229.875
                    ],
                    [
                        4028336.0,
                        5.305969170876779e-05,
                        0.002523052040487528,
                        561908.75
                    ],
                    [
                        4312144.0,
                        5.04888485011179e-05,
                        0.002231767401099205,
                        502897.96875
                    ],
                    [
                        4776952.0,
                        4.795741187990643e-05,
                        0.0032643231097608805,
                        459673.25
                    ],
                    [
                        4743648.0,
                        4.5562293962575495e-05,
                        0.0020812072325497866,
                        515212.4375
                    ],
                    [
                        2971296.0,
                        4.3785152229247615e-05,
                        0.0015903349267318845,
                        502955.46875
                    ],
                    [
                        4981120.0,
                        4.21030999859795e-05,
                        0.0016534600872546434,
                        511202.4375
                    ],
                    [
                        4962296.0,
                        4.016688762931153e-05,
                        0.0014106292510405183,
                        493895.1875
                    ]
                ]
            ],
            "actions": [
                [
                    [
                        0.25
                    ],
                    [
                        0.25
                    ],
                    [
                        0.25
                    ],
                    [
                        0.25
                    ],
                    [
                        0.25
                    ],
                    [
                        0.25
                    ],
                    [
                        0.25
                    ],
                    [
                        0.25
                    ],
                    [
                        0.25
                    ],
                    [
                        0.25
                    ],
                    [
                        0.25
                    ],
                    [
                        0.25
                    ],
                    [
                        0.25
                    ],
                    [
                        0.25
                    ],
                    [
                        0.25
                    ],
                    [
                        0.25
                    ],
                    [
                        0.25
                    ],
                    [
                        0.25
                    ],
                    [
                        0.25
                    ],
                    [
                        0.25
                    ]
                ]
            ],
            "returns": [
                [
                    [
                        0.053779877722263336
                    ],
                    [
                        0.05294714868068695
                    ],
                    [
                        0.05210227146744728
                    ],
                    [
                        0.05125037208199501
                    ],
                    [
                        0.05039292573928833
                    ],
                    [
                        0.04952867329120636
                    ],
                    [
                        0.04865751042962074
                    ],
                    [
                        0.047825079411268234
                    ],
                    [
                        0.046956177800893784
                    ],
                    [
                        0.04607607424259186
                    ],
                    [
                        0.04518897458910942
                    ],
                    [
                        0.04429290443658829
                    ],
                    [
                        0.04339563474059105
                    ],
                    [
                        0.04248698428273201
                    ],
                    [
                        0.04157859459519386
                    ],
                    [
                        0.04066416248679161
                    ],
                    [
                        0.039740659296512604
                    ],
                    [
                        0.03881777450442314
                    ],
                    [
                        0.037936363369226456
                    ],
                    [
                        0.03700914978981018
                    ]
                ]
            ],
            "timesteps": [
                [
                    580,
                    581,
                    582,
                    583,
                    584,
                    585,
                    586,
                    587,
                    588,
                    589,
                    590,
                    591,
                    592,
                    593,
                    594,
                    595,
                    596,
                    597,
                    598,
                    599
                ]
            ],
            "labels": [
                [
                    0,
                    0,
                    0,
                    0,
                    0,
                    0,
                    0,
                    0,
                    0,
                    0,
                    0,
                    0,
                    0,
                    0,
                    0,
                    0,
                    0,
                    0,
                    0,
                    0
                ]
            ],
            "CPU Usage": 45.8,
            "RAM Usage": 55.1,
            "GPU Usage": 0.0,
            "VRAM Usage": 355.0,
            "Disk Read Speed (MB/s)": 206398.4345703125,
            "Disk Write Speed (MB/s)": 387139.3798828125
        },
        {
            "step": 1,
            "train_loss": 0.04920947179198265,
            "actions_pred1": [
                [
                    [
                        0.6932030916213989,
                        0.996049165725708,
                        1.3145601749420166,
                        -1.4506795406341553
                    ],
                    [
                        0.602724552154541,
                        0.952497661113739,
                        1.1109356880187988,
                        -1.2850341796875
                    ],
                    [
                        0.5904050469398499,
                        1.0860140323638916,
                        1.0075531005859375,
                        -1.3063422441482544
                    ],
                    [
                        0.5595248341560364,
                        1.0078434944152832,
                        0.9986844062805176,
                        -1.3649111986160278
                    ],
                    [
                        0.5612398386001587,
                        0.9106189012527466,
                        0.9940443634986877,
                        -1.6897571086883545
                    ],
                    [
                        0.4945656657218933,
                        0.8830881714820862,
                        1.0400176048278809,
                        -1.6329362392425537
                    ],
                    [
                        0.4207979142665863,
                        0.8226432204246521,
                        1.076302409172058,
                        -1.6929428577423096
                    ],
                    [
                        0.4116753339767456,
                        0.8679408431053162,
                        1.0255876779556274,
                        -1.7348971366882324
                    ],
                    [
                        0.4368281364440918,
                        0.9289483428001404,
                        1.0883169174194336,
                        -1.8924161195755005
                    ],
                    [
                        0.35479235649108887,
                        1.0940170288085938,
                        1.0049413442611694,
                        -1.5923659801483154
                    ],
                    [
                        0.2505374550819397,
                        0.8421516418457031,
                        1.0161851644515991,
                        -1.5707011222839355
                    ],
                    [
                        0.2825748324394226,
                        0.7589195966720581,
                        1.0636770725250244,
                        -1.6876342296600342
                    ],
                    [
                        0.3621835708618164,
                        0.9319483041763306,
                        1.3075906038284302,
                        -1.6181586980819702
                    ],
                    [
                        0.37625211477279663,
                        0.8995765447616577,
                        1.1864399909973145,
                        -1.5824018716812134
                    ],
                    [
                        0.3034350275993347,
                        0.8848636746406555,
                        1.1579874753952026,
                        -1.6683807373046875
                    ],
                    [
                        0.29468563199043274,
                        0.6602573394775391,
                        1.3500969409942627,
                        -1.514566421508789
                    ],
                    [
                        0.2296573519706726,
                        0.6602381467819214,
                        1.3875806331634521,
                        -1.5917189121246338
                    ],
                    [
                        0.312297523021698,
                        0.8209637403488159,
                        1.2175477743148804,
                        -1.5774916410446167
                    ],
                    [
                        0.35418426990509033,
                        0.7999842166900635,
                        1.1763787269592285,
                        -1.665847659111023
                    ],
                    [
                        0.3286813795566559,
                        0.9414575695991516,
                        1.1156572103500366,
                        -1.6273605823516846
                    ]
                ]
            ],
            "actions_pred": [
                [
                    [
                        0.6932030916213989,
                        0.602724552154541,
                        0.5904050469398499,
                        0.5595248341560364,
                        0.5612398386001587,
                        0.4945656657218933,
                        0.4207979142665863,
                        0.4116753339767456,
                        0.4368281364440918,
                        0.35479235649108887,
                        0.2505374550819397,
                        0.2825748324394226,
                        0.3621835708618164,
                        0.37625211477279663,
                        0.3034350275993347,
                        0.29468563199043274,
                        0.2296573519706726,
                        0.312297523021698,
                        0.35418426990509033,
                        0.3286813795566559
                    ],
                    [
                        0.996049165725708,
                        0.952497661113739,
                        1.0860140323638916,
                        1.0078434944152832,
                        0.9106189012527466,
                        0.8830881714820862,
                        0.8226432204246521,
                        0.8679408431053162,
                        0.9289483428001404,
                        1.0940170288085938,
                        0.8421516418457031,
                        0.7589195966720581,
                        0.9319483041763306,
                        0.8995765447616577,
                        0.8848636746406555,
                        0.6602573394775391,
                        0.6602381467819214,
                        0.8209637403488159,
                        0.7999842166900635,
                        0.9414575695991516
                    ],
                    [
                        1.3145601749420166,
                        1.1109356880187988,
                        1.0075531005859375,
                        0.9986844062805176,
                        0.9940443634986877,
                        1.0400176048278809,
                        1.076302409172058,
                        1.0255876779556274,
                        1.0883169174194336,
                        1.0049413442611694,
                        1.0161851644515991,
                        1.0636770725250244,
                        1.3075906038284302,
                        1.1864399909973145,
                        1.1579874753952026,
                        1.3500969409942627,
                        1.3875806331634521,
                        1.2175477743148804,
                        1.1763787269592285,
                        1.1156572103500366
                    ],
                    [
                        -1.4506795406341553,
                        -1.2850341796875,
                        -1.3063422441482544,
                        -1.3649111986160278,
                        -1.6897571086883545,
                        -1.6329362392425537,
                        -1.6929428577423096,
                        -1.7348971366882324,
                        -1.8924161195755005,
                        -1.5923659801483154,
                        -1.5707011222839355,
                        -1.6876342296600342,
                        -1.6181586980819702,
                        -1.5824018716812134,
                        -1.6683807373046875,
                        -1.514566421508789,
                        -1.5917189121246338,
                        -1.5774916410446167,
                        -1.665847659111023,
                        -1.6273605823516846
                    ]
                ]
            ],
            "states": [
                [
                    [
                        195480.0,
                        0.00017859364743344486,
                        0.0014523763675242662,
                        455306.15625
                    ],
                    [
                        224440.0,
                        0.00017706550715956837,
                        0.0012122188927605748,
                        199210.375
                    ],
                    [
                        260640.0,
                        0.00017533254867885262,
                        0.0010567386634647846,
                        291813.4375
                    ],
                    [
                        231680.0,
                        0.00017360733181703836,
                        0.0010331012308597565,
                        619352.5625
                    ],
                    [
                        201272.0,
                        0.00017211795784533024,
                        0.0008577806875109673,
                        757621.5
                    ],
                    [
                        233128.0,
                        0.0001706496550468728,
                        0.002856994280591607,
                        402371.75
                    ],
                    [
                        238920.0,
                        0.00016908197721932083,
                        0.005327177233994007,
                        418626.09375
                    ],
                    [
                        185344.0,
                        0.00016769685316830873,
                        0.006734849885106087,
                        490648.125
                    ],
                    [
                        205616.0,
                        0.000166440979228355,
                        0.008968048729002476,
                        304516.78125
                    ],
                    [
                        195480.0,
                        0.00016517171752639115,
                        0.00019177634385414422,
                        553446.625
                    ],
                    [
                        202720.0,
                        0.00016393074474763125,
                        0.0001491233124397695,
                        853423.1875
                    ],
                    [
                        209960.0,
                        0.00016266417514998466,
                        0.0002625611668918282,
                        298799.9375
                    ],
                    [
                        209960.0,
                        0.0001613952626939863,
                        0.0004885925445705652,
                        376011.875
                    ],
                    [
                        144800.0,
                        0.00016033815336413682,
                        0.0010367168579250574,
                        94745.609375
                    ],
                    [
                        246160.0,
                        0.00015919026918709278,
                        0.0028569940477609634,
                        223245.734375
                    ],
                    [
                        253400.0,
                        0.000157746413606219,
                        0.005327177233994007,
                        267948.78125
                    ],
                    [
                        296840.0,
                        0.00015618640463799238,
                        0.006734849885106087,
                        291045.46875
                    ],
                    [
                        340280.0,
                        0.0001544181868666783,
                        0.008968048729002476,
                        376205.125
                    ],
                    [
                        405440.0,
                        0.0001523990067653358,
                        0.010990988463163376,
                        467932.84375
                    ],
                    [
                        463360.0,
                        0.0001501120423199609,
                        0.011323424987494946,
                        301846.5
                    ]
                ]
            ],
            "actions": [
                [
                    [
                        0.25
                    ],
                    [
                        0.25
                    ],
                    [
                        0.25
                    ],
                    [
                        0.25
                    ],
                    [
                        0.25
                    ],
                    [
                        0.25
                    ],
                    [
                        0.25
                    ],
                    [
                        0.25
                    ],
                    [
                        0.25
                    ],
                    [
                        0.25
                    ],
                    [
                        0.25
                    ],
                    [
                        0.25
                    ],
                    [
                        0.25
                    ],
                    [
                        0.25
                    ],
                    [
                        0.25
                    ],
                    [
                        0.25
                    ],
                    [
                        0.25
                    ],
                    [
                        0.25
                    ],
                    [
                        0.25
                    ],
                    [
                        0.25
                    ]
                ]
            ],
            "returns": [
                [
                    [
                        0.0820998102426529
                    ],
                    [
                        0.0814596638083458
                    ],
                    [
                        0.08080726861953735
                    ],
                    [
                        0.08014161884784698
                    ],
                    [
                        0.0794864147901535
                    ],
                    [
                        0.07884368300437927
                    ],
                    [
                        0.07818792015314102
                    ],
                    [
                        0.07752998173236847
                    ],
                    [
                        0.07689455896615982
                    ],
                    [
                        0.07624993473291397
                    ],
                    [
                        0.07560978829860687
                    ],
                    [
                        0.0749664157629013
                    ],
                    [
                        0.07431993633508682
                    ],
                    [
                        0.07367345690727234
                    ],
                    [
                        0.07305991649627686
                    ],
                    [
                        0.0723993331193924
                    ],
                    [
                        0.07173618674278259
                    ],
                    [
                        0.07105900347232819
                    ],
                    [
                        0.07036971300840378
                    ],
                    [
                        0.06966488808393478
                    ]
                ]
            ],
            "timesteps": [
                [
                    540,
                    541,
                    542,
                    543,
                    544,
                    545,
                    546,
                    547,
                    548,
                    549,
                    550,
                    551,
                    552,
                    553,
                    554,
                    555,
                    556,
                    557,
                    558,
                    559
                ]
            ],
            "labels": [
                [
                    0,
                    0,
                    0,
                    0,
                    0,
                    0,
                    0,
                    0,
                    0,
                    0,
                    0,
                    0,
                    0,
                    0,
                    0,
                    0,
                    0,
                    0,
                    0,
                    0
                ]
            ],
            "CPU Usage": 46.8,
            "RAM Usage": 55.2,
            "GPU Usage": 0.0,
            "VRAM Usage": 355.0,
            "Disk Read Speed (MB/s)": 206398.4345703125,
            "Disk Write Speed (MB/s)": 387139.4267578125
        },
        {
            "step": 2,
            "train_loss": 0.02254623919725418,
            "actions_pred1": [
                [
                    [
                        0.2830282747745514,
                        0.5253193974494934,
                        1.1566716432571411,
                        -1.249930500984192
                    ],
                    [
                        0.26886868476867676,
                        0.6996500492095947,
                        1.107387661933899,
                        -1.296074390411377
                    ],
                    [
                        0.2510843575000763,
                        0.8320116996765137,
                        1.0910247564315796,
                        -1.2979040145874023
                    ],
                    [
                        0.4116595685482025,
                        0.8893546462059021,
                        1.344698190689087,
                        -1.3758361339569092
                    ],
                    [
                        0.36710384488105774,
                        0.9114459753036499,
                        1.384722352027893,
                        -1.4611905813217163
                    ],
                    [
                        0.052320241928100586,
                        0.688289999961853,
                        1.352013111114502,
                        -1.4362937211990356
                    ],
                    [
                        0.0004146695137023926,
                        0.6706387400627136,
                        1.2799556255340576,
                        -1.4980239868164062
                    ],
                    [
                        0.15049798786640167,
                        0.7609326243400574,
                        1.222710132598877,
                        -1.4447126388549805
                    ],
                    [
                        0.15569688379764557,
                        0.7665747404098511,
                        1.1801434755325317,
                        -1.5926445722579956
                    ],
                    [
                        0.14893199503421783,
                        0.7740178108215332,
                        1.149408221244812,
                        -1.7539910078048706
                    ],
                    [
                        0.20865443348884583,
                        0.684032142162323,
                        1.0503958463668823,
                        -1.7151495218276978
                    ],
                    [
                        0.17329877614974976,
                        0.7786961793899536,
                        1.2161039113998413,
                        -1.772139072418213
                    ],
                    [
                        0.21540111303329468,
                        0.768456220626831,
                        1.2714416980743408,
                        -1.6919844150543213
                    ],
                    [
                        0.2758787274360657,
                        0.6365926265716553,
                        1.2755974531173706,
                        -1.8714194297790527
                    ],
                    [
                        0.3244130313396454,
                        0.6673936247825623,
                        1.2334303855895996,
                        -1.8742278814315796
                    ],
                    [
                        0.20384643971920013,
                        0.7737604379653931,
                        1.1922526359558105,
                        -1.9623737335205078
                    ],
                    [
                        0.26638710498809814,
                        0.8161793947219849,
                        1.2497532367706299,
                        -1.8079649209976196
                    ],
                    [
                        0.2634420096874237,
                        0.8389756083488464,
                        1.265751600265503,
                        -1.8280444145202637
                    ],
                    [
                        0.2326703667640686,
                        0.8679765462875366,
                        1.259298324584961,
                        -1.8999135494232178
                    ],
                    [
                        0.20832990109920502,
                        0.8703224062919617,
                        1.2392767667770386,
                        -1.8882520198822021
                    ]
                ]
            ],
            "actions_pred": [
                [
                    [
                        0.2830282747745514,
                        0.26886868476867676,
                        0.2510843575000763,
                        0.4116595685482025,
                        0.36710384488105774,
                        0.052320241928100586,
                        0.0004146695137023926,
                        0.15049798786640167,
                        0.15569688379764557,
                        0.14893199503421783,
                        0.20865443348884583,
                        0.17329877614974976,
