{
    "steps": [
        {
            "step": 0,
            "train_loss": 5.3821066103409976e-05,
            "actions_pred1": [
                [
                    [
                        -1.8141732215881348,
                        4.455901622772217,
                        -1.3923721313476562,
                        -4.137290954589844
                    ],
                    [
                        -1.548144817352295,
                        4.931988716125488,
                        -1.7857153415679932,
                        -3.49560546875
                    ],
                    [
                        -1.8553872108459473,
                        4.91638708114624,
                        -2.415170431137085,
                        -3.3235673904418945
                    ],
                    [
                        -1.9642701148986816,
                        5.173046588897705,
                        -2.6682422161102295,
                        -3.525207757949829
                    ],
                    [
                        -1.9937465190887451,
                        5.102853775024414,
                        -3.2727675437927246,
                        -3.933152437210083
                    ],
                    [
                        -1.788791298866272,
                        5.3240132331848145,
                        -3.197723150253296,
                        -3.9217681884765625
                    ],
                    [
                        -1.7005901336669922,
                        5.545470237731934,
                        -3.4276909828186035,
                        -3.8020763397216797
                    ],
                    [
                        -1.5528385639190674,
                        5.581883430480957,
                        -3.3021111488342285,
                        -3.5965471267700195
                    ],
                    [
                        -1.3341403007507324,
                        5.4023637771606445,
                        -2.9811739921569824,
                        -4.079711437225342
                    ],
                    [
                        -1.363735556602478,
                        5.320222854614258,
                        -2.8809854984283447,
                        -4.015980243682861
                    ],
                    [
                        -1.3510339260101318,
                        5.397175312042236,
                        -2.9591734409332275,
                        -4.069248676300049
                    ],
                    [
                        -1.3059470653533936,
                        5.371394157409668,
                        -2.9655685424804688,
                        -4.163267135620117
                    ],
                    [
                        -1.4569587707519531,
                        5.4151387214660645,
                        -2.9680869579315186,
                        -4.168603420257568
                    ],
                    [
                        -1.5439090728759766,
                        5.416619777679443,
                        -2.8531646728515625,
                        -4.101690292358398
                    ],
                    [
                        -1.512795090675354,
                        5.523675441741943,
                        -2.7655816078186035,
                        -4.102889060974121
                    ],
                    [
                        -1.327364206314087,
                        5.612164497375488,
                        -2.7498457431793213,
                        -4.116042613983154
                    ],
                    [
                        -1.162326455116272,
                        5.526276588439941,
                        -2.7137320041656494,
                        -4.04165506362915
                    ],
                    [
                        -1.092099666595459,
                        5.417360782623291,
                        -2.821115016937256,
                        -4.104391574859619
                    ],
                    [
                        -1.0896129608154297,
                        5.2527594566345215,
                        -2.76126766204834,
                        -4.067694664001465
                    ],
                    [
                        -1.1356711387634277,
                        5.28001594543457,
                        -2.7385993003845215,
                        -3.8892300128936768
                    ]
                ]
            ],
            "actions_pred": [
                [
                    [
                        -1.8141732215881348,
                        -1.548144817352295,
                        -1.8553872108459473,
                        -1.9642701148986816,
                        -1.9937465190887451,
                        -1.788791298866272,
                        -1.7005901336669922,
                        -1.5528385639190674,
                        -1.3341403007507324,
                        -1.363735556602478,
                        -1.3510339260101318,
                        -1.3059470653533936,
                        -1.4569587707519531,
                        -1.5439090728759766,
                        -1.512795090675354,
                        -1.327364206314087,
                        -1.162326455116272,
                        -1.092099666595459,
                        -1.0896129608154297,
                        -1.1356711387634277
                    ],
                    [
                        4.455901622772217,
                        4.931988716125488,
                        4.91638708114624,
                        5.173046588897705,
                        5.102853775024414,
                        5.3240132331848145,
                        5.545470237731934,
                        5.581883430480957,
                        5.4023637771606445,
                        5.320222854614258,
                        5.397175312042236,
                        5.371394157409668,
                        5.4151387214660645,
                        5.416619777679443,
                        5.523675441741943,
                        5.612164497375488,
                        5.526276588439941,
                        5.417360782623291,
                        5.2527594566345215,
                        5.28001594543457
                    ],
                    [
                        -1.3923721313476562,
                        -1.7857153415679932,
                        -2.415170431137085,
                        -2.6682422161102295,
                        -3.2727675437927246,
                        -3.197723150253296,
                        -3.4276909828186035,
                        -3.3021111488342285,
                        -2.9811739921569824,
                        -2.8809854984283447,
                        -2.9591734409332275,
                        -2.9655685424804688,
                        -2.9680869579315186,
                        -2.8531646728515625,
                        -2.7655816078186035,
                        -2.7498457431793213,
                        -2.7137320041656494,
                        -2.821115016937256,
                        -2.76126766204834,
                        -2.7385993003845215
                    ],
                    [
                        -4.137290954589844,
                        -3.49560546875,
                        -3.3235673904418945,
                        -3.525207757949829,
                        -3.933152437210083,
                        -3.9217681884765625,
                        -3.8020763397216797,
                        -3.5965471267700195,
                        -4.079711437225342,
                        -4.015980243682861,
                        -4.069248676300049,
                        -4.163267135620117,
                        -4.168603420257568,
                        -4.101690292358398,
                        -4.102889060974121,
                        -4.116042613983154,
                        -4.04165506362915,
                        -4.104391574859619,
                        -4.067694664001465,
                        -3.8892300128936768
                    ]
                ]
            ],
            "states": [
                [
                    [
                        6630392.0,
                        1.589785097166896e-05,
                        0.0030998915899544954,
                        575874.875
                    ],
                    [
                        6756368.0,
                        1.5517740393988788e-05,
                        0.00046779168769717216,
                        548346.8125
                    ],
                    [
                        6252464.0,
                        1.5165252079896163e-05,
                        0.0003139808541163802,
                        592422.1875
                    ],
                    [
                        6275632.0,
                        1.4840703443042003e-05,
                        0.0002766261750366539,
                        580548.75
                    ],
                    [
                        5845576.0,
                        1.4539574294758495e-05,
                        0.00026207882910966873,
                        570513.0
                    ],
                    [
                        6198888.0,
                        1.4252340406528674e-05,
                        0.00027697221958078444,
                        604356.0
                    ],
                    [
                        4525000.0,
                        1.4005720004206523e-05,
                        0.00037561735371127725,
                        519198.90625
                    ],
                    [
                        4878312.0,
                        1.3796614439343102e-05,
                        0.000348972505889833,
                        533459.0
                    ],
                    [
                        4776952.0,
                        1.3588255569629837e-05,
                        0.000344088242854923,
                        588163.3125
                    ],
                    [
                        4878312.0,
                        1.3386117643676698e-05,
                        0.00030916635296307504,
                        571568.5625
                    ],
                    [
                        4407712.0,
                        1.3197249245422427e-05,
                        0.00029186115716584027,
                        549308.25
                    ],
                    [
                        4623464.0,
                        1.3018668141739909e-05,
                        0.00031188191496767104,
                        567697.8125
                    ],
                    [
                        5241760.0,
                        1.2829074876208324e-05,
                        0.0003927450452465564,
                        616835.375
                    ],
                    [
                        4287528.0,
                        1.2650972166738939e-05,
                        0.00034627493005245924,
                        586416.5625
                    ],
                    [
                        4679936.0,
                        1.248793432750972e-05,
                        0.00028098482289351523,
                        591184.1875
                    ],
                    [
                        4293320.0,
                        1.2328885532042477e-05,
                        0.0002829945588018745,
                        595186.25
                    ],
                    [
                        2884416.0,
                        1.2204491213196889e-05,
                        0.00027779326774179935,
                        581960.9375
                    ],
                    [
                        4042816.0,
                        1.2086934475519229e-05,
                        0.00029917724896222353,
                        651221.5
                    ],
                    [
                        4267256.0,
                        1.1948805877182167e-05,
                        0.00037997434264980257,
                        587955.875
                    ],
                    [
                        4659664.0,
                        1.1803908819274511e-05,
                        0.00029415389872156084,
                        593533.5625
                    ]
                ]
            ],
            "actions": [
                [
                    [
                        0.5
                    ],
                    [
                        0.5
                    ],
                    [
                        0.5
                    ],
                    [
                        0.5
                    ],
                    [
                        0.5
                    ],
                    [
                        0.5
                    ],
                    [
                        0.5
                    ],
                    [
                        0.5
                    ],
                    [
                        0.5
                    ],
                    [
                        0.5
                    ],
                    [
                        0.5
                    ],
                    [
                        0.5
                    ],
                    [
                        0.5
                    ],
                    [
                        0.5
                    ],
                    [
                        0.5
                    ],
                    [
                        0.5
                    ],
                    [
                        0.5
                    ],
                    [
                        0.5
                    ],
                    [
                        0.5
                    ],
                    [
                        0.5
                    ]
                ]
            ],
            "returns": [
                [
                    [
                        0.4322150647640228
                    ],
                    [
                        0.4312624931335449
                    ],
                    [
                        0.4303082525730133
                    ],
                    [
                        0.42936089634895325
                    ],
                    [
                        0.42841318249702454
                    ],
                    [
                        0.427471786737442
                    ],
                    [
                        0.42652517557144165
                    ],
                    [
                        0.42560648918151855
                    ],
                    [
                        0.4246810972690582
                    ],
                    [
                        0.4237576127052307
                    ],
                    [
                        0.4228322505950928
                    ],
                    [
                        0.42191585898399353
                    ],
                    [
                        0.4209952652454376
                    ],
                    [
                        0.4200635254383087
                    ],
                    [
                        0.41914960741996765
                    ],
                    [
                        0.4182279109954834
                    ],
                    [
                        0.4173138737678528
                    ],
                    [
                        0.4164350926876068
                    ],
                    [
                        0.4155263900756836
                    ],
                    [
                        0.41461288928985596
                    ]
                ]
            ],
            "timesteps": [
                [
                    160,
                    161,
                    162,
                    163,
                    164,
                    165,
                    166,
                    167,
                    168,
                    169,
                    170,
                    171,
                    172,
                    173,
                    174,
                    175,
                    176,
                    177,
                    178,
                    179
                ]
            ],
            "labels": [
                [
                    1,
                    1,
                    1,
                    1,
                    1,
                    1,
                    1,
                    1,
                    1,
                    1,
                    1,
                    1,
                    1,
                    1,
                    1,
                    1,
                    1,
                    1,
                    1,
                    1
                ]
            ],
            "CPU Usage": 46.2,
            "RAM Usage": 55.0,
            "GPU Usage": 0.0,
            "VRAM Usage": 355.0,
            "Disk Read Speed (MB/s)": 206668.9951171875,
            "Disk Write Speed (MB/s)": 439477.3994140625
        },
        {
            "step": 1,
            "train_loss": 0.008550615981221199,
            "actions_pred1": [
                [
                    [
                        1.0550975799560547,
                        -0.9635124206542969,
                        4.958639621734619,
                        -5.190017223358154
                    ],
                    [
                        1.412943720817566,
                        -0.8623020052909851,
                        4.626749515533447,
                        -6.436575412750244
                    ],
                    [
                        2.1459619998931885,
                        -0.36293020844459534,
                        4.444162368774414,
                        -6.952708721160889
                    ],
                    [
                        2.2967147827148438,
                        -0.2952677309513092,
                        4.373039245605469,
                        -6.700904846191406
                    ],
                    [
                        2.2347311973571777,
                        0.1956578940153122,
                        4.560454845428467,
                        -6.5133562088012695
                    ],
                    [
                        2.61549973487854,
                        0.42016154527664185,
                        4.2948737144470215,
                        -6.4277777671813965
                    ],
                    [
                        2.83293080329895,
                        0.7120969891548157,
                        3.8626585006713867,
                        -5.874269485473633
                    ],
                    [
                        3.2340526580810547,
                        1.039850115776062,
                        3.7291276454925537,
                        -5.6972198486328125
                    ],
                    [
                        3.1296987533569336,
                        0.8517259359359741,
                        3.7006473541259766,
                        -5.770492076873779
                    ],
                    [
                        3.4497318267822266,
                        1.0387332439422607,
                        3.7563352584838867,
                        -6.231856346130371
                    ],
                    [
                        3.6955626010894775,
                        1.0582587718963623,
                        3.505061626434326,
                        -6.253598213195801
                    ],
                    [
                        3.868546485900879,
                        0.8734402656555176,
                        3.4948651790618896,
                        -6.494811058044434
                    ],
                    [
                        4.356678009033203,
                        0.5599414110183716,
                        3.28076171875,
                        -6.249146461486816
                    ],
                    [
                        4.545994281768799,
                        0.6575716733932495,
                        3.0773067474365234,
                        -6.233972549438477
                    ],
                    [
                        4.8166279792785645,
                        0.5426540970802307,
                        2.897960662841797,
                        -6.227487087249756
                    ],
                    [
                        4.888944149017334,
                        0.5794241428375244,
                        2.9265851974487305,
                        -6.049783706665039
                    ],
                    [
                        4.983769416809082,
                        0.6305086016654968,
                        2.7412192821502686,
                        -6.08775520324707
                    ],
                    [
                        5.2033233642578125,
                        0.5319496393203735,
                        2.6358983516693115,
                        -6.185293674468994
                    ],
                    [
                        5.200505256652832,
                        0.48931849002838135,
                        2.7173376083374023,
                        -6.264741897583008
                    ],
                    [
                        5.202887058258057,
                        0.5211099982261658,
                        2.7261953353881836,
                        -6.164969444274902
                    ]
                ]
            ],
            "actions_pred": [
                [
                    [
                        1.0550975799560547,
                        1.412943720817566,
                        2.1459619998931885,
                        2.2967147827148438,
                        2.2347311973571777,
                        2.61549973487854,
                        2.83293080329895,
                        3.2340526580810547,
                        3.1296987533569336,
                        3.4497318267822266,
                        3.6955626010894775,
                        3.868546485900879,
                        4.356678009033203,
                        4.545994281768799,
                        4.8166279792785645,
                        4.888944149017334,
                        4.983769416809082,
                        5.2033233642578125,
                        5.200505256652832,
                        5.202887058258057
                    ],
                    [
                        -0.9635124206542969,
                        -0.8623020052909851,
                        -0.36293020844459534,
                        -0.2952677309513092,
                        0.1956578940153122,
                        0.42016154527664185,
                        0.7120969891548157,
                        1.039850115776062,
                        0.8517259359359741,
                        1.0387332439422607,
                        1.0582587718963623,
                        0.8734402656555176,
                        0.5599414110183716,
                        0.6575716733932495,
                        0.5426540970802307,
                        0.5794241428375244,
                        0.6305086016654968,
                        0.5319496393203735,
                        0.48931849002838135,
                        0.5211099982261658
                    ],
                    [
                        4.958639621734619,
                        4.626749515533447,
                        4.444162368774414,
                        4.373039245605469,
                        4.560454845428467,
                        4.2948737144470215,
                        3.8626585006713867,
                        3.7291276454925537,
                        3.7006473541259766,
                        3.7563352584838867,
                        3.505061626434326,
                        3.4948651790618896,
                        3.28076171875,
                        3.0773067474365234,
                        2.897960662841797,
                        2.9265851974487305,
                        2.7412192821502686,
                        2.6358983516693115,
                        2.7173376083374023,
                        2.7261953353881836
                    ],
                    [
                        -5.190017223358154,
                        -6.436575412750244,
                        -6.952708721160889,
                        -6.700904846191406,
                        -6.5133562088012695,
                        -6.4277777671813965,
                        -5.874269485473633,
                        -5.6972198486328125,
                        -5.770492076873779,
                        -6.231856346130371,
                        -6.253598213195801,
                        -6.494811058044434,
                        -6.249146461486816,
                        -6.233972549438477,
                        -6.227487087249756,
                        -6.049783706665039,
                        -6.08775520324707,
                        -6.185293674468994,
                        -6.264741897583008,
                        -6.164969444274902
                    ]
                ]
            ],
            "states": [
                [
                    [
                        5527016.0,
                        1.5349276509368792e-05,
                        0.0002737951872404665,
                        805844.5
                    ],
                    [
                        5095512.0,
                        1.517824421171099e-05,
                        0.0002537628752179444,
                        822709.0625
                    ],
                    [
                        5057864.0,
                        1.501830956840422e-05,
                        0.0002845273702405393,
                        817377.8125
                    ],
                    [
                        5703672.0,
                        1.4852455933578312e-05,
                        0.00027429292094893754,
                        848477.75
                    ],
                    [
                        5414072.0,
                        1.4684866982861422e-05,
                        0.0002784566895570606,
                        829260.1875
                    ],
                    [
                        5337328.0,
                        1.452638753107749e-05,
                        0.00027366288122721016,
                        838067.9375
                    ],
                    [
                        5141848.0,
                        1.4375169484992512e-05,
                        0.0002617421268951148,
                        823064.0
                    ],
                    [
                        5211352.0,
                        1.422882269253023e-05,
                        0.000270931632257998,
                        844933.9375
                    ],
                    [
                        5386560.0,
                        1.4082077541388571e-05,
                        0.00027350522577762604,
                        861893.1875
                    ],
                    [
                        5118680.0,
                        1.3939571545051876e-05,
                        0.0002609447401482612,
                        831639.4375
                    ],
                    [
                        5401040.0,
                        1.3799754015053622e-05,
                        0.0002695223083719611,
                        814358.625
                    ],
                    [
                        5211352.0,
                        1.3661498996953014e-05,
                        0.00026009109569713473,
                        868776.75
                    ],
                    [
                        142.0,
                        0.21944443881511688,
                        0.00015429843915626407,
                        853.0870361328125
                    ],
                    [
                        4879797.0,
                        0.008871808648109436,
                        0.0001451207062928006,
                        568995.3125
                    ],
                    [
                        6620256.0,
                        0.0009351735934615135,
                        0.00015239168715197593,
                        450753.09375
                    ],
                    [
                        9419240.0,
                        0.00045934959780424833,
                        0.0001363051705993712,
                        480722.0
                    ],
                    [
                        9852192.0,
                        0.0002833923790603876,
                        0.0001300903531955555,
                        459858.53125
                    ],
                    [
                        9448200.0,
                        0.0002050806797342375,
                        0.026162419468164444,
                        444324.5625
                    ],
                    [
                        10519720.0,
                        0.00015983681078068912,
                        0.00028762174770236015,
                        442793.625
                    ],
                    [
                        11032312.0,
                        0.00012905527546536177,
                        0.00021737493807449937,
                        442420.15625
                    ]
                ]
            ],
            "actions": [
                [
                    [
                        0.75
                    ],
                    [
                        0.75
                    ],
                    [
                        0.75
                    ],
                    [
                        0.75
                    ],
                    [
                        0.75
                    ],
                    [
                        0.75
                    ],
                    [
                        0.75
                    ],
                    [
                        0.75
                    ],
                    [
                        0.75
                    ],
                    [
                        0.75
                    ],
                    [
                        0.75
                    ],
                    [
                        0.75
                    ],
                    [
                        0.25
                    ],
                    [
                        0.25
                    ],
                    [
                        0.25
                    ],
                    [
                        0.25
                    ],
                    [
                        0.25
                    ],
                    [
                        0.25
                    ],
                    [
                        0.25
                    ],
                    [
                        0.25
                    ]
                ]
            ],
            "returns": [
                [
                    [
                        0.30454936623573303
                    ],
                    [
                        0.30361291766166687
                    ],
                    [
                        0.3026837110519409
                    ],
                    [
                        0.3017551302909851
                    ],
                    [
                        0.3008159101009369
                    ],
                    [
                        0.29988130927085876
                    ],
                    [
                        0.2989479601383209
                    ],
                    [
                        0.2980179190635681
                    ],
                    [
                        0.2970867156982422
                    ],
                    [
                        0.2961525619029999
                    ],
                    [
                        0.2952229082584381
                    ],
                    [
                        0.2942885160446167
                    ],
                    [
                        0.29335731267929077
                    ],
                    [
                        0.29335731267929077
                    ],
                    [
                        0.29243192076683044
                    ],
                    [
                        0.2914794683456421
                    ],
                    [
                        0.29049578309059143
                    ],
                    [
                        0.2895081043243408
                    ],
                    [
                        0.2885241210460663
                    ],
                    [
                        0.2875306308269501
                    ]
                ]
            ],
            "timesteps": [
                [
                    300,
                    301,
                    302,
                    303,
                    304,
                    305,
                    306,
                    307,
                    308,
                    309,
                    310,
                    311,
                    312,
                    313,
                    314,
                    315,
                    316,
                    317,
                    318,
                    319
                ]
            ],
            "labels": [
                [
                    2,
                    2,
                    2,
                    2,
                    2,
                    2,
                    2,
                    2,
                    2,
                    2,
                    2,
                    2,
                    0,
                    0,
                    0,
                    0,
                    0,
                    0,
                    0,
                    0
                ]
            ],
            "CPU Usage": 46.7,
            "RAM Usage": 55.2,
            "GPU Usage": 0.0,
            "VRAM Usage": 355.0,
            "Disk Read Speed (MB/s)": 206668.9951171875,
            "Disk Write Speed (MB/s)": 439477.6728515625
        },
        {
            "step": 2,
            "train_loss": 0.010935673490166664,
            "actions_pred1": [
                [
                    [
                        -0.46311527490615845,
                        2.2685563564300537,
                        4.029735565185547,
                        -4.470730304718018
                    ],
                    [
                        0.18329089879989624,
                        2.340714931488037,
                        4.744286060333252,
                        -4.271973609924316
                    ],
                    [
                        0.12024694681167603,
                        2.5507946014404297,
                        4.193980693817139,
                        -4.533802509307861
                    ],
                    [
                        -0.1143416166305542,
                        2.7092297077178955,
                        3.6135473251342773,
                        -4.570672035217285
                    ],
                    [
                        -0.22633260488510132,
                        3.3201804161071777,
                        3.014971971511841,
                        -4.7501702308654785
                    ],
                    [
                        -0.04200011491775513,
                        3.5850958824157715,
                        2.990812301635742,
                        -4.835304260253906
                    ],
                    [
                        0.13536128401756287,
                        3.87003755569458,
                        2.6946640014648438,
                        -4.87666130065918
                    ],
                    [
                        0.0008751600980758667,
                        3.8367347717285156,
                        2.45532488822937,
                        -4.840229511260986
                    ],
                    [
                        -0.19508107006549835,
                        4.218449115753174,
                        2.1934313774108887,
                        -4.767373085021973
                    ],
                    [
                        -0.32016122341156006,
                        4.365118026733398,
                        2.0003416538238525,
                        -4.825558185577393
                    ],
                    [
                        -0.45041629672050476,
                        4.4216766357421875,
                        2.336120843887329,
                        -4.690744400024414
                    ],
                    [
                        -0.45601996779441833,
                        4.346070289611816,
                        2.487499475479126,
                        -4.700273036956787
                    ],
                    [
                        -0.32677432894706726,
                        4.5267720222473145,
                        2.5443830490112305,
                        -4.746368885040283
                    ],
                    [
                        -0.4590115249156952,
                        4.6104326248168945,
                        2.389345169067383,
                        -4.866341590881348
                    ],
                    [
                        -0.4162749946117401,
                        4.770390510559082,
                        2.377470016479492,
                        -4.682789325714111
                    ],
                    [
                        -0.6399936079978943,
                        4.834278106689453,
                        2.278017044067383,
                        -4.553420066833496
                    ],
                    [
                        -0.6627058982849121,
                        4.910350322723389,
                        2.070204257965088,
                        -4.5574235916137695
                    ],
                    [
                        -0.6126372814178467,
                        4.759022235870361,
                        1.9867725372314453,
                        -4.6648054122924805
                    ],
                    [
                        -0.42943668365478516,
                        4.735538482666016,
                        1.995145320892334,
                        -4.7734479904174805
                    ],
                    [
                        -0.453593373298645,
                        4.840391159057617,
                        1.9213249683380127,
                        -4.670308589935303
                    ]
                ]
            ],
            "actions_pred": [
                [
                    [
                        -0.46311527490615845,
                        0.18329089879989624,
                        0.12024694681167603,
                        -0.1143416166305542,
                        -0.22633260488510132,
                        -0.04200011491775513,
                        0.13536128401756287,
                        0.0008751600980758667,
                        -0.19508107006549835,
                        -0.32016122341156006,
                        -0.45041629672050476,
                        -0.45601996779441833,
                        -0.32677432894706726,
