{
    "steps": [
        {
            "step": 0,
            "train_loss": 0.03546709567308426,
            "actions_pred1": [
                [
                    [
                        0.06273233890533447,
                        0.1931850016117096,
                        0.21596667170524597,
                        -0.7419904470443726
                    ],
                    [
                        0.15196877717971802,
                        0.2266433984041214,
                        0.4580875635147095,
                        -0.7631299495697021
                    ],
                    [
                        0.23839178681373596,
                        0.254815936088562,
                        0.3030371069908142,
                        -0.9474449157714844
                    ],
                    [
                        0.30747073888778687,
                        0.2901097536087036,
                        0.34180572628974915,
                        -1.0471932888031006
                    ],
                    [
                        0.46117621660232544,
                        0.3515547811985016,
                        0.08581076562404633,
                        -1.3768723011016846
                    ],
                    [
                        0.5975624918937683,
                        0.45817017555236816,
                        0.2649059593677521,
                        -1.4133535623550415
                    ],
                    [
                        0.5998091697692871,
                        0.6048887372016907,
                        0.3244798183441162,
                        -1.387060284614563
                    ],
                    [
                        0.6411318182945251,
                        0.6155554056167603,
                        0.43241673707962036,
                        -1.1614749431610107
                    ],
                    [
                        0.45347484946250916,
                        0.6209850311279297,
                        0.28480005264282227,
                        -1.1823487281799316
                    ],
                    [
                        0.48270899057388306,
                        0.5004029870033264,
                        0.5027332901954651,
                        -1.1042823791503906
                    ],
                    [
                        0.42374205589294434,
                        0.38804084062576294,
                        0.4511149525642395,
                        -1.1097538471221924
                    ],
                    [
                        0.19702696800231934,
                        0.36260461807250977,
                        0.43601012229919434,
                        -1.0441241264343262
                    ],
                    [
                        0.17500658333301544,
                        0.4657753109931946,
                        0.4856646656990051,
                        -0.9884408712387085
                    ],
                    [
                        0.19799666106700897,
                        0.5258234739303589,
                        0.4915408194065094,
                        -0.9432251453399658
                    ],
                    [
                        0.24230684340000153,
                        0.45339491963386536,
                        0.4099586606025696,
                        -0.9415115118026733
                    ],
                    [
                        0.2779063582420349,
                        0.5175704956054688,
                        0.3900033235549927,
                        -1.0331873893737793
                    ],
                    [
                        0.44635435938835144,
                        0.513788640499115,
                        0.357761025428772,
                        -1.0666460990905762
                    ],
                    [
                        0.4116082787513733,
                        0.5367034077644348,
                        0.40890559554100037,
                        -0.9316445589065552
                    ],
                    [
                        0.30883094668388367,
                        0.5031262636184692,
                        0.588434100151062,
                        -1.0541191101074219
                    ],
                    [
                        0.3122582733631134,
                        0.44811171293258667,
                        0.7000547051429749,
                        -0.97999107837677
                    ]
                ]
            ],
            "actions_pred": [
                [
                    [
                        0.06273233890533447,
                        0.15196877717971802,
                        0.23839178681373596,
                        0.30747073888778687,
                        0.46117621660232544,
                        0.5975624918937683,
                        0.5998091697692871,
                        0.6411318182945251,
                        0.45347484946250916,
                        0.48270899057388306,
                        0.42374205589294434,
                        0.19702696800231934,
                        0.17500658333301544,
                        0.19799666106700897,
                        0.24230684340000153,
                        0.2779063582420349,
                        0.44635435938835144,
                        0.4116082787513733,
                        0.30883094668388367,
                        0.3122582733631134
                    ],
                    [
                        0.1931850016117096,
                        0.2266433984041214,
                        0.254815936088562,
                        0.2901097536087036,
                        0.3515547811985016,
                        0.45817017555236816,
                        0.6048887372016907,
                        0.6155554056167603,
                        0.6209850311279297,
                        0.5004029870033264,
                        0.38804084062576294,
                        0.36260461807250977,
                        0.4657753109931946,
                        0.5258234739303589,
                        0.45339491963386536,
                        0.5175704956054688,
                        0.513788640499115,
                        0.5367034077644348,
                        0.5031262636184692,
                        0.44811171293258667
                    ],
                    [
                        0.21596667170524597,
                        0.4580875635147095,
                        0.3030371069908142,
                        0.34180572628974915,
                        0.08581076562404633,
                        0.2649059593677521,
                        0.3244798183441162,
                        0.43241673707962036,
                        0.28480005264282227,
                        0.5027332901954651,
                        0.4511149525642395,
                        0.43601012229919434,
                        0.4856646656990051,
                        0.4915408194065094,
                        0.4099586606025696,
                        0.3900033235549927,
                        0.357761025428772,
                        0.40890559554100037,
                        0.588434100151062,
                        0.7000547051429749
                    ],
                    [
                        -0.7419904470443726,
                        -0.7631299495697021,
                        -0.9474449157714844,
                        -1.0471932888031006,
                        -1.3768723011016846,
                        -1.4133535623550415,
                        -1.387060284614563,
                        -1.1614749431610107,
                        -1.1823487281799316,
                        -1.1042823791503906,
                        -1.1097538471221924,
                        -1.0441241264343262,
                        -0.9884408712387085,
                        -0.9432251453399658,
                        -0.9415115118026733,
                        -1.0331873893737793,
                        -1.0666460990905762,
                        -0.9316445589065552,
                        -1.0541191101074219,
                        -0.97999107837677
                    ]
                ]
            ],
            "states": [
                [
                    [
                        6630392.0,
                        1.589785097166896e-05,
                        0.0030998915899544954,
                        575874.875
                    ],
                    [
                        6756368.0,
                        1.5517740393988788e-05,
                        0.00046779168769717216,
                        548346.8125
                    ],
                    [
                        6252464.0,
                        1.5165252079896163e-05,
                        0.0003139808541163802,
                        592422.1875
                    ],
                    [
                        6275632.0,
                        1.4840703443042003e-05,
                        0.0002766261750366539,
                        580548.75
                    ],
                    [
                        5845576.0,
                        1.4539574294758495e-05,
                        0.00026207882910966873,
                        570513.0
                    ],
                    [
                        6198888.0,
                        1.4252340406528674e-05,
                        0.00027697221958078444,
                        604356.0
                    ],
                    [
                        4525000.0,
                        1.4005720004206523e-05,
                        0.00037561735371127725,
                        519198.90625
                    ],
                    [
                        4878312.0,
                        1.3796614439343102e-05,
                        0.000348972505889833,
                        533459.0
                    ],
                    [
                        4776952.0,
                        1.3588255569629837e-05,
                        0.000344088242854923,
                        588163.3125
                    ],
                    [
                        4878312.0,
                        1.3386117643676698e-05,
                        0.00030916635296307504,
                        571568.5625
                    ],
                    [
                        4407712.0,
                        1.3197249245422427e-05,
                        0.00029186115716584027,
                        549308.25
                    ],
                    [
                        4623464.0,
                        1.3018668141739909e-05,
                        0.00031188191496767104,
                        567697.8125
                    ],
                    [
                        5241760.0,
                        1.2829074876208324e-05,
                        0.0003927450452465564,
                        616835.375
                    ],
                    [
                        4287528.0,
                        1.2650972166738939e-05,
                        0.00034627493005245924,
                        586416.5625
                    ],
                    [
                        4679936.0,
                        1.248793432750972e-05,
                        0.00028098482289351523,
                        591184.1875
                    ],
                    [
                        4293320.0,
                        1.2328885532042477e-05,
                        0.0002829945588018745,
                        595186.25
                    ],
                    [
                        2884416.0,
                        1.2204491213196889e-05,
                        0.00027779326774179935,
                        581960.9375
                    ],
                    [
                        4042816.0,
                        1.2086934475519229e-05,
                        0.00029917724896222353,
                        651221.5
                    ],
                    [
                        4267256.0,
                        1.1948805877182167e-05,
                        0.00037997434264980257,
                        587955.875
                    ],
                    [
                        4659664.0,
                        1.1803908819274511e-05,
                        0.00029415389872156084,
                        593533.5625
                    ]
                ]
            ],
            "actions": [
                [
                    [
                        0.5
                    ],
                    [
                        0.5
                    ],
                    [
                        0.5
                    ],
                    [
                        0.5
                    ],
                    [
                        0.5
                    ],
                    [
                        0.5
                    ],
                    [
                        0.5
                    ],
                    [
                        0.5
                    ],
                    [
                        0.5
                    ],
                    [
                        0.5
                    ],
                    [
                        0.5
                    ],
                    [
                        0.5
                    ],
                    [
                        0.5
                    ],
                    [
                        0.5
                    ],
                    [
                        0.5
                    ],
                    [
                        0.5
                    ],
                    [
                        0.5
                    ],
                    [
                        0.5
                    ],
                    [
                        0.5
                    ],
                    [
                        0.5
                    ]
                ]
            ],
            "returns": [
                [
                    [
                        0.4322150647640228
                    ],
                    [
                        0.4312624931335449
                    ],
                    [
                        0.4303082525730133
                    ],
                    [
                        0.42936089634895325
                    ],
                    [
                        0.42841318249702454
                    ],
                    [
                        0.427471786737442
                    ],
                    [
                        0.42652517557144165
                    ],
                    [
                        0.42560648918151855
                    ],
                    [
                        0.4246810972690582
                    ],
                    [
                        0.4237576127052307
                    ],
                    [
                        0.4228322505950928
                    ],
                    [
                        0.42191585898399353
                    ],
                    [
                        0.4209952652454376
                    ],
                    [
                        0.4200635254383087
                    ],
                    [
                        0.41914960741996765
                    ],
                    [
                        0.4182279109954834
                    ],
                    [
                        0.4173138737678528
                    ],
                    [
                        0.4164350926876068
                    ],
                    [
                        0.4155263900756836
                    ],
                    [
                        0.41461288928985596
                    ]
                ]
            ],
            "timesteps": [
                [
                    160,
                    161,
                    162,
                    163,
                    164,
                    165,
                    166,
                    167,
                    168,
                    169,
                    170,
                    171,
                    172,
                    173,
                    174,
                    175,
                    176,
                    177,
                    178,
                    179
                ]
            ],
            "labels": [
                [
                    1,
                    1,
                    1,
                    1,
                    1,
                    1,
                    1,
                    1,
                    1,
                    1,
                    1,
                    1,
                    1,
                    1,
                    1,
                    1,
                    1,
                    1,
                    1,
                    1
                ]
            ],
            "CPU Usage": 45.4,
            "RAM Usage": 55.1,
            "GPU Usage": 0.0,
            "VRAM Usage": 355.0,
            "Disk Read Speed (MB/s)": 206066.4970703125,
            "Disk Write Speed (MB/s)": 368167.5830078125
        },
        {
            "step": 1,
            "train_loss": 0.03447557985782623,
            "actions_pred1": [
                [
                    [
                        0.3577669858932495,
                        0.4573795199394226,
                        0.6485786437988281,
                        -0.5444403290748596
                    ],
                    [
                        0.3664487600326538,
                        0.4880075454711914,
                        0.6689968109130859,
                        -0.5973408818244934
                    ],
                    [
                        0.3162710666656494,
                        0.5381246209144592,
                        0.7435543537139893,
                        -0.7452453374862671
                    ],
                    [
                        0.2084079086780548,
                        0.5609706044197083,
                        0.688281774520874,
                        -0.7500277757644653
                    ],
                    [
                        0.18953055143356323,
                        0.7387062907218933,
                        0.5874699354171753,
                        -0.813876748085022
                    ],
                    [
                        0.2841692566871643,
                        0.6305945515632629,
                        0.6328243017196655,
                        -0.7234362363815308
                    ],
                    [
                        0.4075210392475128,
                        0.6548123955726624,
                        0.5463731288909912,
                        -0.6458340883255005
                    ],
                    [
                        0.12336936593055725,
                        0.7271147966384888,
                        0.8413558602333069,
                        -0.6565046310424805
                    ],
                    [
                        0.09559157490730286,
                        0.7989267706871033,
                        0.92408686876297,
                        -0.6348810791969299
                    ],
                    [
                        -0.01023949682712555,
                        0.7424132823944092,
                        0.9377960562705994,
                        -0.6954724788665771
                    ],
                    [
                        -0.019802570343017578,
                        0.7684545516967773,
                        1.011573314666748,
                        -0.8380553722381592
                    ],
                    [
                        0.16369999945163727,
                        0.6371728777885437,
                        0.8431861996650696,
                        -0.6865203380584717
                    ],
                    [
                        0.17679829895496368,
                        0.5884171724319458,
                        0.8926376700401306,
                        -0.7769204378128052
                    ],
                    [
                        0.10734158754348755,
                        0.4790772795677185,
                        0.9095290899276733,
                        -0.7098903656005859
                    ],
                    [
                        0.2705570459365845,
                        0.6391832828521729,
                        0.8467090725898743,
                        -0.804099440574646
                    ],
                    [
                        0.28214824199676514,
                        0.5834110975265503,
                        0.6542760729789734,
                        -0.623752236366272
                    ],
                    [
                        0.3415411114692688,
                        0.6271271705627441,
                        0.6185333728790283,
                        -0.5705335140228271
                    ],
                    [
                        0.36732417345046997,
                        0.601718544960022,
                        0.5957832932472229,
                        -0.6101872324943542
                    ],
                    [
                        0.5084352493286133,
                        0.5923726558685303,
                        0.7151835560798645,
                        -0.6757781505584717
                    ],
                    [
                        0.3589293658733368,
                        0.693965494632721,
                        0.6940872669219971,
                        -0.6701681613922119
                    ]
                ]
            ],
            "actions_pred": [
                [
                    [
                        0.3577669858932495,
                        0.3664487600326538,
                        0.3162710666656494,
                        0.2084079086780548,
                        0.18953055143356323,
                        0.2841692566871643,
                        0.4075210392475128,
                        0.12336936593055725,
                        0.09559157490730286,
                        -0.01023949682712555,
                        -0.019802570343017578,
                        0.16369999945163727,
                        0.17679829895496368,
                        0.10734158754348755,
                        0.2705570459365845,
                        0.28214824199676514,
                        0.3415411114692688,
                        0.36732417345046997,
                        0.5084352493286133,
                        0.3589293658733368
                    ],
                    [
                        0.4573795199394226,
                        0.4880075454711914,
                        0.5381246209144592,
                        0.5609706044197083,
                        0.7387062907218933,
                        0.6305945515632629,
                        0.6548123955726624,
                        0.7271147966384888,
                        0.7989267706871033,
                        0.7424132823944092,
                        0.7684545516967773,
                        0.6371728777885437,
                        0.5884171724319458,
                        0.4790772795677185,
                        0.6391832828521729,
                        0.5834110975265503,
                        0.6271271705627441,
                        0.601718544960022,
                        0.5923726558685303,
                        0.693965494632721
                    ],
                    [
                        0.6485786437988281,
                        0.6689968109130859,
                        0.7435543537139893,
                        0.688281774520874,
                        0.5874699354171753,
                        0.6328243017196655,
                        0.5463731288909912,
                        0.8413558602333069,
                        0.92408686876297,
                        0.9377960562705994,
                        1.011573314666748,
                        0.8431861996650696,
                        0.8926376700401306,
                        0.9095290899276733,
                        0.8467090725898743,
                        0.6542760729789734,
                        0.6185333728790283,
                        0.5957832932472229,
                        0.7151835560798645,
                        0.6940872669219971
                    ],
                    [
                        -0.5444403290748596,
                        -0.5973408818244934,
                        -0.7452453374862671,
                        -0.7500277757644653,
                        -0.813876748085022,
                        -0.7234362363815308,
                        -0.6458340883255005,
                        -0.6565046310424805,
                        -0.6348810791969299,
                        -0.6954724788665771,
                        -0.8380553722381592,
                        -0.6865203380584717,
                        -0.7769204378128052,
                        -0.7098903656005859,
                        -0.804099440574646,
                        -0.623752236366272,
                        -0.5705335140228271,
                        -0.6101872324943542,
                        -0.6757781505584717,
                        -0.6701681613922119
                    ]
                ]
            ],
            "states": [
                [
                    [
                        5847024.0,
                        7.17427474228316e-06,
                        0.0002797465131152421,
                        862261.25
                    ],
                    [
                        5130264.0,
                        7.109771104296669e-06,
                        0.00027696648612618446,
                        791462.9375
                    ],
                    [
                        5460408.0,
                        7.0486535150848795e-06,
                        0.0002747685939539224,
                        848104.9375
                    ],
                    [
                        5159224.0,
                        6.988396307860967e-06,
                        0.000255326071055606,
                        826896.4375
                    ],
                    [
                        5280856.0,
                        6.9301599978643935e-06,
                        0.0002729953557718545,
                        850071.375
                    ],
                    [
                        5415520.0,
                        6.871501227578847e-06,
                        0.00026464968686923385,
                        894284.875
                    ],
                    [
                        5138952.0,
                        6.81457140672137e-06,
                        0.000260901142610237,
                        824406.5
                    ],
                    [
                        5364840.0,
                        6.758851213817252e-06,
                        0.00026091569452546537,
                        837380.25
                    ],
                    [
                        8605643.0,
                        0.0036125751212239265,
                        0.0002766261750366539,
                        462352.0625
                    ],
                    [
                        10015816.0,
                        0.00033437556703574955,
                        0.00026207882910966873,
                        482968.0625
                    ],
                    [
                        7806168.0,
                        0.00019468956452328712,
                        0.00027697221958078444,
                        473153.5
                    ],
                    [
                        6004856.0,
                        0.00014804340025875717,
                        0.00037561735371127725,
                        563905.9375
                    ],
                    [
                        3835752.0,
                        0.00012653775047510862,
                        0.000348972505889833,
                        546822.625
                    ],
                    [
                        693592.0,
                        0.00011859468213515356,
                        0.000344088242854923,
                        536207.0
                    ],
                    [
                        1136680.0,
                        0.00011570940841920674,
                        0.00030916635296307504,
                        532932.75
                    ],
                    [
                        755856.0,
                        0.0001128598305513151,
                        0.00029186115716584027,
                        668301.125
                    ],
                    [
                        573408.0,
                        0.00011094257206423208,
                        0.00031188191496767104,
                        741689.6875
                    ],
                    [
                        432952.0,
                        0.0001095341140171513,
                        0.0003927450452465564,
                        678985.1875
                    ],
                    [
                        1216320.0,
                        0.00010730996291385964,
                        0.00034627493005245924,
                        618105.1875
                    ],
                    [
                        4131144.0,
                        0.00010072957229567692,
                        0.00028098482289351523,
                        571491.4375
                    ]
                ]
            ],
            "actions": [
                [
                    [
                        0.75
                    ],
                    [
                        0.75
                    ],
                    [
                        0.75
                    ],
                    [
                        0.75
                    ],
                    [
                        0.75
                    ],
                    [
                        0.75
                    ],
                    [
                        0.75
                    ],
                    [
                        0.75
                    ],
                    [
                        0.5
                    ],
                    [
                        0.5
                    ],
                    [
                        0.5
                    ],
                    [
                        0.5
                    ],
                    [
                        0.5
                    ],
                    [
                        0.5
                    ],
                    [
                        0.5
                    ],
                    [
                        0.5
                    ],
                    [
                        0.5
                    ],
                    [
                        0.5
                    ],
                    [
                        0.5
                    ],
                    [
                        0.5
                    ]
                ]
            ],
            "returns": [
                [
                    [
                        0.48685410618782043
                    ],
                    [
                        0.4859126806259155
                    ],
                    [
                        0.48498284816741943
                    ],
                    [
                        0.4840475022792816
                    ],
                    [
                        0.48311716318130493
                    ],
                    [
                        0.4821847677230835
                    ],
                    [
                        0.481250137090683
                    ],
                    [
                        0.48032015562057495
                    ],
                    [
                        0.4793863594532013
                    ],
                    [
                        0.47841066122055054
                    ],
                    [
                        0.47742152214050293
                    ],
                    [
                        0.4764544665813446
                    ],
                    [
                        0.47551068663597107
                    ],
                    [
                        0.47460663318634033
                    ],
                    [
                        0.4738542139530182
                    ],
                    [
                        0.47305798530578613
                    ],
                    [
                        0.4722979664802551
                    ],
                    [
                        0.47156238555908203
                    ],
                    [
                        0.47085174918174744
                    ],
                    [
                        0.47004953026771545
                    ]
                ]
            ],
            "timesteps": [
                [
                    100,
                    101,
                    102,
                    103,
                    104,
                    105,
                    106,
                    107,
                    108,
                    109,
                    110,
                    111,
                    112,
                    113,
                    114,
                    115,
                    116,
                    117,
                    118,
                    119
                ]
            ],
            "labels": [
                [
                    2,
                    2,
                    2,
                    2,
                    2,
                    2,
                    2,
                    2,
                    1,
                    1,
                    1,
                    1,
                    1,
                    1,
                    1,
                    1,
                    1,
                    1,
                    1,
                    1
                ]
            ],
            "CPU Usage": 46.7,
            "RAM Usage": 55.3,
            "GPU Usage": 0.0,
            "VRAM Usage": 355.0,
            "Disk Read Speed (MB/s)": 206066.4970703125,
            "Disk Write Speed (MB/s)": 368167.6337890625
        },
        {
            "step": 2,
            "train_loss": 0.03839121013879776,
            "actions_pred1": [
                [
                    [
                        0.47146379947662354,
                        0.16296152770519257,
                        0.46352100372314453,
                        -0.45991021394729614
                    ],
                    [
                        0.36226505041122437,
                        0.3934100866317749,
                        0.6742157936096191,
                        -0.3601692318916321
                    ],
                    [
                        0.3035396337509155,
                        0.5443600416183472,
                        0.6420240998268127,
                        -0.46322011947631836
                    ],
                    [
                        0.3098795413970947,
                        0.532556414604187,
                        0.6637446284294128,
                        -0.4824593961238861
                    ],
                    [
                        0.3588683307170868,
                        0.5886679887771606,
                        0.6749175786972046,
                        -0.542670726776123
                    ],
                    [
                        0.4178033471107483,
                        0.5114337801933289,
                        0.5682049989700317,
                        -0.5903017520904541
                    ],
                    [
                        0.47173842787742615,
                        0.5944718718528748,
                        0.652050256729126,
                        -0.686122715473175
                    ],
                    [
                        0.47717416286468506,
                        0.5522339344024658,
                        0.5964736938476562,
                        -0.64536452293396
                    ],
                    [
                        0.3543209433555603,
                        0.4719918966293335,
                        0.673556387424469,
                        -0.7014682292938232
                    ],
                    [
                        0.35855621099472046,
                        0.5486504435539246,
                        0.7188693284988403,
                        -0.7315571308135986
                    ],
                    [
                        0.2405817210674286,
                        0.4153236746788025,
                        0.8054702281951904,
                        -0.8836948871612549
                    ],
                    [
                        0.16133101284503937,
                        0.4370930790901184,
                        0.6882514357566833,
                        -0.957836389541626
                    ],
                    [
                        0.18812109529972076,
                        0.4850090444087982,
                        0.6663510799407959,
                        -0.8691158294677734
                    ],
                    [
                        0.22854959964752197,
                        0.5322432518005371,
                        0.7301005125045776,
                        -0.7703341245651245
                    ],
                    [
                        0.08840395510196686,
                        0.28239455819129944,
                        0.7107765674591064,
                        -0.9361487627029419
                    ],
                    [
                        0.22297923266887665,
                        0.26398077607154846,
                        0.6670408248901367,
                        -0.8996400833129883
                    ],
                    [
                        0.21075955033302307,
                        0.37740468978881836,
                        0.7097978591918945,
                        -0.93581622838974
                    ],
                    [
                        0.20953992009162903,
                        0.4710511863231659,
                        0.6137617826461792,
                        -0.7941994667053223
                    ],
                    [
                        0.299270898103714,
                        0.4632623493671417,
                        0.7338140606880188,
                        -0.8424431085586548
                    ],
                    [
                        0.29022884368896484,
                        0.4817878007888794,
                        0.7054792046546936,
                        -0.8501273989677429
                    ]
                ]
            ],
            "actions_pred": [
                [
                    [
                        0.47146379947662354,
                        0.36226505041122437,
                        0.3035396337509155,
                        0.3098795413970947,
                        0.3588683307170868,
                        0.4178033471107483,
                        0.47173842787742615,
                        0.47717416286468506,
                        0.3543209433555603,
                        0.35855621099472046,
