{
    "steps": [
        {
            "step": 0,
            "train_loss": 0.02175852842628956,
            "actions_pred1": [
                [
                    [
                        2.3614768981933594,
                        1.9258813858032227,
                        2.6196744441986084,
                        -4.694380760192871
                    ],
                    [
                        2.1818385124206543,
                        1.7696235179901123,
                        2.6347079277038574,
                        -4.874491214752197
                    ],
                    [
                        2.4346697330474854,
                        2.3657021522521973,
                        2.4855685234069824,
                        -4.657048225402832
                    ],
                    [
                        2.5176618099212646,
                        2.307358503341675,
                        2.4168052673339844,
                        -4.885311126708984
                    ],
                    [
                        2.7931394577026367,
                        1.9163981676101685,
                        2.479346990585327,
                        -5.761314392089844
                    ],
                    [
                        2.837435245513916,
                        1.5503857135772705,
                        2.365483522415161,
                        -5.849687099456787
                    ],
                    [
                        2.945143938064575,
                        1.351050853729248,
                        2.3655011653900146,
                        -6.191836833953857
                    ],
                    [
                        2.8704593181610107,
                        1.5004833936691284,
                        2.482234477996826,
                        -6.336328506469727
                    ],
                    [
                        3.3053925037384033,
                        1.4791706800460815,
                        2.704195022583008,
                        -6.81047248840332
                    ],
                    [
                        3.185239553451538,
                        1.8305370807647705,
                        2.4414453506469727,
                        -6.356950283050537
                    ],
                    [
                        3.0849967002868652,
                        1.6699585914611816,
                        2.152385711669922,
                        -6.684102535247803
                    ],
                    [
                        3.0588181018829346,
                        1.0855250358581543,
                        2.2830593585968018,
                        -6.356888294219971
                    ],
                    [
                        2.8841986656188965,
                        1.2982110977172852,
                        2.543207883834839,
                        -6.2269768714904785
                    ],
                    [
                        2.900240659713745,
                        1.264812707901001,
                        2.4771480560302734,
                        -6.099985122680664
                    ],
                    [
                        2.9622325897216797,
                        1.4344301223754883,
                        2.4559450149536133,
                        -6.144758224487305
                    ],
                    [
                        2.9231419563293457,
                        1.0886696577072144,
                        2.4013900756835938,
                        -6.216062545776367
                    ],
                    [
                        2.6896421909332275,
                        1.0137172937393188,
                        2.5397980213165283,
                        -6.224376678466797
                    ],
                    [
                        2.8468539714813232,
                        1.1695640087127686,
                        2.30023193359375,
                        -6.065324783325195
                    ],
                    [
                        2.9553592205047607,
                        1.2666847705841064,
                        2.458927631378174,
                        -6.225042343139648
                    ],
                    [
                        2.921846389770508,
                        1.5814062356948853,
                        2.3536198139190674,
                        -6.674168586730957
                    ]
                ]
            ],
            "actions_pred": [
                [
                    [
                        2.3614768981933594,
                        2.1818385124206543,
                        2.4346697330474854,
                        2.5176618099212646,
                        2.7931394577026367,
                        2.837435245513916,
                        2.945143938064575,
                        2.8704593181610107,
                        3.3053925037384033,
                        3.185239553451538,
                        3.0849967002868652,
                        3.0588181018829346,
                        2.8841986656188965,
                        2.900240659713745,
                        2.9622325897216797,
                        2.9231419563293457,
                        2.6896421909332275,
                        2.8468539714813232,
                        2.9553592205047607,
                        2.921846389770508
                    ],
                    [
                        1.9258813858032227,
                        1.7696235179901123,
                        2.3657021522521973,
                        2.307358503341675,
                        1.9163981676101685,
                        1.5503857135772705,
                        1.351050853729248,
                        1.5004833936691284,
                        1.4791706800460815,
                        1.8305370807647705,
                        1.6699585914611816,
                        1.0855250358581543,
                        1.2982110977172852,
                        1.264812707901001,
                        1.4344301223754883,
                        1.0886696577072144,
                        1.0137172937393188,
                        1.1695640087127686,
                        1.2666847705841064,
                        1.5814062356948853
                    ],
                    [
                        2.6196744441986084,
                        2.6347079277038574,
                        2.4855685234069824,
                        2.4168052673339844,
                        2.479346990585327,
                        2.365483522415161,
                        2.3655011653900146,
                        2.482234477996826,
                        2.704195022583008,
                        2.4414453506469727,
                        2.152385711669922,
                        2.2830593585968018,
                        2.543207883834839,
                        2.4771480560302734,
                        2.4559450149536133,
                        2.4013900756835938,
                        2.5397980213165283,
                        2.30023193359375,
                        2.458927631378174,
                        2.3536198139190674
                    ],
                    [
                        -4.694380760192871,
                        -4.874491214752197,
                        -4.657048225402832,
                        -4.885311126708984,
                        -5.761314392089844,
                        -5.849687099456787,
                        -6.191836833953857,
                        -6.336328506469727,
                        -6.81047248840332,
                        -6.356950283050537,
                        -6.684102535247803,
                        -6.356888294219971,
                        -6.2269768714904785,
                        -6.099985122680664,
                        -6.144758224487305,
                        -6.216062545776367,
                        -6.224376678466797,
                        -6.065324783325195,
                        -6.225042343139648,
                        -6.674168586730957
                    ]
                ]
            ],
            "states": [
                [
                    [
                        195480.0,
                        0.00017859364743344486,
                        0.0014523763675242662,
                        455306.15625
                    ],
                    [
                        224440.0,
                        0.00017706550715956837,
                        0.0012122188927605748,
                        199210.375
                    ],
                    [
                        260640.0,
                        0.00017533254867885262,
                        0.0010567386634647846,
                        291813.4375
                    ],
                    [
                        231680.0,
                        0.00017360733181703836,
                        0.0010331012308597565,
                        619352.5625
                    ],
                    [
                        201272.0,
                        0.00017211795784533024,
                        0.0008577806875109673,
                        757621.5
                    ],
                    [
                        233128.0,
                        0.0001706496550468728,
                        0.002856994280591607,
                        402371.75
                    ],
                    [
                        238920.0,
                        0.00016908197721932083,
                        0.005327177233994007,
                        418626.09375
                    ],
                    [
                        185344.0,
                        0.00016769685316830873,
                        0.006734849885106087,
                        490648.125
                    ],
                    [
                        205616.0,
                        0.000166440979228355,
                        0.008968048729002476,
                        304516.78125
                    ],
                    [
                        195480.0,
                        0.00016517171752639115,
                        0.00019177634385414422,
                        553446.625
                    ],
                    [
                        202720.0,
                        0.00016393074474763125,
                        0.0001491233124397695,
                        853423.1875
                    ],
                    [
                        209960.0,
                        0.00016266417514998466,
                        0.0002625611668918282,
                        298799.9375
                    ],
                    [
                        209960.0,
                        0.0001613952626939863,
                        0.0004885925445705652,
                        376011.875
                    ],
                    [
                        144800.0,
                        0.00016033815336413682,
                        0.0010367168579250574,
                        94745.609375
                    ],
                    [
                        246160.0,
                        0.00015919026918709278,
                        0.0028569940477609634,
                        223245.734375
                    ],
                    [
                        253400.0,
                        0.000157746413606219,
                        0.005327177233994007,
                        267948.78125
                    ],
                    [
                        296840.0,
                        0.00015618640463799238,
                        0.006734849885106087,
                        291045.46875
                    ],
                    [
                        340280.0,
                        0.0001544181868666783,
                        0.008968048729002476,
                        376205.125
                    ],
                    [
                        405440.0,
                        0.0001523990067653358,
                        0.010990988463163376,
                        467932.84375
                    ],
                    [
                        463360.0,
                        0.0001501120423199609,
                        0.011323424987494946,
                        301846.5
                    ]
                ]
            ],
            "actions": [
                [
                    [
                        0.25
                    ],
                    [
                        0.25
                    ],
                    [
                        0.25
                    ],
                    [
                        0.25
                    ],
                    [
                        0.25
                    ],
                    [
                        0.25
                    ],
                    [
                        0.25
                    ],
                    [
                        0.25
                    ],
                    [
                        0.25
                    ],
                    [
                        0.25
                    ],
                    [
                        0.25
                    ],
                    [
                        0.25
                    ],
                    [
                        0.25
                    ],
                    [
                        0.25
                    ],
                    [
                        0.25
                    ],
                    [
                        0.25
                    ],
                    [
                        0.25
                    ],
                    [
                        0.25
                    ],
                    [
                        0.25
                    ],
                    [
                        0.25
                    ]
                ]
            ],
            "returns": [
                [
                    [
                        0.0820998102426529
                    ],
                    [
                        0.0814596638083458
                    ],
                    [
                        0.08080726861953735
                    ],
                    [
                        0.08014161884784698
                    ],
                    [
                        0.0794864147901535
                    ],
                    [
                        0.07884368300437927
                    ],
                    [
                        0.07818792015314102
                    ],
                    [
                        0.07752998173236847
                    ],
                    [
                        0.07689455896615982
                    ],
                    [
                        0.07624993473291397
                    ],
                    [
                        0.07560978829860687
                    ],
                    [
                        0.0749664157629013
                    ],
                    [
                        0.07431993633508682
                    ],
                    [
                        0.07367345690727234
                    ],
                    [
                        0.07305991649627686
                    ],
                    [
                        0.0723993331193924
                    ],
                    [
                        0.07173618674278259
                    ],
                    [
                        0.07105900347232819
                    ],
                    [
                        0.07036971300840378
                    ],
                    [
                        0.06966488808393478
                    ]
                ]
            ],
            "timesteps": [
                [
                    540,
                    541,
                    542,
                    543,
                    544,
                    545,
                    546,
                    547,
                    548,
                    549,
                    550,
                    551,
                    552,
                    553,
                    554,
                    555,
                    556,
                    557,
                    558,
                    559
                ]
            ],
            "labels": [
                [
                    0,
                    0,
                    0,
                    0,
                    0,
                    0,
                    0,
                    0,
                    0,
                    0,
                    0,
                    0,
                    0,
                    0,
                    0,
                    0,
                    0,
                    0,
                    0,
                    0
                ]
            ],
            "CPU Usage": 45.7,
            "RAM Usage": 54.9,
            "GPU Usage": 0.0,
            "VRAM Usage": 355.0,
            "Disk Read Speed (MB/s)": 206646.8037109375,
            "Disk Write Speed (MB/s)": 420877.5478515625
        },
        {
            "step": 1,
            "train_loss": 0.021397920325398445,
            "actions_pred1": [
                [
                    [
                        1.1818004846572876,
                        1.2740145921707153,
                        2.289583444595337,
                        -3.7064313888549805
                    ],
                    [
                        1.384985089302063,
                        0.8864790797233582,
                        2.1185500621795654,
                        -3.319749593734741
                    ],
                    [
                        1.5613020658493042,
                        0.7336002588272095,
                        2.2087550163269043,
                        -3.5548453330993652
                    ],
                    [
                        1.8249602317810059,
                        0.6457528471946716,
                        2.324136734008789,
                        -3.5625531673431396
                    ],
                    [
                        2.1826086044311523,
                        0.5294308662414551,
                        2.465276002883911,
                        -3.769965648651123
                    ],
                    [
                        2.3435699939727783,
                        0.6384397745132446,
                        2.4040298461914062,
                        -3.863760232925415
                    ],
                    [
                        2.20304012298584,
                        0.7284287214279175,
                        2.3419861793518066,
                        -3.8900249004364014
                    ],
                    [
                        2.242124557495117,
                        0.6602199077606201,
                        2.1882240772247314,
                        -4.158450126647949
                    ],
                    [
                        2.241020917892456,
                        0.6068621873855591,
                        2.2355048656463623,
                        -4.452802658081055
                    ],
                    [
                        2.932706832885742,
                        0.9694024920463562,
                        2.6401801109313965,
                        -5.3103928565979
                    ],
                    [
                        3.589211940765381,
                        1.3359723091125488,
                        2.8212814331054688,
                        -5.56938362121582
                    ],
                    [
                        3.7131645679473877,
                        1.264777421951294,
                        2.6047918796539307,
                        -5.516981601715088
                    ],
                    [
                        3.6811296939849854,
                        1.470329999923706,
                        2.632537841796875,
                        -5.671403884887695
                    ],
                    [
                        3.4921927452087402,
                        1.3448090553283691,
                        2.7817728519439697,
                        -5.373804092407227
                    ],
                    [
                        3.5253734588623047,
                        1.186683177947998,
                        2.5727860927581787,
                        -5.638370990753174
                    ],
                    [
                        3.773468494415283,
                        1.2185077667236328,
                        2.5499486923217773,
                        -5.815802097320557
                    ],
                    [
                        3.754854202270508,
                        1.3413758277893066,
                        2.7424874305725098,
                        -5.9902191162109375
                    ],
                    [
                        4.251562118530273,
                        1.457346796989441,
                        3.0487468242645264,
                        -6.329484939575195
                    ],
                    [
                        4.328061103820801,
                        1.4531786441802979,
                        2.9542253017425537,
                        -6.423104763031006
                    ],
                    [
                        4.216309070587158,
                        1.4315307140350342,
                        3.2025957107543945,
                        -6.229476451873779
                    ]
                ]
            ],
            "actions_pred": [
                [
                    [
                        1.1818004846572876,
                        1.384985089302063,
                        1.5613020658493042,
                        1.8249602317810059,
                        2.1826086044311523,
                        2.3435699939727783,
                        2.20304012298584,
                        2.242124557495117,
                        2.241020917892456,
                        2.932706832885742,
                        3.589211940765381,
                        3.7131645679473877,
                        3.6811296939849854,
                        3.4921927452087402,
                        3.5253734588623047,
                        3.773468494415283,
                        3.754854202270508,
                        4.251562118530273,
                        4.328061103820801,
                        4.216309070587158
                    ],
                    [
                        1.2740145921707153,
                        0.8864790797233582,
                        0.7336002588272095,
                        0.6457528471946716,
                        0.5294308662414551,
                        0.6384397745132446,
                        0.7284287214279175,
                        0.6602199077606201,
                        0.6068621873855591,
                        0.9694024920463562,
                        1.3359723091125488,
                        1.264777421951294,
                        1.470329999923706,
                        1.3448090553283691,
                        1.186683177947998,
                        1.2185077667236328,
                        1.3413758277893066,
                        1.457346796989441,
                        1.4531786441802979,
                        1.4315307140350342
                    ],
                    [
                        2.289583444595337,
                        2.1185500621795654,
                        2.2087550163269043,
                        2.324136734008789,
                        2.465276002883911,
                        2.4040298461914062,
                        2.3419861793518066,
                        2.1882240772247314,
                        2.2355048656463623,
                        2.6401801109313965,
                        2.8212814331054688,
                        2.6047918796539307,
                        2.632537841796875,
                        2.7817728519439697,
                        2.5727860927581787,
                        2.5499486923217773,
                        2.7424874305725098,
                        3.0487468242645264,
                        2.9542253017425537,
                        3.2025957107543945
                    ],
                    [
                        -3.7064313888549805,
                        -3.319749593734741,
                        -3.5548453330993652,
                        -3.5625531673431396,
                        -3.769965648651123,
                        -3.863760232925415,
                        -3.8900249004364014,
                        -4.158450126647949,
                        -4.452802658081055,
                        -5.3103928565979,
                        -5.56938362121582,
                        -5.516981601715088,
                        -5.671403884887695,
                        -5.373804092407227,
                        -5.638370990753174,
                        -5.815802097320557,
                        -5.9902191162109375,
                        -6.329484939575195,
                        -6.423104763031006,
                        -6.229476451873779
                    ]
                ]
            ],
            "states": [
                [
                    [
                        1715880.0,
                        9.430604404769838e-05,
                        0.0053657107055187225,
                        470709.75
                    ],
                    [
                        1967832.0,
                        9.068279905477539e-05,
                        0.004402399994432926,
                        434480.75
                    ],
                    [
                        2130008.0,
                        8.69646537466906e-05,
                        0.004303366411477327,
                        508551.15625
                    ],
                    [
                        2267568.0,
                        8.329902630066499e-05,
                        0.003460775362327695,
                        467240.71875
                    ],
                    [
                        2448568.0,
                        7.969679427333176e-05,
                        0.003044134471565485,
                        537034.5
                    ],
                    [
                        2646944.0,
                        7.613936031702906e-05,
                        0.00288664479739964,
                        500456.03125
                    ],
                    [
                        1710088.0,
                        7.333141547860578e-05,
                        0.0027106136549264193,
                        490357.90625
                    ],
                    [
                        2580336.0,
                        7.077431655488908e-05,
                        0.0027518118731677532,
                        546850.6875
                    ],
                    [
                        2927856.0,
                        6.773720087949187e-05,
                        0.0026009255088865757,
                        496203.71875
                    ],
                    [
                        3168224.0,
                        6.466506602009758e-05,
                        0.002423960482701659,
                        507070.15625
                    ],
                    [
                        3505608.0,
                        6.160674092825502e-05,
                        0.002274049213156104,
                        516057.96875
                    ],
                    [
                        3553392.0,
                        5.866973879165016e-05,
                        0.0023237415589392185,
                        471484.09375
                    ],
                    [
                        4039920.0,
                        5.581038931268267e-05,
                        0.0021793735213577747,
                        501229.875
                    ],
                    [
                        4028336.0,
                        5.305969170876779e-05,
                        0.002523052040487528,
                        561908.75
                    ],
                    [
                        4312144.0,
                        5.04888485011179e-05,
                        0.002231767401099205,
                        502897.96875
                    ],
                    [
                        4776952.0,
                        4.795741187990643e-05,
                        0.0032643231097608805,
                        459673.25
                    ],
                    [
                        4743648.0,
                        4.5562293962575495e-05,
                        0.0020812072325497866,
                        515212.4375
                    ],
                    [
                        2971296.0,
                        4.3785152229247615e-05,
                        0.0015903349267318845,
                        502955.46875
                    ],
                    [
                        4981120.0,
                        4.21030999859795e-05,
                        0.0016534600872546434,
                        511202.4375
                    ],
                    [
                        4962296.0,
                        4.016688762931153e-05,
                        0.0014106292510405183,
                        493895.1875
                    ]
                ]
            ],
            "actions": [
                [
                    [
                        0.25
                    ],
                    [
                        0.25
                    ],
                    [
                        0.25
                    ],
                    [
                        0.25
                    ],
                    [
                        0.25
                    ],
                    [
                        0.25
                    ],
                    [
                        0.25
                    ],
                    [
                        0.25
                    ],
                    [
                        0.25
                    ],
                    [
                        0.25
                    ],
                    [
                        0.25
                    ],
                    [
                        0.25
                    ],
                    [
                        0.25
                    ],
                    [
                        0.25
                    ],
                    [
                        0.25
                    ],
                    [
                        0.25
                    ],
                    [
                        0.25
                    ],
                    [
                        0.25
                    ],
                    [
                        0.25
                    ],
                    [
                        0.25
                    ]
                ]
            ],
            "returns": [
                [
                    [
                        0.053779877722263336
                    ],
                    [
                        0.05294714868068695
                    ],
                    [
                        0.05210227146744728
                    ],
                    [
                        0.05125037208199501
                    ],
                    [
                        0.05039292573928833
                    ],
                    [
                        0.04952867329120636
                    ],
                    [
                        0.04865751042962074
                    ],
                    [
                        0.047825079411268234
                    ],
                    [
                        0.046956177800893784
                    ],
                    [
                        0.04607607424259186
                    ],
                    [
                        0.04518897458910942
                    ],
                    [
                        0.04429290443658829
                    ],
                    [
                        0.04339563474059105
                    ],
                    [
                        0.04248698428273201
                    ],
                    [
                        0.04157859459519386
                    ],
                    [
                        0.04066416248679161
                    ],
                    [
                        0.039740659296512604
                    ],
                    [
                        0.03881777450442314
                    ],
                    [
                        0.037936363369226456
                    ],
                    [
                        0.03700914978981018
                    ]
                ]
            ],
            "timesteps": [
                [
                    580,
                    581,
                    582,
                    583,
                    584,
                    585,
                    586,
                    587,
                    588,
                    589,
                    590,
                    591,
                    592,
                    593,
                    594,
                    595,
                    596,
                    597,
                    598,
                    599
                ]
            ],
            "labels": [
                [
                    0,
                    0,
                    0,
                    0,
                    0,
                    0,
                    0,
                    0,
                    0,
                    0,
                    0,
                    0,
                    0,
                    0,
                    0,
                    0,
                    0,
                    0,
                    0,
                    0
                ]
            ],
            "CPU Usage": 46.7,
            "RAM Usage": 55.1,
            "GPU Usage": 0.0,
            "VRAM Usage": 355.0,
            "Disk Read Speed (MB/s)": 206646.8037109375,
            "Disk Write Speed (MB/s)": 420877.6142578125
        },
        {
            "step": 2,
            "train_loss": 0.0074453204870224,
            "actions_pred1": [
                [
                    [
                        1.6659398078918457,
                        1.2454029321670532,
                        3.5378024578094482,
                        -2.799138069152832
                    ],
                    [
                        0.6744099855422974,
                        1.358170747756958,
                        3.768558979034424,
                        -3.6477298736572266
                    ],
                    [
                        0.6794149875640869,
                        1.184526801109314,
                        3.5015223026275635,
                        -4.086901664733887
                    ],
                    [
                        0.9282573461532593,
                        1.0955743789672852,
                        3.3304996490478516,
                        -4.681118011474609
                    ],
                    [
                        1.103736400604248,
                        1.289616584777832,
                        3.3049540519714355,
                        -4.720572471618652
                    ],
                    [
                        1.619847297668457,
                        1.147144079208374,
                        3.223581314086914,
                        -5.208327293395996
                    ],
                    [
                        1.3659110069274902,
                        0.7632951736450195,
                        3.0632264614105225,
                        -5.065191745758057
                    ],
                    [
                        1.364308476448059,
                        0.7376456260681152,
                        3.0895934104919434,
                        -5.054957389831543
                    ],
                    [
                        1.3720412254333496,
                        0.7578240036964417,
                        3.078883171081543,
                        -4.894590377807617
                    ],
                    [
                        1.4984967708587646,
                        0.6822949647903442,
                        3.072068452835083,
                        -5.046436309814453
                    ],
                    [
                        1.5414962768554688,
                        0.8001299500465393,
                        3.3659019470214844,
                        -5.103213310241699
                    ],
                    [
                        1.7773010730743408,
                        0.44955357909202576,
                        3.4339101314544678,
                        -5.384690284729004
                    ],
                    [
                        1.5996532440185547,
                        0.20092980563640594,
                        3.4676337242126465,
                        -5.108527660369873
                    ],
                    [
                        1.670494794845581,
                        0.4096184968948364,
                        3.515781879425049,
                        -5.341991901397705
                    ],
                    [
                        1.7889751195907593,
                        0.445380836725235,
                        3.376560688018799,
                        -5.227414131164551
                    ],
                    [
                        1.9888923168182373,
                        0.45384424924850464,
                        3.1905581951141357,
                        -5.181293487548828
                    ],
                    [
                        2.225682497024536,
                        0.40513163805007935,
                        3.458418369293213,
                        -5.386451721191406
                    ],
                    [
                        2.3936963081359863,
                        0.765333890914917,
                        3.569185495376587,
                        -5.708757400512695
                    ],
                    [
                        2.2416832447052,
                        0.7060213088989258,
                        3.42417311668396,
                        -5.59202766418457
                    ],
                    [
                        2.3380398750305176,
                        0.7776966691017151,
                        3.4861111640930176,
                        -5.498652458190918
                    ]
                ]
            ],
            "actions_pred": [
                [
                    [
                        1.6659398078918457,
                        0.6744099855422974,
                        0.6794149875640869,
                        0.9282573461532593,
                        1.103736400604248,
                        1.619847297668457,
                        1.3659110069274902,
                        1.364308476448059,
                        1.3720412254333496,
                        1.4984967708587646,
                        1.5414962768554688,
                        1.7773010730743408,
                        1.5996532440185547,
                        1.670494794845581,
                        1.7889751195907593,
                        1.9888923168182373,
