{
    "steps": [
        {
            "step": 0,
            "train_loss": 0.020242374390363693,
            "actions_pred1": [
                [
                    [
                        0.05715354532003403,
                        0.6830705404281616,
                        1.4371318817138672,
                        -1.1777763366699219
                    ],
                    [
                        0.034241341054439545,
                        0.6526493430137634,
                        1.4170141220092773,
                        -1.204785943031311
                    ],
                    [
                        0.09803063422441483,
                        0.69281005859375,
                        1.337936282157898,
                        -1.2996470928192139
                    ],
                    [
                        0.13767266273498535,
                        0.5469261407852173,
                        1.2453341484069824,
                        -1.522409200668335
                    ],
                    [
                        0.2748600244522095,
                        0.5188008546829224,
                        1.2649786472320557,
                        -1.5819175243377686
                    ],
                    [
                        0.25749021768569946,
                        0.5072505474090576,
                        1.2200088500976562,
                        -1.5352566242218018
                    ],
                    [
                        0.2389194369316101,
                        0.8107722401618958,
                        1.1550675630569458,
                        -1.5479538440704346
                    ],
                    [
                        0.2764240503311157,
                        0.7704000473022461,
                        1.2854070663452148,
                        -1.4580481052398682
                    ],
                    [
                        0.3612686097621918,
                        0.819688081741333,
                        1.2821565866470337,
                        -1.58822762966156
                    ],
                    [
                        0.2855246961116791,
                        0.793377161026001,
                        1.2906522750854492,
                        -1.6552629470825195
                    ],
                    [
                        0.2767272889614105,
                        0.7755663394927979,
                        1.3289886713027954,
                        -1.6327877044677734
                    ],
                    [
                        0.20967625081539154,
                        0.7879399657249451,
                        1.2935771942138672,
                        -1.6205089092254639
                    ],
                    [
                        0.3046887516975403,
                        0.7172874212265015,
                        1.4576081037521362,
                        -1.7137150764465332
                    ],
                    [
                        0.27458763122558594,
                        0.7625298500061035,
                        1.4712812900543213,
                        -1.6970359086990356
                    ],
                    [
                        0.23239091038703918,
                        0.7936710715293884,
                        1.3853797912597656,
                        -1.725791096687317
                    ],
                    [
                        0.14316445589065552,
                        0.8149610161781311,
                        1.4750523567199707,
                        -1.8031790256500244
                    ],
                    [
                        0.010645672678947449,
                        0.8330984115600586,
                        1.4766502380371094,
                        -1.7718394994735718
                    ],
                    [
                        0.2100340574979782,
                        0.8842940926551819,
                        1.4021717309951782,
                        -1.7660231590270996
                    ],
                    [
                        0.14591746032238007,
                        0.8587777614593506,
                        1.4325937032699585,
                        -1.745884895324707
                    ],
                    [
                        0.12091584503650665,
                        0.7918286919593811,
                        1.5120930671691895,
                        -1.7038133144378662
                    ]
                ]
            ],
            "actions_pred": [
                [
                    [
                        0.05715354532003403,
                        0.034241341054439545,
                        0.09803063422441483,
                        0.13767266273498535,
                        0.2748600244522095,
                        0.25749021768569946,
                        0.2389194369316101,
                        0.2764240503311157,
                        0.3612686097621918,
                        0.2855246961116791,
                        0.2767272889614105,
                        0.20967625081539154,
                        0.3046887516975403,
                        0.27458763122558594,
                        0.23239091038703918,
                        0.14316445589065552,
                        0.010645672678947449,
                        0.2100340574979782,
                        0.14591746032238007,
                        0.12091584503650665
                    ],
                    [
                        0.6830705404281616,
                        0.6526493430137634,
                        0.69281005859375,
                        0.5469261407852173,
                        0.5188008546829224,
                        0.5072505474090576,
                        0.8107722401618958,
                        0.7704000473022461,
                        0.819688081741333,
                        0.793377161026001,
                        0.7755663394927979,
                        0.7879399657249451,
                        0.7172874212265015,
                        0.7625298500061035,
                        0.7936710715293884,
                        0.8149610161781311,
                        0.8330984115600586,
                        0.8842940926551819,
                        0.8587777614593506,
                        0.7918286919593811
                    ],
                    [
                        1.4371318817138672,
                        1.4170141220092773,
                        1.337936282157898,
                        1.2453341484069824,
                        1.2649786472320557,
                        1.2200088500976562,
                        1.1550675630569458,
                        1.2854070663452148,
                        1.2821565866470337,
                        1.2906522750854492,
                        1.3289886713027954,
                        1.2935771942138672,
                        1.4576081037521362,
                        1.4712812900543213,
                        1.3853797912597656,
                        1.4750523567199707,
                        1.4766502380371094,
                        1.4021717309951782,
                        1.4325937032699585,
                        1.5120930671691895
                    ],
                    [
                        -1.1777763366699219,
                        -1.204785943031311,
                        -1.2996470928192139,
                        -1.522409200668335,
                        -1.5819175243377686,
                        -1.5352566242218018,
                        -1.5479538440704346,
                        -1.4580481052398682,
                        -1.58822762966156,
                        -1.6552629470825195,
                        -1.6327877044677734,
                        -1.6205089092254639,
                        -1.7137150764465332,
                        -1.6970359086990356,
                        -1.725791096687317,
                        -1.8031790256500244,
                        -1.7718394994735718,
                        -1.7660231590270996,
                        -1.745884895324707,
                        -1.7038133144378662
                    ]
                ]
            ],
            "states": [
                [
                    [
                        5451720.0,
                        5.395679545472376e-05,
                        0.00037329201586544514,
                        787492.0625
                    ],
                    [
                        5280856.0,
                        5.18798733537551e-05,
                        0.00029995679506100714,
                        814349.6875
                    ],
                    [
                        5398144.0,
                        4.996706411475316e-05,
                        0.0002722619683481753,
                        830635.1875
                    ],
                    [
                        5419864.0,
                        4.8167821660172194e-05,
                        0.0002737951872404665,
                        823458.5625
                    ],
                    [
                        5285200.0,
                        4.651026029023342e-05,
                        0.0002537628752179444,
                        847604.5625
                    ],
                    [
                        5632720.0,
                        4.493406231631525e-05,
                        0.0002845273702405393,
                        778198.5625
                    ],
                    [
                        4926096.0,
                        4.350659582996741e-05,
                        0.00027429292094893754,
                        769937.4375
                    ],
                    [
                        5379320.0,
                        4.219951370032504e-05,
                        0.0002784566895570606,
                        775819.3125
                    ],
                    [
                        5141848.0,
                        4.0942868508864194e-05,
                        0.00027366288122721016,
                        804782.8125
                    ],
                    [
                        5422760.0,
                        3.9754886529408395e-05,
                        0.0002617421268951148,
                        784755.125
                    ],
                    [
                        5163568.0,
                        3.8631129427812994e-05,
                        0.000270931632257998,
                        777998.8125
                    ],
                    [
                        5172256.0,
                        3.7593843444483355e-05,
                        0.00027350522577762604,
                        827638.0
                    ],
                    [
                        5228728.0,
                        3.6604818888008595e-05,
                        0.0002609447401482612,
                        836480.3125
                    ],
                    [
                        5215696.0,
                        3.566250597941689e-05,
                        0.0002695223083719611,
                        842399.5625
                    ],
                    [
                        5496608.0,
                        3.474534969427623e-05,
                        0.00026009109569713473,
                        814649.5
                    ],
                    [
                        5165016.0,
                        3.3877906389534473e-05,
                        0.0002577552804723382,
                        820590.75
                    ],
                    [
                        5712360.0,
                        3.3036900276783854e-05,
                        0.0002756010799203068,
                        835693.0625
                    ],
                    [
                        5086824.0,
                        3.224165993742645e-05,
                        0.0002540297864470631,
                        845564.6875
                    ],
                    [
                        5490816.0,
                        3.14996468659956e-05,
                        0.00027847016463056207,
                        824773.25
                    ],
                    [
                        5183840.0,
                        3.078411828028038e-05,
                        0.0002814441977534443,
                        810358.5625
                    ]
                ]
            ],
            "actions": [
                [
                    [
                        0.75
                    ],
                    [
                        0.75
                    ],
                    [
                        0.75
                    ],
                    [
                        0.75
                    ],
                    [
                        0.75
                    ],
                    [
                        0.75
                    ],
                    [
                        0.75
                    ],
                    [
                        0.75
                    ],
                    [
                        0.75
                    ],
                    [
                        0.75
                    ],
                    [
                        0.75
                    ],
                    [
                        0.75
                    ],
                    [
                        0.75
                    ],
                    [
                        0.75
                    ],
                    [
                        0.75
                    ],
                    [
                        0.75
                    ],
                    [
                        0.75
                    ],
                    [
                        0.75
                    ],
                    [
                        0.75
                    ],
                    [
                        0.75
                    ]
                ]
            ],
            "returns": [
                [
                    [
                        0.36055833101272583
                    ],
                    [
                        0.35962310433387756
                    ],
                    [
                        0.35869070887565613
                    ],
                    [
                        0.3577563464641571
                    ],
                    [
                        0.3568216562271118
                    ],
                    [
                        0.3558892011642456
                    ],
                    [
                        0.35495108366012573
                    ],
                    [
                        0.35402485728263855
                    ],
                    [
                        0.3530908226966858
                    ],
                    [
                        0.352160781621933
                    ],
                    [
                        0.3512260317802429
                    ],
                    [
                        0.35029563307762146
                    ],
                    [
                        0.34936508536338806
                    ],
                    [
                        0.34843355417251587
                    ],
                    [
                        0.3475022614002228
                    ],
                    [
                        0.3465663194656372
                    ],
                    [
                        0.34563589096069336
                    ],
                    [
                        0.3446965217590332
                    ],
                    [
                        0.3437674641609192
                    ],
                    [
                        0.3428316116333008
                    ]
                ]
            ],
            "timesteps": [
                [
                    240,
                    241,
                    242,
                    243,
                    244,
                    245,
                    246,
                    247,
                    248,
                    249,
                    250,
                    251,
                    252,
                    253,
                    254,
                    255,
                    256,
                    257,
                    258,
                    259
                ]
            ],
            "labels": [
                [
                    2,
                    2,
                    2,
                    2,
                    2,
                    2,
                    2,
                    2,
                    2,
                    2,
                    2,
                    2,
                    2,
                    2,
                    2,
                    2,
                    2,
                    2,
                    2,
                    2
                ]
            ],
            "CPU Usage": 45.8,
            "RAM Usage": 55.1,
            "GPU Usage": 0.0,
            "VRAM Usage": 356.0,
            "Disk Read Speed (MB/s)": 206399.0712890625,
            "Disk Write Speed (MB/s)": 391438.3642578125
        },
        {
            "step": 1,
            "train_loss": 0.024659637361764908,
            "actions_pred1": [
                [
                    [
                        0.20343615114688873,
                        1.0818507671356201,
                        1.2229702472686768,
                        -1.8522298336029053
                    ],
                    [
                        -0.0028470754623413086,
                        1.3394560813903809,
                        1.5329043865203857,
                        -2.2959022521972656
                    ],
                    [
                        0.24326181411743164,
                        1.427732229232788,
                        1.4409821033477783,
                        -1.8479636907577515
                    ],
                    [
                        0.17061182856559753,
                        1.1355557441711426,
                        1.1929196119308472,
                        -1.9774647951126099
                    ],
                    [
                        0.08232402801513672,
                        0.985805332660675,
                        1.1422666311264038,
                        -1.8732001781463623
                    ],
                    [
                        0.05159163475036621,
                        1.105605959892273,
                        1.2817145586013794,
                        -2.0443379878997803
                    ],
                    [
                        0.03253912925720215,
                        1.0929282903671265,
                        1.2109529972076416,
                        -1.9571055173873901
                    ],
                    [
                        -0.002184353768825531,
                        1.726104497909546,
                        0.9064196944236755,
                        -1.652315616607666
                    ],
                    [
                        -0.20940864086151123,
                        1.0476129055023193,
                        1.3155704736709595,
                        -2.0903947353363037
                    ],
                    [
                        -0.27138423919677734,
                        1.0114442110061646,
                        1.2757292985916138,
                        -1.9031801223754883
                    ],
                    [
                        -0.2470180094242096,
                        1.1350531578063965,
                        1.1833683252334595,
                        -1.907095193862915
                    ],
                    [
                        -0.2829952836036682,
                        1.1397905349731445,
                        1.1950563192367554,
                        -2.0288705825805664
                    ],
                    [
                        -0.4146965742111206,
                        1.078432321548462,
                        1.3812888860702515,
                        -2.2018227577209473
                    ],
                    [
                        -0.2009700983762741,
                        0.9776501655578613,
                        1.3608759641647339,
                        -1.975191593170166
                    ],
                    [
                        -0.13151726126670837,
                        0.9027937650680542,
                        1.2107231616973877,
                        -1.9255414009094238
                    ],
                    [
                        -0.24629859626293182,
                        0.8851488828659058,
                        1.1752835512161255,
                        -1.9024999141693115
                    ],
                    [
                        -0.18181511759757996,
                        1.0516999959945679,
                        1.2291561365127563,
                        -1.8053113222122192
                    ],
                    [
                        -0.13975252211093903,
                        1.0585689544677734,
                        1.265513300895691,
                        -1.8542420864105225
                    ],
                    [
                        -0.19437649846076965,
                        1.1908615827560425,
                        1.2799947261810303,
                        -1.8771998882293701
                    ],
                    [
                        -0.06772125512361526,
                        1.2359260320663452,
                        1.3025661706924438,
                        -1.8541667461395264
                    ]
                ]
            ],
            "actions_pred": [
                [
                    [
                        0.20343615114688873,
                        -0.0028470754623413086,
                        0.24326181411743164,
                        0.17061182856559753,
                        0.08232402801513672,
                        0.05159163475036621,
                        0.03253912925720215,
                        -0.002184353768825531,
                        -0.20940864086151123,
                        -0.27138423919677734,
                        -0.2470180094242096,
                        -0.2829952836036682,
                        -0.4146965742111206,
                        -0.2009700983762741,
                        -0.13151726126670837,
                        -0.24629859626293182,
                        -0.18181511759757996,
                        -0.13975252211093903,
                        -0.19437649846076965,
                        -0.06772125512361526
                    ],
                    [
                        1.0818507671356201,
                        1.3394560813903809,
                        1.427732229232788,
                        1.1355557441711426,
                        0.985805332660675,
                        1.105605959892273,
                        1.0929282903671265,
                        1.726104497909546,
                        1.0476129055023193,
                        1.0114442110061646,
                        1.1350531578063965,
                        1.1397905349731445,
                        1.078432321548462,
                        0.9776501655578613,
                        0.9027937650680542,
                        0.8851488828659058,
                        1.0516999959945679,
                        1.0585689544677734,
                        1.1908615827560425,
                        1.2359260320663452
                    ],
                    [
                        1.2229702472686768,
                        1.5329043865203857,
                        1.4409821033477783,
                        1.1929196119308472,
                        1.1422666311264038,
                        1.2817145586013794,
                        1.2109529972076416,
                        0.9064196944236755,
                        1.3155704736709595,
                        1.2757292985916138,
                        1.1833683252334595,
                        1.1950563192367554,
                        1.3812888860702515,
                        1.3608759641647339,
                        1.2107231616973877,
                        1.1752835512161255,
                        1.2291561365127563,
                        1.265513300895691,
                        1.2799947261810303,
                        1.3025661706924438
                    ],
                    [
                        -1.8522298336029053,
                        -2.2959022521972656,
                        -1.8479636907577515,
                        -1.9774647951126099,
                        -1.8732001781463623,
                        -2.0443379878997803,
                        -1.9571055173873901,
                        -1.652315616607666,
                        -2.0903947353363037,
                        -1.9031801223754883,
                        -1.907095193862915,
                        -2.0288705825805664,
                        -2.2018227577209473,
                        -1.975191593170166,
                        -1.9255414009094238,
                        -1.9024999141693115,
                        -1.8053113222122192,
                        -1.8542420864105225,
                        -1.8771998882293701,
                        -1.8541667461395264
                    ]
                ]
            ],
            "states": [
                [
                    [
                        5057864.0,
                        2.556295476097148e-05,
                        0.00012937834253534675,
                        777561.25
                    ],
                    [
                        5348912.0,
                        2.480310831742827e-05,
                        0.00013201982073951513,
                        791966.9375
                    ],
                    [
                        5101304.0,
                        2.4083872631308623e-05,
                        0.00013791865785606205,
                        790369.0625
                    ],
                    [
                        5538600.0,
                        2.3393640731228516e-05,
                        0.00014453318726737052,
                        780343.4375
                    ],
                    [
                        5412624.0,
                        2.272302663186565e-05,
                        0.00014699026360176504,
                        758450.9375
                    ],
                    [
                        5321400.0,
                        2.2102101866039447e-05,
                        0.00016071676509454846,
                        845866.875
                    ],
                    [
                        5683400.0,
                        2.1499938156921417e-05,
                        0.00016249381587840617,
                        821531.0
                    ],
                    [
                        5282304.0,
                        2.0931340259267017e-05,
                        0.0001488575799157843,
                        840709.875
                    ],
                    [
                        5545840.0,
                        2.0398911146912724e-05,
                        0.00016087492986116558,
                        823198.9375
                    ],
                    [
                        5474888.0,
                        1.9883997083525173e-05,
                        0.00016716374375391752,
                        838579.125
                    ],
                    [
                        5364840.0,
                        1.9402330508455634e-05,
                        0.00019032474665436894,
                        800380.6875
                    ],
                    [
                        5569008.0,
                        1.8939608708024025e-05,
                        0.00018542619363870472,
                        823891.875
                    ],
                    [
                        5332984.0,
                        1.849955879151821e-05,
                        0.000198170033399947,
                        846311.4375
                    ],
                    [
                        5224384.0,
                        1.8092512618750334e-05,
                        0.0001916241308208555,
                        900435.5625
                    ],
                    [
                        5133160.0,
                        1.771021015883889e-05,
                        0.0002063407882815227,
                        866428.5625
                    ],
                    [
                        5361944.0,
                        1.733909812173806e-05,
                        0.00023895764024928212,
                        862112.4375
                    ],
                    [
                        5535704.0,
                        1.6969803255051374e-05,
                        0.00025051896227523685,
                        868913.125
                    ],
                    [
                        5189632.0,
                        1.662127579038497e-05,
                        0.0002676467993296683,
                        810234.1875
                    ],
                    [
                        5453168.0,
                        1.6289424820570275e-05,
                        0.0002700872428249568,
                        842694.5
                    ],
                    [
                        5334432.0,
                        1.5966239516274072e-05,
                        0.0002660537720657885,
                        825795.9375
                    ]
                ]
            ],
            "actions": [
                [
                    [
                        0.75
                    ],
                    [
                        0.75
                    ],
                    [
                        0.75
                    ],
                    [
                        0.75
                    ],
                    [
                        0.75
                    ],
                    [
                        0.75
                    ],
                    [
                        0.75
                    ],
                    [
                        0.75
                    ],
                    [
                        0.75
                    ],
                    [
                        0.75
                    ],
                    [
                        0.75
                    ],
                    [
                        0.75
                    ],
                    [
                        0.75
                    ],
                    [
                        0.75
                    ],
                    [
                        0.75
                    ],
                    [
                        0.75
                    ],
                    [
                        0.75
                    ],
                    [
                        0.75
                    ],
                    [
                        0.75
                    ],
                    [
                        0.75
                    ]
                ]
            ],
            "returns": [
                [
                    [
                        0.5615583062171936
                    ],
                    [
                        0.5606297850608826
                    ],
                    [
                        0.5596962571144104
                    ],
                    [
                        0.5587669014930725
                    ],
                    [
                        0.557830274105072
                    ],
                    [
                        0.5568956732749939
                    ],
                    [
                        0.5559626221656799
                    ],
                    [
                        0.555023729801178
                    ],
                    [
                        0.5540912747383118
                    ],
                    [
                        0.5531545877456665
                    ],
                    [
                        0.5522189736366272
                    ],
                    [
                        0.5512851476669312
                    ],
                    [
                        0.5503480434417725
                    ],
                    [
                        0.5494148135185242
                    ],
                    [
                        0.5484833717346191
                    ],
                    [
                        0.5475534796714783
                    ],
                    [
                        0.546619713306427
                    ],
                    [
                        0.5456831455230713
                    ],
                    [
                        0.544752299785614
                    ],
                    [
                        0.5438170433044434
                    ]
                ]
            ],
            "timesteps": [
                [
                    20,
                    21,
                    22,
                    23,
                    24,
                    25,
                    26,
                    27,
                    28,
                    29,
                    30,
                    31,
                    32,
                    33,
                    34,
                    35,
                    36,
                    37,
                    38,
                    39
                ]
            ],
            "labels": [
                [
                    2,
                    2,
                    2,
                    2,
                    2,
                    2,
                    2,
                    2,
                    2,
                    2,
                    2,
                    2,
                    2,
                    2,
                    2,
                    2,
                    2,
                    2,
                    2,
                    2
                ]
            ],
            "CPU Usage": 46.7,
            "RAM Usage": 55.3,
            "GPU Usage": 0.0,
            "VRAM Usage": 356.0,
            "Disk Read Speed (MB/s)": 206399.0712890625,
            "Disk Write Speed (MB/s)": 391438.4345703125
        },
        {
            "step": 2,
            "train_loss": 0.05182725936174393,
            "actions_pred1": [
                [
                    [
                        0.4326356053352356,
                        0.7925779819488525,
                        1.4470696449279785,
                        -1.995118498802185
                    ],
                    [
                        0.29759931564331055,
                        0.9260187149047852,
                        1.3670281171798706,
                        -1.7982683181762695
                    ],
                    [
                        0.25211381912231445,
                        0.8353568315505981,
                        1.4751560688018799,
                        -1.7734591960906982
                    ],
                    [
                        0.40907490253448486,
                        0.7671833634376526,
                        1.3704196214675903,
                        -1.6840399503707886
                    ],
                    [
                        0.3289409279823303,
                        0.8194911479949951,
                        1.340349555015564,
                        -1.7970125675201416
                    ],
                    [
                        0.5150498747825623,
                        0.8393046855926514,
                        1.2618169784545898,
                        -1.7170803546905518
                    ],
                    [
                        0.6274840235710144,
                        0.8742361664772034,
                        1.3437747955322266,
                        -1.75384521484375
                    ],
                    [
                        0.6529146432876587,
                        0.7943185567855835,
                        1.4015673398971558,
                        -1.9999902248382568
                    ],
                    [
                        0.6147869229316711,
                        0.8766176104545593,
                        1.5628960132598877,
                        -2.1069564819335938
                    ],
                    [
                        0.4338890314102173,
                        0.9928323030471802,
                        1.5989480018615723,
                        -1.9918222427368164
                    ],
                    [
                        0.372741162776947,
                        1.030897855758667,
                        1.2452892065048218,
                        -2.0391907691955566
                    ],
                    [
                        0.42563489079475403,
                        0.9312705397605896,
                        1.2749030590057373,
                        -1.9032044410705566
                    ],
                    [
                        0.47222116589546204,
                        0.9941418170928955,
                        1.3474825620651245,
                        -1.8749687671661377
                    ],
                    [
                        0.4152708053588867,
                        0.9973165988922119,
                        1.1833385229110718,
                        -1.7427740097045898
                    ],
                    [
                        0.39853042364120483,
                        0.9163117408752441,
                        1.2352895736694336,
                        -1.8403340578079224
                    ],
                    [
                        0.39158040285110474,
                        1.0969284772872925,
                        1.2399555444717407,
                        -2.1508138179779053
                    ],
                    [
                        0.32376331090927124,
                        1.1012780666351318,
                        1.3871246576309204,
                        -2.188523054122925
                    ],
                    [
                        0.3739199638366699,
                        1.0159924030303955,
                        1.3934839963912964,
                        -1.9957997798919678
                    ],
                    [
                        0.36676549911499023,
                        1.0355678796768188,
                        1.3206428289413452,
                        -1.954830288887024
                    ],
                    [
                        0.6011607646942139,
                        0.9106309413909912,
                        1.2184350490570068,
                        -2.0526511669158936
                    ]
                ]
            ],
            "actions_pred": [
                [
                    [
                        0.4326356053352356,
                        0.29759931564331055,
                        0.25211381912231445,
                        0.40907490253448486,
                        0.3289409279823303,
                        0.5150498747825623,
                        0.6274840235710144,
                        0.6529146432876587,
                        0.6147869229316711,
                        0.4338890314102173,
