{
    "steps": [
        {
            "step": 0,
            "train_loss": 0.039307110011577606,
            "actions_pred1": [
                [
                    [
                        0.3995973467826843,
                        0.6966369152069092,
                        1.6346510648727417,
                        -1.9500116109848022
                    ],
                    [
                        0.4728490710258484,
                        0.4865861237049103,
                        1.583614706993103,
                        -1.8075584173202515
                    ],
                    [
                        0.5978742837905884,
                        0.4136621952056885,
                        1.6157835721969604,
                        -1.9522768259048462
                    ],
                    [
                        0.7374463081359863,
                        0.4463222026824951,
                        1.668531060218811,
                        -1.7724428176879883
                    ],
                    [
                        0.9572566747665405,
                        0.41589248180389404,
                        1.7397429943084717,
                        -1.8698275089263916
                    ],
                    [
                        0.9838904142379761,
                        0.4902696907520294,
                        1.6701730489730835,
                        -1.8668854236602783
                    ],
                    [
                        0.7792438268661499,
                        0.5522059798240662,
                        1.6091493368148804,
                        -1.9023935794830322
                    ],
                    [
                        0.8394271731376648,
                        0.46118032932281494,
                        1.447532057762146,
                        -2.111372470855713
                    ],
                    [
                        0.8307522535324097,
                        0.3812143802642822,
                        1.5348899364471436,
                        -2.065699815750122
                    ],
                    [
                        1.0956889390945435,
                        0.6219557523727417,
                        1.7062398195266724,
                        -2.3202407360076904
                    ],
                    [
                        1.342637062072754,
                        0.7232023477554321,
                        1.7637953758239746,
                        -2.1648263931274414
                    ],
                    [
                        1.3808493614196777,
                        0.6774911880493164,
                        1.6036304235458374,
                        -2.0861358642578125
                    ],
                    [
                        1.3087961673736572,
                        0.7750447988510132,
                        1.6345294713974,
                        -2.1383984088897705
                    ],
                    [
                        1.1746773719787598,
                        0.7024691700935364,
                        1.6959820985794067,
                        -2.1256825923919678
                    ],
                    [
                        1.1327064037322998,
                        0.5857776403427124,
                        1.538041353225708,
                        -2.1881728172302246
                    ],
                    [
                        1.202090859413147,
                        0.5602580308914185,
                        1.525560736656189,
                        -2.2295970916748047
                    ],
                    [
                        1.1078132390975952,
                        0.6204145550727844,
                        1.6016751527786255,
                        -2.1628942489624023
                    ],
                    [
                        1.35563325881958,
                        0.6396026611328125,
                        1.5631297826766968,
                        -2.21325945854187
                    ],
                    [
                        1.330494999885559,
                        0.527241587638855,
                        1.3349149227142334,
                        -2.0038259029388428
                    ],
                    [
                        1.263465166091919,
                        0.5183225870132446,
                        1.5406584739685059,
                        -1.8956364393234253
                    ]
                ]
            ],
            "actions_pred": [
                [
                    [
                        0.3995973467826843,
                        0.4728490710258484,
                        0.5978742837905884,
                        0.7374463081359863,
                        0.9572566747665405,
                        0.9838904142379761,
                        0.7792438268661499,
                        0.8394271731376648,
                        0.8307522535324097,
                        1.0956889390945435,
                        1.342637062072754,
                        1.3808493614196777,
                        1.3087961673736572,
                        1.1746773719787598,
                        1.1327064037322998,
                        1.202090859413147,
                        1.1078132390975952,
                        1.35563325881958,
                        1.330494999885559,
                        1.263465166091919
                    ],
                    [
                        0.6966369152069092,
                        0.4865861237049103,
                        0.4136621952056885,
                        0.4463222026824951,
                        0.41589248180389404,
                        0.4902696907520294,
                        0.5522059798240662,
                        0.46118032932281494,
                        0.3812143802642822,
                        0.6219557523727417,
                        0.7232023477554321,
                        0.6774911880493164,
                        0.7750447988510132,
                        0.7024691700935364,
                        0.5857776403427124,
                        0.5602580308914185,
                        0.6204145550727844,
                        0.6396026611328125,
                        0.527241587638855,
                        0.5183225870132446
                    ],
                    [
                        1.6346510648727417,
                        1.583614706993103,
                        1.6157835721969604,
                        1.668531060218811,
                        1.7397429943084717,
                        1.6701730489730835,
                        1.6091493368148804,
                        1.447532057762146,
                        1.5348899364471436,
                        1.7062398195266724,
                        1.7637953758239746,
                        1.6036304235458374,
                        1.6345294713974,
                        1.6959820985794067,
                        1.538041353225708,
                        1.525560736656189,
                        1.6016751527786255,
                        1.5631297826766968,
                        1.3349149227142334,
                        1.5406584739685059
                    ],
                    [
                        -1.9500116109848022,
                        -1.8075584173202515,
                        -1.9522768259048462,
                        -1.7724428176879883,
                        -1.8698275089263916,
                        -1.8668854236602783,
                        -1.9023935794830322,
                        -2.111372470855713,
                        -2.065699815750122,
                        -2.3202407360076904,
                        -2.1648263931274414,
                        -2.0861358642578125,
                        -2.1383984088897705,
                        -2.1256825923919678,
                        -2.1881728172302246,
                        -2.2295970916748047,
                        -2.1628942489624023,
                        -2.21325945854187,
                        -2.0038259029388428,
                        -1.8956364393234253
                    ]
                ]
            ],
            "states": [
                [
                    [
                        1715880.0,
                        9.430604404769838e-05,
                        0.0053657107055187225,
                        470709.75
                    ],
                    [
                        1967832.0,
                        9.068279905477539e-05,
                        0.004402399994432926,
                        434480.75
                    ],
                    [
                        2130008.0,
                        8.69646537466906e-05,
                        0.004303366411477327,
                        508551.15625
                    ],
                    [
                        2267568.0,
                        8.329902630066499e-05,
                        0.003460775362327695,
                        467240.71875
                    ],
                    [
                        2448568.0,
                        7.969679427333176e-05,
                        0.003044134471565485,
                        537034.5
                    ],
                    [
                        2646944.0,
                        7.613936031702906e-05,
                        0.00288664479739964,
                        500456.03125
                    ],
                    [
                        1710088.0,
                        7.333141547860578e-05,
                        0.0027106136549264193,
                        490357.90625
                    ],
                    [
                        2580336.0,
                        7.077431655488908e-05,
                        0.0027518118731677532,
                        546850.6875
                    ],
                    [
                        2927856.0,
                        6.773720087949187e-05,
                        0.0026009255088865757,
                        496203.71875
                    ],
                    [
                        3168224.0,
                        6.466506602009758e-05,
                        0.002423960482701659,
                        507070.15625
                    ],
                    [
                        3505608.0,
                        6.160674092825502e-05,
                        0.002274049213156104,
                        516057.96875
                    ],
                    [
                        3553392.0,
                        5.866973879165016e-05,
                        0.0023237415589392185,
                        471484.09375
                    ],
                    [
                        4039920.0,
                        5.581038931268267e-05,
                        0.0021793735213577747,
                        501229.875
                    ],
                    [
                        4028336.0,
                        5.305969170876779e-05,
                        0.002523052040487528,
                        561908.75
                    ],
                    [
                        4312144.0,
                        5.04888485011179e-05,
                        0.002231767401099205,
                        502897.96875
                    ],
                    [
                        4776952.0,
                        4.795741187990643e-05,
                        0.0032643231097608805,
                        459673.25
                    ],
                    [
                        4743648.0,
                        4.5562293962575495e-05,
                        0.0020812072325497866,
                        515212.4375
                    ],
                    [
                        2971296.0,
                        4.3785152229247615e-05,
                        0.0015903349267318845,
                        502955.46875
                    ],
                    [
                        4981120.0,
                        4.21030999859795e-05,
                        0.0016534600872546434,
                        511202.4375
                    ],
                    [
                        4962296.0,
                        4.016688762931153e-05,
                        0.0014106292510405183,
                        493895.1875
                    ]
                ]
            ],
            "actions": [
                [
                    [
                        0.25
                    ],
                    [
                        0.25
                    ],
                    [
                        0.25
                    ],
                    [
                        0.25
                    ],
                    [
                        0.25
                    ],
                    [
                        0.25
                    ],
                    [
                        0.25
                    ],
                    [
                        0.25
                    ],
                    [
                        0.25
                    ],
                    [
                        0.25
                    ],
                    [
                        0.25
                    ],
                    [
                        0.25
                    ],
                    [
                        0.25
                    ],
                    [
                        0.25
                    ],
                    [
                        0.25
                    ],
                    [
                        0.25
                    ],
                    [
                        0.25
                    ],
                    [
                        0.25
                    ],
                    [
                        0.25
                    ],
                    [
                        0.25
                    ]
                ]
            ],
            "returns": [
                [
                    [
                        0.053779877722263336
                    ],
                    [
                        0.05294714868068695
                    ],
                    [
                        0.05210227146744728
                    ],
                    [
                        0.05125037208199501
                    ],
                    [
                        0.05039292573928833
                    ],
                    [
                        0.04952867329120636
                    ],
                    [
                        0.04865751042962074
                    ],
                    [
                        0.047825079411268234
                    ],
                    [
                        0.046956177800893784
                    ],
                    [
                        0.04607607424259186
                    ],
                    [
                        0.04518897458910942
                    ],
                    [
                        0.04429290443658829
                    ],
                    [
                        0.04339563474059105
                    ],
                    [
                        0.04248698428273201
                    ],
                    [
                        0.04157859459519386
                    ],
                    [
                        0.04066416248679161
                    ],
                    [
                        0.039740659296512604
                    ],
                    [
                        0.03881777450442314
                    ],
                    [
                        0.037936363369226456
                    ],
                    [
                        0.03700914978981018
                    ]
                ]
            ],
            "timesteps": [
                [
                    580,
                    581,
                    582,
                    583,
                    584,
                    585,
                    586,
                    587,
                    588,
                    589,
                    590,
                    591,
                    592,
                    593,
                    594,
                    595,
                    596,
                    597,
                    598,
                    599
                ]
            ],
            "labels": [
                [
                    0,
                    0,
                    0,
                    0,
                    0,
                    0,
                    0,
                    0,
                    0,
                    0,
                    0,
                    0,
                    0,
                    0,
                    0,
                    0,
                    0,
                    0,
                    0,
                    0
                ]
            ],
            "CPU Usage": 46.5,
            "RAM Usage": 54.9,
            "GPU Usage": 0.0,
            "VRAM Usage": 355.0,
            "Disk Read Speed (MB/s)": 206580.6044921875,
            "Disk Write Speed (MB/s)": 401105.0087890625
        },
        {
            "step": 1,
            "train_loss": 0.03244795650243759,
            "actions_pred1": [
                [
                    [
                        1.0584557056427002,
                        0.7785431146621704,
                        1.6260473728179932,
                        -2.0915822982788086
                    ],
                    [
                        0.9626314043998718,
                        0.5389993190765381,
                        1.2777305841445923,
                        -1.8705687522888184
                    ],
                    [
                        0.884078860282898,
                        0.2050880491733551,
                        1.1030946969985962,
                        -2.050572156906128
                    ],
                    [
                        0.9529488682746887,
                        0.27487465739250183,
                        0.990201473236084,
                        -2.073781728744507
                    ],
                    [
                        0.9557925462722778,
                        0.31808602809906006,
                        1.0623778104782104,
                        -2.180417776107788
                    ],
                    [
                        0.8495804071426392,
                        0.40997689962387085,
                        1.1615737676620483,
                        -2.164184331893921
                    ],
                    [
                        1.011716604232788,
                        0.39920949935913086,
                        1.1491150856018066,
                        -2.3742666244506836
                    ],
                    [
                        1.003822684288025,
                        0.397347092628479,
                        1.1359376907348633,
                        -2.373641014099121
                    ],
                    [
                        1.0640802383422852,
                        0.6144484281539917,
                        1.342876672744751,
                        -2.5000059604644775
                    ],
                    [
                        1.1848372220993042,
                        0.6572409868240356,
                        1.3254886865615845,
                        -2.4244368076324463
                    ],
                    [
                        1.119260311126709,
                        0.5201148986816406,
                        1.3010870218276978,
                        -2.4019103050231934
                    ],
                    [
                        1.024839997291565,
                        0.5297589898109436,
                        1.243613839149475,
                        -2.329751968383789
                    ],
                    [
                        1.1077847480773926,
                        0.5303528308868408,
                        1.2435084581375122,
                        -2.322471857070923
                    ],
                    [
                        1.1224349737167358,
                        0.5954991579055786,
                        1.3983795642852783,
                        -2.180811643600464
                    ],
                    [
                        1.1693912744522095,
                        0.5543034076690674,
                        1.3865975141525269,
                        -2.127953052520752
                    ],
                    [
                        1.1250617504119873,
                        0.33861643075942993,
                        1.2338769435882568,
                        -2.2016584873199463
                    ],
                    [
                        1.1676265001296997,
                        0.44408780336380005,
                        1.212497591972351,
                        -2.283672332763672
                    ],
                    [
                        1.093108057975769,
                        0.48001813888549805,
                        1.1945767402648926,
                        -2.1678080558776855
                    ],
                    [
                        1.1089421510696411,
                        0.4878736138343811,
                        1.265313744544983,
                        -2.1861605644226074
                    ],
                    [
                        1.0776280164718628,
                        0.4961428642272949,
                        1.334743618965149,
                        -2.2688708305358887
                    ]
                ]
            ],
            "actions_pred": [
                [
                    [
                        1.0584557056427002,
                        0.9626314043998718,
                        0.884078860282898,
                        0.9529488682746887,
                        0.9557925462722778,
                        0.8495804071426392,
                        1.011716604232788,
                        1.003822684288025,
                        1.0640802383422852,
                        1.1848372220993042,
                        1.119260311126709,
                        1.024839997291565,
                        1.1077847480773926,
                        1.1224349737167358,
                        1.1693912744522095,
                        1.1250617504119873,
                        1.1676265001296997,
                        1.093108057975769,
                        1.1089421510696411,
                        1.0776280164718628
                    ],
                    [
                        0.7785431146621704,
                        0.5389993190765381,
                        0.2050880491733551,
                        0.27487465739250183,
                        0.31808602809906006,
                        0.40997689962387085,
                        0.39920949935913086,
                        0.397347092628479,
                        0.6144484281539917,
                        0.6572409868240356,
                        0.5201148986816406,
                        0.5297589898109436,
                        0.5303528308868408,
                        0.5954991579055786,
                        0.5543034076690674,
                        0.33861643075942993,
                        0.44408780336380005,
                        0.48001813888549805,
                        0.4878736138343811,
                        0.4961428642272949
                    ],
                    [
                        1.6260473728179932,
                        1.2777305841445923,
                        1.1030946969985962,
                        0.990201473236084,
                        1.0623778104782104,
                        1.1615737676620483,
                        1.1491150856018066,
                        1.1359376907348633,
                        1.342876672744751,
                        1.3254886865615845,
                        1.3010870218276978,
                        1.243613839149475,
                        1.2435084581375122,
                        1.3983795642852783,
                        1.3865975141525269,
                        1.2338769435882568,
                        1.212497591972351,
                        1.1945767402648926,
                        1.265313744544983,
                        1.334743618965149
                    ],
                    [
                        -2.0915822982788086,
                        -1.8705687522888184,
                        -2.050572156906128,
                        -2.073781728744507,
                        -2.180417776107788,
                        -2.164184331893921,
                        -2.3742666244506836,
                        -2.373641014099121,
                        -2.5000059604644775,
                        -2.4244368076324463,
                        -2.4019103050231934,
                        -2.329751968383789,
                        -2.322471857070923,
                        -2.180811643600464,
                        -2.127953052520752,
                        -2.2016584873199463,
                        -2.283672332763672,
                        -2.1678080558776855,
                        -2.1861605644226074,
                        -2.2688708305358887
                    ]
                ]
            ],
            "states": [
                [
                    [
                        5130264.0,
                        9.53052585828118e-06,
                        0.00017112551722675562,
                        484343.53125
                    ],
                    [
                        5473440.0,
                        9.464440154260956e-06,
                        0.00025726869353093207,
                        530369.25
                    ],
                    [
                        5615344.0,
                        9.396303539688233e-06,
                        0.000244751397985965,
                        507658.4375
                    ],
                    [
                        5705120.0,
                        9.327747648057994e-06,
                        0.0002547030453570187,
                        475297.125
                    ],
                    [
                        5661680.0,
                        9.25990843825275e-06,
                        0.0002602769818622619,
                        509474.46875
                    ],
                    [
                        5626928.0,
                        9.193505320581608e-06,
                        0.00028401854797266424,
                        512406.875
                    ],
                    [
                        7240000.0,
                        9.118992238654755e-06,
                        0.00026182830333709717,
                        473767.34375
                    ],
                    [
                        6098976.0,
                        9.042967576533556e-06,
                        0.00025427230866625905,
                        486137.84375
                    ],
                    [
                        5957072.0,
                        8.975355740403756e-06,
                        0.00025071317213587463,
                        481721.90625
                    ],
                    [
                        6045400.0,
                        8.909044481697492e-06,
                        0.000257556646829471,
                        512695.15625
                    ],
                    [
                        5554528.0,
                        8.845872798701748e-06,
                        0.0002534309751354158,
                        490408.03125
                    ],
                    [
                        5395248.0,
                        8.787061233306304e-06,
                        0.00019772094674408436,
                        502051.125
                    ],
                    [
                        6014992.0,
                        8.726612577447668e-06,
                        0.00023689404770266265,
                        496127.90625
                    ],
                    [
                        5615344.0,
                        8.665836503496394e-06,
                        0.00024040597782004625,
                        497831.1875
                    ],
                    [
                        5961416.0,
                        8.60618456499651e-06,
                        0.00023798528127372265,
                        498399.9375
                    ],
                    [
                        5690640.0,
                        8.546960089006461e-06,
                        0.0002599294239189476,
                        501903.53125
                    ],
                    [
                        6043952.0,
                        8.48813488119049e-06,
                        0.0002636733988765627,
                        501576.46875
                    ],
                    [
                        7975584.0,
                        8.418936886300799e-06,
                        0.00023683813924435526,
                        444337.65625
                    ],
                    [
                        5891912.0,
                        8.351544238394126e-06,
                        0.0002558637352194637,
                        498428.25
                    ],
                    [
                        6125040.0,
                        8.294033250422217e-06,
                        0.00024174025747925043,
                        501703.09375
                    ]
                ]
            ],
            "actions": [
                [
                    [
                        0.25
                    ],
                    [
                        0.25
                    ],
                    [
                        0.25
                    ],
                    [
                        0.25
                    ],
                    [
                        0.25
                    ],
                    [
                        0.25
                    ],
                    [
                        0.25
                    ],
                    [
                        0.25
                    ],
                    [
                        0.25
                    ],
                    [
                        0.25
                    ],
                    [
                        0.25
                    ],
                    [
                        0.25
                    ],
                    [
                        0.25
                    ],
                    [
                        0.25
                    ],
                    [
                        0.25
                    ],
                    [
                        0.25
                    ],
                    [
                        0.25
                    ],
                    [
                        0.25
                    ],
                    [
                        0.25
                    ],
                    [
                        0.25
                    ]
                ]
            ],
            "returns": [
                [
                    [
                        0.20859551429748535
                    ],
                    [
                        0.20766568183898926
                    ],
                    [
                        0.20673011243343353
                    ],
                    [
                        0.20579227805137634
                    ],
                    [
                        0.20485302805900574
                    ],
                    [
                        0.20391446352005005
                    ],
                    [
                        0.20297643542289734
                    ],
                    [
                        0.20201605558395386
                    ],
                    [
                        0.2010708898305893
                    ],
                    [
                        0.20012782514095306
                    ],
                    [
                        0.19918343424797058
                    ],
                    [
                        0.1982465535402298
                    ],
                    [
                        0.19731226563453674
                    ],
                    [
                        0.19636832177639008
                    ],
                    [
                        0.19543048739433289
                    ],
                    [
                        0.19448734819889069
                    ],
                    [
                        0.193548321723938
                    ],
                    [
                        0.1926039606332779
                    ],
                    [
                        0.19163501262664795
                    ],
                    [
                        0.19069290161132812
                    ]
                ]
            ],
            "timesteps": [
                [
                    400,
                    401,
                    402,
                    403,
                    404,
                    405,
                    406,
                    407,
                    408,
                    409,
                    410,
                    411,
                    412,
                    413,
                    414,
                    415,
                    416,
                    417,
                    418,
                    419
                ]
            ],
            "labels": [
                [
                    0,
                    0,
                    0,
                    0,
                    0,
                    0,
                    0,
                    0,
                    0,
                    0,
                    0,
                    0,
                    0,
                    0,
                    0,
                    0,
                    0,
                    0,
                    0,
                    0
                ]
            ],
            "CPU Usage": 46.7,
            "RAM Usage": 55.0,
            "GPU Usage": 0.0,
            "VRAM Usage": 355.0,
            "Disk Read Speed (MB/s)": 206580.6044921875,
            "Disk Write Speed (MB/s)": 401105.0595703125
        },
        {
            "step": 2,
            "train_loss": 0.04679452255368233,
            "actions_pred1": [
                [
                    [
                        0.5846095681190491,
                        0.33679065108299255,
                        1.3568789958953857,
                        -2.5442469120025635
                    ],
                    [
                        0.5920211672782898,
                        0.5330414772033691,
                        1.9061888456344604,
                        -2.9138474464416504
                    ],
                    [
                        0.8595050573348999,
                        0.6486998796463013,
                        1.642120361328125,
                        -3.387813091278076
                    ],
                    [
                        0.8830798864364624,
                        0.8083623647689819,
                        1.3066906929016113,
                        -3.39188289642334
                    ],
                    [
                        0.6969578266143799,
                        0.6982408761978149,
                        1.2079319953918457,
                        -3.0179543495178223
                    ],
                    [
                        0.5477628707885742,
                        0.6768807172775269,
                        1.3798481225967407,
                        -3.0603256225585938
                    ],
                    [
                        0.5619470477104187,
                        0.8227614164352417,
                        1.5138323307037354,
                        -3.315826416015625
                    ],
                    [
                        0.4666309952735901,
                        0.8459511995315552,
                        1.4924914836883545,
                        -3.1611974239349365
                    ],
                    [
                        0.47294390201568604,
                        0.7153329849243164,
                        1.4917436838150024,
                        -3.2998132705688477
                    ],
                    [
                        0.6550806760787964,
                        0.6074321269989014,
                        1.3989732265472412,
                        -3.291977882385254
                    ],
                    [
                        0.5896545052528381,
                        0.5893452763557434,
                        1.457391619682312,
                        -3.168771743774414
                    ],
                    [
                        0.4108017086982727,
                        0.6829243898391724,
                        1.5599501132965088,
                        -3.1756539344787598
                    ],
                    [
                        0.5842530727386475,
                        0.6120827198028564,
                        1.5222434997558594,
                        -3.024235963821411
                    ],
                    [
                        0.6562198400497437,
                        0.5762859582901001,
                        1.4406309127807617,
                        -3.029874563217163
                    ],
                    [
                        0.7238340377807617,
                        0.6395965218544006,
                        1.500765323638916,
                        -3.3774070739746094
                    ],
                    [
                        0.6925609111785889,
                        0.7030788660049438,
                        1.6209726333618164,
                        -3.281869649887085
                    ],
                    [
                        0.5660386085510254,
                        0.5761075615882874,
                        1.4659889936447144,
                        -2.997462749481201
                    ],
                    [
                        0.5742303133010864,
                        0.6565040946006775,
                        1.419389009475708,
                        -2.969346523284912
                    ],
                    [
                        0.6468721032142639,
                        0.8280055522918701,
                        1.463249921798706,
                        -2.9628963470458984
                    ],
                    [
                        0.640273928642273,
                        0.7567728757858276,
                        1.5698659420013428,
                        -2.848191261291504
                    ]
                ]
            ],
            "actions_pred": [
                [
                    [
                        0.5846095681190491,
                        0.5920211672782898,
                        0.8595050573348999,
                        0.8830798864364624,
                        0.6969578266143799,
                        0.5477628707885742,
                        0.5619470477104187,
                        0.4666309952735901,
                        0.47294390201568604,
                        0.6550806760787964,
                        0.5896545052528381,
                        0.4108017086982727,
