{
    "steps": [
        {
            "step": 0,
            "train_loss": 0.027042260393500328,
            "actions_pred1": [
                [
                    [
                        2.2651093006134033,
                        2.7506394386291504,
                        1.9708408117294312,
                        -4.872827053070068
                    ],
                    [
                        2.076550006866455,
                        2.712596893310547,
                        1.7354809045791626,
                        -5.009390830993652
                    ],
                    [
                        2.3502278327941895,
                        3.4218485355377197,
                        1.399968147277832,
                        -4.7923264503479
                    ],
                    [
                        2.4183120727539062,
                        3.4633736610412598,
                        1.2248224020004272,
                        -5.043586254119873
                    ],
                    [
                        2.6978821754455566,
                        3.1830437183380127,
                        1.269932508468628,
                        -5.920976638793945
                    ],
                    [
                        2.721090316772461,
                        2.8470277786254883,
                        1.1472408771514893,
                        -6.047186851501465
                    ],
                    [
                        2.8477346897125244,
                        2.6596357822418213,
                        1.1310943365097046,
                        -6.397106170654297
                    ],
                    [
                        2.80165696144104,
                        2.8369789123535156,
                        1.2709319591522217,
                        -6.635407447814941
                    ],
                    [
                        3.2198452949523926,
                        2.8721978664398193,
                        1.482663631439209,
                        -7.0882568359375
                    ],
                    [
                        3.153266668319702,
                        3.1829147338867188,
                        1.3245842456817627,
                        -6.777181148529053
                    ],
                    [
                        3.0463740825653076,
                        3.1064467430114746,
                        1.0014259815216064,
                        -7.0919060707092285
                    ],
                    [
                        3.072582244873047,
                        2.4731128215789795,
                        1.1310073137283325,
                        -6.8723273277282715
                    ],
                    [
                        2.898693799972534,
                        2.6591074466705322,
                        1.3811169862747192,
                        -6.769120216369629
                    ],
                    [
                        2.8894333839416504,
                        2.63065242767334,
                        1.3569401502609253,
                        -6.686450004577637
                    ],
                    [
                        2.939136028289795,
                        2.8013501167297363,
                        1.3088371753692627,
                        -6.687695026397705
                    ],
                    [
                        2.8611044883728027,
                        2.5195775032043457,
                        1.2197716236114502,
                        -6.755528450012207
                    ],
                    [
                        2.675726890563965,
                        2.482696771621704,
                        1.4144434928894043,
                        -6.845792293548584
                    ],
                    [
                        2.8063344955444336,
                        2.612387180328369,
                        1.1872649192810059,
                        -6.684638023376465
                    ],
                    [
                        2.930975914001465,
                        2.7609291076660156,
                        1.2904843091964722,
                        -6.808376789093018
                    ],
                    [
                        2.8656930923461914,
                        3.0583887100219727,
                        1.1528851985931396,
                        -7.241775035858154
                    ]
                ]
            ],
            "actions_pred": [
                [
                    [
                        2.2651093006134033,
                        2.076550006866455,
                        2.3502278327941895,
                        2.4183120727539062,
                        2.6978821754455566,
                        2.721090316772461,
                        2.8477346897125244,
                        2.80165696144104,
                        3.2198452949523926,
                        3.153266668319702,
                        3.0463740825653076,
                        3.072582244873047,
                        2.898693799972534,
                        2.8894333839416504,
                        2.939136028289795,
                        2.8611044883728027,
                        2.675726890563965,
                        2.8063344955444336,
                        2.930975914001465,
                        2.8656930923461914
                    ],
                    [
                        2.7506394386291504,
                        2.712596893310547,
                        3.4218485355377197,
                        3.4633736610412598,
                        3.1830437183380127,
                        2.8470277786254883,
                        2.6596357822418213,
                        2.8369789123535156,
                        2.8721978664398193,
                        3.1829147338867188,
                        3.1064467430114746,
                        2.4731128215789795,
                        2.6591074466705322,
                        2.63065242767334,
                        2.8013501167297363,
                        2.5195775032043457,
                        2.482696771621704,
                        2.612387180328369,
                        2.7609291076660156,
                        3.0583887100219727
                    ],
                    [
                        1.9708408117294312,
                        1.7354809045791626,
                        1.399968147277832,
                        1.2248224020004272,
                        1.269932508468628,
                        1.1472408771514893,
                        1.1310943365097046,
                        1.2709319591522217,
                        1.482663631439209,
                        1.3245842456817627,
                        1.0014259815216064,
                        1.1310073137283325,
                        1.3811169862747192,
                        1.3569401502609253,
                        1.3088371753692627,
                        1.2197716236114502,
                        1.4144434928894043,
                        1.1872649192810059,
                        1.2904843091964722,
                        1.1528851985931396
                    ],
                    [
                        -4.872827053070068,
                        -5.009390830993652,
                        -4.7923264503479,
                        -5.043586254119873,
                        -5.920976638793945,
                        -6.047186851501465,
                        -6.397106170654297,
                        -6.635407447814941,
                        -7.0882568359375,
                        -6.777181148529053,
                        -7.0919060707092285,
                        -6.8723273277282715,
                        -6.769120216369629,
                        -6.686450004577637,
                        -6.687695026397705,
                        -6.755528450012207,
                        -6.845792293548584,
                        -6.684638023376465,
                        -6.808376789093018,
                        -7.241775035858154
                    ]
                ]
            ],
            "states": [
                [
                    [
                        195480.0,
                        0.00017859364743344486,
                        0.0014523763675242662,
                        455306.15625
                    ],
                    [
                        224440.0,
                        0.00017706550715956837,
                        0.0012122188927605748,
                        199210.375
                    ],
                    [
                        260640.0,
                        0.00017533254867885262,
                        0.0010567386634647846,
                        291813.4375
                    ],
                    [
                        231680.0,
                        0.00017360733181703836,
                        0.0010331012308597565,
                        619352.5625
                    ],
                    [
                        201272.0,
                        0.00017211795784533024,
                        0.0008577806875109673,
                        757621.5
                    ],
                    [
                        233128.0,
                        0.0001706496550468728,
                        0.002856994280591607,
                        402371.75
                    ],
                    [
                        238920.0,
                        0.00016908197721932083,
                        0.005327177233994007,
                        418626.09375
                    ],
                    [
                        185344.0,
                        0.00016769685316830873,
                        0.006734849885106087,
                        490648.125
                    ],
                    [
                        205616.0,
                        0.000166440979228355,
                        0.008968048729002476,
                        304516.78125
                    ],
                    [
                        195480.0,
                        0.00016517171752639115,
                        0.00019177634385414422,
                        553446.625
                    ],
                    [
                        202720.0,
                        0.00016393074474763125,
                        0.0001491233124397695,
                        853423.1875
                    ],
                    [
                        209960.0,
                        0.00016266417514998466,
                        0.0002625611668918282,
                        298799.9375
                    ],
                    [
                        209960.0,
                        0.0001613952626939863,
                        0.0004885925445705652,
                        376011.875
                    ],
                    [
                        144800.0,
                        0.00016033815336413682,
                        0.0010367168579250574,
                        94745.609375
                    ],
                    [
                        246160.0,
                        0.00015919026918709278,
                        0.0028569940477609634,
                        223245.734375
                    ],
                    [
                        253400.0,
                        0.000157746413606219,
                        0.005327177233994007,
                        267948.78125
                    ],
                    [
                        296840.0,
                        0.00015618640463799238,
                        0.006734849885106087,
                        291045.46875
                    ],
                    [
                        340280.0,
                        0.0001544181868666783,
                        0.008968048729002476,
                        376205.125
                    ],
                    [
                        405440.0,
                        0.0001523990067653358,
                        0.010990988463163376,
                        467932.84375
                    ],
                    [
                        463360.0,
                        0.0001501120423199609,
                        0.011323424987494946,
                        301846.5
                    ]
                ]
            ],
            "actions": [
                [
                    [
                        0.25
                    ],
                    [
                        0.25
                    ],
                    [
                        0.25
                    ],
                    [
                        0.25
                    ],
                    [
                        0.25
                    ],
                    [
                        0.25
                    ],
                    [
                        0.25
                    ],
                    [
                        0.25
                    ],
                    [
                        0.25
                    ],
                    [
                        0.25
                    ],
                    [
                        0.25
                    ],
                    [
                        0.25
                    ],
                    [
                        0.25
                    ],
                    [
                        0.25
                    ],
                    [
                        0.25
                    ],
                    [
                        0.25
                    ],
                    [
                        0.25
                    ],
                    [
                        0.25
                    ],
                    [
                        0.25
                    ],
                    [
                        0.25
                    ]
                ]
            ],
            "returns": [
                [
                    [
                        0.0820998102426529
                    ],
                    [
                        0.0814596638083458
                    ],
                    [
                        0.08080726861953735
                    ],
                    [
                        0.08014161884784698
                    ],
                    [
                        0.0794864147901535
                    ],
                    [
                        0.07884368300437927
                    ],
                    [
                        0.07818792015314102
                    ],
                    [
                        0.07752998173236847
                    ],
                    [
                        0.07689455896615982
                    ],
                    [
                        0.07624993473291397
                    ],
                    [
                        0.07560978829860687
                    ],
                    [
                        0.0749664157629013
                    ],
                    [
                        0.07431993633508682
                    ],
                    [
                        0.07367345690727234
                    ],
                    [
                        0.07305991649627686
                    ],
                    [
                        0.0723993331193924
                    ],
                    [
                        0.07173618674278259
                    ],
                    [
                        0.07105900347232819
                    ],
                    [
                        0.07036971300840378
                    ],
                    [
                        0.06966488808393478
                    ]
                ]
            ],
            "timesteps": [
                [
                    540,
                    541,
                    542,
                    543,
                    544,
                    545,
                    546,
                    547,
                    548,
                    549,
                    550,
                    551,
                    552,
                    553,
                    554,
                    555,
                    556,
                    557,
                    558,
                    559
                ]
            ],
            "labels": [
                [
                    0,
                    0,
                    0,
                    0,
                    0,
                    0,
                    0,
                    0,
                    0,
                    0,
                    0,
                    0,
                    0,
                    0,
                    0,
                    0,
                    0,
                    0,
                    0,
                    0
                ]
            ],
            "CPU Usage": 45.0,
            "RAM Usage": 55.1,
            "GPU Usage": 0.0,
            "VRAM Usage": 355.0,
            "Disk Read Speed (MB/s)": 206646.6083984375,
            "Disk Write Speed (MB/s)": 417729.3876953125
        },
        {
            "step": 1,
            "train_loss": 0.0008999895071610808,
            "actions_pred1": [
                [
                    [
                        0.007017314434051514,
                        4.005984783172607,
                        0.2423378974199295,
                        -1.5969699621200562
                    ],
                    [
                        -0.021892309188842773,
                        4.265483379364014,
                        -0.304721862077713,
                        -2.011141538619995
                    ],
                    [
                        0.14146369695663452,
                        4.5848283767700195,
                        -0.25572869181632996,
                        -2.5022482872009277
                    ],
                    [
                        0.4040257930755615,
                        4.935856819152832,
                        -0.3454306721687317,
                        -2.8678722381591797
                    ],
                    [
                        0.7405165433883667,
                        5.010266304016113,
                        -0.373545378446579,
                        -3.2767927646636963
                    ],
                    [
                        1.0675116777420044,
                        5.144777774810791,
                        -0.11622169613838196,
                        -3.7174956798553467
                    ],
                    [
                        1.1297345161437988,
                        5.372936248779297,
                        -0.04257011413574219,
                        -4.118170738220215
                    ],
                    [
                        1.190126657485962,
                        5.17342472076416,
                        -0.07964670658111572,
                        -4.300400257110596
                    ],
                    [
                        1.3346586227416992,
                        5.200565338134766,
                        0.21297478675842285,
                        -4.283564567565918
                    ],
                    [
                        1.4320310354232788,
                        5.276437282562256,
                        0.29521670937538147,
                        -4.563638687133789
                    ],
                    [
                        1.3211960792541504,
                        5.250307559967041,
                        0.23558181524276733,
                        -4.701131343841553
                    ],
                    [
                        1.3435797691345215,
                        5.145055294036865,
                        0.24470889568328857,
                        -4.564953804016113
                    ],
                    [
                        1.617190957069397,
                        5.258445739746094,
                        0.268602579832077,
                        -4.83885383605957
                    ],
                    [
                        1.7681550979614258,
                        5.208686828613281,
                        0.22214831411838531,
                        -5.062994003295898
                    ],
                    [
                        1.629754662513733,
                        5.42724084854126,
                        0.14807578921318054,
                        -5.265706539154053
                    ],
                    [
                        1.790840744972229,
                        5.534496307373047,
                        0.20052407681941986,
                        -5.2404704093933105
                    ],
                    [
                        1.9152956008911133,
                        5.387151718139648,
                        0.42406219244003296,
                        -5.316222190856934
                    ],
                    [
                        1.8894859552383423,
                        5.442418575286865,
                        0.5250279903411865,
                        -5.235796928405762
                    ],
                    [
                        1.9268255233764648,
                        5.4856414794921875,
                        0.4816364645957947,
                        -5.440195083618164
                    ],
                    [
                        2.1211023330688477,
                        5.4558258056640625,
                        0.6060674786567688,
                        -5.579242706298828
                    ]
                ]
            ],
            "actions_pred": [
                [
                    [
                        0.007017314434051514,
                        -0.021892309188842773,
                        0.14146369695663452,
                        0.4040257930755615,
                        0.7405165433883667,
                        1.0675116777420044,
                        1.1297345161437988,
                        1.190126657485962,
                        1.3346586227416992,
                        1.4320310354232788,
                        1.3211960792541504,
                        1.3435797691345215,
                        1.617190957069397,
                        1.7681550979614258,
                        1.629754662513733,
                        1.790840744972229,
                        1.9152956008911133,
                        1.8894859552383423,
                        1.9268255233764648,
                        2.1211023330688477
                    ],
                    [
                        4.005984783172607,
                        4.265483379364014,
                        4.5848283767700195,
                        4.935856819152832,
                        5.010266304016113,
                        5.144777774810791,
                        5.372936248779297,
                        5.17342472076416,
                        5.200565338134766,
                        5.276437282562256,
                        5.250307559967041,
                        5.145055294036865,
                        5.258445739746094,
                        5.208686828613281,
                        5.42724084854126,
                        5.534496307373047,
                        5.387151718139648,
                        5.442418575286865,
                        5.4856414794921875,
                        5.4558258056640625
                    ],
                    [
                        0.2423378974199295,
                        -0.304721862077713,
                        -0.25572869181632996,
                        -0.3454306721687317,
                        -0.373545378446579,
                        -0.11622169613838196,
                        -0.04257011413574219,
                        -0.07964670658111572,
                        0.21297478675842285,
                        0.29521670937538147,
                        0.23558181524276733,
                        0.24470889568328857,
                        0.268602579832077,
                        0.22214831411838531,
                        0.14807578921318054,
                        0.20052407681941986,
                        0.42406219244003296,
                        0.5250279903411865,
                        0.4816364645957947,
                        0.6060674786567688
                    ],
                    [
                        -1.5969699621200562,
                        -2.011141538619995,
                        -2.5022482872009277,
                        -2.8678722381591797,
                        -3.2767927646636963,
                        -3.7174956798553467,
                        -4.118170738220215,
                        -4.300400257110596,
                        -4.283564567565918,
                        -4.563638687133789,
                        -4.701131343841553,
                        -4.564953804016113,
                        -4.83885383605957,
                        -5.062994003295898,
                        -5.265706539154053,
                        -5.2404704093933105,
                        -5.316222190856934,
                        -5.235796928405762,
                        -5.440195083618164,
                        -5.579242706298828
                    ]
                ]
            ],
            "states": [
                [
                    [
                        5059312.0,
                        9.1049492766615e-05,
                        0.0002829945588018745,
                        570940.9375
                    ],
                    [
                        5117232.0,
                        8.226631325669587e-05,
                        0.00027779326774179935,
                        553102.75
                    ],
                    [
                        5535704.0,
                        7.472792640328407e-05,
                        0.00029917724896222353,
                        546738.9375
                    ],
                    [
                        4970984.0,
                        6.851889338577166e-05,
                        0.00037997434264980257,
                        615590.1875
                    ],
                    [
                        2654184.0,
                        6.460718577727675e-05,
                        0.00029415389872156084,
                        481818.0625
                    ],
                    [
                        4494592.0,
                        6.135837611509487e-05,
                        0.00029440681100822985,
                        522992.78125
                    ],
                    [
                        4348344.0,
                        5.774946475867182e-05,
                        0.00028164629475213587,
                        491780.875
                    ],
                    [
                        4933336.0,
                        5.439664164441638e-05,
                        0.00027785348356701434,
                        520398.875
                    ],
                    [
                        4701656.0,
                        5.129960845806636e-05,
                        0.00038381022750400007,
                        575110.6875
                    ],
                    [
                        4578576.0,
                        4.8633406549924985e-05,
                        0.0002961547579616308,
                        495802.21875
                    ],
                    [
                        3149400.0,
                        4.661144339479506e-05,
                        0.00029962105327285826,
                        505119.28125
                    ],
                    [
                        4999944.0,
                        4.466465179575607e-05,
                        0.00029777659801766276,
                        484590.125
                    ],
                    [
                        5011528.0,
                        4.247795732226223e-05,
                        0.0002728095860220492,
                        482498.96875
                    ],
                    [
                        5127368.0,
                        4.047168113174848e-05,
                        0.0002930021146312356,
                        492467.5625
                    ],
                    [
                        5149088.0,
                        3.862225275952369e-05,
                        0.0005929499748162925,
                        510973.59375
                    ],
                    [
                        3434656.0,
                        3.7198835343588144e-05,
                        0.00017766767996363342,
                        518040.0625
                    ],
                    [
                        4734960.0,
                        3.594371446524747e-05,
                        0.00018339134112466127,
                        483570.8125
                    ],
                    [
                        4713240.0,
                        3.459137587924488e-05,
                        0.00019205290300305933,
                        485131.46875
                    ],
                    [
                        5099856.0,
                        3.3291154977632686e-05,
                        0.0002024973655352369,
                        498759.9375
                    ],
                    [
                        5243208.0,
                        3.2021918741520494e-05,
                        0.0002613598189782351,
                        496721.28125
                    ]
                ]
            ],
            "actions": [
                [
                    [
                        0.5
                    ],
                    [
                        0.5
                    ],
                    [
                        0.5
                    ],
                    [
                        0.5
                    ],
                    [
                        0.5
                    ],
                    [
                        0.5
                    ],
                    [
                        0.5
                    ],
                    [
                        0.5
                    ],
                    [
                        0.5
                    ],
                    [
                        0.5
                    ],
                    [
                        0.5
                    ],
                    [
                        0.5
                    ],
                    [
                        0.5
                    ],
                    [
                        0.5
                    ],
                    [
                        0.5
                    ],
                    [
                        0.5
                    ],
                    [
                        0.5
                    ],
                    [
                        0.5
                    ],
                    [
                        0.5
                    ],
                    [
                        0.5
                    ]
                ]
            ],
            "returns": [
                [
                    [
                        0.4691389203071594
                    ],
                    [
                        0.4682103097438812
                    ],
                    [
                        0.46728071570396423
                    ],
                    [
                        0.46634411811828613
                    ],
                    [
                        0.4654170870780945
                    ],
                    [
                        0.46454569697380066
                    ],
                    [
                        0.46362757682800293
                    ],
                    [
                        0.4627124071121216
                    ],
                    [
                        0.46178606152534485
                    ],
                    [
                        0.46086394786834717
                    ],
                    [
                        0.4599442183971405
                    ],
                    [
                        0.45905765891075134
                    ],
                    [
                        0.4581300914287567
                    ],
                    [
                        0.45720234513282776
                    ],
                    [
                        0.45627257227897644
                    ],
                    [
                        0.4553424119949341
                    ],
                    [
                        0.4544481337070465
                    ],
                    [
                        0.4535254240036011
                    ],
                    [
                        0.4526031017303467
                    ],
                    [
                        0.45167380571365356
                    ]
                ]
            ],
            "timesteps": [
                [
                    120,
                    121,
                    122,
                    123,
                    124,
                    125,
                    126,
                    127,
                    128,
                    129,
                    130,
                    131,
                    132,
                    133,
                    134,
                    135,
                    136,
                    137,
                    138,
                    139
                ]
            ],
            "labels": [
                [
                    1,
                    1,
                    1,
                    1,
                    1,
                    1,
                    1,
                    1,
                    1,
                    1,
                    1,
                    1,
                    1,
                    1,
                    1,
                    1,
                    1,
                    1,
                    1,
                    1
                ]
            ],
            "CPU Usage": 46.7,
            "RAM Usage": 55.1,
            "GPU Usage": 0.0,
            "VRAM Usage": 355.0,
            "Disk Read Speed (MB/s)": 206646.6083984375,
            "Disk Write Speed (MB/s)": 417729.6181640625
        },
        {
            "step": 2,
            "train_loss": 0.015415643341839314,
            "actions_pred1": [
                [
                    [
                        0.8913701772689819,
                        1.8504021167755127,
                        1.9163830280303955,
                        -3.6267013549804688
                    ],
                    [
                        0.8758557438850403,
                        1.7005479335784912,
                        1.9956812858581543,
                        -3.736299514770508
                    ],
                    [
                        0.8516054749488831,
                        2.022095203399658,
                        1.8691083192825317,
                        -4.221901893615723
                    ],
                    [
                        0.74666428565979,
                        2.2546744346618652,
                        1.7375961542129517,
                        -4.647017478942871
                    ],
                    [
                        0.7987398505210876,
                        2.9707798957824707,
                        1.6973917484283447,
                        -5.139627456665039
                    ],
                    [
                        1.2039875984191895,
                        2.9716336727142334,
                        1.4143571853637695,
                        -5.577597618103027
                    ],
                    [
                        1.3927781581878662,
                        3.0981898307800293,
                        1.158449411392212,
                        -5.841489791870117
                    ],
                    [
                        1.4276858568191528,
                        3.479705333709717,
                        1.3754301071166992,
                        -5.80900764465332
                    ],
                    [
                        1.6218515634536743,
                        3.450068950653076,
                        1.5744469165802002,
                        -5.899255752563477
                    ],
                    [
                        1.9076752662658691,
                        3.4787604808807373,
                        1.4211946725845337,
                        -6.455953598022461
                    ],
                    [
                        1.9564332962036133,
                        3.3284759521484375,
                        1.1581707000732422,
                        -6.648227691650391
                    ],
                    [
                        1.972190260887146,
                        3.5710740089416504,
                        1.1514989137649536,
                        -7.001977920532227
                    ],
                    [
                        1.9231300354003906,
                        3.659036159515381,
                        1.2802557945251465,
                        -6.92489767074585
                    ],
                    [
                        2.2634599208831787,
                        3.983839750289917,
                        1.494194507598877,
                        -7.320557594299316
                    ],
                    [
                        2.3171520233154297,
                        4.158162593841553,
                        1.2997586727142334,
                        -7.236876964569092
                    ],
                    [
                        2.2995612621307373,
                        4.035855770111084,
                        1.4660524129867554,
                        -7.350226879119873
                    ],
                    [
                        2.5196263790130615,
                        3.7745895385742188,
                        1.6157708168029785,
                        -7.388948440551758
                    ],
                    [
                        2.523268938064575,
                        3.639636516571045,
                        1.5959776639938354,
                        -7.375169277191162
                    ],
                    [
                        2.54488468170166,
                        3.572753667831421,
                        1.6480774879455566,
                        -7.015542030334473
                    ],
                    [
                        2.9748318195343018,
                        3.686880588531494,
                        1.6266493797302246,
                        -7.293019771575928
                    ]
                ]
            ],
            "actions_pred": [
                [
                    [
                        0.8913701772689819,
                        0.8758557438850403,
                        0.8516054749488831,
                        0.74666428565979,
                        0.7987398505210876,
                        1.2039875984191895,
                        1.3927781581878662,
                        1.4276858568191528,
                        1.6218515634536743,
                        1.9076752662658691,
                        1.9564332962036133,
                        1.972190260887146,
                        1.9231300354003906,
                        2.2634599208831787,
                        2.3171520233154297,
