{
    "steps": [
        {
            "step": 0,
            "train_loss": 0.0624716691672802,
            "actions_pred1": [
                [
                    [
                        0.10149359703063965,
                        -0.477645605802536,
                        0.7137305736541748,
                        0.8088632822036743
                    ],
                    [
                        0.1023654192686081,
                        -0.3033190667629242,
                        0.6915467977523804,
                        0.6678117513656616
                    ],
                    [
                        -0.002073518931865692,
                        -0.1591646671295166,
                        0.6733330488204956,
                        0.49974411725997925
                    ],
                    [
                        -0.02265550196170807,
                        -0.11029320955276489,
                        0.7802395820617676,
                        0.45986390113830566
                    ],
                    [
                        -0.08418072760105133,
                        -0.10554811358451843,
                        0.6858980059623718,
                        0.6345129013061523
                    ],
                    [
                        -0.027342457324266434,
                        -0.04153228551149368,
                        0.7329268455505371,
                        0.6745877265930176
                    ],
                    [
                        -0.03428035229444504,
                        -0.17273926734924316,
                        0.6730045080184937,
                        0.724609375
                    ],
                    [
                        -0.16940703988075256,
                        -0.14907248318195343,
                        0.8230732679367065,
                        0.637782096862793
                    ],
                    [
                        -0.22158180177211761,
                        -0.06971415132284164,
                        0.8742101192474365,
                        0.6204283237457275
                    ],
                    [
                        -0.22220692038536072,
                        -0.14272302389144897,
                        0.7532984018325806,
                        0.6685664653778076
                    ],
                    [
                        -0.28848108649253845,
                        -0.06875190138816833,
                        0.8328147530555725,
                        0.5746467113494873
                    ],
                    [
                        -0.12783481180667877,
                        -0.04919377714395523,
                        0.9368408918380737,
                        0.8135621547698975
                    ],
                    [
                        -0.1407255381345749,
                        -0.050640370696783066,
                        0.8886816501617432,
                        0.4845791459083557
                    ],
                    [
                        -0.26762497425079346,
                        -0.036258574575185776,
                        0.905007541179657,
                        0.5853352546691895
                    ],
                    [
                        -0.27434611320495605,
                        -0.017751682549715042,
                        0.970550000667572,
                        0.6017731428146362
                    ],
                    [
                        -0.17307598888874054,
                        -0.011372704058885574,
                        0.9570327401161194,
                        0.719497561454773
                    ],
                    [
                        -0.26719680428504944,
                        -0.07924620807170868,
                        0.9045560359954834,
                        0.75252366065979
                    ],
                    [
                        -0.38638508319854736,
                        -0.10588651895523071,
                        0.7933105826377869,
                        0.7178768515586853
                    ],
                    [
                        -0.24030476808547974,
                        -0.19001337885856628,
                        0.7517993450164795,
                        0.7986637949943542
                    ],
                    [
                        -0.34641870856285095,
                        -0.10861381143331528,
                        0.825377345085144,
                        0.7567664980888367
                    ]
                ]
            ],
            "actions_pred": [
                [
                    [
                        0.10149359703063965,
                        0.1023654192686081,
                        -0.002073518931865692,
                        -0.02265550196170807,
                        -0.08418072760105133,
                        -0.027342457324266434,
                        -0.03428035229444504,
                        -0.16940703988075256,
                        -0.22158180177211761,
                        -0.22220692038536072,
                        -0.28848108649253845,
                        -0.12783481180667877,
                        -0.1407255381345749,
                        -0.26762497425079346,
                        -0.27434611320495605,
                        -0.17307598888874054,
                        -0.26719680428504944,
                        -0.38638508319854736,
                        -0.24030476808547974,
                        -0.34641870856285095
                    ],
                    [
                        -0.477645605802536,
                        -0.3033190667629242,
                        -0.1591646671295166,
                        -0.11029320955276489,
                        -0.10554811358451843,
                        -0.04153228551149368,
                        -0.17273926734924316,
                        -0.14907248318195343,
                        -0.06971415132284164,
                        -0.14272302389144897,
                        -0.06875190138816833,
                        -0.04919377714395523,
                        -0.050640370696783066,
                        -0.036258574575185776,
                        -0.017751682549715042,
                        -0.011372704058885574,
                        -0.07924620807170868,
                        -0.10588651895523071,
                        -0.19001337885856628,
                        -0.10861381143331528
                    ],
                    [
                        0.7137305736541748,
                        0.6915467977523804,
                        0.6733330488204956,
                        0.7802395820617676,
                        0.6858980059623718,
                        0.7329268455505371,
                        0.6730045080184937,
                        0.8230732679367065,
                        0.8742101192474365,
                        0.7532984018325806,
                        0.8328147530555725,
                        0.9368408918380737,
                        0.8886816501617432,
                        0.905007541179657,
                        0.970550000667572,
                        0.9570327401161194,
                        0.9045560359954834,
                        0.7933105826377869,
                        0.7517993450164795,
                        0.825377345085144
                    ],
                    [
                        0.8088632822036743,
                        0.6678117513656616,
                        0.49974411725997925,
                        0.45986390113830566,
                        0.6345129013061523,
                        0.6745877265930176,
                        0.724609375,
                        0.637782096862793,
                        0.6204283237457275,
                        0.6685664653778076,
                        0.5746467113494873,
                        0.8135621547698975,
                        0.4845791459083557,
                        0.5853352546691895,
                        0.6017731428146362,
                        0.719497561454773,
                        0.75252366065979,
                        0.7178768515586853,
                        0.7986637949943542,
                        0.7567664980888367
                    ]
                ]
            ],
            "states": [
                [
                    [
                        4843560.0,
                        2.424415470159147e-05,
                        0.00033060877467505634,
                        578357.375
                    ],
                    [
                        5799240.0,
                        2.295832928211894e-05,
                        0.0031183171086013317,
                        515791.3125
                    ],
                    [
                        4623464.0,
                        2.2749398340238258e-05,
                        0.0025027666706591845,
                        635101.375
                    ],
                    [
                        4743648.0,
                        2.2564916434930637e-05,
                        0.0014389286516234279,
                        594770.9375
                    ],
                    [
                        2644227.0,
                        0.009791561402380466,
                        0.003044134471565485,
                        425038.1875
                    ],
                    [
                        9469920.0,
                        0.0006961323670111597,
                        0.00288664479739964,
                        440941.21875
                    ],
                    [
                        5718152.0,
                        0.00029342120978981256,
                        0.0027106136549264193,
                        528296.5625
                    ],
                    [
                        2943784.0,
                        0.00022529042325913906,
                        0.0027518118731677532,
                        461782.90625
                    ],
                    [
                        1387184.0,
                        0.0002022606786340475,
                        0.0026009255088865757,
                        650753.875
                    ],
                    [
                        490872.0,
                        0.00019373110262677073,
                        0.002423960482701659,
                        624566.0
                    ],
                    [
                        260640.0,
                        0.00019053270807489753,
                        0.002274049213156104,
                        567144.625
                    ],
                    [
                        201272.0,
                        0.00018862112483475357,
                        0.0023237415589392185,
                        604014.4375
                    ],
                    [
                        152040.0,
                        0.00018718479259405285,
                        0.0021793735213577747,
                        487596.375
                    ],
                    [
                        117288.0,
                        0.00018610460392665118,
                        0.002523052040487528,
                        579471.3125
                    ],
                    [
                        123080.0,
                        0.0001851513225119561,
                        0.002231767401099205,
                        401703.1875
                    ],
                    [
                        70952.0,
                        0.00018438858387526125,
                        0.0032643231097608805,
                        840606.75
                    ],
                    [
                        131768.0,
                        0.0001835990115068853,
                        0.0020812072325497866,
                        190522.296875
                    ],
                    [
                        144800.0,
                        0.00018253228336106986,
                        0.0015903349267318845,
                        318817.125
                    ],
                    [
                        173760.0,
                        0.0001813189737731591,
                        0.0016534600872546434,
                        316928.125
                    ],
                    [
                        181000.0,
                        0.0001799864403437823,
                        0.0014106292510405183,
                        219901.125
                    ]
                ]
            ],
            "actions": [
                [
                    [
                        0.5
                    ],
                    [
                        0.5
                    ],
                    [
                        0.5
                    ],
                    [
                        0.5
                    ],
                    [
                        0.25
                    ],
                    [
                        0.25
                    ],
                    [
                        0.25
                    ],
                    [
                        0.25
                    ],
                    [
                        0.25
                    ],
                    [
                        0.25
                    ],
                    [
                        0.25
                    ],
                    [
                        0.25
                    ],
                    [
                        0.25
                    ],
                    [
                        0.25
                    ],
                    [
                        0.25
                    ],
                    [
                        0.25
                    ],
                    [
                        0.25
                    ],
                    [
                        0.25
                    ],
                    [
                        0.25
                    ],
                    [
                        0.25
                    ]
                ]
            ],
            "returns": [
                [
                    [
                        0.09717193245887756
                    ],
                    [
                        0.09624720364809036
                    ],
                    [
                        0.09530650824308395
                    ],
                    [
                        0.09438589215278625
                    ],
                    [
                        0.09346301108598709
                    ],
                    [
                        0.09259194135665894
                    ],
                    [
                        0.09160776436328888
                    ],
                    [
                        0.09066831320524216
                    ],
                    [
                        0.08978772908449173
                    ],
                    [
                        0.08897385746240616
                    ],
                    [
                        0.08825208246707916
                    ],
                    [
                        0.0875864326953888
                    ],
                    [
                        0.08694369345903397
                    ],
                    [
                        0.08632583171129227
                    ],
                    [
                        0.08573097735643387
                    ],
                    [
                        0.08513184636831284
                    ],
                    [
                        0.08458154648542404
                    ],
                    [
                        0.0839763730764389
                    ],
                    [
                        0.08336283266544342
                    ],
                    [
                        0.08273313194513321
                    ]
                ]
            ],
            "timesteps": [
                [
                    520,
                    521,
                    522,
                    523,
                    524,
                    525,
                    526,
                    527,
                    528,
                    529,
                    530,
                    531,
                    532,
                    533,
                    534,
                    535,
                    536,
                    537,
                    538,
                    539
                ]
            ],
            "labels": [
                [
                    1,
                    1,
                    1,
                    1,
                    0,
                    0,
                    0,
                    0,
                    0,
                    0,
                    0,
                    0,
                    0,
                    0,
                    0,
                    0,
                    0,
                    0,
                    0,
                    0
                ]
            ],
            "CPU Usage": 46.5,
            "RAM Usage": 55.5,
            "GPU Usage": 0.0,
            "VRAM Usage": 357.0,
            "Disk Read Speed (MB/s)": 205936.6796875,
            "Disk Write Speed (MB/s)": 322252.4033203125
        },
        {
            "step": 1,
            "train_loss": 0.05544701963663101,
            "actions_pred1": [
                [
                    [
                        -0.015168540179729462,
                        -0.07542052865028381,
                        0.6385899782180786,
                        0.7020666003227234
                    ],
                    [
                        -0.13457968831062317,
                        -0.06823746860027313,
                        0.5236364603042603,
                        0.659109890460968
                    ],
                    [
                        -0.21817560493946075,
                        -0.34446218609809875,
                        0.3402559459209442,
                        0.4919949769973755
                    ],
                    [
                        -0.14944134652614594,
                        -0.27981796860694885,
                        0.2988200783729553,
                        0.4039354920387268
                    ],
                    [
                        -0.19571182131767273,
                        -0.25356554985046387,
                        0.3991927206516266,
                        0.3741711378097534
                    ],
                    [
                        -0.29126816987991333,
                        -0.11089440435171127,
                        0.4889034330844879,
                        0.3475237786769867
                    ],
                    [
                        -0.10169394314289093,
                        -0.22479581832885742,
                        0.4305087924003601,
                        0.3248053193092346
                    ],
                    [
                        -0.15847432613372803,
                        -0.17830948531627655,
                        0.4141361117362976,
                        0.3180902302265167
                    ],
                    [
                        -0.2073357254266739,
                        -0.08620575815439224,
                        0.6765205264091492,
                        0.25225773453712463
                    ],
                    [
                        -0.1211266815662384,
                        -0.033926814794540405,
                        0.667068362236023,
                        0.3132643699645996
                    ],
                    [
                        -0.19035027921199799,
                        -0.13164646923542023,
                        0.6640198230743408,
                        0.3563896119594574
                    ],
                    [
                        -0.1737004518508911,
                        -0.10915657877922058,
                        0.558294951915741,
                        0.38124144077301025
                    ],
                    [
                        -0.16582082211971283,
                        -0.08531386405229568,
                        0.5750616788864136,
                        0.4264785647392273
                    ],
                    [
                        -0.18046990036964417,
                        -0.0566183403134346,
                        0.6585026383399963,
                        0.5576081871986389
                    ],
                    [
                        -0.1683475375175476,
                        -0.11089424788951874,
                        0.6544012427330017,
                        0.5445089340209961
                    ],
                    [
                        -0.15324735641479492,
                        -0.2511860728263855,
                        0.41123637557029724,
                        0.5188097953796387
                    ],
                    [
                        -0.14814943075180054,
                        -0.13723735511302948,
                        0.4546754062175751,
                        0.4139877259731293
                    ],
                    [
                        -0.21240200102329254,
                        -0.13501432538032532,
                        0.4482714533805847,
                        0.46494707465171814
                    ],
                    [
                        -0.24633491039276123,
                        -0.12362201511859894,
                        0.5407702326774597,
                        0.48898452520370483
                    ],
                    [
                        -0.23620910942554474,
                        -0.10092682391405106,
                        0.6367426514625549,
                        0.4111657738685608
                    ]
                ]
            ],
            "actions_pred": [
                [
                    [
                        -0.015168540179729462,
                        -0.13457968831062317,
                        -0.21817560493946075,
                        -0.14944134652614594,
                        -0.19571182131767273,
                        -0.29126816987991333,
                        -0.10169394314289093,
                        -0.15847432613372803,
                        -0.2073357254266739,
                        -0.1211266815662384,
                        -0.19035027921199799,
                        -0.1737004518508911,
                        -0.16582082211971283,
                        -0.18046990036964417,
                        -0.1683475375175476,
                        -0.15324735641479492,
                        -0.14814943075180054,
                        -0.21240200102329254,
                        -0.24633491039276123,
                        -0.23620910942554474
                    ],
                    [
                        -0.07542052865028381,
                        -0.06823746860027313,
                        -0.34446218609809875,
                        -0.27981796860694885,
                        -0.25356554985046387,
                        -0.11089440435171127,
                        -0.22479581832885742,
                        -0.17830948531627655,
                        -0.08620575815439224,
                        -0.033926814794540405,
                        -0.13164646923542023,
                        -0.10915657877922058,
                        -0.08531386405229568,
                        -0.0566183403134346,
                        -0.11089424788951874,
                        -0.2511860728263855,
                        -0.13723735511302948,
                        -0.13501432538032532,
                        -0.12362201511859894,
                        -0.10092682391405106
                    ],
                    [
                        0.6385899782180786,
                        0.5236364603042603,
                        0.3402559459209442,
                        0.2988200783729553,
                        0.3991927206516266,
                        0.4889034330844879,
                        0.4305087924003601,
                        0.4141361117362976,
                        0.6765205264091492,
                        0.667068362236023,
                        0.6640198230743408,
                        0.558294951915741,
                        0.5750616788864136,
                        0.6585026383399963,
                        0.6544012427330017,
                        0.41123637557029724,
                        0.4546754062175751,
                        0.4482714533805847,
                        0.5407702326774597,
                        0.6367426514625549
                    ],
                    [
                        0.7020666003227234,
                        0.659109890460968,
                        0.4919949769973755,
                        0.4039354920387268,
                        0.3741711378097534,
                        0.3475237786769867,
                        0.3248053193092346,
                        0.3180902302265167,
                        0.25225773453712463,
                        0.3132643699645996,
                        0.3563896119594574,
                        0.38124144077301025,
                        0.4264785647392273,
                        0.5576081871986389,
                        0.5445089340209961,
                        0.5188097953796387,
                        0.4139877259731293,
                        0.46494707465171814,
                        0.48898452520370483,
                        0.4111657738685608
                    ]
                ]
            ],
            "states": [
                [
                    [
                        5130264.0,
                        9.53052585828118e-06,
                        0.00017112551722675562,
                        484343.53125
                    ],
                    [
                        5473440.0,
                        9.464440154260956e-06,
                        0.00025726869353093207,
                        530369.25
                    ],
                    [
                        5615344.0,
                        9.396303539688233e-06,
                        0.000244751397985965,
                        507658.4375
                    ],
                    [
                        5705120.0,
                        9.327747648057994e-06,
                        0.0002547030453570187,
                        475297.125
                    ],
                    [
                        5661680.0,
                        9.25990843825275e-06,
                        0.0002602769818622619,
                        509474.46875
                    ],
                    [
                        5626928.0,
                        9.193505320581608e-06,
                        0.00028401854797266424,
                        512406.875
                    ],
                    [
                        7240000.0,
                        9.118992238654755e-06,
                        0.00026182830333709717,
                        473767.34375
                    ],
                    [
                        6098976.0,
                        9.042967576533556e-06,
                        0.00025427230866625905,
                        486137.84375
                    ],
                    [
                        5957072.0,
                        8.975355740403756e-06,
                        0.00025071317213587463,
                        481721.90625
                    ],
                    [
                        6045400.0,
                        8.909044481697492e-06,
                        0.000257556646829471,
                        512695.15625
                    ],
                    [
                        5554528.0,
                        8.845872798701748e-06,
                        0.0002534309751354158,
                        490408.03125
                    ],
                    [
                        5395248.0,
                        8.787061233306304e-06,
                        0.00019772094674408436,
                        502051.125
                    ],
                    [
                        6014992.0,
                        8.726612577447668e-06,
                        0.00023689404770266265,
                        496127.90625
                    ],
                    [
                        5615344.0,
                        8.665836503496394e-06,
                        0.00024040597782004625,
                        497831.1875
                    ],
                    [
                        5961416.0,
                        8.60618456499651e-06,
                        0.00023798528127372265,
                        498399.9375
                    ],
                    [
                        5690640.0,
                        8.546960089006461e-06,
                        0.0002599294239189476,
                        501903.53125
                    ],
                    [
                        6043952.0,
                        8.48813488119049e-06,
                        0.0002636733988765627,
                        501576.46875
                    ],
                    [
                        7975584.0,
                        8.418936886300799e-06,
                        0.00023683813924435526,
                        444337.65625
                    ],
                    [
                        5891912.0,
                        8.351544238394126e-06,
                        0.0002558637352194637,
                        498428.25
                    ],
                    [
                        6125040.0,
                        8.294033250422217e-06,
                        0.00024174025747925043,
                        501703.09375
                    ]
                ]
            ],
            "actions": [
                [
                    [
                        0.25
                    ],
                    [
                        0.25
                    ],
                    [
                        0.25
                    ],
                    [
                        0.25
                    ],
                    [
                        0.25
                    ],
                    [
                        0.25
                    ],
                    [
                        0.25
                    ],
                    [
                        0.25
                    ],
                    [
                        0.25
                    ],
                    [
                        0.25
                    ],
                    [
                        0.25
                    ],
                    [
                        0.25
                    ],
                    [
                        0.25
                    ],
                    [
                        0.25
                    ],
                    [
                        0.25
                    ],
                    [
                        0.25
                    ],
                    [
                        0.25
                    ],
                    [
                        0.25
                    ],
                    [
                        0.25
                    ],
                    [
                        0.25
                    ]
                ]
            ],
            "returns": [
                [
                    [
                        0.20859551429748535
                    ],
                    [
                        0.20766568183898926
                    ],
                    [
                        0.20673011243343353
                    ],
                    [
                        0.20579227805137634
                    ],
                    [
                        0.20485302805900574
                    ],
                    [
                        0.20391446352005005
                    ],
                    [
                        0.20297643542289734
                    ],
                    [
                        0.20201605558395386
                    ],
                    [
                        0.2010708898305893
                    ],
                    [
                        0.20012782514095306
                    ],
                    [
                        0.19918343424797058
                    ],
                    [
                        0.1982465535402298
                    ],
                    [
                        0.19731226563453674
                    ],
                    [
                        0.19636832177639008
                    ],
                    [
                        0.19543048739433289
                    ],
                    [
                        0.19448734819889069
                    ],
                    [
                        0.193548321723938
                    ],
                    [
                        0.1926039606332779
                    ],
                    [
                        0.19163501262664795
                    ],
                    [
                        0.19069290161132812
                    ]
                ]
            ],
            "timesteps": [
                [
                    400,
                    401,
                    402,
                    403,
                    404,
                    405,
                    406,
                    407,
                    408,
                    409,
                    410,
                    411,
                    412,
                    413,
                    414,
                    415,
                    416,
                    417,
                    418,
                    419
                ]
            ],
            "labels": [
                [
                    0,
                    0,
                    0,
                    0,
                    0,
                    0,
                    0,
                    0,
                    0,
                    0,
                    0,
                    0,
                    0,
                    0,
                    0,
                    0,
                    0,
                    0,
                    0,
                    0
                ]
            ],
            "CPU Usage": 47.0,
            "RAM Usage": 55.6,
            "GPU Usage": 0.0,
            "VRAM Usage": 356.0,
            "Disk Read Speed (MB/s)": 205936.6796875,
            "Disk Write Speed (MB/s)": 322252.4501953125
        },
        {
            "step": 2,
            "train_loss": 0.053704094141721725,
            "actions_pred1": [
                [
                    [
                        -0.2907598316669464,
                        -0.29238954186439514,
                        0.7226462364196777,
                        0.31537064909935
                    ],
                    [
                        -0.21368667483329773,
                        -0.14732588827610016,
                        0.7164921164512634,
                        0.4414006471633911
                    ],
                    [
                        -0.2019266039133072,
                        -0.10166680067777634,
                        0.7123079299926758,
                        0.5730067491531372
                    ],
                    [
                        -0.15098823606967926,
                        -0.04346916824579239,
                        0.7367546558380127,
                        0.5548889636993408
                    ],
                    [
                        -0.29368856549263,
                        0.054236821830272675,
                        0.7623671293258667,
                        0.4456457793712616
                    ],
                    [
                        -0.2401977926492691,
                        0.1123102605342865,
                        0.8038967251777649,
                        0.3925519287586212
                    ],
                    [
                        -0.28462648391723633,
                        0.0874871164560318,
                        0.8612319827079773,
                        0.3737466633319855
                    ],
                    [
                        -0.29886284470558167,
                        0.041997428983449936,
                        0.8556216359138489,
                        0.4537425935268402
                    ],
                    [
                        -0.3918642997741699,
                        0.17340779304504395,
                        0.8291624784469604,
                        0.47741079330444336
                    ],
                    [
                        -0.301207959651947,
                        0.004207246005535126,
                        0.8351330161094666,
                        0.5951963663101196
                    ],
                    [
                        -0.21842636168003082,
                        -0.039413660764694214,
                        0.8339512944221497,
                        0.5892442464828491
                    ],
                    [
                        -0.3565165400505066,
                        -0.06681399047374725,
                        0.8073529005050659,
                        0.499285489320755
                    ],
                    [
                        -0.508083164691925,
                        0.03557479381561279,
                        0.6384976506233215,
                        0.5263924598693848
                    ],
                    [
                        -0.4417877197265625,
                        0.10529295355081558,
                        0.7371921539306641,
                        0.500095784664154
                    ],
                    [
                        -0.3427417278289795,
                        0.006617613136768341,
                        0.7390173077583313,
                        0.5517941117286682
                    ],
                    [
                        -0.3090105652809143,
                        -0.01411747932434082,
                        0.7181484699249268,
                        0.5500415563583374
                    ],
                    [
                        -0.2703622579574585,
                        -0.00033958256244659424,
                        0.7916810512542725,
                        0.5481022000312805
                    ],
                    [
                        -0.2901381552219391,
                        -0.034188710153102875,
                        0.738093912601471,
                        0.5094955563545227
                    ],
                    [
                        -0.394146203994751,
                        -0.06277947872877121,
                        0.8137031197547913,
                        0.3637237548828125
                    ],
                    [
                        -0.34907442331314087,
                        0.0018990635871887207,
                        0.8329803943634033,
                        0.3784002661705017
                    ]
                ]
            ],
            "actions_pred": [
                [
                    [
                        -0.2907598316669464,
                        -0.21368667483329773,
                        -0.2019266039133072,
                        -0.15098823606967926,
                        -0.29368856549263,
