{
    "steps": [
        {
            "step": 0,
            "train_loss": 0.015159251168370247,
            "actions_pred1": [
                [
                    [
                        0.5628330707550049,
                        0.34161558747291565,
                        1.6396090984344482,
                        -1.8835017681121826
                    ],
                    [
                        0.5880960822105408,
                        0.5072028636932373,
                        1.5829284191131592,
                        -1.9735617637634277
                    ],
                    [
                        0.5946868062019348,
                        0.6460323929786682,
                        1.598294973373413,
                        -2.039524555206299
                    ],
                    [
                        0.8079558610916138,
                        0.6742277145385742,
                        1.9255411624908447,
                        -2.1568007469177246
                    ],
                    [
                        0.8028313517570496,
                        0.6944540739059448,
                        1.9659106731414795,
                        -2.274941921234131
                    ],
                    [
                        0.4413630962371826,
                        0.4297633767127991,
                        1.953208565711975,
                        -2.276388168334961
                    ],
                    [
                        0.37898215651512146,
                        0.44442445039749146,
                        1.8893142938613892,
                        -2.3379392623901367
                    ],
                    [
                        0.5628576278686523,
                        0.5527406930923462,
                        1.8217415809631348,
                        -2.2693095207214355
                    ],
                    [
                        0.6040757894515991,
                        0.5150213241577148,
                        1.734987497329712,
                        -2.4541172981262207
                    ],
                    [
                        0.5910738706588745,
                        0.5210452675819397,
                        1.6280332803726196,
                        -2.6718571186065674
                    ],
                    [
                        0.6336756348609924,
                        0.4244782328605652,
                        1.5231833457946777,
                        -2.621717929840088
                    ],
                    [
                        0.6556990146636963,
                        0.5123873949050903,
                        1.7016692161560059,
                        -2.690664291381836
                    ],
                    [
                        0.7084165811538696,
                        0.5395120978355408,
                        1.7908084392547607,
                        -2.6461710929870605
                    ],
                    [
                        0.7881383895874023,
                        0.3492768108844757,
                        1.8350727558135986,
                        -2.9043259620666504
                    ],
                    [
                        0.8490936756134033,
                        0.40446966886520386,
                        1.8285298347473145,
                        -3.0556724071502686
                    ],
                    [
                        0.7017530798912048,
                        0.4808449149131775,
                        1.860227108001709,
                        -3.258749485015869
                    ],
                    [
                        0.7472009658813477,
                        0.5704111456871033,
                        1.9208518266677856,
                        -3.0409650802612305
                    ],
                    [
                        0.7603928446769714,
                        0.6152091026306152,
                        1.8923890590667725,
                        -3.0090789794921875
                    ],
                    [
                        0.7411777973175049,
                        0.6523400545120239,
                        1.8700764179229736,
                        -3.084080934524536
                    ],
                    [
                        0.6665754914283752,
                        0.6567485928535461,
                        1.825935959815979,
                        -3.040083885192871
                    ]
                ]
            ],
            "actions_pred": [
                [
                    [
                        0.5628330707550049,
                        0.5880960822105408,
                        0.5946868062019348,
                        0.8079558610916138,
                        0.8028313517570496,
                        0.4413630962371826,
                        0.37898215651512146,
                        0.5628576278686523,
                        0.6040757894515991,
                        0.5910738706588745,
                        0.6336756348609924,
                        0.6556990146636963,
                        0.7084165811538696,
                        0.7881383895874023,
                        0.8490936756134033,
                        0.7017530798912048,
                        0.7472009658813477,
                        0.7603928446769714,
                        0.7411777973175049,
                        0.6665754914283752
                    ],
                    [
                        0.34161558747291565,
                        0.5072028636932373,
                        0.6460323929786682,
                        0.6742277145385742,
                        0.6944540739059448,
                        0.4297633767127991,
                        0.44442445039749146,
                        0.5527406930923462,
                        0.5150213241577148,
                        0.5210452675819397,
                        0.4244782328605652,
                        0.5123873949050903,
                        0.5395120978355408,
                        0.3492768108844757,
                        0.40446966886520386,
                        0.4808449149131775,
                        0.5704111456871033,
                        0.6152091026306152,
                        0.6523400545120239,
                        0.6567485928535461
                    ],
                    [
                        1.6396090984344482,
                        1.5829284191131592,
                        1.598294973373413,
                        1.9255411624908447,
                        1.9659106731414795,
                        1.953208565711975,
                        1.8893142938613892,
                        1.8217415809631348,
                        1.734987497329712,
                        1.6280332803726196,
                        1.5231833457946777,
                        1.7016692161560059,
                        1.7908084392547607,
                        1.8350727558135986,
                        1.8285298347473145,
                        1.860227108001709,
                        1.9208518266677856,
                        1.8923890590667725,
                        1.8700764179229736,
                        1.825935959815979
                    ],
                    [
                        -1.8835017681121826,
                        -1.9735617637634277,
                        -2.039524555206299,
                        -2.1568007469177246,
                        -2.274941921234131,
                        -2.276388168334961,
                        -2.3379392623901367,
                        -2.2693095207214355,
                        -2.4541172981262207,
                        -2.6718571186065674,
                        -2.621717929840088,
                        -2.690664291381836,
                        -2.6461710929870605,
                        -2.9043259620666504,
                        -3.0556724071502686,
                        -3.258749485015869,
                        -3.0409650802612305,
                        -3.0090789794921875,
                        -3.084080934524536,
                        -3.040083885192871
                    ]
                ]
            ],
            "states": [
                [
                    [
                        5583488.0,
                        1.565206184750423e-05,
                        0.00026454709586687386,
                        777972.9375
                    ],
                    [
                        4978224.0,
                        1.5359531971625984e-05,
                        0.0002797465131152421,
                        855686.3125
                    ],
                    [
                        5334432.0,
                        1.5084374354046304e-05,
                        0.00027696648612618446,
                        816815.875
                    ],
                    [
                        5159224.0,
                        1.4814246242167428e-05,
                        0.0002747685939539224,
                        799861.375
                    ],
                    [
                        5513984.0,
                        1.4549360457749572e-05,
                        0.000255326071055606,
                        807912.1875
                    ],
                    [
                        5082480.0,
                        1.4295442269940395e-05,
                        0.0002729953557718545,
                        779605.9375
                    ],
                    [
                        5376424.0,
                        1.4053456652618479e-05,
                        0.00026464968686923385,
                        853596.25
                    ],
                    [
                        5073792.0,
                        1.3819644664181396e-05,
                        0.000260901142610237,
                        865763.5
                    ],
                    [
                        5425656.0,
                        1.3592515642812941e-05,
                        0.00026091569452546537,
                        896600.0
                    ],
                    [
                        5301128.0,
                        1.3368029613047838e-05,
                        0.00027603365015238523,
                        844597.4375
                    ],
                    [
                        5346016.0,
                        1.3152442988939583e-05,
                        0.0002529293124098331,
                        839011.5
                    ],
                    [
                        5652992.0,
                        1.2936916391481645e-05,
                        0.0002769185812212527,
                        874385.5625
                    ],
                    [
                        5185288.0,
                        1.2731260540022049e-05,
                        0.0002480096882209182,
                        820181.0625
                    ],
                    [
                        5438688.0,
                        1.2536010217445437e-05,
                        0.00027678909827955067,
                        838090.6875
                    ],
                    [
                        5221488.0,
                        1.2345956747594755e-05,
                        0.0002834639744833112,
                        979366.25
                    ],
                    [
                        5306920.0,
                        1.2163849532953463e-05,
                        0.00027035834500566125,
                        858373.0
                    ],
                    [
                        5419864.0,
                        1.1983782314928249e-05,
                        0.0002671718248166144,
                        825702.5
                    ],
                    [
                        5708016.0,
                        1.1802524568338413e-05,
                        0.00027032653451897204,
                        851358.6875
                    ],
                    [
                        5637064.0,
                        1.1623262253124267e-05,
                        0.0002656110445968807,
                        872734.375
                    ],
                    [
                        5471992.0,
                        1.1452919352450408e-05,
                        0.0002651966060511768,
                        865487.25
                    ]
                ]
            ],
            "actions": [
                [
                    [
                        0.75
                    ],
                    [
                        0.75
                    ],
                    [
                        0.75
                    ],
                    [
                        0.75
                    ],
                    [
                        0.75
                    ],
                    [
                        0.75
                    ],
                    [
                        0.75
                    ],
                    [
                        0.75
                    ],
                    [
                        0.75
                    ],
                    [
                        0.75
                    ],
                    [
                        0.75
                    ],
                    [
                        0.75
                    ],
                    [
                        0.75
                    ],
                    [
                        0.75
                    ],
                    [
                        0.75
                    ],
                    [
                        0.75
                    ],
                    [
                        0.75
                    ],
                    [
                        0.75
                    ],
                    [
                        0.75
                    ],
                    [
                        0.75
                    ]
                ]
            ],
            "returns": [
                [
                    [
                        0.5428837537765503
                    ],
                    [
                        0.5419464111328125
                    ],
                    [
                        0.5410192608833313
                    ],
                    [
                        0.5400859713554382
                    ],
                    [
                        0.5391556620597839
                    ],
                    [
                        0.5382193922996521
                    ],
                    [
                        0.5372903943061829
                    ],
                    [
                        0.5363564491271973
                    ],
                    [
                        0.5354275703430176
                    ],
                    [
                        0.5344927906990051
                    ],
                    [
                        0.533560037612915
                    ],
                    [
                        0.5326265692710876
                    ],
                    [
                        0.5316881537437439
                    ],
                    [
                        0.5307573676109314
                    ],
                    [
                        0.5298223495483398
                    ],
                    [
                        0.5288909673690796
                    ],
                    [
                        0.5279580950737
                    ],
                    [
                        0.527023434638977
                    ],
                    [
                        0.5260841250419617
                    ],
                    [
                        0.525145947933197
                    ]
                ]
            ],
            "timesteps": [
                [
                    40,
                    41,
                    42,
                    43,
                    44,
                    45,
                    46,
                    47,
                    48,
                    49,
                    50,
                    51,
                    52,
                    53,
                    54,
                    55,
                    56,
                    57,
                    58,
                    59
                ]
            ],
            "labels": [
                [
                    2,
                    2,
                    2,
                    2,
                    2,
                    2,
                    2,
                    2,
                    2,
                    2,
                    2,
                    2,
                    2,
                    2,
                    2,
                    2,
                    2,
                    2,
                    2,
                    2
                ]
            ],
            "CPU Usage": 45.7,
            "RAM Usage": 54.9,
            "GPU Usage": 0.0,
            "VRAM Usage": 355.0,
            "Disk Read Speed (MB/s)": 206640.2841796875,
            "Disk Write Speed (MB/s)": 403685.3017578125
        },
        {
            "step": 1,
            "train_loss": 0.033638179302215576,
            "actions_pred1": [
                [
                    [
                        0.7361257076263428,
                        0.374475359916687,
                        1.079782485961914,
                        -2.0858421325683594
                    ],
                    [
                        0.8266813158988953,
                        0.47003456950187683,
                        1.0394443273544312,
                        -2.1030325889587402
                    ],
                    [
                        0.8165238499641418,
                        0.5165536999702454,
                        1.1999680995941162,
                        -1.931963324546814
                    ],
                    [
                        0.9692031145095825,
                        0.38798797130584717,
                        1.2397719621658325,
                        -2.0269148349761963
                    ],
                    [
                        1.0985628366470337,
                        0.3227086663246155,
                        1.3516546487808228,
                        -2.2338831424713135
                    ],
                    [
                        1.0823861360549927,
                        0.5453784465789795,
                        0.9696530103683472,
                        -2.5944247245788574
                    ],
                    [
                        1.081434726715088,
                        0.5573673844337463,
                        1.047485589981079,
                        -2.2306642532348633
                    ],
                    [
                        1.2111098766326904,
                        0.5314099788665771,
                        1.09288489818573,
                        -2.0017495155334473
                    ],
                    [
                        1.258162498474121,
                        0.5922234058380127,
                        1.0548226833343506,
                        -2.035492181777954
                    ],
                    [
                        1.1258124113082886,
                        0.5487405061721802,
                        1.2764322757720947,
                        -1.939866542816162
                    ],
                    [
                        1.0115296840667725,
                        0.49171584844589233,
                        1.4045192003250122,
                        -1.908672571182251
                    ],
                    [
                        1.0272643566131592,
                        0.4327102303504944,
                        1.379930853843689,
                        -1.8424663543701172
                    ],
                    [
                        1.0737847089767456,
                        0.47377288341522217,
                        1.3311307430267334,
                        -1.9015235900878906
                    ],
                    [
                        1.031854271888733,
                        0.47221478819847107,
                        1.2944639921188354,
                        -1.904693603515625
                    ],
                    [
                        1.1063413619995117,
                        0.44707393646240234,
                        1.3914461135864258,
                        -2.1729683876037598
                    ],
                    [
                        1.114661455154419,
                        0.4757413864135742,
                        1.580714225769043,
                        -2.140803813934326
                    ],
                    [
                        1.0993475914001465,
                        0.39375579357147217,
                        1.3986045122146606,
                        -2.0659432411193848
                    ],
                    [
                        1.0525288581848145,
                        0.6157057881355286,
                        1.3988786935806274,
                        -2.134847640991211
                    ],
                    [
                        0.9755513668060303,
                        0.5391979217529297,
                        1.466935634613037,
                        -2.094644784927368
                    ],
                    [
                        0.8447050452232361,
                        0.49871301651000977,
                        1.6181336641311646,
                        -2.073901414871216
                    ]
                ]
            ],
            "actions_pred": [
                [
                    [
                        0.7361257076263428,
                        0.8266813158988953,
                        0.8165238499641418,
                        0.9692031145095825,
                        1.0985628366470337,
                        1.0823861360549927,
                        1.081434726715088,
                        1.2111098766326904,
                        1.258162498474121,
                        1.1258124113082886,
                        1.0115296840667725,
                        1.0272643566131592,
                        1.0737847089767456,
                        1.031854271888733,
                        1.1063413619995117,
                        1.114661455154419,
                        1.0993475914001465,
                        1.0525288581848145,
                        0.9755513668060303,
                        0.8447050452232361
                    ],
                    [
                        0.374475359916687,
                        0.47003456950187683,
                        0.5165536999702454,
                        0.38798797130584717,
                        0.3227086663246155,
                        0.5453784465789795,
                        0.5573673844337463,
                        0.5314099788665771,
                        0.5922234058380127,
                        0.5487405061721802,
                        0.49171584844589233,
                        0.4327102303504944,
                        0.47377288341522217,
                        0.47221478819847107,
                        0.44707393646240234,
                        0.4757413864135742,
                        0.39375579357147217,
                        0.6157057881355286,
                        0.5391979217529297,
                        0.49871301651000977
                    ],
                    [
                        1.079782485961914,
                        1.0394443273544312,
                        1.1999680995941162,
                        1.2397719621658325,
                        1.3516546487808228,
                        0.9696530103683472,
                        1.047485589981079,
                        1.09288489818573,
                        1.0548226833343506,
                        1.2764322757720947,
                        1.4045192003250122,
                        1.379930853843689,
                        1.3311307430267334,
                        1.2944639921188354,
                        1.3914461135864258,
                        1.580714225769043,
                        1.3986045122146606,
                        1.3988786935806274,
                        1.466935634613037,
                        1.6181336641311646
                    ],
                    [
                        -2.0858421325683594,
                        -2.1030325889587402,
                        -1.931963324546814,
                        -2.0269148349761963,
                        -2.2338831424713135,
                        -2.5944247245788574,
                        -2.2306642532348633,
                        -2.0017495155334473,
                        -2.035492181777954,
                        -1.939866542816162,
                        -1.908672571182251,
                        -1.8424663543701172,
                        -1.9015235900878906,
                        -1.904693603515625,
                        -2.1729683876037598,
                        -2.140803813934326,
                        -2.0659432411193848,
                        -2.134847640991211,
                        -2.094644784927368,
                        -2.073901414871216
                    ]
                ]
            ],
            "states": [
                [
                    [
                        10534200.0,
                        2.6509645977057517e-05,
                        0.00013993013999424875,
                        443834.40625
                    ],
                    [
                        10761536.0,
                        2.5514371372992173e-05,
                        0.0001420098269591108,
                        437980.875
                    ],
                    [
                        9713184.0,
                        2.462484007992316e-05,
                        0.00013746164040639997,
                        438923.15625
                    ],
                    [
                        11058376.0,
                        2.37847361859167e-05,
                        0.00013166402641218156,
                        442931.21875
                    ],
                    [
                        10751400.0,
                        2.2961492504691705e-05,
                        0.00014091107004787773,
                        432700.84375
                    ],
                    [
                        10246048.0,
                        2.2220945538720116e-05,
                        0.0001376972795696929,
                        435969.53125
                    ],
                    [
                        9969480.0,
                        2.1551775716943666e-05,
                        0.00013403889897745103,
                        440537.53125
                    ],
                    [
                        10251840.0,
                        2.0921770556014962e-05,
                        0.00014748213288839906,
                        443483.875
                    ],
                    [
                        10121520.0,
                        2.0323142962297425e-05,
                        0.00013067024701740593,
                        443831.96875
                    ],
                    [
                        9543768.0,
                        1.977682586584706e-05,
                        0.00013482528447639197,
                        439055.96875
                    ],
                    [
                        8799496.0,
                        1.9293054720037617e-05,
                        0.00013897643657401204,
                        475444.21875
                    ],
                    [
                        9742144.0,
                        1.8827833628165536e-05,
                        0.00014449551235884428,
                        446623.25
                    ],
                    [
                        9966584.0,
                        1.835721377574373e-05,
                        0.00014116551028564572,
                        435027.78125
                    ],
                    [
                        9815992.0,
                        1.7907843357534148e-05,
                        0.0001414243597537279,
                        434458.03125
                    ],
                    [
                        10637008.0,
                        1.7465919881942682e-05,
                        0.00015197490574792027,
                        447300.9375
                    ],
                    [
                        9175976.0,
                        1.705779868643731e-05,
                        0.00016332330415025353,
                        457786.65625
                    ],
                    [
                        9695808.0,
                        1.6686690287315287e-05,
                        0.00014966299931984395,
                        442052.53125
                    ],
                    [
                        10571848.0,
                        1.6305739336530678e-05,
                        0.0001437981118215248,
                        454590.5
                    ],
                    [
                        9242584.0,
                        1.5949490261846222e-05,
                        0.0001480604405514896,
                        454658.375
                    ],
                    [
                        10438632.0,
                        1.5611025446560234e-05,
                        0.00013623677659779787,
                        451379.625
                    ]
                ]
            ],
            "actions": [
                [
                    [
                        0.25
                    ],
                    [
                        0.25
                    ],
                    [
                        0.25
                    ],
                    [
                        0.25
                    ],
                    [
                        0.25
                    ],
                    [
                        0.25
                    ],
                    [
                        0.25
                    ],
                    [
                        0.25
                    ],
                    [
                        0.25
                    ],
                    [
                        0.25
                    ],
                    [
                        0.25
                    ],
                    [
                        0.25
                    ],
                    [
                        0.25
                    ],
                    [
                        0.25
                    ],
                    [
                        0.25
                    ],
                    [
                        0.25
                    ],
                    [
                        0.25
                    ],
                    [
                        0.25
                    ],
                    [
                        0.25
                    ],
                    [
                        0.25
                    ]
                ]
            ],
            "returns": [
                [
                    [
                        0.2667037844657898
                    ],
                    [
                        0.26571014523506165
                    ],
                    [
                        0.26471462845802307
                    ],
                    [
                        0.26372823119163513
                    ],
                    [
                        0.26273030042648315
                    ],
                    [
                        0.26173487305641174
                    ],
                    [
                        0.2607437074184418
                    ],
                    [
                        0.2597549855709076
                    ],
                    [
                        0.25876376032829285
                    ],
                    [
                        0.2577736973762512
                    ],
                    [
                        0.25678882002830505
                    ],
                    [
                        0.2558111548423767
                    ],
                    [
                        0.2548244595527649
                    ],
                    [
                        0.2538357675075531
                    ],
                    [
                        0.25284841656684875
                    ],
                    [
                        0.25185394287109375
                    ],
                    [
                        0.25087255239486694
                    ],
                    [
                        0.24988628923892975
                    ],
                    [
                        0.24889235198497772
                    ],
                    [
                        0.24791033565998077
                    ]
                ]
            ],
            "timesteps": [
                [
                    340,
                    341,
                    342,
                    343,
                    344,
                    345,
                    346,
                    347,
                    348,
                    349,
                    350,
                    351,
                    352,
                    353,
                    354,
                    355,
                    356,
                    357,
                    358,
                    359
                ]
            ],
            "labels": [
                [
                    0,
                    0,
                    0,
                    0,
                    0,
                    0,
                    0,
                    0,
                    0,
                    0,
                    0,
                    0,
                    0,
                    0,
                    0,
                    0,
                    0,
                    0,
                    0,
                    0
                ]
            ],
            "CPU Usage": 46.7,
            "RAM Usage": 55.0,
            "GPU Usage": 0.0,
            "VRAM Usage": 355.0,
            "Disk Read Speed (MB/s)": 206640.2841796875,
            "Disk Write Speed (MB/s)": 403685.3603515625
        },
        {
            "step": 2,
            "train_loss": 0.018658069893717766,
            "actions_pred1": [
                [
                    [
                        0.716767430305481,
                        0.8200054168701172,
                        1.5281270742416382,
                        -2.4239273071289062
                    ],
                    [
                        0.5776373744010925,
                        1.2073256969451904,
                        1.947834849357605,
                        -2.9541828632354736
                    ],
                    [
                        0.8712257146835327,
                        0.8895982503890991,
                        2.076650619506836,
                        -2.791005849838257
                    ],
                    [
                        0.9255535006523132,
                        0.7838010787963867,
                        1.8085628747940063,
                        -2.9880154132843018
                    ],
                    [
                        0.7079580426216125,
                        0.6179234385490417,
                        1.6301449537277222,
                        -2.7507758140563965
                    ],
                    [
                        0.7455143928527832,
                        0.7764683961868286,
                        1.7856483459472656,
                        -3.0475246906280518
                    ],
                    [
                        0.657897412776947,
                        0.7971662878990173,
                        1.6133571863174438,
                        -2.75577449798584
                    ],
                    [
                        0.6255470514297485,
                        1.4344594478607178,
                        1.228629231452942,
                        -2.214934825897217
                    ],
                    [
                        0.42698776721954346,
                        0.7039408087730408,
                        1.6073405742645264,
                        -2.7087981700897217
                    ],
                    [
                        0.35328409075737,
                        0.6424073576927185,
                        1.5580108165740967,
                        -2.5605244636535645
                    ],
                    [
                        0.37954404950141907,
                        0.7795262932777405,
                        1.460979700088501,
                        -2.560818672180176
                    ],
                    [
                        0.3608332872390747,
                        0.7885627746582031,
                        1.4780985116958618,
                        -2.738072395324707
                    ],
                    [
                        0.24624848365783691,
                        0.7414653897285461,
                        1.709315299987793,
                        -3.0558881759643555
                    ],
                    [
                        0.422096848487854,
                        0.6063660383224487,
                        1.653605580329895,
                        -2.7423958778381348
                    ],
                    [
                        0.5111707448959351,
                        0.5248919725418091,
                        1.485052227973938,
                        -2.624072790145874
                    ],
                    [
                        0.3927287757396698,
                        0.49897056818008423,
                        1.423275351524353,
                        -2.5642940998077393
                    ],
                    [
                        0.4233729839324951,
                        0.6974838972091675,
                        1.464611530303955,
                        -2.465827465057373
                    ],
                    [
                        0.4743252992630005,
                        0.7115792036056519,
                        1.5060969591140747,
                        -2.498776912689209
                    ],
                    [
                        0.47508013248443604,
                        0.8168029189109802,
                        1.566674828529358,
                        -2.613173484802246
                    ],
                    [
                        0.643057644367218,
                        0.9193994402885437,
                        1.6139510869979858,
                        -2.629917621612549
                    ]
                ]
            ],
            "actions_pred": [
                [
                    [
                        0.716767430305481,
                        0.5776373744010925,
                        0.8712257146835327,
                        0.9255535006523132,
                        0.7079580426216125,
                        0.7455143928527832,
                        0.657897412776947,
                        0.6255470514297485,
                        0.42698776721954346,
                        0.35328409075737,
                        0.37954404950141907,
                        0.3608332872390747,
