{
    "steps": [
        {
            "step": 0,
            "train_loss": 0.031582124531269073,
            "actions_pred1": [
                [
                    [
                        0.47840529680252075,
                        0.4378150403499603,
                        0.4293612837791443,
                        -0.9713625311851501
                    ],
                    [
                        0.2840408980846405,
                        0.5733634829521179,
                        0.45927444100379944,
                        -1.028146743774414
                    ],
                    [
                        0.2711793780326843,
                        0.5608909726142883,
                        0.5403705835342407,
                        -1.0485036373138428
                    ],
                    [
                        0.24016590416431427,
                        0.5865787863731384,
                        0.6477711200714111,
                        -1.0571949481964111
                    ],
                    [
                        0.3486504554748535,
                        0.6394556760787964,
                        0.6478521227836609,
                        -1.0912845134735107
                    ],
                    [
                        0.1963503211736679,
                        0.6481249928474426,
                        0.6023296117782593,
                        -1.1284255981445312
                    ],
                    [
                        0.06384748220443726,
                        0.6875282526016235,
                        0.6725786328315735,
                        -1.278812050819397
                    ],
                    [
                        0.1481894850730896,
                        0.6252322793006897,
                        0.7234814763069153,
                        -1.3125249147415161
                    ],
                    [
                        0.21101289987564087,
                        0.6133154630661011,
                        0.5830914974212646,
                        -1.4227657318115234
                    ],
                    [
                        0.19681084156036377,
                        0.6297887563705444,
                        0.5689243078231812,
                        -1.4453027248382568
                    ],
                    [
                        0.2090418040752411,
                        0.6042095422744751,
                        0.6710233688354492,
                        -1.380192756652832
                    ],
                    [
                        0.2539061903953552,
                        0.5718655586242676,
                        0.6247010827064514,
                        -1.4136362075805664
                    ],
                    [
                        0.22683903574943542,
                        0.6435216069221497,
                        0.7419118285179138,
                        -1.3314800262451172
                    ],
                    [
                        0.17999745905399323,
                        0.7616596221923828,
                        0.8393043875694275,
                        -1.3860094547271729
                    ],
                    [
                        0.21399149298667908,
                        0.779213547706604,
                        0.7850486636161804,
                        -1.4356416463851929
                    ],
                    [
                        0.2113119661808014,
                        0.7214193940162659,
                        0.8064701557159424,
                        -1.5196850299835205
                    ],
                    [
                        0.019070088863372803,
                        0.7211702466011047,
                        0.882404088973999,
                        -1.704770565032959
                    ],
                    [
                        0.19984406232833862,
                        0.7660366892814636,
                        0.8574883937835693,
                        -1.557117223739624
                    ],
                    [
                        0.16556531190872192,
                        0.7172634601593018,
                        0.7053694725036621,
                        -1.4963504076004028
                    ],
                    [
                        0.18158608675003052,
                        0.715586245059967,
                        0.7366971969604492,
                        -1.519055962562561
                    ]
                ]
            ],
            "actions_pred": [
                [
                    [
                        0.47840529680252075,
                        0.2840408980846405,
                        0.2711793780326843,
                        0.24016590416431427,
                        0.3486504554748535,
                        0.1963503211736679,
                        0.06384748220443726,
                        0.1481894850730896,
                        0.21101289987564087,
                        0.19681084156036377,
                        0.2090418040752411,
                        0.2539061903953552,
                        0.22683903574943542,
                        0.17999745905399323,
                        0.21399149298667908,
                        0.2113119661808014,
                        0.019070088863372803,
                        0.19984406232833862,
                        0.16556531190872192,
                        0.18158608675003052
                    ],
                    [
                        0.4378150403499603,
                        0.5733634829521179,
                        0.5608909726142883,
                        0.5865787863731384,
                        0.6394556760787964,
                        0.6481249928474426,
                        0.6875282526016235,
                        0.6252322793006897,
                        0.6133154630661011,
                        0.6297887563705444,
                        0.6042095422744751,
                        0.5718655586242676,
                        0.6435216069221497,
                        0.7616596221923828,
                        0.779213547706604,
                        0.7214193940162659,
                        0.7211702466011047,
                        0.7660366892814636,
                        0.7172634601593018,
                        0.715586245059967
                    ],
                    [
                        0.4293612837791443,
                        0.45927444100379944,
                        0.5403705835342407,
                        0.6477711200714111,
                        0.6478521227836609,
                        0.6023296117782593,
                        0.6725786328315735,
                        0.7234814763069153,
                        0.5830914974212646,
                        0.5689243078231812,
                        0.6710233688354492,
                        0.6247010827064514,
                        0.7419118285179138,
                        0.8393043875694275,
                        0.7850486636161804,
                        0.8064701557159424,
                        0.882404088973999,
                        0.8574883937835693,
                        0.7053694725036621,
                        0.7366971969604492
                    ],
                    [
                        -0.9713625311851501,
                        -1.028146743774414,
                        -1.0485036373138428,
                        -1.0571949481964111,
                        -1.0912845134735107,
                        -1.1284255981445312,
                        -1.278812050819397,
                        -1.3125249147415161,
                        -1.4227657318115234,
                        -1.4453027248382568,
                        -1.380192756652832,
                        -1.4136362075805664,
                        -1.3314800262451172,
                        -1.3860094547271729,
                        -1.4356416463851929,
                        -1.5196850299835205,
                        -1.704770565032959,
                        -1.557117223739624,
                        -1.4963504076004028,
                        -1.519055962562561
                    ]
                ]
            ],
            "states": [
                [
                    [
                        5457512.0,
                        9.714517545944545e-06,
                        0.0004527103737927973,
                        552968.1875
                    ],
                    [
                        4474320.0,
                        9.607780157239176e-06,
                        0.00029970589093863964,
                        640429.75
                    ],
                    [
                        3226144.0,
                        9.52661685005296e-06,
                        0.00026218051789328456,
                        614909.3125
                    ],
                    [
                        4174584.0,
                        9.44995554164052e-06,
                        0.0002925366861745715,
                        607098.5
                    ],
                    [
                        4522104.0,
                        9.361412594444118e-06,
                        0.00028024095809087157,
                        568885.75
                    ],
                    [
                        2825048.0,
                        8.919517313188408e-06,
                        0.0001758198341121897,
                        690901.5625
                    ],
                    [
                        5196872.0,
                        8.846717719279695e-06,
                        0.00013516498438548297,
                        601105.3125
                    ],
                    [
                        7633856.0,
                        8.732715286896564e-06,
                        0.0001646996388444677,
                        547900.5625
                    ],
                    [
                        47963.0,
                        0.2136354148387909,
                        0.00027816780493594706,
                        871190.125
                    ],
                    [
                        608160.0,
                        0.027683094143867493,
                        0.00026209698989987373,
                        1030414.6875
                    ],
                    [
                        537208.0,
                        0.007899114862084389,
                        0.0002851165772881359,
                        949322.9375
                    ],
                    [
                        671872.0,
                        0.004755145870149136,
                        0.000267517170868814,
                        888587.6875
                    ],
                    [
                        858664.0,
                        0.003167606657370925,
                        0.00027258697082288563,
                        909664.5625
                    ],
                    [
                        877488.0,
                        0.0022909550461918116,
                        0.00027191461413167417,
                        989545.25
                    ],
                    [
                        1255416.0,
                        0.0017173178493976593,
                        0.00027577357832342386,
                        1043241.4375
                    ],
                    [
                        1436416.0,
                        0.0013016851153224707,
                        0.00027702987426891923,
                        939221.25
                    ],
                    [
                        1715880.0,
                        0.0010147599969059229,
                        0.0002779100905172527,
                        989890.625
                    ],
                    [
                        1867920.0,
                        0.0008108949987217784,
                        0.00026160795823670924,
                        1001348.25
                    ],
                    [
                        2189376.0,
                        0.0006609969423152506,
                        0.0002753763983491808,
                        969961.0625
                    ],
                    [
                        2552824.0,
                        0.000543545582331717,
                        0.0002731475979089737,
                        970656.1875
                    ]
                ]
            ],
            "actions": [
                [
                    [
                        0.5
                    ],
                    [
                        0.5
                    ],
                    [
                        0.5
                    ],
                    [
                        0.5
                    ],
                    [
                        0.5
                    ],
                    [
                        0.5
                    ],
                    [
                        0.5
                    ],
                    [
                        0.5
                    ],
                    [
                        0.75
                    ],
                    [
                        0.75
                    ],
                    [
                        0.75
                    ],
                    [
                        0.75
                    ],
                    [
                        0.75
                    ],
                    [
                        0.75
                    ],
                    [
                        0.75
                    ],
                    [
                        0.75
                    ],
                    [
                        0.75
                    ],
                    [
                        0.75
                    ],
                    [
                        0.75
                    ],
                    [
                        0.75
                    ]
                ]
            ],
            "returns": [
                [
                    [
                        0.39574772119522095
                    ],
                    [
                        0.3948124051094055
                    ],
                    [
                        0.3938947021961212
                    ],
                    [
                        0.39300599694252014
                    ],
                    [
                        0.3920944333076477
                    ],
                    [
                        0.3911758065223694
                    ],
                    [
                        0.39029887318611145
                    ],
                    [
                        0.38936787843704224
                    ],
                    [
                        0.3884028196334839
                    ],
                    [
                        0.38788723945617676
                    ],
                    [
                        0.3871464729309082
                    ],
                    [
                        0.3864167034626007
                    ],
                    [
                        0.385667085647583
                    ],
                    [
                        0.3848957419395447
                    ],
                    [
                        0.38412246108055115
                    ],
                    [
                        0.3833174407482147
                    ],
                    [
                        0.38250046968460083
                    ],
                    [
                        0.38166773319244385
                    ],
                    [
                        0.38082748651504517
                    ],
                    [
                        0.3799731433391571
                    ]
                ]
            ],
            "timesteps": [
                [
                    200,
                    201,
                    202,
                    203,
                    204,
                    205,
                    206,
                    207,
                    208,
                    209,
                    210,
                    211,
                    212,
                    213,
                    214,
                    215,
                    216,
                    217,
                    218,
                    219
                ]
            ],
            "labels": [
                [
                    1,
                    1,
                    1,
                    1,
                    1,
                    1,
                    1,
                    1,
                    2,
                    2,
                    2,
                    2,
                    2,
                    2,
                    2,
                    2,
                    2,
                    2,
                    2,
                    2
                ]
            ],
            "CPU Usage": 46.9,
            "RAM Usage": 55.2,
            "GPU Usage": 0.0,
            "VRAM Usage": 355.0,
            "Disk Read Speed (MB/s)": 206398.0673828125,
            "Disk Write Speed (MB/s)": 381115.4970703125
        },
        {
            "step": 1,
            "train_loss": 0.03313686326146126,
            "actions_pred1": [
                [
                    [
                        0.5661216378211975,
                        0.4311807155609131,
                        0.5637651681900024,
                        -1.0258173942565918
                    ],
                    [
                        0.45561686158180237,
                        0.6495251655578613,
                        0.7948551177978516,
                        -0.9051324129104614
                    ],
                    [
                        0.407757043838501,
                        0.8389384746551514,
                        0.7753701210021973,
                        -1.021501898765564
                    ],
                    [
                        0.41751235723495483,
                        0.8407588005065918,
                        0.8032771348953247,
                        -1.0599451065063477
                    ],
                    [
                        0.47548046708106995,
                        0.8915960788726807,
                        0.8076210021972656,
                        -1.1294076442718506
                    ],
                    [
                        0.5392494797706604,
                        0.8097429275512695,
                        0.6969628930091858,
                        -1.189450979232788
                    ],
                    [
                        0.5983921885490417,
                        0.9156960248947144,
                        0.7873656153678894,
                        -1.3020200729370117
                    ],
                    [
                        0.6072360277175903,
                        0.8799077272415161,
                        0.7301111817359924,
                        -1.2541489601135254
                    ],
                    [
                        0.48382797837257385,
                        0.7941893339157104,
                        0.795111358165741,
                        -1.3087512254714966
                    ],
                    [
                        0.4870470464229584,
                        0.8596124053001404,
                        0.8297218084335327,
                        -1.3357703685760498
                    ],
                    [
                        0.3808363080024719,
                        0.7206830382347107,
                        0.9262173771858215,
                        -1.4932563304901123
                    ],
                    [
                        0.3048131763935089,
                        0.7404835224151611,
                        0.8275935649871826,
                        -1.5968127250671387
                    ],
                    [
                        0.33089327812194824,
                        0.7910308837890625,
                        0.810778796672821,
                        -1.522001028060913
                    ],
                    [
                        0.35747748613357544,
                        0.8317109942436218,
                        0.8558599352836609,
                        -1.4075281620025635
                    ],
                    [
                        0.21908017992973328,
                        0.6149385571479797,
                        0.8572168946266174,
                        -1.6409687995910645
                    ],
                    [
                        0.37559017539024353,
                        0.586254894733429,
                        0.8035229444503784,
                        -1.5920747518539429
                    ],
                    [
                        0.355710506439209,
                        0.6946797370910645,
                        0.8523927927017212,
                        -1.6275129318237305
                    ],
                    [
                        0.3735002279281616,
                        0.7889147996902466,
                        0.735112190246582,
                        -1.4489514827728271
                    ],
                    [
                        0.46184998750686646,
                        0.784074604511261,
                        0.8759299516677856,
                        -1.5141282081604004
                    ],
                    [
                        0.45040786266326904,
                        0.8029965162277222,
                        0.8556548357009888,
                        -1.5273089408874512
                    ]
                ]
            ],
            "actions_pred": [
                [
                    [
                        0.5661216378211975,
                        0.45561686158180237,
                        0.407757043838501,
                        0.41751235723495483,
                        0.47548046708106995,
                        0.5392494797706604,
                        0.5983921885490417,
                        0.6072360277175903,
                        0.48382797837257385,
                        0.4870470464229584,
                        0.3808363080024719,
                        0.3048131763935089,
                        0.33089327812194824,
                        0.35747748613357544,
                        0.21908017992973328,
                        0.37559017539024353,
                        0.355710506439209,
                        0.3735002279281616,
                        0.46184998750686646,
                        0.45040786266326904
                    ],
                    [
                        0.4311807155609131,
                        0.6495251655578613,
                        0.8389384746551514,
                        0.8407588005065918,
                        0.8915960788726807,
                        0.8097429275512695,
                        0.9156960248947144,
                        0.8799077272415161,
                        0.7941893339157104,
                        0.8596124053001404,
                        0.7206830382347107,
                        0.7404835224151611,
                        0.7910308837890625,
                        0.8317109942436218,
                        0.6149385571479797,
                        0.586254894733429,
                        0.6946797370910645,
                        0.7889147996902466,
                        0.784074604511261,
                        0.8029965162277222
                    ],
                    [
                        0.5637651681900024,
                        0.7948551177978516,
                        0.7753701210021973,
                        0.8032771348953247,
                        0.8076210021972656,
                        0.6969628930091858,
                        0.7873656153678894,
                        0.7301111817359924,
                        0.795111358165741,
                        0.8297218084335327,
                        0.9262173771858215,
                        0.8275935649871826,
                        0.810778796672821,
                        0.8558599352836609,
                        0.8572168946266174,
                        0.8035229444503784,
                        0.8523927927017212,
                        0.735112190246582,
                        0.8759299516677856,
                        0.8556548357009888
                    ],
                    [
                        -1.0258173942565918,
                        -0.9051324129104614,
                        -1.021501898765564,
                        -1.0599451065063477,
                        -1.1294076442718506,
                        -1.189450979232788,
                        -1.3020200729370117,
                        -1.2541489601135254,
                        -1.3087512254714966,
                        -1.3357703685760498,
                        -1.4932563304901123,
                        -1.5968127250671387,
                        -1.522001028060913,
                        -1.4075281620025635,
                        -1.6409687995910645,
                        -1.5920747518539429,
                        -1.6275129318237305,
                        -1.4489514827728271,
                        -1.5141282081604004,
                        -1.5273089408874512
                    ]
                ]
            ],
            "states": [
                [
                    [
                        6436360.0,
                        3.756791920750402e-05,
                        0.00023788119142409414,
                        525420.0
                    ],
                    [
                        5822408.0,
                        3.5673747333930805e-05,
                        0.0002484873402863741,
                        540076.8125
                    ],
                    [
                        6120696.0,
                        3.400527930352837e-05,
                        0.00025739934062585235,
                        546681.375
                    ],
                    [
                        6143632.0,
                        3.2446547265863046e-05,
                        0.00019004895875696093,
                        549135.1875
                    ],
                    [
                        6290344.0,
                        3.100591857219115e-05,
                        0.00022606240236200392,
                        515628.96875
                    ],
                    [
                        7225288.0,
                        2.9579521651612595e-05,
                        0.0002532026555854827,
                        501138.75
                    ],
                    [
                        5695216.0,
                        2.8330134227871895e-05,
                        0.0002667571825440973,
                        501280.09375
                    ],
                    [
                        6048296.0,
                        2.72848174063256e-05,
                        0.00026687141507864,
                        520591.84375
                    ],
                    [
                        5956840.0,
                        2.6292696929886006e-05,
                        0.0002529114135541022,
                        510954.5
                    ],
                    [
                        5511320.0,
                        2.5409783120267093e-05,
                        0.0002583715249784291,
                        498321.25
                    ],
                    [
                        7421000.0,
                        2.448467603244353e-05,
                        0.001365873496979475,
                        470548.53125
                    ],
                    [
                        6653560.0,
                        2.3549235265818425e-05,
                        0.0008239395683631301,
                        489404.40625
                    ],
                    [
                        5919424.0,
                        2.2772055672248825e-05,
                        0.0005388445570133626,
                        494672.6875
                    ],
                    [
                        6049744.0,
                        2.2078909751144238e-05,
                        0.0005018769879825413,
                        522203.84375
                    ],
                    [
                        5699328.0,
                        2.1438178009702824e-05,
                        0.0005396626074798405,
                        525676.375
                    ],
                    [
                        5907840.0,
                        2.084095285681542e-05,
                        0.00039070475031621754,
                        484434.71875
                    ],
                    [
                        7654128.0,
                        2.0184714230708778e-05,
                        0.00037147922557778656,
                        485244.75
                    ],
                    [
                        6171376.0,
                        1.9555423932615668e-05,
                        0.00035373689024709165,
                        520211.9375
                    ],
                    [
                        5359048.0,
                        1.9060054910369217e-05,
                        0.0003472233365755528,
                        514446.75
                    ],
                    [
                        5344568.0,
                        1.8622442439664155e-05,
                        0.00021890846255701035,
                        526664.75
                    ]
                ]
            ],
            "actions": [
                [
                    [
                        0.5
                    ],
                    [
                        0.5
                    ],
                    [
                        0.5
                    ],
                    [
                        0.5
                    ],
                    [
                        0.5
                    ],
                    [
                        0.5
                    ],
                    [
                        0.5
                    ],
                    [
                        0.5
                    ],
                    [
                        0.5
                    ],
                    [
                        0.5
                    ],
                    [
                        0.5
                    ],
                    [
                        0.5
                    ],
                    [
                        0.5
                    ],
                    [
                        0.5
                    ],
                    [
                        0.5
                    ],
                    [
                        0.5
                    ],
                    [
                        0.5
                    ],
                    [
                        0.5
                    ],
                    [
                        0.5
                    ],
                    [
                        0.5
                    ]
                ]
            ],
            "returns": [
                [
                    [
                        0.17125853896141052
                    ],
                    [
                        0.17030860483646393
                    ],
                    [
                        0.16936755180358887
                    ],
                    [
                        0.16842207312583923
                    ],
                    [
                        0.16747625172138214
                    ],
                    [
                        0.1665283590555191
                    ],
                    [
                        0.16556815803050995
                    ],
                    [
                        0.16462907195091248
                    ],
                    [
                        0.1636846512556076
                    ],
                    [
                        0.16274157166481018
                    ],
                    [
                        0.1618053913116455
                    ],
                    [
                        0.16084282100200653
                    ],
                    [
                        0.15988995134830475
                    ],
                    [
                        0.1589474231004715
                    ],
                    [
                        0.15800298750400543
                    ],
                    [
                        0.157063826918602
                    ],
                    [
                        0.15612147748470306
                    ],
                    [
                        0.1551561802625656
                    ],
                    [
                        0.15420997142791748
                    ],
                    [
                        0.153276264667511
                    ]
                ]
            ],
            "timesteps": [
                [
                    440,
                    441,
                    442,
                    443,
                    444,
                    445,
                    446,
                    447,
                    448,
                    449,
                    450,
                    451,
                    452,
                    453,
                    454,
                    455,
                    456,
                    457,
                    458,
                    459
                ]
            ],
            "labels": [
                [
                    1,
                    1,
                    1,
                    1,
                    1,
                    1,
                    1,
                    1,
                    1,
                    1,
                    1,
                    1,
                    1,
                    1,
                    1,
                    1,
                    1,
                    1,
                    1,
                    1
                ]
            ],
            "CPU Usage": 46.7,
            "RAM Usage": 55.3,
            "GPU Usage": 0.0,
            "VRAM Usage": 355.0,
            "Disk Read Speed (MB/s)": 206398.0673828125,
            "Disk Write Speed (MB/s)": 381115.6142578125
        },
        {
            "step": 2,
            "train_loss": 0.036170803010463715,
            "actions_pred1": [
                [
                    [
                        0.7160187363624573,
                        0.8324697017669678,
                        0.8802121877670288,
                        -1.1169050931930542
                    ],
                    [
                        0.6062489748001099,
                        0.6940743923187256,
                        0.691743016242981,
                        -1.03021240234375
                    ],
                    [
                        0.5314150452613831,
                        0.36583998799324036,
                        0.5191243886947632,
                        -1.2048221826553345
                    ],
                    [
                        0.6021120548248291,
                        0.41851696372032166,
                        0.44401395320892334,
                        -1.2582311630249023
                    ],
                    [
                        0.5823974013328552,
                        0.45511728525161743,
                        0.5343422293663025,
                        -1.3267822265625
                    ],
                    [
                        0.4800006151199341,
                        0.5720442533493042,
                        0.6356303095817566,
                        -1.329240083694458
                    ],
                    [
                        0.6543865203857422,
                        0.5112655162811279,
                        0.5918468832969666,
                        -1.448840856552124
                    ],
                    [
                        0.6126587986946106,
                        0.5343930125236511,
                        0.5833265781402588,
                        -1.4531121253967285
                    ],
                    [
                        0.6114190220832825,
                        0.6861709356307983,
                        0.783577561378479,
                        -1.5207542181015015
                    ],
                    [
                        0.7039135694503784,
                        0.7354172468185425,
                        0.7604554891586304,
                        -1.4565916061401367
                    ],
                    [
                        0.6292751431465149,
                        0.6265051364898682,
                        0.7486529350280762,
                        -1.431175947189331
                    ],
                    [
                        0.591543972492218,
                        0.6460427045822144,
                        0.6895307898521423,
                        -1.3880025148391724
                    ],
                    [
                        0.64376300573349,
                        0.6709697842597961,
                        0.6900444030761719,
                        -1.3699506521224976
                    ],
                    [
                        0.63780277967453,
                        0.7182281017303467,
                        0.806861937046051,
                        -1.2116641998291016
                    ],
                    [
                        0.6711500883102417,
                        0.6747165322303772,
                        0.799031674861908,
                        -1.2145196199417114
                    ],
                    [
                        0.6716997027397156,
                        0.4831634759902954,
                        0.612170934677124,
                        -1.2488720417022705
                    ],
                    [
                        0.6988452076911926,
                        0.6040341854095459,
                        0.629109799861908,
                        -1.3378304243087769
                    ],
                    [
                        0.6337802410125732,
                        0.6192388534545898,
                        0.6197150945663452,
                        -1.2661924362182617
                    ],
                    [
                        0.6153391599655151,
                        0.6441715359687805,
                        0.6912503242492676,
                        -1.2662510871887207
                    ],
                    [
                        0.602239191532135,
                        0.646697461605072,
                        0.7673799991607666,
                        -1.3382296562194824
                    ]
                ]
            ],
            "actions_pred": [
                [
                    [
                        0.7160187363624573,
                        0.6062489748001099,
                        0.5314150452613831,
                        0.6021120548248291,
                        0.5823974013328552,
                        0.4800006151199341,
                        0.6543865203857422,
                        0.6126587986946106,
                        0.6114190220832825,
                        0.7039135694503784,
                        0.6292751431465149,
                        0.591543972492218,
