{
    "steps": [
        {
            "step": 0,
            "train_loss": 0.03153136745095253,
            "actions_pred1": [
                [
                    [
                        0.5462742447853088,
                        0.9101110696792603,
                        1.8444952964782715,
                        -2.5145764350891113
                    ],
                    [
                        0.6651030778884888,
                        0.8928438425064087,
                        1.8407912254333496,
                        -2.4825518131256104
                    ],
                    [
                        0.7148438096046448,
                        0.9349571466445923,
                        1.9322011470794678,
                        -2.7873191833496094
                    ],
                    [
                        0.5555977821350098,
                        1.0020004510879517,
                        1.902390718460083,
                        -2.973649740219116
                    ],
                    [
                        0.5485578179359436,
                        1.3004529476165771,
                        1.677940845489502,
                        -3.0548293590545654
                    ],
                    [
                        0.622876763343811,
                        1.227012276649475,
                        1.6334539651870728,
                        -2.8519959449768066
                    ],
                    [
                        0.8374441266059875,
                        1.2144489288330078,
                        1.4510678052902222,
                        -2.725942850112915
                    ],
                    [
                        0.6261606216430664,
                        1.2699429988861084,
                        1.804210901260376,
                        -2.6391053199768066
                    ],
                    [
                        0.5813615322113037,
                        1.3343863487243652,
                        1.8411872386932373,
                        -2.5530149936676025
                    ],
                    [
                        0.43945950269699097,
                        1.2911732196807861,
                        1.8560001850128174,
                        -2.628746509552002
                    ],
                    [
                        0.38366737961769104,
                        1.3693875074386597,
                        2.216536521911621,
                        -3.0109262466430664
                    ],
                    [
                        0.5324217081069946,
                        1.2322195768356323,
                        2.0003955364227295,
                        -2.8269031047821045
                    ],
                    [
                        0.5831880569458008,
                        1.1570186614990234,
                        2.0065038204193115,
                        -2.881718158721924
                    ],
                    [
                        0.5142377018928528,
                        0.9089744091033936,
                        1.9182807207107544,
                        -2.667628049850464
                    ],
                    [
                        0.6813642978668213,
                        1.2861673831939697,
                        1.9683961868286133,
                        -3.1401004791259766
                    ],
                    [
                        0.6965658068656921,
                        1.18308424949646,
                        1.690435767173767,
                        -2.7400293350219727
                    ],
                    [
                        0.7822766900062561,
                        1.2150157690048218,
                        1.5869871377944946,
                        -2.5706422328948975
                    ],
                    [
                        0.8243342041969299,
                        1.0972589254379272,
                        1.529748797416687,
                        -2.554208755493164
                    ],
                    [
                        1.0009915828704834,
                        1.1126861572265625,
                        1.7158823013305664,
                        -2.690704822540283
                    ],
                    [
                        0.8994889259338379,
                        1.1921510696411133,
                        1.8004385232925415,
                        -2.800781726837158
                    ]
                ]
            ],
            "actions_pred": [
                [
                    [
                        0.5462742447853088,
                        0.6651030778884888,
                        0.7148438096046448,
                        0.5555977821350098,
                        0.5485578179359436,
                        0.622876763343811,
                        0.8374441266059875,
                        0.6261606216430664,
                        0.5813615322113037,
                        0.43945950269699097,
                        0.38366737961769104,
                        0.5324217081069946,
                        0.5831880569458008,
                        0.5142377018928528,
                        0.6813642978668213,
                        0.6965658068656921,
                        0.7822766900062561,
                        0.8243342041969299,
                        1.0009915828704834,
                        0.8994889259338379
                    ],
                    [
                        0.9101110696792603,
                        0.8928438425064087,
                        0.9349571466445923,
                        1.0020004510879517,
                        1.3004529476165771,
                        1.227012276649475,
                        1.2144489288330078,
                        1.2699429988861084,
                        1.3343863487243652,
                        1.2911732196807861,
                        1.3693875074386597,
                        1.2322195768356323,
                        1.1570186614990234,
                        0.9089744091033936,
                        1.2861673831939697,
                        1.18308424949646,
                        1.2150157690048218,
                        1.0972589254379272,
                        1.1126861572265625,
                        1.1921510696411133
                    ],
                    [
                        1.8444952964782715,
                        1.8407912254333496,
                        1.9322011470794678,
                        1.902390718460083,
                        1.677940845489502,
                        1.6334539651870728,
                        1.4510678052902222,
                        1.804210901260376,
                        1.8411872386932373,
                        1.8560001850128174,
                        2.216536521911621,
                        2.0003955364227295,
                        2.0065038204193115,
                        1.9182807207107544,
                        1.9683961868286133,
                        1.690435767173767,
                        1.5869871377944946,
                        1.529748797416687,
                        1.7158823013305664,
                        1.8004385232925415
                    ],
                    [
                        -2.5145764350891113,
                        -2.4825518131256104,
                        -2.7873191833496094,
                        -2.973649740219116,
                        -3.0548293590545654,
                        -2.8519959449768066,
                        -2.725942850112915,
                        -2.6391053199768066,
                        -2.5530149936676025,
                        -2.628746509552002,
                        -3.0109262466430664,
                        -2.8269031047821045,
                        -2.881718158721924,
                        -2.667628049850464,
                        -3.1401004791259766,
                        -2.7400293350219727,
                        -2.5706422328948975,
                        -2.554208755493164,
                        -2.690704822540283,
                        -2.800781726837158
                    ]
                ]
            ],
            "states": [
                [
                    [
                        5847024.0,
                        7.17427474228316e-06,
                        0.0002797465131152421,
                        862261.25
                    ],
                    [
                        5130264.0,
                        7.109771104296669e-06,
                        0.00027696648612618446,
                        791462.9375
                    ],
                    [
                        5460408.0,
                        7.0486535150848795e-06,
                        0.0002747685939539224,
                        848104.9375
                    ],
                    [
                        5159224.0,
                        6.988396307860967e-06,
                        0.000255326071055606,
                        826896.4375
                    ],
                    [
                        5280856.0,
                        6.9301599978643935e-06,
                        0.0002729953557718545,
                        850071.375
                    ],
                    [
                        5415520.0,
                        6.871501227578847e-06,
                        0.00026464968686923385,
                        894284.875
                    ],
                    [
                        5138952.0,
                        6.81457140672137e-06,
                        0.000260901142610237,
                        824406.5
                    ],
                    [
                        5364840.0,
                        6.758851213817252e-06,
                        0.00026091569452546537,
                        837380.25
                    ],
                    [
                        8605643.0,
                        0.0036125751212239265,
                        0.0002766261750366539,
                        462352.0625
                    ],
                    [
                        10015816.0,
                        0.00033437556703574955,
                        0.00026207882910966873,
                        482968.0625
                    ],
                    [
                        7806168.0,
                        0.00019468956452328712,
                        0.00027697221958078444,
                        473153.5
                    ],
                    [
                        6004856.0,
                        0.00014804340025875717,
                        0.00037561735371127725,
                        563905.9375
                    ],
                    [
                        3835752.0,
                        0.00012653775047510862,
                        0.000348972505889833,
                        546822.625
                    ],
                    [
                        693592.0,
                        0.00011859468213515356,
                        0.000344088242854923,
                        536207.0
                    ],
                    [
                        1136680.0,
                        0.00011570940841920674,
                        0.00030916635296307504,
                        532932.75
                    ],
                    [
                        755856.0,
                        0.0001128598305513151,
                        0.00029186115716584027,
                        668301.125
                    ],
                    [
                        573408.0,
                        0.00011094257206423208,
                        0.00031188191496767104,
                        741689.6875
                    ],
                    [
                        432952.0,
                        0.0001095341140171513,
                        0.0003927450452465564,
                        678985.1875
                    ],
                    [
                        1216320.0,
                        0.00010730996291385964,
                        0.00034627493005245924,
                        618105.1875
                    ],
                    [
                        4131144.0,
                        0.00010072957229567692,
                        0.00028098482289351523,
                        571491.4375
                    ]
                ]
            ],
            "actions": [
                [
                    [
                        0.75
                    ],
                    [
                        0.75
                    ],
                    [
                        0.75
                    ],
                    [
                        0.75
                    ],
                    [
                        0.75
                    ],
                    [
                        0.75
                    ],
                    [
                        0.75
                    ],
                    [
                        0.75
                    ],
                    [
                        0.5
                    ],
                    [
                        0.5
                    ],
                    [
                        0.5
                    ],
                    [
                        0.5
                    ],
                    [
                        0.5
                    ],
                    [
                        0.5
                    ],
                    [
                        0.5
                    ],
                    [
                        0.5
                    ],
                    [
                        0.5
                    ],
                    [
                        0.5
                    ],
                    [
                        0.5
                    ],
                    [
                        0.5
                    ]
                ]
            ],
            "returns": [
                [
                    [
                        0.48685410618782043
                    ],
                    [
                        0.4859126806259155
                    ],
                    [
                        0.48498284816741943
                    ],
                    [
                        0.4840475022792816
                    ],
                    [
                        0.48311716318130493
                    ],
                    [
                        0.4821847677230835
                    ],
                    [
                        0.481250137090683
                    ],
                    [
                        0.48032015562057495
                    ],
                    [
                        0.4793863594532013
                    ],
                    [
                        0.47841066122055054
                    ],
                    [
                        0.47742152214050293
                    ],
                    [
                        0.4764544665813446
                    ],
                    [
                        0.47551068663597107
                    ],
                    [
                        0.47460663318634033
                    ],
                    [
                        0.4738542139530182
                    ],
                    [
                        0.47305798530578613
                    ],
                    [
                        0.4722979664802551
                    ],
                    [
                        0.47156238555908203
                    ],
                    [
                        0.47085174918174744
                    ],
                    [
                        0.47004953026771545
                    ]
                ]
            ],
            "timesteps": [
                [
                    100,
                    101,
                    102,
                    103,
                    104,
                    105,
                    106,
                    107,
                    108,
                    109,
                    110,
                    111,
                    112,
                    113,
                    114,
                    115,
                    116,
                    117,
                    118,
                    119
                ]
            ],
            "labels": [
                [
                    2,
                    2,
                    2,
                    2,
                    2,
                    2,
                    2,
                    2,
                    1,
                    1,
                    1,
                    1,
                    1,
                    1,
                    1,
                    1,
                    1,
                    1,
                    1,
                    1
                ]
            ],
            "CPU Usage": 46.6,
            "RAM Usage": 54.9,
            "GPU Usage": 0.0,
            "VRAM Usage": 355.0,
            "Disk Read Speed (MB/s)": 206639.9521484375,
            "Disk Write Speed (MB/s)": 402825.8095703125
        },
        {
            "step": 1,
            "train_loss": 0.03126358240842819,
            "actions_pred1": [
                [
                    [
                        1.1154775619506836,
                        0.8642048239707947,
                        1.6638396978378296,
                        -2.231532096862793
                    ],
                    [
                        1.0248939990997314,
                        0.593329668045044,
                        1.2848244905471802,
                        -1.9808896780014038
                    ],
                    [
                        0.9452983140945435,
                        0.25191953778266907,
                        1.1027323007583618,
                        -2.172865152359009
                    ],
                    [
                        1.0110013484954834,
                        0.3217672109603882,
                        0.9866602420806885,
                        -2.19899320602417
                    ],
                    [
                        1.021291971206665,
                        0.36879462003707886,
                        1.0487666130065918,
                        -2.3099732398986816
                    ],
                    [
                        0.9152576327323914,
                        0.452430784702301,
                        1.1483662128448486,
                        -2.287099838256836
                    ],
                    [
                        1.0738472938537598,
                        0.45673972368240356,
                        1.1386895179748535,
                        -2.52300763130188
                    ],
                    [
                        1.0676124095916748,
                        0.4470216631889343,
                        1.1247308254241943,
                        -2.524947166442871
                    ],
                    [
                        1.137203574180603,
                        0.6902809143066406,
                        1.333823561668396,
                        -2.6686317920684814
                    ],
                    [
                        1.2618381977081299,
                        0.7283138036727905,
                        1.313799500465393,
                        -2.590360164642334
                    ],
                    [
                        1.1987419128417969,
                        0.5859045386314392,
                        1.2846918106079102,
                        -2.570976734161377
                    ],
                    [
                        1.090962529182434,
                        0.5892525315284729,
                        1.2278438806533813,
                        -2.4874231815338135
                    ],
                    [
                        1.1834865808486938,
                        0.5846102237701416,
                        1.2257020473480225,
                        -2.4860048294067383
                    ],
                    [
                        1.2055734395980835,
                        0.6497714519500732,
                        1.3900808095932007,
                        -2.3515517711639404
                    ],
                    [
                        1.2546629905700684,
                        0.6074951887130737,
                        1.3753135204315186,
                        -2.2804534435272217
                    ],
                    [
                        1.2042168378829956,
                        0.39827993512153625,
                        1.231273889541626,
                        -2.3674447536468506
                    ],
                    [
                        1.2457042932510376,
                        0.5021639466285706,
                        1.2050466537475586,
                        -2.4586517810821533
                    ],
                    [
                        1.1657260656356812,
                        0.5442535877227783,
                        1.1862367391586304,
                        -2.3277676105499268
                    ],
                    [
                        1.1916062831878662,
                        0.5504828691482544,
                        1.2579463720321655,
                        -2.342468738555908
                    ],
                    [
                        1.1586412191390991,
                        0.5565109848976135,
                        1.3331187963485718,
                        -2.4250149726867676
                    ]
                ]
            ],
            "actions_pred": [
                [
                    [
                        1.1154775619506836,
                        1.0248939990997314,
                        0.9452983140945435,
                        1.0110013484954834,
                        1.021291971206665,
                        0.9152576327323914,
                        1.0738472938537598,
                        1.0676124095916748,
                        1.137203574180603,
                        1.2618381977081299,
                        1.1987419128417969,
                        1.090962529182434,
                        1.1834865808486938,
                        1.2055734395980835,
                        1.2546629905700684,
                        1.2042168378829956,
                        1.2457042932510376,
                        1.1657260656356812,
                        1.1916062831878662,
                        1.1586412191390991
                    ],
                    [
                        0.8642048239707947,
                        0.593329668045044,
                        0.25191953778266907,
                        0.3217672109603882,
                        0.36879462003707886,
                        0.452430784702301,
                        0.45673972368240356,
                        0.4470216631889343,
                        0.6902809143066406,
                        0.7283138036727905,
                        0.5859045386314392,
                        0.5892525315284729,
                        0.5846102237701416,
                        0.6497714519500732,
                        0.6074951887130737,
                        0.39827993512153625,
                        0.5021639466285706,
                        0.5442535877227783,
                        0.5504828691482544,
                        0.5565109848976135
                    ],
                    [
                        1.6638396978378296,
                        1.2848244905471802,
                        1.1027323007583618,
                        0.9866602420806885,
                        1.0487666130065918,
                        1.1483662128448486,
                        1.1386895179748535,
                        1.1247308254241943,
                        1.333823561668396,
                        1.313799500465393,
                        1.2846918106079102,
                        1.2278438806533813,
                        1.2257020473480225,
                        1.3900808095932007,
                        1.3753135204315186,
                        1.231273889541626,
                        1.2050466537475586,
                        1.1862367391586304,
                        1.2579463720321655,
                        1.3331187963485718
                    ],
                    [
                        -2.231532096862793,
                        -1.9808896780014038,
                        -2.172865152359009,
                        -2.19899320602417,
                        -2.3099732398986816,
                        -2.287099838256836,
                        -2.52300763130188,
                        -2.524947166442871,
                        -2.6686317920684814,
                        -2.590360164642334,
                        -2.570976734161377,
                        -2.4874231815338135,
                        -2.4860048294067383,
                        -2.3515517711639404,
                        -2.2804534435272217,
                        -2.3674447536468506,
                        -2.4586517810821533,
                        -2.3277676105499268,
                        -2.342468738555908,
                        -2.4250149726867676
                    ]
                ]
            ],
            "states": [
                [
                    [
                        5130264.0,
                        9.53052585828118e-06,
                        0.00017112551722675562,
                        484343.53125
                    ],
                    [
                        5473440.0,
                        9.464440154260956e-06,
                        0.00025726869353093207,
                        530369.25
                    ],
                    [
                        5615344.0,
                        9.396303539688233e-06,
                        0.000244751397985965,
                        507658.4375
                    ],
                    [
                        5705120.0,
                        9.327747648057994e-06,
                        0.0002547030453570187,
                        475297.125
                    ],
                    [
                        5661680.0,
                        9.25990843825275e-06,
                        0.0002602769818622619,
                        509474.46875
                    ],
                    [
                        5626928.0,
                        9.193505320581608e-06,
                        0.00028401854797266424,
                        512406.875
                    ],
                    [
                        7240000.0,
                        9.118992238654755e-06,
                        0.00026182830333709717,
                        473767.34375
                    ],
                    [
                        6098976.0,
                        9.042967576533556e-06,
                        0.00025427230866625905,
                        486137.84375
                    ],
                    [
                        5957072.0,
                        8.975355740403756e-06,
                        0.00025071317213587463,
                        481721.90625
                    ],
                    [
                        6045400.0,
                        8.909044481697492e-06,
                        0.000257556646829471,
                        512695.15625
                    ],
                    [
                        5554528.0,
                        8.845872798701748e-06,
                        0.0002534309751354158,
                        490408.03125
                    ],
                    [
                        5395248.0,
                        8.787061233306304e-06,
                        0.00019772094674408436,
                        502051.125
                    ],
                    [
                        6014992.0,
                        8.726612577447668e-06,
                        0.00023689404770266265,
                        496127.90625
                    ],
                    [
                        5615344.0,
                        8.665836503496394e-06,
                        0.00024040597782004625,
                        497831.1875
                    ],
                    [
                        5961416.0,
                        8.60618456499651e-06,
                        0.00023798528127372265,
                        498399.9375
                    ],
                    [
                        5690640.0,
                        8.546960089006461e-06,
                        0.0002599294239189476,
                        501903.53125
                    ],
                    [
                        6043952.0,
                        8.48813488119049e-06,
                        0.0002636733988765627,
                        501576.46875
                    ],
                    [
                        7975584.0,
                        8.418936886300799e-06,
                        0.00023683813924435526,
                        444337.65625
                    ],
                    [
                        5891912.0,
                        8.351544238394126e-06,
                        0.0002558637352194637,
                        498428.25
                    ],
                    [
                        6125040.0,
                        8.294033250422217e-06,
                        0.00024174025747925043,
                        501703.09375
                    ]
                ]
            ],
            "actions": [
                [
                    [
                        0.25
                    ],
                    [
                        0.25
                    ],
                    [
                        0.25
                    ],
                    [
                        0.25
                    ],
                    [
                        0.25
                    ],
                    [
                        0.25
                    ],
                    [
                        0.25
                    ],
                    [
                        0.25
                    ],
                    [
                        0.25
                    ],
                    [
                        0.25
                    ],
                    [
                        0.25
                    ],
                    [
                        0.25
                    ],
                    [
                        0.25
                    ],
                    [
                        0.25
                    ],
                    [
                        0.25
                    ],
                    [
                        0.25
                    ],
                    [
                        0.25
                    ],
                    [
                        0.25
                    ],
                    [
                        0.25
                    ],
                    [
                        0.25
                    ]
                ]
            ],
            "returns": [
                [
                    [
                        0.20859551429748535
                    ],
                    [
                        0.20766568183898926
                    ],
                    [
                        0.20673011243343353
                    ],
                    [
                        0.20579227805137634
                    ],
                    [
                        0.20485302805900574
                    ],
                    [
                        0.20391446352005005
                    ],
                    [
                        0.20297643542289734
                    ],
                    [
                        0.20201605558395386
                    ],
                    [
                        0.2010708898305893
                    ],
                    [
                        0.20012782514095306
                    ],
                    [
                        0.19918343424797058
                    ],
                    [
                        0.1982465535402298
                    ],
                    [
                        0.19731226563453674
                    ],
                    [
                        0.19636832177639008
                    ],
                    [
                        0.19543048739433289
                    ],
                    [
                        0.19448734819889069
                    ],
                    [
                        0.193548321723938
                    ],
                    [
                        0.1926039606332779
                    ],
                    [
                        0.19163501262664795
                    ],
                    [
                        0.19069290161132812
                    ]
                ]
            ],
            "timesteps": [
                [
                    400,
                    401,
                    402,
                    403,
                    404,
                    405,
                    406,
                    407,
                    408,
                    409,
                    410,
                    411,
                    412,
                    413,
                    414,
                    415,
                    416,
                    417,
                    418,
                    419
                ]
            ],
            "labels": [
                [
                    0,
                    0,
                    0,
                    0,
                    0,
                    0,
                    0,
                    0,
                    0,
                    0,
                    0,
                    0,
                    0,
                    0,
                    0,
                    0,
                    0,
                    0,
                    0,
                    0
                ]
            ],
            "CPU Usage": 46.7,
            "RAM Usage": 55.0,
            "GPU Usage": 0.0,
            "VRAM Usage": 355.0,
            "Disk Read Speed (MB/s)": 206639.9521484375,
            "Disk Write Speed (MB/s)": 402825.8720703125
        },
        {
            "step": 2,
            "train_loss": 0.04286633059382439,
            "actions_pred1": [
                [
                    [
                        0.7100772261619568,
                        0.5132114887237549,
                        1.2462447881698608,
                        -1.89619779586792
                    ],
                    [
                        0.639707088470459,
                        0.3419143557548523,
                        1.0258175134658813,
                        -1.7886323928833008
                    ],
                    [
                        0.5535029768943787,
                        0.3715399503707886,
                        1.0900673866271973,
                        -1.7901852130889893
                    ],
                    [
                        0.4195592999458313,
                        0.46571341156959534,
                        0.9665496945381165,
                        -1.7917873859405518
                    ],
                    [
                        0.3646318316459656,
                        0.5150250792503357,
                        0.9636218547821045,
                        -1.9120802879333496
                    ],
                    [
                        0.38879042863845825,
                        0.5426991581916809,
                        1.0386537313461304,
                        -1.8141722679138184
                    ],
                    [
                        0.42036712169647217,
                        0.6708663105964661,
                        0.9855660200119019,
                        -1.896402359008789
                    ],
                    [
                        0.42148277163505554,
                        0.5050035715103149,
                        1.0668954849243164,
                        -1.916092038154602
                    ],
                    [
                        0.4438323974609375,
                        0.47837191820144653,
                        1.0697706937789917,
                        -1.9806344509124756
                    ],
                    [
                        0.45654693245887756,
                        0.5252653956413269,
                        1.2693829536437988,
                        -1.8919998407363892
                    ],
                    [
                        0.6210290789604187,
                        0.5674029588699341,
                        1.1795389652252197,
                        -2.029665946960449
                    ],
                    [
                        0.8724384307861328,
                        0.5198902487754822,
                        1.197320818901062,
                        -2.188509464263916
                    ],
                    [
                        0.7283547520637512,
                        0.6129767894744873,
                        1.3212426900863647,
                        -2.2241086959838867
                    ],
                    [
                        0.6896478533744812,
                        0.6044750809669495,
                        1.3482741117477417,
                        -2.113016128540039
                    ],
                    [
                        0.5659113526344299,
                        0.6653406620025635,
                        1.3727524280548096,
                        -2.0587291717529297
                    ],
                    [
                        0.5750348567962646,
                        0.7180249094963074,
                        1.3929730653762817,
                        -2.0352160930633545
                    ],
                    [
                        0.5895124077796936,
                        0.6311282515525818,
                        1.4457370042800903,
                        -2.0897200107574463
                    ],
                    [
                        0.5567060708999634,
                        0.5692225694656372,
                        1.3702701330184937,
                        -2.0311124324798584
                    ],
                    [
                        0.6497119069099426,
                        0.7182049751281738,
                        1.175581932067871,
                        -1.9868927001953125
                    ],
                    [
                        0.6780661940574646,
                        0.8298072218894958,
                        1.1350986957550049,
                        -2.102433204650879
                    ]
                ]
            ],
            "actions_pred": [
                [
                    [
                        0.7100772261619568,
                        0.639707088470459,
                        0.5535029768943787,
                        0.4195592999458313,
                        0.3646318316459656,
                        0.38879042863845825,
                        0.42036712169647217,
                        0.42148277163505554,
                        0.4438323974609375,
                        0.45654693245887756,
                        0.6210290789604187,
                        0.8724384307861328,
                        0.7283547520637512,
