{
    "steps": [
        {
            "step": 0,
            "train_loss": 0.03303197771310806,
            "actions_pred1": [
                [
                    [
                        0.9136097431182861,
                        0.6225359439849854,
                        0.6043468713760376,
                        -1.2736175060272217
                    ],
                    [
                        1.0065159797668457,
                        0.4967179000377655,
                        0.6160553097724915,
                        -1.2659647464752197
                    ],
                    [
                        0.7891846895217896,
                        0.6667933464050293,
                        0.5456132888793945,
                        -1.3044745922088623
                    ],
                    [
                        0.599277913570404,
                        0.7016491889953613,
                        0.5782296657562256,
                        -1.359327793121338
                    ],
                    [
                        0.6522761583328247,
                        0.7079555988311768,
                        0.5905270576477051,
                        -1.4236228466033936
                    ],
                    [
                        0.6171728372573853,
                        0.698162317276001,
                        0.6352373361587524,
                        -1.5947239398956299
                    ],
                    [
                        0.5993507504463196,
                        0.7720743417739868,
                        0.6793936491012573,
                        -1.5301038026809692
                    ],
                    [
                        0.5046442151069641,
                        0.6756160259246826,
                        0.45953625440597534,
                        -1.427253007888794
                    ],
                    [
                        0.5098546147346497,
                        0.6464946866035461,
                        0.46346592903137207,
                        -1.4333510398864746
                    ],
                    [
                        0.5621325969696045,
                        0.7263445258140564,
                        0.5134484767913818,
                        -1.3456400632858276
                    ],
                    [
                        0.6290627717971802,
                        0.7545017600059509,
                        0.521449089050293,
                        -1.2565090656280518
                    ],
                    [
                        0.583915114402771,
                        0.8130573630332947,
                        0.5876024961471558,
                        -1.256494164466858
                    ],
                    [
                        0.5063538551330566,
                        0.7730773091316223,
                        0.4837193787097931,
                        -1.2567044496536255
                    ],
                    [
                        0.3997151851654053,
                        0.8739909529685974,
                        0.5709654092788696,
                        -1.2488102912902832
                    ],
                    [
                        0.46488845348358154,
                        0.7539878487586975,
                        0.6604580879211426,
                        -1.623965859413147
                    ],
                    [
                        0.44501450657844543,
                        0.7520827054977417,
                        0.7076154351234436,
                        -1.5302189588546753
                    ],
                    [
                        0.47583335638046265,
                        0.7693331241607666,
                        0.8029619455337524,
                        -1.5641332864761353
                    ],
                    [
                        0.6067736148834229,
                        0.7930958271026611,
                        0.8183186054229736,
                        -1.5086989402770996
                    ],
                    [
                        0.6511726379394531,
                        0.8644094467163086,
                        0.5324530005455017,
                        -1.5385613441467285
                    ],
                    [
                        0.548883318901062,
                        0.8704380989074707,
                        0.5839124917984009,
                        -1.4905364513397217
                    ]
                ]
            ],
            "actions_pred": [
                [
                    [
                        0.9136097431182861,
                        1.0065159797668457,
                        0.7891846895217896,
                        0.599277913570404,
                        0.6522761583328247,
                        0.6171728372573853,
                        0.5993507504463196,
                        0.5046442151069641,
                        0.5098546147346497,
                        0.5621325969696045,
                        0.6290627717971802,
                        0.583915114402771,
                        0.5063538551330566,
                        0.3997151851654053,
                        0.46488845348358154,
                        0.44501450657844543,
                        0.47583335638046265,
                        0.6067736148834229,
                        0.6511726379394531,
                        0.548883318901062
                    ],
                    [
                        0.6225359439849854,
                        0.4967179000377655,
                        0.6667933464050293,
                        0.7016491889953613,
                        0.7079555988311768,
                        0.698162317276001,
                        0.7720743417739868,
                        0.6756160259246826,
                        0.6464946866035461,
                        0.7263445258140564,
                        0.7545017600059509,
                        0.8130573630332947,
                        0.7730773091316223,
                        0.8739909529685974,
                        0.7539878487586975,
                        0.7520827054977417,
                        0.7693331241607666,
                        0.7930958271026611,
                        0.8644094467163086,
                        0.8704380989074707
                    ],
                    [
                        0.6043468713760376,
                        0.6160553097724915,
                        0.5456132888793945,
                        0.5782296657562256,
                        0.5905270576477051,
                        0.6352373361587524,
                        0.6793936491012573,
                        0.45953625440597534,
                        0.46346592903137207,
                        0.5134484767913818,
                        0.521449089050293,
                        0.5876024961471558,
                        0.4837193787097931,
                        0.5709654092788696,
                        0.6604580879211426,
                        0.7076154351234436,
                        0.8029619455337524,
                        0.8183186054229736,
                        0.5324530005455017,
                        0.5839124917984009
                    ],
                    [
                        -1.2736175060272217,
                        -1.2659647464752197,
                        -1.3044745922088623,
                        -1.359327793121338,
                        -1.4236228466033936,
                        -1.5947239398956299,
                        -1.5301038026809692,
                        -1.427253007888794,
                        -1.4333510398864746,
                        -1.3456400632858276,
                        -1.2565090656280518,
                        -1.256494164466858,
                        -1.2567044496536255,
                        -1.2488102912902832,
                        -1.623965859413147,
                        -1.5302189588546753,
                        -1.5641332864761353,
                        -1.5086989402770996,
                        -1.5385613441467285,
                        -1.4905364513397217
                    ]
                ]
            ],
            "states": [
                [
                    [
                        4019648.0,
                        3.81172176275868e-05,
                        0.00027542549651116133,
                        604074.25
                    ],
                    [
                        3591040.0,
                        3.7697544030379504e-05,
                        0.00025879128952510655,
                        645691.25
                    ],
                    [
                        4225264.0,
                        3.727625517058186e-05,
                        0.0002528103068470955,
                        514911.09375
                    ],
                    [
                        4439568.0,
                        3.6820012610405684e-05,
                        0.00020026147831231356,
                        552938.5
                    ],
                    [
                        5228728.0,
                        3.6324065149528906e-05,
                        0.00022364039614330977,
                        577892.375
                    ],
                    [
                        5965760.0,
                        3.5766250221058726e-05,
                        0.0002323320077266544,
                        503764.8125
                    ],
                    [
                        6114904.0,
                        3.518302401062101e-05,
                        0.00023472661268897355,
                        508360.15625
                    ],
                    [
                        5644304.0,
                        3.463315078988671e-05,
                        0.00024062122975010425,
                        571257.3125
                    ],
                    [
                        5870192.0,
                        3.411128273000941e-05,
                        0.0001874879380920902,
                        547187.9375
                    ],
                    [
                        5618240.0,
                        3.360593836987391e-05,
                        0.00025532711879350245,
                        590262.375
                    ],
                    [
                        6352376.0,
                        3.3095278922701254e-05,
                        0.0002452299522701651,
                        574275.5
                    ],
                    [
                        5702224.0,
                        3.259619916207157e-05,
                        0.00023082415282260627,
                        543057.75
                    ],
                    [
                        7646888.0,
                        3.206136170774698e-05,
                        0.00026125748991034925,
                        526472.875
                    ],
                    [
                        5964312.0,
                        3.153302532155067e-05,
                        0.00024003862927202135,
                        536332.125
                    ],
                    [
                        5580592.0,
                        3.109858516836539e-05,
                        0.00019315553072374314,
                        564225.875
                    ],
                    [
                        6007752.0,
                        3.0674520530737936e-05,
                        0.00022412248654291034,
                        547189.8125
                    ],
                    [
                        4469976.0,
                        3.0300650905701332e-05,
                        0.00023788119142409414,
                        655379.0
                    ],
                    [
                        3631584.0,
                        3.0017836252227426e-05,
                        0.0002484873402863741,
                        709152.875
                    ],
                    [
                        3940008.0,
                        2.9758366508758627e-05,
                        0.00025739934062585235,
                        659045.125
                    ],
                    [
                        3424520.0,
                        2.951018359453883e-05,
                        0.00019004895875696093,
                        668658.9375
                    ]
                ]
            ],
            "actions": [
                [
                    [
                        0.5
                    ],
                    [
                        0.5
                    ],
                    [
                        0.5
                    ],
                    [
                        0.5
                    ],
                    [
                        0.5
                    ],
                    [
                        0.5
                    ],
                    [
                        0.5
                    ],
                    [
                        0.5
                    ],
                    [
                        0.5
                    ],
                    [
                        0.5
                    ],
                    [
                        0.5
                    ],
                    [
                        0.5
                    ],
                    [
                        0.5
                    ],
                    [
                        0.5
                    ],
                    [
                        0.5
                    ],
                    [
                        0.5
                    ],
                    [
                        0.5
                    ],
                    [
                        0.5
                    ],
                    [
                        0.5
                    ],
                    [
                        0.5
                    ]
                ]
            ],
            "returns": [
                [
                    [
                        0.13405705988407135
                    ],
                    [
                        0.13314884901046753
                    ],
                    [
                        0.13225065171718597
                    ],
                    [
                        0.13133801519870758
                    ],
                    [
                        0.1304210126399994
                    ],
                    [
                        0.1294894963502884
                    ],
                    [
                        0.12854628264904022
                    ],
                    [
                        0.12760089337825775
                    ],
                    [
                        0.12666259706020355
                    ],
                    [
                        0.12572081387043
                    ],
                    [
                        0.12478292733430862
                    ],
                    [
                        0.12383415549993515
                    ],
                    [
                        0.12289495021104813
                    ],
                    [
                        0.12192973494529724
                    ],
                    [
                        0.12098655104637146
                    ],
                    [
                        0.12004926055669785
                    ],
                    [
                        0.11910542845726013
                    ],
                    [
                        0.118187814950943
                    ],
                    [
                        0.11728861182928085
                    ],
                    [
                        0.1163821816444397
                    ]
                ]
            ],
            "timesteps": [
                [
                    480,
                    481,
                    482,
                    483,
                    484,
                    485,
                    486,
                    487,
                    488,
                    489,
                    490,
                    491,
                    492,
                    493,
                    494,
                    495,
                    496,
                    497,
                    498,
                    499
                ]
            ],
            "labels": [
                [
                    1,
                    1,
                    1,
                    1,
                    1,
                    1,
                    1,
                    1,
                    1,
                    1,
                    1,
                    1,
                    1,
                    1,
                    1,
                    1,
                    1,
                    1,
                    1,
                    1
                ]
            ],
            "CPU Usage": 44.9,
            "RAM Usage": 55.4,
            "GPU Usage": 0.0,
            "VRAM Usage": 355.0,
            "Disk Read Speed (MB/s)": 206398.1337890625,
            "Disk Write Speed (MB/s)": 382270.2978515625
        },
        {
            "step": 1,
            "train_loss": 0.0351540632545948,
            "actions_pred1": [
                [
                    [
                        0.5320896506309509,
                        0.667000412940979,
                        0.7281297445297241,
                        -1.2353057861328125
                    ],
                    [
                        0.4623504877090454,
                        0.7658672332763672,
                        0.7920413017272949,
                        -0.9682693481445312
                    ],
                    [
                        0.5397066473960876,
                        0.7432990074157715,
                        0.8837543725967407,
                        -1.1124696731567383
                    ],
                    [
                        0.5542776584625244,
                        0.6604374647140503,
                        0.9353000521659851,
                        -1.2071597576141357
                    ],
                    [
                        0.5085508823394775,
                        0.7342618107795715,
                        1.0341598987579346,
                        -1.264829158782959
                    ],
                    [
                        0.39530935883522034,
                        0.7871116995811462,
                        0.8434894680976868,
                        -1.4603437185287476
                    ],
                    [
                        0.5001680850982666,
                        0.7248135805130005,
                        0.8522526025772095,
                        -1.4215720891952515
                    ],
                    [
                        0.5020096898078918,
                        0.7029680013656616,
                        0.822425901889801,
                        -1.3347578048706055
                    ],
                    [
                        0.5451250672340393,
                        0.6759849786758423,
                        0.7638838291168213,
                        -1.3366484642028809
                    ],
                    [
                        0.42961958050727844,
                        0.6048938632011414,
                        0.8109489679336548,
                        -1.2350971698760986
                    ],
                    [
                        0.5174453258514404,
                        0.729695200920105,
                        0.8349183797836304,
                        -1.3018674850463867
                    ],
                    [
                        0.5407490730285645,
                        0.7271583080291748,
                        0.8135983347892761,
                        -1.375133991241455
                    ],
                    [
                        0.4765206277370453,
                        0.7134730219841003,
                        0.8070460557937622,
                        -1.3785744905471802
                    ],
                    [
                        0.4587775766849518,
                        0.8079333305358887,
                        0.8680664300918579,
                        -1.4265365600585938
                    ],
                    [
                        0.5563766360282898,
                        0.686045229434967,
                        0.9854676127433777,
                        -1.349189043045044
                    ],
                    [
                        0.47887977957725525,
                        0.7424132823944092,
                        0.9331945180892944,
                        -1.3703231811523438
                    ],
                    [
                        0.4114152491092682,
                        0.828781247138977,
                        0.9456987380981445,
                        -1.3881494998931885
                    ],
                    [
                        0.4748688340187073,
                        0.7899676561355591,
                        1.0352649688720703,
                        -1.3847315311431885
                    ],
                    [
                        0.5319011211395264,
                        0.7957541942596436,
                        1.0258097648620605,
                        -1.384771466255188
                    ],
                    [
                        0.4225672483444214,
                        0.7961934804916382,
                        0.9672001600265503,
                        -1.4821538925170898
                    ]
                ]
            ],
            "actions_pred": [
                [
                    [
                        0.5320896506309509,
                        0.4623504877090454,
                        0.5397066473960876,
                        0.5542776584625244,
                        0.5085508823394775,
                        0.39530935883522034,
                        0.5001680850982666,
                        0.5020096898078918,
                        0.5451250672340393,
                        0.42961958050727844,
                        0.5174453258514404,
                        0.5407490730285645,
                        0.4765206277370453,
                        0.4587775766849518,
                        0.5563766360282898,
                        0.47887977957725525,
                        0.4114152491092682,
                        0.4748688340187073,
                        0.5319011211395264,
                        0.4225672483444214
                    ],
                    [
                        0.667000412940979,
                        0.7658672332763672,
                        0.7432990074157715,
                        0.6604374647140503,
                        0.7342618107795715,
                        0.7871116995811462,
                        0.7248135805130005,
                        0.7029680013656616,
                        0.6759849786758423,
                        0.6048938632011414,
                        0.729695200920105,
                        0.7271583080291748,
                        0.7134730219841003,
                        0.8079333305358887,
                        0.686045229434967,
                        0.7424132823944092,
                        0.828781247138977,
                        0.7899676561355591,
                        0.7957541942596436,
                        0.7961934804916382
                    ],
                    [
                        0.7281297445297241,
                        0.7920413017272949,
                        0.8837543725967407,
                        0.9353000521659851,
                        1.0341598987579346,
                        0.8434894680976868,
                        0.8522526025772095,
                        0.822425901889801,
                        0.7638838291168213,
                        0.8109489679336548,
                        0.8349183797836304,
                        0.8135983347892761,
                        0.8070460557937622,
                        0.8680664300918579,
                        0.9854676127433777,
                        0.9331945180892944,
                        0.9456987380981445,
                        1.0352649688720703,
                        1.0258097648620605,
                        0.9672001600265503
                    ],
                    [
                        -1.2353057861328125,
                        -0.9682693481445312,
                        -1.1124696731567383,
                        -1.2071597576141357,
                        -1.264829158782959,
                        -1.4603437185287476,
                        -1.4215720891952515,
                        -1.3347578048706055,
                        -1.3366484642028809,
                        -1.2350971698760986,
                        -1.3018674850463867,
                        -1.375133991241455,
                        -1.3785744905471802,
                        -1.4265365600585938,
                        -1.349189043045044,
                        -1.3703231811523438,
                        -1.3881494998931885,
                        -1.3847315311431885,
                        -1.384771466255188,
                        -1.4821538925170898
                    ]
                ]
            ],
            "states": [
                [
                    [
                        3453480.0,
                        1.1675143468892202e-05,
                        0.00029440681100822985,
                        672821.0625
                    ],
                    [
                        4107976.0,
                        1.1557735888345633e-05,
                        0.00028164629475213587,
                        683579.125
                    ],
                    [
                        4089152.0,
                        1.1433058716647793e-05,
                        0.00027785348356701434,
                        696568.625
                    ],
                    [
                        3556288.0,
                        1.131914814322954e-05,
                        0.00038381022750400007,
                        634586.1875
                    ],
                    [
                        2583232.0,
                        1.1229288247704972e-05,
                        0.0002961547579616308,
                        661987.4375
                    ],
                    [
                        1912808.0,
                        1.1164392162754666e-05,
                        0.00029962105327285826,
                        693806.25
                    ],
                    [
                        2088016.0,
                        1.1107291356893256e-05,
                        0.00029777659801766276,
                        580816.75
                    ],
                    [
                        2896000.0,
                        1.103698832594091e-05,
                        0.0002728095860220492,
                        525629.9375
                    ],
                    [
                        2564408.0,
                        1.0960944564430974e-05,
                        0.0002930021146312356,
                        619511.5625
                    ],
                    [
                        3921184.0,
                        1.087203600036446e-05,
                        0.0005929499748162925,
                        538834.625
                    ],
                    [
                        2794640.0,
                        1.0781384844449349e-05,
                        0.00017766767996363342,
                        677916.4375
                    ],
                    [
                        4726272.0,
                        1.0681769708753563e-05,
                        0.00018339134112466127,
                        599563.375
                    ],
                    [
                        4927544.0,
                        1.0556481356616132e-05,
                        0.00019205290300305933,
                        583179.3125
                    ],
                    [
                        5944040.0,
                        1.0418904821563046e-05,
                        0.0002024973655352369,
                        603427.0
                    ],
                    [
                        5063656.0,
                        1.0283110896125436e-05,
                        0.0002613598189782351,
                        607061.125
                    ],
                    [
                        5221488.0,
                        1.015944144455716e-05,
                        0.00023075626813806593,
                        620602.0625
                    ],
                    [
                        3421624.0,
                        1.0057716281153262e-05,
                        0.00032322804327122867,
                        608652.25
                    ],
                    [
                        3476648.0,
                        9.978034540836234e-06,
                        0.0002578554267529398,
                        617310.8125
                    ],
                    [
                        3407144.0,
                        9.899765245791059e-06,
                        0.00022438736050389707,
                        706043.875
                    ],
                    [
                        3938560.0,
                        9.817606041906402e-06,
                        0.00038321700412780046,
                        631372.625
                    ]
                ]
            ],
            "actions": [
                [
                    [
                        0.5
                    ],
                    [
                        0.5
                    ],
                    [
                        0.5
                    ],
                    [
                        0.5
                    ],
                    [
                        0.5
                    ],
                    [
                        0.5
                    ],
                    [
                        0.5
                    ],
                    [
                        0.5
                    ],
                    [
                        0.5
                    ],
                    [
                        0.5
                    ],
                    [
                        0.5
                    ],
                    [
                        0.5
                    ],
                    [
                        0.5
                    ],
                    [
                        0.5
                    ],
                    [
                        0.5
                    ],
                    [
                        0.5
                    ],
                    [
                        0.5
                    ],
                    [
                        0.5
                    ],
                    [
                        0.5
                    ],
                    [
                        0.5
                    ]
                ]
            ],
            "returns": [
                [
                    [
                        0.41369158029556274
                    ],
                    [
                        0.41279682517051697
                    ],
                    [
                        0.41188669204711914
                    ],
                    [
                        0.41097697615623474
                    ],
                    [
                        0.41007962822914124
                    ],
                    [
                        0.4092106521129608
                    ],
                    [
                        0.4083682894706726
                    ],
                    [
                        0.4075181484222412
                    ],
                    [
                        0.4066390097141266
                    ],
                    [
                        0.4057706594467163
                    ],
                    [
                        0.40486466884613037
                    ],
                    [
                        0.40398868918418884
                    ],
                    [
                        0.40306612849235535
                    ],
                    [
                        0.4021398723125458
                    ],
                    [
                        0.40119698643684387
                    ],
                    [
                        0.4002683162689209
                    ],
                    [
                        0.39933690428733826
                    ],
                    [
                        0.39844298362731934
                    ],
                    [
                        0.3975476622581482
                    ],
                    [
                        0.3966540992259979
                    ]
                ]
            ],
            "timesteps": [
                [
                    180,
                    181,
                    182,
                    183,
                    184,
                    185,
                    186,
                    187,
                    188,
                    189,
                    190,
                    191,
                    192,
                    193,
                    194,
                    195,
                    196,
                    197,
                    198,
                    199
                ]
            ],
            "labels": [
                [
                    1,
                    1,
                    1,
                    1,
                    1,
                    1,
                    1,
                    1,
                    1,
                    1,
                    1,
                    1,
                    1,
                    1,
                    1,
                    1,
                    1,
                    1,
                    1,
                    1
                ]
            ],
            "CPU Usage": 46.7,
            "RAM Usage": 55.3,
            "GPU Usage": 0.0,
            "VRAM Usage": 355.0,
            "Disk Read Speed (MB/s)": 206398.1337890625,
            "Disk Write Speed (MB/s)": 382270.3447265625
        },
        {
            "step": 2,
            "train_loss": 0.037243712693452835,
            "actions_pred1": [
                [
                    [
                        0.48287683725357056,
                        0.4406806230545044,
                        1.1268573999404907,
                        -1.1352514028549194
                    ],
                    [
                        0.4379068613052368,
                        0.45504525303840637,
                        1.2241193056106567,
                        -1.1819140911102295
                    ],
                    [
                        0.3890921473503113,
                        0.5884599685668945,
                        1.0994560718536377,
                        -1.2409043312072754
                    ],
                    [
                        0.19906409084796906,
                        0.6860790252685547,
                        1.208706021308899,
                        -1.337986707687378
                    ],
                    [
                        0.30575641989707947,
                        0.7937217354774475,
                        1.0962817668914795,
                        -1.2142552137374878
                    ],
                    [
                        0.3868664503097534,
                        0.6254234313964844,
                        0.896855354309082,
                        -1.2475844621658325
                    ],
                    [
                        0.3960217237472534,
                        0.6398283243179321,
                        0.892276406288147,
                        -1.2776480913162231
                    ],
                    [
                        0.37221336364746094,
                        0.8495839238166809,
                        0.9937742948532104,
                        -1.2138692140579224
                    ],
                    [
                        0.41129302978515625,
                        0.7622065544128418,
                        1.0472127199172974,
                        -1.2168163061141968
                    ],
                    [
                        0.45736879110336304,
                        0.73792564868927,
                        1.0008978843688965,
                        -1.3109123706817627
                    ],
                    [
                        0.4391442537307739,
                        0.7549441456794739,
                        0.9760839939117432,
                        -1.268183708190918
                    ],
                    [
                        0.4437310993671417,
                        0.8094428777694702,
                        0.9443250894546509,
                        -1.3270576000213623
                    ],
                    [
                        0.39464396238327026,
                        0.8688913583755493,
                        1.039092779159546,
                        -1.4302542209625244
                    ],
                    [
                        0.6569481492042542,
                        0.906778872013092,
                        1.0457918643951416,
                        -1.4214329719543457
                    ],
                    [
                        0.6049714088439941,
                        0.9438695907592773,
                        1.0158828496932983,
                        -1.3573732376098633
                    ],
                    [
                        0.5584414601325989,
                        0.8362628817558289,
                        1.0263348817825317,
                        -1.400681972503662
                    ],
                    [
                        0.5119777321815491,
                        0.7097344994544983,
                        1.1318941116333008,
                        -1.3645702600479126
                    ],
                    [
                        0.5357850193977356,
                        0.6994678378105164,
                        1.0471599102020264,
                        -1.3131518363952637
                    ],
                    [
                        0.5585976839065552,
                        0.7872657775878906,
                        1.1923410892486572,
                        -1.3906193971633911
                    ],
                    [
                        0.5965496301651001,
                        0.7579885125160217,
                        1.2753427028656006,
                        -1.3537490367889404
                    ]
                ]
            ],
            "actions_pred": [
                [
                    [
                        0.48287683725357056,
                        0.4379068613052368,
                        0.3890921473503113,
                        0.19906409084796906,
                        0.30575641989707947,
                        0.3868664503097534,
                        0.3960217237472534,
                        0.37221336364746094,
                        0.41129302978515625,
                        0.45736879110336304,
                        0.4391442537307739,
                        0.4437310993671417,
