{
    "steps": [
        {
            "step": 0,
            "train_loss": 0.032385822385549545,
            "actions_pred1": [
                [
                    [
                        -0.1402561366558075,
                        0.28627586364746094,
                        1.1337597370147705,
                        -1.3510888814926147
                    ],
                    [
                        -0.06245610862970352,
                        0.3603419065475464,
                        1.0784430503845215,
                        -1.4521912336349487
                    ],
                    [
                        0.010902129113674164,
                        0.5732204914093018,
                        1.0728248357772827,
                        -1.4989219903945923
                    ],
                    [
                        0.028619997203350067,
                        0.5599545240402222,
                        1.0201269388198853,
                        -1.437808871269226
                    ],
                    [
                        -0.10315743833780289,
                        0.7442401051521301,
                        1.135935664176941,
                        -1.4099655151367188
                    ],
                    [
                        -0.17607349157333374,
                        0.7838784456253052,
                        1.1273672580718994,
                        -1.4536716938018799
                    ],
                    [
                        0.1073436439037323,
                        0.7323291301727295,
                        1.0853419303894043,
                        -1.4394093751907349
                    ],
                    [
                        0.25063085556030273,
                        0.7968688011169434,
                        1.0913286209106445,
                        -1.329923391342163
                    ],
                    [
                        0.23229116201400757,
                        0.7707419991493225,
                        1.1024389266967773,
                        -1.366080641746521
                    ],
                    [
                        0.20458880066871643,
                        0.7863887548446655,
                        1.1185638904571533,
                        -1.457303762435913
                    ],
                    [
                        0.19909211993217468,
                        0.7849318385124207,
                        1.0711965560913086,
                        -1.343338131904602
                    ],
                    [
                        0.21868494153022766,
                        0.7663581371307373,
                        1.0385786294937134,
                        -1.4391144514083862
                    ],
                    [
                        0.46743112802505493,
                        0.820520281791687,
                        1.0874457359313965,
                        -1.5349171161651611
                    ],
                    [
                        0.4892030954360962,
                        0.7869005799293518,
                        0.9653633236885071,
                        -1.3495604991912842
                    ],
                    [
                        0.5878530144691467,
                        0.7574475407600403,
                        0.9512319564819336,
                        -1.3420674800872803
                    ],
                    [
                        0.4798758327960968,
                        0.7315061092376709,
                        0.9865037202835083,
                        -1.4306201934814453
                    ],
                    [
                        0.3229072690010071,
                        0.7190626859664917,
                        0.9844180345535278,
                        -1.401903748512268
                    ],
                    [
                        0.33731308579444885,
                        0.7500942945480347,
                        1.0354695320129395,
                        -1.498608112335205
                    ],
                    [
                        0.35404694080352783,
                        0.7852576375007629,
                        1.1160250902175903,
                        -1.4323680400848389
                    ],
                    [
                        0.33938002586364746,
                        0.7602052092552185,
                        1.0020180940628052,
                        -1.4798007011413574
                    ]
                ]
            ],
            "actions_pred": [
                [
                    [
                        -0.1402561366558075,
                        -0.06245610862970352,
                        0.010902129113674164,
                        0.028619997203350067,
                        -0.10315743833780289,
                        -0.17607349157333374,
                        0.1073436439037323,
                        0.25063085556030273,
                        0.23229116201400757,
                        0.20458880066871643,
                        0.19909211993217468,
                        0.21868494153022766,
                        0.46743112802505493,
                        0.4892030954360962,
                        0.5878530144691467,
                        0.4798758327960968,
                        0.3229072690010071,
                        0.33731308579444885,
                        0.35404694080352783,
                        0.33938002586364746
                    ],
                    [
                        0.28627586364746094,
                        0.3603419065475464,
                        0.5732204914093018,
                        0.5599545240402222,
                        0.7442401051521301,
                        0.7838784456253052,
                        0.7323291301727295,
                        0.7968688011169434,
                        0.7707419991493225,
                        0.7863887548446655,
                        0.7849318385124207,
                        0.7663581371307373,
                        0.820520281791687,
                        0.7869005799293518,
                        0.7574475407600403,
                        0.7315061092376709,
                        0.7190626859664917,
                        0.7500942945480347,
                        0.7852576375007629,
                        0.7602052092552185
                    ],
                    [
                        1.1337597370147705,
                        1.0784430503845215,
                        1.0728248357772827,
                        1.0201269388198853,
                        1.135935664176941,
                        1.1273672580718994,
                        1.0853419303894043,
                        1.0913286209106445,
                        1.1024389266967773,
                        1.1185638904571533,
                        1.0711965560913086,
                        1.0385786294937134,
                        1.0874457359313965,
                        0.9653633236885071,
                        0.9512319564819336,
                        0.9865037202835083,
                        0.9844180345535278,
                        1.0354695320129395,
                        1.1160250902175903,
                        1.0020180940628052
                    ],
                    [
                        -1.3510888814926147,
                        -1.4521912336349487,
                        -1.4989219903945923,
                        -1.437808871269226,
                        -1.4099655151367188,
                        -1.4536716938018799,
                        -1.4394093751907349,
                        -1.329923391342163,
                        -1.366080641746521,
                        -1.457303762435913,
                        -1.343338131904602,
                        -1.4391144514083862,
                        -1.5349171161651611,
                        -1.3495604991912842,
                        -1.3420674800872803,
                        -1.4306201934814453,
                        -1.401903748512268,
                        -1.498608112335205,
                        -1.4323680400848389,
                        -1.4798007011413574
                    ]
                ]
            ],
            "states": [
                [
                    [
                        5527016.0,
                        1.5349276509368792e-05,
                        0.0002737951872404665,
                        805844.5
                    ],
                    [
                        5095512.0,
                        1.517824421171099e-05,
                        0.0002537628752179444,
                        822709.0625
                    ],
                    [
                        5057864.0,
                        1.501830956840422e-05,
                        0.0002845273702405393,
                        817377.8125
                    ],
                    [
                        5703672.0,
                        1.4852455933578312e-05,
                        0.00027429292094893754,
                        848477.75
                    ],
                    [
                        5414072.0,
                        1.4684866982861422e-05,
                        0.0002784566895570606,
                        829260.1875
                    ],
                    [
                        5337328.0,
                        1.452638753107749e-05,
                        0.00027366288122721016,
                        838067.9375
                    ],
                    [
                        5141848.0,
                        1.4375169484992512e-05,
                        0.0002617421268951148,
                        823064.0
                    ],
                    [
                        5211352.0,
                        1.422882269253023e-05,
                        0.000270931632257998,
                        844933.9375
                    ],
                    [
                        5386560.0,
                        1.4082077541388571e-05,
                        0.00027350522577762604,
                        861893.1875
                    ],
                    [
                        5118680.0,
                        1.3939571545051876e-05,
                        0.0002609447401482612,
                        831639.4375
                    ],
                    [
                        5401040.0,
                        1.3799754015053622e-05,
                        0.0002695223083719611,
                        814358.625
                    ],
                    [
                        5211352.0,
                        1.3661498996953014e-05,
                        0.00026009109569713473,
                        868776.75
                    ],
                    [
                        142.0,
                        0.21944443881511688,
                        0.00015429843915626407,
                        853.0870361328125
                    ],
                    [
                        4879797.0,
                        0.008871808648109436,
                        0.0001451207062928006,
                        568995.3125
                    ],
                    [
                        6620256.0,
                        0.0009351735934615135,
                        0.00015239168715197593,
                        450753.09375
                    ],
                    [
                        9419240.0,
                        0.00045934959780424833,
                        0.0001363051705993712,
                        480722.0
                    ],
                    [
                        9852192.0,
                        0.0002833923790603876,
                        0.0001300903531955555,
                        459858.53125
                    ],
                    [
                        9448200.0,
                        0.0002050806797342375,
                        0.026162419468164444,
                        444324.5625
                    ],
                    [
                        10519720.0,
                        0.00015983681078068912,
                        0.00028762174770236015,
                        442793.625
                    ],
                    [
                        11032312.0,
                        0.00012905527546536177,
                        0.00021737493807449937,
                        442420.15625
                    ]
                ]
            ],
            "actions": [
                [
                    [
                        0.75
                    ],
                    [
                        0.75
                    ],
                    [
                        0.75
                    ],
                    [
                        0.75
                    ],
                    [
                        0.75
                    ],
                    [
                        0.75
                    ],
                    [
                        0.75
                    ],
                    [
                        0.75
                    ],
                    [
                        0.75
                    ],
                    [
                        0.75
                    ],
                    [
                        0.75
                    ],
                    [
                        0.75
                    ],
                    [
                        0.25
                    ],
                    [
                        0.25
                    ],
                    [
                        0.25
                    ],
                    [
                        0.25
                    ],
                    [
                        0.25
                    ],
                    [
                        0.25
                    ],
                    [
                        0.25
                    ],
                    [
                        0.25
                    ]
                ]
            ],
            "returns": [
                [
                    [
                        0.30454936623573303
                    ],
                    [
                        0.30361291766166687
                    ],
                    [
                        0.3026837110519409
                    ],
                    [
                        0.3017551302909851
                    ],
                    [
                        0.3008159101009369
                    ],
                    [
                        0.29988130927085876
                    ],
                    [
                        0.2989479601383209
                    ],
                    [
                        0.2980179190635681
                    ],
                    [
                        0.2970867156982422
                    ],
                    [
                        0.2961525619029999
                    ],
                    [
                        0.2952229082584381
                    ],
                    [
                        0.2942885160446167
                    ],
                    [
                        0.29335731267929077
                    ],
                    [
                        0.29335731267929077
                    ],
                    [
                        0.29243192076683044
                    ],
                    [
                        0.2914794683456421
                    ],
                    [
                        0.29049578309059143
                    ],
                    [
                        0.2895081043243408
                    ],
                    [
                        0.2885241210460663
                    ],
                    [
                        0.2875306308269501
                    ]
                ]
            ],
            "timesteps": [
                [
                    300,
                    301,
                    302,
                    303,
                    304,
                    305,
                    306,
                    307,
                    308,
                    309,
                    310,
                    311,
                    312,
                    313,
                    314,
                    315,
                    316,
                    317,
                    318,
                    319
                ]
            ],
            "labels": [
                [
                    2,
                    2,
                    2,
                    2,
                    2,
                    2,
                    2,
                    2,
                    2,
                    2,
                    2,
                    2,
                    0,
                    0,
                    0,
                    0,
                    0,
                    0,
                    0,
                    0
                ]
            ],
            "CPU Usage": 45.9,
            "RAM Usage": 55.1,
            "GPU Usage": 0.0,
            "VRAM Usage": 355.0,
            "Disk Read Speed (MB/s)": 206398.2939453125,
            "Disk Write Speed (MB/s)": 386278.8095703125
        },
        {
            "step": 1,
            "train_loss": 0.02607191726565361,
            "actions_pred1": [
                [
                    [
                        -0.14069849252700806,
                        0.6990138292312622,
                        0.6991130113601685,
                        -1.7132551670074463
                    ],
                    [
                        -0.04160809516906738,
                        0.7373394966125488,
                        0.8741607666015625,
                        -1.812707543373108
                    ],
                    [
                        0.036744579672813416,
                        0.8046754598617554,
                        0.6823371648788452,
                        -2.1228976249694824
                    ],
                    [
                        0.1250840723514557,
                        0.8602373600006104,
                        0.7499752044677734,
                        -2.2536256313323975
                    ],
                    [
                        0.2963237762451172,
                        1.02476167678833,
                        0.5321041345596313,
                        -2.79799485206604
                    ],
                    [
                        0.468883752822876,
                        1.1044881343841553,
                        0.7124909162521362,
                        -2.752354860305786
                    ],
                    [
                        0.4903428256511688,
                        1.2370306253433228,
                        0.792375922203064,
                        -2.803043842315674
                    ],
                    [
                        0.5812232494354248,
                        1.2879459857940674,
                        0.8853675127029419,
                        -2.5522923469543457
                    ],
                    [
                        0.3959784507751465,
                        1.2703967094421387,
                        0.7063705921173096,
                        -2.5381784439086914
                    ],
                    [
                        0.40951094031333923,
                        1.1414275169372559,
                        0.9181642532348633,
                        -2.4145870208740234
                    ],
                    [
                        0.36702656745910645,
                        0.992316484451294,
                        0.8404239416122437,
                        -2.3734824657440186
                    ],
                    [
                        0.14012524485588074,
                        0.9297210574150085,
                        0.7778075933456421,
                        -2.208622455596924
                    ],
                    [
                        0.08763924986124039,
                        1.0105645656585693,
                        0.8243950605392456,
                        -2.1382198333740234
                    ],
                    [
                        0.10560756921768188,
                        1.078077793121338,
                        0.8371802568435669,
                        -2.0921759605407715
                    ],
                    [
                        0.14204174280166626,
                        1.0070674419403076,
                        0.7597460746765137,
                        -2.0692079067230225
                    ],
                    [
                        0.18594586849212646,
                        1.063660740852356,
                        0.7488117814064026,
                        -2.1849260330200195
                    ],
                    [
                        0.3116054832935333,
                        1.0909851789474487,
                        0.7906875014305115,
                        -2.233217716217041
                    ],
                    [
                        0.31029003858566284,
                        1.1035419702529907,
                        0.8241240978240967,
                        -2.0662293434143066
                    ],
                    [
                        0.21834203600883484,
                        1.0511378049850464,
                        0.9745131134986877,
                        -2.238396167755127
                    ],
                    [
                        0.23906949162483215,
                        0.9919010996818542,
                        1.0711989402770996,
                        -2.142030954360962
                    ]
                ]
            ],
            "actions_pred": [
                [
                    [
                        -0.14069849252700806,
                        -0.04160809516906738,
                        0.036744579672813416,
                        0.1250840723514557,
                        0.2963237762451172,
                        0.468883752822876,
                        0.4903428256511688,
                        0.5812232494354248,
                        0.3959784507751465,
                        0.40951094031333923,
                        0.36702656745910645,
                        0.14012524485588074,
                        0.08763924986124039,
                        0.10560756921768188,
                        0.14204174280166626,
                        0.18594586849212646,
                        0.3116054832935333,
                        0.31029003858566284,
                        0.21834203600883484,
                        0.23906949162483215
                    ],
                    [
                        0.6990138292312622,
                        0.7373394966125488,
                        0.8046754598617554,
                        0.8602373600006104,
                        1.02476167678833,
                        1.1044881343841553,
                        1.2370306253433228,
                        1.2879459857940674,
                        1.2703967094421387,
                        1.1414275169372559,
                        0.992316484451294,
                        0.9297210574150085,
                        1.0105645656585693,
                        1.078077793121338,
                        1.0070674419403076,
                        1.063660740852356,
                        1.0909851789474487,
                        1.1035419702529907,
                        1.0511378049850464,
                        0.9919010996818542
                    ],
                    [
                        0.6991130113601685,
                        0.8741607666015625,
                        0.6823371648788452,
                        0.7499752044677734,
                        0.5321041345596313,
                        0.7124909162521362,
                        0.792375922203064,
                        0.8853675127029419,
                        0.7063705921173096,
                        0.9181642532348633,
                        0.8404239416122437,
                        0.7778075933456421,
                        0.8243950605392456,
                        0.8371802568435669,
                        0.7597460746765137,
                        0.7488117814064026,
                        0.7906875014305115,
                        0.8241240978240967,
                        0.9745131134986877,
                        1.0711989402770996
                    ],
                    [
                        -1.7132551670074463,
                        -1.812707543373108,
                        -2.1228976249694824,
                        -2.2536256313323975,
                        -2.79799485206604,
                        -2.752354860305786,
                        -2.803043842315674,
                        -2.5522923469543457,
                        -2.5381784439086914,
                        -2.4145870208740234,
                        -2.3734824657440186,
                        -2.208622455596924,
                        -2.1382198333740234,
                        -2.0921759605407715,
                        -2.0692079067230225,
                        -2.1849260330200195,
                        -2.233217716217041,
                        -2.0662293434143066,
                        -2.238396167755127,
                        -2.142030954360962
                    ]
                ]
            ],
            "states": [
                [
                    [
                        6630392.0,
                        1.589785097166896e-05,
                        0.0030998915899544954,
                        575874.875
                    ],
                    [
                        6756368.0,
                        1.5517740393988788e-05,
                        0.00046779168769717216,
                        548346.8125
                    ],
                    [
                        6252464.0,
                        1.5165252079896163e-05,
                        0.0003139808541163802,
                        592422.1875
                    ],
                    [
                        6275632.0,
                        1.4840703443042003e-05,
                        0.0002766261750366539,
                        580548.75
                    ],
                    [
                        5845576.0,
                        1.4539574294758495e-05,
                        0.00026207882910966873,
                        570513.0
                    ],
                    [
                        6198888.0,
                        1.4252340406528674e-05,
                        0.00027697221958078444,
                        604356.0
                    ],
                    [
                        4525000.0,
                        1.4005720004206523e-05,
                        0.00037561735371127725,
                        519198.90625
                    ],
                    [
                        4878312.0,
                        1.3796614439343102e-05,
                        0.000348972505889833,
                        533459.0
                    ],
                    [
                        4776952.0,
                        1.3588255569629837e-05,
                        0.000344088242854923,
                        588163.3125
                    ],
                    [
                        4878312.0,
                        1.3386117643676698e-05,
                        0.00030916635296307504,
                        571568.5625
                    ],
                    [
                        4407712.0,
                        1.3197249245422427e-05,
                        0.00029186115716584027,
                        549308.25
                    ],
                    [
                        4623464.0,
                        1.3018668141739909e-05,
                        0.00031188191496767104,
                        567697.8125
                    ],
                    [
                        5241760.0,
                        1.2829074876208324e-05,
                        0.0003927450452465564,
                        616835.375
                    ],
                    [
                        4287528.0,
                        1.2650972166738939e-05,
                        0.00034627493005245924,
                        586416.5625
                    ],
                    [
                        4679936.0,
                        1.248793432750972e-05,
                        0.00028098482289351523,
                        591184.1875
                    ],
                    [
                        4293320.0,
                        1.2328885532042477e-05,
                        0.0002829945588018745,
                        595186.25
                    ],
                    [
                        2884416.0,
                        1.2204491213196889e-05,
                        0.00027779326774179935,
                        581960.9375
                    ],
                    [
                        4042816.0,
                        1.2086934475519229e-05,
                        0.00029917724896222353,
                        651221.5
                    ],
                    [
                        4267256.0,
                        1.1948805877182167e-05,
                        0.00037997434264980257,
                        587955.875
                    ],
                    [
                        4659664.0,
                        1.1803908819274511e-05,
                        0.00029415389872156084,
                        593533.5625
                    ]
                ]
            ],
            "actions": [
                [
                    [
                        0.5
                    ],
                    [
                        0.5
                    ],
                    [
                        0.5
                    ],
                    [
                        0.5
                    ],
                    [
                        0.5
                    ],
                    [
                        0.5
                    ],
                    [
                        0.5
                    ],
                    [
                        0.5
                    ],
                    [
                        0.5
                    ],
                    [
                        0.5
                    ],
                    [
                        0.5
                    ],
                    [
                        0.5
                    ],
                    [
                        0.5
                    ],
                    [
                        0.5
                    ],
                    [
                        0.5
                    ],
                    [
                        0.5
                    ],
                    [
                        0.5
                    ],
                    [
                        0.5
                    ],
                    [
                        0.5
                    ],
                    [
                        0.5
                    ]
                ]
            ],
            "returns": [
                [
                    [
                        0.4322150647640228
                    ],
                    [
                        0.4312624931335449
                    ],
                    [
                        0.4303082525730133
                    ],
                    [
                        0.42936089634895325
                    ],
                    [
                        0.42841318249702454
                    ],
                    [
                        0.427471786737442
                    ],
                    [
                        0.42652517557144165
                    ],
                    [
                        0.42560648918151855
                    ],
                    [
                        0.4246810972690582
                    ],
                    [
                        0.4237576127052307
                    ],
                    [
                        0.4228322505950928
                    ],
                    [
                        0.42191585898399353
                    ],
                    [
                        0.4209952652454376
                    ],
                    [
                        0.4200635254383087
                    ],
                    [
                        0.41914960741996765
                    ],
                    [
                        0.4182279109954834
                    ],
                    [
                        0.4173138737678528
                    ],
                    [
                        0.4164350926876068
                    ],
                    [
                        0.4155263900756836
                    ],
                    [
                        0.41461288928985596
                    ]
                ]
            ],
            "timesteps": [
                [
                    160,
                    161,
                    162,
                    163,
                    164,
                    165,
                    166,
                    167,
                    168,
                    169,
                    170,
                    171,
                    172,
                    173,
                    174,
                    175,
                    176,
                    177,
                    178,
                    179
                ]
            ],
            "labels": [
                [
                    1,
                    1,
                    1,
                    1,
                    1,
                    1,
                    1,
                    1,
                    1,
                    1,
                    1,
                    1,
                    1,
                    1,
                    1,
                    1,
                    1,
                    1,
                    1,
                    1
                ]
            ],
            "CPU Usage": 47.2,
            "RAM Usage": 55.3,
            "GPU Usage": 0.0,
            "VRAM Usage": 355.0,
            "Disk Read Speed (MB/s)": 206398.2939453125,
            "Disk Write Speed (MB/s)": 386278.8916015625
        },
        {
            "step": 2,
            "train_loss": 0.04875955730676651,
            "actions_pred1": [
                [
                    [
                        0.13913826644420624,
                        0.3731304407119751,
                        1.0059376955032349,
                        -1.0843859910964966
                    ],
                    [
                        0.06858588755130768,
                        0.5144921541213989,
                        1.060895562171936,
                        -1.1559383869171143
                    ],
                    [
                        0.021018721163272858,
                        0.6085560321807861,
                        0.9728562831878662,
                        -1.1415112018585205
                    ],
                    [
                        0.2831900119781494,
                        0.6017469763755798,
                        0.911735475063324,
                        -1.1216410398483276
                    ],
                    [
                        0.30054518580436707,
                        0.6378144025802612,
                        0.9783011078834534,
                        -1.3343281745910645
                    ],
                    [
                        0.4917965531349182,
                        0.7709425687789917,
                        0.9894099235534668,
                        -1.5261008739471436
                    ],
                    [
                        0.5121997594833374,
                        0.8532900810241699,
                        1.0116326808929443,
                        -1.507168173789978
                    ],
                    [
                        0.3884935975074768,
                        1.0732581615447998,
                        1.0249477624893188,
                        -1.5478675365447998
                    ],
                    [
                        0.35156622529029846,
                        0.9133279323577881,
                        1.077915906906128,
                        -1.3678100109100342
                    ],
                    [
                        0.3162088096141815,
                        1.0182570219039917,
                        0.9492760896682739,
                        -1.383496880531311
                    ],
                    [
                        0.3310041129589081,
                        1.0462260246276855,
                        0.8967240452766418,
                        -1.5054155588150024
                    ],
                    [
                        0.43027129769325256,
                        0.9253723621368408,
                        0.8990842700004578,
                        -1.4873204231262207
                    ],
                    [
                        0.3609021306037903,
                        0.9327239394187927,
                        1.0253411531448364,
                        -1.5058619976043701
                    ],
                    [
                        0.4967721998691559,
                        1.0382994413375854,
                        1.049716591835022,
                        -1.4909528493881226
                    ],
                    [
                        0.46147745847702026,
                        0.9826056957244873,
                        0.9692234396934509,
                        -1.4236482381820679
                    ],
                    [
                        0.4867066740989685,
                        0.9601427316665649,
                        1.0051701068878174,
                        -1.4736528396606445
                    ],
                    [
                        0.4177541136741638,
                        0.915965735912323,
                        0.9932265281677246,
                        -1.4501253366470337
                    ],
                    [
                        0.21643291413784027,
                        0.8667236566543579,
                        0.8398553133010864,
                        -1.443310260772705
                    ],
                    [
                        0.31543976068496704,
                        0.8416095972061157,
                        0.923229992389679,
                        -1.3508384227752686
                    ],
                    [
                        0.3629092872142792,
                        1.0248562097549438,
                        0.9370988011360168,
                        -1.431807518005371
                    ]
                ]
            ],
            "actions_pred": [
                [
                    [
                        0.13913826644420624,
                        0.06858588755130768,
                        0.021018721163272858,
                        0.2831900119781494,
                        0.30054518580436707,
                        0.4917965531349182,
                        0.5121997594833374,
                        0.3884935975074768,
                        0.35156622529029846,
                        0.3162088096141815,
                        0.3310041129589081,
