{
    "steps": [
        {
            "step": 0,
            "train_loss": 0.017634861171245575,
            "actions_pred1": [
                [
                    [
                        -0.9386005401611328,
                        3.1782188415527344,
                        3.432865858078003,
                        -4.53145694732666
                    ],
                    [
                        -0.24732202291488647,
                        3.1525115966796875,
                        4.160060405731201,
                        -4.662364959716797
                    ],
                    [
                        -0.2037820816040039,
                        3.252484083175659,
                        3.802509069442749,
                        -4.980957984924316
                    ],
                    [
                        -0.314931720495224,
                        3.359257221221924,
                        3.3423314094543457,
                        -5.016628265380859
                    ],
                    [
                        -0.37323763966560364,
                        3.88132381439209,
                        2.7928473949432373,
                        -5.222269058227539
                    ],
                    [
                        -0.2210346907377243,
                        4.05891752243042,
                        2.853990316390991,
                        -5.322085380554199
                    ],
                    [
                        -0.020966850221157074,
                        4.197216987609863,
                        2.7724533081054688,
                        -5.331220626831055
                    ],
                    [
                        -0.09059462696313858,
                        3.923128604888916,
                        2.7186553478240967,
                        -5.349389553070068
                    ],
                    [
                        -0.2162330150604248,
                        4.170900344848633,
                        2.6796772480010986,
                        -5.293787002563477
                    ],
                    [
                        -0.3618107736110687,
                        4.169007301330566,
                        2.575900077819824,
                        -5.394298553466797
                    ],
                    [
                        -0.5490118861198425,
                        4.171897888183594,
                        2.974917411804199,
                        -5.291627883911133
                    ],
                    [
                        -0.568918764591217,
                        4.082096576690674,
                        3.1773438453674316,
                        -5.284085750579834
                    ],
                    [
                        -0.4456176459789276,
                        4.215097427368164,
                        3.326927661895752,
                        -5.313831806182861
                    ],
                    [
                        -0.5517492294311523,
                        4.240684986114502,
                        3.263314962387085,
                        -5.451400279998779
                    ],
                    [
                        -0.49695199728012085,
                        4.296458721160889,
                        3.256348133087158,
                        -5.305779457092285
                    ],
                    [
                        -0.6661514639854431,
                        4.373178005218506,
                        3.13975191116333,
                        -5.177417755126953
                    ],
                    [
                        -0.6734012961387634,
                        4.455401420593262,
                        2.996223211288452,
                        -5.152238845825195
                    ],
                    [
                        -0.615317165851593,
                        4.306077003479004,
                        2.9741504192352295,
                        -5.2429728507995605
                    ],
                    [
                        -0.4496041536331177,
                        4.262231349945068,
                        2.982367992401123,
                        -5.364060401916504
                    ],
                    [
                        -0.45232486724853516,
                        4.340978145599365,
                        2.9365897178649902,
                        -5.310764312744141
                    ]
                ]
            ],
            "actions_pred": [
                [
                    [
                        -0.9386005401611328,
                        -0.24732202291488647,
                        -0.2037820816040039,
                        -0.314931720495224,
                        -0.37323763966560364,
                        -0.2210346907377243,
                        -0.020966850221157074,
                        -0.09059462696313858,
                        -0.2162330150604248,
                        -0.3618107736110687,
                        -0.5490118861198425,
                        -0.568918764591217,
                        -0.4456176459789276,
                        -0.5517492294311523,
                        -0.49695199728012085,
                        -0.6661514639854431,
                        -0.6734012961387634,
                        -0.615317165851593,
                        -0.4496041536331177,
                        -0.45232486724853516
                    ],
                    [
                        3.1782188415527344,
                        3.1525115966796875,
                        3.252484083175659,
                        3.359257221221924,
                        3.88132381439209,
                        4.05891752243042,
                        4.197216987609863,
                        3.923128604888916,
                        4.170900344848633,
                        4.169007301330566,
                        4.171897888183594,
                        4.082096576690674,
                        4.215097427368164,
                        4.240684986114502,
                        4.296458721160889,
                        4.373178005218506,
                        4.455401420593262,
                        4.306077003479004,
                        4.262231349945068,
                        4.340978145599365
                    ],
                    [
                        3.432865858078003,
                        4.160060405731201,
                        3.802509069442749,
                        3.3423314094543457,
                        2.7928473949432373,
                        2.853990316390991,
                        2.7724533081054688,
                        2.7186553478240967,
                        2.6796772480010986,
                        2.575900077819824,
                        2.974917411804199,
                        3.1773438453674316,
                        3.326927661895752,
                        3.263314962387085,
                        3.256348133087158,
                        3.13975191116333,
                        2.996223211288452,
                        2.9741504192352295,
                        2.982367992401123,
                        2.9365897178649902
                    ],
                    [
                        -4.53145694732666,
                        -4.662364959716797,
                        -4.980957984924316,
                        -5.016628265380859,
                        -5.222269058227539,
                        -5.322085380554199,
                        -5.331220626831055,
                        -5.349389553070068,
                        -5.293787002563477,
                        -5.394298553466797,
                        -5.291627883911133,
                        -5.284085750579834,
                        -5.313831806182861,
                        -5.451400279998779,
                        -5.305779457092285,
                        -5.177417755126953,
                        -5.152238845825195,
                        -5.2429728507995605,
                        -5.364060401916504,
                        -5.310764312744141
                    ]
                ]
            ],
            "states": [
                [
                    [
                        5847024.0,
                        7.17427474228316e-06,
                        0.0002797465131152421,
                        862261.25
                    ],
                    [
                        5130264.0,
                        7.109771104296669e-06,
                        0.00027696648612618446,
                        791462.9375
                    ],
                    [
                        5460408.0,
                        7.0486535150848795e-06,
                        0.0002747685939539224,
                        848104.9375
                    ],
                    [
                        5159224.0,
                        6.988396307860967e-06,
                        0.000255326071055606,
                        826896.4375
                    ],
                    [
                        5280856.0,
                        6.9301599978643935e-06,
                        0.0002729953557718545,
                        850071.375
                    ],
                    [
                        5415520.0,
                        6.871501227578847e-06,
                        0.00026464968686923385,
                        894284.875
                    ],
                    [
                        5138952.0,
                        6.81457140672137e-06,
                        0.000260901142610237,
                        824406.5
                    ],
                    [
                        5364840.0,
                        6.758851213817252e-06,
                        0.00026091569452546537,
                        837380.25
                    ],
                    [
                        8605643.0,
                        0.0036125751212239265,
                        0.0002766261750366539,
                        462352.0625
                    ],
                    [
                        10015816.0,
                        0.00033437556703574955,
                        0.00026207882910966873,
                        482968.0625
                    ],
                    [
                        7806168.0,
                        0.00019468956452328712,
                        0.00027697221958078444,
                        473153.5
                    ],
                    [
                        6004856.0,
                        0.00014804340025875717,
                        0.00037561735371127725,
                        563905.9375
                    ],
                    [
                        3835752.0,
                        0.00012653775047510862,
                        0.000348972505889833,
                        546822.625
                    ],
                    [
                        693592.0,
                        0.00011859468213515356,
                        0.000344088242854923,
                        536207.0
                    ],
                    [
                        1136680.0,
                        0.00011570940841920674,
                        0.00030916635296307504,
                        532932.75
                    ],
                    [
                        755856.0,
                        0.0001128598305513151,
                        0.00029186115716584027,
                        668301.125
                    ],
                    [
                        573408.0,
                        0.00011094257206423208,
                        0.00031188191496767104,
                        741689.6875
                    ],
                    [
                        432952.0,
                        0.0001095341140171513,
                        0.0003927450452465564,
                        678985.1875
                    ],
                    [
                        1216320.0,
                        0.00010730996291385964,
                        0.00034627493005245924,
                        618105.1875
                    ],
                    [
                        4131144.0,
                        0.00010072957229567692,
                        0.00028098482289351523,
                        571491.4375
                    ]
                ]
            ],
            "actions": [
                [
                    [
                        0.75
                    ],
                    [
                        0.75
                    ],
                    [
                        0.75
                    ],
                    [
                        0.75
                    ],
                    [
                        0.75
                    ],
                    [
                        0.75
                    ],
                    [
                        0.75
                    ],
                    [
                        0.75
                    ],
                    [
                        0.5
                    ],
                    [
                        0.5
                    ],
                    [
                        0.5
                    ],
                    [
                        0.5
                    ],
                    [
                        0.5
                    ],
                    [
                        0.5
                    ],
                    [
                        0.5
                    ],
                    [
                        0.5
                    ],
                    [
                        0.5
                    ],
                    [
                        0.5
                    ],
                    [
                        0.5
                    ],
                    [
                        0.5
                    ]
                ]
            ],
            "returns": [
                [
                    [
                        0.48685410618782043
                    ],
                    [
                        0.4859126806259155
                    ],
                    [
                        0.48498284816741943
                    ],
                    [
                        0.4840475022792816
                    ],
                    [
                        0.48311716318130493
                    ],
                    [
                        0.4821847677230835
                    ],
                    [
                        0.481250137090683
                    ],
                    [
                        0.48032015562057495
                    ],
                    [
                        0.4793863594532013
                    ],
                    [
                        0.47841066122055054
                    ],
                    [
                        0.47742152214050293
                    ],
                    [
                        0.4764544665813446
                    ],
                    [
                        0.47551068663597107
                    ],
                    [
                        0.47460663318634033
                    ],
                    [
                        0.4738542139530182
                    ],
                    [
                        0.47305798530578613
                    ],
                    [
                        0.4722979664802551
                    ],
                    [
                        0.47156238555908203
                    ],
                    [
                        0.47085174918174744
                    ],
                    [
                        0.47004953026771545
                    ]
                ]
            ],
            "timesteps": [
                [
                    100,
                    101,
                    102,
                    103,
                    104,
                    105,
                    106,
                    107,
                    108,
                    109,
                    110,
                    111,
                    112,
                    113,
                    114,
                    115,
                    116,
                    117,
                    118,
                    119
                ]
            ],
            "labels": [
                [
                    2,
                    2,
                    2,
                    2,
                    2,
                    2,
                    2,
                    2,
                    1,
                    1,
                    1,
                    1,
                    1,
                    1,
                    1,
                    1,
                    1,
                    1,
                    1,
                    1
                ]
            ],
            "CPU Usage": 45.9,
            "RAM Usage": 55.0,
            "GPU Usage": 0.0,
            "VRAM Usage": 355.0,
            "Disk Read Speed (MB/s)": 206653.2373046875,
            "Disk Write Speed (MB/s)": 429478.3837890625
        },
        {
            "step": 1,
            "train_loss": 0.0009163790382444859,
            "actions_pred1": [
                [
                    [
                        -1.0572432279586792,
                        2.3248374462127686,
                        -0.5242400169372559,
                        -4.956395149230957
                    ],
                    [
                        -1.5232487916946411,
                        2.8107378482818604,
                        -0.596601665019989,
                        -5.68696928024292
                    ],
                    [
                        -0.750439465045929,
                        3.4766592979431152,
                        -0.5462603569030762,
                        -5.553022384643555
                    ],
                    [
                        -0.564443051815033,
                        3.998307704925537,
                        -0.5901491641998291,
                        -5.419642448425293
                    ],
                    [
                        -0.6036741733551025,
                        3.992021083831787,
                        -0.5168575048446655,
                        -5.884551525115967
                    ],
                    [
                        -0.7164742350578308,
                        4.0333404541015625,
                        -0.4933871030807495,
                        -6.032296657562256
                    ],
                    [
                        -0.7146831750869751,
                        3.863009452819824,
                        -0.44088828563690186,
                        -5.845372200012207
                    ],
                    [
                        -0.6942250728607178,
                        4.082075595855713,
                        -0.2286851555109024,
                        -5.9234466552734375
                    ],
                    [
                        -0.6684821844100952,
                        3.8052072525024414,
                        -0.13200849294662476,
                        -5.973306179046631
                    ],
                    [
                        -0.7482593059539795,
                        3.7700791358947754,
                        -0.11323833465576172,
                        -6.181442737579346
                    ],
                    [
                        -0.8505055904388428,
                        3.9963417053222656,
                        -0.12470823526382446,
                        -6.207004547119141
                    ],
                    [
                        -0.671097457408905,
                        4.013169288635254,
                        -0.13207465410232544,
                        -6.155693531036377
                    ],
                    [
                        -0.5978329181671143,
                        4.168430805206299,
                        -0.07190831005573273,
                        -6.174432277679443
                    ],
                    [
                        -0.6812456250190735,
                        4.160296440124512,
                        0.009744974784553051,
                        -6.2889509201049805
                    ],
                    [
                        -0.6326063871383667,
                        4.147561550140381,
                        0.035535361617803574,
                        -6.418798446655273
                    ],
                    [
                        -0.5812261700630188,
                        3.9913384914398193,
                        -0.15162380039691925,
                        -6.334831237792969
                    ],
                    [
                        -0.6163780093193054,
                        3.9987244606018066,
                        -0.01976076140999794,
                        -6.449670314788818
                    ],
                    [
                        -0.6247652769088745,
                        3.994473934173584,
                        0.021077509969472885,
                        -6.4776201248168945
                    ],
                    [
                        -0.5985358357429504,
                        4.243902206420898,
                        0.07864312827587128,
                        -6.530472755432129
                    ],
                    [
                        -0.45847028493881226,
                        4.1424431800842285,
                        0.1890624761581421,
                        -6.4318952560424805
                    ]
                ]
            ],
            "actions_pred": [
                [
                    [
                        -1.0572432279586792,
                        -1.5232487916946411,
                        -0.750439465045929,
                        -0.564443051815033,
                        -0.6036741733551025,
                        -0.7164742350578308,
                        -0.7146831750869751,
                        -0.6942250728607178,
                        -0.6684821844100952,
                        -0.7482593059539795,
                        -0.8505055904388428,
                        -0.671097457408905,
                        -0.5978329181671143,
                        -0.6812456250190735,
                        -0.6326063871383667,
                        -0.5812261700630188,
                        -0.6163780093193054,
                        -0.6247652769088745,
                        -0.5985358357429504,
                        -0.45847028493881226
                    ],
                    [
                        2.3248374462127686,
                        2.8107378482818604,
                        3.4766592979431152,
                        3.998307704925537,
                        3.992021083831787,
                        4.0333404541015625,
                        3.863009452819824,
                        4.082075595855713,
                        3.8052072525024414,
                        3.7700791358947754,
                        3.9963417053222656,
                        4.013169288635254,
                        4.168430805206299,
                        4.160296440124512,
                        4.147561550140381,
                        3.9913384914398193,
                        3.9987244606018066,
                        3.994473934173584,
                        4.243902206420898,
                        4.1424431800842285
                    ],
                    [
                        -0.5242400169372559,
                        -0.596601665019989,
                        -0.5462603569030762,
                        -0.5901491641998291,
                        -0.5168575048446655,
                        -0.4933871030807495,
                        -0.44088828563690186,
                        -0.2286851555109024,
                        -0.13200849294662476,
                        -0.11323833465576172,
                        -0.12470823526382446,
                        -0.13207465410232544,
                        -0.07190831005573273,
                        0.009744974784553051,
                        0.035535361617803574,
                        -0.15162380039691925,
                        -0.01976076140999794,
                        0.021077509969472885,
                        0.07864312827587128,
                        0.1890624761581421
                    ],
                    [
                        -4.956395149230957,
                        -5.68696928024292,
                        -5.553022384643555,
                        -5.419642448425293,
                        -5.884551525115967,
                        -6.032296657562256,
                        -5.845372200012207,
                        -5.9234466552734375,
                        -5.973306179046631,
                        -6.181442737579346,
                        -6.207004547119141,
                        -6.155693531036377,
                        -6.174432277679443,
                        -6.2889509201049805,
                        -6.418798446655273,
                        -6.334831237792969,
                        -6.449670314788818,
                        -6.4776201248168945,
                        -6.530472755432129,
                        -6.4318952560424805
                    ]
                ]
            ],
            "states": [
                [
                    [
                        3840096.0,
                        2.92694730887888e-05,
                        0.00022606240236200392,
                        669392.5
                    ],
                    [
                        5186736.0,
                        2.8975890018045902e-05,
                        0.0002532026555854827,
                        623919.4375
                    ],
                    [
                        4765368.0,
                        2.86587583104847e-05,
                        0.0002667571825440973,
                        632646.8125
                    ],
                    [
                        6161240.0,
                        2.8318694603512995e-05,
                        0.00026687141507864,
                        545136.5625
                    ],
                    [
                        6174272.0,
                        2.7944166504312307e-05,
                        0.0002529114135541022,
                        614846.3125
                    ],
                    [
                        5751456.0,
                        2.7591326215770096e-05,
                        0.0002583715249784291,
                        530205.9375
                    ],
                    [
                        7742456.0,
                        2.720300471992232e-05,
                        0.001365873496979475,
                        538990.625
                    ],
                    [
                        6206128.0,
                        2.6812451324076392e-05,
                        0.0008239395683631301,
                        520321.9375
                    ],
                    [
                        5211352.0,
                        2.6501078536966816e-05,
                        0.0005388445570133626,
                        565831.875
                    ],
                    [
                        4737856.0,
                        2.623563341330737e-05,
                        0.0005018769879825413,
                        557744.25
                    ],
                    [
                        3256552.0,
                        2.6026094928965904e-05,
                        0.0005396626074798405,
                        583406.625
                    ],
                    [
                        2370376.0,
                        2.588063398434315e-05,
                        0.00039070475031621754,
                        599303.875
                    ],
                    [
                        3150848.0,
                        2.573955680418294e-05,
                        0.00037147922557778656,
                        638024.3125
                    ],
                    [
                        4121008.0,
                        2.5556088075973094e-05,
                        0.00035373689024709165,
                        613075.625
                    ],
                    [
                        3627240.0,
                        2.5363364329678006e-05,
                        0.0003472233365755528,
                        713559.4375
                    ],
                    [
                        4171688.0,
                        2.5172355890390463e-05,
                        0.00021890846255701035,
                        610763.0
                    ],
                    [
                        2390648.0,
                        2.501373273844365e-05,
                        0.00019109471759293228,
                        629310.5
                    ],
                    [
                        3237728.0,
                        2.487938036210835e-05,
                        0.00025023153284564614,
                        525239.375
                    ],
                    [
                        5175152.0,
                        2.4681297873030417e-05,
                        0.000305382302030921,
                        610625.375
                    ],
                    [
                        4510520.0,
                        2.445693280606065e-05,
                        0.00029567780438810587,
                        582702.6875
                    ]
                ]
            ],
            "actions": [
                [
                    [
                        0.5
                    ],
                    [
                        0.5
                    ],
                    [
                        0.5
                    ],
                    [
                        0.5
                    ],
                    [
                        0.5
                    ],
                    [
                        0.5
                    ],
                    [
                        0.5
                    ],
                    [
                        0.5
                    ],
                    [
                        0.5
                    ],
                    [
                        0.5
                    ],
                    [
                        0.5
                    ],
                    [
                        0.5
                    ],
                    [
                        0.5
                    ],
                    [
                        0.5
                    ],
                    [
                        0.5
                    ],
                    [
                        0.5
                    ],
                    [
                        0.5
                    ],
                    [
                        0.5
                    ],
                    [
                        0.5
                    ],
                    [
                        0.5
                    ]
                ]
            ],
            "returns": [
                [
                    [
                        0.11548818647861481
                    ],
                    [
                        0.11458403617143631
                    ],
                    [
                        0.11365323513746262
                    ],
                    [
                        0.11272994428873062
                    ],
                    [
                        0.11178387701511383
                    ],
                    [
                        0.11083762347698212
                    ],
                    [
                        0.1098976582288742
                    ],
                    [
                        0.10893134027719498
                    ],
                    [
                        0.10798463225364685
                    ],
                    [
                        0.10705341398715973
                    ],
                    [
                        0.10613063722848892
                    ],
                    [
                        0.10524109750986099
                    ],
                    [
                        0.10437972098588943
                    ],
                    [
                        0.1034931093454361
                    ],
                    [
                        0.10258270055055618
                    ],
                    [
                        0.1016836017370224
                    ],
                    [
                        0.10077211260795593
                    ],
                    [
                        0.09990997612476349
                    ],
                    [
                        0.09902095794677734
                    ],
                    [
                        0.09809035062789917
                    ]
                ]
            ],
            "timesteps": [
                [
                    500,
                    501,
                    502,
                    503,
                    504,
                    505,
                    506,
                    507,
                    508,
                    509,
                    510,
                    511,
                    512,
                    513,
                    514,
                    515,
                    516,
                    517,
                    518,
                    519
                ]
            ],
            "labels": [
                [
                    1,
                    1,
                    1,
                    1,
                    1,
                    1,
                    1,
                    1,
                    1,
                    1,
                    1,
                    1,
                    1,
                    1,
                    1,
                    1,
                    1,
                    1,
                    1,
                    1
                ]
            ],
            "CPU Usage": 46.7,
            "RAM Usage": 55.1,
            "GPU Usage": 0.0,
            "VRAM Usage": 356.0,
            "Disk Read Speed (MB/s)": 206653.2373046875,
            "Disk Write Speed (MB/s)": 429478.5166015625
        },
        {
            "step": 2,
            "train_loss": 0.012693831697106361,
            "actions_pred1": [
                [
                    [
                        0.43135252594947815,
                        2.842508554458618,
                        2.6585354804992676,
                        -4.28693962097168
                    ],
                    [
                        0.38129353523254395,
                        2.762874126434326,
                        2.862489938735962,
                        -4.714433670043945
                    ],
                    [
                        0.3307698965072632,
                        3.302126884460449,
                        2.6705524921417236,
                        -5.427870750427246
                    ],
                    [
                        0.25842589139938354,
                        3.7963945865631104,
                        2.3293533325195312,
                        -6.0824408531188965
                    ],
                    [
                        -0.19719931483268738,
                        4.338892936706543,
                        2.0927908420562744,
                        -5.820755481719971
                    ],
                    [
                        0.08195085823535919,
                        4.413614749908447,
                        1.830448031425476,
                        -6.066885948181152
                    ],
                    [
                        0.16530728340148926,
                        4.47722053527832,
                        1.4993493556976318,
                        -6.14283561706543
                    ],
                    [
                        0.23077720403671265,
                        4.892531394958496,
                        1.7924054861068726,
                        -6.215203762054443
                    ],
                    [
                        0.33305925130844116,
                        4.831418991088867,
                        2.0370559692382812,
                        -6.122903823852539
                    ],
                    [
                        0.5394942164421082,
                        4.8002448081970215,
                        2.016148328781128,
                        -6.354649543762207
                    ],
                    [
                        0.46833351254463196,
                        4.538032531738281,
                        1.747633457183838,
                        -6.206595420837402
                    ],
                    [
                        0.4620116949081421,
                        4.593080520629883,
                        1.675216555595398,
                        -6.172428131103516
                    ],
                    [
                        0.3722244203090668,
                        4.573464870452881,
                        1.732586145401001,
                        -6.0996994972229
                    ],
                    [
                        0.4919353127479553,
                        4.732895374298096,
                        1.8973861932754517,
                        -6.322664737701416
                    ],
                    [
                        0.5116491317749023,
                        4.987626075744629,
                        1.7327983379364014,
                        -6.119046211242676
                    ],
                    [
                        0.5252540111541748,
                        4.96145486831665,
                        1.8718711137771606,
                        -6.200195789337158
                    ],
                    [
                        0.6552627086639404,
                        4.800268173217773,
                        1.984754204750061,
                        -6.138548851013184
                    ],
                    [
                        0.6419281363487244,
                        4.744807243347168,
                        2.0606424808502197,
                        -6.274391174316406
                    ],
                    [
                        0.6742828488349915,
                        4.589035511016846,
                        2.220982789993286,
                        -6.02864933013916
                    ],
                    [
                        1.0498064756393433,
                        4.662195682525635,
                        2.0401413440704346,
                        -6.127033233642578
                    ]
                ]
            ],
            "actions_pred": [
                [
                    [
                        0.43135252594947815,
                        0.38129353523254395,
                        0.3307698965072632,
                        0.25842589139938354,
                        -0.19719931483268738,
                        0.08195085823535919,
                        0.16530728340148926,
                        0.23077720403671265,
                        0.33305925130844116,
                        0.5394942164421082,
                        0.46833351254463196,
                        0.4620116949081421,
                        0.3722244203090668,
