{
    "steps": [
        {
            "step": 0,
            "train_loss": 0.05309922620654106,
            "actions_pred1": [
                [
                    [
                        0.007088527083396912,
                        -0.2846851646900177,
                        0.5496934652328491,
                        0.4340902864933014
                    ],
                    [
                        -0.10991597175598145,
                        -0.04926365613937378,
                        0.7358906865119934,
                        0.5189677476882935
                    ],
                    [
                        -0.21573419868946075,
                        0.0547577440738678,
                        0.7120466232299805,
                        0.45344987511634827
                    ],
                    [
                        -0.22408536076545715,
                        0.024835214018821716,
                        0.7476444244384766,
                        0.454300194978714
                    ],
                    [
                        -0.175377756357193,
                        0.08371435105800629,
                        0.7706472873687744,
                        0.4011654555797577
                    ],
                    [
                        -0.13138256967067719,
                        0.016883209347724915,
                        0.6700474619865417,
                        0.3668542504310608
                    ],
                    [
                        -0.06786762177944183,
                        0.060633398592472076,
                        0.7400201559066772,
                        0.2864170968532562
                    ],
                    [
                        -0.06013847142457962,
                        0.018492229282855988,
                        0.6847766041755676,
                        0.3169187605381012
                    ],
                    [
                        -0.18322934210300446,
                        -0.05067753046751022,
                        0.7761561274528503,
                        0.25158119201660156
                    ],
                    [
                        -0.18076710402965546,
                        0.04036454111337662,
                        0.8411825299263,
                        0.21896666288375854
                    ],
                    [
                        -0.3057153522968292,
                        -0.09134924411773682,
                        0.9143700003623962,
                        0.07420593500137329
                    ],
                    [
                        -0.3789624273777008,
                        -0.06715666502714157,
                        0.7719258069992065,
                        0.0323510468006134
                    ],
                    [
                        -0.36247819662094116,
                        -0.02012128382921219,
                        0.7546448707580566,
                        0.13217604160308838
                    ],
                    [
                        -0.3010753393173218,
                        0.034805625677108765,
                        0.8324175477027893,
                        0.20834064483642578
                    ],
                    [
                        -0.45231276750564575,
                        -0.25090867280960083,
                        0.8103606700897217,
                        0.1082257628440857
                    ],
                    [
                        -0.32880768179893494,
                        -0.25725695490837097,
                        0.772121787071228,
                        0.12717214226722717
                    ],
                    [
                        -0.34772932529449463,
                        -0.13811254501342773,
                        0.814281702041626,
                        0.09768646955490112
                    ],
                    [
                        -0.3669326603412628,
                        -0.04906584322452545,
                        0.7333836555480957,
                        0.2039850652217865
                    ],
                    [
                        -0.2892628014087677,
                        -0.06796425580978394,
                        0.8287787437438965,
                        0.1786460280418396
                    ],
                    [
                        -0.29000377655029297,
                        -0.05843020975589752,
                        0.7831088304519653,
                        0.17620545625686646
                    ]
                ]
            ],
            "actions_pred": [
                [
                    [
                        0.007088527083396912,
                        -0.10991597175598145,
                        -0.21573419868946075,
                        -0.22408536076545715,
                        -0.175377756357193,
                        -0.13138256967067719,
                        -0.06786762177944183,
                        -0.06013847142457962,
                        -0.18322934210300446,
                        -0.18076710402965546,
                        -0.3057153522968292,
                        -0.3789624273777008,
                        -0.36247819662094116,
                        -0.3010753393173218,
                        -0.45231276750564575,
                        -0.32880768179893494,
                        -0.34772932529449463,
                        -0.3669326603412628,
                        -0.2892628014087677,
                        -0.29000377655029297
                    ],
                    [
                        -0.2846851646900177,
                        -0.04926365613937378,
                        0.0547577440738678,
                        0.024835214018821716,
                        0.08371435105800629,
                        0.016883209347724915,
                        0.060633398592472076,
                        0.018492229282855988,
                        -0.05067753046751022,
                        0.04036454111337662,
                        -0.09134924411773682,
                        -0.06715666502714157,
                        -0.02012128382921219,
                        0.034805625677108765,
                        -0.25090867280960083,
                        -0.25725695490837097,
                        -0.13811254501342773,
                        -0.04906584322452545,
                        -0.06796425580978394,
                        -0.05843020975589752
                    ],
                    [
                        0.5496934652328491,
                        0.7358906865119934,
                        0.7120466232299805,
                        0.7476444244384766,
                        0.7706472873687744,
                        0.6700474619865417,
                        0.7400201559066772,
                        0.6847766041755676,
                        0.7761561274528503,
                        0.8411825299263,
                        0.9143700003623962,
                        0.7719258069992065,
                        0.7546448707580566,
                        0.8324175477027893,
                        0.8103606700897217,
                        0.772121787071228,
                        0.814281702041626,
                        0.7333836555480957,
                        0.8287787437438965,
                        0.7831088304519653
                    ],
                    [
                        0.4340902864933014,
                        0.5189677476882935,
                        0.45344987511634827,
                        0.454300194978714,
                        0.4011654555797577,
                        0.3668542504310608,
                        0.2864170968532562,
                        0.3169187605381012,
                        0.25158119201660156,
                        0.21896666288375854,
                        0.07420593500137329,
                        0.0323510468006134,
                        0.13217604160308838,
                        0.20834064483642578,
                        0.1082257628440857,
                        0.12717214226722717,
                        0.09768646955490112,
                        0.2039850652217865,
                        0.1786460280418396,
                        0.17620545625686646
                    ]
                ]
            ],
            "states": [
                [
                    [
                        6436360.0,
                        3.756791920750402e-05,
                        0.00023788119142409414,
                        525420.0
                    ],
                    [
                        5822408.0,
                        3.5673747333930805e-05,
                        0.0002484873402863741,
                        540076.8125
                    ],
                    [
                        6120696.0,
                        3.400527930352837e-05,
                        0.00025739934062585235,
                        546681.375
                    ],
                    [
                        6143632.0,
                        3.2446547265863046e-05,
                        0.00019004895875696093,
                        549135.1875
                    ],
                    [
                        6290344.0,
                        3.100591857219115e-05,
                        0.00022606240236200392,
                        515628.96875
                    ],
                    [
                        7225288.0,
                        2.9579521651612595e-05,
                        0.0002532026555854827,
                        501138.75
                    ],
                    [
                        5695216.0,
                        2.8330134227871895e-05,
                        0.0002667571825440973,
                        501280.09375
                    ],
                    [
                        6048296.0,
                        2.72848174063256e-05,
                        0.00026687141507864,
                        520591.84375
                    ],
                    [
                        5956840.0,
                        2.6292696929886006e-05,
                        0.0002529114135541022,
                        510954.5
                    ],
                    [
                        5511320.0,
                        2.5409783120267093e-05,
                        0.0002583715249784291,
                        498321.25
                    ],
                    [
                        7421000.0,
                        2.448467603244353e-05,
                        0.001365873496979475,
                        470548.53125
                    ],
                    [
                        6653560.0,
                        2.3549235265818425e-05,
                        0.0008239395683631301,
                        489404.40625
                    ],
                    [
                        5919424.0,
                        2.2772055672248825e-05,
                        0.0005388445570133626,
                        494672.6875
                    ],
                    [
                        6049744.0,
                        2.2078909751144238e-05,
                        0.0005018769879825413,
                        522203.84375
                    ],
                    [
                        5699328.0,
                        2.1438178009702824e-05,
                        0.0005396626074798405,
                        525676.375
                    ],
                    [
                        5907840.0,
                        2.084095285681542e-05,
                        0.00039070475031621754,
                        484434.71875
                    ],
                    [
                        7654128.0,
                        2.0184714230708778e-05,
                        0.00037147922557778656,
                        485244.75
                    ],
                    [
                        6171376.0,
                        1.9555423932615668e-05,
                        0.00035373689024709165,
                        520211.9375
                    ],
                    [
                        5359048.0,
                        1.9060054910369217e-05,
                        0.0003472233365755528,
                        514446.75
                    ],
                    [
                        5344568.0,
                        1.8622442439664155e-05,
                        0.00021890846255701035,
                        526664.75
                    ]
                ]
            ],
            "actions": [
                [
                    [
                        0.5
                    ],
                    [
                        0.5
                    ],
                    [
                        0.5
                    ],
                    [
                        0.5
                    ],
                    [
                        0.5
                    ],
                    [
                        0.5
                    ],
                    [
                        0.5
                    ],
                    [
                        0.5
                    ],
                    [
                        0.5
                    ],
                    [
                        0.5
                    ],
                    [
                        0.5
                    ],
                    [
                        0.5
                    ],
                    [
                        0.5
                    ],
                    [
                        0.5
                    ],
                    [
                        0.5
                    ],
                    [
                        0.5
                    ],
                    [
                        0.5
                    ],
                    [
                        0.5
                    ],
                    [
                        0.5
                    ],
                    [
                        0.5
                    ]
                ]
            ],
            "returns": [
                [
                    [
                        0.17125853896141052
                    ],
                    [
                        0.17030860483646393
                    ],
                    [
                        0.16936755180358887
                    ],
                    [
                        0.16842207312583923
                    ],
                    [
                        0.16747625172138214
                    ],
                    [
                        0.1665283590555191
                    ],
                    [
                        0.16556815803050995
                    ],
                    [
                        0.16462907195091248
                    ],
                    [
                        0.1636846512556076
                    ],
                    [
                        0.16274157166481018
                    ],
                    [
                        0.1618053913116455
                    ],
                    [
                        0.16084282100200653
                    ],
                    [
                        0.15988995134830475
                    ],
                    [
                        0.1589474231004715
                    ],
                    [
                        0.15800298750400543
                    ],
                    [
                        0.157063826918602
                    ],
                    [
                        0.15612147748470306
                    ],
                    [
                        0.1551561802625656
                    ],
                    [
                        0.15420997142791748
                    ],
                    [
                        0.153276264667511
                    ]
                ]
            ],
            "timesteps": [
                [
                    440,
                    441,
                    442,
                    443,
                    444,
                    445,
                    446,
                    447,
                    448,
                    449,
                    450,
                    451,
                    452,
                    453,
                    454,
                    455,
                    456,
                    457,
                    458,
                    459
                ]
            ],
            "labels": [
                [
                    1,
                    1,
                    1,
                    1,
                    1,
                    1,
                    1,
                    1,
                    1,
                    1,
                    1,
                    1,
                    1,
                    1,
                    1,
                    1,
                    1,
                    1,
                    1,
                    1
                ]
            ],
            "CPU Usage": 46.5,
            "RAM Usage": 55.5,
            "GPU Usage": 0.0,
            "VRAM Usage": 355.0,
            "Disk Read Speed (MB/s)": 206024.3720703125,
            "Disk Write Speed (MB/s)": 337724.8916015625
        },
        {
            "step": 1,
            "train_loss": 0.03358953818678856,
            "actions_pred1": [
                [
                    [
                        0.11752939969301224,
                        -0.026889994740486145,
                        0.5917880535125732,
                        0.9971051216125488
                    ],
                    [
                        -0.20568035542964935,
                        0.08615169674158096,
                        0.6274518370628357,
                        0.8058545589447021
                    ],
                    [
                        -0.23959966003894806,
                        -0.04649786651134491,
                        0.463700532913208,
                        0.7563357353210449
                    ],
                    [
                        -0.28912270069122314,
                        -0.018202632665634155,
                        0.5020725727081299,
                        0.6659272909164429
                    ],
                    [
                        -0.36234790086746216,
                        0.03551787883043289,
                        0.49758580327033997,
                        0.6735543012619019
                    ],
                    [
                        -0.214243084192276,
                        -0.00811833143234253,
                        0.45303380489349365,
                        0.5610136389732361
                    ],
                    [
                        -0.3136664032936096,
                        -0.17022088170051575,
                        0.6258295178413391,
                        0.4816199839115143
                    ],
                    [
                        -0.300939679145813,
                        -0.08066362142562866,
                        0.6899794340133667,
                        0.47668904066085815
                    ],
                    [
                        -0.39706841111183167,
                        -0.022682853043079376,
                        0.5761822462081909,
                        0.6092909574508667
                    ],
                    [
                        -0.346363365650177,
                        -0.03011944890022278,
                        0.5735257267951965,
                        0.5576503276824951
                    ],
                    [
                        -0.3626472055912018,
                        0.01784346252679825,
                        0.7128186225891113,
                        0.6115684509277344
                    ],
                    [
                        -0.226619154214859,
                        -0.1428748071193695,
                        0.5963882803916931,
                        0.7413197755813599
                    ],
                    [
                        -0.3076894283294678,
                        -0.1104215532541275,
                        0.6763261556625366,
                        0.7074090242385864
                    ],
                    [
                        -0.3094446063041687,
                        -0.008194774389266968,
                        0.6034891605377197,
                        0.5884832739830017
                    ],
                    [
                        -0.3133540749549866,
                        0.053704481571912766,
                        0.7606537342071533,
                        0.5497138500213623
                    ],
                    [
                        -0.1952575445175171,
                        0.031040385365486145,
                        0.6966554522514343,
                        0.5263857245445251
                    ],
                    [
                        -0.22698384523391724,
                        0.04945729672908783,
                        0.7847737669944763,
                        0.6157790422439575
                    ],
                    [
                        -0.3676837980747223,
                        0.1314876228570938,
                        0.7934737801551819,
                        0.4375758171081543
                    ],
                    [
                        -0.3024216890335083,
                        0.08809072524309158,
                        0.7558870315551758,
                        0.4194762706756592
                    ],
                    [
                        -0.23956157267093658,
                        0.041660770773887634,
                        0.6914404630661011,
                        0.5725059509277344
                    ]
                ]
            ],
            "actions_pred": [
                [
                    [
                        0.11752939969301224,
                        -0.20568035542964935,
                        -0.23959966003894806,
                        -0.28912270069122314,
                        -0.36234790086746216,
                        -0.214243084192276,
                        -0.3136664032936096,
                        -0.300939679145813,
                        -0.39706841111183167,
                        -0.346363365650177,
                        -0.3626472055912018,
                        -0.226619154214859,
                        -0.3076894283294678,
                        -0.3094446063041687,
                        -0.3133540749549866,
                        -0.1952575445175171,
                        -0.22698384523391724,
                        -0.3676837980747223,
                        -0.3024216890335083,
                        -0.23956157267093658
                    ],
                    [
                        -0.026889994740486145,
                        0.08615169674158096,
                        -0.04649786651134491,
                        -0.018202632665634155,
                        0.03551787883043289,
                        -0.00811833143234253,
                        -0.17022088170051575,
                        -0.08066362142562866,
                        -0.022682853043079376,
                        -0.03011944890022278,
                        0.01784346252679825,
                        -0.1428748071193695,
                        -0.1104215532541275,
                        -0.008194774389266968,
                        0.053704481571912766,
                        0.031040385365486145,
                        0.04945729672908783,
                        0.1314876228570938,
                        0.08809072524309158,
                        0.041660770773887634
                    ],
                    [
                        0.5917880535125732,
                        0.6274518370628357,
                        0.463700532913208,
                        0.5020725727081299,
                        0.49758580327033997,
                        0.45303380489349365,
                        0.6258295178413391,
                        0.6899794340133667,
                        0.5761822462081909,
                        0.5735257267951965,
                        0.7128186225891113,
                        0.5963882803916931,
                        0.6763261556625366,
                        0.6034891605377197,
                        0.7606537342071533,
                        0.6966554522514343,
                        0.7847737669944763,
                        0.7934737801551819,
                        0.7558870315551758,
                        0.6914404630661011
                    ],
                    [
                        0.9971051216125488,
                        0.8058545589447021,
                        0.7563357353210449,
                        0.6659272909164429,
                        0.6735543012619019,
                        0.5610136389732361,
                        0.4816199839115143,
                        0.47668904066085815,
                        0.6092909574508667,
                        0.5576503276824951,
                        0.6115684509277344,
                        0.7413197755813599,
                        0.7074090242385864,
                        0.5884832739830017,
                        0.5497138500213623,
                        0.5263857245445251,
                        0.6157790422439575,
                        0.4375758171081543,
                        0.4194762706756592,
                        0.5725059509277344
                    ]
                ]
            ],
            "states": [
                [
                    [
                        5466200.0,
                        1.129001520894235e-05,
                        0.0002789112040773034,
                        818770.4375
                    ],
                    [
                        5612448.0,
                        1.1129687663924415e-05,
                        0.00025781430304050446,
                        898413.75
                    ],
                    [
                        5046280.0,
                        1.0979628314089496e-05,
                        0.0002818313369061798,
                        909004.75
                    ],
                    [
                        5249000.0,
                        1.0838540219992865e-05,
                        0.00027022496215067804,
                        810422.3125
                    ],
                    [
                        5515432.0,
                        1.0694837328628637e-05,
                        0.00027221045456826687,
                        891063.1875
                    ],
                    [
                        5182392.0,
                        1.0555714652582537e-05,
                        0.0002733847650233656,
                        862686.6875
                    ],
                    [
                        5021664.0,
                        1.0426368135085795e-05,
                        0.00026607781182974577,
                        893778.125
                    ],
                    [
                        5292440.0,
                        1.0298814231646247e-05,
                        0.00028466759249567986,
                        852371.5625
                    ],
                    [
                        5366288.0,
                        1.0170228961214889e-05,
                        0.0002693114511203021,
                        775255.625
                    ],
                    [
                        5483576.0,
                        1.0042614121630322e-05,
                        0.0002695369767025113,
                        802315.875
                    ],
                    [
                        5369184.0,
                        9.918102477968205e-06,
                        0.00026757299201563,
                        854250.0
                    ],
                    [
                        5670368.0,
                        9.794596735446248e-06,
                        0.0002770914288703352,
                        851009.75
                    ],
                    [
                        5537152.0,
                        9.67230062087765e-06,
                        0.0002540841815061867,
                        843244.5625
                    ],
                    [
                        5557424.0,
                        9.554213647788856e-06,
                        0.0002650599053595215,
                        914621.5625
                    ],
                    [
                        5403936.0,
                        9.440349458600394e-06,
                        0.00027801760006695986,
                        829670.8125
                    ],
                    [
                        5246104.0,
                        9.332287845609244e-06,
                        0.0002704633225221187,
                        839801.4375
                    ],
                    [
                        5603760.0,
                        9.224719178746454e-06,
                        0.0002756867033895105,
                        804814.3125
                    ],
                    [
                        5383664.0,
                        9.118263733398635e-06,
                        0.00025344316964037716,
                        920753.0625
                    ],
                    [
                        5525568.0,
                        8.914936188375577e-06,
                        0.000413205154472962,
                        941023.9375
                    ],
                    [
                        5521224.0,
                        8.814949069346767e-06,
                        0.00012937834253534675,
                        850908.25
                    ]
                ]
            ],
            "actions": [
                [
                    [
                        0.75
                    ],
                    [
                        0.75
                    ],
                    [
                        0.75
                    ],
                    [
                        0.75
                    ],
                    [
                        0.75
                    ],
                    [
                        0.75
                    ],
                    [
                        0.75
                    ],
                    [
                        0.75
                    ],
                    [
                        0.75
                    ],
                    [
                        0.75
                    ],
                    [
                        0.75
                    ],
                    [
                        0.75
                    ],
                    [
                        0.75
                    ],
                    [
                        0.75
                    ],
                    [
                        0.75
                    ],
                    [
                        0.75
                    ],
                    [
                        0.75
                    ],
                    [
                        0.75
                    ],
                    [
                        0.75
                    ],
                    [
                        0.75
                    ]
                ]
            ],
            "returns": [
                [
                    [
                        0.5242103934288025
                    ],
                    [
                        0.5232749581336975
                    ],
                    [
                        0.5223371386528015
                    ],
                    [
                        0.5214087963104248
                    ],
                    [
                        0.5204769372940063
                    ],
                    [
                        0.5195406675338745
                    ],
                    [
                        0.5186099410057068
                    ],
                    [
                        0.5176820158958435
                    ],
                    [
                        0.5167494416236877
                    ],
                    [
                        0.5158156156539917
                    ],
                    [
                        0.5148798823356628
                    ],
                    [
                        0.513945996761322
                    ],
                    [
                        0.5130072832107544
                    ],
                    [
                        0.5120707154273987
                    ],
                    [
                        0.5111337900161743
                    ],
                    [
                        0.5101993083953857
                    ],
                    [
                        0.5092675089836121
                    ],
                    [
                        0.5083298683166504
                    ],
                    [
                        0.5073957443237305
                    ],
                    [
                        0.5064593553543091
                    ]
                ]
            ],
            "timesteps": [
                [
                    60,
                    61,
                    62,
                    63,
                    64,
                    65,
                    66,
                    67,
                    68,
                    69,
                    70,
                    71,
                    72,
                    73,
                    74,
                    75,
                    76,
                    77,
                    78,
                    79
                ]
            ],
            "labels": [
                [
                    2,
                    2,
                    2,
                    2,
                    2,
                    2,
                    2,
                    2,
                    2,
                    2,
                    2,
                    2,
                    2,
                    2,
                    2,
                    2,
                    2,
                    2,
                    2,
                    2
                ]
            ],
            "CPU Usage": 46.7,
            "RAM Usage": 55.6,
            "GPU Usage": 0.0,
            "VRAM Usage": 355.0,
            "Disk Read Speed (MB/s)": 206024.3720703125,
            "Disk Write Speed (MB/s)": 337724.9384765625
        },
        {
            "step": 2,
            "train_loss": 0.051011331379413605,
            "actions_pred1": [
                [
                    [
                        -0.3807278871536255,
                        -0.32454630732536316,
                        0.21501348912715912,
                        0.2579141855239868
                    ],
                    [
                        -0.32885247468948364,
                        -0.28777191042900085,
                        0.48600834608078003,
                        0.3002201020717621
                    ],
                    [
                        -0.25044092535972595,
                        -0.27000540494918823,
                        0.41564610600471497,
                        0.2055196464061737
                    ],
                    [
                        -0.2087775468826294,
                        -0.25117555260658264,
                        0.453928142786026,
                        0.12693947553634644
                    ],
                    [
                        -0.09355325996875763,
                        -0.2425428032875061,
                        0.20827661454677582,
                        -0.045900046825408936
                    ],
                    [
                        0.013290882110595703,
                        -0.12097986042499542,
                        0.3879081606864929,
                        -0.079427570104599
                    ],
                    [
                        0.01172514259815216,
                        -0.013253875076770782,
                        0.4849731922149658,
                        -0.08190786838531494
                    ],
                    [
                        0.030946671962738037,
                        0.001971907913684845,
                        0.5799239873886108,
                        0.12016966938972473
                    ],
                    [
                        -0.13657234609127045,
                        0.018301736563444138,
                        0.45743149518966675,
                        0.06973695755004883
                    ],
                    [
                        -0.10555264353752136,
                        -0.0959252417087555,
                        0.6740627884864807,
                        0.1461053490638733
                    ],
                    [
                        -0.16579470038414001,
                        -0.18517324328422546,
                        0.6199191212654114,
                        0.10588902235031128
                    ],
                    [
                        -0.35575035214424133,
                        -0.17615029215812683,
                        0.6124173998832703,
                        0.101188063621521
                    ],
                    [
                        -0.3669774532318115,
                        -0.060701437294483185,
                        0.6524078845977783,
                        0.14768460392951965
                    ],
                    [
                        -0.3448449373245239,
                        -0.006681658327579498,
                        0.6532930135726929,
                        0.201742023229599
                    ],
                    [
                        -0.3150908052921295,
                        -0.08048620820045471,
                        0.5657545328140259,
                        0.1618339717388153
                    ],
                    [
                        -0.2804633378982544,
                        -0.01638040691614151,
                        0.5457663536071777,
                        0.08515670895576477
                    ],
                    [
                        -0.10511437058448792,
                        -0.06092033535242081,
                        0.4656054377555847,
                        0.09051576256752014
                    ],
                    [
                        -0.16763919591903687,
                        -0.043617941439151764,
                        0.5307791829109192,
                        0.21267399191856384
                    ],
                    [
                        -0.25847601890563965,
                        0.004289388656616211,
                        0.7129788994789124,
                        0.1537049114704132
                    ],
                    [
                        -0.22963044047355652,
                        -0.09608841687440872,
                        0.850732147693634,
                        0.14032569527626038
                    ]
                ]
            ],
            "actions_pred": [
                [
                    [
                        -0.3807278871536255,
                        -0.32885247468948364,
                        -0.25044092535972595,
                        -0.2087775468826294,
                        -0.09355325996875763,
                        0.013290882110595703,
