{
    "steps": [
        {
            "step": 0,
            "train_loss": 0.006522290408611298,
            "actions_pred1": [
                [
                    [
                        1.7585480213165283,
                        2.7668251991271973,
                        0.5787767171859741,
                        -5.334906578063965
                    ],
                    [
                        1.8863483667373657,
                        3.229905128479004,
                        1.0957716703414917,
                        -4.651049613952637
                    ],
                    [
                        2.109511137008667,
                        3.7042970657348633,
                        1.1772160530090332,
                        -4.768571853637695
                    ],
                    [
                        2.0046327114105225,
                        4.112133979797363,
                        1.4503926038742065,
                        -4.9138078689575195
                    ],
                    [
                        2.198153257369995,
                        4.3340630531311035,
                        1.3457517623901367,
                        -5.137359142303467
                    ],
                    [
                        2.0348544120788574,
                        4.0995073318481445,
                        1.1101187467575073,
                        -5.286964416503906
                    ],
                    [
                        2.210202217102051,
                        4.181895732879639,
                        1.2878468036651611,
                        -5.337721824645996
                    ],
                    [
                        2.346606731414795,
                        4.292356491088867,
                        1.165209174156189,
                        -5.456750869750977
                    ],
                    [
                        2.3994081020355225,
                        4.137491703033447,
                        1.0652782917022705,
                        -5.4882307052612305
                    ],
                    [
                        2.4725770950317383,
                        4.3640666007995605,
                        1.1635584831237793,
                        -5.423407077789307
                    ],
                    [
                        2.3867106437683105,
                        4.243306636810303,
                        1.0863821506500244,
                        -5.649683475494385
                    ],
                    [
                        2.3715603351593018,
                        4.375359535217285,
                        1.1259838342666626,
                        -5.906423568725586
                    ],
                    [
                        2.296314239501953,
                        4.377940654754639,
                        1.1673120260238647,
                        -5.907304763793945
                    ],
                    [
                        2.480455160140991,
                        4.469775676727295,
                        1.3231723308563232,
                        -5.981504917144775
                    ],
                    [
                        2.5243375301361084,
                        4.470725059509277,
                        1.4583053588867188,
                        -6.151625156402588
                    ],
                    [
                        2.7036843299865723,
                        4.256004333496094,
                        1.5511183738708496,
                        -6.339742660522461
                    ],
                    [
                        2.6549670696258545,
                        4.238595962524414,
                        1.6526525020599365,
                        -6.503268241882324
                    ],
                    [
                        2.661660671234131,
                        4.333194255828857,
                        1.2648212909698486,
                        -6.418117523193359
                    ],
                    [
                        2.5617284774780273,
                        4.259166240692139,
                        1.3676038980484009,
                        -6.37930965423584
                    ],
                    [
                        2.5016727447509766,
                        4.073192596435547,
                        1.3293378353118896,
                        -6.42031192779541
                    ]
                ]
            ],
            "actions_pred": [
                [
                    [
                        1.7585480213165283,
                        1.8863483667373657,
                        2.109511137008667,
                        2.0046327114105225,
                        2.198153257369995,
                        2.0348544120788574,
                        2.210202217102051,
                        2.346606731414795,
                        2.3994081020355225,
                        2.4725770950317383,
                        2.3867106437683105,
                        2.3715603351593018,
                        2.296314239501953,
                        2.480455160140991,
                        2.5243375301361084,
                        2.7036843299865723,
                        2.6549670696258545,
                        2.661660671234131,
                        2.5617284774780273,
                        2.5016727447509766
                    ],
                    [
                        2.7668251991271973,
                        3.229905128479004,
                        3.7042970657348633,
                        4.112133979797363,
                        4.3340630531311035,
                        4.0995073318481445,
                        4.181895732879639,
                        4.292356491088867,
                        4.137491703033447,
                        4.3640666007995605,
                        4.243306636810303,
                        4.375359535217285,
                        4.377940654754639,
                        4.469775676727295,
                        4.470725059509277,
                        4.256004333496094,
                        4.238595962524414,
                        4.333194255828857,
                        4.259166240692139,
                        4.073192596435547
                    ],
                    [
                        0.5787767171859741,
                        1.0957716703414917,
                        1.1772160530090332,
                        1.4503926038742065,
                        1.3457517623901367,
                        1.1101187467575073,
                        1.2878468036651611,
                        1.165209174156189,
                        1.0652782917022705,
                        1.1635584831237793,
                        1.0863821506500244,
                        1.1259838342666626,
                        1.1673120260238647,
                        1.3231723308563232,
                        1.4583053588867188,
                        1.5511183738708496,
                        1.6526525020599365,
                        1.2648212909698486,
                        1.3676038980484009,
                        1.3293378353118896
                    ],
                    [
                        -5.334906578063965,
                        -4.651049613952637,
                        -4.768571853637695,
                        -4.9138078689575195,
                        -5.137359142303467,
                        -5.286964416503906,
                        -5.337721824645996,
                        -5.456750869750977,
                        -5.4882307052612305,
                        -5.423407077789307,
                        -5.649683475494385,
                        -5.906423568725586,
                        -5.907304763793945,
                        -5.981504917144775,
                        -6.151625156402588,
                        -6.339742660522461,
                        -6.503268241882324,
                        -6.418117523193359,
                        -6.37930965423584,
                        -6.42031192779541
                    ]
                ]
            ],
            "states": [
                [
                    [
                        6436360.0,
                        3.756791920750402e-05,
                        0.00023788119142409414,
                        525420.0
                    ],
                    [
                        5822408.0,
                        3.5673747333930805e-05,
                        0.0002484873402863741,
                        540076.8125
                    ],
                    [
                        6120696.0,
                        3.400527930352837e-05,
                        0.00025739934062585235,
                        546681.375
                    ],
                    [
                        6143632.0,
                        3.2446547265863046e-05,
                        0.00019004895875696093,
                        549135.1875
                    ],
                    [
                        6290344.0,
                        3.100591857219115e-05,
                        0.00022606240236200392,
                        515628.96875
                    ],
                    [
                        7225288.0,
                        2.9579521651612595e-05,
                        0.0002532026555854827,
                        501138.75
                    ],
                    [
                        5695216.0,
                        2.8330134227871895e-05,
                        0.0002667571825440973,
                        501280.09375
                    ],
                    [
                        6048296.0,
                        2.72848174063256e-05,
                        0.00026687141507864,
                        520591.84375
                    ],
                    [
                        5956840.0,
                        2.6292696929886006e-05,
                        0.0002529114135541022,
                        510954.5
                    ],
                    [
                        5511320.0,
                        2.5409783120267093e-05,
                        0.0002583715249784291,
                        498321.25
                    ],
                    [
                        7421000.0,
                        2.448467603244353e-05,
                        0.001365873496979475,
                        470548.53125
                    ],
                    [
                        6653560.0,
                        2.3549235265818425e-05,
                        0.0008239395683631301,
                        489404.40625
                    ],
                    [
                        5919424.0,
                        2.2772055672248825e-05,
                        0.0005388445570133626,
                        494672.6875
                    ],
                    [
                        6049744.0,
                        2.2078909751144238e-05,
                        0.0005018769879825413,
                        522203.84375
                    ],
                    [
                        5699328.0,
                        2.1438178009702824e-05,
                        0.0005396626074798405,
                        525676.375
                    ],
                    [
                        5907840.0,
                        2.084095285681542e-05,
                        0.00039070475031621754,
                        484434.71875
                    ],
                    [
                        7654128.0,
                        2.0184714230708778e-05,
                        0.00037147922557778656,
                        485244.75
                    ],
                    [
                        6171376.0,
                        1.9555423932615668e-05,
                        0.00035373689024709165,
                        520211.9375
                    ],
                    [
                        5359048.0,
                        1.9060054910369217e-05,
                        0.0003472233365755528,
                        514446.75
                    ],
                    [
                        5344568.0,
                        1.8622442439664155e-05,
                        0.00021890846255701035,
                        526664.75
                    ]
                ]
            ],
            "actions": [
                [
                    [
                        0.5
                    ],
                    [
                        0.5
                    ],
                    [
                        0.5
                    ],
                    [
                        0.5
                    ],
                    [
                        0.5
                    ],
                    [
                        0.5
                    ],
                    [
                        0.5
                    ],
                    [
                        0.5
                    ],
                    [
                        0.5
                    ],
                    [
                        0.5
                    ],
                    [
                        0.5
                    ],
                    [
                        0.5
                    ],
                    [
                        0.5
                    ],
                    [
                        0.5
                    ],
                    [
                        0.5
                    ],
                    [
                        0.5
                    ],
                    [
                        0.5
                    ],
                    [
                        0.5
                    ],
                    [
                        0.5
                    ],
                    [
                        0.5
                    ]
                ]
            ],
            "returns": [
                [
                    [
                        0.17125853896141052
                    ],
                    [
                        0.17030860483646393
                    ],
                    [
                        0.16936755180358887
                    ],
                    [
                        0.16842207312583923
                    ],
                    [
                        0.16747625172138214
                    ],
                    [
                        0.1665283590555191
                    ],
                    [
                        0.16556815803050995
                    ],
                    [
                        0.16462907195091248
                    ],
                    [
                        0.1636846512556076
                    ],
                    [
                        0.16274157166481018
                    ],
                    [
                        0.1618053913116455
                    ],
                    [
                        0.16084282100200653
                    ],
                    [
                        0.15988995134830475
                    ],
                    [
                        0.1589474231004715
                    ],
                    [
                        0.15800298750400543
                    ],
                    [
                        0.157063826918602
                    ],
                    [
                        0.15612147748470306
                    ],
                    [
                        0.1551561802625656
                    ],
                    [
                        0.15420997142791748
                    ],
                    [
                        0.153276264667511
                    ]
                ]
            ],
            "timesteps": [
                [
                    440,
                    441,
                    442,
                    443,
                    444,
                    445,
                    446,
                    447,
                    448,
                    449,
                    450,
                    451,
                    452,
                    453,
                    454,
                    455,
                    456,
                    457,
                    458,
                    459
                ]
            ],
            "labels": [
                [
                    1,
                    1,
                    1,
                    1,
                    1,
                    1,
                    1,
                    1,
                    1,
                    1,
                    1,
                    1,
                    1,
                    1,
                    1,
                    1,
                    1,
                    1,
                    1,
                    1
                ]
            ],
            "CPU Usage": 46.4,
            "RAM Usage": 55.0,
            "GPU Usage": 0.0,
            "VRAM Usage": 356.0,
            "Disk Read Speed (MB/s)": 206653.3076171875,
            "Disk Write Speed (MB/s)": 430338.2470703125
        },
        {
            "step": 1,
            "train_loss": 0.0003726962022483349,
            "actions_pred1": [
                [
                    [
                        -0.6251710057258606,
                        2.688196897506714,
                        5.038846015930176,
                        -3.532902717590332
                    ],
                    [
                        0.09468740224838257,
                        1.2194725275039673,
                        6.1468186378479,
                        -4.157345771789551
                    ],
                    [
                        0.28929227590560913,
                        1.1345524787902832,
                        6.445749282836914,
                        -4.419144630432129
                    ],
                    [
                        0.6060914993286133,
                        1.1316113471984863,
                        6.396592617034912,
                        -4.652316570281982
                    ],
                    [
                        0.5015996694564819,
                        0.9852926731109619,
                        6.152022361755371,
                        -4.911362648010254
                    ],
                    [
                        0.4746904671192169,
                        0.18580999970436096,
                        5.836060047149658,
                        -4.723899841308594
                    ],
                    [
                        0.2832678258419037,
                        0.013674601912498474,
                        5.832005977630615,
                        -4.55478048324585
                    ],
                    [
                        0.06416919082403183,
                        -0.01203763484954834,
                        5.9138360023498535,
                        -4.71444034576416
                    ],
                    [
                        0.1294601857662201,
                        0.07461154460906982,
                        5.963023662567139,
                        -4.749126434326172
                    ],
                    [
                        0.2276114821434021,
                        0.17127475142478943,
                        6.027466773986816,
                        -5.041646957397461
                    ],
                    [
                        0.2048346996307373,
                        0.26726198196411133,
                        6.15106725692749,
                        -5.13147497177124
                    ],
                    [
                        0.2627641260623932,
                        0.39442890882492065,
                        6.180616855621338,
                        -5.130503177642822
                    ],
                    [
                        0.19905966520309448,
                        0.5394181609153748,
                        6.157045364379883,
                        -5.004404544830322
                    ],
                    [
                        0.2956787347793579,
                        0.5191872119903564,
                        6.0543365478515625,
                        -4.974153995513916
                    ],
                    [
                        0.4199944734573364,
                        0.5360429286956787,
                        6.06549072265625,
                        -5.259651184082031
                    ],
                    [
                        0.4975321888923645,
                        0.576799750328064,
                        5.911861896514893,
                        -5.283443450927734
                    ],
                    [
                        0.6676459312438965,
                        0.44790399074554443,
                        6.0043487548828125,
                        -5.27123498916626
                    ],
                    [
                        0.6418034434318542,
                        0.44683003425598145,
                        5.936453342437744,
                        -5.276359558105469
                    ],
                    [
                        0.7130671739578247,
                        0.5760829448699951,
                        5.980539321899414,
                        -5.305648326873779
                    ],
                    [
                        0.6978765726089478,
                        0.5842442512512207,
                        6.008479118347168,
                        -5.266973972320557
                    ]
                ]
            ],
            "actions_pred": [
                [
                    [
                        -0.6251710057258606,
                        0.09468740224838257,
                        0.28929227590560913,
                        0.6060914993286133,
                        0.5015996694564819,
                        0.4746904671192169,
                        0.2832678258419037,
                        0.06416919082403183,
                        0.1294601857662201,
                        0.2276114821434021,
                        0.2048346996307373,
                        0.2627641260623932,
                        0.19905966520309448,
                        0.2956787347793579,
                        0.4199944734573364,
                        0.4975321888923645,
                        0.6676459312438965,
                        0.6418034434318542,
                        0.7130671739578247,
                        0.6978765726089478
                    ],
                    [
                        2.688196897506714,
                        1.2194725275039673,
                        1.1345524787902832,
                        1.1316113471984863,
                        0.9852926731109619,
                        0.18580999970436096,
                        0.013674601912498474,
                        -0.01203763484954834,
                        0.07461154460906982,
                        0.17127475142478943,
                        0.26726198196411133,
                        0.39442890882492065,
                        0.5394181609153748,
                        0.5191872119903564,
                        0.5360429286956787,
                        0.576799750328064,
                        0.44790399074554443,
                        0.44683003425598145,
                        0.5760829448699951,
                        0.5842442512512207
                    ],
                    [
                        5.038846015930176,
                        6.1468186378479,
                        6.445749282836914,
                        6.396592617034912,
                        6.152022361755371,
                        5.836060047149658,
                        5.832005977630615,
                        5.9138360023498535,
                        5.963023662567139,
                        6.027466773986816,
                        6.15106725692749,
                        6.180616855621338,
                        6.157045364379883,
                        6.0543365478515625,
                        6.06549072265625,
                        5.911861896514893,
                        6.0043487548828125,
                        5.936453342437744,
                        5.980539321899414,
                        6.008479118347168
                    ],
                    [
                        -3.532902717590332,
                        -4.157345771789551,
                        -4.419144630432129,
                        -4.652316570281982,
                        -4.911362648010254,
                        -4.723899841308594,
                        -4.55478048324585,
                        -4.71444034576416,
                        -4.749126434326172,
                        -5.041646957397461,
                        -5.13147497177124,
                        -5.130503177642822,
                        -5.004404544830322,
                        -4.974153995513916,
                        -5.259651184082031,
                        -5.283443450927734,
                        -5.27123498916626,
                        -5.276359558105469,
                        -5.305648326873779,
                        -5.266973972320557
                    ]
                ]
            ],
            "states": [
                [
                    [
                        5334432.0,
                        2.079466503346339e-05,
                        0.00026978878304362297,
                        822567.125
                    ],
                    [
                        5450272.0,
                        2.0477313228184357e-05,
                        0.00027627943200059235,
                        856531.375
                    ],
                    [
                        5496608.0,
                        2.0164978195680305e-05,
                        0.00025924446526914835,
                        796247.875
                    ],
                    [
                        5340224.0,
                        1.901392352010589e-05,
                        0.006524195894598961,
                        835512.25
                    ],
                    [
                        5366288.0,
                        1.8750137314782478e-05,
                        0.002146858023479581,
                        813363.3125
                    ],
                    [
                        5389456.0,
                        1.8492408344172873e-05,
                        0.0023773028515279293,
                        845072.375
                    ],
                    [
                        5118680.0,
                        1.8247363186674193e-05,
                        0.0020079242531210184,
                        804446.8125
                    ],
                    [
                        5463304.0,
                        1.8007134713116102e-05,
                        0.0019139255164191127,
                        824885.1875
                    ],
                    [
                        5337328.0,
                        1.7768334146239795e-05,
                        0.0013429223326966166,
                        814676.0
                    ],
                    [
                        5398144.0,
                        1.753715696395375e-05,
                        0.0011628043139353395,
                        805373.25
                    ],
                    [
                        5337328.0,
                        1.7311906049144454e-05,
                        0.0009117702720686793,
                        826102.5
                    ],
                    [
                        5053520.0,
                        1.709933530946728e-05,
                        0.000803604198154062,
                        828294.75
                    ],
                    [
                        5891912.0,
                        1.6881092960829847e-05,
                        0.000699773314408958,
                        791778.0625
                    ],
                    [
                        5104200.0,
                        1.6667219824739732e-05,
                        0.0006680691731162369,
                        868015.875
                    ],
                    [
                        5372080.0,
                        1.646851160330698e-05,
                        0.0005246230284683406,
                        748358.1875
                    ],
                    [
                        5262032.0,
                        1.6271596905426122e-05,
                        0.00046889804070815444,
                        796238.875
                    ],
                    [
                        5473440.0,
                        1.6077548934845254e-05,
                        0.00035997320082969964,
                        812237.5625
                    ],
                    [
                        4978224.0,
                        1.589297789905686e-05,
                        0.00037329201586544514,
                        806297.3125
                    ],
                    [
                        5450272.0,
                        1.571305256220512e-05,
                        0.00029995679506100714,
                        802099.3125
                    ],
                    [
                        5424208.0,
                        1.5529669326497242e-05,
                        0.0002722619683481753,
                        836648.625
                    ]
                ]
            ],
            "actions": [
                [
                    [
                        0.75
                    ],
                    [
                        0.75
                    ],
                    [
                        0.75
                    ],
                    [
                        0.75
                    ],
                    [
                        0.75
                    ],
                    [
                        0.75
                    ],
                    [
                        0.75
                    ],
                    [
                        0.75
                    ],
                    [
                        0.75
                    ],
                    [
                        0.75
                    ],
                    [
                        0.75
                    ],
                    [
                        0.75
                    ],
                    [
                        0.75
                    ],
                    [
                        0.75
                    ],
                    [
                        0.75
                    ],
                    [
                        0.75
                    ],
                    [
                        0.75
                    ],
                    [
                        0.75
                    ],
                    [
                        0.75
                    ],
                    [
                        0.75
                    ]
                ]
            ],
            "returns": [
                [
                    [
                        0.3232199251651764
                    ],
                    [
                        0.3222866356372833
                    ],
                    [
                        0.32135143876075745
                    ],
                    [
                        0.3204154968261719
                    ],
                    [
                        0.31948211789131165
                    ],
                    [
                        0.3185482919216156
                    ],
                    [
                        0.3176141083240509
                    ],
                    [
                        0.31668445467948914
                    ],
                    [
                        0.31574904918670654
                    ],
                    [
                        0.3148157298564911
                    ],
                    [
                        0.31388136744499207
                    ],
                    [
                        0.3129480481147766
                    ],
                    [
                        0.3120195269584656
                    ],
                    [
                        0.31107744574546814
                    ],
                    [
                        0.31014806032180786
                    ],
                    [
                        0.30921414494514465
                    ],
                    [
                        0.3082820773124695
                    ],
                    [
                        0.30734649300575256
                    ],
                    [
                        0.306419312953949
                    ],
                    [
                        0.3054841458797455
                    ]
                ]
            ],
            "timesteps": [
                [
                    280,
                    281,
                    282,
                    283,
                    284,
                    285,
                    286,
                    287,
                    288,
                    289,
                    290,
                    291,
                    292,
                    293,
                    294,
                    295,
                    296,
                    297,
                    298,
                    299
                ]
            ],
            "labels": [
                [
                    2,
                    2,
                    2,
                    2,
                    2,
                    2,
                    2,
                    2,
                    2,
                    2,
                    2,
                    2,
                    2,
                    2,
                    2,
                    2,
                    2,
                    2,
                    2,
                    2
                ]
            ],
            "CPU Usage": 46.7,
            "RAM Usage": 55.2,
            "GPU Usage": 0.0,
            "VRAM Usage": 356.0,
            "Disk Read Speed (MB/s)": 206653.3076171875,
            "Disk Write Speed (MB/s)": 430338.3095703125
        },
        {
            "step": 2,
            "train_loss": 0.001844760961830616,
            "actions_pred1": [
                [
                    [
                        0.8227363228797913,
                        3.647146701812744,
                        1.214888334274292,
                        -4.328823089599609
                    ],
                    [
                        0.9851160645484924,
                        4.524296760559082,
                        0.7298707962036133,
                        -4.14340877532959
                    ],
                    [
                        1.0028070211410522,
                        4.802443504333496,
                        0.6827311515808105,
                        -4.643067836761475
                    ],
                    [
                        0.9620721936225891,
                        4.446409702301025,
                        0.8191390037536621,
                        -4.938884735107422
                    ],
                    [
                        0.7446297407150269,
                        4.341787338256836,
                        0.9828705787658691,
                        -5.015322685241699
                    ],
                    [
                        0.378517210483551,
                        4.4112372398376465,
                        0.7267974615097046,
                        -4.9117631912231445
                    ],
                    [
                        0.28025946021080017,
                        4.5024919509887695,
                        0.6423079371452332,
                        -4.942914962768555
                    ],
                    [
                        0.46792539954185486,
                        4.238363742828369,
                        0.4906266927719116,
                        -4.932723045349121
                    ],
                    [
                        0.6191791296005249,
                        4.153319835662842,
                        0.4850507378578186,
                        -5.0699143409729
                    ],
                    [
                        0.4336368441581726,
                        4.1298980712890625,
                        0.3630979061126709,
                        -5.189898490905762
                    ],
                    [
                        0.604378342628479,
                        4.160129547119141,
                        0.4725336730480194,
                        -5.3047685623168945
                    ],
                    [
                        0.8417158126831055,
                        4.116742134094238,
                        0.5142735242843628,
                        -5.268185138702393
                    ],
                    [
                        0.9567407369613647,
                        4.172814846038818,
                        0.5854889750480652,
                        -5.465484142303467
                    ],
                    [
                        0.9086617231369019,
                        4.491264343261719,
                        0.7040814161300659,
                        -5.6711506843566895
                    ],
                    [
                        1.038233995437622,
                        4.440288543701172,
                        0.8017463684082031,
                        -5.537603378295898
                    ],
                    [
                        0.8385287523269653,
                        4.410152435302734,
                        0.800678551197052,
                        -5.615164756774902
                    ],
                    [
                        0.8382529020309448,
                        4.3932695388793945,
                        0.8358191251754761,
                        -5.66039514541626
                    ],
                    [
                        0.9213595986366272,
                        4.351513862609863,
                        0.9158896207809448,
                        -5.657118797302246
                    ],
                    [
                        1.0066730976104736,
                        4.274182319641113,
                        0.9680488109588623,
                        -5.518350601196289
                    ],
                    [
                        1.012286901473999,
                        4.110503673553467,
                        0.925178050994873,
                        -5.614156723022461
                    ]
                ]
            ],
            "actions_pred": [
                [
                    [
                        0.8227363228797913,
                        0.9851160645484924,
                        1.0028070211410522,
                        0.9620721936225891,
                        0.7446297407150269,
                        0.378517210483551,
                        0.28025946021080017,
                        0.46792539954185486,
                        0.6191791296005249,
                        0.4336368441581726,
                        0.604378342628479,
                        0.8417158126831055,
                        0.9567407369613647,
                        0.9086617231369019,
                        1.038233995437622,
                        0.8385287523269653,
