{
    "steps": [
        {
            "step": 0,
            "train_loss": 0.035265661776065826,
            "actions_pred1": [
                [
                    [
                        0.6405740976333618,
                        0.6974745392799377,
                        0.4172216057777405,
                        -0.8467848896980286
                    ],
                    [
                        0.5639436841011047,
                        0.8706531524658203,
                        0.47292301058769226,
                        -0.774010181427002
                    ],
                    [
                        0.6111471056938171,
                        0.877472996711731,
                        0.4693301320075989,
                        -0.9169686436653137
                    ],
                    [
                        0.5787839293479919,
                        0.8128275275230408,
                        0.3583480715751648,
                        -0.952397346496582
                    ],
                    [
                        0.3528289198875427,
                        1.0224055051803589,
                        0.5776130557060242,
                        -1.0694068670272827
                    ],
                    [
                        0.24347877502441406,
                        0.8167188167572021,
                        0.6408442258834839,
                        -1.0093293190002441
                    ],
                    [
                        0.47833725810050964,
                        0.8524108529090881,
                        0.6781748533248901,
                        -0.8742612600326538
                    ],
                    [
                        0.7418736815452576,
                        0.6462801098823547,
                        0.7386763095855713,
                        -1.0549033880233765
                    ],
                    [
                        0.529755175113678,
                        0.7822152972221375,
                        0.9047092199325562,
                        -1.0984143018722534
                    ],
                    [
                        0.4215947389602661,
                        0.8119614124298096,
                        0.8577979803085327,
                        -1.0357691049575806
                    ],
                    [
                        0.5332385897636414,
                        0.7002410888671875,
                        0.7180806398391724,
                        -1.045048475265503
                    ],
                    [
                        0.5880789756774902,
                        0.7782426476478577,
                        0.7927381992340088,
                        -0.9507272243499756
                    ],
                    [
                        0.544054388999939,
                        0.7371917963027954,
                        0.7606807947158813,
                        -1.011793613433838
                    ],
                    [
                        0.47624993324279785,
                        0.5845380425453186,
                        0.7745006084442139,
                        -1.042334794998169
                    ],
                    [
                        0.436949223279953,
                        0.6390851736068726,
                        0.7225018739700317,
                        -0.9659101366996765
                    ],
                    [
                        0.3827302157878876,
                        0.6489346027374268,
                        0.6941624879837036,
                        -0.8252549767494202
                    ],
                    [
                        0.4644542634487152,
                        0.7072738409042358,
                        0.743881344795227,
                        -0.8073335289955139
                    ],
                    [
                        0.4971301853656769,
                        0.7066696286201477,
                        0.8304277062416077,
                        -0.7613513469696045
                    ],
                    [
                        0.555778980255127,
                        0.763960063457489,
                        1.0406461954116821,
                        -0.8819605112075806
                    ],
                    [
                        0.5319541692733765,
                        0.7306826114654541,
                        0.904383659362793,
                        -0.9478799104690552
                    ]
                ]
            ],
            "actions_pred": [
                [
                    [
                        0.6405740976333618,
                        0.5639436841011047,
                        0.6111471056938171,
                        0.5787839293479919,
                        0.3528289198875427,
                        0.24347877502441406,
                        0.47833725810050964,
                        0.7418736815452576,
                        0.529755175113678,
                        0.4215947389602661,
                        0.5332385897636414,
                        0.5880789756774902,
                        0.544054388999939,
                        0.47624993324279785,
                        0.436949223279953,
                        0.3827302157878876,
                        0.4644542634487152,
                        0.4971301853656769,
                        0.555778980255127,
                        0.5319541692733765
                    ],
                    [
                        0.6974745392799377,
                        0.8706531524658203,
                        0.877472996711731,
                        0.8128275275230408,
                        1.0224055051803589,
                        0.8167188167572021,
                        0.8524108529090881,
                        0.6462801098823547,
                        0.7822152972221375,
                        0.8119614124298096,
                        0.7002410888671875,
                        0.7782426476478577,
                        0.7371917963027954,
                        0.5845380425453186,
                        0.6390851736068726,
                        0.6489346027374268,
                        0.7072738409042358,
                        0.7066696286201477,
                        0.763960063457489,
                        0.7306826114654541
                    ],
                    [
                        0.4172216057777405,
                        0.47292301058769226,
                        0.4693301320075989,
                        0.3583480715751648,
                        0.5776130557060242,
                        0.6408442258834839,
                        0.6781748533248901,
                        0.7386763095855713,
                        0.9047092199325562,
                        0.8577979803085327,
                        0.7180806398391724,
                        0.7927381992340088,
                        0.7606807947158813,
                        0.7745006084442139,
                        0.7225018739700317,
                        0.6941624879837036,
                        0.743881344795227,
                        0.8304277062416077,
                        1.0406461954116821,
                        0.904383659362793
                    ],
                    [
                        -0.8467848896980286,
                        -0.774010181427002,
                        -0.9169686436653137,
                        -0.952397346496582,
                        -1.0694068670272827,
                        -1.0093293190002441,
                        -0.8742612600326538,
                        -1.0549033880233765,
                        -1.0984143018722534,
                        -1.0357691049575806,
                        -1.045048475265503,
                        -0.9507272243499756,
                        -1.011793613433838,
                        -1.042334794998169,
                        -0.9659101366996765,
                        -0.8252549767494202,
                        -0.8073335289955139,
                        -0.7613513469696045,
                        -0.8819605112075806,
                        -0.9478799104690552
                    ]
                ]
            ],
            "states": [
                [
                    [
                        5325744.0,
                        3.011092121596448e-05,
                        0.00027277067420072854,
                        851925.625
                    ],
                    [
                        5357600.0,
                        2.9456161428242922e-05,
                        0.00027305487310513854,
                        832487.0625
                    ],
                    [
                        5618240.0,
                        2.881258842535317e-05,
                        0.0002689558023121208,
                        866650.0
                    ],
                    [
                        5764488.0,
                        2.8174086764920503e-05,
                        0.0002797737834043801,
                        885137.0
                    ],
                    [
                        5370632.0,
                        2.7576063075684942e-05,
                        0.00025503398501314223,
                        827897.4375
                    ],
                    [
                        5432896.0,
                        2.7019848857889883e-05,
                        0.00027816780493594706,
                        880666.4375
                    ],
                    [
                        5364840.0,
                        2.6485795387998223e-05,
                        0.00026209698989987373,
                        834819.0
                    ],
                    [
                        5233072.0,
                        2.598174069134984e-05,
                        0.0002851165772881359,
                        880287.1875
                    ],
                    [
                        5114336.0,
                        2.5507837563054636e-05,
                        0.000267517170868814,
                        884475.5
                    ],
                    [
                        5458960.0,
                        2.504124859115109e-05,
                        0.00027258697082288563,
                        833080.1875
                    ],
                    [
                        5170808.0,
                        2.4588902306277305e-05,
                        0.00027191461413167417,
                        830618.8125
                    ],
                    [
                        5131712.0,
                        2.416586175968405e-05,
                        0.00027577357832342386,
                        795031.0
                    ],
                    [
                        5137504.0,
                        2.3758442694088444e-05,
                        0.00027702987426891923,
                        830415.5625
                    ],
                    [
                        5460408.0,
                        2.3352160496870056e-05,
                        0.0002779100905172527,
                        812805.0
                    ],
                    [
                        5332984.0,
                        2.2952330255066045e-05,
                        0.00026160795823670924,
                        784998.0
                    ],
                    [
                        5464752.0,
                        2.256591324112378e-05,
                        0.0002753763983491808,
                        843504.25
                    ],
                    [
                        5461856.0,
                        2.2187881768331863e-05,
                        0.0002731475979089737,
                        901654.0625
                    ],
                    [
                        5571904.0,
                        2.181875788664911e-05,
                        0.0002628508664201945,
                        880942.125
                    ],
                    [
                        5370632.0,
                        2.146460974472575e-05,
                        0.00026417680783197284,
                        856475.0625
                    ],
                    [
                        5508192.0,
                        2.1123838450876065e-05,
                        0.0002805523981805891,
                        865747.5
                    ]
                ]
            ],
            "actions": [
                [
                    [
                        0.75
                    ],
                    [
                        0.75
                    ],
                    [
                        0.75
                    ],
                    [
                        0.75
                    ],
                    [
                        0.75
                    ],
                    [
                        0.75
                    ],
                    [
                        0.75
                    ],
                    [
                        0.75
                    ],
                    [
                        0.75
                    ],
                    [
                        0.75
                    ],
                    [
                        0.75
                    ],
                    [
                        0.75
                    ],
                    [
                        0.75
                    ],
                    [
                        0.75
                    ],
                    [
                        0.75
                    ],
                    [
                        0.75
                    ],
                    [
                        0.75
                    ],
                    [
                        0.75
                    ],
                    [
                        0.75
                    ],
                    [
                        0.75
                    ]
                ]
            ],
            "returns": [
                [
                    [
                        0.34190085530281067
                    ],
                    [
                        0.34096771478652954
                    ],
                    [
                        0.34003403782844543
                    ],
                    [
                        0.3390961289405823
                    ],
                    [
                        0.33815598487854004
                    ],
                    [
                        0.33722206950187683
                    ],
                    [
                        0.33628717064857483
                    ],
                    [
                        0.33535337448120117
                    ],
                    [
                        0.3344217836856842
                    ],
                    [
                        0.3334922194480896
                    ],
                    [
                        0.33255690336227417
                    ],
                    [
                        0.33162635564804077
                    ],
                    [
                        0.3306964933872223
                    ],
                    [
                        0.32976654171943665
                    ],
                    [
                        0.32883119583129883
                    ],
                    [
                        0.32789793610572815
                    ],
                    [
                        0.32696250081062317
                    ],
                    [
                        0.3260270953178406
                    ],
                    [
                        0.3250899612903595
                    ],
                    [
                        0.3241560757160187
                    ]
                ]
            ],
            "timesteps": [
                [
                    260,
                    261,
                    262,
                    263,
                    264,
                    265,
                    266,
                    267,
                    268,
                    269,
                    270,
                    271,
                    272,
                    273,
                    274,
                    275,
                    276,
                    277,
                    278,
                    279
                ]
            ],
            "labels": [
                [
                    2,
                    2,
                    2,
                    2,
                    2,
                    2,
                    2,
                    2,
                    2,
                    2,
                    2,
                    2,
                    2,
                    2,
                    2,
                    2,
                    2,
                    2,
                    2,
                    2
                ]
            ],
            "CPU Usage": 45.3,
            "RAM Usage": 55.1,
            "GPU Usage": 0.0,
            "VRAM Usage": 355.0,
            "Disk Read Speed (MB/s)": 206068.2509765625,
            "Disk Write Speed (MB/s)": 376785.9892578125
        },
        {
            "step": 1,
            "train_loss": 0.0478731170296669,
            "actions_pred1": [
                [
                    [
                        0.30415117740631104,
                        0.593688428401947,
                        0.7435150146484375,
                        -0.9655272960662842
                    ],
                    [
                        0.31814607977867126,
                        0.7802259922027588,
                        0.6827782392501831,
                        -0.7611337900161743
                    ],
                    [
                        0.23163501918315887,
                        0.705778181552887,
                        0.40746214985847473,
                        -0.6133604049682617
                    ],
                    [
                        0.20399849116802216,
                        0.6910523176193237,
                        0.3999166190624237,
                        -0.6931694746017456
                    ],
                    [
                        0.31495392322540283,
                        0.6386358737945557,
                        0.5946798920631409,
                        -0.8821231722831726
                    ],
                    [
                        0.25033101439476013,
                        0.6792007684707642,
                        0.7515778541564941,
                        -0.8574428558349609
                    ],
                    [
                        0.17972536385059357,
                        0.6280609965324402,
                        0.8517321348190308,
                        -0.9373764395713806
                    ],
                    [
                        -0.015960052609443665,
                        0.6545069217681885,
                        0.8297045826911926,
                        -0.976891815662384
                    ],
                    [
                        0.12906745076179504,
                        0.698068380355835,
                        0.9114028215408325,
                        -0.9567984342575073
                    ],
                    [
                        0.09146779775619507,
                        0.6810097694396973,
                        1.0122597217559814,
                        -0.9564164876937866
                    ],
                    [
                        0.061544179916381836,
                        0.6692648530006409,
                        0.928765058517456,
                        -0.9877184629440308
                    ],
                    [
                        0.3635408878326416,
                        0.4701119065284729,
                        0.9312779903411865,
                        -1.0208708047866821
                    ],
                    [
                        0.22332942485809326,
                        0.484830379486084,
                        0.9210084080696106,
                        -0.9141843318939209
                    ],
                    [
                        0.23235926032066345,
                        0.44691985845565796,
                        0.8447178602218628,
                        -1.031134843826294
                    ],
                    [
                        0.3032311201095581,
                        0.5717341899871826,
                        0.8230396509170532,
                        -0.9733290076255798
                    ],
                    [
                        0.2662760615348816,
                        0.5971013903617859,
                        0.8775315284729004,
                        -1.0642317533493042
                    ],
                    [
                        0.22821959853172302,
                        0.7069761753082275,
                        0.9053611755371094,
                        -1.0611181259155273
                    ],
                    [
                        0.24765793979167938,
                        0.6878085732460022,
                        0.8388538956642151,
                        -0.9386714696884155
                    ],
                    [
                        0.24305559694766998,
                        0.635458767414093,
                        0.8902764916419983,
                        -1.0041614770889282
                    ],
                    [
                        0.25504592061042786,
                        0.49382638931274414,
                        0.851468563079834,
                        -0.9427868127822876
                    ]
                ]
            ],
            "actions_pred": [
                [
                    [
                        0.30415117740631104,
                        0.31814607977867126,
                        0.23163501918315887,
                        0.20399849116802216,
                        0.31495392322540283,
                        0.25033101439476013,
                        0.17972536385059357,
                        -0.015960052609443665,
                        0.12906745076179504,
                        0.09146779775619507,
                        0.061544179916381836,
                        0.3635408878326416,
                        0.22332942485809326,
                        0.23235926032066345,
                        0.3032311201095581,
                        0.2662760615348816,
                        0.22821959853172302,
                        0.24765793979167938,
                        0.24305559694766998,
                        0.25504592061042786
                    ],
                    [
                        0.593688428401947,
                        0.7802259922027588,
                        0.705778181552887,
                        0.6910523176193237,
                        0.6386358737945557,
                        0.6792007684707642,
                        0.6280609965324402,
                        0.6545069217681885,
                        0.698068380355835,
                        0.6810097694396973,
                        0.6692648530006409,
                        0.4701119065284729,
                        0.484830379486084,
                        0.44691985845565796,
                        0.5717341899871826,
                        0.5971013903617859,
                        0.7069761753082275,
                        0.6878085732460022,
                        0.635458767414093,
                        0.49382638931274414
                    ],
                    [
                        0.7435150146484375,
                        0.6827782392501831,
                        0.40746214985847473,
                        0.3999166190624237,
                        0.5946798920631409,
                        0.7515778541564941,
                        0.8517321348190308,
                        0.8297045826911926,
                        0.9114028215408325,
                        1.0122597217559814,
                        0.928765058517456,
                        0.9312779903411865,
                        0.9210084080696106,
                        0.8447178602218628,
                        0.8230396509170532,
                        0.8775315284729004,
                        0.9053611755371094,
                        0.8388538956642151,
                        0.8902764916419983,
                        0.851468563079834
                    ],
                    [
                        -0.9655272960662842,
                        -0.7611337900161743,
                        -0.6133604049682617,
                        -0.6931694746017456,
                        -0.8821231722831726,
                        -0.8574428558349609,
                        -0.9373764395713806,
                        -0.976891815662384,
                        -0.9567984342575073,
                        -0.9564164876937866,
                        -0.9877184629440308,
                        -1.0208708047866821,
                        -0.9141843318939209,
                        -1.031134843826294,
                        -0.9733290076255798,
                        -1.0642317533493042,
                        -1.0611181259155273,
                        -0.9386714696884155,
                        -1.0041614770889282,
                        -0.9427868127822876
                    ]
                ]
            ],
            "states": [
                [
                    [
                        6621704.0,
                        1.1313585673633497e-05,
                        0.0001999229716602713,
                        484312.6875
                    ],
                    [
                        5593624.0,
                        1.1206535418750718e-05,
                        0.0002002958208322525,
                        482520.40625
                    ],
                    [
                        5813720.0,
                        1.1108420039818157e-05,
                        0.0002003357367357239,
                        504661.125
                    ],
                    [
                        6207576.0,
                        1.1006884960806929e-05,
                        0.00022690219338983297,
                        474948.0
                    ],
                    [
                        8008888.0,
                        1.0889214536291547e-05,
                        0.00020534798386506736,
                        464277.84375
                    ],
                    [
                        6072912.0,
                        1.0774994734674692e-05,
                        0.00021573639241978526,
                        487907.71875
                    ],
                    [
                        5771728.0,
                        1.0680801096896175e-05,
                        0.00024723794194869697,
                        495985.625
                    ],
                    [
                        6184408.0,
                        1.058739326253999e-05,
                        0.00024693002342246473,
                        490380.28125
                    ],
                    [
                        5453168.0,
                        1.0498003575776238e-05,
                        0.00023204070748761296,
                        479010.4375
                    ],
                    [
                        5473440.0,
                        1.0415451470180415e-05,
                        0.00018021401774603873,
                        503120.46875
                    ],
                    [
                        5495160.0,
                        1.0333877071388997e-05,
                        0.0002400711819063872,
                        501130.78125
                    ],
                    [
                        5522672.0,
                        1.0253213076794054e-05,
                        0.000246424344368279,
                        482833.53125
                    ],
                    [
                        5845344.0,
                        1.0171300345973577e-05,
                        0.0002318411279702559,
                        521404.9375
                    ],
                    [
                        5531592.0,
                        1.0090602700074669e-05,
                        0.00026174713275395334,
                        512859.59375
                    ],
                    [
                        5728288.0,
                        1.0011996891989838e-05,
                        0.0002589555806480348,
                        492848.15625
                    ],
                    [
                        8446184.0,
                        9.914833754010033e-06,
                        0.0002588448696769774,
                        439526.84375
                    ],
                    [
                        5611000.0,
                        9.82020083029056e-06,
                        0.0002629015070851892,
                        482211.375
                    ],
                    [
                        5854264.0,
                        9.744398084876593e-06,
                        0.00024613598361611366,
                        493941.5
                    ],
                    [
                        5595072.0,
                        9.669850442151073e-06,
                        0.00026028408319689333,
                        487503.5625
                    ],
                    [
                        5576248.0,
                        9.598206816008314e-06,
                        0.000249440228799358,
                        493113.71875
                    ]
                ]
            ],
            "actions": [
                [
                    [
                        0.25
                    ],
                    [
                        0.25
                    ],
                    [
                        0.25
                    ],
                    [
                        0.25
                    ],
                    [
                        0.25
                    ],
                    [
                        0.25
                    ],
                    [
                        0.25
                    ],
                    [
                        0.25
                    ],
                    [
                        0.25
                    ],
                    [
                        0.25
                    ],
                    [
                        0.25
                    ],
                    [
                        0.25
                    ],
                    [
                        0.25
                    ],
                    [
                        0.25
                    ],
                    [
                        0.25
                    ],
                    [
                        0.25
                    ],
                    [
                        0.25
                    ],
                    [
                        0.25
                    ],
                    [
                        0.25
                    ],
                    [
                        0.25
                    ]
                ]
            ],
            "returns": [
                [
                    [
                        0.22746260464191437
                    ],
                    [
                        0.22651013731956482
                    ],
                    [
                        0.2255726456642151
                    ],
                    [
                        0.22463172674179077
                    ],
                    [
                        0.22368499636650085
                    ],
                    [
                        0.22271567583084106
                    ],
                    [
                        0.22177089750766754
                    ],
                    [
                        0.22083061933517456
                    ],
                    [
                        0.2198842167854309
                    ],
                    [
                        0.21894897520542145
                    ],
                    [
                        0.21801340579986572
                    ],
                    [
                        0.21707747876644135
                    ],
                    [
                        0.21614111959934235
                    ],
                    [
                        0.21519970893859863
                    ],
                    [
                        0.2142632007598877
                    ],
                    [
                        0.21332359313964844
                    ],
                    [
                        0.2123495638370514
                    ],
                    [
                        0.21141178905963898
                    ],
                    [
                        0.2104702591896057
                    ],
                    [
                        0.2095327377319336
                    ]
                ]
            ],
            "timesteps": [
                [
                    380,
                    381,
                    382,
                    383,
                    384,
                    385,
                    386,
                    387,
                    388,
                    389,
                    390,
                    391,
                    392,
                    393,
                    394,
                    395,
                    396,
                    397,
                    398,
                    399
                ]
            ],
            "labels": [
                [
                    0,
                    0,
                    0,
                    0,
                    0,
                    0,
                    0,
                    0,
                    0,
                    0,
                    0,
                    0,
                    0,
                    0,
                    0,
                    0,
                    0,
                    0,
                    0,
                    0
                ]
            ],
            "CPU Usage": 46.7,
            "RAM Usage": 55.2,
            "GPU Usage": 0.0,
            "VRAM Usage": 355.0,
            "Disk Read Speed (MB/s)": 206068.2509765625,
            "Disk Write Speed (MB/s)": 376788.5126953125
        },
        {
            "step": 2,
            "train_loss": 0.04171030968427658,
            "actions_pred1": [
                [
                    [
                        0.0993971973657608,
                        0.8111590147018433,
                        0.8966016173362732,
                        -0.9671536684036255
                    ],
                    [
                        0.14651182293891907,
                        0.6291578412055969,
                        0.8831616640090942,
                        -0.9371134638786316
                    ],
                    [
                        0.2513763904571533,
                        0.5824854373931885,
                        0.9087689518928528,
                        -1.057451605796814
                    ],
                    [
                        0.3411461412906647,
                        0.6192965507507324,
                        0.9594693779945374,
                        -0.8470346927642822
                    ],
                    [
                        0.5109966993331909,
                        0.6214244961738586,
                        1.0142332315444946,
                        -0.9065481424331665
                    ],
                    [
                        0.5248216986656189,
                        0.6896013021469116,
                        0.9429326057434082,
                        -0.8988859057426453
                    ],
                    [
                        0.3257295787334442,
                        0.7383830547332764,
                        0.9009952545166016,
                        -0.9451406002044678
                    ],
                    [
                        0.3828420042991638,
                        0.6470118165016174,
                        0.7295874357223511,
                        -1.1066267490386963
                    ],
                    [
                        0.4260006546974182,
                        0.5328711271286011,
                        0.7875224351882935,
                        -1.0099985599517822
                    ],
                    [
                        0.5916868448257446,
                        0.7429490685462952,
                        0.8567405939102173,
                        -1.1397998332977295
                    ],
                    [
                        0.7816025614738464,
                        0.8709874153137207,
                        0.9634649157524109,
                        -1.008236289024353
                    ],
                    [
                        0.7958201766014099,
                        0.8212547302246094,
                        0.8178642988204956,
                        -1.0007485151290894
                    ],
                    [
                        0.7203764915466309,
                        0.902124285697937,
                        0.8350753784179688,
                        -1.0381824970245361
                    ],
                    [
                        0.6194653511047363,
                        0.8192318677902222,
                        0.9035850763320923,
                        -1.0395070314407349
                    ],
                    [
                        0.5962994694709778,
                        0.7136971950531006,
                        0.7726643085479736,
                        -1.1005276441574097
                    ],
                    [
                        0.6693620085716248,
                        0.7048205733299255,
                        0.7340857982635498,
                        -1.1216719150543213
                    ],
                    [
                        0.5570307970046997,
                        0.7762546539306641,
                        0.8334959745407104,
                        -1.0641131401062012
                    ],
                    [
                        0.7691245079040527,
                        0.7330968379974365,
                        0.6968898177146912,
                        -0.9840162992477417
                    ],
                    [
                        0.7740976810455322,
                        0.6410181522369385,
                        0.5064869523048401,
                        -0.8433725237846375
                    ],
                    [
                        0.7246493101119995,
                        0.645697832107544,
                        0.7363489866256714,
                        -0.8246298432350159
                    ]
                ]
            ],
            "actions_pred": [
                [
                    [
                        0.0993971973657608,
                        0.14651182293891907,
                        0.2513763904571533,
                        0.3411461412906647,
                        0.5109966993331909,
                        0.5248216986656189,
                        0.3257295787334442,
                        0.3828420042991638,
                        0.4260006546974182,
                        0.5916868448257446,
