{
    "steps": [
        {
            "step": 0,
            "train_loss": 0.015829434618353844,
            "actions_pred1": [
                [
                    [
                        2.119751453399658,
                        2.216599702835083,
                        0.6271355152130127,
                        -5.279214859008789
                    ],
                    [
                        2.2582030296325684,
                        2.696803092956543,
                        1.211055040359497,
                        -4.6260600090026855
                    ],
                    [
                        2.5307412147521973,
                        3.2300286293029785,
                        1.2489285469055176,
                        -4.8421196937561035
                    ],
                    [
                        2.4745349884033203,
                        3.633922815322876,
                        1.5275766849517822,
                        -5.0482683181762695
                    ],
                    [
                        2.6957321166992188,
                        3.835145950317383,
                        1.4301812648773193,
                        -5.2833943367004395
                    ],
                    [
                        2.5707032680511475,
                        3.578512191772461,
                        1.208500862121582,
                        -5.447877883911133
                    ],
                    [
                        2.7776505947113037,
                        3.641846179962158,
                        1.4185909032821655,
                        -5.503833293914795
                    ],
                    [
                        2.934047222137451,
                        3.7561657428741455,
                        1.2925221920013428,
                        -5.5977783203125
                    ],
                    [
                        2.960627555847168,
                        3.5700409412384033,
                        1.1810448169708252,
                        -5.630812168121338
                    ],
                    [
                        3.0598015785217285,
                        3.7932169437408447,
                        1.286665439605713,
                        -5.581909656524658
                    ],
                    [
                        3.0104565620422363,
                        3.6565496921539307,
                        1.2213759422302246,
                        -5.857752799987793
                    ],
                    [
                        3.0243396759033203,
                        3.776236057281494,
                        1.2763338088989258,
                        -6.192261695861816
                    ],
                    [
                        2.9548401832580566,
                        3.7609362602233887,
                        1.322355031967163,
                        -6.196714401245117
                    ],
                    [
                        3.1328206062316895,
                        3.859279155731201,
                        1.4894098043441772,
                        -6.269148826599121
                    ],
                    [
                        3.1831281185150146,
                        3.855740547180176,
                        1.6262469291687012,
                        -6.433071136474609
                    ],
                    [
                        3.3768904209136963,
                        3.603180408477783,
                        1.7279999256134033,
                        -6.632340431213379
                    ],
                    [
                        3.329132080078125,
                        3.583432197570801,
                        1.8364691734313965,
                        -6.812148571014404
                    ],
                    [
                        3.3488407135009766,
                        3.704209327697754,
                        1.4129780530929565,
                        -6.704858779907227
                    ],
                    [
                        3.2389025688171387,
                        3.6215980052948,
                        1.526010513305664,
                        -6.661145210266113
                    ],
                    [
                        3.1249237060546875,
                        3.497434377670288,
                        1.4619044065475464,
                        -6.64496374130249
                    ]
                ]
            ],
            "actions_pred": [
                [
                    [
                        2.119751453399658,
                        2.2582030296325684,
                        2.5307412147521973,
                        2.4745349884033203,
                        2.6957321166992188,
                        2.5707032680511475,
                        2.7776505947113037,
                        2.934047222137451,
                        2.960627555847168,
                        3.0598015785217285,
                        3.0104565620422363,
                        3.0243396759033203,
                        2.9548401832580566,
                        3.1328206062316895,
                        3.1831281185150146,
                        3.3768904209136963,
                        3.329132080078125,
                        3.3488407135009766,
                        3.2389025688171387,
                        3.1249237060546875
                    ],
                    [
                        2.216599702835083,
                        2.696803092956543,
                        3.2300286293029785,
                        3.633922815322876,
                        3.835145950317383,
                        3.578512191772461,
                        3.641846179962158,
                        3.7561657428741455,
                        3.5700409412384033,
                        3.7932169437408447,
                        3.6565496921539307,
                        3.776236057281494,
                        3.7609362602233887,
                        3.859279155731201,
                        3.855740547180176,
                        3.603180408477783,
                        3.583432197570801,
                        3.704209327697754,
                        3.6215980052948,
                        3.497434377670288
                    ],
                    [
                        0.6271355152130127,
                        1.211055040359497,
                        1.2489285469055176,
                        1.5275766849517822,
                        1.4301812648773193,
                        1.208500862121582,
                        1.4185909032821655,
                        1.2925221920013428,
                        1.1810448169708252,
                        1.286665439605713,
                        1.2213759422302246,
                        1.2763338088989258,
                        1.322355031967163,
                        1.4894098043441772,
                        1.6262469291687012,
                        1.7279999256134033,
                        1.8364691734313965,
                        1.4129780530929565,
                        1.526010513305664,
                        1.4619044065475464
                    ],
                    [
                        -5.279214859008789,
                        -4.6260600090026855,
                        -4.8421196937561035,
                        -5.0482683181762695,
                        -5.2833943367004395,
                        -5.447877883911133,
                        -5.503833293914795,
                        -5.5977783203125,
                        -5.630812168121338,
                        -5.581909656524658,
                        -5.857752799987793,
                        -6.192261695861816,
                        -6.196714401245117,
                        -6.269148826599121,
                        -6.433071136474609,
                        -6.632340431213379,
                        -6.812148571014404,
                        -6.704858779907227,
                        -6.661145210266113,
                        -6.64496374130249
                    ]
                ]
            ],
            "states": [
                [
                    [
                        6436360.0,
                        3.756791920750402e-05,
                        0.00023788119142409414,
                        525420.0
                    ],
                    [
                        5822408.0,
                        3.5673747333930805e-05,
                        0.0002484873402863741,
                        540076.8125
                    ],
                    [
                        6120696.0,
                        3.400527930352837e-05,
                        0.00025739934062585235,
                        546681.375
                    ],
                    [
                        6143632.0,
                        3.2446547265863046e-05,
                        0.00019004895875696093,
                        549135.1875
                    ],
                    [
                        6290344.0,
                        3.100591857219115e-05,
                        0.00022606240236200392,
                        515628.96875
                    ],
                    [
                        7225288.0,
                        2.9579521651612595e-05,
                        0.0002532026555854827,
                        501138.75
                    ],
                    [
                        5695216.0,
                        2.8330134227871895e-05,
                        0.0002667571825440973,
                        501280.09375
                    ],
                    [
                        6048296.0,
                        2.72848174063256e-05,
                        0.00026687141507864,
                        520591.84375
                    ],
                    [
                        5956840.0,
                        2.6292696929886006e-05,
                        0.0002529114135541022,
                        510954.5
                    ],
                    [
                        5511320.0,
                        2.5409783120267093e-05,
                        0.0002583715249784291,
                        498321.25
                    ],
                    [
                        7421000.0,
                        2.448467603244353e-05,
                        0.001365873496979475,
                        470548.53125
                    ],
                    [
                        6653560.0,
                        2.3549235265818425e-05,
                        0.0008239395683631301,
                        489404.40625
                    ],
                    [
                        5919424.0,
                        2.2772055672248825e-05,
                        0.0005388445570133626,
                        494672.6875
                    ],
                    [
                        6049744.0,
                        2.2078909751144238e-05,
                        0.0005018769879825413,
                        522203.84375
                    ],
                    [
                        5699328.0,
                        2.1438178009702824e-05,
                        0.0005396626074798405,
                        525676.375
                    ],
                    [
                        5907840.0,
                        2.084095285681542e-05,
                        0.00039070475031621754,
                        484434.71875
                    ],
                    [
                        7654128.0,
                        2.0184714230708778e-05,
                        0.00037147922557778656,
                        485244.75
                    ],
                    [
                        6171376.0,
                        1.9555423932615668e-05,
                        0.00035373689024709165,
                        520211.9375
                    ],
                    [
                        5359048.0,
                        1.9060054910369217e-05,
                        0.0003472233365755528,
                        514446.75
                    ],
                    [
                        5344568.0,
                        1.8622442439664155e-05,
                        0.00021890846255701035,
                        526664.75
                    ]
                ]
            ],
            "actions": [
                [
                    [
                        0.5
                    ],
                    [
                        0.5
                    ],
                    [
                        0.5
                    ],
                    [
                        0.5
                    ],
                    [
                        0.5
                    ],
                    [
                        0.5
                    ],
                    [
                        0.5
                    ],
                    [
                        0.5
                    ],
                    [
                        0.5
                    ],
                    [
                        0.5
                    ],
                    [
                        0.5
                    ],
                    [
                        0.5
                    ],
                    [
                        0.5
                    ],
                    [
                        0.5
                    ],
                    [
                        0.5
                    ],
                    [
                        0.5
                    ],
                    [
                        0.5
                    ],
                    [
                        0.5
                    ],
                    [
                        0.5
                    ],
                    [
                        0.5
                    ]
                ]
            ],
            "returns": [
                [
                    [
                        0.17125853896141052
                    ],
                    [
                        0.17030860483646393
                    ],
                    [
                        0.16936755180358887
                    ],
                    [
                        0.16842207312583923
                    ],
                    [
                        0.16747625172138214
                    ],
                    [
                        0.1665283590555191
                    ],
                    [
                        0.16556815803050995
                    ],
                    [
                        0.16462907195091248
                    ],
                    [
                        0.1636846512556076
                    ],
                    [
                        0.16274157166481018
                    ],
                    [
                        0.1618053913116455
                    ],
                    [
                        0.16084282100200653
                    ],
                    [
                        0.15988995134830475
                    ],
                    [
                        0.1589474231004715
                    ],
                    [
                        0.15800298750400543
                    ],
                    [
                        0.157063826918602
                    ],
                    [
                        0.15612147748470306
                    ],
                    [
                        0.1551561802625656
                    ],
                    [
                        0.15420997142791748
                    ],
                    [
                        0.153276264667511
                    ]
                ]
            ],
            "timesteps": [
                [
                    440,
                    441,
                    442,
                    443,
                    444,
                    445,
                    446,
                    447,
                    448,
                    449,
                    450,
                    451,
                    452,
                    453,
                    454,
                    455,
                    456,
                    457,
                    458,
                    459
                ]
            ],
            "labels": [
                [
                    1,
                    1,
                    1,
                    1,
                    1,
                    1,
                    1,
                    1,
                    1,
                    1,
                    1,
                    1,
                    1,
                    1,
                    1,
                    1,
                    1,
                    1,
                    1,
                    1
                ]
            ],
            "CPU Usage": 45.1,
            "RAM Usage": 55.0,
            "GPU Usage": 0.0,
            "VRAM Usage": 356.0,
            "Disk Read Speed (MB/s)": 206653.4638671875,
            "Disk Write Speed (MB/s)": 431486.9775390625
        },
        {
            "step": 1,
            "train_loss": 0.004291693214327097,
            "actions_pred1": [
                [
                    [
                        2.1107938289642334,
                        0.6409825086593628,
                        1.5252686738967896,
                        -3.903552770614624
                    ],
                    [
                        2.928844451904297,
                        0.738237738609314,
                        1.4851062297821045,
                        -3.4746665954589844
                    ],
                    [
                        3.56170654296875,
                        0.8051354885101318,
                        0.870553731918335,
                        -3.5039472579956055
                    ],
                    [
                        3.7473349571228027,
                        0.9477235078811646,
                        0.8944610357284546,
                        -3.630472183227539
                    ],
                    [
                        4.1626362800598145,
                        0.8007626533508301,
                        1.5748896598815918,
                        -4.936583042144775
                    ],
                    [
                        4.122823238372803,
                        0.5679447054862976,
                        1.7297523021697998,
                        -5.196341514587402
                    ],
                    [
                        3.9350385665893555,
                        0.3797377645969391,
                        1.8887856006622314,
                        -4.960353374481201
                    ],
                    [
                        3.8784759044647217,
                        0.31128355860710144,
                        1.6993333101272583,
                        -5.125787258148193
                    ],
                    [
                        4.186398506164551,
                        0.5895698666572571,
                        2.014284372329712,
                        -5.477084159851074
                    ],
                    [
                        4.496578693389893,
                        0.5312808156013489,
                        2.4266529083251953,
                        -5.7245612144470215
                    ],
                    [
                        4.4150214195251465,
                        0.62553870677948,
                        2.3805036544799805,
                        -5.799385070800781
                    ],
                    [
                        4.91731071472168,
                        0.5238875150680542,
                        2.5968751907348633,
                        -6.329709529876709
                    ],
                    [
                        4.513628959655762,
                        0.5717712640762329,
                        2.457465410232544,
                        -6.21519660949707
                    ],
                    [
                        4.582663059234619,
                        0.11425033211708069,
                        2.356187343597412,
                        -6.429871559143066
                    ],
                    [
                        4.88762903213501,
                        0.12561294436454773,
                        2.0686874389648438,
                        -6.599803924560547
                    ],
                    [
                        5.161985397338867,
                        0.20803722739219666,
                        1.93840754032135,
                        -6.934089183807373
                    ],
                    [
                        4.854123115539551,
                        0.602310061454773,
                        2.075636148452759,
                        -7.177425861358643
                    ],
                    [
                        5.138628005981445,
                        0.6051852703094482,
                        2.1265249252319336,
                        -6.8707098960876465
                    ],
                    [
                        5.1442551612854,
                        0.4204777479171753,
                        2.050037145614624,
                        -6.705787181854248
                    ],
                    [
                        5.038643836975098,
                        0.12794238328933716,
                        2.3019444942474365,
                        -6.4935784339904785
                    ]
                ]
            ],
            "actions_pred": [
                [
                    [
                        2.1107938289642334,
                        2.928844451904297,
                        3.56170654296875,
                        3.7473349571228027,
                        4.1626362800598145,
                        4.122823238372803,
                        3.9350385665893555,
                        3.8784759044647217,
                        4.186398506164551,
                        4.496578693389893,
                        4.4150214195251465,
                        4.91731071472168,
                        4.513628959655762,
                        4.582663059234619,
                        4.88762903213501,
                        5.161985397338867,
                        4.854123115539551,
                        5.138628005981445,
                        5.1442551612854,
                        5.038643836975098
                    ],
                    [
                        0.6409825086593628,
                        0.738237738609314,
                        0.8051354885101318,
                        0.9477235078811646,
                        0.8007626533508301,
                        0.5679447054862976,
                        0.3797377645969391,
                        0.31128355860710144,
                        0.5895698666572571,
                        0.5312808156013489,
                        0.62553870677948,
                        0.5238875150680542,
                        0.5717712640762329,
                        0.11425033211708069,
                        0.12561294436454773,
                        0.20803722739219666,
                        0.602310061454773,
                        0.6051852703094482,
                        0.4204777479171753,
                        0.12794238328933716
                    ],
                    [
                        1.5252686738967896,
                        1.4851062297821045,
                        0.870553731918335,
                        0.8944610357284546,
                        1.5748896598815918,
                        1.7297523021697998,
                        1.8887856006622314,
                        1.6993333101272583,
                        2.014284372329712,
                        2.4266529083251953,
                        2.3805036544799805,
                        2.5968751907348633,
                        2.457465410232544,
                        2.356187343597412,
                        2.0686874389648438,
                        1.93840754032135,
                        2.075636148452759,
                        2.1265249252319336,
                        2.050037145614624,
                        2.3019444942474365
                    ],
                    [
                        -3.903552770614624,
                        -3.4746665954589844,
                        -3.5039472579956055,
                        -3.630472183227539,
                        -4.936583042144775,
                        -5.196341514587402,
                        -4.960353374481201,
                        -5.125787258148193,
                        -5.477084159851074,
                        -5.7245612144470215,
                        -5.799385070800781,
                        -6.329709529876709,
                        -6.21519660949707,
                        -6.429871559143066,
                        -6.599803924560547,
                        -6.934089183807373,
                        -7.177425861358643,
                        -6.8707098960876465,
                        -6.705787181854248,
                        -6.4935784339904785
                    ]
                ]
            ],
            "states": [
                [
                    [
                        6621704.0,
                        1.1313585673633497e-05,
                        0.0001999229716602713,
                        484312.6875
                    ],
                    [
                        5593624.0,
                        1.1206535418750718e-05,
                        0.0002002958208322525,
                        482520.40625
                    ],
                    [
                        5813720.0,
                        1.1108420039818157e-05,
                        0.0002003357367357239,
                        504661.125
                    ],
                    [
                        6207576.0,
                        1.1006884960806929e-05,
                        0.00022690219338983297,
                        474948.0
                    ],
                    [
                        8008888.0,
                        1.0889214536291547e-05,
                        0.00020534798386506736,
                        464277.84375
                    ],
                    [
                        6072912.0,
                        1.0774994734674692e-05,
                        0.00021573639241978526,
                        487907.71875
                    ],
                    [
                        5771728.0,
                        1.0680801096896175e-05,
                        0.00024723794194869697,
                        495985.625
                    ],
                    [
                        6184408.0,
                        1.058739326253999e-05,
                        0.00024693002342246473,
                        490380.28125
                    ],
                    [
                        5453168.0,
                        1.0498003575776238e-05,
                        0.00023204070748761296,
                        479010.4375
                    ],
                    [
                        5473440.0,
                        1.0415451470180415e-05,
                        0.00018021401774603873,
                        503120.46875
                    ],
                    [
                        5495160.0,
                        1.0333877071388997e-05,
                        0.0002400711819063872,
                        501130.78125
                    ],
                    [
                        5522672.0,
                        1.0253213076794054e-05,
                        0.000246424344368279,
                        482833.53125
                    ],
                    [
                        5845344.0,
                        1.0171300345973577e-05,
                        0.0002318411279702559,
                        521404.9375
                    ],
                    [
                        5531592.0,
                        1.0090602700074669e-05,
                        0.00026174713275395334,
                        512859.59375
                    ],
                    [
                        5728288.0,
                        1.0011996891989838e-05,
                        0.0002589555806480348,
                        492848.15625
                    ],
                    [
                        8446184.0,
                        9.914833754010033e-06,
                        0.0002588448696769774,
                        439526.84375
                    ],
                    [
                        5611000.0,
                        9.82020083029056e-06,
                        0.0002629015070851892,
                        482211.375
                    ],
                    [
                        5854264.0,
                        9.744398084876593e-06,
                        0.00024613598361611366,
                        493941.5
                    ],
                    [
                        5595072.0,
                        9.669850442151073e-06,
                        0.00026028408319689333,
                        487503.5625
                    ],
                    [
                        5576248.0,
                        9.598206816008314e-06,
                        0.000249440228799358,
                        493113.71875
                    ]
                ]
            ],
            "actions": [
                [
                    [
                        0.25
                    ],
                    [
                        0.25
                    ],
                    [
                        0.25
                    ],
                    [
                        0.25
                    ],
                    [
                        0.25
                    ],
                    [
                        0.25
                    ],
                    [
                        0.25
                    ],
                    [
                        0.25
                    ],
                    [
                        0.25
                    ],
                    [
                        0.25
                    ],
                    [
                        0.25
                    ],
                    [
                        0.25
                    ],
                    [
                        0.25
                    ],
                    [
                        0.25
                    ],
                    [
                        0.25
                    ],
                    [
                        0.25
                    ],
                    [
                        0.25
                    ],
                    [
                        0.25
                    ],
                    [
                        0.25
                    ],
                    [
                        0.25
                    ]
                ]
            ],
            "returns": [
                [
                    [
                        0.22746260464191437
                    ],
                    [
                        0.22651013731956482
                    ],
                    [
                        0.2255726456642151
                    ],
                    [
                        0.22463172674179077
                    ],
                    [
                        0.22368499636650085
                    ],
                    [
                        0.22271567583084106
                    ],
                    [
                        0.22177089750766754
                    ],
                    [
                        0.22083061933517456
                    ],
                    [
                        0.2198842167854309
                    ],
                    [
                        0.21894897520542145
                    ],
                    [
                        0.21801340579986572
                    ],
                    [
                        0.21707747876644135
                    ],
                    [
                        0.21614111959934235
                    ],
                    [
                        0.21519970893859863
                    ],
                    [
                        0.2142632007598877
                    ],
                    [
                        0.21332359313964844
                    ],
                    [
                        0.2123495638370514
                    ],
                    [
                        0.21141178905963898
                    ],
                    [
                        0.2104702591896057
                    ],
                    [
                        0.2095327377319336
                    ]
                ]
            ],
            "timesteps": [
                [
                    380,
                    381,
                    382,
                    383,
                    384,
                    385,
                    386,
                    387,
                    388,
                    389,
                    390,
                    391,
                    392,
                    393,
                    394,
                    395,
                    396,
                    397,
                    398,
                    399
                ]
            ],
            "labels": [
                [
                    0,
                    0,
                    0,
                    0,
                    0,
                    0,
                    0,
                    0,
                    0,
                    0,
                    0,
                    0,
                    0,
                    0,
                    0,
                    0,
                    0,
                    0,
                    0,
                    0
                ]
            ],
            "CPU Usage": 47.3,
            "RAM Usage": 55.1,
            "GPU Usage": 0.0,
            "VRAM Usage": 356.0,
            "Disk Read Speed (MB/s)": 206653.4638671875,
            "Disk Write Speed (MB/s)": 431487.0400390625
        },
        {
            "step": 2,
            "train_loss": 0.0005324106896296144,
            "actions_pred1": [
                [
                    [
                        4.411264896392822,
                        0.7833460569381714,
                        1.6447299718856812,
                        -5.870394229888916
                    ],
                    [
                        4.811859130859375,
                        1.1172235012054443,
                        1.248013973236084,
                        -5.477585792541504
                    ],
                    [
                        5.317553997039795,
                        0.6833479404449463,
                        1.425876259803772,
                        -5.765827178955078
                    ],
                    [
                        6.106090068817139,
                        0.1119365394115448,
                        0.9958680868148804,
                        -5.9941792488098145
                    ],
                    [
                        6.00230598449707,
                        0.17051178216934204,
                        0.8500162363052368,
                        -6.194901466369629
                    ],
                    [
                        5.857771396636963,
                        0.1843724250793457,
                        0.46985960006713867,
                        -6.159817695617676
                    ],
                    [
                        5.781278610229492,
                        0.37203356623649597,
                        0.5317859053611755,
                        -6.002011775970459
                    ],
                    [
                        5.730777740478516,
                        0.12183576822280884,
                        0.5097213983535767,
                        -6.169112682342529
                    ],
                    [
                        5.922306537628174,
                        0.24712377786636353,
                        0.7677003741264343,
                        -6.270303726196289
                    ],
                    [
                        6.2226152420043945,
                        0.11584846675395966,
                        1.0708000659942627,
                        -6.4645466804504395
                    ],
                    [
                        5.857386589050293,
                        -0.3668789565563202,
                        0.7704117298126221,
                        -6.559369087219238
                    ],
                    [
                        5.691261291503906,
                        -0.31323719024658203,
                        0.8470006585121155,
                        -6.242773532867432
                    ],
                    [
                        5.843059539794922,
                        -0.20382297039031982,
                        0.7091548442840576,
                        -6.088879108428955
                    ],
                    [
                        5.822948932647705,
                        -0.15271589159965515,
                        0.527913510799408,
                        -6.1077446937561035
                    ],
                    [
                        6.029600143432617,
                        -0.1669009029865265,
                        0.4063844084739685,
                        -6.129105567932129
                    ],
                    [
                        5.776782512664795,
                        -0.14956392347812653,
                        0.38030368089675903,
                        -6.300558567047119
                    ],
                    [
                        5.3826093673706055,
                        -0.1431151181459427,
                        0.6476930975914001,
                        -6.252662658691406
                    ],
                    [
                        5.287632465362549,
                        -0.046772301197052,
                        0.8632811307907104,
                        -6.165289878845215
                    ],
                    [
                        5.272610664367676,
                        0.11550551652908325,
                        0.8228563070297241,
                        -6.216758728027344
                    ],
                    [
                        5.354579448699951,
                        -0.07390233874320984,
                        1.1247615814208984,
                        -6.333077430725098
                    ]
                ]
            ],
            "actions_pred": [
                [
                    [
                        4.411264896392822,
                        4.811859130859375,
                        5.317553997039795,
                        6.106090068817139,
                        6.00230598449707,
                        5.857771396636963,
                        5.781278610229492,
                        5.730777740478516,
                        5.922306537628174,
                        6.2226152420043945,
                        5.857386589050293,
                        5.691261291503906,
                        5.843059539794922,
                        5.822948932647705,
                        6.029600143432617,
