{
    "steps": [
        {
            "step": 0,
            "train_loss": 0.05983195826411247,
            "actions_pred1": [
                [
                    [
                        -0.1572035849094391,
                        -0.22778861224651337,
                        0.47529280185699463,
                        0.32236069440841675
                    ],
                    [
                        -0.08516596257686615,
                        -0.11917120218276978,
                        0.35084420442581177,
                        0.37364500761032104
                    ],
                    [
                        -0.13133268058300018,
                        -0.07031340152025223,
                        0.5104264616966248,
                        0.4848647713661194
                    ],
                    [
                        -0.05701079219579697,
                        -0.21841534972190857,
                        0.5057452917098999,
                        0.4823574423789978
                    ],
                    [
                        -0.07797116041183472,
                        -0.22269925475120544,
                        0.6087014675140381,
                        0.5048606395721436
                    ],
                    [
                        -0.33585140109062195,
                        -0.14251995086669922,
                        0.389210969209671,
                        0.4295496642589569
                    ],
                    [
                        -0.3275344967842102,
                        -0.06768935918807983,
                        0.535261332988739,
                        0.6184141039848328
                    ],
                    [
                        -0.14005285501480103,
                        -0.05726061761379242,
                        0.5333441495895386,
                        0.6747304201126099
                    ],
                    [
                        -0.11788347363471985,
                        -0.043003782629966736,
                        0.44891923666000366,
                        0.6122854948043823
                    ],
                    [
                        -0.26439183950424194,
                        -0.060275882482528687,
                        0.6443052291870117,
                        0.6587239503860474
                    ],
                    [
                        -0.324348121881485,
                        -0.15154418349266052,
                        0.7572041749954224,
                        0.6547808051109314
                    ],
                    [
                        -0.3287099599838257,
                        -0.1565835177898407,
                        0.7344653010368347,
                        0.7193591594696045
                    ],
                    [
                        -0.3665289580821991,
                        -0.10743207484483719,
                        0.6599496006965637,
                        0.729714572429657
                    ],
                    [
                        -0.29774385690689087,
                        -0.08357545733451843,
                        0.7090746164321899,
                        0.6762526631355286
                    ],
                    [
                        -0.2627631425857544,
                        -0.15943720936775208,
                        0.7215020656585693,
                        0.6471835374832153
                    ],
                    [
                        -0.28799960017204285,
                        -0.11579596996307373,
                        0.8090046644210815,
                        0.694725513458252
                    ],
                    [
                        -0.28837165236473083,
                        -0.18723301589488983,
                        0.6185835599899292,
                        0.6488471627235413
                    ],
                    [
                        -0.24334293603897095,
                        -0.03630713000893593,
                        0.6121765375137329,
                        0.6126798391342163
                    ],
                    [
                        -0.3242484927177429,
                        -0.12653551995754242,
                        0.7249075174331665,
                        0.5844248533248901
                    ],
                    [
                        -0.44240784645080566,
                        -0.1526642143726349,
                        0.7999982833862305,
                        0.6047036647796631
                    ]
                ]
            ],
            "actions_pred": [
                [
                    [
                        -0.1572035849094391,
                        -0.08516596257686615,
                        -0.13133268058300018,
                        -0.05701079219579697,
                        -0.07797116041183472,
                        -0.33585140109062195,
                        -0.3275344967842102,
                        -0.14005285501480103,
                        -0.11788347363471985,
                        -0.26439183950424194,
                        -0.324348121881485,
                        -0.3287099599838257,
                        -0.3665289580821991,
                        -0.29774385690689087,
                        -0.2627631425857544,
                        -0.28799960017204285,
                        -0.28837165236473083,
                        -0.24334293603897095,
                        -0.3242484927177429,
                        -0.44240784645080566
                    ],
                    [
                        -0.22778861224651337,
                        -0.11917120218276978,
                        -0.07031340152025223,
                        -0.21841534972190857,
                        -0.22269925475120544,
                        -0.14251995086669922,
                        -0.06768935918807983,
                        -0.05726061761379242,
                        -0.043003782629966736,
                        -0.060275882482528687,
                        -0.15154418349266052,
                        -0.1565835177898407,
                        -0.10743207484483719,
                        -0.08357545733451843,
                        -0.15943720936775208,
                        -0.11579596996307373,
                        -0.18723301589488983,
                        -0.03630713000893593,
                        -0.12653551995754242,
                        -0.1526642143726349
                    ],
                    [
                        0.47529280185699463,
                        0.35084420442581177,
                        0.5104264616966248,
                        0.5057452917098999,
                        0.6087014675140381,
                        0.389210969209671,
                        0.535261332988739,
                        0.5333441495895386,
                        0.44891923666000366,
                        0.6443052291870117,
                        0.7572041749954224,
                        0.7344653010368347,
                        0.6599496006965637,
                        0.7090746164321899,
                        0.7215020656585693,
                        0.8090046644210815,
                        0.6185835599899292,
                        0.6121765375137329,
                        0.7249075174331665,
                        0.7999982833862305
                    ],
                    [
                        0.32236069440841675,
                        0.37364500761032104,
                        0.4848647713661194,
                        0.4823574423789978,
                        0.5048606395721436,
                        0.4295496642589569,
                        0.6184141039848328,
                        0.6747304201126099,
                        0.6122854948043823,
                        0.6587239503860474,
                        0.6547808051109314,
                        0.7193591594696045,
                        0.729714572429657,
                        0.6762526631355286,
                        0.6471835374832153,
                        0.694725513458252,
                        0.6488471627235413,
                        0.6126798391342163,
                        0.5844248533248901,
                        0.6047036647796631
                    ]
                ]
            ],
            "states": [
                [
                    [
                        10534200.0,
                        2.6509645977057517e-05,
                        0.00013993013999424875,
                        443834.40625
                    ],
                    [
                        10761536.0,
                        2.5514371372992173e-05,
                        0.0001420098269591108,
                        437980.875
                    ],
                    [
                        9713184.0,
                        2.462484007992316e-05,
                        0.00013746164040639997,
                        438923.15625
                    ],
                    [
                        11058376.0,
                        2.37847361859167e-05,
                        0.00013166402641218156,
                        442931.21875
                    ],
                    [
                        10751400.0,
                        2.2961492504691705e-05,
                        0.00014091107004787773,
                        432700.84375
                    ],
                    [
                        10246048.0,
                        2.2220945538720116e-05,
                        0.0001376972795696929,
                        435969.53125
                    ],
                    [
                        9969480.0,
                        2.1551775716943666e-05,
                        0.00013403889897745103,
                        440537.53125
                    ],
                    [
                        10251840.0,
                        2.0921770556014962e-05,
                        0.00014748213288839906,
                        443483.875
                    ],
                    [
                        10121520.0,
                        2.0323142962297425e-05,
                        0.00013067024701740593,
                        443831.96875
                    ],
                    [
                        9543768.0,
                        1.977682586584706e-05,
                        0.00013482528447639197,
                        439055.96875
                    ],
                    [
                        8799496.0,
                        1.9293054720037617e-05,
                        0.00013897643657401204,
                        475444.21875
                    ],
                    [
                        9742144.0,
                        1.8827833628165536e-05,
                        0.00014449551235884428,
                        446623.25
                    ],
                    [
                        9966584.0,
                        1.835721377574373e-05,
                        0.00014116551028564572,
                        435027.78125
                    ],
                    [
                        9815992.0,
                        1.7907843357534148e-05,
                        0.0001414243597537279,
                        434458.03125
                    ],
                    [
                        10637008.0,
                        1.7465919881942682e-05,
                        0.00015197490574792027,
                        447300.9375
                    ],
                    [
                        9175976.0,
                        1.705779868643731e-05,
                        0.00016332330415025353,
                        457786.65625
                    ],
                    [
                        9695808.0,
                        1.6686690287315287e-05,
                        0.00014966299931984395,
                        442052.53125
                    ],
                    [
                        10571848.0,
                        1.6305739336530678e-05,
                        0.0001437981118215248,
                        454590.5
                    ],
                    [
                        9242584.0,
                        1.5949490261846222e-05,
                        0.0001480604405514896,
                        454658.375
                    ],
                    [
                        10438632.0,
                        1.5611025446560234e-05,
                        0.00013623677659779787,
                        451379.625
                    ]
                ]
            ],
            "actions": [
                [
                    [
                        0.25
                    ],
                    [
                        0.25
                    ],
                    [
                        0.25
                    ],
                    [
                        0.25
                    ],
                    [
                        0.25
                    ],
                    [
                        0.25
                    ],
                    [
                        0.25
                    ],
                    [
                        0.25
                    ],
                    [
                        0.25
                    ],
                    [
                        0.25
                    ],
                    [
                        0.25
                    ],
                    [
                        0.25
                    ],
                    [
                        0.25
                    ],
                    [
                        0.25
                    ],
                    [
                        0.25
                    ],
                    [
                        0.25
                    ],
                    [
                        0.25
                    ],
                    [
                        0.25
                    ],
                    [
                        0.25
                    ],
                    [
                        0.25
                    ]
                ]
            ],
            "returns": [
                [
                    [
                        0.2667037844657898
                    ],
                    [
                        0.26571014523506165
                    ],
                    [
                        0.26471462845802307
                    ],
                    [
                        0.26372823119163513
                    ],
                    [
                        0.26273030042648315
                    ],
                    [
                        0.26173487305641174
                    ],
                    [
                        0.2607437074184418
                    ],
                    [
                        0.2597549855709076
                    ],
                    [
                        0.25876376032829285
                    ],
                    [
                        0.2577736973762512
                    ],
                    [
                        0.25678882002830505
                    ],
                    [
                        0.2558111548423767
                    ],
                    [
                        0.2548244595527649
                    ],
                    [
                        0.2538357675075531
                    ],
                    [
                        0.25284841656684875
                    ],
                    [
                        0.25185394287109375
                    ],
                    [
                        0.25087255239486694
                    ],
                    [
                        0.24988628923892975
                    ],
                    [
                        0.24889235198497772
                    ],
                    [
                        0.24791033565998077
                    ]
                ]
            ],
            "timesteps": [
                [
                    340,
                    341,
                    342,
                    343,
                    344,
                    345,
                    346,
                    347,
                    348,
                    349,
                    350,
                    351,
                    352,
                    353,
                    354,
                    355,
                    356,
                    357,
                    358,
                    359
                ]
            ],
            "labels": [
                [
                    0,
                    0,
                    0,
                    0,
                    0,
                    0,
                    0,
                    0,
                    0,
                    0,
                    0,
                    0,
                    0,
                    0,
                    0,
                    0,
                    0,
                    0,
                    0,
                    0
                ]
            ],
            "CPU Usage": 46.1,
            "RAM Usage": 55.4,
            "GPU Usage": 0.0,
            "VRAM Usage": 355.0,
            "Disk Read Speed (MB/s)": 205936.55078125,
            "Disk Write Speed (MB/s)": 321079.8330078125
        },
        {
            "step": 1,
            "train_loss": 0.0586899109184742,
            "actions_pred1": [
                [
                    [
                        -0.13704536855220795,
                        -0.2618215084075928,
                        0.853178858757019,
                        0.40271851420402527
                    ],
                    [
                        -0.2787201404571533,
                        -0.05616766959428787,
                        0.7671622037887573,
                        0.45208436250686646
                    ],
                    [
                        -0.31698521971702576,
                        -0.07399177551269531,
                        0.8720336556434631,
                        0.3963204622268677
                    ],
                    [
                        -0.18553565442562103,
                        -0.1308830976486206,
                        0.8066794872283936,
                        0.4640767574310303
                    ],
                    [
                        -0.2696455121040344,
                        -0.06577438116073608,
                        0.7913938760757446,
                        0.37512218952178955
                    ],
                    [
                        -0.04409663379192352,
                        -0.12119810283184052,
                        0.7334340214729309,
                        0.5591109395027161
                    ],
                    [
                        0.018135353922843933,
                        -0.09796527773141861,
                        0.7713668346405029,
                        0.594704270362854
                    ],
                    [
                        0.004449404776096344,
                        -0.16196459531784058,
                        0.7918594479560852,
                        0.3893687129020691
                    ],
                    [
                        -0.029798023402690887,
                        -0.1219702661037445,
                        0.874082624912262,
                        0.3047228753566742
                    ],
                    [
                        -0.20621545612812042,
                        -0.0011135712265968323,
                        0.95042484998703,
                        0.3630630671977997
                    ],
                    [
                        -0.23451659083366394,
                        -0.0560297966003418,
                        0.6296383142471313,
                        0.4208829998970032
                    ],
                    [
                        -0.21499820053577423,
                        -0.14919254183769226,
                        0.6281068325042725,
                        0.5277903079986572
                    ],
                    [
                        -0.2105647623538971,
                        -0.04863838851451874,
                        0.648173451423645,
                        0.5768477320671082
                    ],
                    [
                        -0.20203213393688202,
                        -0.08012023568153381,
                        0.5160520672798157,
                        0.6828875541687012
                    ],
                    [
                        -0.2294783890247345,
                        -0.15658709406852722,
                        0.5320828557014465,
                        0.6373235583305359
                    ],
                    [
                        -0.2505854666233063,
                        0.004653282463550568,
                        0.5384426116943359,
                        0.4366683065891266
                    ],
                    [
                        -0.2547287940979004,
                        -0.011812731623649597,
                        0.6470111608505249,
                        0.46922367811203003
                    ],
                    [
                        -0.2716069519519806,
                        -0.055502183735370636,
                        0.6560685634613037,
                        0.6056954860687256
                    ],
                    [
                        -0.2870934307575226,
                        -0.00017981231212615967,
                        0.6153804063796997,
                        0.6417911052703857
                    ],
                    [
                        -0.09254881739616394,
                        -0.08892261981964111,
                        0.49226343631744385,
                        0.5431557893753052
                    ]
                ]
            ],
            "actions_pred": [
                [
                    [
                        -0.13704536855220795,
                        -0.2787201404571533,
                        -0.31698521971702576,
                        -0.18553565442562103,
                        -0.2696455121040344,
                        -0.04409663379192352,
                        0.018135353922843933,
                        0.004449404776096344,
                        -0.029798023402690887,
                        -0.20621545612812042,
                        -0.23451659083366394,
                        -0.21499820053577423,
                        -0.2105647623538971,
                        -0.20203213393688202,
                        -0.2294783890247345,
                        -0.2505854666233063,
                        -0.2547287940979004,
                        -0.2716069519519806,
                        -0.2870934307575226,
                        -0.09254881739616394
                    ],
                    [
                        -0.2618215084075928,
                        -0.05616766959428787,
                        -0.07399177551269531,
                        -0.1308830976486206,
                        -0.06577438116073608,
                        -0.12119810283184052,
                        -0.09796527773141861,
                        -0.16196459531784058,
                        -0.1219702661037445,
                        -0.0011135712265968323,
                        -0.0560297966003418,
                        -0.14919254183769226,
                        -0.04863838851451874,
                        -0.08012023568153381,
                        -0.15658709406852722,
                        0.004653282463550568,
                        -0.011812731623649597,
                        -0.055502183735370636,
                        -0.00017981231212615967,
                        -0.08892261981964111
                    ],
                    [
                        0.853178858757019,
                        0.7671622037887573,
                        0.8720336556434631,
                        0.8066794872283936,
                        0.7913938760757446,
                        0.7334340214729309,
                        0.7713668346405029,
                        0.7918594479560852,
                        0.874082624912262,
                        0.95042484998703,
                        0.6296383142471313,
                        0.6281068325042725,
                        0.648173451423645,
                        0.5160520672798157,
                        0.5320828557014465,
                        0.5384426116943359,
                        0.6470111608505249,
                        0.6560685634613037,
                        0.6153804063796997,
                        0.49226343631744385
                    ],
                    [
                        0.40271851420402527,
                        0.45208436250686646,
                        0.3963204622268677,
                        0.4640767574310303,
                        0.37512218952178955,
                        0.5591109395027161,
                        0.594704270362854,
                        0.3893687129020691,
                        0.3047228753566742,
                        0.3630630671977997,
                        0.4208829998970032,
                        0.5277903079986572,
                        0.5768477320671082,
                        0.6828875541687012,
                        0.6373235583305359,
                        0.4366683065891266,
                        0.46922367811203003,
                        0.6056954860687256,
                        0.6417911052703857,
                        0.5431557893753052
                    ]
                ]
            ],
            "states": [
                [
                    [
                        492320.0,
                        0.00014767394168302417,
                        0.018082506954669952,
                        363027.84375
                    ],
                    [
                        506800.0,
                        0.00014520809054374695,
                        0.01018515508621931,
                        441748.1875
                    ],
                    [
                        501008.0,
                        0.00014280257164500654,
                        0.009355437941849232,
                        481891.75
                    ],
                    [
                        543000.0,
                        0.00014039389498066157,
                        0.008023547939956188,
                        309271.0625
                    ],
                    [
                        571960.0,
                        0.00013790946104563773,
                        0.007616695482283831,
                        326690.1875
                    ],
                    [
                        626984.0,
                        0.00013533451419789344,
                        0.00705355079844594,
                        304830.28125
                    ],
                    [
                        582096.0,
                        0.00013283209409564734,
                        0.006484133191406727,
                        283344.0
                    ],
                    [
                        638568.0,
                        0.00013039908662904054,
                        0.005326922982931137,
                        341204.21875
                    ],
                    [
                        584992.0,
                        0.00012804687139578164,
                        0.005689277779310942,
                        350770.6875
                    ],
                    [
                        631328.0,
                        0.00012579229951370507,
                        0.0069713592529296875,
                        304207.3125
                    ],
                    [
                        438744.0,
                        0.00012387130118440837,
                        0.005918858107179403,
                        445445.40625
                    ],
                    [
                        682008.0,
                        0.00012192520807730034,
                        0.005743528250604868,
                        443906.625
                    ],
                    [
                        894864.0,
                        0.00011928792810067534,
                        0.007119554560631514,
                        502220.71875
                    ],
                    [
                        799296.0,
                        0.00011657496361294761,
                        0.006755398586392403,
                        559882.4375
                    ],
                    [
                        1003464.0,
                        0.000113823996798601,
                        0.007165591698139906,
                        431313.21875
                    ],
                    [
                        990432.0,
                        0.00011092599743278697,
                        0.006897749379277229,
                        501689.5625
                    ],
                    [
                        1185912.0,
                        0.00010792924149427563,
                        0.00677958969026804,
                        421160.84375
                    ],
                    [
                        1324920.0,
                        0.00010466613457538188,
                        0.006738434080034494,
                        445300.59375
                    ],
                    [
                        1403112.0,
                        0.00010133643809240311,
                        0.008364989422261715,
                        440591.6875
                    ],
                    [
                        1637688.0,
                        9.786803275346756e-05,
                        0.005549952387809753,
                        381840.25
                    ]
                ]
            ],
            "actions": [
                [
                    [
                        0.25
                    ],
                    [
                        0.25
                    ],
                    [
                        0.25
                    ],
                    [
                        0.25
                    ],
                    [
                        0.25
                    ],
                    [
                        0.25
                    ],
                    [
                        0.25
                    ],
                    [
                        0.25
                    ],
                    [
                        0.25
                    ],
                    [
                        0.25
                    ],
                    [
                        0.25
                    ],
                    [
                        0.25
                    ],
                    [
                        0.25
                    ],
                    [
                        0.25
                    ],
                    [
                        0.25
                    ],
                    [
                        0.25
                    ],
                    [
                        0.25
                    ],
                    [
                        0.25
                    ],
                    [
                        0.25
                    ],
                    [
                        0.25
                    ]
                ]
            ],
            "returns": [
                [
                    [
                        0.06894823163747787
                    ],
                    [
                        0.06822619587182999
                    ],
                    [
                        0.06750158965587616
                    ],
                    [
                        0.06677800416946411
                    ],
                    [
                        0.06604728102684021
                    ],
                    [
                        0.06531195342540741
                    ],
                    [
                        0.06456847488880157
                    ],
                    [
                        0.06383159011602402
                    ],
                    [
                        0.06308649480342865
                    ],
                    [
                        0.062349170446395874
                    ],
                    [
                        0.06160508468747139
                    ],
                    [
                        0.060893263667821884
                    ],
                    [
                        0.060142334550619125
                    ],
                    [
                        0.05936732143163681
                    ],
                    [
                        0.05860232189297676
                    ],
                    [
                        0.05781715363264084
                    ],
                    [
                        0.05703314393758774
                    ],
                    [
                        0.05623316764831543
                    ],
                    [
                        0.05542336031794548
                    ],
                    [
                        0.05460847169160843
                    ]
                ]
            ],
            "timesteps": [
                [
                    560,
                    561,
                    562,
                    563,
                    564,
                    565,
                    566,
                    567,
                    568,
                    569,
                    570,
                    571,
                    572,
                    573,
                    574,
                    575,
                    576,
                    577,
                    578,
                    579
                ]
            ],
            "labels": [
                [
                    0,
                    0,
                    0,
                    0,
                    0,
                    0,
                    0,
                    0,
                    0,
                    0,
                    0,
                    0,
                    0,
                    0,
                    0,
                    0,
                    0,
                    0,
                    0,
                    0
                ]
            ],
            "CPU Usage": 46.7,
            "RAM Usage": 55.6,
            "GPU Usage": 0.0,
            "VRAM Usage": 355.0,
            "Disk Read Speed (MB/s)": 205936.55078125,
            "Disk Write Speed (MB/s)": 321080.0087890625
        },
        {
            "step": 2,
            "train_loss": 0.05436968058347702,
            "actions_pred1": [
                [
                    [
                        -0.06997796893119812,
                        -0.15689238905906677,
                        0.5317380428314209,
                        0.6096242070198059
                    ],
                    [
                        -0.20186296105384827,
                        -0.31541353464126587,
                        0.3531588315963745,
                        0.6189684271812439
                    ],
                    [
                        -0.2742244601249695,
                        -0.2635657787322998,
                        0.4707883596420288,
                        0.5538843870162964
                    ],
                    [
                        -0.4931085705757141,
                        -0.20054443180561066,
                        0.42136460542678833,
                        0.5457932353019714
                    ],
                    [
                        -0.5249717235565186,
                        -0.13752740621566772,
                        0.4622679054737091,
                        0.47312963008880615
                    ],
                    [
                        -0.4997248649597168,
                        -0.09537431597709656,
                        0.5094863772392273,
                        0.5563015341758728
                    ],
                    [
                        -0.5544742345809937,
                        -0.06741391867399216,
                        0.41948822140693665,
                        0.6080217957496643
                    ],
                    [
                        -0.5508165955543518,
                        -0.1484902948141098,
                        0.4760306477546692,
                        0.5268265604972839
                    ],
                    [
                        -0.5710448622703552,
                        -0.15789124369621277,
                        0.49852997064590454,
                        0.492073655128479
                    ],
                    [
                        -0.5567043423652649,
                        -0.14753752946853638,
                        0.6324771642684937,
                        0.576448380947113
                    ],
                    [
                        -0.38498517870903015,
                        -0.1518944501876831,
                        0.5713423490524292,
                        0.4634825885295868
                    ],
                    [
                        -0.2899303436279297,
                        -0.20961102843284607,
                        0.5620890855789185,
                        0.42524319887161255
                    ],
                    [
                        -0.420661062002182,
                        -0.11213728040456772,
                        0.673700213432312,
                        0.4157021939754486
                    ],
                    [
                        -0.455574095249176,
                        -0.12574639916419983,
                        0.6826121807098389,
                        0.5358244180679321
                    ],
                    [
                        -0.5230288505554199,
                        -0.05829327553510666,
                        0.6440741419792175,
                        0.5629505515098572
                    ],
                    [
                        -0.4761524796485901,
                        0.005591332912445068,
                        0.6653181910514832,
                        0.5748947262763977
                    ],
                    [
                        -0.4774501919746399,
                        -0.08658643811941147,
                        0.6992420554161072,
                        0.5180321931838989
                    ],
                    [
                        -0.49400898814201355,
                        -0.10396751761436462,
                        0.6401363611221313,
                        0.5640662312507629
                    ],
                    [
                        -0.4046199321746826,
                        -0.07069943845272064,
                        0.5757036209106445,
                        0.6610983610153198
                    ],
                    [
                        -0.34653809666633606,
                        -0.017006821930408478,
                        0.4873459041118622,
                        0.5847374200820923
                    ]
                ]
            ],
            "actions_pred": [
                [
                    [
                        -0.06997796893119812,
                        -0.20186296105384827,
                        -0.2742244601249695,
                        -0.4931085705757141,
