{
    "steps": [
        {
            "step": 0,
            "train_loss": 0.05022009089589119,
            "actions_pred1": [
                [
                    [
                        0.235026016831398,
                        -0.0550362691283226,
                        0.6129332780838013,
                        0.1311255693435669
                    ],
                    [
                        0.12280049920082092,
                        -0.21918220818042755,
                        0.4350762963294983,
                        0.1414353847503662
                    ],
                    [
                        0.047134771943092346,
                        -0.17329052090644836,
                        0.5475146770477295,
                        0.07426643371582031
                    ],
                    [
                        -0.1619463562965393,
                        -0.11020291596651077,
                        0.5015389919281006,
                        0.057018935680389404
                    ],
                    [
                        -0.19904208183288574,
                        -0.0425494909286499,
                        0.5460283756256104,
                        -0.009779393672943115
                    ],
                    [
                        -0.1694854497909546,
                        -0.0008481815457344055,
                        0.5917913913726807,
                        0.07512444257736206
                    ],
                    [
                        -0.21056312322616577,
                        0.035266995429992676,
                        0.4990624189376831,
                        0.10552206635475159
                    ],
                    [
                        -0.21233108639717102,
                        -0.05109062045812607,
                        0.5533889532089233,
                        0.037363916635513306
                    ],
                    [
                        -0.23120051622390747,
                        -0.06405548006296158,
                        0.5771738886833191,
                        0.0022061169147491455
                    ],
                    [
                        -0.21450909972190857,
                        -0.04764757305383682,
                        0.7199867963790894,
                        0.07763689756393433
                    ],
                    [
                        -0.040519483387470245,
                        -0.04761554300785065,
                        0.6545631289482117,
                        -0.037026792764663696
                    ],
                    [
                        0.06688542664051056,
                        -0.10311553627252579,
                        0.6500308513641357,
                        -0.09440675377845764
                    ],
                    [
                        -0.06494156271219254,
                        -0.007060334086418152,
                        0.7648219466209412,
                        -0.10210275650024414
                    ],
                    [
                        -0.1037367656826973,
                        -0.022258691489696503,
                        0.7730438113212585,
                        0.024985522031784058
                    ],
                    [
                        -0.17803901433944702,
                        0.042508214712142944,
                        0.7394866943359375,
                        0.05338817834854126
                    ],
                    [
                        -0.13380664587020874,
                        0.10683498531579971,
                        0.7612978219985962,
                        0.07209718227386475
                    ],
                    [
                        -0.13852843642234802,
                        0.01168787106871605,
                        0.7933567762374878,
                        0.020253390073776245
                    ],
                    [
                        -0.1549760401248932,
                        -0.010312296450138092,
                        0.7288921475410461,
                        0.06515754759311676
                    ],
                    [
                        -0.05814889073371887,
                        0.027367059141397476,
                        0.6482968330383301,
                        0.1496453583240509
                    ],
                    [
                        -0.004174865782260895,
                        0.08437228947877884,
                        0.5686481595039368,
                        0.06996136903762817
                    ]
                ]
            ],
            "actions_pred": [
                [
                    [
                        0.235026016831398,
                        0.12280049920082092,
                        0.047134771943092346,
                        -0.1619463562965393,
                        -0.19904208183288574,
                        -0.1694854497909546,
                        -0.21056312322616577,
                        -0.21233108639717102,
                        -0.23120051622390747,
                        -0.21450909972190857,
                        -0.040519483387470245,
                        0.06688542664051056,
                        -0.06494156271219254,
                        -0.1037367656826973,
                        -0.17803901433944702,
                        -0.13380664587020874,
                        -0.13852843642234802,
                        -0.1549760401248932,
                        -0.05814889073371887,
                        -0.004174865782260895
                    ],
                    [
                        -0.0550362691283226,
                        -0.21918220818042755,
                        -0.17329052090644836,
                        -0.11020291596651077,
                        -0.0425494909286499,
                        -0.0008481815457344055,
                        0.035266995429992676,
                        -0.05109062045812607,
                        -0.06405548006296158,
                        -0.04764757305383682,
                        -0.04761554300785065,
                        -0.10311553627252579,
                        -0.007060334086418152,
                        -0.022258691489696503,
                        0.042508214712142944,
                        0.10683498531579971,
                        0.01168787106871605,
                        -0.010312296450138092,
                        0.027367059141397476,
                        0.08437228947877884
                    ],
                    [
                        0.6129332780838013,
                        0.4350762963294983,
                        0.5475146770477295,
                        0.5015389919281006,
                        0.5460283756256104,
                        0.5917913913726807,
                        0.4990624189376831,
                        0.5533889532089233,
                        0.5771738886833191,
                        0.7199867963790894,
                        0.6545631289482117,
                        0.6500308513641357,
                        0.7648219466209412,
                        0.7730438113212585,
                        0.7394866943359375,
                        0.7612978219985962,
                        0.7933567762374878,
                        0.7288921475410461,
                        0.6482968330383301,
                        0.5686481595039368
                    ],
                    [
                        0.1311255693435669,
                        0.1414353847503662,
                        0.07426643371582031,
                        0.057018935680389404,
                        -0.009779393672943115,
                        0.07512444257736206,
                        0.10552206635475159,
                        0.037363916635513306,
                        0.0022061169147491455,
                        0.07763689756393433,
                        -0.037026792764663696,
                        -0.09440675377845764,
                        -0.10210275650024414,
                        0.024985522031784058,
                        0.05338817834854126,
                        0.07209718227386475,
                        0.020253390073776245,
                        0.06515754759311676,
                        0.1496453583240509,
                        0.06996136903762817
                    ]
                ]
            ],
            "states": [
                [
                    [
                        5603760.0,
                        1.8195280063082464e-05,
                        0.00019109471759293228,
                        502731.65625
                    ],
                    [
                        5502400.0,
                        1.778137630026322e-05,
                        0.00025023153284564614,
                        515799.5
                    ],
                    [
                        3495337.0,
                        2.0890449377475306e-05,
                        0.000305382302030921,
                        476338.21875
                    ],
                    [
                        1255416.0,
                        5.187569695408456e-05,
                        0.00029567780438810587,
                        761957.25
                    ],
                    [
                        2240056.0,
                        5.151751611265354e-05,
                        0.00033060877467505634,
                        603144.3125
                    ],
                    [
                        3857472.0,
                        4.8557489208178595e-05,
                        0.0031183171086013317,
                        533986.8125
                    ],
                    [
                        4274496.0,
                        4.78329966426827e-05,
                        0.0025027666706591845,
                        540291.25
                    ],
                    [
                        4416400.0,
                        4.7082099627004936e-05,
                        0.0014389286516234279,
                        565093.875
                    ],
                    [
                        8094320.0,
                        4.604376954375766e-05,
                        0.0007658242247998714,
                        548988.375
                    ],
                    [
                        6445048.0,
                        4.488962440518662e-05,
                        0.00038344759377650917,
                        548654.4375
                    ],
                    [
                        5370632.0,
                        4.3993775761919096e-05,
                        0.00022289676417130977,
                        576383.875
                    ],
                    [
                        4669800.0,
                        4.3260322854621336e-05,
                        0.00016156068886630237,
                        587927.8125
                    ],
                    [
                        5024560.0,
                        4.257538603269495e-05,
                        0.0001406134688295424,
                        551057.8125
                    ],
                    [
                        5088272.0,
                        4.1883507947204635e-05,
                        0.00015407148748636246,
                        546541.25
                    ],
                    [
                        5479232.0,
                        4.118427023058757e-05,
                        0.00013193934864830226,
                        600107.125
                    ],
                    [
                        4853696.0,
                        4.0522416384192184e-05,
                        0.000135277965455316,
                        557284.125
                    ],
                    [
                        4022544.0,
                        3.997057501692325e-05,
                        0.0001415384467691183,
                        635772.1875
                    ],
                    [
                        3612760.0,
                        3.950786776840687e-05,
                        0.0001762084721121937,
                        576885.25
                    ],
                    [
                        3773488.0,
                        3.907046266249381e-05,
                        0.000310274597723037,
                        547162.9375
                    ],
                    [
                        4445360.0,
                        3.8595113437622786e-05,
                        0.00025462565827183425,
                        623805.0
                    ]
                ]
            ],
            "actions": [
                [
                    [
                        0.5
                    ],
                    [
                        0.5
                    ],
                    [
                        0.5
                    ],
                    [
                        0.5
                    ],
                    [
                        0.5
                    ],
                    [
                        0.5
                    ],
                    [
                        0.5
                    ],
                    [
                        0.5
                    ],
                    [
                        0.5
                    ],
                    [
                        0.5
                    ],
                    [
                        0.5
                    ],
                    [
                        0.5
                    ],
                    [
                        0.5
                    ],
                    [
                        0.5
                    ],
                    [
                        0.5
                    ],
                    [
                        0.5
                    ],
                    [
                        0.5
                    ],
                    [
                        0.5
                    ],
                    [
                        0.5
                    ],
                    [
                        0.5
                    ]
                ]
            ],
            "returns": [
                [
                    [
                        0.1523428112268448
                    ],
                    [
                        0.15140515565872192
                    ],
                    [
                        0.150469109416008
                    ],
                    [
                        0.14957329630851746
                    ],
                    [
                        0.14876827597618103
                    ],
                    [
                        0.1479119062423706
                    ],
                    [
                        0.14700736105442047
                    ],
                    [
                        0.1460937112569809
                    ],
                    [
                        0.14517715573310852
                    ],
                    [
                        0.14420689642429352
                    ],
                    [
                        0.14325684309005737
                    ],
                    [
                        0.14232294261455536
                    ],
                    [
                        0.14140145480632782
                    ],
                    [
                        0.14047347009181976
                    ],
                    [
                        0.13954436779022217
                    ],
                    [
                        0.13860870897769928
                    ],
                    [
                        0.13768377900123596
                    ],
                    [
                        0.13677552342414856
                    ],
                    [
                        0.13587677478790283
                    ],
                    [
                        0.1349741816520691
                    ]
                ]
            ],
            "timesteps": [
                [
                    460,
                    461,
                    462,
                    463,
                    464,
                    465,
                    466,
                    467,
                    468,
                    469,
                    470,
                    471,
                    472,
                    473,
                    474,
                    475,
                    476,
                    477,
                    478,
                    479
                ]
            ],
            "labels": [
                [
                    1,
                    1,
                    1,
                    1,
                    1,
                    1,
                    1,
                    1,
                    1,
                    1,
                    1,
                    1,
                    1,
                    1,
                    1,
                    1,
                    1,
                    1,
                    1,
                    1
                ]
            ],
            "CPU Usage": 45.8,
            "RAM Usage": 55.3,
            "GPU Usage": 0.0,
            "VRAM Usage": 355.0,
            "Disk Read Speed (MB/s)": 206025.6025390625,
            "Disk Write Speed (MB/s)": 350609.4111328125
        },
        {
            "step": 1,
            "train_loss": 0.03143491968512535,
            "actions_pred1": [
                [
                    [
                        0.35576191544532776,
                        0.030070751905441284,
                        0.6208274364471436,
                        0.6661471128463745
                    ],
                    [
                        0.03391137719154358,
                        0.1404280960559845,
                        0.6668205261230469,
                        0.4660469889640808
                    ],
                    [
                        -0.0015422850847244263,
                        0.011587455868721008,
                        0.5023220777511597,
                        0.42252516746520996
                    ],
                    [
                        -0.05627952516078949,
                        0.047078102827072144,
                        0.5383246541023254,
                        0.3338823914527893
                    ],
                    [
                        -0.12075111269950867,
                        0.10121796280145645,
                        0.5334861278533936,
                        0.3366973102092743
                    ],
                    [
                        0.042850397527217865,
                        0.059464842081069946,
                        0.5035409927368164,
                        0.20211651921272278
                    ],
                    [
                        -0.06411208212375641,
                        -0.10347399115562439,
                        0.6739130020141602,
                        0.1411256194114685
                    ],
                    [
                        -0.045831263065338135,
                        -0.01655682921409607,
                        0.7364202737808228,
                        0.13382795453071594
                    ],
                    [
                        -0.14793476462364197,
                        0.0479770302772522,
                        0.6244562268257141,
                        0.27281102538108826
                    ],
                    [
                        -0.09636208415031433,
                        0.04111911728978157,
                        0.6149532794952393,
                        0.21473371982574463
                    ],
                    [
                        -0.12126105278730392,
                        0.08598335087299347,
                        0.7458198070526123,
                        0.2693887948989868
                    ],
                    [
                        0.024432837963104248,
                        -0.07584504783153534,
                        0.6341037750244141,
                        0.39697131514549255
                    ],
                    [
                        -0.06533828377723694,
                        -0.037531256675720215,
                        0.7175021171569824,
                        0.3611448109149933
                    ],
                    [
                        -0.0611361488699913,
                        0.06760147213935852,
                        0.6422984004020691,
                        0.24874155223369598
                    ],
                    [
                        -0.055435582995414734,
                        0.12401696294546127,
                        0.7893027663230896,
                        0.21073266863822937
                    ],
                    [
                        0.08077938854694366,
                        0.10623633116483688,
                        0.7208542823791504,
                        0.18839263916015625
                    ],
                    [
                        0.041592590510845184,
                        0.1276484727859497,
                        0.8120108246803284,
                        0.27569425106048584
                    ],
                    [
                        -0.0964926928281784,
                        0.1991085559129715,
                        0.8142393827438354,
                        0.09946396946907043
                    ],
                    [
                        -0.03350569307804108,
                        0.15918901562690735,
                        0.7814779281616211,
                        0.07988056540489197
                    ],
                    [
                        0.029059968888759613,
                        0.11620456725358963,
                        0.7199783325195312,
                        0.23118388652801514
                    ]
                ]
            ],
            "actions_pred": [
                [
                    [
                        0.35576191544532776,
                        0.03391137719154358,
                        -0.0015422850847244263,
                        -0.05627952516078949,
                        -0.12075111269950867,
                        0.042850397527217865,
                        -0.06411208212375641,
                        -0.045831263065338135,
                        -0.14793476462364197,
                        -0.09636208415031433,
                        -0.12126105278730392,
                        0.024432837963104248,
                        -0.06533828377723694,
                        -0.0611361488699913,
                        -0.055435582995414734,
                        0.08077938854694366,
                        0.041592590510845184,
                        -0.0964926928281784,
                        -0.03350569307804108,
                        0.029059968888759613
                    ],
                    [
                        0.030070751905441284,
                        0.1404280960559845,
                        0.011587455868721008,
                        0.047078102827072144,
                        0.10121796280145645,
                        0.059464842081069946,
                        -0.10347399115562439,
                        -0.01655682921409607,
                        0.0479770302772522,
                        0.04111911728978157,
                        0.08598335087299347,
                        -0.07584504783153534,
                        -0.037531256675720215,
                        0.06760147213935852,
                        0.12401696294546127,
                        0.10623633116483688,
                        0.1276484727859497,
                        0.1991085559129715,
                        0.15918901562690735,
                        0.11620456725358963
                    ],
                    [
                        0.6208274364471436,
                        0.6668205261230469,
                        0.5023220777511597,
                        0.5383246541023254,
                        0.5334861278533936,
                        0.5035409927368164,
                        0.6739130020141602,
                        0.7364202737808228,
                        0.6244562268257141,
                        0.6149532794952393,
                        0.7458198070526123,
                        0.6341037750244141,
                        0.7175021171569824,
                        0.6422984004020691,
                        0.7893027663230896,
                        0.7208542823791504,
                        0.8120108246803284,
                        0.8142393827438354,
                        0.7814779281616211,
                        0.7199783325195312
                    ],
                    [
                        0.6661471128463745,
                        0.4660469889640808,
                        0.42252516746520996,
                        0.3338823914527893,
                        0.3366973102092743,
                        0.20211651921272278,
                        0.1411256194114685,
                        0.13382795453071594,
                        0.27281102538108826,
                        0.21473371982574463,
                        0.2693887948989868,
                        0.39697131514549255,
                        0.3611448109149933,
                        0.24874155223369598,
                        0.21073266863822937,
                        0.18839263916015625,
                        0.27569425106048584,
                        0.09946396946907043,
                        0.07988056540489197,
                        0.23118388652801514
                    ]
                ]
            ],
            "states": [
                [
                    [
                        5466200.0,
                        1.129001520894235e-05,
                        0.0002789112040773034,
                        818770.4375
                    ],
                    [
                        5612448.0,
                        1.1129687663924415e-05,
                        0.00025781430304050446,
                        898413.75
                    ],
                    [
                        5046280.0,
                        1.0979628314089496e-05,
                        0.0002818313369061798,
                        909004.75
                    ],
                    [
                        5249000.0,
                        1.0838540219992865e-05,
                        0.00027022496215067804,
                        810422.3125
                    ],
                    [
                        5515432.0,
                        1.0694837328628637e-05,
                        0.00027221045456826687,
                        891063.1875
                    ],
                    [
                        5182392.0,
                        1.0555714652582537e-05,
                        0.0002733847650233656,
                        862686.6875
                    ],
                    [
                        5021664.0,
                        1.0426368135085795e-05,
                        0.00026607781182974577,
                        893778.125
                    ],
                    [
                        5292440.0,
                        1.0298814231646247e-05,
                        0.00028466759249567986,
                        852371.5625
                    ],
                    [
                        5366288.0,
                        1.0170228961214889e-05,
                        0.0002693114511203021,
                        775255.625
                    ],
                    [
                        5483576.0,
                        1.0042614121630322e-05,
                        0.0002695369767025113,
                        802315.875
                    ],
                    [
                        5369184.0,
                        9.918102477968205e-06,
                        0.00026757299201563,
                        854250.0
                    ],
                    [
                        5670368.0,
                        9.794596735446248e-06,
                        0.0002770914288703352,
                        851009.75
                    ],
                    [
                        5537152.0,
                        9.67230062087765e-06,
                        0.0002540841815061867,
                        843244.5625
                    ],
                    [
                        5557424.0,
                        9.554213647788856e-06,
                        0.0002650599053595215,
                        914621.5625
                    ],
                    [
                        5403936.0,
                        9.440349458600394e-06,
                        0.00027801760006695986,
                        829670.8125
                    ],
                    [
                        5246104.0,
                        9.332287845609244e-06,
                        0.0002704633225221187,
                        839801.4375
                    ],
                    [
                        5603760.0,
                        9.224719178746454e-06,
                        0.0002756867033895105,
                        804814.3125
                    ],
                    [
                        5383664.0,
                        9.118263733398635e-06,
                        0.00025344316964037716,
                        920753.0625
                    ],
                    [
                        5525568.0,
                        8.914936188375577e-06,
                        0.000413205154472962,
                        941023.9375
                    ],
                    [
                        5521224.0,
                        8.814949069346767e-06,
                        0.00012937834253534675,
                        850908.25
                    ]
                ]
            ],
            "actions": [
                [
                    [
                        0.75
                    ],
                    [
                        0.75
                    ],
                    [
                        0.75
                    ],
                    [
                        0.75
                    ],
                    [
                        0.75
                    ],
                    [
                        0.75
                    ],
                    [
                        0.75
                    ],
                    [
                        0.75
                    ],
                    [
                        0.75
                    ],
                    [
                        0.75
                    ],
                    [
                        0.75
                    ],
                    [
                        0.75
                    ],
                    [
                        0.75
                    ],
                    [
                        0.75
                    ],
                    [
                        0.75
                    ],
                    [
                        0.75
                    ],
                    [
                        0.75
                    ],
                    [
                        0.75
                    ],
                    [
                        0.75
                    ],
                    [
                        0.75
                    ]
                ]
            ],
            "returns": [
                [
                    [
                        0.5242103934288025
                    ],
                    [
                        0.5232749581336975
                    ],
                    [
                        0.5223371386528015
                    ],
                    [
                        0.5214087963104248
                    ],
                    [
                        0.5204769372940063
                    ],
                    [
                        0.5195406675338745
                    ],
                    [
                        0.5186099410057068
                    ],
                    [
                        0.5176820158958435
                    ],
                    [
                        0.5167494416236877
                    ],
                    [
                        0.5158156156539917
                    ],
                    [
                        0.5148798823356628
                    ],
                    [
                        0.513945996761322
                    ],
                    [
                        0.5130072832107544
                    ],
                    [
                        0.5120707154273987
                    ],
                    [
                        0.5111337900161743
                    ],
                    [
                        0.5101993083953857
                    ],
                    [
                        0.5092675089836121
                    ],
                    [
                        0.5083298683166504
                    ],
                    [
                        0.5073957443237305
                    ],
                    [
                        0.5064593553543091
                    ]
                ]
            ],
            "timesteps": [
                [
                    60,
                    61,
                    62,
                    63,
                    64,
                    65,
                    66,
                    67,
                    68,
                    69,
                    70,
                    71,
                    72,
                    73,
                    74,
                    75,
                    76,
                    77,
                    78,
                    79
                ]
            ],
            "labels": [
                [
                    2,
                    2,
                    2,
                    2,
                    2,
                    2,
                    2,
                    2,
                    2,
                    2,
                    2,
                    2,
                    2,
                    2,
                    2,
                    2,
                    2,
                    2,
                    2,
                    2
                ]
            ],
            "CPU Usage": 46.6,
            "RAM Usage": 55.4,
            "GPU Usage": 0.0,
            "VRAM Usage": 355.0,
            "Disk Read Speed (MB/s)": 206025.6025390625,
            "Disk Write Speed (MB/s)": 350609.4580078125
        },
        {
            "step": 2,
            "train_loss": 0.05538681149482727,
            "actions_pred1": [
                [
                    [
                        0.08225834369659424,
                        -0.007318556308746338,
                        0.751007080078125,
                        0.002007037401199341
                    ],
                    [
                        0.022860117256641388,
                        0.12751862406730652,
                        0.7077170610427856,
                        0.2516831159591675
                    ],
                    [
                        -0.10553291440010071,
                        0.04763324558734894,
                        0.43974655866622925,
                        0.37013915181159973
                    ],
                    [
                        -0.13689760863780975,
                        0.037198156118392944,
                        0.4279162287712097,
                        0.2848033308982849
                    ],
                    [
                        -0.026928067207336426,
                        -0.008610613644123077,
                        0.5959566831588745,
                        0.14638681709766388
                    ],
                    [
                        -0.09595854580402374,
                        0.04965301603078842,
                        0.7740229368209839,
                        0.15100212395191193
                    ],
                    [
                        -0.1565699726343155,
                        0.009913459420204163,
                        0.8745841383934021,
                        0.051637813448905945
                    ],
                    [
                        -0.344176709651947,
                        0.035424791276454926,
                        0.8656717538833618,
                        0.022188544273376465
                    ],
                    [
                        -0.1975373476743698,
                        0.06439055502414703,
                        0.9226691126823425,
                        0.05408085882663727
                    ],
                    [
                        -0.2523784637451172,
                        0.0505303293466568,
                        1.0299264192581177,
                        0.05973386764526367
                    ],
                    [
                        -0.2869991660118103,
                        0.024279288947582245,
                        0.950275719165802,
                        0.047492802143096924
                    ],
                    [
                        0.00045333802700042725,
                        -0.15511848032474518,
                        0.9413301348686218,
                        0.039588361978530884
                    ],
                    [
                        -0.13383172452449799,
                        -0.13487626612186432,
                        0.9318642020225525,
                        0.10350160300731659
                    ],
                    [
                        -0.11684615164995193,
                        -0.15656983852386475,
                        0.8573125600814819,
                        -0.02512681484222412
                    ],
                    [
                        -0.027821645140647888,
                        -0.035876624286174774,
                        0.8451822400093079,
                        0.05302247405052185
                    ],
                    [
                        -0.06124354153871536,
                        -0.019025087356567383,
                        0.8969500660896301,
                        -0.04258814454078674
                    ],
                    [
                        -0.10301738977432251,
                        0.06269033253192902,
                        0.9148383140563965,
                        -0.013814985752105713
                    ],
                    [
                        -0.07505656778812408,
                        0.037179701030254364,
                        0.840857207775116,
                        0.09299910068511963
                    ],
                    [
                        -0.07232935726642609,
                        -0.015797138214111328,
                        0.9078839421272278,
                        0.010365188121795654
                    ],
                    [
                        -0.07620570808649063,
                        -0.15432524681091309,
                        0.8725783228874207,
                        0.0705365538597107
                    ]
                ]
            ],
            "actions_pred": [
                [
                    [
                        0.08225834369659424,
                        0.022860117256641388,
                        -0.10553291440010071,
                        -0.13689760863780975,
