{
    "steps": [
        {
            "step": 0,
            "train_loss": 0.03724243491888046,
            "actions_pred1": [
                [
                    [
                        0.4914560317993164,
                        0.4323047399520874,
                        1.1112751960754395,
                        -1.116715908050537
                    ],
                    [
                        0.4465109705924988,
                        0.4472101330757141,
                        1.208932876586914,
                        -1.1639810800552368
                    ],
                    [
                        0.39738544821739197,
                        0.5800812244415283,
                        1.08403742313385,
                        -1.2219648361206055
                    ],
                    [
                        0.2064686119556427,
                        0.6783648729324341,
                        1.1936149597167969,
                        -1.3200072050094604
                    ],
                    [
                        0.3146388828754425,
                        0.7855884432792664,
                        1.0806916952133179,
                        -1.1963673830032349
                    ],
                    [
                        0.3956848084926605,
                        0.618122935295105,
                        0.8818025588989258,
                        -1.2306602001190186
                    ],
                    [
                        0.4044650197029114,
                        0.6325911283493042,
                        0.8771066069602966,
                        -1.2609139680862427
                    ],
                    [
                        0.3807216286659241,
                        0.8419152498245239,
                        0.9785065650939941,
                        -1.196553349494934
                    ],
                    [
                        0.4194001257419586,
                        0.7543336153030396,
                        1.03103768825531,
                        -1.1987004280090332
                    ],
                    [
                        0.46556925773620605,
                        0.7295804023742676,
                        0.9843791127204895,
                        -1.2916134595870972
                    ],
                    [
                        0.4480549693107605,
                        0.7468273639678955,
                        0.9593308568000793,
                        -1.2486892938613892
                    ],
                    [
                        0.4526987075805664,
                        0.8009041547775269,
                        0.9274820685386658,
                        -1.3070423603057861
                    ],
                    [
                        0.4034287631511688,
                        0.8597708940505981,
                        1.0217150449752808,
                        -1.409559965133667
                    ],
                    [
                        0.6661396622657776,
                        0.8982119560241699,
                        1.0284725427627563,
                        -1.4016448259353638
                    ],
                    [
                        0.6135597825050354,
                        0.9349383115768433,
                        0.9990039467811584,
                        -1.3374656438827515
                    ],
                    [
                        0.5662915706634521,
                        0.8271604180335999,
                        1.009239673614502,
                        -1.3794779777526855
                    ],
                    [
                        0.5199457406997681,
                        0.7010486125946045,
                        1.115161418914795,
                        -1.3439524173736572
                    ],
                    [
                        0.5446212291717529,
                        0.6920871734619141,
                        1.0310168266296387,
                        -1.2952470779418945
                    ],
                    [
                        0.5674312710762024,
                        0.7788306474685669,
                        1.1751618385314941,
                        -1.371377944946289
                    ],
                    [
                        0.6035773754119873,
                        0.7492351531982422,
                        1.2589561939239502,
                        -1.333778738975525
                    ]
                ]
            ],
            "actions_pred": [
                [
                    [
                        0.4914560317993164,
                        0.4465109705924988,
                        0.39738544821739197,
                        0.2064686119556427,
                        0.3146388828754425,
                        0.3956848084926605,
                        0.4044650197029114,
                        0.3807216286659241,
                        0.4194001257419586,
                        0.46556925773620605,
                        0.4480549693107605,
                        0.4526987075805664,
                        0.4034287631511688,
                        0.6661396622657776,
                        0.6135597825050354,
                        0.5662915706634521,
                        0.5199457406997681,
                        0.5446212291717529,
                        0.5674312710762024,
                        0.6035773754119873
                    ],
                    [
                        0.4323047399520874,
                        0.4472101330757141,
                        0.5800812244415283,
                        0.6783648729324341,
                        0.7855884432792664,
                        0.618122935295105,
                        0.6325911283493042,
                        0.8419152498245239,
                        0.7543336153030396,
                        0.7295804023742676,
                        0.7468273639678955,
                        0.8009041547775269,
                        0.8597708940505981,
                        0.8982119560241699,
                        0.9349383115768433,
                        0.8271604180335999,
                        0.7010486125946045,
                        0.6920871734619141,
                        0.7788306474685669,
                        0.7492351531982422
                    ],
                    [
                        1.1112751960754395,
                        1.208932876586914,
                        1.08403742313385,
                        1.1936149597167969,
                        1.0806916952133179,
                        0.8818025588989258,
                        0.8771066069602966,
                        0.9785065650939941,
                        1.03103768825531,
                        0.9843791127204895,
                        0.9593308568000793,
                        0.9274820685386658,
                        1.0217150449752808,
                        1.0284725427627563,
                        0.9990039467811584,
                        1.009239673614502,
                        1.115161418914795,
                        1.0310168266296387,
                        1.1751618385314941,
                        1.2589561939239502
                    ],
                    [
                        -1.116715908050537,
                        -1.1639810800552368,
                        -1.2219648361206055,
                        -1.3200072050094604,
                        -1.1963673830032349,
                        -1.2306602001190186,
                        -1.2609139680862427,
                        -1.196553349494934,
                        -1.1987004280090332,
                        -1.2916134595870972,
                        -1.2486892938613892,
                        -1.3070423603057861,
                        -1.409559965133667,
                        -1.4016448259353638,
                        -1.3374656438827515,
                        -1.3794779777526855,
                        -1.3439524173736572,
                        -1.2952470779418945,
                        -1.371377944946289,
                        -1.333778738975525
                    ]
                ]
            ],
            "states": [
                [
                    [
                        5354704.0,
                        8.239823728217743e-06,
                        0.00025337765691801906,
                        501396.375
                    ],
                    [
                        6112008.0,
                        8.186386367015075e-06,
                        0.00023226119810715318,
                        493386.84375
                    ],
                    [
                        437474.0,
                        0.04059061408042908,
                        0.000310274597723037,
                        179519.703125
                    ],
                    [
                        742824.0,
                        0.00568061089143157,
                        0.00025462565827183425,
                        494869.5625
                    ],
                    [
                        1293064.0,
                        0.002463217591866851,
                        0.00027542549651116133,
                        568802.125
                    ],
                    [
                        2754096.0,
                        0.001175331766717136,
                        0.00025879128952510655,
                        506395.59375
                    ],
                    [
                        4959400.0,
                        0.0005831622984260321,
                        0.0002528103068470955,
                        510830.5
                    ],
                    [
                        7180632.0,
                        0.0003223789972253144,
                        0.00020026147831231356,
                        497092.78125
                    ],
                    [
                        10328584.0,
                        0.00019613979384303093,
                        0.00022364039614330977,
                        447740.25
                    ],
                    [
                        9514808.0,
                        0.00013474683510139585,
                        0.0002323320077266544,
                        458092.9375
                    ],
                    [
                        9614720.0,
                        0.00010378147271694615,
                        0.00023472661268897355,
                        451882.15625
                    ],
                    [
                        11055480.0,
                        8.32404475659132e-05,
                        0.00024062122975010425,
                        451078.96875
                    ],
                    [
                        10631216.0,
                        6.886368646519259e-05,
                        0.0001874879380920902,
                        454141.4375
                    ],
                    [
                        9736352.0,
                        5.92533870076295e-05,
                        0.00025532711879350245,
                        501440.96875
                    ],
                    [
                        5832544.0,
                        5.351470463210717e-05,
                        0.0002452299522701651,
                        514617.375
                    ],
                    [
                        4878312.0,
                        5.0193953939015046e-05,
                        0.00023082415282260627,
                        598373.25
                    ],
                    [
                        5687744.0,
                        4.730764703708701e-05,
                        0.00026125748991034925,
                        594833.125
                    ],
                    [
                        5154880.0,
                        4.466561586013995e-05,
                        0.00024003862927202135,
                        666985.1875
                    ],
                    [
                        5471992.0,
                        4.2350944568170235e-05,
                        0.00019315553072374314,
                        641558.875
                    ],
                    [
                        7102440.0,
                        3.9908583858050406e-05,
                        0.00022412248654291034,
                        477795.28125
                    ]
                ]
            ],
            "actions": [
                [
                    [
                        0.25
                    ],
                    [
                        0.25
                    ],
                    [
                        0.5
                    ],
                    [
                        0.5
                    ],
                    [
                        0.5
                    ],
                    [
                        0.5
                    ],
                    [
                        0.5
                    ],
                    [
                        0.5
                    ],
                    [
                        0.5
                    ],
                    [
                        0.5
                    ],
                    [
                        0.5
                    ],
                    [
                        0.5
                    ],
                    [
                        0.5
                    ],
                    [
                        0.5
                    ],
                    [
                        0.5
                    ],
                    [
                        0.5
                    ],
                    [
                        0.5
                    ],
                    [
                        0.5
                    ],
                    [
                        0.5
                    ],
                    [
                        0.5
                    ]
                ]
            ],
            "returns": [
                [
                    [
                        0.18974736332893372
                    ],
                    [
                        0.1888137310743332
                    ],
                    [
                        0.1878683865070343
                    ],
                    [
                        0.1871568113565445
                    ],
                    [
                        0.18639831244945526
                    ],
                    [
                        0.18559066951274872
                    ],
                    [
                        0.18471598625183105
                    ],
                    [
                        0.18378916382789612
                    ],
                    [
                        0.18282951414585114
                    ],
                    [
                        0.18183764815330505
                    ],
                    [
                        0.18085305392742157
                    ],
                    [
                        0.17986753582954407
                    ],
                    [
                        0.17886963486671448
                    ],
                    [
                        0.17787520587444305
                    ],
                    [
                        0.176888570189476
                    ],
                    [
                        0.17594735324382782
                    ],
                    [
                        0.17502199113368988
                    ],
                    [
                        0.17408300936222076
                    ],
                    [
                        0.17315275967121124
                    ],
                    [
                        0.1722172051668167
                    ]
                ]
            ],
            "timesteps": [
                [
                    420,
                    421,
                    422,
                    423,
                    424,
                    425,
                    426,
                    427,
                    428,
                    429,
                    430,
                    431,
                    432,
                    433,
                    434,
                    435,
                    436,
                    437,
                    438,
                    439
                ]
            ],
            "labels": [
                [
                    0,
                    0,
                    1,
                    1,
                    1,
                    1,
                    1,
                    1,
                    1,
                    1,
                    1,
                    1,
                    1,
                    1,
                    1,
                    1,
                    1,
                    1,
                    1,
                    1
                ]
            ],
            "CPU Usage": 46.4,
            "RAM Usage": 55.1,
            "GPU Usage": 0.0,
            "VRAM Usage": 355.0,
            "Disk Read Speed (MB/s)": 206398.1337890625,
            "Disk Write Speed (MB/s)": 381977.9580078125
        },
        {
            "step": 1,
            "train_loss": 0.0386495441198349,
            "actions_pred1": [
                [
                    [
                        0.47580471634864807,
                        0.45973604917526245,
                        0.6259728670120239,
                        -1.3099968433380127
                    ],
                    [
                        0.5651760697364807,
                        0.5688791275024414,
                        0.5599429607391357,
                        -1.3103055953979492
                    ],
                    [
                        0.5400846004486084,
                        0.6263742446899414,
                        0.7120271921157837,
                        -1.1767246723175049
                    ],
                    [
                        0.6508634686470032,
                        0.5108738541603088,
                        0.7211989760398865,
                        -1.2343018054962158
                    ],
                    [
                        0.666784942150116,
                        0.4881354570388794,
                        0.8265247344970703,
                        -1.2820510864257812
                    ],
                    [
                        0.5559834837913513,
                        0.6412456035614014,
                        0.5010814666748047,
                        -1.4975073337554932
                    ],
                    [
                        0.5580102801322937,
                        0.6719575524330139,
                        0.6062934994697571,
                        -1.229820728302002
                    ],
                    [
                        0.7190175652503967,
                        0.6547080874443054,
                        0.6143890023231506,
                        -1.1033782958984375
                    ],
                    [
                        0.7442479729652405,
                        0.7044800519943237,
                        0.5808802843093872,
                        -1.173436164855957
                    ],
                    [
                        0.5902453660964966,
                        0.6784224510192871,
                        0.7914193868637085,
                        -1.0908403396606445
                    ],
                    [
                        0.49890756607055664,
                        0.5896998643875122,
                        0.9094952344894409,
                        -1.067573070526123
                    ],
                    [
                        0.5159323811531067,
                        0.5566491484642029,
                        0.890724778175354,
                        -1.0062367916107178
                    ],
                    [
                        0.5154631733894348,
                        0.6188468933105469,
                        0.826138973236084,
                        -1.0388585329055786
                    ],
                    [
                        0.518917977809906,
                        0.6206198930740356,
                        0.8368558287620544,
                        -1.0514342784881592
                    ],
                    [
                        0.6047469973564148,
                        0.5871318578720093,
                        0.8680679202079773,
                        -1.202850341796875
                    ],
                    [
                        0.5927038788795471,
                        0.6296463012695312,
                        0.9958052039146423,
                        -1.1476831436157227
                    ],
                    [
                        0.5896239280700684,
                        0.5381298065185547,
                        0.8147826790809631,
                        -1.1566176414489746
                    ],
                    [
                        0.6016320586204529,
                        0.7250551581382751,
                        0.801567792892456,
                        -1.2112014293670654
                    ],
                    [
                        0.5123039484024048,
                        0.6236286163330078,
                        0.9053345918655396,
                        -1.179069995880127
                    ],
                    [
                        0.3857685923576355,
                        0.5982334613800049,
                        1.0163441896438599,
                        -1.1595277786254883
                    ]
                ]
            ],
            "actions_pred": [
                [
                    [
                        0.47580471634864807,
                        0.5651760697364807,
                        0.5400846004486084,
                        0.6508634686470032,
                        0.666784942150116,
                        0.5559834837913513,
                        0.5580102801322937,
                        0.7190175652503967,
                        0.7442479729652405,
                        0.5902453660964966,
                        0.49890756607055664,
                        0.5159323811531067,
                        0.5154631733894348,
                        0.518917977809906,
                        0.6047469973564148,
                        0.5927038788795471,
                        0.5896239280700684,
                        0.6016320586204529,
                        0.5123039484024048,
                        0.3857685923576355
                    ],
                    [
                        0.45973604917526245,
                        0.5688791275024414,
                        0.6263742446899414,
                        0.5108738541603088,
                        0.4881354570388794,
                        0.6412456035614014,
                        0.6719575524330139,
                        0.6547080874443054,
                        0.7044800519943237,
                        0.6784224510192871,
                        0.5896998643875122,
                        0.5566491484642029,
                        0.6188468933105469,
                        0.6206198930740356,
                        0.5871318578720093,
                        0.6296463012695312,
                        0.5381298065185547,
                        0.7250551581382751,
                        0.6236286163330078,
                        0.5982334613800049
                    ],
                    [
                        0.6259728670120239,
                        0.5599429607391357,
                        0.7120271921157837,
                        0.7211989760398865,
                        0.8265247344970703,
                        0.5010814666748047,
                        0.6062934994697571,
                        0.6143890023231506,
                        0.5808802843093872,
                        0.7914193868637085,
                        0.9094952344894409,
                        0.890724778175354,
                        0.826138973236084,
                        0.8368558287620544,
                        0.8680679202079773,
                        0.9958052039146423,
                        0.8147826790809631,
                        0.801567792892456,
                        0.9053345918655396,
                        1.0163441896438599
                    ],
                    [
                        -1.3099968433380127,
                        -1.3103055953979492,
                        -1.1767246723175049,
                        -1.2343018054962158,
                        -1.2820510864257812,
                        -1.4975073337554932,
                        -1.229820728302002,
                        -1.1033782958984375,
                        -1.173436164855957,
                        -1.0908403396606445,
                        -1.067573070526123,
                        -1.0062367916107178,
                        -1.0388585329055786,
                        -1.0514342784881592,
                        -1.202850341796875,
                        -1.1476831436157227,
                        -1.1566176414489746,
                        -1.2112014293670654,
                        -1.179069995880127,
                        -1.1595277786254883
                    ]
                ]
            ],
            "states": [
                [
                    [
                        10534200.0,
                        2.6509645977057517e-05,
                        0.00013993013999424875,
                        443834.40625
                    ],
                    [
                        10761536.0,
                        2.5514371372992173e-05,
                        0.0001420098269591108,
                        437980.875
                    ],
                    [
                        9713184.0,
                        2.462484007992316e-05,
                        0.00013746164040639997,
                        438923.15625
                    ],
                    [
                        11058376.0,
                        2.37847361859167e-05,
                        0.00013166402641218156,
                        442931.21875
                    ],
                    [
                        10751400.0,
                        2.2961492504691705e-05,
                        0.00014091107004787773,
                        432700.84375
                    ],
                    [
                        10246048.0,
                        2.2220945538720116e-05,
                        0.0001376972795696929,
                        435969.53125
                    ],
                    [
                        9969480.0,
                        2.1551775716943666e-05,
                        0.00013403889897745103,
                        440537.53125
                    ],
                    [
                        10251840.0,
                        2.0921770556014962e-05,
                        0.00014748213288839906,
                        443483.875
                    ],
                    [
                        10121520.0,
                        2.0323142962297425e-05,
                        0.00013067024701740593,
                        443831.96875
                    ],
                    [
                        9543768.0,
                        1.977682586584706e-05,
                        0.00013482528447639197,
                        439055.96875
                    ],
                    [
                        8799496.0,
                        1.9293054720037617e-05,
                        0.00013897643657401204,
                        475444.21875
                    ],
                    [
                        9742144.0,
                        1.8827833628165536e-05,
                        0.00014449551235884428,
                        446623.25
                    ],
                    [
                        9966584.0,
                        1.835721377574373e-05,
                        0.00014116551028564572,
                        435027.78125
                    ],
                    [
                        9815992.0,
                        1.7907843357534148e-05,
                        0.0001414243597537279,
                        434458.03125
                    ],
                    [
                        10637008.0,
                        1.7465919881942682e-05,
                        0.00015197490574792027,
                        447300.9375
                    ],
                    [
                        9175976.0,
                        1.705779868643731e-05,
                        0.00016332330415025353,
                        457786.65625
                    ],
                    [
                        9695808.0,
                        1.6686690287315287e-05,
                        0.00014966299931984395,
                        442052.53125
                    ],
                    [
                        10571848.0,
                        1.6305739336530678e-05,
                        0.0001437981118215248,
                        454590.5
                    ],
                    [
                        9242584.0,
                        1.5949490261846222e-05,
                        0.0001480604405514896,
                        454658.375
                    ],
                    [
                        10438632.0,
                        1.5611025446560234e-05,
                        0.00013623677659779787,
                        451379.625
                    ]
                ]
            ],
            "actions": [
                [
                    [
                        0.25
                    ],
                    [
                        0.25
                    ],
                    [
                        0.25
                    ],
                    [
                        0.25
                    ],
                    [
                        0.25
                    ],
                    [
                        0.25
                    ],
                    [
                        0.25
                    ],
                    [
                        0.25
                    ],
                    [
                        0.25
                    ],
                    [
                        0.25
                    ],
                    [
                        0.25
                    ],
                    [
                        0.25
                    ],
                    [
                        0.25
                    ],
                    [
                        0.25
                    ],
                    [
                        0.25
                    ],
                    [
                        0.25
                    ],
                    [
                        0.25
                    ],
                    [
                        0.25
                    ],
                    [
                        0.25
                    ],
                    [
                        0.25
                    ]
                ]
            ],
            "returns": [
                [
                    [
                        0.2667037844657898
                    ],
                    [
                        0.26571014523506165
                    ],
                    [
                        0.26471462845802307
                    ],
                    [
                        0.26372823119163513
                    ],
                    [
                        0.26273030042648315
                    ],
                    [
                        0.26173487305641174
                    ],
                    [
                        0.2607437074184418
                    ],
                    [
                        0.2597549855709076
                    ],
                    [
                        0.25876376032829285
                    ],
                    [
                        0.2577736973762512
                    ],
                    [
                        0.25678882002830505
                    ],
                    [
                        0.2558111548423767
                    ],
                    [
                        0.2548244595527649
                    ],
                    [
                        0.2538357675075531
                    ],
                    [
                        0.25284841656684875
                    ],
                    [
                        0.25185394287109375
                    ],
                    [
                        0.25087255239486694
                    ],
                    [
                        0.24988628923892975
                    ],
                    [
                        0.24889235198497772
                    ],
                    [
                        0.24791033565998077
                    ]
                ]
            ],
            "timesteps": [
                [
                    340,
                    341,
                    342,
                    343,
                    344,
                    345,
                    346,
                    347,
                    348,
                    349,
                    350,
                    351,
                    352,
                    353,
                    354,
                    355,
                    356,
                    357,
                    358,
                    359
                ]
            ],
            "labels": [
                [
                    0,
                    0,
                    0,
                    0,
                    0,
                    0,
                    0,
                    0,
                    0,
                    0,
                    0,
                    0,
                    0,
                    0,
                    0,
                    0,
                    0,
                    0,
                    0,
                    0
                ]
            ],
            "CPU Usage": 46.7,
            "RAM Usage": 55.2,
            "GPU Usage": 0.0,
            "VRAM Usage": 356.0,
            "Disk Read Speed (MB/s)": 206398.1337890625,
            "Disk Write Speed (MB/s)": 381978.0048828125
        },
        {
            "step": 2,
            "train_loss": 0.033174674957990646,
            "actions_pred1": [
                [
                    [
                        0.9213034510612488,
                        0.6139900088310242,
                        0.5899983644485474,
                        -1.2553473711013794
                    ],
                    [
                        1.015648603439331,
                        0.48978471755981445,
                        0.6020030975341797,
                        -1.247619867324829
                    ],
                    [
                        0.7977758646011353,
                        0.6584486961364746,
                        0.5316153764724731,
                        -1.2848899364471436
                    ],
                    [
                        0.607700526714325,
                        0.6934435367584229,
                        0.5640906095504761,
                        -1.3393261432647705
                    ],
                    [
                        0.6606312990188599,
                        0.7001967430114746,
                        0.5764601230621338,
                        -1.403395414352417
                    ],
                    [
                        0.6256945133209229,
                        0.6899626851081848,
                        0.6209000945091248,
                        -1.573706865310669
                    ],
                    [
                        0.6084834337234497,
                        0.763225793838501,
                        0.6641491055488586,
                        -1.5084567070007324
                    ],
                    [
                        0.513948380947113,
                        0.6669852137565613,
                        0.44434401392936707,
                        -1.4063698053359985
                    ],
                    [
                        0.5186631679534912,
                        0.6383508443832397,
                        0.4485754370689392,
                        -1.4122776985168457
                    ],
                    [
                        0.5707894563674927,
                        0.7183202505111694,
                        0.4989120364189148,
                        -1.3250796794891357
                    ],
                    [
                        0.6379790902137756,
                        0.7464917898178101,
                        0.5069552659988403,
                        -1.2363362312316895
                    ],
                    [
                        0.5928452610969543,
                        0.8044628500938416,
                        0.5725203156471252,
                        -1.235471248626709
                    ],
                    [
                        0.5149592161178589,
                        0.7644664645195007,
                        0.46875980496406555,
                        -1.2363775968551636
                    ],
                    [
                        0.407351016998291,
                        0.8643988966941833,
                        0.5567636489868164,
                        -1.2271571159362793
                    ],
                    [
                        0.4728848338127136,
                        0.7437334656715393,
                        0.6441763043403625,
                        -1.599233865737915
                    ],
                    [
                        0.45219308137893677,
                        0.7423412799835205,
                        0.691720187664032,
                        -1.5062105655670166
                    ],
                    [
                        0.4830247759819031,
                        0.7602960467338562,
                        0.7870969772338867,
                        -1.540633201599121
                    ],
                    [
                        0.613284170627594,
                        0.7841321229934692,
                        0.8024627566337585,
                        -1.4849956035614014
                    ],
                    [
                        0.6581474542617798,
                        0.8541032075881958,
                        0.5164210796356201,
                        -1.5138657093048096
                    ],
                    [
                        0.5559388995170593,
                        0.860698401927948,
                        0.5686782002449036,
                        -1.4679757356643677
                    ]
                ]
            ],
            "actions_pred": [
                [
                    [
                        0.9213034510612488,
                        1.015648603439331,
                        0.7977758646011353,
                        0.607700526714325,
                        0.6606312990188599,
                        0.6256945133209229,
                        0.6084834337234497,
                        0.513948380947113,
                        0.5186631679534912,
                        0.5707894563674927,
                        0.6379790902137756,
