{
    "steps": [
        {
            "step": 0,
            "train_loss": 0.007354916539043188,
            "actions_pred1": [
                [
                    [
                        1.418250560760498,
                        2.2797250747680664,
                        2.0569941997528076,
                        -4.2430291175842285
                    ],
                    [
                        1.304375410079956,
                        2.385380506515503,
                        2.237006664276123,
                        -4.638741493225098
                    ],
                    [
                        1.3016771078109741,
                        3.1803462505340576,
                        1.922787070274353,
                        -5.455403804779053
                    ],
                    [
                        1.1527636051177979,
                        3.794037342071533,
                        1.4745285511016846,
                        -6.078401565551758
                    ],
                    [
                        0.5988283157348633,
                        4.480651378631592,
                        1.160570502281189,
                        -5.622079849243164
                    ],
                    [
                        0.845316469669342,
                        4.604298114776611,
                        0.89168381690979,
                        -5.842192649841309
                    ],
                    [
                        0.9374280571937561,
                        4.686084270477295,
                        0.5077692866325378,
                        -5.864224910736084
                    ],
                    [
                        1.0055105686187744,
                        5.13477087020874,
                        0.80366051197052,
                        -5.8844780921936035
                    ],
                    [
                        1.121374249458313,
                        5.044484615325928,
                        1.0026586055755615,
                        -5.835192680358887
                    ],
                    [
                        1.3430664539337158,
                        5.020879745483398,
                        0.941849946975708,
                        -6.016592025756836
                    ],
                    [
                        1.2553366422653198,
                        4.774720668792725,
                        0.607353687286377,
                        -5.797255039215088
                    ],
                    [
                        1.2108172178268433,
                        4.83419132232666,
                        0.5343840718269348,
                        -5.726553440093994
                    ],
                    [
                        1.0836979150772095,
                        4.800673961639404,
                        0.5898052453994751,
                        -5.682962894439697
                    ],
                    [
                        1.1546119451522827,
                        4.942677021026611,
                        0.7647378444671631,
                        -5.893094539642334
                    ],
                    [
                        1.1715941429138184,
                        5.274084091186523,
                        0.60112065076828,
                        -5.651727676391602
                    ],
                    [
                        1.2174947261810303,
                        5.2077484130859375,
                        0.7357035279273987,
                        -5.718871116638184
                    ],
                    [
                        1.3324257135391235,
                        5.05496072769165,
                        0.8575361371040344,
                        -5.66392183303833
                    ],
                    [
                        1.3077239990234375,
                        5.001607418060303,
                        0.9596296548843384,
                        -5.808791637420654
                    ],
                    [
                        1.3734934329986572,
                        4.8423686027526855,
                        1.1087925434112549,
                        -5.596860885620117
                    ],
                    [
                        1.743858814239502,
                        4.875426769256592,
                        0.935520350933075,
                        -5.6759114265441895
                    ]
                ]
            ],
            "actions_pred": [
                [
                    [
                        1.418250560760498,
                        1.304375410079956,
                        1.3016771078109741,
                        1.1527636051177979,
                        0.5988283157348633,
                        0.845316469669342,
                        0.9374280571937561,
                        1.0055105686187744,
                        1.121374249458313,
                        1.3430664539337158,
                        1.2553366422653198,
                        1.2108172178268433,
                        1.0836979150772095,
                        1.1546119451522827,
                        1.1715941429138184,
                        1.2174947261810303,
                        1.3324257135391235,
                        1.3077239990234375,
                        1.3734934329986572,
                        1.743858814239502
                    ],
                    [
                        2.2797250747680664,
                        2.385380506515503,
                        3.1803462505340576,
                        3.794037342071533,
                        4.480651378631592,
                        4.604298114776611,
                        4.686084270477295,
                        5.13477087020874,
                        5.044484615325928,
                        5.020879745483398,
                        4.774720668792725,
                        4.83419132232666,
                        4.800673961639404,
                        4.942677021026611,
                        5.274084091186523,
                        5.2077484130859375,
                        5.05496072769165,
                        5.001607418060303,
                        4.8423686027526855,
                        4.875426769256592
                    ],
                    [
                        2.0569941997528076,
                        2.237006664276123,
                        1.922787070274353,
                        1.4745285511016846,
                        1.160570502281189,
                        0.89168381690979,
                        0.5077692866325378,
                        0.80366051197052,
                        1.0026586055755615,
                        0.941849946975708,
                        0.607353687286377,
                        0.5343840718269348,
                        0.5898052453994751,
                        0.7647378444671631,
                        0.60112065076828,
                        0.7357035279273987,
                        0.8575361371040344,
                        0.9596296548843384,
                        1.1087925434112549,
                        0.935520350933075
                    ],
                    [
                        -4.2430291175842285,
                        -4.638741493225098,
                        -5.455403804779053,
                        -6.078401565551758,
                        -5.622079849243164,
                        -5.842192649841309,
                        -5.864224910736084,
                        -5.8844780921936035,
                        -5.835192680358887,
                        -6.016592025756836,
                        -5.797255039215088,
                        -5.726553440093994,
                        -5.682962894439697,
                        -5.893094539642334,
                        -5.651727676391602,
                        -5.718871116638184,
                        -5.66392183303833,
                        -5.808791637420654,
                        -5.596860885620117,
                        -5.6759114265441895
                    ]
                ]
            ],
            "states": [
                [
                    [
                        5354704.0,
                        8.239823728217743e-06,
                        0.00025337765691801906,
                        501396.375
                    ],
                    [
                        6112008.0,
                        8.186386367015075e-06,
                        0.00023226119810715318,
                        493386.84375
                    ],
                    [
                        437474.0,
                        0.04059061408042908,
                        0.000310274597723037,
                        179519.703125
                    ],
                    [
                        742824.0,
                        0.00568061089143157,
                        0.00025462565827183425,
                        494869.5625
                    ],
                    [
                        1293064.0,
                        0.002463217591866851,
                        0.00027542549651116133,
                        568802.125
                    ],
                    [
                        2754096.0,
                        0.001175331766717136,
                        0.00025879128952510655,
                        506395.59375
                    ],
                    [
                        4959400.0,
                        0.0005831622984260321,
                        0.0002528103068470955,
                        510830.5
                    ],
                    [
                        7180632.0,
                        0.0003223789972253144,
                        0.00020026147831231356,
                        497092.78125
                    ],
                    [
                        10328584.0,
                        0.00019613979384303093,
                        0.00022364039614330977,
                        447740.25
                    ],
                    [
                        9514808.0,
                        0.00013474683510139585,
                        0.0002323320077266544,
                        458092.9375
                    ],
                    [
                        9614720.0,
                        0.00010378147271694615,
                        0.00023472661268897355,
                        451882.15625
                    ],
                    [
                        11055480.0,
                        8.32404475659132e-05,
                        0.00024062122975010425,
                        451078.96875
                    ],
                    [
                        10631216.0,
                        6.886368646519259e-05,
                        0.0001874879380920902,
                        454141.4375
                    ],
                    [
                        9736352.0,
                        5.92533870076295e-05,
                        0.00025532711879350245,
                        501440.96875
                    ],
                    [
                        5832544.0,
                        5.351470463210717e-05,
                        0.0002452299522701651,
                        514617.375
                    ],
                    [
                        4878312.0,
                        5.0193953939015046e-05,
                        0.00023082415282260627,
                        598373.25
                    ],
                    [
                        5687744.0,
                        4.730764703708701e-05,
                        0.00026125748991034925,
                        594833.125
                    ],
                    [
                        5154880.0,
                        4.466561586013995e-05,
                        0.00024003862927202135,
                        666985.1875
                    ],
                    [
                        5471992.0,
                        4.2350944568170235e-05,
                        0.00019315553072374314,
                        641558.875
                    ],
                    [
                        7102440.0,
                        3.9908583858050406e-05,
                        0.00022412248654291034,
                        477795.28125
                    ]
                ]
            ],
            "actions": [
                [
                    [
                        0.25
                    ],
                    [
                        0.25
                    ],
                    [
                        0.5
                    ],
                    [
                        0.5
                    ],
                    [
                        0.5
                    ],
                    [
                        0.5
                    ],
                    [
                        0.5
                    ],
                    [
                        0.5
                    ],
                    [
                        0.5
                    ],
                    [
                        0.5
                    ],
                    [
                        0.5
                    ],
                    [
                        0.5
                    ],
                    [
                        0.5
                    ],
                    [
                        0.5
                    ],
                    [
                        0.5
                    ],
                    [
                        0.5
                    ],
                    [
                        0.5
                    ],
                    [
                        0.5
                    ],
                    [
                        0.5
                    ],
                    [
                        0.5
                    ]
                ]
            ],
            "returns": [
                [
                    [
                        0.18974736332893372
                    ],
                    [
                        0.1888137310743332
                    ],
                    [
                        0.1878683865070343
                    ],
                    [
                        0.1871568113565445
                    ],
                    [
                        0.18639831244945526
                    ],
                    [
                        0.18559066951274872
                    ],
                    [
                        0.18471598625183105
                    ],
                    [
                        0.18378916382789612
                    ],
                    [
                        0.18282951414585114
                    ],
                    [
                        0.18183764815330505
                    ],
                    [
                        0.18085305392742157
                    ],
                    [
                        0.17986753582954407
                    ],
                    [
                        0.17886963486671448
                    ],
                    [
                        0.17787520587444305
                    ],
                    [
                        0.176888570189476
                    ],
                    [
                        0.17594735324382782
                    ],
                    [
                        0.17502199113368988
                    ],
                    [
                        0.17408300936222076
                    ],
                    [
                        0.17315275967121124
                    ],
                    [
                        0.1722172051668167
                    ]
                ]
            ],
            "timesteps": [
                [
                    420,
                    421,
                    422,
                    423,
                    424,
                    425,
                    426,
                    427,
                    428,
                    429,
                    430,
                    431,
                    432,
                    433,
                    434,
                    435,
                    436,
                    437,
                    438,
                    439
                ]
            ],
            "labels": [
                [
                    0,
                    0,
                    1,
                    1,
                    1,
                    1,
                    1,
                    1,
                    1,
                    1,
                    1,
                    1,
                    1,
                    1,
                    1,
                    1,
                    1,
                    1,
                    1,
                    1
                ]
            ],
            "CPU Usage": 46.0,
            "RAM Usage": 55.0,
            "GPU Usage": 0.0,
            "VRAM Usage": 355.0,
            "Disk Read Speed (MB/s)": 206668.6748046875,
            "Disk Write Speed (MB/s)": 437215.3251953125
        },
        {
            "step": 1,
            "train_loss": 0.011110907420516014,
            "actions_pred1": [
                [
                    [
                        0.7161989808082581,
                        2.4653377532958984,
                        1.6024905443191528,
                        -3.888749599456787
                    ],
                    [
                        0.5417428016662598,
                        3.0456461906433105,
                        1.3378416299819946,
                        -4.195736885070801
                    ],
                    [
                        0.5163965225219727,
                        2.822507381439209,
                        1.1796211004257202,
                        -4.685004711151123
                    ],
                    [
                        -0.1615046262741089,
                        2.4956107139587402,
                        1.900529146194458,
                        -5.121665954589844
                    ],
                    [
                        -0.5042409896850586,
                        2.4343013763427734,
                        2.4197158813476562,
                        -5.335865497589111
                    ],
                    [
                        -0.21656236052513123,
                        2.168731212615967,
                        2.4597411155700684,
                        -5.430919647216797
                    ],
                    [
                        0.11405307054519653,
                        1.7626454830169678,
                        2.6187288761138916,
                        -5.316802978515625
                    ],
                    [
                        0.19926410913467407,
                        1.527716875076294,
                        3.173839807510376,
                        -5.470460891723633
                    ],
                    [
                        0.47470030188560486,
                        1.3155975341796875,
                        3.3546767234802246,
                        -5.4089741706848145
                    ],
                    [
                        0.44351863861083984,
                        1.1848094463348389,
                        3.5865421295166016,
                        -5.527639865875244
                    ],
                    [
                        0.4257275462150574,
                        0.9059765338897705,
                        3.685512065887451,
                        -5.544750690460205
                    ],
                    [
                        0.585644006729126,
                        0.8523097038269043,
                        3.9378511905670166,
                        -5.664727210998535
                    ],
                    [
                        0.734091579914093,
                        0.9100420475006104,
                        4.089345455169678,
                        -5.764565467834473
                    ],
                    [
                        0.629002571105957,
                        0.9763201475143433,
                        4.335760593414307,
                        -5.752592086791992
                    ],
                    [
                        0.4902777373790741,
                        0.97414630651474,
                        4.343195915222168,
                        -5.636987209320068
                    ],
                    [
                        0.607721209526062,
                        0.8389787673950195,
                        4.33253812789917,
                        -5.759664535522461
                    ],
                    [
                        0.4991074204444885,
                        0.76038658618927,
                        4.246229648590088,
                        -5.694186687469482
                    ],
                    [
                        0.6538934707641602,
                        0.8255800604820251,
                        4.234511375427246,
                        -5.733436584472656
                    ],
                    [
                        0.7130316495895386,
                        0.8846960067749023,
                        4.343235015869141,
                        -5.581663131713867
                    ],
                    [
                        0.8273836374282837,
                        0.892391562461853,
                        4.356861591339111,
                        -5.683581829071045
                    ]
                ]
            ],
            "actions_pred": [
                [
                    [
                        0.7161989808082581,
                        0.5417428016662598,
                        0.5163965225219727,
                        -0.1615046262741089,
                        -0.5042409896850586,
                        -0.21656236052513123,
                        0.11405307054519653,
                        0.19926410913467407,
                        0.47470030188560486,
                        0.44351863861083984,
                        0.4257275462150574,
                        0.585644006729126,
                        0.734091579914093,
                        0.629002571105957,
                        0.4902777373790741,
                        0.607721209526062,
                        0.4991074204444885,
                        0.6538934707641602,
                        0.7130316495895386,
                        0.8273836374282837
                    ],
                    [
                        2.4653377532958984,
                        3.0456461906433105,
                        2.822507381439209,
                        2.4956107139587402,
                        2.4343013763427734,
                        2.168731212615967,
                        1.7626454830169678,
                        1.527716875076294,
                        1.3155975341796875,
                        1.1848094463348389,
                        0.9059765338897705,
                        0.8523097038269043,
                        0.9100420475006104,
                        0.9763201475143433,
                        0.97414630651474,
                        0.8389787673950195,
                        0.76038658618927,
                        0.8255800604820251,
                        0.8846960067749023,
                        0.892391562461853
                    ],
                    [
                        1.6024905443191528,
                        1.3378416299819946,
                        1.1796211004257202,
                        1.900529146194458,
                        2.4197158813476562,
                        2.4597411155700684,
                        2.6187288761138916,
                        3.173839807510376,
                        3.3546767234802246,
                        3.5865421295166016,
                        3.685512065887451,
                        3.9378511905670166,
                        4.089345455169678,
                        4.335760593414307,
                        4.343195915222168,
                        4.33253812789917,
                        4.246229648590088,
                        4.234511375427246,
                        4.343235015869141,
                        4.356861591339111
                    ],
                    [
                        -3.888749599456787,
                        -4.195736885070801,
                        -4.685004711151123,
                        -5.121665954589844,
                        -5.335865497589111,
                        -5.430919647216797,
                        -5.316802978515625,
                        -5.470460891723633,
                        -5.4089741706848145,
                        -5.527639865875244,
                        -5.544750690460205,
                        -5.664727210998535,
                        -5.764565467834473,
                        -5.752592086791992,
                        -5.636987209320068,
                        -5.759664535522461,
                        -5.694186687469482,
                        -5.733436584472656,
                        -5.581663131713867,
                        -5.683581829071045
                    ]
                ]
            ],
            "states": [
                [
                    [
                        5457512.0,
                        9.714517545944545e-06,
                        0.0004527103737927973,
                        552968.1875
                    ],
                    [
                        4474320.0,
                        9.607780157239176e-06,
                        0.00029970589093863964,
                        640429.75
                    ],
                    [
                        3226144.0,
                        9.52661685005296e-06,
                        0.00026218051789328456,
                        614909.3125
                    ],
                    [
                        4174584.0,
                        9.44995554164052e-06,
                        0.0002925366861745715,
                        607098.5
                    ],
                    [
                        4522104.0,
                        9.361412594444118e-06,
                        0.00028024095809087157,
                        568885.75
                    ],
                    [
                        2825048.0,
                        8.919517313188408e-06,
                        0.0001758198341121897,
                        690901.5625
                    ],
                    [
                        5196872.0,
                        8.846717719279695e-06,
                        0.00013516498438548297,
                        601105.3125
                    ],
                    [
                        7633856.0,
                        8.732715286896564e-06,
                        0.0001646996388444677,
                        547900.5625
                    ],
                    [
                        47963.0,
                        0.2136354148387909,
                        0.00027816780493594706,
                        871190.125
                    ],
                    [
                        608160.0,
                        0.027683094143867493,
                        0.00026209698989987373,
                        1030414.6875
                    ],
                    [
                        537208.0,
                        0.007899114862084389,
                        0.0002851165772881359,
                        949322.9375
                    ],
                    [
                        671872.0,
                        0.004755145870149136,
                        0.000267517170868814,
                        888587.6875
                    ],
                    [
                        858664.0,
                        0.003167606657370925,
                        0.00027258697082288563,
                        909664.5625
                    ],
                    [
                        877488.0,
                        0.0022909550461918116,
                        0.00027191461413167417,
                        989545.25
                    ],
                    [
                        1255416.0,
                        0.0017173178493976593,
                        0.00027577357832342386,
                        1043241.4375
                    ],
                    [
                        1436416.0,
                        0.0013016851153224707,
                        0.00027702987426891923,
                        939221.25
                    ],
                    [
                        1715880.0,
                        0.0010147599969059229,
                        0.0002779100905172527,
                        989890.625
                    ],
                    [
                        1867920.0,
                        0.0008108949987217784,
                        0.00026160795823670924,
                        1001348.25
                    ],
                    [
                        2189376.0,
                        0.0006609969423152506,
                        0.0002753763983491808,
                        969961.0625
                    ],
                    [
                        2552824.0,
                        0.000543545582331717,
                        0.0002731475979089737,
                        970656.1875
                    ]
                ]
            ],
            "actions": [
                [
                    [
                        0.5
                    ],
                    [
                        0.5
                    ],
                    [
                        0.5
                    ],
                    [
                        0.5
                    ],
                    [
                        0.5
                    ],
                    [
                        0.5
                    ],
                    [
                        0.5
                    ],
                    [
                        0.5
                    ],
                    [
                        0.75
                    ],
                    [
                        0.75
                    ],
                    [
                        0.75
                    ],
                    [
                        0.75
                    ],
                    [
                        0.75
                    ],
                    [
                        0.75
                    ],
                    [
                        0.75
                    ],
                    [
                        0.75
                    ],
                    [
                        0.75
                    ],
                    [
                        0.75
                    ],
                    [
                        0.75
                    ],
                    [
                        0.75
                    ]
                ]
            ],
            "returns": [
                [
                    [
                        0.39574772119522095
                    ],
                    [
                        0.3948124051094055
                    ],
                    [
                        0.3938947021961212
                    ],
                    [
                        0.39300599694252014
                    ],
                    [
                        0.3920944333076477
                    ],
                    [
                        0.3911758065223694
                    ],
                    [
                        0.39029887318611145
                    ],
                    [
                        0.38936787843704224
                    ],
                    [
                        0.3884028196334839
                    ],
                    [
                        0.38788723945617676
                    ],
                    [
                        0.3871464729309082
                    ],
                    [
                        0.3864167034626007
                    ],
                    [
                        0.385667085647583
                    ],
                    [
                        0.3848957419395447
                    ],
                    [
                        0.38412246108055115
                    ],
                    [
                        0.3833174407482147
                    ],
                    [
                        0.38250046968460083
                    ],
                    [
                        0.38166773319244385
                    ],
                    [
                        0.38082748651504517
                    ],
                    [
                        0.3799731433391571
                    ]
                ]
            ],
            "timesteps": [
                [
                    200,
                    201,
                    202,
                    203,
                    204,
                    205,
                    206,
                    207,
                    208,
                    209,
                    210,
                    211,
                    212,
                    213,
                    214,
                    215,
                    216,
                    217,
                    218,
                    219
                ]
            ],
            "labels": [
                [
                    1,
                    1,
                    1,
                    1,
                    1,
                    1,
                    1,
                    1,
                    2,
                    2,
                    2,
                    2,
                    2,
                    2,
                    2,
                    2,
                    2,
                    2,
                    2,
                    2
                ]
            ],
            "CPU Usage": 46.8,
            "RAM Usage": 55.1,
            "GPU Usage": 0.0,
            "VRAM Usage": 355.0,
            "Disk Read Speed (MB/s)": 206668.6748046875,
            "Disk Write Speed (MB/s)": 437215.4658203125
        },
        {
            "step": 2,
            "train_loss": 0.0015762441325932741,
            "actions_pred1": [
                [
                    [
                        0.6449329853057861,
                        2.4366018772125244,
                        1.398655891418457,
                        -4.643474102020264
                    ],
                    [
                        0.4732798933982849,
                        3.3509600162506104,
                        1.3601876497268677,
                        -3.860908031463623
                    ],
                    [
                        0.47066688537597656,
                        3.9570229053497314,
                        0.9503558278083801,
                        -3.762366771697998
                    ],
                    [
                        0.6638004779815674,
                        4.323446273803711,
                        0.2551618218421936,
                        -3.690293073654175
                    ],
                    [
                        0.1532576084136963,
                        4.766411781311035,
                        -0.23887960612773895,
                        -4.479744911193848
                    ],
                    [
                        0.2436140775680542,
                        4.807107925415039,
                        -0.24821636080741882,
                        -4.502248287200928
                    ],
                    [
                        0.5650078058242798,
                        4.974526405334473,
                        -0.4756375551223755,
                        -4.303145885467529
                    ],
                    [
                        0.535793125629425,
                        4.735530853271484,
                        -0.537773072719574,
                        -4.202445983886719
                    ],
                    [
                        0.7707539796829224,
                        4.727079391479492,
                        -0.5153867602348328,
                        -4.574094772338867
                    ],
                    [
                        0.5040775537490845,
                        4.7044997215271,
                        -0.20115019381046295,
                        -4.603123188018799
                    ],
                    [
                        0.6984158158302307,
                        4.891960144042969,
                        -0.0019294768571853638,
                        -4.785189628601074
                    ],
                    [
                        0.8204459547996521,
                        5.073489189147949,
                        0.10704189538955688,
                        -4.6494011878967285
                    ],
                    [
                        0.8143081665039062,
                        5.4544148445129395,
                        -0.06940270960330963,
                        -4.642146587371826
                    ],
                    [
                        0.8350031971931458,
                        5.409502029418945,
                        -0.18627595901489258,
                        -4.576620101928711
                    ],
                    [
                        0.7786483764648438,
                        5.458817481994629,
                        -0.17010532319545746,
                        -4.53957462310791
                    ],
                    [
                        0.8146457672119141,
                        5.274457931518555,
                        -0.14536672830581665,
                        -4.854211807250977
                    ],
                    [
                        0.9104398488998413,
                        5.128137111663818,
                        0.04170824587345123,
                        -4.901047706604004
                    ],
                    [
                        0.8225220441818237,
                        5.15972375869751,
                        -0.003960937261581421,
                        -4.931248664855957
                    ],
                    [
                        0.8857290744781494,
                        5.245075225830078,
                        0.024038881063461304,
                        -4.5588483810424805
                    ],
                    [
                        1.255398154258728,
                        5.470084190368652,
                        -0.0024681687355041504,
                        -4.952012538909912
                    ]
                ]
            ],
            "actions_pred": [
                [
                    [
                        0.6449329853057861,
                        0.4732798933982849,
                        0.47066688537597656,
                        0.6638004779815674,
                        0.1532576084136963,
                        0.2436140775680542,
                        0.5650078058242798,
                        0.535793125629425,
                        0.7707539796829224,
                        0.5040775537490845,
                        0.6984158158302307,
                        0.8204459547996521,
                        0.8143081665039062,
                        0.8350031971931458,
                        0.7786483764648438,
                        0.8146457672119141,
