{
    "steps": [
        {
            "step": 0,
            "train_loss": 0.0009819319238886237,
            "actions_pred1": [
                [
                    [
                        0.8318434953689575,
                        2.270237445831299,
                        5.449590682983398,
                        -5.029016494750977
                    ],
                    [
                        0.620305061340332,
                        2.0071237087249756,
                        5.601925849914551,
                        -5.027108669281006
                    ],
                    [
                        0.49845579266548157,
                        2.520343065261841,
                        5.317883491516113,
                        -4.7927093505859375
                    ],
                    [
                        0.21808111667633057,
                        2.4753198623657227,
                        5.743941307067871,
                        -4.881803035736084
                    ],
                    [
                        -0.035355716943740845,
                        2.446462869644165,
                        5.75752592086792,
                        -4.958710193634033
                    ],
                    [
                        0.2489778846502304,
                        2.5615272521972656,
                        6.005297660827637,
                        -5.171228408813477
                    ],
                    [
                        0.2175029069185257,
                        2.6854302883148193,
                        6.212275505065918,
                        -5.302763938903809
                    ],
                    [
                        0.0016144663095474243,
                        2.3947200775146484,
                        6.366323471069336,
                        -5.547724723815918
                    ],
                    [
                        0.34961646795272827,
                        2.0949769020080566,
                        6.1807427406311035,
                        -5.700279712677002
                    ],
                    [
                        0.4706191122531891,
                        2.1701035499572754,
                        5.977595806121826,
                        -5.679903030395508
                    ],
                    [
                        0.4233776926994324,
                        2.135643720626831,
                        6.004144191741943,
                        -5.685943126678467
                    ],
                    [
                        0.3526516854763031,
                        2.286843776702881,
                        5.910307884216309,
                        -5.663019180297852
                    ],
                    [
                        0.4786515235900879,
                        2.3173375129699707,
                        6.057923316955566,
                        -5.728339672088623
                    ],
                    [
                        0.4114314615726471,
                        2.080109119415283,
                        5.803811550140381,
                        -5.634523391723633
                    ],
                    [
                        0.19972170889377594,
                        1.9237912893295288,
                        5.638982772827148,
                        -5.644137382507324
                    ],
                    [
                        0.021886587142944336,
                        1.9769747257232666,
                        5.715429306030273,
                        -5.585813999176025
                    ],
                    [
                        0.04180647432804108,
                        1.9264848232269287,
                        5.759932518005371,
                        -5.599678993225098
                    ],
                    [
                        -0.017110701650381088,
                        1.8689218759536743,
                        5.803613662719727,
                        -5.571999549865723
                    ],
                    [
                        -0.15397709608078003,
                        2.1022706031799316,
                        5.869869232177734,
                        -5.558356761932373
                    ],
                    [
                        -0.09365765750408173,
                        2.1599738597869873,
                        5.796024322509766,
                        -5.729616165161133
                    ]
                ]
            ],
            "actions_pred": [
                [
                    [
                        0.8318434953689575,
                        0.620305061340332,
                        0.49845579266548157,
                        0.21808111667633057,
                        -0.035355716943740845,
                        0.2489778846502304,
                        0.2175029069185257,
                        0.0016144663095474243,
                        0.34961646795272827,
                        0.4706191122531891,
                        0.4233776926994324,
                        0.3526516854763031,
                        0.4786515235900879,
                        0.4114314615726471,
                        0.19972170889377594,
                        0.021886587142944336,
                        0.04180647432804108,
                        -0.017110701650381088,
                        -0.15397709608078003,
                        -0.09365765750408173
                    ],
                    [
                        2.270237445831299,
                        2.0071237087249756,
                        2.520343065261841,
                        2.4753198623657227,
                        2.446462869644165,
                        2.5615272521972656,
                        2.6854302883148193,
                        2.3947200775146484,
                        2.0949769020080566,
                        2.1701035499572754,
                        2.135643720626831,
                        2.286843776702881,
                        2.3173375129699707,
                        2.080109119415283,
                        1.9237912893295288,
                        1.9769747257232666,
                        1.9264848232269287,
                        1.8689218759536743,
                        2.1022706031799316,
                        2.1599738597869873
                    ],
                    [
                        5.449590682983398,
                        5.601925849914551,
                        5.317883491516113,
                        5.743941307067871,
                        5.75752592086792,
                        6.005297660827637,
                        6.212275505065918,
                        6.366323471069336,
                        6.1807427406311035,
                        5.977595806121826,
                        6.004144191741943,
                        5.910307884216309,
                        6.057923316955566,
                        5.803811550140381,
                        5.638982772827148,
                        5.715429306030273,
                        5.759932518005371,
                        5.803613662719727,
                        5.869869232177734,
                        5.796024322509766
                    ],
                    [
                        -5.029016494750977,
                        -5.027108669281006,
                        -4.7927093505859375,
                        -4.881803035736084,
                        -4.958710193634033,
                        -5.171228408813477,
                        -5.302763938903809,
                        -5.547724723815918,
                        -5.700279712677002,
                        -5.679903030395508,
                        -5.685943126678467,
                        -5.663019180297852,
                        -5.728339672088623,
                        -5.634523391723633,
                        -5.644137382507324,
                        -5.585813999176025,
                        -5.599678993225098,
                        -5.571999549865723,
                        -5.558356761932373,
                        -5.729616165161133
                    ]
                ]
            ],
            "states": [
                [
                    [
                        5305472.0,
                        8.719099241716322e-06,
                        0.00013201982073951513,
                        847637.0625
                    ],
                    [
                        5427104.0,
                        8.626127055322286e-06,
                        0.00013791865785606205,
                        798609.0
                    ],
                    [
                        5450272.0,
                        8.533900654583704e-06,
                        0.00014453318726737052,
                        879716.5
                    ],
                    [
                        5114336.0,
                        8.446181709587108e-06,
                        0.00014699026360176504,
                        849232.5625
                    ],
                    [
                        5466200.0,
                        8.360139872820582e-06,
                        0.00016071676509454846,
                        823946.3125
                    ],
                    [
                        5315608.0,
                        8.27424355520634e-06,
                        0.00016249381587840617,
                        854104.0625
                    ],
                    [
                        5602312.0,
                        8.189044820028357e-06,
                        0.0001488575799157843,
                        832423.8125
                    ],
                    [
                        5063656.0,
                        8.107467692752834e-06,
                        0.00016087492986116558,
                        837260.4375
                    ],
                    [
                        5243208.0,
                        8.030191565921996e-06,
                        0.00016716374375391752,
                        847603.1875
                    ],
                    [
                        5813720.0,
                        7.948916390887462e-06,
                        0.00019032474665436894,
                        855439.25
                    ],
                    [
                        5408280.0,
                        7.868069587857462e-06,
                        0.00018542619363870472,
                        819410.4375
                    ],
                    [
                        5082480.0,
                        7.7939621405676e-06,
                        0.000198170033399947,
                        886572.3125
                    ],
                    [
                        5553080.0,
                        7.720262146904133e-06,
                        0.0001916241308208555,
                        834980.5
                    ],
                    [
                        5222936.0,
                        7.646989615750499e-06,
                        0.0002063407882815227,
                        810099.0
                    ],
                    [
                        5267824.0,
                        7.57698762754444e-06,
                        0.00023895764024928212,
                        771615.4375
                    ],
                    [
                        5292440.0,
                        7.507794634875609e-06,
                        0.00025051896227523685,
                        873322.6875
                    ],
                    [
                        5603760.0,
                        7.437720341840759e-06,
                        0.0002676467993296683,
                        855312.0625
                    ],
                    [
                        5289312.0,
                        7.368956630671164e-06,
                        0.0002700872428249568,
                        823382.9375
                    ],
                    [
                        5275296.0,
                        7.303467100427952e-06,
                        0.0002660537720657885,
                        780031.4375
                    ],
                    [
                        5143296.0,
                        7.240012109832605e-06,
                        0.00026454709586687386,
                        808306.8125
                    ]
                ]
            ],
            "actions": [
                [
                    [
                        0.75
                    ],
                    [
                        0.75
                    ],
                    [
                        0.75
                    ],
                    [
                        0.75
                    ],
                    [
                        0.75
                    ],
                    [
                        0.75
                    ],
                    [
                        0.75
                    ],
                    [
                        0.75
                    ],
                    [
                        0.75
                    ],
                    [
                        0.75
                    ],
                    [
                        0.75
                    ],
                    [
                        0.75
                    ],
                    [
                        0.75
                    ],
                    [
                        0.75
                    ],
                    [
                        0.75
                    ],
                    [
                        0.75
                    ],
                    [
                        0.75
                    ],
                    [
                        0.75
                    ],
                    [
                        0.75
                    ],
                    [
                        0.75
                    ]
                ]
            ],
            "returns": [
                [
                    [
                        0.5055230259895325
                    ],
                    [
                        0.5045902132987976
                    ],
                    [
                        0.5036553740501404
                    ],
                    [
                        0.5027201771736145
                    ],
                    [
                        0.5017906427383423
                    ],
                    [
                        0.5008551478385925
                    ],
                    [
                        0.4999221861362457
                    ],
                    [
                        0.49898457527160645
                    ],
                    [
                        0.49805590510368347
                    ],
                    [
                        0.4971241354942322
                    ],
                    [
                        0.49618321657180786
                    ],
                    [
                        0.4952487051486969
                    ],
                    [
                        0.49431970715522766
                    ],
                    [
                        0.49338284134864807
                    ],
                    [
                        0.49245142936706543
                    ],
                    [
                        0.4915192425251007
                    ],
                    [
                        0.49058666825294495
                    ],
                    [
                        0.4896489977836609
                    ],
                    [
                        0.4887164533138275
                    ],
                    [
                        0.48778414726257324
                    ]
                ]
            ],
            "timesteps": [
                [
                    80,
                    81,
                    82,
                    83,
                    84,
                    85,
                    86,
                    87,
                    88,
                    89,
                    90,
                    91,
                    92,
                    93,
                    94,
                    95,
                    96,
                    97,
                    98,
                    99
                ]
            ],
            "labels": [
                [
                    2,
                    2,
                    2,
                    2,
                    2,
                    2,
                    2,
                    2,
                    2,
                    2,
                    2,
                    2,
                    2,
                    2,
                    2,
                    2,
                    2,
                    2,
                    2,
                    2
                ]
            ],
            "CPU Usage": 45.8,
            "RAM Usage": 54.9,
            "GPU Usage": 0.0,
            "VRAM Usage": 356.0,
            "Disk Read Speed (MB/s)": 206651.1708984375,
            "Disk Write Speed (MB/s)": 426034.8564453125
        },
        {
            "step": 1,
            "train_loss": 0.021499793976545334,
            "actions_pred1": [
                [
                    [
                        -0.7886237502098083,
                        3.4905354976654053,
                        3.019587278366089,
                        -4.664700508117676
                    ],
                    [
                        -0.10241758823394775,
                        3.4692916870117188,
                        3.7233681678771973,
                        -4.894613742828369
                    ],
                    [
                        -0.029156744480133057,
                        3.6013872623443604,
                        3.415740966796875,
                        -5.1978678703308105
                    ],
                    [
                        -0.07849323749542236,
                        3.6959099769592285,
                        2.961721658706665,
                        -5.250107288360596
                    ],
                    [
                        -0.08287319540977478,
                        4.208487510681152,
                        2.401761531829834,
                        -5.453954696655273
                    ],
                    [
                        0.078057199716568,
                        4.401620864868164,
                        2.4458768367767334,
                        -5.565680503845215
                    ],
                    [
                        0.24893060326576233,
                        4.548451900482178,
                        2.3474998474121094,
                        -5.548678398132324
                    ],
                    [
                        0.1923827826976776,
                        4.3017802238464355,
                        2.2947800159454346,
                        -5.576848983764648
                    ],
                    [
                        0.0855535939335823,
                        4.538520812988281,
                        2.2891504764556885,
                        -5.5171217918396
                    ],
                    [
                        -0.050929173827171326,
                        4.5346221923828125,
                        2.2017135620117188,
                        -5.625735759735107
                    ],
                    [
                        -0.22130641341209412,
                        4.491567134857178,
                        2.5854361057281494,
                        -5.544491291046143
                    ],
                    [
                        -0.2373557686805725,
                        4.433597564697266,
                        2.7857260704040527,
                        -5.545598983764648
                    ],
                    [
                        -0.12913742661476135,
                        4.571317195892334,
                        2.937122344970703,
                        -5.571348190307617
                    ],
                    [
                        -0.22346684336662292,
                        4.5843119621276855,
                        2.8860764503479004,
                        -5.714062213897705
                    ],
                    [
                        -0.17304953932762146,
                        4.632680892944336,
                        2.8773655891418457,
                        -5.584660530090332
                    ],
                    [
                        -0.3195369839668274,
                        4.713035583496094,
                        2.7577946186065674,
                        -5.457151889801025
                    ],
                    [
                        -0.31238090991973877,
                        4.770543575286865,
                        2.6206979751586914,
                        -5.421713829040527
                    ],
                    [
                        -0.25404709577560425,
                        4.620693206787109,
                        2.619507312774658,
                        -5.502464771270752
                    ],
                    [
                        -0.09432530403137207,
                        4.574496269226074,
                        2.6278116703033447,
                        -5.619537830352783
                    ],
                    [
                        -0.1040685772895813,
                        4.650186538696289,
                        2.587279796600342,
                        -5.560177803039551
                    ]
                ]
            ],
            "actions_pred": [
                [
                    [
                        -0.7886237502098083,
                        -0.10241758823394775,
                        -0.029156744480133057,
                        -0.07849323749542236,
                        -0.08287319540977478,
                        0.078057199716568,
                        0.24893060326576233,
                        0.1923827826976776,
                        0.0855535939335823,
                        -0.050929173827171326,
                        -0.22130641341209412,
                        -0.2373557686805725,
                        -0.12913742661476135,
                        -0.22346684336662292,
                        -0.17304953932762146,
                        -0.3195369839668274,
                        -0.31238090991973877,
                        -0.25404709577560425,
                        -0.09432530403137207,
                        -0.1040685772895813
                    ],
                    [
                        3.4905354976654053,
                        3.4692916870117188,
                        3.6013872623443604,
                        3.6959099769592285,
                        4.208487510681152,
                        4.401620864868164,
                        4.548451900482178,
                        4.3017802238464355,
                        4.538520812988281,
                        4.5346221923828125,
                        4.491567134857178,
                        4.433597564697266,
                        4.571317195892334,
                        4.5843119621276855,
                        4.632680892944336,
                        4.713035583496094,
                        4.770543575286865,
                        4.620693206787109,
                        4.574496269226074,
                        4.650186538696289
                    ],
                    [
                        3.019587278366089,
                        3.7233681678771973,
                        3.415740966796875,
                        2.961721658706665,
                        2.401761531829834,
                        2.4458768367767334,
                        2.3474998474121094,
                        2.2947800159454346,
                        2.2891504764556885,
                        2.2017135620117188,
                        2.5854361057281494,
                        2.7857260704040527,
                        2.937122344970703,
                        2.8860764503479004,
                        2.8773655891418457,
                        2.7577946186065674,
                        2.6206979751586914,
                        2.619507312774658,
                        2.6278116703033447,
                        2.587279796600342
                    ],
                    [
                        -4.664700508117676,
                        -4.894613742828369,
                        -5.1978678703308105,
                        -5.250107288360596,
                        -5.453954696655273,
                        -5.565680503845215,
                        -5.548678398132324,
                        -5.576848983764648,
                        -5.5171217918396,
                        -5.625735759735107,
                        -5.544491291046143,
                        -5.545598983764648,
                        -5.571348190307617,
                        -5.714062213897705,
                        -5.584660530090332,
                        -5.457151889801025,
                        -5.421713829040527,
                        -5.502464771270752,
                        -5.619537830352783,
                        -5.560177803039551
                    ]
                ]
            ],
            "states": [
                [
                    [
                        5847024.0,
                        7.17427474228316e-06,
                        0.0002797465131152421,
                        862261.25
                    ],
                    [
                        5130264.0,
                        7.109771104296669e-06,
                        0.00027696648612618446,
                        791462.9375
                    ],
                    [
                        5460408.0,
                        7.0486535150848795e-06,
                        0.0002747685939539224,
                        848104.9375
                    ],
                    [
                        5159224.0,
                        6.988396307860967e-06,
                        0.000255326071055606,
                        826896.4375
                    ],
                    [
                        5280856.0,
                        6.9301599978643935e-06,
                        0.0002729953557718545,
                        850071.375
                    ],
                    [
                        5415520.0,
                        6.871501227578847e-06,
                        0.00026464968686923385,
                        894284.875
                    ],
                    [
                        5138952.0,
                        6.81457140672137e-06,
                        0.000260901142610237,
                        824406.5
                    ],
                    [
                        5364840.0,
                        6.758851213817252e-06,
                        0.00026091569452546537,
                        837380.25
                    ],
                    [
                        8605643.0,
                        0.0036125751212239265,
                        0.0002766261750366539,
                        462352.0625
                    ],
                    [
                        10015816.0,
                        0.00033437556703574955,
                        0.00026207882910966873,
                        482968.0625
                    ],
                    [
                        7806168.0,
                        0.00019468956452328712,
                        0.00027697221958078444,
                        473153.5
                    ],
                    [
                        6004856.0,
                        0.00014804340025875717,
                        0.00037561735371127725,
                        563905.9375
                    ],
                    [
                        3835752.0,
                        0.00012653775047510862,
                        0.000348972505889833,
                        546822.625
                    ],
                    [
                        693592.0,
                        0.00011859468213515356,
                        0.000344088242854923,
                        536207.0
                    ],
                    [
                        1136680.0,
                        0.00011570940841920674,
                        0.00030916635296307504,
                        532932.75
                    ],
                    [
                        755856.0,
                        0.0001128598305513151,
                        0.00029186115716584027,
                        668301.125
                    ],
                    [
                        573408.0,
                        0.00011094257206423208,
                        0.00031188191496767104,
                        741689.6875
                    ],
                    [
                        432952.0,
                        0.0001095341140171513,
                        0.0003927450452465564,
                        678985.1875
                    ],
                    [
                        1216320.0,
                        0.00010730996291385964,
                        0.00034627493005245924,
                        618105.1875
                    ],
                    [
                        4131144.0,
                        0.00010072957229567692,
                        0.00028098482289351523,
                        571491.4375
                    ]
                ]
            ],
            "actions": [
                [
                    [
                        0.75
                    ],
                    [
                        0.75
                    ],
                    [
                        0.75
                    ],
                    [
                        0.75
                    ],
                    [
                        0.75
                    ],
                    [
                        0.75
                    ],
                    [
                        0.75
                    ],
                    [
                        0.75
                    ],
                    [
                        0.5
                    ],
                    [
                        0.5
                    ],
                    [
                        0.5
                    ],
                    [
                        0.5
                    ],
                    [
                        0.5
                    ],
                    [
                        0.5
                    ],
                    [
                        0.5
                    ],
                    [
                        0.5
                    ],
                    [
                        0.5
                    ],
                    [
                        0.5
                    ],
                    [
                        0.5
                    ],
                    [
                        0.5
                    ]
                ]
            ],
            "returns": [
                [
                    [
                        0.48685410618782043
                    ],
                    [
                        0.4859126806259155
                    ],
                    [
                        0.48498284816741943
                    ],
                    [
                        0.4840475022792816
                    ],
                    [
                        0.48311716318130493
                    ],
                    [
                        0.4821847677230835
                    ],
                    [
                        0.481250137090683
                    ],
                    [
                        0.48032015562057495
                    ],
                    [
                        0.4793863594532013
                    ],
                    [
                        0.47841066122055054
                    ],
                    [
                        0.47742152214050293
                    ],
                    [
                        0.4764544665813446
                    ],
                    [
                        0.47551068663597107
                    ],
                    [
                        0.47460663318634033
                    ],
                    [
                        0.4738542139530182
                    ],
                    [
                        0.47305798530578613
                    ],
                    [
                        0.4722979664802551
                    ],
                    [
                        0.47156238555908203
                    ],
                    [
                        0.47085174918174744
                    ],
                    [
                        0.47004953026771545
                    ]
                ]
            ],
            "timesteps": [
                [
                    100,
                    101,
                    102,
                    103,
                    104,
                    105,
                    106,
                    107,
                    108,
                    109,
                    110,
                    111,
                    112,
                    113,
                    114,
                    115,
                    116,
                    117,
                    118,
                    119
                ]
            ],
            "labels": [
                [
                    2,
                    2,
                    2,
                    2,
                    2,
                    2,
                    2,
                    2,
                    1,
                    1,
                    1,
                    1,
                    1,
                    1,
                    1,
                    1,
                    1,
                    1,
                    1,
                    1
                ]
            ],
            "CPU Usage": 46.7,
            "RAM Usage": 55.1,
            "GPU Usage": 0.0,
            "VRAM Usage": 356.0,
            "Disk Read Speed (MB/s)": 206651.1708984375,
            "Disk Write Speed (MB/s)": 426035.0673828125
        },
        {
            "step": 2,
            "train_loss": 0.05763491988182068,
            "actions_pred1": [
                [
                    [
                        1.4003305435180664,
                        1.7273046970367432,
                        2.4099061489105225,
                        -6.778911590576172
                    ],
                    [
                        1.1885457038879395,
                        1.721474289894104,
                        3.0549705028533936,
                        -6.381401062011719
                    ],
                    [
                        0.8182293176651001,
                        1.4767067432403564,
                        1.7273739576339722,
                        -5.923011779785156
                    ],
                    [
                        0.8046408891677856,
                        2.002643585205078,
                        1.107932209968567,
                        -5.925958156585693
                    ],
                    [
                        0.5964058041572571,
                        2.0469062328338623,
                        1.2672040462493896,
                        -6.0247392654418945
                    ],
                    [
                        0.5644130706787109,
                        2.077866554260254,
                        1.2038415670394897,
                        -6.395666599273682
                    ],
                    [
                        0.5144085884094238,
                        2.0669443607330322,
                        1.0999526977539062,
                        -6.40908145904541
                    ],
                    [
                        0.5584330558776855,
                        2.016517162322998,
                        1.162471890449524,
                        -6.598630905151367
                    ],
                    [
                        0.6280557513237,
                        2.051283597946167,
                        1.3145147562026978,
                        -6.615688800811768
                    ],
                    [
                        0.854508638381958,
                        2.0712926387786865,
                        1.2198430299758911,
                        -6.7243452072143555
                    ],
                    [
                        0.9990959167480469,
                        1.9822137355804443,
                        1.2125910520553589,
                        -6.701423168182373
                    ],
                    [
                        0.8581246137619019,
                        1.9862676858901978,
                        1.2935101985931396,
                        -6.963110446929932
                    ],
                    [
                        0.714483380317688,
                        2.065272808074951,
                        1.3322293758392334,
                        -6.883556365966797
                    ],
                    [
                        0.6992221474647522,
                        2.071049213409424,
                        1.4219458103179932,
                        -6.933852195739746
                    ],
                    [
                        0.8914835453033447,
                        2.1789133548736572,
                        1.5733463764190674,
                        -6.88629150390625
                    ],
                    [
                        0.9587417840957642,
                        2.2930901050567627,
                        1.4731417894363403,
                        -6.798958778381348
                    ],
                    [
                        0.9734272956848145,
                        2.1166791915893555,
                        1.4664404392242432,
                        -6.912811756134033
                    ],
                    [
                        1.03271484375,
                        2.2256388664245605,
                        1.4180717468261719,
                        -6.998637676239014
                    ],
                    [
                        1.1124906539916992,
                        2.273488759994507,
                        1.4726377725601196,
                        -6.9702653884887695
                    ],
                    [
                        1.0829410552978516,
                        2.259786605834961,
                        1.5317193269729614,
                        -7.129317283630371
                    ]
                ]
            ],
            "actions_pred": [
                [
                    [
                        1.4003305435180664,
                        1.1885457038879395,
                        0.8182293176651001,
                        0.8046408891677856,
                        0.5964058041572571,
                        0.5644130706787109,
                        0.5144085884094238,
                        0.5584330558776855,
                        0.6280557513237,
                        0.854508638381958,
                        0.9990959167480469,
                        0.8581246137619019,
                        0.714483380317688,
                        0.6992221474647522,
                        0.8914835453033447,
