{
    "steps": [
        {
            "step": 0,
            "train_loss": 0.027846580371260643,
            "actions_pred1": [
                [
                    [
                        0.492976576089859,
                        0.018566131591796875,
                        0.5747823119163513,
                        -0.36455559730529785
                    ],
                    [
                        0.3706763684749603,
                        0.10240598022937775,
                        0.6542072296142578,
                        -0.4425925016403198
                    ],
                    [
                        0.37489789724349976,
                        0.04651016741991043,
                        0.7163386940956116,
                        -0.35678327083587646
                    ],
                    [
                        0.3858754634857178,
                        0.04464574158191681,
                        0.858639121055603,
                        -0.4412011206150055
                    ],
                    [
                        0.4228784739971161,
                        0.18136805295944214,
                        0.8989773988723755,
                        -0.4214400053024292
                    ],
                    [
                        0.5187714099884033,
                        0.0966171994805336,
                        0.8048116564750671,
                        -0.34845858812332153
                    ],
                    [
                        0.41887128353118896,
                        0.08078527450561523,
                        0.6018285155296326,
                        -0.3752349317073822
                    ],
                    [
                        0.49880072474479675,
                        0.18497323989868164,
                        0.6577520966529846,
                        -0.3453225791454315
                    ],
                    [
                        0.48192447423934937,
                        0.19298392534255981,
                        0.6594348549842834,
                        -0.3370780646800995
                    ],
                    [
                        0.3172528147697449,
                        0.12837569415569305,
                        0.7892046570777893,
                        -0.4121243357658386
                    ],
                    [
                        0.3490099310874939,
                        0.21267536282539368,
                        0.9977766275405884,
                        -0.4590083360671997
                    ],
                    [
                        0.32729363441467285,
                        0.17679761350154877,
                        0.9490911364555359,
                        -0.38210904598236084
                    ],
                    [
                        0.2682681083679199,
                        0.04653339833021164,
                        0.9254434704780579,
                        -0.4330027103424072
                    ],
                    [
                        0.3246925473213196,
                        0.1191430538892746,
                        0.9747684597969055,
                        -0.4717857539653778
                    ],
                    [
                        0.3565364480018616,
                        0.12141121923923492,
                        0.9631983637809753,
                        -0.4787507653236389
                    ],
                    [
                        0.3742515444755554,
                        0.1401103436946869,
                        0.92583167552948,
                        -0.4356306791305542
                    ],
                    [
                        0.28236886858940125,
                        0.10433457791805267,
                        0.8574299812316895,
                        -0.4009392559528351
                    ],
                    [
                        0.22935616970062256,
                        0.22328421473503113,
                        0.8699942827224731,
                        -0.34974703192710876
                    ],
                    [
                        0.31071722507476807,
                        0.21750137209892273,
                        0.8915594816207886,
                        -0.37679943442344666
                    ],
                    [
                        0.30082738399505615,
                        0.22652916610240936,
                        0.9261950254440308,
                        -0.40275728702545166
                    ]
                ]
            ],
            "actions_pred": [
                [
                    [
                        0.492976576089859,
                        0.3706763684749603,
                        0.37489789724349976,
                        0.3858754634857178,
                        0.4228784739971161,
                        0.5187714099884033,
                        0.41887128353118896,
                        0.49880072474479675,
                        0.48192447423934937,
                        0.3172528147697449,
                        0.3490099310874939,
                        0.32729363441467285,
                        0.2682681083679199,
                        0.3246925473213196,
                        0.3565364480018616,
                        0.3742515444755554,
                        0.28236886858940125,
                        0.22935616970062256,
                        0.31071722507476807,
                        0.30082738399505615
                    ],
                    [
                        0.018566131591796875,
                        0.10240598022937775,
                        0.04651016741991043,
                        0.04464574158191681,
                        0.18136805295944214,
                        0.0966171994805336,
                        0.08078527450561523,
                        0.18497323989868164,
                        0.19298392534255981,
                        0.12837569415569305,
                        0.21267536282539368,
                        0.17679761350154877,
                        0.04653339833021164,
                        0.1191430538892746,
                        0.12141121923923492,
                        0.1401103436946869,
                        0.10433457791805267,
                        0.22328421473503113,
                        0.21750137209892273,
                        0.22652916610240936
                    ],
                    [
                        0.5747823119163513,
                        0.6542072296142578,
                        0.7163386940956116,
                        0.858639121055603,
                        0.8989773988723755,
                        0.8048116564750671,
                        0.6018285155296326,
                        0.6577520966529846,
                        0.6594348549842834,
                        0.7892046570777893,
                        0.9977766275405884,
                        0.9490911364555359,
                        0.9254434704780579,
                        0.9747684597969055,
                        0.9631983637809753,
                        0.92583167552948,
                        0.8574299812316895,
                        0.8699942827224731,
                        0.8915594816207886,
                        0.9261950254440308
                    ],
                    [
                        -0.36455559730529785,
                        -0.4425925016403198,
                        -0.35678327083587646,
                        -0.4412011206150055,
                        -0.4214400053024292,
                        -0.34845858812332153,
                        -0.3752349317073822,
                        -0.3453225791454315,
                        -0.3370780646800995,
                        -0.4121243357658386,
                        -0.4590083360671997,
                        -0.38210904598236084,
                        -0.4330027103424072,
                        -0.4717857539653778,
                        -0.4787507653236389,
                        -0.4356306791305542,
                        -0.4009392559528351,
                        -0.34974703192710876,
                        -0.37679943442344666,
                        -0.40275728702545166
                    ]
                ]
            ],
            "states": [
                [
                    [
                        3105960.0,
                        0.00044856633758172393,
                        0.0002628508664201945,
                        907599.4375
                    ],
                    [
                        3777832.0,
                        0.00036993034882470965,
                        0.00026417680783197284,
                        946940.1875
                    ],
                    [
                        4115216.0,
                        0.00030784233240410686,
                        0.0002805523981805891,
                        868017.4375
                    ],
                    [
                        4368616.0,
                        0.0002607771893963218,
                        0.00026978878304362297,
                        839353.625
                    ],
                    [
                        5060760.0,
                        0.0002229743986390531,
                        0.00027627943200059235,
                        780951.6875
                    ],
                    [
                        5356152.0,
                        0.00019212921324651688,
                        0.00025924446526914835,
                        788666.125
                    ],
                    [
                        5373528.0,
                        0.00012254947796463966,
                        0.006524195894598961,
                        846197.875
                    ],
                    [
                        5111440.0,
                        0.00011254391574766487,
                        0.002146858023479581,
                        777919.5
                    ],
                    [
                        5496608.0,
                        0.00010397062578704208,
                        0.0023773028515279293,
                        803926.1875
                    ],
                    [
                        5341672.0,
                        9.645324462326244e-05,
                        0.0020079242531210184,
                        853121.5
                    ],
                    [
                        5344568.0,
                        9.003730519907549e-05,
                        0.0019139255164191127,
                        790495.3125
                    ],
                    [
                        5479232.0,
                        8.435636846115813e-05,
                        0.0013429223326966166,
                        807753.3125
                    ],
                    [
                        5356152.0,
                        7.934254972497001e-05,
                        0.0011628043139353395,
                        855534.6875
                    ],
                    [
                        5398144.0,
                        7.492363511119038e-05,
                        0.0009117702720686793,
                        841216.6875
                    ],
                    [
                        5729736.0,
                        7.084311073413119e-05,
                        0.000803604198154062,
                        821157.125
                    ],
                    [
                        5244656.0,
                        6.722798570990562e-05,
                        0.000699773314408958,
                        790182.875
                    ],
                    [
                        5503848.0,
                        6.403109728125855e-05,
                        0.0006680691731162369,
                        817074.375
                    ],
                    [
                        5367736.0,
                        6.109109381213784e-05,
                        0.0005246230284683406,
                        814748.3125
                    ],
                    [
                        5217144.0,
                        5.847758802701719e-05,
                        0.00046889804070815444,
                        836873.125
                    ],
                    [
                        5033248.0,
                        5.6151271564885974e-05,
                        0.00035997320082969964,
                        833663.1875
                    ]
                ]
            ],
            "actions": [
                [
                    [
                        0.75
                    ],
                    [
                        0.75
                    ],
                    [
                        0.75
                    ],
                    [
                        0.75
                    ],
                    [
                        0.75
                    ],
                    [
                        0.75
                    ],
                    [
                        0.75
                    ],
                    [
                        0.75
                    ],
                    [
                        0.75
                    ],
                    [
                        0.75
                    ],
                    [
                        0.75
                    ],
                    [
                        0.75
                    ],
                    [
                        0.75
                    ],
                    [
                        0.75
                    ],
                    [
                        0.75
                    ],
                    [
                        0.75
                    ],
                    [
                        0.75
                    ],
                    [
                        0.75
                    ],
                    [
                        0.75
                    ],
                    [
                        0.75
                    ]
                ]
            ],
            "returns": [
                [
                    [
                        0.37910521030426025
                    ],
                    [
                        0.378219872713089
                    ],
                    [
                        0.3773171603679657
                    ],
                    [
                        0.37640687823295593
                    ],
                    [
                        0.37549129128456116
                    ],
                    [
                        0.37456268072128296
                    ],
                    [
                        0.37362903356552124
                    ],
                    [
                        0.37269508838653564
                    ],
                    [
                        0.3717655837535858
                    ],
                    [
                        0.37082964181900024
                    ],
                    [
                        0.3698962330818176
                    ],
                    [
                        0.36896276473999023
                    ],
                    [
                        0.36802709102630615
                    ],
                    [
                        0.36709344387054443
                    ],
                    [
                        0.3661591112613678
                    ],
                    [
                        0.36521947383880615
                    ],
                    [
                        0.36428767442703247
                    ],
                    [
                        0.36335161328315735
                    ],
                    [
                        0.3624177873134613
                    ],
                    [
                        0.3614864647388458
                    ]
                ]
            ],
            "timesteps": [
                [
                    220,
                    221,
                    222,
                    223,
                    224,
                    225,
                    226,
                    227,
                    228,
                    229,
                    230,
                    231,
                    232,
                    233,
                    234,
                    235,
                    236,
                    237,
                    238,
                    239
                ]
            ],
            "labels": [
                [
                    2,
                    2,
                    2,
                    2,
                    2,
                    2,
                    2,
                    2,
                    2,
                    2,
                    2,
                    2,
                    2,
                    2,
                    2,
                    2,
                    2,
                    2,
                    2,
                    2
                ]
            ],
            "CPU Usage": 45.8,
            "RAM Usage": 55.2,
            "GPU Usage": 0.0,
            "VRAM Usage": 355.0,
            "Disk Read Speed (MB/s)": 206065.5791015625,
            "Disk Write Speed (MB/s)": 362697.8837890625
        },
        {
            "step": 1,
            "train_loss": 0.032986484467983246,
            "actions_pred1": [
                [
                    [
                        0.6220036745071411,
                        0.2352539300918579,
                        0.5850090980529785,
                        0.22503650188446045
                    ],
                    [
                        0.28990787267684937,
                        0.34990203380584717,
                        0.6391682028770447,
                        0.007246524095535278
                    ],
                    [
                        0.25702595710754395,
                        0.21809057891368866,
                        0.46943679451942444,
                        -0.026093244552612305
                    ],
                    [
                        0.20615093410015106,
                        0.2592353820800781,
                        0.49905991554260254,
                        -0.10980376601219177
                    ],
                    [
                        0.15692707896232605,
                        0.32178446650505066,
                        0.4926689565181732,
                        -0.11166724562644958
                    ],
                    [
                        0.3552863299846649,
                        0.2805936932563782,
                        0.47626739740371704,
                        -0.2814141809940338
                    ],
                    [
                        0.226930633187294,
                        0.10929296165704727,
                        0.6399520635604858,
                        -0.31252214312553406
                    ],
                    [
                        0.24922089278697968,
                        0.191752627491951,
                        0.7000126242637634,
                        -0.32274162769317627
                    ],
                    [
                        0.14007221162319183,
                        0.25461915135383606,
                        0.5927712917327881,
                        -0.16679900884628296
                    ],
                    [
                        0.1947062909603119,
                        0.2513561248779297,
                        0.574235737323761,
                        -0.2375388741493225
                    ],
                    [
                        0.16056890785694122,
                        0.30150702595710754,
                        0.6975515484809875,
                        -0.19222569465637207
                    ],
                    [
                        0.31299853324890137,
                        0.14165744185447693,
                        0.5928076505661011,
                        -0.07115405797958374
                    ],
                    [
                        0.2172098159790039,
                        0.1805717796087265,
                        0.6797863245010376,
                        -0.0961773693561554
                    ],
                    [
                        0.22875246405601501,
                        0.2881210446357727,
                        0.6023422479629517,
                        -0.20492590963840485
                    ],
                    [
                        0.2588397264480591,
                        0.3302767872810364,
                        0.7299487590789795,
                        -0.22949634492397308
                    ],
                    [
                        0.41774824261665344,
                        0.32331860065460205,
                        0.6540613174438477,
                        -0.2501823306083679
                    ],
                    [
                        0.37351012229919434,
                        0.3539421856403351,
                        0.7471882700920105,
                        -0.1767713576555252
                    ],
                    [
                        0.24209225177764893,
                        0.4092716872692108,
                        0.7385315895080566,
                        -0.3554171323776245
                    ],
                    [
                        0.29893407225608826,
                        0.36414873600006104,
                        0.7109732031822205,
                        -0.3750280737876892
                    ],
                    [
                        0.35820573568344116,
                        0.3250572681427002,
                        0.6469984650611877,
                        -0.22514192759990692
                    ]
                ]
            ],
            "actions_pred": [
                [
                    [
                        0.6220036745071411,
                        0.28990787267684937,
                        0.25702595710754395,
                        0.20615093410015106,
                        0.15692707896232605,
                        0.3552863299846649,
                        0.226930633187294,
                        0.24922089278697968,
                        0.14007221162319183,
                        0.1947062909603119,
                        0.16056890785694122,
                        0.31299853324890137,
                        0.2172098159790039,
                        0.22875246405601501,
                        0.2588397264480591,
                        0.41774824261665344,
                        0.37351012229919434,
                        0.24209225177764893,
                        0.29893407225608826,
                        0.35820573568344116
                    ],
                    [
                        0.2352539300918579,
                        0.34990203380584717,
                        0.21809057891368866,
                        0.2592353820800781,
                        0.32178446650505066,
                        0.2805936932563782,
                        0.10929296165704727,
                        0.191752627491951,
                        0.25461915135383606,
                        0.2513561248779297,
                        0.30150702595710754,
                        0.14165744185447693,
                        0.1805717796087265,
                        0.2881210446357727,
                        0.3302767872810364,
                        0.32331860065460205,
                        0.3539421856403351,
                        0.4092716872692108,
                        0.36414873600006104,
                        0.3250572681427002
                    ],
                    [
                        0.5850090980529785,
                        0.6391682028770447,
                        0.46943679451942444,
                        0.49905991554260254,
                        0.4926689565181732,
                        0.47626739740371704,
                        0.6399520635604858,
                        0.7000126242637634,
                        0.5927712917327881,
                        0.574235737323761,
                        0.6975515484809875,
                        0.5928076505661011,
                        0.6797863245010376,
                        0.6023422479629517,
                        0.7299487590789795,
                        0.6540613174438477,
                        0.7471882700920105,
                        0.7385315895080566,
                        0.7109732031822205,
                        0.6469984650611877
                    ],
                    [
                        0.22503650188446045,
                        0.007246524095535278,
                        -0.026093244552612305,
                        -0.10980376601219177,
                        -0.11166724562644958,
                        -0.2814141809940338,
                        -0.31252214312553406,
                        -0.32274162769317627,
                        -0.16679900884628296,
                        -0.2375388741493225,
                        -0.19222569465637207,
                        -0.07115405797958374,
                        -0.0961773693561554,
                        -0.20492590963840485,
                        -0.22949634492397308,
                        -0.2501823306083679,
                        -0.1767713576555252,
                        -0.3554171323776245,
                        -0.3750280737876892,
                        -0.22514192759990692
                    ]
                ]
            ],
            "states": [
                [
                    [
                        5466200.0,
                        1.129001520894235e-05,
                        0.0002789112040773034,
                        818770.4375
                    ],
                    [
                        5612448.0,
                        1.1129687663924415e-05,
                        0.00025781430304050446,
                        898413.75
                    ],
                    [
                        5046280.0,
                        1.0979628314089496e-05,
                        0.0002818313369061798,
                        909004.75
                    ],
                    [
                        5249000.0,
                        1.0838540219992865e-05,
                        0.00027022496215067804,
                        810422.3125
                    ],
                    [
                        5515432.0,
                        1.0694837328628637e-05,
                        0.00027221045456826687,
                        891063.1875
                    ],
                    [
                        5182392.0,
                        1.0555714652582537e-05,
                        0.0002733847650233656,
                        862686.6875
                    ],
                    [
                        5021664.0,
                        1.0426368135085795e-05,
                        0.00026607781182974577,
                        893778.125
                    ],
                    [
                        5292440.0,
                        1.0298814231646247e-05,
                        0.00028466759249567986,
                        852371.5625
                    ],
                    [
                        5366288.0,
                        1.0170228961214889e-05,
                        0.0002693114511203021,
                        775255.625
                    ],
                    [
                        5483576.0,
                        1.0042614121630322e-05,
                        0.0002695369767025113,
                        802315.875
                    ],
                    [
                        5369184.0,
                        9.918102477968205e-06,
                        0.00026757299201563,
                        854250.0
                    ],
                    [
                        5670368.0,
                        9.794596735446248e-06,
                        0.0002770914288703352,
                        851009.75
                    ],
                    [
                        5537152.0,
                        9.67230062087765e-06,
                        0.0002540841815061867,
                        843244.5625
                    ],
                    [
                        5557424.0,
                        9.554213647788856e-06,
                        0.0002650599053595215,
                        914621.5625
                    ],
                    [
                        5403936.0,
                        9.440349458600394e-06,
                        0.00027801760006695986,
                        829670.8125
                    ],
                    [
                        5246104.0,
                        9.332287845609244e-06,
                        0.0002704633225221187,
                        839801.4375
                    ],
                    [
                        5603760.0,
                        9.224719178746454e-06,
                        0.0002756867033895105,
                        804814.3125
                    ],
                    [
                        5383664.0,
                        9.118263733398635e-06,
                        0.00025344316964037716,
                        920753.0625
                    ],
                    [
                        5525568.0,
                        8.914936188375577e-06,
                        0.000413205154472962,
                        941023.9375
                    ],
                    [
                        5521224.0,
                        8.814949069346767e-06,
                        0.00012937834253534675,
                        850908.25
                    ]
                ]
            ],
            "actions": [
                [
                    [
                        0.75
                    ],
                    [
                        0.75
                    ],
                    [
                        0.75
                    ],
                    [
                        0.75
                    ],
                    [
                        0.75
                    ],
                    [
                        0.75
                    ],
                    [
                        0.75
                    ],
                    [
                        0.75
                    ],
                    [
                        0.75
                    ],
                    [
                        0.75
                    ],
                    [
                        0.75
                    ],
                    [
                        0.75
                    ],
                    [
                        0.75
                    ],
                    [
                        0.75
                    ],
                    [
                        0.75
                    ],
                    [
                        0.75
                    ],
                    [
                        0.75
                    ],
                    [
                        0.75
                    ],
                    [
                        0.75
                    ],
                    [
                        0.75
                    ]
                ]
            ],
            "returns": [
                [
                    [
                        0.5242103934288025
                    ],
                    [
                        0.5232749581336975
                    ],
                    [
                        0.5223371386528015
                    ],
                    [
                        0.5214087963104248
                    ],
                    [
                        0.5204769372940063
                    ],
                    [
                        0.5195406675338745
                    ],
                    [
                        0.5186099410057068
                    ],
                    [
                        0.5176820158958435
                    ],
                    [
                        0.5167494416236877
                    ],
                    [
                        0.5158156156539917
                    ],
                    [
                        0.5148798823356628
                    ],
                    [
                        0.513945996761322
                    ],
                    [
                        0.5130072832107544
                    ],
                    [
                        0.5120707154273987
                    ],
                    [
                        0.5111337900161743
                    ],
                    [
                        0.5101993083953857
                    ],
                    [
                        0.5092675089836121
                    ],
                    [
                        0.5083298683166504
                    ],
                    [
                        0.5073957443237305
                    ],
                    [
                        0.5064593553543091
                    ]
                ]
            ],
            "timesteps": [
                [
                    60,
                    61,
                    62,
                    63,
                    64,
                    65,
                    66,
                    67,
                    68,
                    69,
                    70,
                    71,
                    72,
                    73,
                    74,
                    75,
                    76,
                    77,
                    78,
                    79
                ]
            ],
            "labels": [
                [
                    2,
                    2,
                    2,
                    2,
                    2,
                    2,
                    2,
                    2,
                    2,
                    2,
                    2,
                    2,
                    2,
                    2,
                    2,
                    2,
                    2,
                    2,
                    2,
                    2
                ]
            ],
            "CPU Usage": 46.7,
            "RAM Usage": 55.3,
            "GPU Usage": 0.0,
            "VRAM Usage": 355.0,
            "Disk Read Speed (MB/s)": 206065.5791015625,
            "Disk Write Speed (MB/s)": 362697.9814453125
        },
        {
            "step": 2,
            "train_loss": 0.0460461787879467,
            "actions_pred1": [
                [
                    [
                        0.33717119693756104,
                        0.16624441742897034,
                        0.6899081468582153,
                        -0.38855570554733276
                    ],
                    [
                        0.3033601939678192,
                        0.31992414593696594,
                        0.6331815719604492,
                        -0.1530889868736267
                    ],
                    [
                        0.19812694191932678,
                        0.24055370688438416,
                        0.35797449946403503,
                        -0.02386261522769928
                    ],
                    [
                        0.16758938133716583,
                        0.22795045375823975,
                        0.3490146994590759,
                        -0.10770556330680847
                    ],
                    [
                        0.2795714735984802,
                        0.17850595712661743,
                        0.5303492546081543,
                        -0.26475441455841064
                    ],
                    [
                        0.2085687518119812,
                        0.23545241355895996,
                        0.6966596245765686,
                        -0.2459736317396164
                    ],
                    [
                        0.14149564504623413,
                        0.19056375324726105,
                        0.799027144908905,
                        -0.3397288918495178
                    ],
                    [
                        -0.05320160090923309,
                        0.2154950052499771,
                        0.7859938144683838,
                        -0.3712151050567627
                    ],
                    [
                        0.10348211973905563,
                        0.2467115968465805,
                        0.8483984470367432,
                        -0.345228910446167
                    ],
                    [
                        0.04854471981525421,
                        0.23336368799209595,
                        0.9567331075668335,
                        -0.34261035919189453
                    ],
                    [
                        0.014159463346004486,
                        0.21360883116722107,
                        0.8770462274551392,
                        -0.36214232444763184
                    ],
                    [
                        0.30870521068573,
                        0.022518634796142578,
                        0.8704002499580383,
                        -0.3723580241203308
                    ],
                    [
                        0.1680881232023239,
                        0.04387976974248886,
                        0.8632126450538635,
                        -0.29378408193588257
                    ],
                    [
                        0.1767352670431137,
                        0.021751098334789276,
                        0.7877788543701172,
                        -0.419436514377594
                    ],
                    [
                        0.2681564688682556,
                        0.1405712068080902,
                        0.7707045078277588,
                        -0.34648215770721436
                    ],
                    [
                        0.23695804178714752,
                        0.16072720289230347,
                        0.8232131600379944,
                        -0.4451230764389038
                    ],
                    [
                        0.20120283961296082,
                        0.25280019640922546,
                        0.8442051410675049,
                        -0.42422398924827576
                    ],
                    [
                        0.2262558490037918,
                        0.22958290576934814,
                        0.768386960029602,
                        -0.309611976146698
                    ],
                    [
                        0.22312362492084503,
                        0.1772756576538086,
                        0.835092306137085,
                        -0.38794949650764465
                    ],
                    [
                        0.22322088479995728,
                        0.03492352366447449,
                        0.7982975244522095,
                        -0.3285529613494873
                    ]
                ]
            ],
            "actions_pred": [
                [
                    [
                        0.33717119693756104,
                        0.3033601939678192,
                        0.19812694191932678,
                        0.16758938133716583,
                        0.2795714735984802,
                        0.2085687518119812,
                        0.14149564504623413,
                        -0.05320160090923309,
