{
    "steps": [
        {
            "step": 0,
            "train_loss": 0.00010357789869885892,
            "actions_pred1": [
                [
                    [
                        0.6863742470741272,
                        1.0353132486343384,
                        5.270198345184326,
                        -4.704810619354248
                    ],
                    [
                        0.531067967414856,
                        0.7410736083984375,
                        6.063419818878174,
                        -4.80623722076416
                    ],
                    [
                        0.8569570183753967,
                        0.9355721473693848,
                        6.768296718597412,
                        -4.998025894165039
                    ],
                    [
                        0.6876306533813477,
                        0.3479819893836975,
                        7.231492042541504,
                        -5.446105003356934
                    ],
                    [
                        0.5819714665412903,
                        -0.09059253334999084,
                        7.520697593688965,
                        -5.770834445953369
                    ],
                    [
                        0.4468829035758972,
                        0.001355677843093872,
                        7.581577301025391,
                        -5.705179214477539
                    ],
                    [
                        0.32180488109588623,
                        0.7301422953605652,
                        7.276191711425781,
                        -5.683173179626465
                    ],
                    [
                        0.3767358958721161,
                        0.6835759878158569,
                        7.5701398849487305,
                        -5.697173595428467
                    ],
                    [
                        0.21478807926177979,
                        0.7799355387687683,
                        7.50355339050293,
                        -5.885256290435791
                    ],
                    [
                        0.2783655524253845,
                        0.5837370157241821,
                        7.389705657958984,
                        -6.0830559730529785
                    ],
                    [
                        0.303605318069458,
                        0.4363495409488678,
                        7.545847415924072,
                        -6.225220203399658
                    ],
                    [
                        0.316078782081604,
                        0.4236528277397156,
                        7.477406024932861,
                        -6.391017913818359
                    ],
                    [
                        0.19760176539421082,
                        0.4038284420967102,
                        7.66551399230957,
                        -6.589879989624023
                    ],
                    [
                        0.43094131350517273,
                        0.290894091129303,
                        7.746329307556152,
                        -6.433328628540039
                    ],
                    [
                        0.4488396644592285,
                        0.3489804267883301,
                        7.708514213562012,
                        -6.394898891448975
                    ],
                    [
                        0.4165632128715515,
                        0.4498499035835266,
                        7.777493000030518,
                        -6.405200958251953
                    ],
                    [
                        0.3295767903327942,
                        0.46979910135269165,
                        7.7492356300354,
                        -6.579872131347656
                    ],
                    [
                        0.37300801277160645,
                        0.5490155220031738,
                        7.7142014503479,
                        -6.43415641784668
                    ],
                    [
                        0.4016246795654297,
                        0.5503195524215698,
                        7.623683929443359,
                        -6.2691144943237305
                    ],
                    [
                        0.3997323513031006,
                        0.5565469264984131,
                        7.622365474700928,
                        -6.258488178253174
                    ]
                ]
            ],
            "actions_pred": [
                [
                    [
                        0.6863742470741272,
                        0.531067967414856,
                        0.8569570183753967,
                        0.6876306533813477,
                        0.5819714665412903,
                        0.4468829035758972,
                        0.32180488109588623,
                        0.3767358958721161,
                        0.21478807926177979,
                        0.2783655524253845,
                        0.303605318069458,
                        0.316078782081604,
                        0.19760176539421082,
                        0.43094131350517273,
                        0.4488396644592285,
                        0.4165632128715515,
                        0.3295767903327942,
                        0.37300801277160645,
                        0.4016246795654297,
                        0.3997323513031006
                    ],
                    [
                        1.0353132486343384,
                        0.7410736083984375,
                        0.9355721473693848,
                        0.3479819893836975,
                        -0.09059253334999084,
                        0.001355677843093872,
                        0.7301422953605652,
                        0.6835759878158569,
                        0.7799355387687683,
                        0.5837370157241821,
                        0.4363495409488678,
                        0.4236528277397156,
                        0.4038284420967102,
                        0.290894091129303,
                        0.3489804267883301,
                        0.4498499035835266,
                        0.46979910135269165,
                        0.5490155220031738,
                        0.5503195524215698,
                        0.5565469264984131
                    ],
                    [
                        5.270198345184326,
                        6.063419818878174,
                        6.768296718597412,
                        7.231492042541504,
                        7.520697593688965,
                        7.581577301025391,
                        7.276191711425781,
                        7.5701398849487305,
                        7.50355339050293,
                        7.389705657958984,
                        7.545847415924072,
                        7.477406024932861,
                        7.66551399230957,
                        7.746329307556152,
                        7.708514213562012,
                        7.777493000030518,
                        7.7492356300354,
                        7.7142014503479,
                        7.623683929443359,
                        7.622365474700928
                    ],
                    [
                        -4.704810619354248,
                        -4.80623722076416,
                        -4.998025894165039,
                        -5.446105003356934,
                        -5.770834445953369,
                        -5.705179214477539,
                        -5.683173179626465,
                        -5.697173595428467,
                        -5.885256290435791,
                        -6.0830559730529785,
                        -6.225220203399658,
                        -6.391017913818359,
                        -6.589879989624023,
                        -6.433328628540039,
                        -6.394898891448975,
                        -6.405200958251953,
                        -6.579872131347656,
                        -6.43415641784668,
                        -6.2691144943237305,
                        -6.258488178253174
                    ]
                ]
            ],
            "states": [
                [
                    [
                        5451720.0,
                        5.395679545472376e-05,
                        0.00037329201586544514,
                        787492.0625
                    ],
                    [
                        5280856.0,
                        5.18798733537551e-05,
                        0.00029995679506100714,
                        814349.6875
                    ],
                    [
                        5398144.0,
                        4.996706411475316e-05,
                        0.0002722619683481753,
                        830635.1875
                    ],
                    [
                        5419864.0,
                        4.8167821660172194e-05,
                        0.0002737951872404665,
                        823458.5625
                    ],
                    [
                        5285200.0,
                        4.651026029023342e-05,
                        0.0002537628752179444,
                        847604.5625
                    ],
                    [
                        5632720.0,
                        4.493406231631525e-05,
                        0.0002845273702405393,
                        778198.5625
                    ],
                    [
                        4926096.0,
                        4.350659582996741e-05,
                        0.00027429292094893754,
                        769937.4375
                    ],
                    [
                        5379320.0,
                        4.219951370032504e-05,
                        0.0002784566895570606,
                        775819.3125
                    ],
                    [
                        5141848.0,
                        4.0942868508864194e-05,
                        0.00027366288122721016,
                        804782.8125
                    ],
                    [
                        5422760.0,
                        3.9754886529408395e-05,
                        0.0002617421268951148,
                        784755.125
                    ],
                    [
                        5163568.0,
                        3.8631129427812994e-05,
                        0.000270931632257998,
                        777998.8125
                    ],
                    [
                        5172256.0,
                        3.7593843444483355e-05,
                        0.00027350522577762604,
                        827638.0
                    ],
                    [
                        5228728.0,
                        3.6604818888008595e-05,
                        0.0002609447401482612,
                        836480.3125
                    ],
                    [
                        5215696.0,
                        3.566250597941689e-05,
                        0.0002695223083719611,
                        842399.5625
                    ],
                    [
                        5496608.0,
                        3.474534969427623e-05,
                        0.00026009109569713473,
                        814649.5
                    ],
                    [
                        5165016.0,
                        3.3877906389534473e-05,
                        0.0002577552804723382,
                        820590.75
                    ],
                    [
                        5712360.0,
                        3.3036900276783854e-05,
                        0.0002756010799203068,
                        835693.0625
                    ],
                    [
                        5086824.0,
                        3.224165993742645e-05,
                        0.0002540297864470631,
                        845564.6875
                    ],
                    [
                        5490816.0,
                        3.14996468659956e-05,
                        0.00027847016463056207,
                        824773.25
                    ],
                    [
                        5183840.0,
                        3.078411828028038e-05,
                        0.0002814441977534443,
                        810358.5625
                    ]
                ]
            ],
            "actions": [
                [
                    [
                        0.75
                    ],
                    [
                        0.75
                    ],
                    [
                        0.75
                    ],
                    [
                        0.75
                    ],
                    [
                        0.75
                    ],
                    [
                        0.75
                    ],
                    [
                        0.75
                    ],
                    [
                        0.75
                    ],
                    [
                        0.75
                    ],
                    [
                        0.75
                    ],
                    [
                        0.75
                    ],
                    [
                        0.75
                    ],
                    [
                        0.75
                    ],
                    [
                        0.75
                    ],
                    [
                        0.75
                    ],
                    [
                        0.75
                    ],
                    [
                        0.75
                    ],
                    [
                        0.75
                    ],
                    [
                        0.75
                    ],
                    [
                        0.75
                    ]
                ]
            ],
            "returns": [
                [
                    [
                        0.36055833101272583
                    ],
                    [
                        0.35962310433387756
                    ],
                    [
                        0.35869070887565613
                    ],
                    [
                        0.3577563464641571
                    ],
                    [
                        0.3568216562271118
                    ],
                    [
                        0.3558892011642456
                    ],
                    [
                        0.35495108366012573
                    ],
                    [
                        0.35402485728263855
                    ],
                    [
                        0.3530908226966858
                    ],
                    [
                        0.352160781621933
                    ],
                    [
                        0.3512260317802429
                    ],
                    [
                        0.35029563307762146
                    ],
                    [
                        0.34936508536338806
                    ],
                    [
                        0.34843355417251587
                    ],
                    [
                        0.3475022614002228
                    ],
                    [
                        0.3465663194656372
                    ],
                    [
                        0.34563589096069336
                    ],
                    [
                        0.3446965217590332
                    ],
                    [
                        0.3437674641609192
                    ],
                    [
                        0.3428316116333008
                    ]
                ]
            ],
            "timesteps": [
                [
                    240,
                    241,
                    242,
                    243,
                    244,
                    245,
                    246,
                    247,
                    248,
                    249,
                    250,
                    251,
                    252,
                    253,
                    254,
                    255,
                    256,
                    257,
                    258,
                    259
                ]
            ],
            "labels": [
                [
                    2,
                    2,
                    2,
                    2,
                    2,
                    2,
                    2,
                    2,
                    2,
                    2,
                    2,
                    2,
                    2,
                    2,
                    2,
                    2,
                    2,
                    2,
                    2,
                    2
                ]
            ],
            "CPU Usage": 45.1,
            "RAM Usage": 55.0,
            "GPU Usage": 0.0,
            "VRAM Usage": 355.0,
            "Disk Read Speed (MB/s)": 206669.3662109375,
            "Disk Write Speed (MB/s)": 440936.0009765625
        },
        {
            "step": 1,
            "train_loss": 0.00015735512715764344,
            "actions_pred1": [
                [
                    [
                        1.1505298614501953,
                        0.8268082141876221,
                        5.3209943771362305,
                        -6.010488033294678
                    ],
                    [
                        0.305084764957428,
                        0.632523775100708,
                        6.311305522918701,
                        -5.6498003005981445
                    ],
                    [
                        0.6652156114578247,
                        0.21437446773052216,
                        6.146549701690674,
                        -5.006811618804932
                    ],
                    [
                        0.7711108922958374,
                        -0.05602392554283142,
                        5.9413347244262695,
                        -4.816338539123535
                    ],
                    [
                        0.4264495372772217,
                        -0.19645991921424866,
                        6.434887886047363,
                        -4.908829689025879
                    ],
                    [
                        0.2660268545150757,
                        0.19411873817443848,
                        6.775108337402344,
                        -4.828624248504639
                    ],
                    [
                        0.36804690957069397,
                        0.18878117203712463,
                        6.873566150665283,
                        -4.68409538269043
                    ],
                    [
                        0.38335731625556946,
                        0.02489527314901352,
                        6.6588640213012695,
                        -4.722601890563965
                    ],
                    [
                        0.2632858157157898,
                        0.10269566625356674,
                        6.70339298248291,
                        -4.794051647186279
                    ],
                    [
                        0.2144029140472412,
                        0.012024115771055222,
                        6.618785381317139,
                        -4.851030349731445
                    ],
                    [
                        0.22271594405174255,
                        0.22780992090702057,
                        6.65141487121582,
                        -5.016376972198486
                    ],
                    [
                        0.3512170910835266,
                        0.2842482924461365,
                        6.822824478149414,
                        -5.184997081756592
                    ],
                    [
                        0.5145541429519653,
                        0.1599528193473816,
                        7.0104241371154785,
                        -5.2241692543029785
                    ],
                    [
                        0.5204317569732666,
                        0.11293055862188339,
                        6.943044662475586,
                        -5.217790603637695
                    ],
                    [
                        0.6815868616104126,
                        -0.023555409163236618,
                        6.74407434463501,
                        -5.246695518493652
                    ],
                    [
                        0.7633616924285889,
                        0.0900077074766159,
                        6.699455261230469,
                        -5.233799934387207
                    ],
                    [
                        0.7974335551261902,
                        0.08174808323383331,
                        6.730588436126709,
                        -5.0695085525512695
                    ],
                    [
                        0.8394443988800049,
                        0.14039550721645355,
                        6.669564247131348,
                        -5.232280254364014
                    ],
                    [
                        0.64069664478302,
                        0.18362796306610107,
                        6.683132648468018,
                        -5.199355125427246
                    ],
                    [
                        0.5896728038787842,
                        0.1296069324016571,
                        6.651373863220215,
                        -5.134504318237305
                    ]
                ]
            ],
            "actions_pred": [
                [
                    [
                        1.1505298614501953,
                        0.305084764957428,
                        0.6652156114578247,
                        0.7711108922958374,
                        0.4264495372772217,
                        0.2660268545150757,
                        0.36804690957069397,
                        0.38335731625556946,
                        0.2632858157157898,
                        0.2144029140472412,
                        0.22271594405174255,
                        0.3512170910835266,
                        0.5145541429519653,
                        0.5204317569732666,
                        0.6815868616104126,
                        0.7633616924285889,
                        0.7974335551261902,
                        0.8394443988800049,
                        0.64069664478302,
                        0.5896728038787842
                    ],
                    [
                        0.8268082141876221,
                        0.632523775100708,
                        0.21437446773052216,
                        -0.05602392554283142,
                        -0.19645991921424866,
                        0.19411873817443848,
                        0.18878117203712463,
                        0.02489527314901352,
                        0.10269566625356674,
                        0.012024115771055222,
                        0.22780992090702057,
                        0.2842482924461365,
                        0.1599528193473816,
                        0.11293055862188339,
                        -0.023555409163236618,
                        0.0900077074766159,
                        0.08174808323383331,
                        0.14039550721645355,
                        0.18362796306610107,
                        0.1296069324016571
                    ],
                    [
                        5.3209943771362305,
                        6.311305522918701,
                        6.146549701690674,
                        5.9413347244262695,
                        6.434887886047363,
                        6.775108337402344,
                        6.873566150665283,
                        6.6588640213012695,
                        6.70339298248291,
                        6.618785381317139,
                        6.65141487121582,
                        6.822824478149414,
                        7.0104241371154785,
                        6.943044662475586,
                        6.74407434463501,
                        6.699455261230469,
                        6.730588436126709,
                        6.669564247131348,
                        6.683132648468018,
                        6.651373863220215
                    ],
                    [
                        -6.010488033294678,
                        -5.6498003005981445,
                        -5.006811618804932,
                        -4.816338539123535,
                        -4.908829689025879,
                        -4.828624248504639,
                        -4.68409538269043,
                        -4.722601890563965,
                        -4.794051647186279,
                        -4.851030349731445,
                        -5.016376972198486,
                        -5.184997081756592,
                        -5.2241692543029785,
                        -5.217790603637695,
                        -5.246695518493652,
                        -5.233799934387207,
                        -5.0695085525512695,
                        -5.232280254364014,
                        -5.199355125427246,
                        -5.134504318237305
                    ]
                ]
            ],
            "states": [
                [
                    [
                        5057864.0,
                        2.556295476097148e-05,
                        0.00012937834253534675,
                        777561.25
                    ],
                    [
                        5348912.0,
                        2.480310831742827e-05,
                        0.00013201982073951513,
                        791966.9375
                    ],
                    [
                        5101304.0,
                        2.4083872631308623e-05,
                        0.00013791865785606205,
                        790369.0625
                    ],
                    [
                        5538600.0,
                        2.3393640731228516e-05,
                        0.00014453318726737052,
                        780343.4375
                    ],
                    [
                        5412624.0,
                        2.272302663186565e-05,
                        0.00014699026360176504,
                        758450.9375
                    ],
                    [
                        5321400.0,
                        2.2102101866039447e-05,
                        0.00016071676509454846,
                        845866.875
                    ],
                    [
                        5683400.0,
                        2.1499938156921417e-05,
                        0.00016249381587840617,
                        821531.0
                    ],
                    [
                        5282304.0,
                        2.0931340259267017e-05,
                        0.0001488575799157843,
                        840709.875
                    ],
                    [
                        5545840.0,
                        2.0398911146912724e-05,
                        0.00016087492986116558,
                        823198.9375
                    ],
                    [
                        5474888.0,
                        1.9883997083525173e-05,
                        0.00016716374375391752,
                        838579.125
                    ],
                    [
                        5364840.0,
                        1.9402330508455634e-05,
                        0.00019032474665436894,
                        800380.6875
                    ],
                    [
                        5569008.0,
                        1.8939608708024025e-05,
                        0.00018542619363870472,
                        823891.875
                    ],
                    [
                        5332984.0,
                        1.849955879151821e-05,
                        0.000198170033399947,
                        846311.4375
                    ],
                    [
                        5224384.0,
                        1.8092512618750334e-05,
                        0.0001916241308208555,
                        900435.5625
                    ],
                    [
                        5133160.0,
                        1.771021015883889e-05,
                        0.0002063407882815227,
                        866428.5625
                    ],
                    [
                        5361944.0,
                        1.733909812173806e-05,
                        0.00023895764024928212,
                        862112.4375
                    ],
                    [
                        5535704.0,
                        1.6969803255051374e-05,
                        0.00025051896227523685,
                        868913.125
                    ],
                    [
                        5189632.0,
                        1.662127579038497e-05,
                        0.0002676467993296683,
                        810234.1875
                    ],
                    [
                        5453168.0,
                        1.6289424820570275e-05,
                        0.0002700872428249568,
                        842694.5
                    ],
                    [
                        5334432.0,
                        1.5966239516274072e-05,
                        0.0002660537720657885,
                        825795.9375
                    ]
                ]
            ],
            "actions": [
                [
                    [
                        0.75
                    ],
                    [
                        0.75
                    ],
                    [
                        0.75
                    ],
                    [
                        0.75
                    ],
                    [
                        0.75
                    ],
                    [
                        0.75
                    ],
                    [
                        0.75
                    ],
                    [
                        0.75
                    ],
                    [
                        0.75
                    ],
                    [
                        0.75
                    ],
                    [
                        0.75
                    ],
                    [
                        0.75
                    ],
                    [
                        0.75
                    ],
                    [
                        0.75
                    ],
                    [
                        0.75
                    ],
                    [
                        0.75
                    ],
                    [
                        0.75
                    ],
                    [
                        0.75
                    ],
                    [
                        0.75
                    ],
                    [
                        0.75
                    ]
                ]
            ],
            "returns": [
                [
                    [
                        0.5615583062171936
                    ],
                    [
                        0.5606297850608826
                    ],
                    [
                        0.5596962571144104
                    ],
                    [
                        0.5587669014930725
                    ],
                    [
                        0.557830274105072
                    ],
                    [
                        0.5568956732749939
                    ],
                    [
                        0.5559626221656799
                    ],
                    [
                        0.555023729801178
                    ],
                    [
                        0.5540912747383118
                    ],
                    [
                        0.5531545877456665
                    ],
                    [
                        0.5522189736366272
                    ],
                    [
                        0.5512851476669312
                    ],
                    [
                        0.5503480434417725
                    ],
                    [
                        0.5494148135185242
                    ],
                    [
                        0.5484833717346191
                    ],
                    [
                        0.5475534796714783
                    ],
                    [
                        0.546619713306427
                    ],
                    [
                        0.5456831455230713
                    ],
                    [
                        0.544752299785614
                    ],
                    [
                        0.5438170433044434
                    ]
                ]
            ],
            "timesteps": [
                [
                    20,
                    21,
                    22,
                    23,
                    24,
                    25,
                    26,
                    27,
                    28,
                    29,
                    30,
                    31,
                    32,
                    33,
                    34,
                    35,
                    36,
                    37,
                    38,
                    39
                ]
            ],
            "labels": [
                [
                    2,
                    2,
                    2,
                    2,
                    2,
                    2,
                    2,
                    2,
                    2,
                    2,
                    2,
                    2,
                    2,
                    2,
                    2,
                    2,
                    2,
                    2,
                    2,
                    2
                ]
            ],
            "CPU Usage": 47.0,
            "RAM Usage": 55.1,
            "GPU Usage": 0.0,
            "VRAM Usage": 355.0,
            "Disk Read Speed (MB/s)": 206669.3662109375,
            "Disk Write Speed (MB/s)": 440936.2744140625
        },
        {
            "step": 2,
            "train_loss": 0.0006683313986286521,
            "actions_pred1": [
                [
                    [
                        1.7203683853149414,
                        4.18474006652832,
                        -0.6482427716255188,
                        -5.348697662353516
                    ],
                    [
                        1.636871576309204,
                        4.87047815322876,
                        -0.31371045112609863,
                        -4.380739688873291
                    ],
                    [
                        1.7946832180023193,
                        5.4127984046936035,
                        -0.24539634585380554,
                        -4.267868995666504
                    ],
                    [
                        1.5936092138290405,
                        5.864713191986084,
                        0.024861514568328857,
                        -4.295966148376465
                    ],
                    [
                        1.6313660144805908,
                        6.080941200256348,
                        -0.16920694708824158,
                        -4.476990222930908
                    ],
                    [
                        1.4292187690734863,
                        5.899456024169922,
                        -0.4586822986602783,
                        -4.640369415283203
                    ],
                    [
                        1.5741238594055176,
                        5.960729598999023,
                        -0.33911365270614624,
                        -4.649227142333984
                    ],
                    [
                        1.6804258823394775,
                        6.092831611633301,
                        -0.4771266281604767,
                        -4.6724395751953125
                    ],
                    [
                        1.744305968284607,
                        6.00993537902832,
                        -0.5932533740997314,
                        -4.633752822875977
                    ],
                    [
                        1.8174939155578613,
                        6.1931352615356445,
                        -0.47131475806236267,
                        -4.541298866271973
                    ],
                    [
                        1.7065759897232056,
                        6.039200782775879,
                        -0.5900967121124268,
                        -4.749562740325928
                    ],
                    [
                        1.7208712100982666,
                        6.142299652099609,
                        -0.5678893327713013,
                        -4.948540210723877
                    ],
                    [
                        1.58201003074646,
                        6.114151954650879,
                        -0.5060683488845825,
                        -4.92761754989624
                    ],
                    [
                        1.7956211566925049,
                        6.17067289352417,
                        -0.400481641292572,
                        -4.995606422424316
                    ],
                    [
                        1.860921025276184,
                        6.156733989715576,
                        -0.26061660051345825,
                        -5.177221298217773
                    ],
                    [
                        1.9790356159210205,
                        6.018552303314209,
                        -0.1045178771018982,
                        -5.3046722412109375
                    ],
                    [
                        1.9826557636260986,
                        6.070137977600098,
                        -0.005926370620727539,
                        -5.415161609649658
                    ],
                    [
                        1.9499591588974,
                        6.117000102996826,
                        -0.375649631023407,
                        -5.313268184661865
                    ],
                    [
                        1.9341282844543457,
                        6.00775671005249,
                        -0.23075497150421143,
                        -5.296695709228516
                    ],
                    [
                        1.8746017217636108,
                        5.807331085205078,
                        -0.28209105134010315,
                        -5.324501037597656
                    ]
                ]
            ],
            "actions_pred": [
                [
                    [
                        1.7203683853149414,
                        1.636871576309204,
                        1.7946832180023193,
                        1.5936092138290405,
                        1.6313660144805908,
                        1.4292187690734863,
                        1.5741238594055176,
                        1.6804258823394775,
                        1.744305968284607,
                        1.8174939155578613,
                        1.7065759897232056,
                        1.7208712100982666,
                        1.58201003074646,
                        1.7956211566925049,
                        1.860921025276184,
