{
    "steps": [
        {
            "step": 0,
            "train_loss": 0.001373960287310183,
            "actions_pred1": [
                [
                    [
                        3.496521472930908,
                        1.444190502166748,
                        2.24296236038208,
                        -4.623565196990967
                    ],
                    [
                        4.207059383392334,
                        0.6876848936080933,
                        1.364681363105774,
                        -4.632122993469238
                    ],
                    [
                        4.329139709472656,
                        0.4104619026184082,
                        1.02829110622406,
                        -4.956090927124023
                    ],
                    [
                        4.611618518829346,
                        0.33689647912979126,
                        0.9006446599960327,
                        -5.3385419845581055
                    ],
                    [
                        4.9673027992248535,
                        0.6016092300415039,
                        0.751656174659729,
                        -5.611483573913574
                    ],
                    [
                        5.112029075622559,
                        0.49855631589889526,
                        0.8270429968833923,
                        -5.920742511749268
                    ],
                    [
                        5.1159563064575195,
                        0.6630783081054688,
                        0.6177521347999573,
                        -5.83538818359375
                    ],
                    [
                        5.252743244171143,
                        0.5991250276565552,
                        0.6339343786239624,
                        -6.187469959259033
                    ],
                    [
                        5.254025936126709,
                        1.2210783958435059,
                        1.003753662109375,
                        -6.463767051696777
                    ],
                    [
                        5.576877117156982,
                        1.2071415185928345,
                        0.9329554438591003,
                        -6.610443115234375
                    ],
                    [
                        5.671964645385742,
                        1.0223240852355957,
                        0.8605018854141235,
                        -6.6305766105651855
                    ],
                    [
                        5.680397033691406,
                        1.030686616897583,
                        0.9262111186981201,
                        -6.553948402404785
                    ],
                    [
                        5.739866733551025,
                        1.2000325918197632,
                        0.9472569227218628,
                        -6.621949195861816
                    ],
                    [
                        5.683313369750977,
                        1.175158977508545,
                        1.1783576011657715,
                        -6.5239787101745605
                    ],
                    [
                        5.736367225646973,
                        1.1497273445129395,
                        1.1900770664215088,
                        -6.3108696937561035
                    ],
                    [
                        5.458475589752197,
                        1.0009069442749023,
                        1.0357931852340698,
                        -6.034708499908447
                    ],
                    [
                        5.520821571350098,
                        1.1263248920440674,
                        0.8657379150390625,
                        -6.418835639953613
                    ],
                    [
                        5.518759727478027,
                        1.1389905214309692,
                        0.7751652002334595,
                        -6.334110260009766
                    ],
                    [
                        5.586265563964844,
                        1.2783682346343994,
                        0.843061089515686,
                        -6.288949966430664
                    ],
                    [
                        5.633427619934082,
                        1.398582100868225,
                        1.0965576171875,
                        -6.553215503692627
                    ]
                ]
            ],
            "actions_pred": [
                [
                    [
                        3.496521472930908,
                        4.207059383392334,
                        4.329139709472656,
                        4.611618518829346,
                        4.9673027992248535,
                        5.112029075622559,
                        5.1159563064575195,
                        5.252743244171143,
                        5.254025936126709,
                        5.576877117156982,
                        5.671964645385742,
                        5.680397033691406,
                        5.739866733551025,
                        5.683313369750977,
                        5.736367225646973,
                        5.458475589752197,
                        5.520821571350098,
                        5.518759727478027,
                        5.586265563964844,
                        5.633427619934082
                    ],
                    [
                        1.444190502166748,
                        0.6876848936080933,
                        0.4104619026184082,
                        0.33689647912979126,
                        0.6016092300415039,
                        0.49855631589889526,
                        0.6630783081054688,
                        0.5991250276565552,
                        1.2210783958435059,
                        1.2071415185928345,
                        1.0223240852355957,
                        1.030686616897583,
                        1.2000325918197632,
                        1.175158977508545,
                        1.1497273445129395,
                        1.0009069442749023,
                        1.1263248920440674,
                        1.1389905214309692,
                        1.2783682346343994,
                        1.398582100868225
                    ],
                    [
                        2.24296236038208,
                        1.364681363105774,
                        1.02829110622406,
                        0.9006446599960327,
                        0.751656174659729,
                        0.8270429968833923,
                        0.6177521347999573,
                        0.6339343786239624,
                        1.003753662109375,
                        0.9329554438591003,
                        0.8605018854141235,
                        0.9262111186981201,
                        0.9472569227218628,
                        1.1783576011657715,
                        1.1900770664215088,
                        1.0357931852340698,
                        0.8657379150390625,
                        0.7751652002334595,
                        0.843061089515686,
                        1.0965576171875
                    ],
                    [
                        -4.623565196990967,
                        -4.632122993469238,
                        -4.956090927124023,
                        -5.3385419845581055,
                        -5.611483573913574,
                        -5.920742511749268,
                        -5.83538818359375,
                        -6.187469959259033,
                        -6.463767051696777,
                        -6.610443115234375,
                        -6.6305766105651855,
                        -6.553948402404785,
                        -6.621949195861816,
                        -6.5239787101745605,
                        -6.3108696937561035,
                        -6.034708499908447,
                        -6.418835639953613,
                        -6.334110260009766,
                        -6.288949966430664,
                        -6.553215503692627
                    ]
                ]
            ],
            "states": [
                [
                    [
                        5130264.0,
                        9.53052585828118e-06,
                        0.00017112551722675562,
                        484343.53125
                    ],
                    [
                        5473440.0,
                        9.464440154260956e-06,
                        0.00025726869353093207,
                        530369.25
                    ],
                    [
                        5615344.0,
                        9.396303539688233e-06,
                        0.000244751397985965,
                        507658.4375
                    ],
                    [
                        5705120.0,
                        9.327747648057994e-06,
                        0.0002547030453570187,
                        475297.125
                    ],
                    [
                        5661680.0,
                        9.25990843825275e-06,
                        0.0002602769818622619,
                        509474.46875
                    ],
                    [
                        5626928.0,
                        9.193505320581608e-06,
                        0.00028401854797266424,
                        512406.875
                    ],
                    [
                        7240000.0,
                        9.118992238654755e-06,
                        0.00026182830333709717,
                        473767.34375
                    ],
                    [
                        6098976.0,
                        9.042967576533556e-06,
                        0.00025427230866625905,
                        486137.84375
                    ],
                    [
                        5957072.0,
                        8.975355740403756e-06,
                        0.00025071317213587463,
                        481721.90625
                    ],
                    [
                        6045400.0,
                        8.909044481697492e-06,
                        0.000257556646829471,
                        512695.15625
                    ],
                    [
                        5554528.0,
                        8.845872798701748e-06,
                        0.0002534309751354158,
                        490408.03125
                    ],
                    [
                        5395248.0,
                        8.787061233306304e-06,
                        0.00019772094674408436,
                        502051.125
                    ],
                    [
                        6014992.0,
                        8.726612577447668e-06,
                        0.00023689404770266265,
                        496127.90625
                    ],
                    [
                        5615344.0,
                        8.665836503496394e-06,
                        0.00024040597782004625,
                        497831.1875
                    ],
                    [
                        5961416.0,
                        8.60618456499651e-06,
                        0.00023798528127372265,
                        498399.9375
                    ],
                    [
                        5690640.0,
                        8.546960089006461e-06,
                        0.0002599294239189476,
                        501903.53125
                    ],
                    [
                        6043952.0,
                        8.48813488119049e-06,
                        0.0002636733988765627,
                        501576.46875
                    ],
                    [
                        7975584.0,
                        8.418936886300799e-06,
                        0.00023683813924435526,
                        444337.65625
                    ],
                    [
                        5891912.0,
                        8.351544238394126e-06,
                        0.0002558637352194637,
                        498428.25
                    ],
                    [
                        6125040.0,
                        8.294033250422217e-06,
                        0.00024174025747925043,
                        501703.09375
                    ]
                ]
            ],
            "actions": [
                [
                    [
                        0.25
                    ],
                    [
                        0.25
                    ],
                    [
                        0.25
                    ],
                    [
                        0.25
                    ],
                    [
                        0.25
                    ],
                    [
                        0.25
                    ],
                    [
                        0.25
                    ],
                    [
                        0.25
                    ],
                    [
                        0.25
                    ],
                    [
                        0.25
                    ],
                    [
                        0.25
                    ],
                    [
                        0.25
                    ],
                    [
                        0.25
                    ],
                    [
                        0.25
                    ],
                    [
                        0.25
                    ],
                    [
                        0.25
                    ],
                    [
                        0.25
                    ],
                    [
                        0.25
                    ],
                    [
                        0.25
                    ],
                    [
                        0.25
                    ]
                ]
            ],
            "returns": [
                [
                    [
                        0.20859551429748535
                    ],
                    [
                        0.20766568183898926
                    ],
                    [
                        0.20673011243343353
                    ],
                    [
                        0.20579227805137634
                    ],
                    [
                        0.20485302805900574
                    ],
                    [
                        0.20391446352005005
                    ],
                    [
                        0.20297643542289734
                    ],
                    [
                        0.20201605558395386
                    ],
                    [
                        0.2010708898305893
                    ],
                    [
                        0.20012782514095306
                    ],
                    [
                        0.19918343424797058
                    ],
                    [
                        0.1982465535402298
                    ],
                    [
                        0.19731226563453674
                    ],
                    [
                        0.19636832177639008
                    ],
                    [
                        0.19543048739433289
                    ],
                    [
                        0.19448734819889069
                    ],
                    [
                        0.193548321723938
                    ],
                    [
                        0.1926039606332779
                    ],
                    [
                        0.19163501262664795
                    ],
                    [
                        0.19069290161132812
                    ]
                ]
            ],
            "timesteps": [
                [
                    400,
                    401,
                    402,
                    403,
                    404,
                    405,
                    406,
                    407,
                    408,
                    409,
                    410,
                    411,
                    412,
                    413,
                    414,
                    415,
                    416,
                    417,
                    418,
                    419
                ]
            ],
            "labels": [
                [
                    0,
                    0,
                    0,
                    0,
                    0,
                    0,
                    0,
                    0,
                    0,
                    0,
                    0,
                    0,
                    0,
                    0,
                    0,
                    0,
                    0,
                    0,
                    0,
                    0
                ]
            ],
            "CPU Usage": 45.8,
            "RAM Usage": 54.9,
            "GPU Usage": 0.0,
            "VRAM Usage": 355.0,
            "Disk Read Speed (MB/s)": 206654.6162109375,
            "Disk Write Speed (MB/s)": 434636.7041015625
        },
        {
            "step": 1,
            "train_loss": 0.00029310514219105244,
            "actions_pred1": [
                [
                    [
                        0.6039617657661438,
                        -0.16262975335121155,
                        5.303943157196045,
                        -4.2531843185424805
                    ],
                    [
                        0.357732355594635,
                        0.04472413659095764,
                        5.337130546569824,
                        -4.426552772521973
                    ],
                    [
                        1.064711570739746,
                        0.2724657356739044,
                        5.615674018859863,
                        -4.757788181304932
                    ],
                    [
                        1.0077542066574097,
                        0.43676188588142395,
                        5.624441623687744,
                        -5.046268939971924
                    ],
                    [
                        1.2440547943115234,
                        0.780307412147522,
                        5.578822612762451,
                        -5.477077960968018
                    ],
                    [
                        0.846916675567627,
                        0.3259403109550476,
                        5.4601945877075195,
                        -5.545291423797607
                    ],
                    [
                        0.8260158896446228,
                        -0.057316504418849945,
                        5.867864608764648,
                        -5.440091133117676
                    ],
                    [
                        0.7722570896148682,
                        -0.19530247151851654,
                        5.765841484069824,
                        -5.70672607421875
                    ],
                    [
                        0.9203837513923645,
                        -0.15618380904197693,
                        5.931377410888672,
                        -5.605194568634033
                    ],
                    [
                        0.6344345808029175,
                        -0.213430255651474,
                        6.016839027404785,
                        -5.63657283782959
                    ],
                    [
                        0.8645908832550049,
                        0.2126035988330841,
                        6.018004894256592,
                        -5.761224269866943
                    ],
                    [
                        1.1146466732025146,
                        0.29481396079063416,
                        6.245246887207031,
                        -5.889314651489258
                    ],
                    [
                        1.050335168838501,
                        0.4845539927482605,
                        6.550901889801025,
                        -5.983277320861816
                    ],
                    [
                        0.9926736354827881,
                        0.43757614493370056,
                        6.685225486755371,
                        -5.990882873535156
                    ],
                    [
                        0.9796825647354126,
                        0.4785619378089905,
                        6.783669471740723,
                        -5.941971302032471
                    ],
                    [
                        1.0331597328186035,
                        0.39663755893707275,
                        6.811485767364502,
                        -5.74888277053833
                    ],
                    [
                        1.1313719749450684,
                        0.32706591486930847,
                        6.580070972442627,
                        -5.704311847686768
                    ],
                    [
                        0.8876693844795227,
                        0.4740670323371887,
                        6.658412456512451,
                        -5.439427375793457
                    ],
                    [
                        0.8559833765029907,
                        0.4033252000808716,
                        6.550244331359863,
                        -5.41308069229126
                    ],
                    [
                        0.8362060785293579,
                        0.6148290634155273,
                        6.595648765563965,
                        -5.389159202575684
                    ]
                ]
            ],
            "actions_pred": [
                [
                    [
                        0.6039617657661438,
                        0.357732355594635,
                        1.064711570739746,
                        1.0077542066574097,
                        1.2440547943115234,
                        0.846916675567627,
                        0.8260158896446228,
                        0.7722570896148682,
                        0.9203837513923645,
                        0.6344345808029175,
                        0.8645908832550049,
                        1.1146466732025146,
                        1.050335168838501,
                        0.9926736354827881,
                        0.9796825647354126,
                        1.0331597328186035,
                        1.1313719749450684,
                        0.8876693844795227,
                        0.8559833765029907,
                        0.8362060785293579
                    ],
                    [
                        -0.16262975335121155,
                        0.04472413659095764,
                        0.2724657356739044,
                        0.43676188588142395,
                        0.780307412147522,
                        0.3259403109550476,
                        -0.057316504418849945,
                        -0.19530247151851654,
                        -0.15618380904197693,
                        -0.213430255651474,
                        0.2126035988330841,
                        0.29481396079063416,
                        0.4845539927482605,
                        0.43757614493370056,
                        0.4785619378089905,
                        0.39663755893707275,
                        0.32706591486930847,
                        0.4740670323371887,
                        0.4033252000808716,
                        0.6148290634155273
                    ],
                    [
                        5.303943157196045,
                        5.337130546569824,
                        5.615674018859863,
                        5.624441623687744,
                        5.578822612762451,
                        5.4601945877075195,
                        5.867864608764648,
                        5.765841484069824,
                        5.931377410888672,
                        6.016839027404785,
                        6.018004894256592,
                        6.245246887207031,
                        6.550901889801025,
                        6.685225486755371,
                        6.783669471740723,
                        6.811485767364502,
                        6.580070972442627,
                        6.658412456512451,
                        6.550244331359863,
                        6.595648765563965
                    ],
                    [
                        -4.2531843185424805,
                        -4.426552772521973,
                        -4.757788181304932,
                        -5.046268939971924,
                        -5.477077960968018,
                        -5.545291423797607,
                        -5.440091133117676,
                        -5.70672607421875,
                        -5.605194568634033,
                        -5.63657283782959,
                        -5.761224269866943,
                        -5.889314651489258,
                        -5.983277320861816,
                        -5.990882873535156,
                        -5.941971302032471,
                        -5.74888277053833,
                        -5.704311847686768,
                        -5.439427375793457,
                        -5.41308069229126,
                        -5.389159202575684
                    ]
                ]
            ],
            "states": [
                [
                    [
                        9069003.0,
                        0.0034533278085291386,
                        0.0002651966060511768,
                        441188.5625
                    ],
                    [
                        11320464.0,
                        0.000310528528643772,
                        0.0002789112040773034,
                        436995.21875
                    ],
                    [
                        10438632.0,
                        0.00017193457460962236,
                        0.00025781430304050446,
                        493798.40625
                    ],
                    [
                        10012920.0,
                        0.00012196777242934331,
                        0.0002818313369061798,
                        466062.65625
                    ],
                    [
                        10120072.0,
                        9.498456347500905e-05,
                        0.00027022496215067804,
                        484496.1875
                    ],
                    [
                        9115160.0,
                        7.838496094336733e-05,
                        0.00027221045456826687,
                        480218.375
                    ],
                    [
                        8819768.0,
                        6.74370166962035e-05,
                        0.0002733847650233656,
                        463188.125
                    ],
                    [
                        9522048.0,
                        5.902954944758676e-05,
                        0.00026607781182974577,
                        571538.5
                    ],
                    [
                        9099232.0,
                        5.2383467846084386e-05,
                        0.00028466759249567986,
                        601120.625
                    ],
                    [
                        8877688.0,
                        4.72521896881517e-05,
                        0.0002693114511203021,
                        590414.6875
                    ],
                    [
                        7406288.0,
                        4.339466249803081e-05,
                        0.0002695369767025113,
                        529230.5625
                    ],
                    [
                        7668840.0,
                        4.0354032535105944e-05,
                        0.00026757299201563,
                        612860.8125
                    ],
                    [
                        7531048.0,
                        3.768979149754159e-05,
                        0.0002770914288703352,
                        740788.0625
                    ],
                    [
                        7394936.0,
                        3.539538010954857e-05,
                        0.0002540841815061867,
                        705727.25
                    ],
                    [
                        6951848.0,
                        3.34380820277147e-05,
                        0.0002650599053595215,
                        732259.125
                    ],
                    [
                        6330656.0,
                        3.180928251822479e-05,
                        0.00027801760006695986,
                        722867.4375
                    ],
                    [
                        5884672.0,
                        3.0445722586591728e-05,
                        0.0002704633225221187,
                        677627.4375
                    ],
                    [
                        5363392.0,
                        2.9289631129358895e-05,
                        0.0002756867033895105,
                        805457.5625
                    ],
                    [
                        5311264.0,
                        2.82715027424274e-05,
                        0.00025344316964037716,
                        860605.0
                    ],
                    [
                        5401040.0,
                        2.6375411835033447e-05,
                        0.000413205154472962,
                        833632.5625
                    ]
                ]
            ],
            "actions": [
                [
                    [
                        0.75
                    ],
                    [
                        0.75
                    ],
                    [
                        0.75
                    ],
                    [
                        0.75
                    ],
                    [
                        0.75
                    ],
                    [
                        0.75
                    ],
                    [
                        0.75
                    ],
                    [
                        0.75
                    ],
                    [
                        0.75
                    ],
                    [
                        0.75
                    ],
                    [
                        0.75
                    ],
                    [
                        0.75
                    ],
                    [
                        0.75
                    ],
                    [
                        0.75
                    ],
                    [
                        0.75
                    ],
                    [
                        0.75
                    ],
                    [
                        0.75
                    ],
                    [
                        0.75
                    ],
                    [
                        0.75
                    ],
                    [
                        0.75
                    ]
                ]
            ],
            "returns": [
                [
                    [
                        0.5809153318405151
                    ],
                    [
                        0.5799350142478943
                    ],
                    [
                        0.5789350271224976
                    ],
                    [
                        0.5779421925544739
                    ],
                    [
                        0.5769530534744263
                    ],
                    [
                        0.575963020324707
                    ],
                    [
                        0.574982225894928
                    ],
                    [
                        0.5740043520927429
                    ],
                    [
                        0.5730196833610535
                    ],
                    [
                        0.5720390677452087
                    ],
                    [
                        0.5710605978965759
                    ],
                    [
                        0.5700982213020325
                    ],
                    [
                        0.5691327452659607
                    ],
                    [
                        0.5681688785552979
                    ],
                    [
                        0.567206621170044
                    ],
                    [
                        0.5662498474121094
                    ],
                    [
                        0.5653014183044434
                    ],
                    [
                        0.5643594264984131
                    ],
                    [
                        0.563425600528717
                    ],
                    [
                        0.5624927282333374
                    ]
                ]
            ],
            "timesteps": [
                [
                    0,
                    1,
                    2,
                    3,
                    4,
                    5,
                    6,
                    7,
                    8,
                    9,
                    10,
                    11,
                    12,
                    13,
                    14,
                    15,
                    16,
                    17,
                    18,
                    19
                ]
            ],
            "labels": [
                [
                    2,
                    2,
                    2,
                    2,
                    2,
                    2,
                    2,
                    2,
                    2,
                    2,
                    2,
                    2,
                    2,
                    2,
                    2,
                    2,
                    2,
                    2,
                    2,
                    2
                ]
            ],
            "CPU Usage": 46.7,
            "RAM Usage": 55.1,
            "GPU Usage": 0.0,
            "VRAM Usage": 355.0,
            "Disk Read Speed (MB/s)": 206654.6162109375,
            "Disk Write Speed (MB/s)": 434636.8369140625
        },
        {
            "step": 2,
            "train_loss": 0.00354488892480731,
            "actions_pred1": [
                [
                    [
                        3.452181577682495,
                        0.8769168257713318,
                        2.901472568511963,
                        -2.916008710861206
                    ],
                    [
                        3.9553189277648926,
                        1.074111819267273,
                        2.5657191276550293,
                        -3.2357494831085205
                    ],
                    [
                        4.168545246124268,
                        1.0733956098556519,
                        1.8438258171081543,
                        -4.135134220123291
                    ],
                    [
                        4.329611301422119,
                        1.0836057662963867,
                        1.520694613456726,
                        -4.49276065826416
                    ],
                    [
                        4.290605545043945,
                        1.5510772466659546,
                        1.5171761512756348,
                        -4.740281105041504
                    ],
                    [
                        4.413242816925049,
                        1.322669506072998,
                        1.4719913005828857,
                        -5.125016689300537
                    ],
                    [
                        4.237691402435303,
                        0.9015898704528809,
                        1.8807076215744019,
                        -5.693812847137451
                    ],
                    [
                        4.073800086975098,
                        0.6808327436447144,
                        1.9932363033294678,
                        -6.0420613288879395
                    ],
                    [
                        4.283375263214111,
                        0.9288516044616699,
                        1.8924479484558105,
                        -5.794188022613525
                    ],
                    [
                        4.797954559326172,
                        0.8747360110282898,
                        1.72365403175354,
                        -5.76189661026001
                    ],
                    [
                        4.4817304611206055,
                        0.8080344796180725,
                        1.5545343160629272,
                        -5.71697998046875
                    ],
                    [
                        4.22476863861084,
                        0.6442862749099731,
                        1.735874891281128,
                        -5.673027038574219
                    ],
                    [
                        4.139920711517334,
                        0.6314693093299866,
                        1.4472613334655762,
                        -5.412746429443359
                    ],
                    [
                        4.449612617492676,
                        0.6713913083076477,
                        1.1331537961959839,
                        -5.38799524307251
                    ],
                    [
                        4.861527442932129,
                        1.0419703722000122,
                        1.233696460723877,
                        -5.373292922973633
                    ],
                    [
                        4.763921737670898,
                        0.921612560749054,
                        1.3171406984329224,
                        -5.5359086990356445
                    ],
                    [
                        4.88509464263916,
                        0.6683118343353271,
                        1.3924858570098877,
                        -5.447126865386963
                    ],
                    [
                        4.720358848571777,
                        0.5622571706771851,
                        1.269067406654358,
                        -5.651878356933594
                    ],
                    [
                        4.859355926513672,
                        0.5766081809997559,
                        1.1273382902145386,
                        -5.865955352783203
                    ],
                    [
                        4.779664993286133,
                        0.8871793746948242,
                        1.0983796119689941,
                        -6.112613677978516
                    ]
                ]
            ],
            "actions_pred": [
                [
                    [
                        3.452181577682495,
                        3.9553189277648926,
                        4.168545246124268,
                        4.329611301422119,
                        4.290605545043945,
                        4.413242816925049,
                        4.237691402435303,
                        4.073800086975098,
                        4.283375263214111,
                        4.797954559326172,
                        4.4817304611206055,
                        4.22476863861084,
                        4.139920711517334,
                        4.449612617492676,
                        4.861527442932129,
                        4.763921737670898,
                        4.88509464263916,
