{
    "steps": [
        {
            "step": 0,
            "train_loss": 0.03111284039914608,
            "actions_pred1": [
                [
                    [
                        0.5755911469459534,
                        0.7730381488800049,
                        1.1572630405426025,
                        -2.3215415477752686
                    ],
                    [
                        0.48523008823394775,
                        0.9639217257499695,
                        1.4816420078277588,
                        -2.050360679626465
                    ],
                    [
                        0.4820912778377533,
                        1.3205831050872803,
                        1.4989068508148193,
                        -2.230356454849243
                    ],
                    [
                        0.4752662777900696,
                        1.4337680339813232,
                        1.5990359783172607,
                        -2.402677536010742
                    ],
                    [
                        0.5757779479026794,
                        1.5249788761138916,
                        1.6436656713485718,
                        -2.575429916381836
                    ],
                    [
                        0.6352035999298096,
                        1.4220459461212158,
                        1.5415968894958496,
                        -2.737220048904419
                    ],
                    [
                        0.7443134784698486,
                        1.5787198543548584,
                        1.6842528581619263,
                        -2.960892915725708
                    ],
                    [
                        0.7979307770729065,
                        1.595810890197754,
                        1.5722944736480713,
                        -2.9064688682556152
                    ],
                    [
                        0.6568467020988464,
                        1.497410535812378,
                        1.5976299047470093,
                        -2.965299606323242
                    ],
                    [
                        0.6753221154212952,
                        1.5615592002868652,
                        1.6026215553283691,
                        -2.969810962677002
                    ],
                    [
                        0.6159576177597046,
                        1.4018471240997314,
                        1.707466721534729,
                        -3.1955034732818604
                    ],
                    [
                        0.5590368509292603,
                        1.4424536228179932,
                        1.7133315801620483,
                        -3.5358071327209473
                    ],
                    [
                        0.5482232570648193,
                        1.5138568878173828,
                        1.748663067817688,
                        -3.5636069774627686
                    ],
                    [
                        0.5380302667617798,
                        1.5634403228759766,
                        1.736860752105713,
                        -3.4114811420440674
                    ],
                    [
                        0.4693531394004822,
                        1.5402615070343018,
                        1.9204050302505493,
                        -4.057905197143555
                    ],
                    [
                        0.7313284873962402,
                        1.4917287826538086,
                        1.9181116819381714,
                        -4.143377780914307
                    ],
                    [
                        0.6585021018981934,
                        1.5901920795440674,
                        2.0227348804473877,
                        -4.217750549316406
                    ],
                    [
                        0.7091490626335144,
                        1.6991541385650635,
                        1.7180057764053345,
                        -3.83261775970459
                    ],
                    [
                        0.7291516661643982,
                        1.7198238372802734,
                        2.0031940937042236,
                        -4.013920783996582
                    ],
                    [
                        0.7550736665725708,
                        1.7472188472747803,
                        2.02289080619812,
                        -4.083981513977051
                    ]
                ]
            ],
            "actions_pred": [
                [
                    [
                        0.5755911469459534,
                        0.48523008823394775,
                        0.4820912778377533,
                        0.4752662777900696,
                        0.5757779479026794,
                        0.6352035999298096,
                        0.7443134784698486,
                        0.7979307770729065,
                        0.6568467020988464,
                        0.6753221154212952,
                        0.6159576177597046,
                        0.5590368509292603,
                        0.5482232570648193,
                        0.5380302667617798,
                        0.4693531394004822,
                        0.7313284873962402,
                        0.6585021018981934,
                        0.7091490626335144,
                        0.7291516661643982,
                        0.7550736665725708
                    ],
                    [
                        0.7730381488800049,
                        0.9639217257499695,
                        1.3205831050872803,
                        1.4337680339813232,
                        1.5249788761138916,
                        1.4220459461212158,
                        1.5787198543548584,
                        1.595810890197754,
                        1.497410535812378,
                        1.5615592002868652,
                        1.4018471240997314,
                        1.4424536228179932,
                        1.5138568878173828,
                        1.5634403228759766,
                        1.5402615070343018,
                        1.4917287826538086,
                        1.5901920795440674,
                        1.6991541385650635,
                        1.7198238372802734,
                        1.7472188472747803
                    ],
                    [
                        1.1572630405426025,
                        1.4816420078277588,
                        1.4989068508148193,
                        1.5990359783172607,
                        1.6436656713485718,
                        1.5415968894958496,
                        1.6842528581619263,
                        1.5722944736480713,
                        1.5976299047470093,
                        1.6026215553283691,
                        1.707466721534729,
                        1.7133315801620483,
                        1.748663067817688,
                        1.736860752105713,
                        1.9204050302505493,
                        1.9181116819381714,
                        2.0227348804473877,
                        1.7180057764053345,
                        2.0031940937042236,
                        2.02289080619812
                    ],
                    [
                        -2.3215415477752686,
                        -2.050360679626465,
                        -2.230356454849243,
                        -2.402677536010742,
                        -2.575429916381836,
                        -2.737220048904419,
                        -2.960892915725708,
                        -2.9064688682556152,
                        -2.965299606323242,
                        -2.969810962677002,
                        -3.1955034732818604,
                        -3.5358071327209473,
                        -3.5636069774627686,
                        -3.4114811420440674,
                        -4.057905197143555,
                        -4.143377780914307,
                        -4.217750549316406,
                        -3.83261775970459,
                        -4.013920783996582,
                        -4.083981513977051
                    ]
                ]
            ],
            "states": [
                [
                    [
                        6436360.0,
                        3.756791920750402e-05,
                        0.00023788119142409414,
                        525420.0
                    ],
                    [
                        5822408.0,
                        3.5673747333930805e-05,
                        0.0002484873402863741,
                        540076.8125
                    ],
                    [
                        6120696.0,
                        3.400527930352837e-05,
                        0.00025739934062585235,
                        546681.375
                    ],
                    [
                        6143632.0,
                        3.2446547265863046e-05,
                        0.00019004895875696093,
                        549135.1875
                    ],
                    [
                        6290344.0,
                        3.100591857219115e-05,
                        0.00022606240236200392,
                        515628.96875
                    ],
                    [
                        7225288.0,
                        2.9579521651612595e-05,
                        0.0002532026555854827,
                        501138.75
                    ],
                    [
                        5695216.0,
                        2.8330134227871895e-05,
                        0.0002667571825440973,
                        501280.09375
                    ],
                    [
                        6048296.0,
                        2.72848174063256e-05,
                        0.00026687141507864,
                        520591.84375
                    ],
                    [
                        5956840.0,
                        2.6292696929886006e-05,
                        0.0002529114135541022,
                        510954.5
                    ],
                    [
                        5511320.0,
                        2.5409783120267093e-05,
                        0.0002583715249784291,
                        498321.25
                    ],
                    [
                        7421000.0,
                        2.448467603244353e-05,
                        0.001365873496979475,
                        470548.53125
                    ],
                    [
                        6653560.0,
                        2.3549235265818425e-05,
                        0.0008239395683631301,
                        489404.40625
                    ],
                    [
                        5919424.0,
                        2.2772055672248825e-05,
                        0.0005388445570133626,
                        494672.6875
                    ],
                    [
                        6049744.0,
                        2.2078909751144238e-05,
                        0.0005018769879825413,
                        522203.84375
                    ],
                    [
                        5699328.0,
                        2.1438178009702824e-05,
                        0.0005396626074798405,
                        525676.375
                    ],
                    [
                        5907840.0,
                        2.084095285681542e-05,
                        0.00039070475031621754,
                        484434.71875
                    ],
                    [
                        7654128.0,
                        2.0184714230708778e-05,
                        0.00037147922557778656,
                        485244.75
                    ],
                    [
                        6171376.0,
                        1.9555423932615668e-05,
                        0.00035373689024709165,
                        520211.9375
                    ],
                    [
                        5359048.0,
                        1.9060054910369217e-05,
                        0.0003472233365755528,
                        514446.75
                    ],
                    [
                        5344568.0,
                        1.8622442439664155e-05,
                        0.00021890846255701035,
                        526664.75
                    ]
                ]
            ],
            "actions": [
                [
                    [
                        0.5
                    ],
                    [
                        0.5
                    ],
                    [
                        0.5
                    ],
                    [
                        0.5
                    ],
                    [
                        0.5
                    ],
                    [
                        0.5
                    ],
                    [
                        0.5
                    ],
                    [
                        0.5
                    ],
                    [
                        0.5
                    ],
                    [
                        0.5
                    ],
                    [
                        0.5
                    ],
                    [
                        0.5
                    ],
                    [
                        0.5
                    ],
                    [
                        0.5
                    ],
                    [
                        0.5
                    ],
                    [
                        0.5
                    ],
                    [
                        0.5
                    ],
                    [
                        0.5
                    ],
                    [
                        0.5
                    ],
                    [
                        0.5
                    ]
                ]
            ],
            "returns": [
                [
                    [
                        0.17125853896141052
                    ],
                    [
                        0.17030860483646393
                    ],
                    [
                        0.16936755180358887
                    ],
                    [
                        0.16842207312583923
                    ],
                    [
                        0.16747625172138214
                    ],
                    [
                        0.1665283590555191
                    ],
                    [
                        0.16556815803050995
                    ],
                    [
                        0.16462907195091248
                    ],
                    [
                        0.1636846512556076
                    ],
                    [
                        0.16274157166481018
                    ],
                    [
                        0.1618053913116455
                    ],
                    [
                        0.16084282100200653
                    ],
                    [
                        0.15988995134830475
                    ],
                    [
                        0.1589474231004715
                    ],
                    [
                        0.15800298750400543
                    ],
                    [
                        0.157063826918602
                    ],
                    [
                        0.15612147748470306
                    ],
                    [
                        0.1551561802625656
                    ],
                    [
                        0.15420997142791748
                    ],
                    [
                        0.153276264667511
                    ]
                ]
            ],
            "timesteps": [
                [
                    440,
                    441,
                    442,
                    443,
                    444,
                    445,
                    446,
                    447,
                    448,
                    449,
                    450,
                    451,
                    452,
                    453,
                    454,
                    455,
                    456,
                    457,
                    458,
                    459
                ]
            ],
            "labels": [
                [
                    1,
                    1,
                    1,
                    1,
                    1,
                    1,
                    1,
                    1,
                    1,
                    1,
                    1,
                    1,
                    1,
                    1,
                    1,
                    1,
                    1,
                    1,
                    1,
                    1
                ]
            ],
            "CPU Usage": 46.3,
            "RAM Usage": 55.0,
            "GPU Usage": 0.0,
            "VRAM Usage": 356.0,
            "Disk Read Speed (MB/s)": 206643.8505859375,
            "Disk Write Speed (MB/s)": 407987.4541015625
        },
        {
            "step": 1,
            "train_loss": 0.022447559982538223,
            "actions_pred1": [
                [
                    [
                        0.03853592276573181,
                        1.6481289863586426,
                        2.4321963787078857,
                        -3.367238759994507
                    ],
                    [
                        0.2690896987915039,
                        1.613278865814209,
                        2.4922940731048584,
                        -3.344440460205078
                    ],
                    [
                        0.3439595103263855,
                        1.7522910833358765,
                        2.587235927581787,
                        -3.7896296977996826
                    ],
                    [
                        0.10654585063457489,
                        1.9879627227783203,
                        2.6202046871185303,
                        -4.227236747741699
                    ],
                    [
                        0.060425594449043274,
                        2.3962438106536865,
                        2.308772087097168,
                        -4.399691104888916
                    ],
                    [
                        0.16085906326770782,
                        2.3656177520751953,
                        2.2320127487182617,
                        -4.1795878410339355
                    ],
                    [
                        0.4139788746833801,
                        2.3486108779907227,
                        1.9450829029083252,
                        -4.0044331550598145
                    ],
                    [
                        0.33003249764442444,
                        2.3425710201263428,
                        2.2489137649536133,
                        -3.8498945236206055
                    ],
                    [
                        0.300396591424942,
                        2.4567861557006836,
                        2.2861979007720947,
                        -3.775440216064453
                    ],
                    [
                        0.10003161430358887,
                        2.4244024753570557,
                        2.2803993225097656,
                        -3.8374013900756836
                    ],
                    [
                        -0.030277639627456665,
                        2.5513436794281006,
                        2.783698797225952,
                        -4.231452941894531
                    ],
                    [
                        0.03202815353870392,
                        2.4494881629943848,
                        2.597853660583496,
                        -4.082637786865234
                    ],
                    [
                        0.14537101984024048,
                        2.3888020515441895,
                        2.6032114028930664,
                        -4.131389141082764
                    ],
                    [
                        0.09224274754524231,
                        2.003469467163086,
                        2.4557888507843018,
                        -3.8402903079986572
                    ],
                    [
                        0.1364402174949646,
                        2.5266530513763428,
                        2.510916233062744,
                        -4.479880332946777
                    ],
                    [
                        0.1295163631439209,
                        2.354118585586548,
                        2.202317953109741,
                        -4.005634784698486
                    ],
                    [
                        0.27368488907814026,
                        2.3553593158721924,
                        2.0342111587524414,
                        -3.7935001850128174
                    ],
                    [
                        0.36441922187805176,
                        2.1396372318267822,
                        1.9202024936676025,
                        -3.7050693035125732
                    ],
                    [
                        0.5575422644615173,
                        2.155712127685547,
                        2.174659490585327,
                        -3.900986909866333
                    ],
                    [
                        0.4677875339984894,
                        2.240589141845703,
                        2.309342384338379,
                        -4.033646106719971
                    ]
                ]
            ],
            "actions_pred": [
                [
                    [
                        0.03853592276573181,
                        0.2690896987915039,
                        0.3439595103263855,
                        0.10654585063457489,
                        0.060425594449043274,
                        0.16085906326770782,
                        0.4139788746833801,
                        0.33003249764442444,
                        0.300396591424942,
                        0.10003161430358887,
                        -0.030277639627456665,
                        0.03202815353870392,
                        0.14537101984024048,
                        0.09224274754524231,
                        0.1364402174949646,
                        0.1295163631439209,
                        0.27368488907814026,
                        0.36441922187805176,
                        0.5575422644615173,
                        0.4677875339984894
                    ],
                    [
                        1.6481289863586426,
                        1.613278865814209,
                        1.7522910833358765,
                        1.9879627227783203,
                        2.3962438106536865,
                        2.3656177520751953,
                        2.3486108779907227,
                        2.3425710201263428,
                        2.4567861557006836,
                        2.4244024753570557,
                        2.5513436794281006,
                        2.4494881629943848,
                        2.3888020515441895,
                        2.003469467163086,
                        2.5266530513763428,
                        2.354118585586548,
                        2.3553593158721924,
                        2.1396372318267822,
                        2.155712127685547,
                        2.240589141845703
                    ],
                    [
                        2.4321963787078857,
                        2.4922940731048584,
                        2.587235927581787,
                        2.6202046871185303,
                        2.308772087097168,
                        2.2320127487182617,
                        1.9450829029083252,
                        2.2489137649536133,
                        2.2861979007720947,
                        2.2803993225097656,
                        2.783698797225952,
                        2.597853660583496,
                        2.6032114028930664,
                        2.4557888507843018,
                        2.510916233062744,
                        2.202317953109741,
                        2.0342111587524414,
                        1.9202024936676025,
                        2.174659490585327,
                        2.309342384338379
                    ],
                    [
                        -3.367238759994507,
                        -3.344440460205078,
                        -3.7896296977996826,
                        -4.227236747741699,
                        -4.399691104888916,
                        -4.1795878410339355,
                        -4.0044331550598145,
                        -3.8498945236206055,
                        -3.775440216064453,
                        -3.8374013900756836,
                        -4.231452941894531,
                        -4.082637786865234,
                        -4.131389141082764,
                        -3.8402903079986572,
                        -4.479880332946777,
                        -4.005634784698486,
                        -3.7935001850128174,
                        -3.7050693035125732,
                        -3.900986909866333,
                        -4.033646106719971
                    ]
                ]
            ],
            "states": [
                [
                    [
                        5847024.0,
                        7.17427474228316e-06,
                        0.0002797465131152421,
                        862261.25
                    ],
                    [
                        5130264.0,
                        7.109771104296669e-06,
                        0.00027696648612618446,
                        791462.9375
                    ],
                    [
                        5460408.0,
                        7.0486535150848795e-06,
                        0.0002747685939539224,
                        848104.9375
                    ],
                    [
                        5159224.0,
                        6.988396307860967e-06,
                        0.000255326071055606,
                        826896.4375
                    ],
                    [
                        5280856.0,
                        6.9301599978643935e-06,
                        0.0002729953557718545,
                        850071.375
                    ],
                    [
                        5415520.0,
                        6.871501227578847e-06,
                        0.00026464968686923385,
                        894284.875
                    ],
                    [
                        5138952.0,
                        6.81457140672137e-06,
                        0.000260901142610237,
                        824406.5
                    ],
                    [
                        5364840.0,
                        6.758851213817252e-06,
                        0.00026091569452546537,
                        837380.25
                    ],
                    [
                        8605643.0,
                        0.0036125751212239265,
                        0.0002766261750366539,
                        462352.0625
                    ],
                    [
                        10015816.0,
                        0.00033437556703574955,
                        0.00026207882910966873,
                        482968.0625
                    ],
                    [
                        7806168.0,
                        0.00019468956452328712,
                        0.00027697221958078444,
                        473153.5
                    ],
                    [
                        6004856.0,
                        0.00014804340025875717,
                        0.00037561735371127725,
                        563905.9375
                    ],
                    [
                        3835752.0,
                        0.00012653775047510862,
                        0.000348972505889833,
                        546822.625
                    ],
                    [
                        693592.0,
                        0.00011859468213515356,
                        0.000344088242854923,
                        536207.0
                    ],
                    [
                        1136680.0,
                        0.00011570940841920674,
                        0.00030916635296307504,
                        532932.75
                    ],
                    [
                        755856.0,
                        0.0001128598305513151,
                        0.00029186115716584027,
                        668301.125
                    ],
                    [
                        573408.0,
                        0.00011094257206423208,
                        0.00031188191496767104,
                        741689.6875
                    ],
                    [
                        432952.0,
                        0.0001095341140171513,
                        0.0003927450452465564,
                        678985.1875
                    ],
                    [
                        1216320.0,
                        0.00010730996291385964,
                        0.00034627493005245924,
                        618105.1875
                    ],
                    [
                        4131144.0,
                        0.00010072957229567692,
                        0.00028098482289351523,
                        571491.4375
                    ]
                ]
            ],
            "actions": [
                [
                    [
                        0.75
                    ],
                    [
                        0.75
                    ],
                    [
                        0.75
                    ],
                    [
                        0.75
                    ],
                    [
                        0.75
                    ],
                    [
                        0.75
                    ],
                    [
                        0.75
                    ],
                    [
                        0.75
                    ],
                    [
                        0.5
                    ],
                    [
                        0.5
                    ],
                    [
                        0.5
                    ],
                    [
                        0.5
                    ],
                    [
                        0.5
                    ],
                    [
                        0.5
                    ],
                    [
                        0.5
                    ],
                    [
                        0.5
                    ],
                    [
                        0.5
                    ],
                    [
                        0.5
                    ],
                    [
                        0.5
                    ],
                    [
                        0.5
                    ]
                ]
            ],
            "returns": [
                [
                    [
                        0.48685410618782043
                    ],
                    [
                        0.4859126806259155
                    ],
                    [
                        0.48498284816741943
                    ],
                    [
                        0.4840475022792816
                    ],
                    [
                        0.48311716318130493
                    ],
                    [
                        0.4821847677230835
                    ],
                    [
                        0.481250137090683
                    ],
                    [
                        0.48032015562057495
                    ],
                    [
                        0.4793863594532013
                    ],
                    [
                        0.47841066122055054
                    ],
                    [
                        0.47742152214050293
                    ],
                    [
                        0.4764544665813446
                    ],
                    [
                        0.47551068663597107
                    ],
                    [
                        0.47460663318634033
                    ],
                    [
                        0.4738542139530182
                    ],
                    [
                        0.47305798530578613
                    ],
                    [
                        0.4722979664802551
                    ],
                    [
                        0.47156238555908203
                    ],
                    [
                        0.47085174918174744
                    ],
                    [
                        0.47004953026771545
                    ]
                ]
            ],
            "timesteps": [
                [
                    100,
                    101,
                    102,
                    103,
                    104,
                    105,
                    106,
                    107,
                    108,
                    109,
                    110,
                    111,
                    112,
                    113,
                    114,
                    115,
                    116,
                    117,
                    118,
                    119
                ]
            ],
            "labels": [
                [
                    2,
                    2,
                    2,
                    2,
                    2,
                    2,
                    2,
                    2,
                    1,
                    1,
                    1,
                    1,
                    1,
                    1,
                    1,
                    1,
                    1,
                    1,
                    1,
                    1
                ]
            ],
            "CPU Usage": 46.7,
            "RAM Usage": 55.1,
            "GPU Usage": 0.0,
            "VRAM Usage": 356.0,
            "Disk Read Speed (MB/s)": 206643.8505859375,
            "Disk Write Speed (MB/s)": 407987.5869140625
        },
        {
            "step": 2,
            "train_loss": 0.04466985911130905,
            "actions_pred1": [
                [
                    [
                        1.16776442527771,
                        0.4775787889957428,
                        2.1467835903167725,
                        -1.9028801918029785
                    ],
                    [
                        1.1190906763076782,
                        0.4954487085342407,
                        1.9022480249404907,
                        -1.8840038776397705
                    ],
                    [
                        0.8085170388221741,
                        0.516610860824585,
                        1.6545988321304321,
                        -2.1552605628967285
                    ],
                    [
                        0.6647427082061768,
                        0.49519288539886475,
                        1.6272480487823486,
                        -2.227388381958008
                    ],
                    [
                        0.6031212210655212,
                        0.5782584547996521,
                        1.636549472808838,
                        -2.3326640129089355
                    ],
                    [
                        0.5362125635147095,
                        0.49907559156417847,
                        1.6600724458694458,
                        -2.4585413932800293
                    ],
                    [
                        0.4545579254627228,
                        0.4137106239795685,
                        1.753119945526123,
                        -2.6277642250061035
                    ],
                    [
                        0.5309737920761108,
                        0.4649467468261719,
                        1.8229873180389404,
                        -2.855731248855591
                    ],
                    [
                        0.878416121006012,
                        0.6945695877075195,
                        1.8430216312408447,
                        -2.980806827545166
                    ],
                    [
                        1.202093482017517,
                        0.6428109407424927,
                        1.7718074321746826,
                        -3.285487651824951
                    ],
                    [
                        1.20957612991333,
                        0.7090226411819458,
                        1.8097833395004272,
                        -3.4956154823303223
                    ],
                    [
                        1.2148585319519043,
                        0.7027827501296997,
                        2.007563591003418,
                        -3.6430766582489014
                    ],
                    [
                        1.1908535957336426,
                        0.7710745334625244,
                        1.876893401145935,
                        -3.713315010070801
                    ],
                    [
                        1.2327971458435059,
                        0.7951668500900269,
                        1.7729378938674927,
                        -3.439270257949829
                    ],
                    [
                        1.327120065689087,
                        0.9019525647163391,
                        1.914527177810669,
                        -3.4944822788238525
                    ],
                    [
                        1.2262840270996094,
                        0.8710283637046814,
                        1.9140256643295288,
                        -3.60585355758667
                    ],
                    [
                        1.3173152208328247,
                        0.6684366464614868,
                        1.8216707706451416,
                        -3.647613048553467
                    ],
                    [
                        0.9582266211509705,
                        0.8421142101287842,
                        1.9317574501037598,
                        -3.8377480506896973
                    ],
                    [
                        0.7924601435661316,
                        1.0007739067077637,
                        1.8640036582946777,
                        -3.3667662143707275
                    ],
                    [
                        0.8421730399131775,
                        1.1101188659667969,
                        1.7649140357971191,
                        -3.4018001556396484
                    ]
                ]
            ],
            "actions_pred": [
                [
                    [
                        1.16776442527771,
                        1.1190906763076782,
                        0.8085170388221741,
                        0.6647427082061768,
                        0.6031212210655212,
                        0.5362125635147095,
                        0.4545579254627228,
                        0.5309737920761108,
                        0.878416121006012,
                        1.202093482017517,
                        1.20957612991333,
                        1.2148585319519043,
                        1.1908535957336426,
                        1.2327971458435059,
