{
    "steps": [
        {
            "step": 0,
            "train_loss": 0.02754702791571617,
            "actions_pred1": [
                [
                    [
                        0.6651118397712708,
                        0.484904944896698,
                        1.087016224861145,
                        -1.9477777481079102
                    ],
                    [
                        0.47649943828582764,
                        0.6260566115379333,
                        1.0952800512313843,
                        -1.9982683658599854
                    ],
                    [
                        0.46205469965934753,
                        0.5940077900886536,
                        1.1645090579986572,
                        -2.032942771911621
                    ],
                    [
                        0.391091525554657,
                        0.5995752811431885,
                        1.3256462812423706,
                        -2.057175397872925
                    ],
                    [
                        0.4931817054748535,
                        0.617584228515625,
                        1.3530439138412476,
                        -2.1272671222686768
                    ],
                    [
                        0.3956509828567505,
                        0.6068676114082336,
                        1.3023042678833008,
                        -2.1289455890655518
                    ],
                    [
                        0.36898186802864075,
                        0.6430686116218567,
                        1.4716315269470215,
                        -2.4263854026794434
                    ],
                    [
                        0.5048474669456482,
                        0.5415941476821899,
                        1.5263830423355103,
                        -2.4387667179107666
                    ],
                    [
                        0.5678950548171997,
                        0.5254054069519043,
                        1.4362496137619019,
                        -2.520103931427002
                    ],
                    [
                        0.5254995822906494,
                        0.5309208631515503,
                        1.4458459615707397,
                        -2.5708556175231934
                    ],
                    [
                        0.5045558214187622,
                        0.48558229207992554,
                        1.5066200494766235,
                        -2.4901275634765625
                    ],
                    [
                        0.5585163235664368,
                        0.4226778447628021,
                        1.4769970178604126,
                        -2.549543857574463
                    ],
                    [
                        0.5729631185531616,
                        0.524927020072937,
                        1.5912225246429443,
                        -2.4395203590393066
                    ],
                    [
                        0.4825596213340759,
                        0.651325523853302,
                        1.6959413290023804,
                        -2.5143508911132812
                    ],
                    [
                        0.5244708061218262,
                        0.6165981292724609,
                        1.6496275663375854,
                        -2.633530378341675
                    ],
                    [
                        0.5555388331413269,
                        0.5636775493621826,
                        1.6744495630264282,
                        -2.7039806842803955
                    ],
                    [
                        0.37859004735946655,
                        0.6124778985977173,
                        1.747143268585205,
                        -2.8692407608032227
                    ],
                    [
                        0.5636495351791382,
                        0.6716885566711426,
                        1.6851556301116943,
                        -2.6721887588500977
                    ],
                    [
                        0.5391907691955566,
                        0.628123939037323,
                        1.5603246688842773,
                        -2.6149301528930664
                    ],
                    [
                        0.546281099319458,
                        0.6091030836105347,
                        1.547909140586853,
                        -2.669674873352051
                    ]
                ]
            ],
            "actions_pred": [
                [
                    [
                        0.6651118397712708,
                        0.47649943828582764,
                        0.46205469965934753,
                        0.391091525554657,
                        0.4931817054748535,
                        0.3956509828567505,
                        0.36898186802864075,
                        0.5048474669456482,
                        0.5678950548171997,
                        0.5254995822906494,
                        0.5045558214187622,
                        0.5585163235664368,
                        0.5729631185531616,
                        0.4825596213340759,
                        0.5244708061218262,
                        0.5555388331413269,
                        0.37859004735946655,
                        0.5636495351791382,
                        0.5391907691955566,
                        0.546281099319458
                    ],
                    [
                        0.484904944896698,
                        0.6260566115379333,
                        0.5940077900886536,
                        0.5995752811431885,
                        0.617584228515625,
                        0.6068676114082336,
                        0.6430686116218567,
                        0.5415941476821899,
                        0.5254054069519043,
                        0.5309208631515503,
                        0.48558229207992554,
                        0.4226778447628021,
                        0.524927020072937,
                        0.651325523853302,
                        0.6165981292724609,
                        0.5636775493621826,
                        0.6124778985977173,
                        0.6716885566711426,
                        0.628123939037323,
                        0.6091030836105347
                    ],
                    [
                        1.087016224861145,
                        1.0952800512313843,
                        1.1645090579986572,
                        1.3256462812423706,
                        1.3530439138412476,
                        1.3023042678833008,
                        1.4716315269470215,
                        1.5263830423355103,
                        1.4362496137619019,
                        1.4458459615707397,
                        1.5066200494766235,
                        1.4769970178604126,
                        1.5912225246429443,
                        1.6959413290023804,
                        1.6496275663375854,
                        1.6744495630264282,
                        1.747143268585205,
                        1.6851556301116943,
                        1.5603246688842773,
                        1.547909140586853
                    ],
                    [
                        -1.9477777481079102,
                        -1.9982683658599854,
                        -2.032942771911621,
                        -2.057175397872925,
                        -2.1272671222686768,
                        -2.1289455890655518,
                        -2.4263854026794434,
                        -2.4387667179107666,
                        -2.520103931427002,
                        -2.5708556175231934,
                        -2.4901275634765625,
                        -2.549543857574463,
                        -2.4395203590393066,
                        -2.5143508911132812,
                        -2.633530378341675,
                        -2.7039806842803955,
                        -2.8692407608032227,
                        -2.6721887588500977,
                        -2.6149301528930664,
                        -2.669674873352051
                    ]
                ]
            ],
            "states": [
                [
                    [
                        5457512.0,
                        9.714517545944545e-06,
                        0.0004527103737927973,
                        552968.1875
                    ],
                    [
                        4474320.0,
                        9.607780157239176e-06,
                        0.00029970589093863964,
                        640429.75
                    ],
                    [
                        3226144.0,
                        9.52661685005296e-06,
                        0.00026218051789328456,
                        614909.3125
                    ],
                    [
                        4174584.0,
                        9.44995554164052e-06,
                        0.0002925366861745715,
                        607098.5
                    ],
                    [
                        4522104.0,
                        9.361412594444118e-06,
                        0.00028024095809087157,
                        568885.75
                    ],
                    [
                        2825048.0,
                        8.919517313188408e-06,
                        0.0001758198341121897,
                        690901.5625
                    ],
                    [
                        5196872.0,
                        8.846717719279695e-06,
                        0.00013516498438548297,
                        601105.3125
                    ],
                    [
                        7633856.0,
                        8.732715286896564e-06,
                        0.0001646996388444677,
                        547900.5625
                    ],
                    [
                        47963.0,
                        0.2136354148387909,
                        0.00027816780493594706,
                        871190.125
                    ],
                    [
                        608160.0,
                        0.027683094143867493,
                        0.00026209698989987373,
                        1030414.6875
                    ],
                    [
                        537208.0,
                        0.007899114862084389,
                        0.0002851165772881359,
                        949322.9375
                    ],
                    [
                        671872.0,
                        0.004755145870149136,
                        0.000267517170868814,
                        888587.6875
                    ],
                    [
                        858664.0,
                        0.003167606657370925,
                        0.00027258697082288563,
                        909664.5625
                    ],
                    [
                        877488.0,
                        0.0022909550461918116,
                        0.00027191461413167417,
                        989545.25
                    ],
                    [
                        1255416.0,
                        0.0017173178493976593,
                        0.00027577357832342386,
                        1043241.4375
                    ],
                    [
                        1436416.0,
                        0.0013016851153224707,
                        0.00027702987426891923,
                        939221.25
                    ],
                    [
                        1715880.0,
                        0.0010147599969059229,
                        0.0002779100905172527,
                        989890.625
                    ],
                    [
                        1867920.0,
                        0.0008108949987217784,
                        0.00026160795823670924,
                        1001348.25
                    ],
                    [
                        2189376.0,
                        0.0006609969423152506,
                        0.0002753763983491808,
                        969961.0625
                    ],
                    [
                        2552824.0,
                        0.000543545582331717,
                        0.0002731475979089737,
                        970656.1875
                    ]
                ]
            ],
            "actions": [
                [
                    [
                        0.5
                    ],
                    [
                        0.5
                    ],
                    [
                        0.5
                    ],
                    [
                        0.5
                    ],
                    [
                        0.5
                    ],
                    [
                        0.5
                    ],
                    [
                        0.5
                    ],
                    [
                        0.5
                    ],
                    [
                        0.75
                    ],
                    [
                        0.75
                    ],
                    [
                        0.75
                    ],
                    [
                        0.75
                    ],
                    [
                        0.75
                    ],
                    [
                        0.75
                    ],
                    [
                        0.75
                    ],
                    [
                        0.75
                    ],
                    [
                        0.75
                    ],
                    [
                        0.75
                    ],
                    [
                        0.75
                    ],
                    [
                        0.75
                    ]
                ]
            ],
            "returns": [
                [
                    [
                        0.39574772119522095
                    ],
                    [
                        0.3948124051094055
                    ],
                    [
                        0.3938947021961212
                    ],
                    [
                        0.39300599694252014
                    ],
                    [
                        0.3920944333076477
                    ],
                    [
                        0.3911758065223694
                    ],
                    [
                        0.39029887318611145
                    ],
                    [
                        0.38936787843704224
                    ],
                    [
                        0.3884028196334839
                    ],
                    [
                        0.38788723945617676
                    ],
                    [
                        0.3871464729309082
                    ],
                    [
                        0.3864167034626007
                    ],
                    [
                        0.385667085647583
                    ],
                    [
                        0.3848957419395447
                    ],
                    [
                        0.38412246108055115
                    ],
                    [
                        0.3833174407482147
                    ],
                    [
                        0.38250046968460083
                    ],
                    [
                        0.38166773319244385
                    ],
                    [
                        0.38082748651504517
                    ],
                    [
                        0.3799731433391571
                    ]
                ]
            ],
            "timesteps": [
                [
                    200,
                    201,
                    202,
                    203,
                    204,
                    205,
                    206,
                    207,
                    208,
                    209,
                    210,
                    211,
                    212,
                    213,
                    214,
                    215,
                    216,
                    217,
                    218,
                    219
                ]
            ],
            "labels": [
                [
                    1,
                    1,
                    1,
                    1,
                    1,
                    1,
                    1,
                    1,
                    2,
                    2,
                    2,
                    2,
                    2,
                    2,
                    2,
                    2,
                    2,
                    2,
                    2,
                    2
                ]
            ],
            "CPU Usage": 46.4,
            "RAM Usage": 54.9,
            "GPU Usage": 0.0,
            "VRAM Usage": 355.0,
            "Disk Read Speed (MB/s)": 206580.7294921875,
            "Disk Write Speed (MB/s)": 401964.7275390625
        },
        {
            "step": 1,
            "train_loss": 0.014582663774490356,
            "actions_pred1": [
                [
                    [
                        0.470523476600647,
                        0.24417081475257874,
                        1.5176665782928467,
                        -1.7035610675811768
                    ],
                    [
                        0.3707279860973358,
                        0.18321557343006134,
                        1.5865254402160645,
                        -1.716249942779541
                    ],
                    [
                        0.5216848850250244,
                        0.2785295248031616,
                        1.5592974424362183,
                        -1.6202813386917114
                    ],
                    [
                        0.6348119974136353,
                        0.29362231492996216,
                        1.5828094482421875,
                        -1.7090297937393188
                    ],
                    [
                        0.7180972099304199,
                        0.3558521866798401,
                        1.5275012254714966,
                        -1.8978296518325806
                    ],
                    [
                        0.5381383895874023,
                        0.2640851140022278,
                        1.4904643297195435,
                        -1.870410442352295
                    ],
                    [
                        0.5473638772964478,
                        0.1822182536125183,
                        1.6078613996505737,
                        -1.858135461807251
                    ],
                    [
                        0.5594293475151062,
                        0.22955140471458435,
                        1.6660027503967285,
                        -1.9761054515838623
                    ],
                    [
                        0.7656213641166687,
                        0.29501059651374817,
                        1.7762846946716309,
                        -1.8992400169372559
                    ],
                    [
                        0.7506431937217712,
                        0.2308720052242279,
                        1.751905918121338,
                        -1.9440529346466064
                    ],
                    [
                        0.784085750579834,
                        0.3461907207965851,
                        1.7735217809677124,
                        -1.9349966049194336
                    ],
                    [
                        0.8203971982002258,
                        0.29704540967941284,
                        1.723709225654602,
                        -1.9470434188842773
                    ],
                    [
                        0.8036328554153442,
                        0.29894620180130005,
                        1.7518534660339355,
                        -1.9084255695343018
                    ],
                    [
                        0.8774975538253784,
                        0.37982848286628723,
                        1.9594783782958984,
                        -1.9052082300186157
                    ],
                    [
                        0.8793784379959106,
                        0.4218013286590576,
                        1.9568662643432617,
                        -1.8128920793533325
                    ],
                    [
                        0.937164306640625,
                        0.41104286909103394,
                        2.0979702472686768,
                        -1.826707124710083
                    ],
                    [
                        0.7539954781532288,
                        0.35324493050575256,
                        2.0460050106048584,
                        -2.049170970916748
                    ],
                    [
                        0.5796990990638733,
                        0.3837473690509796,
                        2.1152772903442383,
                        -2.025129795074463
                    ],
                    [
                        0.595720112323761,
                        0.3937498927116394,
                        1.9987781047821045,
                        -2.048203945159912
                    ],
                    [
                        0.5062798857688904,
                        0.5038882493972778,
                        2.0993564128875732,
                        -1.9895676374435425
                    ]
                ]
            ],
            "actions_pred": [
                [
                    [
                        0.470523476600647,
                        0.3707279860973358,
                        0.5216848850250244,
                        0.6348119974136353,
                        0.7180972099304199,
                        0.5381383895874023,
                        0.5473638772964478,
                        0.5594293475151062,
                        0.7656213641166687,
                        0.7506431937217712,
                        0.784085750579834,
                        0.8203971982002258,
                        0.8036328554153442,
                        0.8774975538253784,
                        0.8793784379959106,
                        0.937164306640625,
                        0.7539954781532288,
                        0.5796990990638733,
                        0.595720112323761,
                        0.5062798857688904
                    ],
                    [
                        0.24417081475257874,
                        0.18321557343006134,
                        0.2785295248031616,
                        0.29362231492996216,
                        0.3558521866798401,
                        0.2640851140022278,
                        0.1822182536125183,
                        0.22955140471458435,
                        0.29501059651374817,
                        0.2308720052242279,
                        0.3461907207965851,
                        0.29704540967941284,
                        0.29894620180130005,
                        0.37982848286628723,
                        0.4218013286590576,
                        0.41104286909103394,
                        0.35324493050575256,
                        0.3837473690509796,
                        0.3937498927116394,
                        0.5038882493972778
                    ],
                    [
                        1.5176665782928467,
                        1.5865254402160645,
                        1.5592974424362183,
                        1.5828094482421875,
                        1.5275012254714966,
                        1.4904643297195435,
                        1.6078613996505737,
                        1.6660027503967285,
                        1.7762846946716309,
                        1.751905918121338,
                        1.7735217809677124,
                        1.723709225654602,
                        1.7518534660339355,
                        1.9594783782958984,
                        1.9568662643432617,
                        2.0979702472686768,
                        2.0460050106048584,
                        2.1152772903442383,
                        1.9987781047821045,
                        2.0993564128875732
                    ],
                    [
                        -1.7035610675811768,
                        -1.716249942779541,
                        -1.6202813386917114,
                        -1.7090297937393188,
                        -1.8978296518325806,
                        -1.870410442352295,
                        -1.858135461807251,
                        -1.9761054515838623,
                        -1.8992400169372559,
                        -1.9440529346466064,
                        -1.9349966049194336,
                        -1.9470434188842773,
                        -1.9084255695343018,
                        -1.9052082300186157,
                        -1.8128920793533325,
                        -1.826707124710083,
                        -2.049170970916748,
                        -2.025129795074463,
                        -2.048203945159912,
                        -1.9895676374435425
                    ]
                ]
            ],
            "states": [
                [
                    [
                        9069003.0,
                        0.0034533278085291386,
                        0.0002651966060511768,
                        441188.5625
                    ],
                    [
                        11320464.0,
                        0.000310528528643772,
                        0.0002789112040773034,
                        436995.21875
                    ],
                    [
                        10438632.0,
                        0.00017193457460962236,
                        0.00025781430304050446,
                        493798.40625
                    ],
                    [
                        10012920.0,
                        0.00012196777242934331,
                        0.0002818313369061798,
                        466062.65625
                    ],
                    [
                        10120072.0,
                        9.498456347500905e-05,
                        0.00027022496215067804,
                        484496.1875
                    ],
                    [
                        9115160.0,
                        7.838496094336733e-05,
                        0.00027221045456826687,
                        480218.375
                    ],
                    [
                        8819768.0,
                        6.74370166962035e-05,
                        0.0002733847650233656,
                        463188.125
                    ],
                    [
                        9522048.0,
                        5.902954944758676e-05,
                        0.00026607781182974577,
                        571538.5
                    ],
                    [
                        9099232.0,
                        5.2383467846084386e-05,
                        0.00028466759249567986,
                        601120.625
                    ],
                    [
                        8877688.0,
                        4.72521896881517e-05,
                        0.0002693114511203021,
                        590414.6875
                    ],
                    [
                        7406288.0,
                        4.339466249803081e-05,
                        0.0002695369767025113,
                        529230.5625
                    ],
                    [
                        7668840.0,
                        4.0354032535105944e-05,
                        0.00026757299201563,
                        612860.8125
                    ],
                    [
                        7531048.0,
                        3.768979149754159e-05,
                        0.0002770914288703352,
                        740788.0625
                    ],
                    [
                        7394936.0,
                        3.539538010954857e-05,
                        0.0002540841815061867,
                        705727.25
                    ],
                    [
                        6951848.0,
                        3.34380820277147e-05,
                        0.0002650599053595215,
                        732259.125
                    ],
                    [
                        6330656.0,
                        3.180928251822479e-05,
                        0.00027801760006695986,
                        722867.4375
                    ],
                    [
                        5884672.0,
                        3.0445722586591728e-05,
                        0.0002704633225221187,
                        677627.4375
                    ],
                    [
                        5363392.0,
                        2.9289631129358895e-05,
                        0.0002756867033895105,
                        805457.5625
                    ],
                    [
                        5311264.0,
                        2.82715027424274e-05,
                        0.00025344316964037716,
                        860605.0
                    ],
                    [
                        5401040.0,
                        2.6375411835033447e-05,
                        0.000413205154472962,
                        833632.5625
                    ]
                ]
            ],
            "actions": [
                [
                    [
                        0.75
                    ],
                    [
                        0.75
                    ],
                    [
                        0.75
                    ],
                    [
                        0.75
                    ],
                    [
                        0.75
                    ],
                    [
                        0.75
                    ],
                    [
                        0.75
                    ],
                    [
                        0.75
                    ],
                    [
                        0.75
                    ],
                    [
                        0.75
                    ],
                    [
                        0.75
                    ],
                    [
                        0.75
                    ],
                    [
                        0.75
                    ],
                    [
                        0.75
                    ],
                    [
                        0.75
                    ],
                    [
                        0.75
                    ],
                    [
                        0.75
                    ],
                    [
                        0.75
                    ],
                    [
                        0.75
                    ],
                    [
                        0.75
                    ]
                ]
            ],
            "returns": [
                [
                    [
                        0.5809153318405151
                    ],
                    [
                        0.5799350142478943
                    ],
                    [
                        0.5789350271224976
                    ],
                    [
                        0.5779421925544739
                    ],
                    [
                        0.5769530534744263
                    ],
                    [
                        0.575963020324707
                    ],
                    [
                        0.574982225894928
                    ],
                    [
                        0.5740043520927429
                    ],
                    [
                        0.5730196833610535
                    ],
                    [
                        0.5720390677452087
                    ],
                    [
                        0.5710605978965759
                    ],
                    [
                        0.5700982213020325
                    ],
                    [
                        0.5691327452659607
                    ],
                    [
                        0.5681688785552979
                    ],
                    [
                        0.567206621170044
                    ],
                    [
                        0.5662498474121094
                    ],
                    [
                        0.5653014183044434
                    ],
                    [
                        0.5643594264984131
                    ],
                    [
                        0.563425600528717
                    ],
                    [
                        0.5624927282333374
                    ]
                ]
            ],
            "timesteps": [
                [
                    0,
                    1,
                    2,
                    3,
                    4,
                    5,
                    6,
                    7,
                    8,
                    9,
                    10,
                    11,
                    12,
                    13,
                    14,
                    15,
                    16,
                    17,
                    18,
                    19
                ]
            ],
            "labels": [
                [
                    2,
                    2,
                    2,
                    2,
                    2,
                    2,
                    2,
                    2,
                    2,
                    2,
                    2,
                    2,
                    2,
                    2,
                    2,
                    2,
                    2,
                    2,
                    2,
                    2
                ]
            ],
            "CPU Usage": 46.8,
            "RAM Usage": 55.0,
            "GPU Usage": 0.0,
            "VRAM Usage": 356.0,
            "Disk Read Speed (MB/s)": 206580.7294921875,
            "Disk Write Speed (MB/s)": 401964.8251953125
        },
        {
            "step": 2,
            "train_loss": 0.049190666526556015,
            "actions_pred1": [
                [
                    [
                        0.688957691192627,
                        0.3538110554218292,
                        1.7326878309249878,
                        -1.8737494945526123
                    ],
                    [
                        0.6627699136734009,
                        0.3355238139629364,
                        1.8154335021972656,
                        -1.899980068206787
                    ],
                    [
                        0.6180598735809326,
                        0.4904957115650177,
                        1.6929919719696045,
                        -2.0044631958007812
                    ],
                    [
                        0.45312368869781494,
                        0.5993618965148926,
                        1.7922377586364746,
                        -2.1472208499908447
                    ],
                    [
                        0.5665938258171082,
                        0.7551623582839966,
                        1.6995937824249268,
                        -2.071972370147705
                    ],
                    [
                        0.6767358779907227,
                        0.5666969418525696,
                        1.4475953578948975,
                        -2.0776073932647705
                    ],
                    [
                        0.71172034740448,
                        0.5757772922515869,
                        1.4161814451217651,
                        -2.088582754135132
                    ],
                    [
                        0.6797432899475098,
                        0.7970728874206543,
                        1.5304288864135742,
                        -2.0104918479919434
                    ],
                    [
                        0.7610125541687012,
                        0.706375241279602,
                        1.6395022869110107,
                        -2.050720453262329
                    ],
                    [
                        0.8417998552322388,
                        0.6500803232192993,
                        1.5753432512283325,
                        -2.16874098777771
                    ],
                    [
                        0.8133988976478577,
                        0.6527897119522095,
                        1.551005482673645,
                        -2.177617311477661
                    ],
                    [
                        0.8187389969825745,
                        0.7240821123123169,
                        1.5441925525665283,
                        -2.255309581756592
                    ],
                    [
                        0.7674243450164795,
                        0.8048067688941956,
                        1.678152084350586,
                        -2.3832406997680664
                    ],
                    [
                        1.0375937223434448,
                        0.8556540012359619,
                        1.703096628189087,
                        -2.401237964630127
                    ],
                    [
                        1.0335450172424316,
                        0.9088096022605896,
                        1.6484713554382324,
                        -2.3368828296661377
                    ],
                    [
                        1.0124348402023315,
                        0.7802960276603699,
                        1.672833800315857,
                        -2.415269613265991
                    ],
                    [
                        0.971356987953186,
                        0.6063797473907471,
                        1.7702943086624146,
                        -2.343717575073242
                    ],
                    [
                        0.9856027960777283,
                        0.5804785490036011,
                        1.6609385013580322,
                        -2.237903356552124
                    ],
                    [
                        0.9381558895111084,
                        0.697248637676239,
                        1.8355385065078735,
                        -2.3324525356292725
                    ],
                    [
                        1.0360991954803467,
                        0.6683225035667419,
                        1.879048228263855,
                        -2.2933990955352783
                    ]
                ]
            ],
            "actions_pred": [
                [
                    [
                        0.688957691192627,
                        0.6627699136734009,
                        0.6180598735809326,
                        0.45312368869781494,
                        0.5665938258171082,
                        0.6767358779907227,
                        0.71172034740448,
                        0.6797432899475098,
                        0.7610125541687012,
                        0.8417998552322388,
                        0.8133988976478577,
                        0.8187389969825745,
                        0.7674243450164795,
                        1.0375937223434448,
